   2.0608997e-02
   2.0542765e-02
   2.0476747e-02
   2.0410943e-02
   2.0345352e-02
   2.0279974e-02
   2.0214807e-02
   2.0149851e-02
   2.0085105e-02
   2.0020569e-02
   1.9956242e-02
   1.9892123e-02
   1.9828212e-02
   1.9764507e-02
   1.9701009e-02
   1.9637716e-02
   1.9574628e-02
   1.9511744e-02
   1.9449063e-02
   1.9386586e-02
   1.9324310e-02
   1.9262237e-02
   1.9200364e-02
   1.9138691e-02
   1.9077218e-02
   1.9015944e-02
   1.8954868e-02
   1.8893990e-02
   1.8833308e-02
   1.8772824e-02
   1.8712534e-02
   1.8652440e-02
   1.8592541e-02
   1.8532835e-02
   1.8473322e-02
   1.8414002e-02
   1.8354874e-02
   1.8295937e-02
   1.8237191e-02
   1.8178635e-02
   1.8120268e-02
   1.8062090e-02
   1.8004100e-02
   1.7946298e-02
   1.7888683e-02
   1.7831255e-02
   1.7774012e-02
   1.7716954e-02
   1.7660081e-02
   1.7603392e-02
   1.7546886e-02
   1.7490563e-02
   1.7434423e-02
   1.7378463e-02
   1.7322685e-02
   1.7267087e-02
   1.7211670e-02
   1.7156431e-02
   1.7101371e-02
   1.7046489e-02
   1.6991785e-02
   1.6937257e-02
   1.6882906e-02
   1.6828731e-02
   1.6774731e-02
   1.6720905e-02
   1.6667254e-02
   1.6613776e-02
   1.6560471e-02
   1.6507338e-02
   1.6454378e-02
   1.6401588e-02
   1.6348969e-02
   1.6296521e-02
   1.6244242e-02
   1.6192132e-02
   1.6140190e-02
   1.6088417e-02
   1.6036811e-02
   1.5985372e-02
   1.5934099e-02
   1.5882992e-02
   1.5832050e-02
   1.5781273e-02
   1.5730660e-02
   1.5680210e-02
   1.5629924e-02
   1.5579800e-02
   1.5529839e-02
   1.5480039e-02
   1.5430400e-02
   1.5380921e-02
   1.5331603e-02
   1.5282443e-02
   1.5233443e-02
   1.5184601e-02
   1.5135917e-02
   1.5087391e-02
   1.5039021e-02
   1.4990808e-02
   1.4942750e-02
   1.4894848e-02
   1.4847101e-02
   1.4799508e-02
   1.4752069e-02
   1.4704783e-02
   1.4657650e-02
   1.4610669e-02
   1.4563840e-02
   1.4517163e-02
   1.4470636e-02
   1.4424260e-02
   1.4378034e-02
   1.4331957e-02
   1.4286029e-02
   1.4240250e-02
   1.4194618e-02
   1.4149134e-02
   1.4103797e-02
   1.4058606e-02
   1.4013562e-02
   1.3968663e-02
   1.3923909e-02
   1.3879300e-02
   1.3834834e-02
   1.3790513e-02
   1.3746335e-02
   1.3702299e-02
   1.3658406e-02
   1.3614655e-02
   1.3571045e-02
   1.3527576e-02
   1.3484247e-02
   1.3441059e-02
   1.3398010e-02
   1.3355100e-02
   1.3312328e-02
   1.3269695e-02
   1.3227200e-02
   1.3184842e-02
   1.3142620e-02
   1.3100536e-02
   1.3058587e-02
   1.3016773e-02
   1.2975095e-02
   1.2933551e-02
   1.2892142e-02
   1.2850866e-02
   1.2809724e-02
   1.2768715e-02
   1.2727838e-02
   1.2687093e-02
   1.2646480e-02
   1.2605998e-02
   1.2565646e-02
   1.2525425e-02
   1.2485334e-02
   1.2445373e-02
   1.2405540e-02
   1.2365837e-02
   1.2326261e-02
   1.2286813e-02
   1.2247493e-02
   1.2208300e-02
   1.2169233e-02
   1.2130292e-02
   1.2091477e-02
   1.2052788e-02
   1.2014224e-02
   1.1975784e-02
   1.1937468e-02
   1.1899276e-02
   1.1861207e-02
   1.1823261e-02
   1.1785438e-02
   1.1747737e-02
   1.1710158e-02
   1.1672700e-02
   1.1635363e-02
   1.1598146e-02
   1.1561050e-02
   1.1524074e-02
   1.1487216e-02
   1.1450478e-02
   1.1413859e-02
   1.1377358e-02
   1.1340974e-02
   1.1304709e-02
   1.1268560e-02
   1.1232528e-02
   1.1196612e-02
   1.1160812e-02
   1.1125128e-02
   1.1089559e-02
   1.1054105e-02
   1.1018765e-02
   1.0983540e-02
   1.0948428e-02
   1.0913430e-02
   1.0878544e-02
   1.0843771e-02
   1.0809111e-02
   1.0774562e-02
   1.0740125e-02
   1.0705799e-02
   1.0671584e-02
   1.0637479e-02
   1.0603484e-02
   1.0569599e-02
   1.0535824e-02
   1.0502157e-02
   1.0468600e-02
   1.0435150e-02
   1.0401808e-02
   1.0368575e-02
   1.0335448e-02
   1.0302428e-02
   1.0269515e-02
   1.0236708e-02
   1.0204007e-02
   1.0171412e-02
   1.0138921e-02
   1.0106536e-02
   1.0074255e-02
   1.0042078e-02
   1.0010006e-02
   9.9780363e-03
   9.9461701e-03
   9.9144068e-03
   9.8827460e-03
   9.8511874e-03
   9.8197306e-03
   9.7883753e-03
   9.7571212e-03
   9.7259680e-03
   9.6949153e-03
   9.6639628e-03
   9.6331102e-03
   9.6023572e-03
   9.5717034e-03
   9.5411485e-03
   9.5106922e-03
   9.4803342e-03
   9.4500741e-03
   9.4199117e-03
   9.3898466e-03
   9.3598785e-03
   9.3300071e-03
   9.3002321e-03
   9.2705531e-03
   9.2409699e-03
   9.2114822e-03
   9.1820896e-03
   9.1527918e-03
   9.1235886e-03
   9.0944796e-03
   9.0654645e-03
   9.0365430e-03
   9.0077148e-03
   8.9789796e-03
   8.9503371e-03
   8.9217870e-03
   8.8933290e-03
   8.8649628e-03
   8.8366882e-03
   8.8085047e-03
   8.7804122e-03
   8.7524103e-03
   8.7244987e-03
   8.6966771e-03
   8.6689453e-03
   8.6413030e-03
   8.6137498e-03
   8.5862855e-03
   8.5589098e-03
   8.5316224e-03
   8.5044230e-03
   8.4773113e-03
   8.4502871e-03
   8.4233501e-03
   8.3964999e-03
   8.3697363e-03
   8.3430591e-03
   8.3164679e-03
   8.2899624e-03
   8.2635425e-03
   8.2372077e-03
   8.2109579e-03
   8.1847928e-03
   8.1587120e-03
   8.1327153e-03
   8.1068025e-03
   8.0809733e-03
   8.0552273e-03
   8.0295644e-03
   8.0039843e-03
   7.9784866e-03
   7.9530711e-03
   7.9277377e-03
   7.9024859e-03
   7.8773155e-03
   7.8522263e-03
   7.8272180e-03
   7.8022904e-03
   7.7774431e-03
   7.7526760e-03
   7.7279887e-03
   7.7033810e-03
   7.6788527e-03
   7.6544034e-03
   7.6300330e-03
   7.6057412e-03
   7.5815276e-03
   7.5573922e-03
   7.5333346e-03
   7.5093545e-03
   7.4854518e-03
   7.4616261e-03
   7.4378772e-03
   7.4142049e-03
   7.3906090e-03
   7.3670891e-03
   7.3436450e-03
   7.3202765e-03
   7.2969834e-03
   7.2737653e-03
   7.2506221e-03
   7.2275535e-03
   7.2045593e-03
   7.1816392e-03
   7.1587929e-03
   7.1360204e-03
   7.1133212e-03
   7.0906952e-03
   7.0681422e-03
   7.0456618e-03
   7.0232539e-03
   7.0009183e-03
   6.9786546e-03
   6.9564627e-03
   6.9343424e-03
   6.9122933e-03
   6.8903153e-03
   6.8684082e-03
   6.8465716e-03
   6.8248055e-03
   6.8031095e-03
   6.7814834e-03
   6.7599271e-03
   6.7384402e-03
   6.7170225e-03
   6.6956739e-03
   6.6743941e-03
   6.6531829e-03
   6.6320401e-03
   6.6109654e-03
   6.5899586e-03
   6.5690195e-03
   6.5481479e-03
   6.5273435e-03
   6.5066062e-03
   6.4859357e-03
   6.4653319e-03
   6.4447944e-03
   6.4243231e-03
   6.4039178e-03
   6.3835783e-03
   6.3633043e-03
   6.3430956e-03
   6.3229521e-03
   6.3028734e-03
   6.2828595e-03
   6.2629100e-03
   6.2430248e-03
   6.2232038e-03
   6.2034465e-03
   6.1837530e-03
   6.1641229e-03
   6.1445560e-03
   6.1250522e-03
   6.1056112e-03
   6.0862329e-03
   6.0669170e-03
   6.0476633e-03
   6.0284717e-03
   6.0093419e-03
   5.9902738e-03
   5.9712671e-03
   5.9523216e-03
   5.9334371e-03
   5.9146135e-03
   5.8958506e-03
   5.8771481e-03
   5.8585058e-03
   5.8399236e-03
   5.8214013e-03
   5.8029386e-03
   5.7845354e-03
   5.7661915e-03
   5.7479067e-03
   5.7296808e-03
   5.7115136e-03
   5.6934050e-03
   5.6753546e-03
   5.6573624e-03
   5.6394282e-03
   5.6215518e-03
   5.6037329e-03
   5.5859714e-03
   5.5682672e-03
   5.5506199e-03
   5.5330295e-03
   5.5154958e-03
   5.4980186e-03
   5.4805976e-03
   5.4632328e-03
   5.4459238e-03
   5.4286707e-03
   5.4114731e-03
   5.3943309e-03
   5.3772439e-03
   5.3602119e-03
   5.3432349e-03
   5.3263124e-03
   5.3094445e-03
   5.2926309e-03
   5.2758715e-03
   5.2591660e-03
   5.2425144e-03
   5.2259163e-03
   5.2093717e-03
   5.1928804e-03
   5.1764423e-03
   5.1600570e-03
   5.1437245e-03
   5.1274446e-03
   5.1112172e-03
   5.0950420e-03
   5.0789189e-03
   5.0628477e-03
   5.0468282e-03
   5.0308604e-03
   5.0149439e-03
   4.9990788e-03
   4.9832647e-03
   4.9675015e-03
   4.9517891e-03
   4.9361273e-03
   4.9205159e-03
   4.9049548e-03
   4.8894438e-03
   4.8739827e-03
   4.8585714e-03
   4.8432098e-03
   4.8278976e-03
   4.8126347e-03
   4.7974209e-03
   4.7822561e-03
   4.7671402e-03
   4.7520729e-03
   4.7370542e-03
   4.7220837e-03
   4.7071615e-03
   4.6922874e-03
   4.6774611e-03
   4.6626825e-03
   4.6479516e-03
   4.6332680e-03
   4.6186318e-03
   4.6040426e-03
   4.5895004e-03
   4.5750051e-03
   4.5605564e-03
   4.5461542e-03
   4.5317984e-03
   4.5174888e-03
   4.5032252e-03
   4.4890076e-03
   4.4748357e-03
   4.4607095e-03
   4.4466287e-03
   4.4325933e-03
   4.4186031e-03
   4.4046578e-03
   4.3907575e-03
   4.3769019e-03
   4.3630909e-03
   4.3493244e-03
   4.3356022e-03
   4.3219241e-03
   4.3082901e-03
   4.2947000e-03
   4.2811536e-03
   4.2676508e-03
   4.2541915e-03
   4.2407755e-03
   4.2274026e-03
   4.2140728e-03
   4.2007860e-03
   4.1875418e-03
   4.1743403e-03
   4.1611813e-03
   4.1480647e-03
   4.1349903e-03
   4.1219579e-03
   4.1089675e-03
   4.0960189e-03
   4.0831119e-03
   4.0702465e-03
   4.0574226e-03
   4.0446398e-03
   4.0318983e-03
   4.0191977e-03
   4.0065380e-03
   3.9939190e-03
   3.9813406e-03
   3.9688028e-03
   3.9563052e-03
   3.9438479e-03
   3.9314307e-03
   3.9190534e-03
   3.9067160e-03
   3.8944183e-03
   3.8821601e-03
   3.8699414e-03
   3.8577620e-03
   3.8456218e-03
   3.8335206e-03
   3.8214584e-03
   3.8094350e-03
   3.7974503e-03
   3.7855042e-03
   3.7735965e-03
   3.7617271e-03
   3.7498959e-03
   3.7381027e-03
   3.7263475e-03
   3.7146302e-03
   3.7029505e-03
   3.6913084e-03
   3.6797038e-03
   3.6681365e-03
   3.6566064e-03
   3.6451135e-03
   3.6336574e-03
   3.6222383e-03
   3.6108559e-03
   3.5995101e-03
   3.5882008e-03
   3.5769279e-03
   3.5656913e-03
   3.5544908e-03
   3.5433263e-03
   3.5321978e-03
   3.5211051e-03
   3.5100480e-03
   3.4990266e-03
   3.4880405e-03
   3.4770899e-03
   3.4661744e-03
   3.4552941e-03
   3.4444524e-03
   3.8639336e-03
   4.2632620e-03
   4.6434231e-03
   5.0055062e-03
   5.3505032e-03
   5.6793259e-03
   5.9928160e-03
   6.2917547e-03
   6.5768702e-03
   6.8488464e-03
   7.1083310e-03
   7.3559461e-03
   7.5922998e-03
   7.8179994e-03
   8.0336670e-03
   8.2399584e-03
   8.4375847e-03
   8.6273393e-03
   8.8101297e-03
   8.9870171e-03
   9.1592669e-03
   9.3284145e-03
   9.4963477e-03
   9.6654223e-03
   9.8385880e-03
   1.0019477e-02
   1.0212162e-02
   1.0416444e-02
   1.0626951e-02
   1.0789811e-02
   1.0630664e-02
   8.9602681e-03
   4.8181528e-03
   2.8604923e-03
   2.4366689e-03
   4.8722067e-03
   1.2201226e-02
   2.0396663e-02
   2.8521976e-02
   3.6471213e-02
   4.4240048e-02
   5.1846642e-02
   5.9314779e-02
   6.6668290e-02
   7.3928019e-02
   8.1111788e-02
   8.8233819e-02
   9.5305232e-02
   1.0233427e-01
   1.0932670e-01
   1.1994789e-01
   1.3099774e-01
   1.4246376e-01
   1.5432089e-01
   1.6655056e-01
   1.7913220e-01
   1.9204327e-01
   2.0525993e-01
   2.1875685e-01
   2.3250795e-01
   2.4648643e-01
   2.6066524e-01
   2.7501702e-01
   2.8951479e-01
   3.0413191e-01
   3.1884218e-01
   3.3362037e-01
   3.4844224e-01
   3.6328458e-01
   3.7812534e-01
   3.9294406e-01
   4.0772138e-01
   4.2243963e-01
   4.3708234e-01
   4.5163470e-01
   4.6608342e-01
   4.8041629e-01
   4.9462291e-01
   5.0869395e-01
   5.2262128e-01
   5.3639823e-01
   5.5001907e-01
   5.6347914e-01
   5.7677480e-01
   5.8990315e-01
   6.0286237e-01
   6.1565123e-01
   6.2826917e-01
   6.4071631e-01
   6.5299342e-01
   6.6510150e-01
   6.7704220e-01
   6.8881727e-01
   7.0042905e-01
   7.1188012e-01
   7.2317329e-01
   7.3431157e-01
   7.4529805e-01
   7.5613610e-01
   7.6682888e-01
   7.7737997e-01
   7.8779309e-01
   7.9807166e-01
   8.0821931e-01
   8.1823969e-01
   8.2813624e-01
   8.3791267e-01
   8.4757250e-01
   8.5711932e-01
   8.6655637e-01
   8.7588717e-01
   8.8511492e-01
   8.9424302e-01
   9.0327470e-01
   9.1221292e-01
   9.2106066e-01
   9.2982095e-01
   9.3849672e-01
   9.4709082e-01
   9.5560586e-01
   9.6404440e-01
   9.7240910e-01
   9.8070228e-01
   9.8892647e-01
   9.9708421e-01
   1.0051775e+00
   1.0132084e+00
   1.0211792e+00
   1.0290916e+00
   1.0369478e+00
   1.0447495e+00
   1.0524987e+00
   1.0601972e+00
   1.0678466e+00
   1.0754484e+00
   1.0830042e+00
   1.0905155e+00
   1.0979839e+00
   1.1054107e+00
   1.1127973e+00
   1.1201450e+00
   1.1274551e+00
   1.1347287e+00
   1.1419670e+00
   1.1491712e+00
   1.1563424e+00
   1.1634815e+00
   1.1705897e+00
   1.1776678e+00
   1.1847169e+00
   1.1917379e+00
   1.1987316e+00
   1.2056990e+00
   1.2126409e+00
   1.2195581e+00
   1.2264514e+00
   1.2333216e+00
   1.2401695e+00
   1.2469958e+00
   1.2538011e+00
   1.2605860e+00
   1.2673515e+00
   1.2740981e+00
   1.2808266e+00
   1.2875375e+00
   1.2942313e+00
   1.3009088e+00
   1.3075706e+00
   1.3142174e+00
   1.3208495e+00
   1.3274677e+00
   1.3340725e+00
   1.3406646e+00
   1.3472443e+00
   1.3538124e+00
   1.3603694e+00
   1.3669158e+00
   1.3734523e+00
   1.3799792e+00
   1.3864973e+00
   1.3930072e+00
   1.3995093e+00
   1.4060042e+00
   1.4124925e+00
   1.4189748e+00
   1.4254517e+00
   1.4319236e+00
   1.4383911e+00
   1.4448549e+00
   1.4513157e+00
   1.4577739e+00
   1.4642303e+00
   1.4706855e+00
   1.4771401e+00
   1.4835946e+00
   1.4900499e+00
   1.4965065e+00
   1.5029652e+00
   1.5094266e+00
   1.5158916e+00
   1.5223608e+00
   1.5288349e+00
   1.5353148e+00
   1.5418011e+00
   1.5482947e+00
   1.5547963e+00
   1.5613070e+00
   1.5678273e+00
   1.5743582e+00
   1.5809008e+00
   1.5874558e+00
   1.5940242e+00
   1.6006070e+00
   1.6072052e+00
   1.6138197e+00
   1.6204515e+00
   1.6271018e+00
   1.6337717e+00
   1.6404622e+00
   1.6471744e+00
   1.6539095e+00
   1.6606686e+00
   1.6674530e+00
   1.6742637e+00
   1.6811022e+00
   1.6879694e+00
   1.6948667e+00
   1.7017955e+00
   1.7087569e+00
   1.7157522e+00
   1.7227824e+00
   1.7298489e+00
   1.7369528e+00
   1.7440955e+00
   1.7512780e+00
   1.7585015e+00
   1.7657671e+00
   1.7730756e+00
   1.7804281e+00
   1.7878254e+00
   1.7952682e+00
   1.8027572e+00
   1.8102929e+00
   1.8178756e+00
   1.8255055e+00
   1.8331827e+00
   1.8409072e+00
   1.8486785e+00
   1.8564962e+00
   1.8643596e+00
   1.8722677e+00
   1.8802195e+00
   1.8882135e+00
   1.8962483e+00
   1.9043220e+00
   1.9124327e+00
   1.9205783e+00
   1.9287564e+00
   1.9369645e+00
   1.9452001e+00
   1.9534603e+00
   1.9617425e+00
   1.9700436e+00
   1.9783608e+00
   1.9866912e+00
   1.9950317e+00
   2.0033795e+00
   2.0117318e+00
   2.0200856e+00
   2.0284385e+00
   2.0367876e+00
   2.0451306e+00
   2.0534652e+00
   2.0617891e+00
   2.0701001e+00
   2.0783965e+00
   2.0866765e+00
   2.0949382e+00
   2.1031804e+00
   2.1114016e+00
   2.1196005e+00
   2.1277762e+00
   2.1359275e+00
   2.1440538e+00
   2.1521541e+00
   2.1602279e+00
   2.1682746e+00
   2.1762937e+00
   2.1842849e+00
   2.1922478e+00
   2.2001823e+00
   2.2080881e+00
   2.2159650e+00
   2.2238131e+00
   2.2316323e+00
   2.2394225e+00
   2.2471839e+00
   2.2549165e+00
   2.2626203e+00
   2.2702956e+00
   2.2779424e+00
   2.2855610e+00
   2.2931514e+00
   2.3007139e+00
   2.3082486e+00
   2.3157558e+00
   2.3232356e+00
   2.3306884e+00
   2.3381142e+00
   2.3455133e+00
   2.3528859e+00
   2.3602323e+00
   2.3675526e+00
   2.3748471e+00
   2.3821160e+00
   2.3893594e+00
   2.3965777e+00
   2.4037710e+00
   2.4109395e+00
   2.4180835e+00
   2.4252030e+00
   2.4322984e+00
   2.4393697e+00
   2.4464173e+00
   2.4534412e+00
   2.4604417e+00
   2.4674189e+00
   2.4743730e+00
   2.4813042e+00
   2.4882127e+00
   2.4950985e+00
   2.5019619e+00
   2.5088030e+00
   2.5156220e+00
   2.5224190e+00
   2.5291942e+00
   2.5359477e+00
   2.5426797e+00
   2.5493902e+00
   2.5560796e+00
   2.5627478e+00
   2.5693951e+00
   2.5760215e+00
   2.5826272e+00
   2.5892124e+00
   2.5957771e+00
   2.6023215e+00
   2.6088457e+00
   2.6153499e+00
   2.6218342e+00
   2.6282986e+00
   2.6347434e+00
   2.6411686e+00
   2.6475745e+00
   2.6539610e+00
   2.6603283e+00
   2.6666766e+00
   2.6730059e+00
   2.6793164e+00
   2.6856082e+00
   2.6918815e+00
   2.6981363e+00
   2.7043727e+00
   2.7105910e+00
   2.7167911e+00
   2.7229733e+00
   2.7291376e+00
   2.7352841e+00
   2.7414130e+00
   2.7475244e+00
   2.7536185e+00
   2.7596952e+00
   2.7657548e+00
   2.7717973e+00
   2.7778229e+00
   2.7838317e+00
   2.7898238e+00
   2.7957993e+00
   2.8017583e+00
   2.8077010e+00
   2.8136274e+00
   2.8195377e+00
   2.8254320e+00
   2.8313104e+00
   2.8371730e+00
   2.8430199e+00
   2.8488513e+00
   2.8546672e+00
   2.8604678e+00
   2.8662531e+00
   2.8720233e+00
   2.8777785e+00
   2.8835188e+00
   2.8892444e+00
   2.8949552e+00
   2.9006515e+00
   2.9063332e+00
   2.9120007e+00
   2.9176539e+00
   2.9232929e+00
   2.9289179e+00
   2.9345289e+00
   2.9401262e+00
   2.9457097e+00
   2.9512796e+00
   2.9568359e+00
   2.9623789e+00
   2.9679085e+00
   2.9734249e+00
   2.9789282e+00
   2.9844185e+00
   2.9898958e+00
   2.9953604e+00
   3.0008122e+00
   3.0062514e+00
   3.0116781e+00
   3.0170924e+00
   3.0224943e+00
   3.0278840e+00
   3.0332616e+00
   3.0386271e+00
   3.0439807e+00
   3.0493223e+00
   3.0546523e+00
   3.0599705e+00
   3.0652772e+00
   3.0705723e+00
   3.0758561e+00
   3.0811285e+00
   3.0863897e+00
   3.0916397e+00
   3.0968787e+00
   3.1021067e+00
   3.1073238e+00
   3.1125302e+00
   3.1177258e+00
   3.1229107e+00
   3.1280851e+00
   3.1332490e+00
   3.1384026e+00
   3.1435458e+00
   3.1486788e+00
   3.1538016e+00
   3.1589144e+00
   3.1640171e+00
   3.1691100e+00
   3.1741930e+00
   3.1792662e+00
   3.1843298e+00
   3.1893837e+00
   3.1944281e+00
   3.1994630e+00
   3.2044885e+00
   3.2095047e+00
   3.2145116e+00
   3.2195094e+00
   3.2244980e+00
   3.2294776e+00
   3.2344482e+00
   3.2394100e+00
   3.2443628e+00
   3.2493070e+00
   3.2542424e+00
   3.2591691e+00
   3.2640873e+00
   3.2689970e+00
   3.2738983e+00
   3.2787911e+00
   3.2836757e+00
   3.2885520e+00
   3.2934201e+00
   3.2982801e+00
   3.3031320e+00
   3.3079759e+00
   3.3128119e+00
   3.3176400e+00
   3.3224602e+00
   3.3272727e+00
   3.3320775e+00
   3.3368746e+00
   3.3416641e+00
   3.3464461e+00
   3.3512206e+00
   3.3559877e+00
   3.3607474e+00
   3.3654997e+00
   3.3702448e+00
   3.3749827e+00
   3.3797135e+00
   3.3844371e+00
   3.3891537e+00
   3.3938633e+00
   3.3985659e+00
   3.4032616e+00
   3.4079505e+00
   3.4126326e+00
   3.4173079e+00
   3.4219766e+00
   3.4266385e+00
   3.4312939e+00
   3.4359428e+00
   3.4405851e+00
   3.4452209e+00
   3.4498504e+00
   3.4544735e+00
   3.4590903e+00
   3.4637008e+00
   3.4683050e+00
   3.4729031e+00
   3.4774951e+00
   3.4820809e+00
   3.4866607e+00
   3.4912345e+00
   3.4958024e+00
   3.5003643e+00
   3.5049203e+00
   3.5094705e+00
   3.5140149e+00
   3.5185536e+00
   3.5230865e+00
   3.5276138e+00
   3.5321354e+00
   3.5366515e+00
   3.5411620e+00
   3.5456670e+00
   3.5501665e+00
   3.5546606e+00
   3.5591494e+00
   3.5636327e+00
   3.5681108e+00
   3.5725835e+00
   3.5770510e+00
   3.5815134e+00
   3.5859705e+00
   3.5904226e+00
   3.5948695e+00
   3.5993114e+00
   3.6037483e+00
   3.6081802e+00
   3.6126071e+00
   3.6170291e+00
   3.6214463e+00
   3.6258586e+00
   3.6302661e+00
   3.6346688e+00
   3.6390668e+00
   3.6434601e+00
   3.6478487e+00
   3.6522327e+00
   3.6566121e+00
   3.6609869e+00
   3.6653571e+00
   3.6697229e+00
   3.6740842e+00
   3.6784410e+00
   3.6827934e+00
   3.6871415e+00
   3.6914852e+00
   3.6958246e+00
   3.7001597e+00
   3.7044905e+00
   3.7088172e+00
   3.7131396e+00
   3.7174579e+00
   3.7217720e+00
   3.7260821e+00
   3.7303881e+00
   3.7346900e+00
   3.7389879e+00
   3.7432818e+00
   3.7475718e+00
   3.7518579e+00
   3.7561400e+00
   3.7604183e+00
   3.7646928e+00
   3.7689634e+00
   3.7732303e+00
   3.7774934e+00
   3.7817528e+00
   3.7860084e+00
   3.7902604e+00
   3.7945088e+00
   3.7987535e+00
   3.8029947e+00
   3.8072323e+00
   3.8114663e+00
   3.8156968e+00
   3.8199239e+00
   3.8241475e+00
   3.8283676e+00
   3.8325844e+00
   3.8367978e+00
   3.8410078e+00
   3.8452145e+00
   3.8494178e+00
   3.8536179e+00
   3.8578148e+00
   3.8620084e+00
   3.8661988e+00
   3.8703861e+00
   3.8745702e+00
   3.8787511e+00
   3.8829290e+00
   3.8871037e+00
   3.8912754e+00
   3.8954441e+00
   3.8996098e+00
   3.9037725e+00
   3.9079322e+00
   3.9120890e+00
   3.9162428e+00
   3.9203938e+00
   3.9245419e+00
   3.9286872e+00
   3.9328296e+00
   3.9369693e+00
   3.9411061e+00
   3.9452402e+00
   3.9493716e+00
   3.9535003e+00
   3.9576263e+00
   3.9617496e+00
   3.9658703e+00
   3.9699883e+00
   3.9741038e+00
   3.9782167e+00
   3.9823270e+00
   3.9864348e+00
   3.9905401e+00
   3.9946429e+00
   3.9987432e+00
   4.0028411e+00
   4.0069365e+00
   4.0110296e+00
   4.0151202e+00
   4.0192085e+00
   4.0232945e+00
   4.0273781e+00
   4.0314595e+00
   4.0355385e+00
   4.0396153e+00
   4.0436899e+00
   4.0477622e+00
   4.0518323e+00
   4.0559003e+00
   4.0599661e+00
   4.0640297e+00
   4.0680913e+00
   4.0721507e+00
   4.0762081e+00
   4.0802634e+00
   4.0843166e+00
   4.0883679e+00
   4.0924171e+00
   4.0964643e+00
   4.1005096e+00
   4.1045530e+00
   4.1085944e+00
   4.1126339e+00
   4.1166715e+00
   4.1207073e+00
   4.1247412e+00
   4.1287733e+00
   4.1328035e+00
   4.1368320e+00
   4.1408587e+00
   4.1448836e+00
   4.1489068e+00
   4.1529283e+00
   4.1569480e+00
   4.1609661e+00
   4.1649825e+00
   4.1689973e+00
   4.1730105e+00
   4.1770220e+00
   4.1810319e+00
   4.1850403e+00
   4.1890471e+00
   4.1930523e+00
   4.1970560e+00
   4.2010582e+00
   4.2050590e+00
   4.2090582e+00
   4.2130560e+00
   4.2170524e+00
   4.2210473e+00
   4.2250409e+00
   4.2290330e+00
   4.2330238e+00
   4.2370132e+00
   4.2410013e+00
   4.2449880e+00
   4.2489735e+00
   4.2529577e+00
   4.2569406e+00
   4.2609222e+00
   4.2649026e+00
   4.2688818e+00
   4.2728598e+00
   4.2768366e+00
   4.2808122e+00
   4.2847866e+00
   4.2887600e+00
   4.2927322e+00
   4.2967032e+00
   4.3006732e+00
   4.3046422e+00
   4.3086100e+00
   4.3125768e+00
   4.3165426e+00
   4.3205073e+00
   4.3244711e+00
   4.3284339e+00
   4.3323957e+00
   4.3363565e+00
   4.3403165e+00
   4.3442755e+00
   4.3482335e+00
   4.3521907e+00
   4.3561471e+00
   4.3601025e+00
   4.3640571e+00
   4.3680109e+00
   4.3719638e+00
   4.3759160e+00
   4.3798674e+00
   4.3838180e+00
   4.3877678e+00
   4.3917169e+00
   4.3956652e+00
   4.3996129e+00
   4.4035598e+00
   4.4075061e+00
   4.4114517e+00
   4.4153966e+00
   4.4193409e+00
   4.4232845e+00
   4.4272276e+00
   4.4311700e+00
   4.4351119e+00
   4.4390531e+00
   4.4429939e+00
   4.4469340e+00
   4.4508737e+00
   4.4548128e+00
   4.4587514e+00
   4.4626895e+00
   4.4666272e+00
   4.4705644e+00
   4.4745011e+00
   4.4784374e+00
   4.4823733e+00
   4.4863088e+00
   4.4902439e+00
   4.4941786e+00
   4.4981129e+00
   4.5020469e+00
   4.5059805e+00
   4.5099138e+00
   4.5138468e+00
   4.5177794e+00
   4.5217118e+00
   4.5256439e+00
   4.5295758e+00
   4.5335074e+00
   4.5374387e+00
   4.5413699e+00
   4.5453008e+00
   4.5492315e+00
   4.5531620e+00
   4.5570924e+00
   4.5610225e+00
   4.5649526e+00
   4.5688825e+00
   4.5728122e+00
   4.5767419e+00
   4.5806715e+00
   4.5846009e+00
   4.5885303e+00
   4.5924597e+00
   4.5963889e+00
   4.6003182e+00
   4.6042474e+00
   4.6081766e+00
   4.6121058e+00
   4.6160350e+00
   4.6199642e+00
   4.6238934e+00
   4.6278227e+00
   4.6317521e+00
   4.6356815e+00
   4.6396110e+00
   4.6435406e+00
   4.6474703e+00
   4.6514001e+00
   4.6553300e+00
   4.6592601e+00
   4.6631903e+00
   4.6671207e+00
   4.6710512e+00
   4.6749820e+00
   4.6789129e+00
   4.6828440e+00
   4.6867754e+00
   4.6907070e+00
   4.6946388e+00
   4.6985708e+00
   4.7025032e+00
   4.7064358e+00
   4.7103687e+00
   4.7143018e+00
   4.7182353e+00
   4.7221691e+00
   4.7261033e+00
   4.7300377e+00
   4.7339726e+00
   4.7379077e+00
   4.7418433e+00
   4.7457792e+00
   4.7497155e+00
   4.7536523e+00
   4.7575894e+00
   4.7615270e+00
   4.7654650e+00
   4.7694034e+00
   4.7733423e+00
   4.7772817e+00
   4.7812215e+00
   4.7851618e+00
   4.7891027e+00
   4.7930440e+00
   4.7969859e+00
   4.8009282e+00
   4.8048711e+00
   4.8088146e+00
   4.8127586e+00
   4.8167032e+00
   4.8206484e+00
   4.8245942e+00
   4.8285405e+00
   4.8324875e+00
   4.8364351e+00
   4.8403833e+00
   4.8443321e+00
   4.8482816e+00
   4.8522318e+00
   4.8561826e+00
   4.8601341e+00
   4.8640863e+00
   4.8680392e+00
   4.8719928e+00
   4.8759471e+00
   4.8799021e+00
   4.8838579e+00
   4.8878144e+00
   4.8917717e+00
   4.8957297e+00
   4.8996885e+00
   4.9036481e+00
   4.9076085e+00
   4.9115697e+00
   4.9155317e+00
   4.9194945e+00
   4.9234581e+00
   4.9274226e+00
   4.9313879e+00
   4.9353541e+00
   4.9393212e+00
   4.9432891e+00
   4.9472579e+00
   4.9512276e+00
   4.9551982e+00
   4.9591698e+00
   4.9631422e+00
   4.9671156e+00
   4.9710899e+00
   4.9750652e+00
   4.9790414e+00
   4.9830186e+00
   4.9869967e+00
   4.9909759e+00
   4.9949560e+00
   4.9989371e+00
   5.0029193e+00
   5.0069024e+00
   5.0108866e+00
   5.0148718e+00
   5.0188581e+00
   5.0228454e+00
   5.0268338e+00
   5.0308233e+00
   5.0348138e+00
   5.0388054e+00
   5.0427981e+00
   5.0467919e+00
   5.0507869e+00
   5.0547829e+00
   5.0587801e+00
   5.0627784e+00
   5.0667779e+00
   5.0707785e+00
   5.0747803e+00
   5.0787832e+00
   5.0827873e+00
   5.0867927e+00
   5.0907992e+00
   5.0948069e+00
   5.0988158e+00
   5.1028260e+00
   5.1068373e+00
   5.1108500e+00
   5.1148638e+00
   5.1188789e+00
   5.1228953e+00
   5.1269129e+00
   5.1309319e+00
   5.1349521e+00
   5.1389736e+00
   5.1429964e+00
   5.1470205e+00
   5.1510459e+00
   5.1550726e+00
   5.1591007e+00
   5.1631301e+00
   5.1671609e+00
   5.1711930e+00
   5.1752265e+00
   5.1792613e+00
   5.1832976e+00
   5.1873352e+00
   5.1913742e+00
   5.1954146e+00
   5.1994565e+00
   5.2034997e+00
   5.2075444e+00
   5.2115905e+00
   5.2156380e+00
   5.2196870e+00
   5.2237375e+00
   5.2277894e+00
   5.2318428e+00
   5.2358976e+00
   5.2399540e+00
   5.2440118e+00
   5.2480712e+00
   5.2521320e+00
   5.2561944e+00
   5.2602583e+00
   5.2643237e+00
   5.2683907e+00
   5.2724592e+00
   5.2765292e+00
   5.2806008e+00
   5.2846740e+00
   5.2887488e+00
   5.2928251e+00
   5.2969031e+00
   5.3009826e+00
   5.3050637e+00
   5.3091465e+00
   5.3132308e+00
   5.3173168e+00
   5.3214045e+00
   5.3254937e+00
   5.3295846e+00
   5.3336772e+00
   5.3377714e+00
   5.3418673e+00
   5.3459649e+00
   5.3500641e+00
   5.3541651e+00
   5.3582677e+00
   5.3623721e+00
   5.3664782e+00
   5.3705859e+00
   5.3746954e+00
   5.3788067e+00
   5.3829197e+00
   5.3870344e+00
   5.3911509e+00
   5.3952691e+00
   5.3993891e+00
   5.4035109e+00
   5.4076345e+00
   5.4117598e+00
   5.4158870e+00
   5.4200159e+00
   5.4241467e+00
   5.4282793e+00
   5.4324137e+00
   5.4365499e+00
   5.4406880e+00
   5.4448279e+00
   5.4489697e+00
   5.4531133e+00
   5.4572588e+00
   5.4614062e+00
   5.4655554e+00
   5.4697066e+00
   5.4738596e+00
   5.4780145e+00
   5.4821714e+00
   5.4863301e+00
   5.4904908e+00
   5.4946534e+00
   5.4988179e+00
   5.5029844e+00
   5.5071528e+00
   5.5113231e+00
   5.5154955e+00
   5.5196698e+00
   5.5238461e+00
   5.5280243e+00
   5.5322046e+00
   5.5363868e+00
   5.5405710e+00
   5.5447573e+00
   5.5489455e+00
   5.5531358e+00
   5.5573281e+00
   5.5615225e+00
   5.5657189e+00
   5.5699173e+00
   5.5741178e+00
   5.5783204e+00
   5.5825250e+00
   5.5867317e+00
   5.5909405e+00
   5.5951514e+00
   5.5993644e+00
   5.6035794e+00
   5.6077966e+00
   5.6120159e+00
   5.6162374e+00
   5.6204609e+00
   5.6246866e+00
   5.6289144e+00
   5.6331444e+00
   5.6373766e+00
   5.6416109e+00
   5.6458473e+00
   5.6500860e+00
   5.6543268e+00
   5.6585699e+00
   5.6628151e+00
   5.6670625e+00
   5.6713121e+00
   5.6755640e+00
   5.6798181e+00
   5.6840744e+00
   5.6883329e+00
   5.6925937e+00
   5.6968568e+00
   5.7011221e+00
   5.7053896e+00
   5.7096594e+00
   5.7139316e+00
   5.7182060e+00
   5.7224826e+00
   5.7267616e+00
   5.7310429e+00
   5.7353265e+00
   5.7396124e+00
   5.7439007e+00
   5.7481912e+00
   5.7524841e+00
   5.7567794e+00
   5.7610770e+00
   5.7653770e+00
   5.7696793e+00
   5.7739840e+00
   5.7782911e+00
   5.7826006e+00
   5.7869124e+00
   5.7912267e+00
   5.7955434e+00
   5.7998624e+00
   5.8041839e+00
   5.8085079e+00
   5.8128342e+00
   5.8171630e+00
   5.8214943e+00
   5.8258280e+00
   5.8301642e+00
   5.8345028e+00
   5.8388439e+00
   5.8431875e+00
   5.8475336e+00
   5.8518821e+00
   5.8562332e+00
   5.8605868e+00
   5.8649429e+00
   5.8693015e+00
   5.8736627e+00
   5.8780264e+00
   5.8823926e+00
   5.8867614e+00
   5.8911327e+00
   5.8955066e+00
   5.8998831e+00
   5.9042622e+00
   5.9086438e+00
   5.9130281e+00
   5.9174149e+00
   5.9218044e+00
   5.9261964e+00
   5.9305911e+00
   5.9349884e+00
   5.9393884e+00
   5.9437910e+00
   5.9481962e+00
   5.9526041e+00
   5.9570147e+00
   5.9614279e+00
   5.9658438e+00
   5.9702624e+00
   5.9746837e+00
   5.9791077e+00
   5.9835344e+00
   5.9879638e+00
   5.9923959e+00
   5.9968308e+00
   6.0012684e+00
   6.0057087e+00
   6.0101518e+00
   6.0145977e+00
   6.0190463e+00
   6.0234977e+00
   6.0279519e+00
   6.0324089e+00
   6.0368686e+00
   6.0413312e+00
   6.0457966e+00
   6.0502647e+00
   6.0547358e+00
   6.0592096e+00
   6.0636863e+00
   6.0681658e+00
   6.0726482e+00
   6.0771335e+00
   6.0816216e+00
   6.0861126e+00
   6.0906065e+00
   6.0951033e+00
   6.0996030e+00
   6.1041056e+00
   6.1086111e+00
   6.1131195e+00
   6.1176309e+00
   6.1221452e+00
   6.1266625e+00
   6.1311827e+00
   6.1357058e+00
   6.1402320e+00
   6.1447611e+00
   6.1492932e+00
   6.1538283e+00
   6.1583664e+00
   6.1629076e+00
   6.1674517e+00
   6.1719989e+00
   6.1765491e+00
   6.1811023e+00
   6.1856586e+00
   6.1902180e+00
   6.1947804e+00
   6.1993459e+00
   6.2039145e+00
   6.2084861e+00
   6.2130609e+00
   6.2176388e+00
   6.2222198e+00
   6.2268039e+00
   6.2313911e+00
   6.2359815e+00
   6.2405751e+00
   6.2451717e+00
   6.2497716e+00
   6.2543746e+00
   6.2589809e+00
   6.2635903e+00
   6.2682029e+00
   6.2728187e+00
   6.2774377e+00
   6.2820600e+00
   6.2866855e+00
   6.2913142e+00
   6.2959462e+00
   6.3005815e+00
   6.3052200e+00
   6.3098618e+00
   6.3145069e+00
   6.3191552e+00
   6.3238069e+00
   6.3284619e+00
   6.3331202e+00
   6.3377819e+00
   6.3424469e+00
   6.3471152e+00
   6.3517869e+00
   6.3564619e+00
   6.3611404e+00
   6.3658222e+00
   6.3705074e+00
   6.3751960e+00
   6.3798880e+00
   6.3845835e+00
   6.3892824e+00
   6.3939847e+00
   6.3986904e+00
   6.4033997e+00
   6.4081124e+00
   6.4128285e+00
   6.4175482e+00
   6.4222713e+00
   6.4269980e+00
   6.4317282e+00
   6.4364618e+00
   6.4411991e+00
   6.4459398e+00
   6.4506842e+00
   6.4554321e+00
   6.4601835e+00
   6.4649386e+00
   6.4696972e+00
   6.4744594e+00
   6.4792253e+00
   6.4839948e+00
   6.4887679e+00
   6.4935446e+00
   6.4983250e+00
   6.5031091e+00
   6.5078968e+00
   6.5126882e+00
   6.5174833e+00
   6.5222821e+00
   6.5270847e+00
   6.5318909e+00
   6.5367009e+00
   6.5415146e+00
   6.5463321e+00
   6.5511533e+00
   6.5559783e+00
   6.5608071e+00
   6.5656397e+00
   6.5704761e+00
   6.5753164e+00
   6.5801604e+00
   6.5850083e+00
   6.5898600e+00
   6.5947156e+00
   6.5995751e+00
   6.6044385e+00
   6.6093057e+00
   6.6141768e+00
   6.6190519e+00
   6.6239309e+00
   6.6288138e+00
   6.6337007e+00
   6.6385915e+00
   6.6434863e+00
   6.6483851e+00
   6.6532879e+00
   6.6581947e+00
   6.6631054e+00
   6.6680203e+00
   6.6729391e+00
   6.6778620e+00
   6.6827890e+00
   6.6877201e+00
   6.6926552e+00
   6.6975944e+00
   6.7025377e+00
   6.7074852e+00
   6.7124368e+00
   6.7173925e+00
   6.7223524e+00
   6.7273164e+00
   6.7322846e+00
   6.7372571e+00
   6.7422337e+00
   6.7472145e+00
   6.7521996e+00
   6.7571889e+00
   6.7621825e+00
   6.7671803e+00
   6.7721824e+00
   6.7771888e+00
   6.7821995e+00
   6.7872145e+00
   6.7922338e+00
   6.7972575e+00
   6.8022855e+00
   6.8073179e+00
   6.8123546e+00
   6.8173958e+00
   6.8224413e+00
   6.8274913e+00
   6.8325457e+00
   6.8376046e+00
   6.8426679e+00
   6.8477356e+00
   6.8528079e+00
   6.8578846e+00
   6.8629659e+00
   6.8680517e+00
   6.8731420e+00
   6.8782368e+00
   6.8833363e+00
   6.8884403e+00
   6.8935488e+00
   6.8986620e+00
   6.9037798e+00
   6.9089023e+00
   6.9140294e+00
   6.9191611e+00
   6.9242975e+00
   6.9294386e+00
   6.9345844e+00
   6.9397349e+00
   6.9448901e+00
   6.9500501e+00
   6.9552148e+00
   6.9603843e+00
   6.9655586e+00
   6.9707377e+00
   6.9759216e+00
   6.9811104e+00
   6.9863039e+00
   6.9915024e+00
   6.9967057e+00
   7.0019139e+00
   7.0071269e+00
   7.0123450e+00
   7.0175679e+00
   7.0227958e+00
   7.0280286e+00
   7.0332665e+00
   7.0385093e+00
   7.0437571e+00
   7.0490100e+00
   7.0542679e+00
   7.0595308e+00
   7.0647988e+00
   7.0700719e+00
   7.0753501e+00
   7.0806334e+00
   7.0859219e+00
   7.0912154e+00
   7.0965142e+00
   7.1018181e+00
   7.1071273e+00
   7.1124416e+00
   7.1177612e+00
   7.1230860e+00
   7.1284160e+00
   7.1337514e+00
   7.1390920e+00
   7.1444380e+00
   7.1497892e+00
   7.1551458e+00
   7.1605078e+00
   7.1658752e+00
   7.1712479e+00
   7.1766260e+00
   7.1820096e+00
   7.1873986e+00
   7.1927931e+00
   7.1981930e+00
   7.2035985e+00
   7.2090094e+00
   7.2144259e+00
   7.2198479e+00
   7.2252755e+00
   7.2307087e+00
   7.2361474e+00
   7.2415918e+00
   7.2470418e+00
   7.2524975e+00
   7.2579588e+00
   7.2634258e+00
   7.2688985e+00
   7.2743769e+00
   7.2798611e+00
   7.2853510e+00
   7.2908467e+00
   7.2963483e+00
   7.3018556e+00
   7.3073687e+00
   7.3128877e+00
   7.3184126e+00
   7.3239433e+00
   7.3294800e+00
   7.3350225e+00
   7.3405711e+00
   7.3461255e+00
   7.3516860e+00
   7.3572524e+00
   7.3628249e+00
   7.3684034e+00
   7.3739880e+00
   7.3795786e+00
   7.3851754e+00
   7.3907782e+00
   7.3963872e+00
   7.4020024e+00
   7.4076237e+00
   7.4132512e+00
   7.4188849e+00
   7.4245248e+00
   7.4301711e+00
   7.4358235e+00
   7.4414823e+00
   7.4471474e+00
   7.4528188e+00
   7.4584965e+00
   7.4641807e+00
   7.4698712e+00
   7.4755681e+00
   7.4812715e+00
   7.4869813e+00
   7.4926976e+00
   7.4984204e+00
   7.5041498e+00
   7.5098856e+00
   7.5156280e+00
   7.5213770e+00
   7.5271326e+00
   7.5328948e+00
   7.5386637e+00
   7.5444392e+00
   7.5502214e+00
   7.5560103e+00
   7.5618060e+00
   7.5676084e+00
   7.5734175e+00
   7.5792335e+00
   7.5850563e+00
   7.5908859e+00
   7.5967223e+00
   7.6025657e+00
   7.6084159e+00
   7.6142731e+00
   7.6201372e+00
   7.6260083e+00
   7.6318864e+00
   7.6377715e+00
   7.6436636e+00
   7.6495628e+00
   7.6554691e+00
   7.6613825e+00
   7.6673030e+00
   7.6732306e+00
   7.6791655e+00
   7.6851075e+00
   7.6910567e+00
   7.6970132e+00
   7.7029770e+00
   7.7089480e+00
   7.7149264e+00
   7.7209120e+00
   7.7269051e+00
   7.7329055e+00
   7.7389133e+00
   7.7449286e+00
   7.7509513e+00
   7.7569815e+00
   7.7630192e+00
   7.7690644e+00
   7.7751171e+00
   7.7811775e+00
   7.7872454e+00
   7.7933209e+00
   7.7994041e+00
   7.8054950e+00
   7.8115935e+00
   7.8176998e+00
   7.8238138e+00
   7.8299356e+00
   7.8360651e+00
   7.8422025e+00
   7.8483477e+00
   7.8545008e+00
   7.8606618e+00
   7.8668307e+00
   7.8730075e+00
   7.8791923e+00
   7.8853851e+00
   7.8915859e+00
   7.8977947e+00
   7.9040116e+00
   7.9102366e+00
   7.9164697e+00
   7.9227110e+00
   7.9289604e+00
   7.9352180e+00
   7.9414838e+00
   7.9477579e+00
   7.9540402e+00
   7.9603308e+00
   7.9666298e+00
   7.9729370e+00
   7.9792527e+00
   7.9855768e+00
   7.9919093e+00
   7.9982502e+00
   8.0045996e+00
   8.0109575e+00
   8.0173239e+00
   8.0236989e+00
   8.0300825e+00
   8.0364747e+00
   8.0428755e+00
   8.0492850e+00
   8.0557031e+00
   8.0621300e+00
   8.0685656e+00
   8.0750100e+00
   8.0814631e+00
   8.0879251e+00
   8.0943959e+00
   8.1008756e+00
   8.1073642e+00
   8.1138617e+00
   8.1203682e+00
   8.1268837e+00
   8.1334081e+00
   8.1399416e+00
   8.1464841e+00
   8.1530358e+00
   8.1595965e+00
   8.1661664e+00
   8.1727455e+00
   8.1793337e+00
   8.1859312e+00
   8.1925379e+00
   8.1991539e+00
   8.2057792e+00
   8.2124138e+00
   8.2190578e+00
   8.2257111e+00
   8.2323739e+00
   8.2390461e+00
   8.2457278e+00
   8.2524189e+00
   8.2591196e+00
   8.2658299e+00
   8.2725497e+00
   8.2792791e+00
   8.2860181e+00
   8.2927668e+00
   8.2995252e+00
   8.3062933e+00
   8.3130711e+00
   8.3198587e+00
   8.3266560e+00
   8.3334632e+00
   8.3402803e+00
   8.3471072e+00
   8.3539440e+00
   8.3607908e+00
   8.3676475e+00
   8.3745141e+00
   8.3813908e+00
   8.3882776e+00
   8.3951743e+00
   8.4020812e+00
   8.4089982e+00
   8.4159254e+00
   8.4228627e+00
   8.4298102e+00
   8.4367679e+00
   8.4437359e+00
   8.4507142e+00
   8.4577027e+00
   8.4647016e+00
   8.4717109e+00
   8.4787305e+00
   8.4857606e+00
   8.4928011e+00
   8.4998520e+00
   8.5069135e+00
   8.5139855e+00
   8.5210680e+00
   8.5281611e+00
   8.5352647e+00
   8.5423790e+00
   8.5495040e+00
   8.5566396e+00
   8.5637859e+00
   8.5709430e+00
   8.5781108e+00
   8.5852894e+00
   8.5924787e+00
   8.5996789e+00
   8.6068900e+00
   8.6141119e+00
   8.6213448e+00
   8.6285886e+00
   8.6358433e+00
   8.6431090e+00
   8.6503857e+00
   8.6576734e+00
   8.6649722e+00
   8.6722821e+00
   8.6796031e+00
   8.6869352e+00
   8.6942784e+00
   8.7016328e+00
   8.7089984e+00
   8.7163753e+00
   8.7237633e+00
   8.7311627e+00
   8.7385733e+00
   8.7459953e+00
   8.7534286e+00
   8.7608732e+00
   8.7683292e+00
   8.7757967e+00
   8.7832755e+00
   8.7907658e+00
   8.7982676e+00
   8.8057809e+00
   8.8133056e+00
   8.8208420e+00
   8.8283898e+00
   8.8359493e+00
   8.8435203e+00
   8.8511030e+00
   8.8586973e+00
   8.8663033e+00
   8.8739209e+00
   8.8815503e+00
   8.8891913e+00
   8.8968441e+00
   8.9045087e+00
   8.9121850e+00
   8.9198731e+00
   8.9275730e+00
   8.9352848e+00
   8.9430084e+00
   8.9507439e+00
   8.9584912e+00
   8.9662505e+00
   8.9740217e+00
   8.9818048e+00
   8.9895998e+00
   8.9974068e+00
   9.0052258e+00
   9.0130568e+00
   9.0208998e+00
   9.0287549e+00
   9.0366219e+00
   9.0445011e+00
   9.0523922e+00
   9.0602955e+00
   9.0682109e+00
   9.0761384e+00
   9.0840779e+00
   9.0920297e+00
   9.0999935e+00
   9.1079696e+00
   9.1159577e+00
   9.1239581e+00
   9.1319707e+00
   9.1399954e+00
   9.1480324e+00
   9.1560815e+00
   9.1641429e+00
   9.1722165e+00
   9.1803024e+00
   9.1884005e+00
   9.1965109e+00
   9.2046335e+00
   9.2127684e+00
   9.2209156e+00
   9.2290750e+00
   9.2372468e+00
   9.2454308e+00
   9.2536271e+00
   9.2618357e+00
   9.2700566e+00
   9.2782898e+00
   9.2865354e+00
   9.2947932e+00
   9.3030633e+00
   9.3113458e+00
   9.3196405e+00
   9.3279476e+00
   9.3362670e+00
   9.3445986e+00
   9.3529426e+00
   9.3612989e+00
   9.3696675e+00
   9.3780484e+00
   9.3864416e+00
   9.3948470e+00
   9.4032648e+00
   9.4116948e+00
   9.4201371e+00
   9.4285916e+00
   9.4370585e+00
   9.4455375e+00
   9.4540288e+00
   9.4625324e+00
   9.4710481e+00
   9.4795761e+00
   9.4881163e+00
   9.4966687e+00
   9.5052332e+00
   9.5138099e+00
   9.5223988e+00
   9.5309998e+00
   9.5396129e+00
   9.5482381e+00
   9.5568754e+00
   9.5655248e+00
   9.5741863e+00
   9.5828598e+00
   9.5915453e+00
   9.6002428e+00
   9.6089523e+00
   9.6176737e+00
   9.6264071e+00
   9.6351524e+00
   9.6439096e+00
   9.6526787e+00
   9.6614596e+00
   9.6702523e+00
   9.6790568e+00
   9.6878731e+00
   9.6967011e+00
   9.7055409e+00
   9.7143923e+00
   9.7232554e+00
   9.7321301e+00
   9.7410164e+00
   9.7499142e+00
   9.7588236e+00
   9.7677445e+00
   9.7766768e+00
   9.7856206e+00
   9.7945757e+00
   9.8035422e+00
   9.8125200e+00
   9.8215091e+00
   9.8305094e+00
   9.8395209e+00
   9.8485436e+00
   9.8575774e+00
   9.8666223e+00
   9.8756782e+00
   9.8847451e+00
   9.8938229e+00
   9.9029116e+00
   9.9120112e+00
   9.9211215e+00
   9.9302427e+00
   9.9393745e+00
   9.9485170e+00
   9.9576701e+00
   9.9668337e+00
   9.9760079e+00
   9.9851925e+00
   9.9943874e+00
   1.0003593e+01
   1.0012808e+01
   1.0022034e+01
   1.0031270e+01
   1.0040516e+01
   1.0049773e+01
   1.0059039e+01
   1.0068315e+01
   1.0077601e+01
   1.0086897e+01
   1.0096202e+01
   1.0105517e+01
   1.0114842e+01
   1.0124177e+01
   1.0133520e+01
   1.0142874e+01
   1.0152236e+01
   1.0161608e+01
   1.0170989e+01
   1.0180380e+01
   1.0189779e+01
   1.0199187e+01
   1.0208605e+01
   1.0218031e+01
   1.0227466e+01
   1.0236909e+01
   1.0246361e+01
   1.0255822e+01
   1.0265292e+01
   1.0274769e+01
   1.0284255e+01
   1.0293749e+01
   1.0303252e+01
   1.0312762e+01
   1.0322281e+01
   1.0331807e+01
   1.0341341e+01
   1.0350883e+01
   1.0360433e+01
   1.0369990e+01
   1.0379554e+01
   1.0389126e+01
   1.0398706e+01
   1.0408292e+01
   1.0417886e+01
   1.0427487e+01
   1.0437095e+01
   1.0446709e+01
   1.0456330e+01
   1.0465959e+01
   1.0475593e+01
   1.0485234e+01
   1.0494882e+01
   1.0504536e+01
   1.0514196e+01
   1.0523862e+01
   1.0533534e+01
   1.0543213e+01
   1.0552897e+01
   1.0562586e+01
   1.0572282e+01
   1.0581983e+01
   1.0591689e+01
   1.0601401e+01
   1.0611118e+01
   1.0620840e+01
   1.0630568e+01
   1.0640300e+01
   1.0650037e+01
   1.0659779e+01
   1.0669525e+01
   1.0679276e+01
   1.0689032e+01
   1.0698792e+01
   1.0708556e+01
   1.0718324e+01
   1.0728096e+01
   1.0737872e+01
   1.0747652e+01
   1.0757436e+01
   1.0767224e+01
   1.0777015e+01
   1.0786809e+01
   1.0796607e+01
   1.0806408e+01
   1.0816212e+01
   1.0826019e+01
   1.0835829e+01
   1.0845642e+01
   1.0855457e+01
   1.0865275e+01
   1.0875096e+01
   1.0884919e+01
   1.0894744e+01
   1.0904572e+01
   1.0914401e+01
   1.0924233e+01
   1.0934066e+01
   1.0943902e+01
   1.0953738e+01
   1.0963577e+01
   1.0973417e+01
   1.0983258e+01
   1.0993100e+01
   1.1002944e+01
   1.1012789e+01
   1.1022634e+01
   1.1032481e+01
   1.1042328e+01
   1.1052176e+01
   1.1062024e+01
   1.1071873e+01
   1.1081722e+01
   1.1091571e+01
   1.1101421e+01
   1.1111270e+01
   1.1121119e+01
   1.1130969e+01
   1.1140817e+01
   1.1150666e+01
   1.1160514e+01
   1.1170361e+01
   1.1180208e+01
   1.1190054e+01
   1.1199899e+01
   1.1209743e+01
   1.1219586e+01
   1.1229427e+01
   1.1239268e+01
   1.1249107e+01
   1.1258944e+01
   1.1268780e+01
   1.1278614e+01
   1.1288447e+01
   1.1298277e+01
   1.1308105e+01
   1.1317932e+01
   1.1327756e+01
   1.1337578e+01
   1.1347397e+01
   1.1357214e+01
   1.1367028e+01
   1.1376840e+01
   1.1386648e+01
   1.1396454e+01
   1.1406257e+01
   1.1416057e+01
   1.1425853e+01
   1.1435646e+01
   1.1445436e+01
   1.1455222e+01
   1.1465004e+01
   1.1474783e+01
   1.1484558e+01
   1.1494329e+01
   1.1504096e+01
   1.1513858e+01
   1.1523617e+01
   1.1533371e+01
   1.1543120e+01
   1.1552865e+01
   1.1562605e+01
   1.1572341e+01
   1.1582071e+01
   1.1591796e+01
   1.1601517e+01
   1.1611231e+01
   1.1620941e+01
   1.1630645e+01
   1.1640343e+01
   1.1650036e+01
   1.1659722e+01
   1.1669403e+01
   1.1679078e+01
   1.1688746e+01
   1.1698408e+01
   1.1708063e+01
   1.1717712e+01
   1.1727354e+01
   1.1736989e+01
   1.1746617e+01
   1.1756238e+01
   1.1765851e+01
   1.1775458e+01
   1.1785056e+01
   1.1794647e+01
   1.1804230e+01
   1.1813805e+01
   1.1823371e+01
   1.1832930e+01
   1.1842479e+01
   1.1852021e+01
   1.1861553e+01
   1.1871076e+01
   1.1880591e+01
   1.1890095e+01
   1.1899591e+01
   1.1909077e+01
   1.1918553e+01
   1.1928019e+01
   1.1937474e+01
   1.1946920e+01
   1.1956354e+01
   1.1965778e+01
   1.1975192e+01
   1.1984594e+01
   1.1993984e+01
   1.2003363e+01
   1.2012730e+01
   1.2022086e+01
   1.2031429e+01
   1.2040759e+01
   1.2050078e+01
   1.2059383e+01
   1.2068675e+01
   1.2077954e+01
   1.2087219e+01
   1.2096470e+01
   1.2105708e+01
   1.2114931e+01
   1.2124140e+01
   1.2133334e+01
   1.2142512e+01
   1.2151676e+01
   1.2160824e+01
   1.2169956e+01
   1.2179072e+01
   1.2188171e+01
   1.2197254e+01
   1.2206320e+01
   1.2215368e+01
   1.2224399e+01
   1.2233413e+01
   1.2242407e+01
   1.2251384e+01
   1.2260341e+01
   1.2269280e+01
   1.2278199e+01
   1.2287098e+01
   1.2295977e+01
   1.2304836e+01
   1.2313674e+01
   1.2322490e+01
   1.2331286e+01
   1.2340059e+01
   1.2348810e+01
   1.2357538e+01
   1.2366244e+01
   1.2374926e+01
   1.2383585e+01
   1.2392219e+01
   1.2400829e+01
   1.2409414e+01
   1.2417973e+01
   1.2426507e+01
   1.2435015e+01
   1.2443496e+01
   1.2451951e+01
   1.2460378e+01
   1.2468777e+01
   1.2477148e+01
   1.2485490e+01
   1.2493803e+01
   1.2502086e+01
   1.2510340e+01
   1.2518563e+01
   1.2526755e+01
   1.2534916e+01
   1.2543044e+01
   1.2551141e+01
   1.2559204e+01
   1.2567234e+01
   1.2575230e+01
   1.2583192e+01
   1.2591119e+01
   1.2599011e+01
   1.2606867e+01
   1.2614686e+01
   1.2622469e+01
   1.2630214e+01
   1.2637921e+01
   1.2645590e+01
   1.2653219e+01
   1.2660809e+01
   1.2668359e+01
   1.2675868e+01
   1.2683335e+01
   1.2690761e+01
   1.2698145e+01
   1.2705485e+01
   1.2712782e+01
   1.2720035e+01
   1.2727243e+01
   1.2734406e+01
   1.2741522e+01
   1.2748592e+01
   1.2755615e+01
   1.2762590e+01
   1.2769517e+01
   1.2776395e+01
   1.2783223e+01
   1.2790000e+01
   1.2796727e+01
   1.2803402e+01
   1.2810025e+01
   1.2816595e+01
   1.2823112e+01
   1.2829574e+01
   1.2835981e+01
   1.2842333e+01
   1.2848628e+01
   1.2854867e+01
   1.2861048e+01
   1.2867170e+01
   1.2873234e+01
   1.2879237e+01
   1.2885181e+01
   1.2891063e+01
   1.2896883e+01
   1.2902641e+01
   1.2908335e+01
   1.2913965e+01
   1.2919530e+01
   1.2925030e+01
   1.2930463e+01
   1.2935829e+01
   1.2941128e+01
   1.2946357e+01
   1.2951518e+01
   1.2956608e+01
   1.2961627e+01
   1.2966574e+01
   1.2971449e+01
   1.2976250e+01
   1.2980977e+01
   1.2985629e+01
   1.2990205e+01
   1.2994705e+01
   1.2999127e+01
   1.3003470e+01
   1.3007734e+01
   1.3011919e+01
   1.3016022e+01
   1.3020044e+01
   1.3023983e+01
   1.3027838e+01
   1.3031609e+01
   1.3035294e+01
   1.3038894e+01
   1.3042406e+01
   1.3045830e+01
   1.3049165e+01
   1.3052411e+01
   1.3055565e+01
   1.3058628e+01
   1.3061598e+01
   1.3064474e+01
   1.3067256e+01
   1.3069942e+01
   1.3072531e+01
   1.3075023e+01
   1.3077416e+01
   1.3079710e+01
   1.3081903e+01
   1.3083995e+01
   1.3085984e+01
   1.3087869e+01
   1.3089650e+01
   1.3091325e+01
   1.3092893e+01
   1.3094354e+01
   1.3095705e+01
   1.3096947e+01
   1.3098077e+01
   1.3099095e+01
   1.3100000e+01
   1.3100790e+01
   1.3101465e+01
   1.3102024e+01
   1.3102464e+01
   1.3102786e+01
   1.3102988e+01
   1.3103068e+01
   1.3103026e+01
   1.3102860e+01
   1.3102569e+01
   1.3102153e+01
   1.3101609e+01
   1.3100936e+01
   1.3100135e+01
   1.3099202e+01
   1.3098137e+01
   1.3096938e+01
   1.3095605e+01
   1.3094136e+01
   1.3092529e+01
   1.3090784e+01
   1.3088899e+01
   1.3086873e+01
   1.3084704e+01
   1.3082392e+01
   1.3079934e+01
   1.3077330e+01
   1.3074577e+01
   1.3071676e+01
   1.3068623e+01
   1.3065419e+01
   1.3062061e+01
   1.3058548e+01
   1.3054878e+01
   1.3051051e+01
   1.3047064e+01
   1.3042917e+01
   1.3038608e+01
   1.3034134e+01
   1.3029496e+01
   1.3024691e+01
   1.3019717e+01
   1.3014574e+01
   1.3009260e+01
   1.3003773e+01
   1.2998111e+01
   1.2992273e+01
   1.2986258e+01
   1.2980064e+01
   1.2973689e+01
   1.2967131e+01
   1.2960390e+01
   1.2953463e+01
   1.2946349e+01
   1.2939046e+01
   1.2931553e+01
   1.2923867e+01
   1.2915988e+01
   1.2907913e+01
   1.2899640e+01
   1.2891169e+01
   1.2882497e+01
   1.2873623e+01
   1.2864545e+01
   1.2855260e+01
   1.2845769e+01
   1.2836067e+01
   1.2826155e+01
   1.2816030e+01
   1.2805691e+01
   1.2795135e+01
   1.2784360e+01
   1.2773366e+01
   1.2762150e+01
   1.2750710e+01
   1.2739045e+01
   1.2727153e+01
   1.2715032e+01
   1.2702679e+01
   1.2690095e+01
   1.2677275e+01
   1.2664219e+01
   1.2650925e+01
   1.2637391e+01
   1.2623616e+01
   1.2609596e+01
   1.2595331e+01
   1.2580818e+01
   1.2566057e+01
   1.2551044e+01
   1.2535778e+01
   1.2520257e+01
   1.2504480e+01
   1.2488445e+01
   1.2472149e+01
   1.2455591e+01
   1.2438769e+01
   1.2421682e+01
   1.2404327e+01
   1.2386703e+01
   1.2368807e+01
   1.2350639e+01
   1.2332196e+01
   1.2313477e+01
   1.2294480e+01
   1.2275203e+01
   1.2255644e+01
   1.2235802e+01
   1.2215675e+01
   1.2195261e+01
   1.2174559e+01
   1.2153568e+01
   1.2132284e+01
   1.2110708e+01
   1.2088837e+01
   1.2066669e+01
   1.2044204e+01
   1.2021440e+01
   1.1998375e+01
   1.1975007e+01
   1.1951337e+01
   1.1927361e+01
   1.1903079e+01
   1.1878489e+01
   1.1853590e+01
   1.1828382e+01
   1.1802862e+01
   1.1777029e+01
   1.1750883e+01
   1.1724422e+01
   1.1697645e+01
   1.1670552e+01
   1.1643140e+01
   1.1615410e+01
   1.1587361e+01
   1.1558991e+01
   1.1530301e+01
   1.1501288e+01
   1.1471953e+01
   1.1442295e+01
   1.1412314e+01
   1.1382009e+01
   1.1351379e+01
   1.1320424e+01
   1.1289145e+01
   1.1257540e+01
   1.1225610e+01
   1.1193354e+01
   1.1160773e+01
   1.1127866e+01
   1.1094634e+01
   1.1061077e+01
   1.1027195e+01
   1.0992989e+01
   1.0958459e+01
   1.0923605e+01
   1.0888429e+01
   1.0852930e+01
   1.0817110e+01
   1.0780969e+01
   1.0744509e+01
   1.0707730e+01
   1.0670633e+01
   1.0633221e+01
   1.0595493e+01
   1.0557452e+01
   1.0519099e+01
   1.0480436e+01
   1.0441464e+01
   1.0402185e+01
   1.0362601e+01
   1.0322714e+01
   1.0282525e+01
   1.0242039e+01
   1.0201255e+01
   1.0160177e+01
   1.0118808e+01
   1.0077150e+01
   1.0035205e+01
   9.9929771e+00
   9.9504683e+00
   9.9076819e+00
   9.8646209e+00
   9.8212886e+00
   9.7776883e+00
   9.7338235e+00
   9.6896977e+00
   9.6453145e+00
   9.6006777e+00
   9.5557911e+00
   9.5106586e+00
   9.4652844e+00
   9.4196725e+00
   9.3738273e+00
   9.3277530e+00
   9.2814543e+00
   9.2349355e+00
   9.1882015e+00
   9.1412569e+00
   9.0941066e+00
   9.0467556e+00
   8.9992089e+00
   8.9514717e+00
   8.9035492e+00
   8.8554467e+00
   8.8071698e+00
   8.7587238e+00
   8.7101143e+00
   8.6613472e+00
   8.6124281e+00
   8.5633628e+00
   8.5141574e+00
   8.4648178e+00
   8.4153501e+00
   8.3657605e+00
   8.3160552e+00
   8.2662406e+00
   8.2163229e+00
   8.1663086e+00
   8.1162042e+00
   8.0660163e+00
   8.0157515e+00
   7.9654164e+00
   7.9150178e+00
   7.8645625e+00
   7.8140572e+00
   7.7635088e+00
   7.7129243e+00
   7.6623105e+00
   7.6116745e+00
   7.5610231e+00
   7.5103635e+00
   7.4597027e+00
   7.4090478e+00
   7.3584058e+00
   7.3077839e+00
   7.2571891e+00
   7.2066285e+00
   7.1561094e+00
   7.1056387e+00
   7.0552236e+00
   7.0048711e+00
   6.9545885e+00
   6.9043826e+00
   6.8542606e+00
   6.8042294e+00
   6.7542961e+00
   6.7044676e+00
   6.6547507e+00
   6.6051524e+00
   6.5556795e+00
   6.5063387e+00
   6.4571367e+00
   6.4080802e+00
   6.3591758e+00
   6.3104300e+00
   6.2618492e+00
   6.2134399e+00
   6.1652082e+00
   6.1171605e+00
   6.0693027e+00
   6.0216411e+00
   5.9741815e+00
   5.9269297e+00
   5.8798915e+00
   5.8330725e+00
   5.7864783e+00
   5.7401143e+00
   5.6939857e+00
   5.6480977e+00
   5.6024555e+00
   5.5570640e+00
   5.5119279e+00
   5.4670520e+00
   5.4224409e+00
   5.3780989e+00
   5.3340304e+00
   5.2902395e+00
   5.2467302e+00
   5.2035064e+00
   5.1605720e+00
   5.1179304e+00
   5.0755851e+00
   5.0335394e+00
   4.9917966e+00
   4.9503596e+00
   4.9092313e+00
   4.8684145e+00
   4.8279117e+00
   4.7877253e+00
   4.7478578e+00
   4.7083112e+00
   4.6690875e+00
   4.6301886e+00
   4.5916162e+00
   4.5533718e+00
   4.5154570e+00
   4.4778730e+00
   4.4406209e+00
   4.4037018e+00
   4.3671165e+00
   4.3308658e+00
   4.2949503e+00
   4.2593704e+00
   4.2241265e+00
   4.1892188e+00
   4.1546475e+00
   4.1204124e+00
   4.0865135e+00
   4.0529504e+00
   4.0197227e+00
   3.9868301e+00
   3.9542718e+00
   3.9220471e+00
   3.8901553e+00
   3.8585953e+00
   3.8273662e+00
   3.7964668e+00
   3.7658959e+00
   3.7356522e+00
   3.7057343e+00
   3.6761407e+00
   3.6468698e+00
   3.6179200e+00
   3.5892895e+00
   3.5609766e+00
   3.5329794e+00
   3.5052959e+00
   3.4779240e+00
   3.4508619e+00
   3.4241072e+00
   3.3976578e+00
   3.3715115e+00
   3.3456660e+00
   3.3201189e+00
   3.2948678e+00
   3.2699102e+00
   3.2452438e+00
   3.2208660e+00
   3.1967742e+00
   3.1729658e+00
   3.1494383e+00
   3.1261889e+00
   3.1032150e+00
   3.0805139e+00
   3.0580829e+00
   3.0359192e+00
   3.0140200e+00
   2.9923827e+00
   2.9710043e+00
   2.9498821e+00
   2.9290133e+00
   2.9083950e+00
   2.8880244e+00
   2.8678988e+00
   2.8480151e+00
   2.8283707e+00
   2.8089627e+00
   2.7897882e+00
   2.7708444e+00
   2.7521285e+00
   2.7336377e+00
   2.7153690e+00
   2.6973198e+00
   2.6794873e+00
   2.6618685e+00
   2.6444609e+00
   2.6272615e+00
   2.6102677e+00
   2.5934768e+00
   2.5768859e+00
   2.5604924e+00
   2.5442937e+00
   2.5282870e+00
   2.5124697e+00
   2.4968392e+00
   2.4813928e+00
   2.4661281e+00
   2.4510423e+00
   2.4361331e+00
   2.4213978e+00
   2.4068339e+00
   2.3924391e+00
   2.3782108e+00
   2.3641466e+00
   2.3502441e+00
   2.3365009e+00
   2.3229147e+00
   2.3094832e+00
   2.2962041e+00
   2.2830750e+00
   2.2700937e+00
   2.2572581e+00
   2.2445659e+00
   2.2320150e+00
   2.2196031e+00
   2.2073283e+00
   2.1951883e+00
   2.1831812e+00
   2.1713049e+00
   2.1595574e+00
   2.1479367e+00
   2.1364409e+00
   2.1250680e+00
   2.1138161e+00
   2.1026833e+00
   2.0916679e+00
   2.0807679e+00
   2.0699816e+00
   2.0593072e+00
   2.0487430e+00
   2.0382872e+00
   2.0279381e+00
   2.0176941e+00
   2.0075536e+00
   1.9975148e+00
   1.9875762e+00
   1.9777363e+00
   1.9679934e+00
   1.9583462e+00
   1.9487930e+00
   1.9393323e+00
   1.9299629e+00
   1.9206831e+00
   1.9114916e+00
   1.9023871e+00
   1.8933681e+00
   1.8844333e+00
   1.8755815e+00
   1.8668112e+00
   1.8581213e+00
   1.8495105e+00
   1.8409776e+00
   1.8325212e+00
   1.8241404e+00
   1.8158338e+00
   1.8076003e+00
   1.7994388e+00
   1.7913508e+00
   1.9589685e+00
   2.1183526e+00
   2.2699139e+00
   2.4140722e+00
   2.5512058e+00
   2.6816590e+00
   2.8057467e+00
   2.9237566e+00
   3.0359511e+00
   3.1425693e+00
   3.2438298e+00
   3.3399326e+00
   3.4310601e+00
   3.5173809e+00
   3.5990512e+00
   3.6762156e+00
   3.7490103e+00
   3.8175627e+00
   3.8819951e+00
   3.9424257e+00
   3.9989672e+00
   4.0517302e+00
   4.1008211e+00
   4.1463421e+00
   4.1883907e+00
   4.2270553e+00
   4.2624136e+00
   4.2945252e+00
   4.3234281e+00
   4.3491270e+00
   4.3715849e+00
   4.3907099e+00
   4.4063367e+00
   4.4182080e+00
   4.4259496e+00
   4.4290426e+00
   4.4267922e+00
   4.4182959e+00
   4.4024193e+00
   4.3777956e+00
   4.3428774e+00
   4.2961036e+00
   4.2362270e+00
   4.1624745e+00
   4.0748911e+00
   3.9747257e+00
   3.8645698e+00
   3.7481135e+00
   3.6295064e+00
   3.5125778e+00
   3.4583735e+00
   3.4114568e+00
   3.3716718e+00
   3.3382926e+00
   3.3105837e+00
   3.2877846e+00
   3.2691655e+00
   3.2540573e+00
   3.2418656e+00
   3.2320725e+00
   3.2242358e+00
   3.2179824e+00
   3.2130016e+00
   3.2090356e+00
   3.2058734e+00
   3.2033424e+00
   3.2013026e+00
   3.1996405e+00
   3.1982655e+00
   3.1971045e+00
   3.1961006e+00
   3.1952074e+00
   3.1943897e+00
   3.1936193e+00
   3.1928746e+00
   3.1921386e+00
   3.1913995e+00
   3.1906478e+00
   3.1898772e+00
   3.1890833e+00
   3.1882630e+00
   3.1874148e+00
   3.1865377e+00
   3.1856311e+00
   3.1846965e+00
   3.1837345e+00
   3.1827459e+00
   3.1817327e+00
   3.1806960e+00
   3.1796377e+00
   3.1785590e+00
   3.1774622e+00
   3.1763486e+00
   3.1752197e+00
   3.1740769e+00
   3.1729224e+00
   3.1717567e+00
   3.1705820e+00
   3.1693985e+00
   3.1682081e+00
   3.1670113e+00
   3.1658099e+00
   3.1646041e+00
   3.1633959e+00
   3.1621848e+00
   3.1609724e+00
   3.1597587e+00
   3.1585451e+00
   3.1573317e+00
   3.1561190e+00
   3.1549079e+00
   3.1536986e+00
   3.1524914e+00
   3.1512873e+00
   3.1500861e+00
   3.1488885e+00
   3.1476944e+00
   3.1465042e+00
   3.1453183e+00
   3.1441369e+00
   3.1429597e+00
   3.1417879e+00
   3.1406206e+00
   3.1394591e+00
   3.1383023e+00
   3.1371508e+00
   3.1360046e+00
   3.1348643e+00
   3.1337295e+00
   3.1326001e+00
   3.1314767e+00
   3.1303591e+00
   3.1292472e+00
   3.1281414e+00
   3.1270413e+00
   3.1259474e+00
   3.1248593e+00
   3.1237774e+00
   3.1227016e+00
   3.1216316e+00
   3.1205677e+00
   3.1195093e+00
   3.1184572e+00
   3.1174107e+00
   3.1163706e+00
   3.1153360e+00
   3.1143076e+00
   3.1132848e+00
   3.1122682e+00
   3.1112577e+00
   3.1102525e+00
   3.1092532e+00
   3.1082595e+00
   3.1072716e+00
   3.1062892e+00
   3.1053123e+00
   3.1043414e+00
   3.1033759e+00
   3.1024155e+00
   3.1014612e+00
   3.1005120e+00
   3.0995685e+00
   3.0986302e+00
   3.0976970e+00
   3.0967696e+00
   3.0958473e+00
   3.0949300e+00
   3.0940182e+00
   3.0931114e+00
   3.0922096e+00
   3.0913131e+00
   3.0904217e+00
   3.0895350e+00
   3.0886537e+00
   3.0877769e+00
   3.0869057e+00
   3.0860389e+00
   3.0851773e+00
   3.0843201e+00
   3.0834677e+00
   3.0826200e+00
   3.0817769e+00
   3.0809389e+00
   3.0801053e+00
   3.0792761e+00
   3.0784515e+00
   3.0776313e+00
   3.0768161e+00
   3.0760048e+00
   3.0751979e+00
   3.0743954e+00
   3.0735974e+00
   3.0728037e+00
   3.0720144e+00
   3.0712295e+00
   3.0704486e+00
   3.0696719e+00
   3.0688996e+00
   3.0681311e+00
   3.0673668e+00
   3.0666065e+00
   3.0658505e+00
   3.0650987e+00
   3.0643506e+00
   3.0636066e+00
   3.0628662e+00
   3.0621301e+00
   3.0613975e+00
   3.0606694e+00
   3.0599448e+00
   3.0592240e+00
   3.0585071e+00
   3.0577944e+00
   3.0570850e+00
   3.0563793e+00
   3.0556772e+00
   3.0549790e+00
   3.0542844e+00
   3.0535936e+00
   3.0529062e+00
   3.0522224e+00
   3.0515421e+00
   3.0508656e+00
   3.0501926e+00
   3.0495233e+00
   3.0488574e+00
   3.0481949e+00
   3.0475359e+00
   3.0468806e+00
   3.0462287e+00
   3.0455805e+00
   3.0449353e+00
   3.0442936e+00
   3.0436551e+00
   3.0430202e+00
   3.0423885e+00
   3.0417599e+00
   3.0411350e+00
   3.0405133e+00
   3.0398947e+00
   3.0392795e+00
   3.0386678e+00
   3.0380595e+00
   3.0374540e+00
   3.0368519e+00
   3.0362529e+00
   3.0356572e+00
   3.0350649e+00
   3.0344760e+00
   3.0338899e+00
   3.0333073e+00
   3.0327276e+00
   3.0321510e+00
   3.0315776e+00
   3.0310074e+00
   3.0304401e+00
   3.0298767e+00
   3.0293160e+00
   3.0287588e+00
   3.0282042e+00
   3.0276531e+00
   3.0271047e+00
   3.0265598e+00
   3.0260176e+00
   3.0254788e+00
   3.0249427e+00
   3.0244101e+00
   3.0238802e+00
   3.0233538e+00
   3.0228302e+00
   3.0223095e+00
   3.0217915e+00
   3.0212768e+00
   3.0207653e+00
   3.0202569e+00
   3.0197515e+00
   3.0192492e+00
   3.0187500e+00
   3.0182537e+00
   3.0177605e+00
   3.0172703e+00
   3.0167833e+00
   3.0162994e+00
   3.0158186e+00
   3.0153408e+00
   3.0148661e+00
   3.0143945e+00
   3.0139257e+00
   3.0134603e+00
   3.0129979e+00
   3.0125384e+00
   3.0120818e+00
   3.0116288e+00
   3.0111786e+00
   3.0107316e+00
   3.0102873e+00
   3.0098463e+00
   3.0094084e+00
   3.0089736e+00
   3.0085419e+00
   3.0081135e+00
   3.0076885e+00
   3.0072662e+00
   3.0068473e+00
   3.0064316e+00
   3.0060190e+00
   3.0056095e+00
   3.0052036e+00
   3.0048005e+00
   3.0044006e+00
   3.0040039e+00
   3.0036110e+00
   3.0032208e+00
   3.0028340e+00
   3.0024504e+00
   3.0020701e+00
   3.0016931e+00
   3.0013193e+00
   3.0009488e+00
   3.0005817e+00
   3.0002180e+00
   2.9998576e+00
   2.9995006e+00
   2.9991469e+00
   2.9987965e+00
   2.9984495e+00
   2.9981060e+00
   2.9977661e+00
   2.9974294e+00
   2.9970963e+00
   2.9967668e+00
   2.9964407e+00
   2.9961180e+00
   2.9957990e+00
   2.9954835e+00
   2.9951715e+00
   2.9948632e+00
   2.9945585e+00
   2.9942574e+00
   2.9939601e+00
   2.9936665e+00
   2.9933764e+00
   2.9930896e+00
   2.9928071e+00
   2.9925282e+00
   2.9922531e+00
   2.9919817e+00
   2.9917143e+00
   2.9914507e+00
   2.9911908e+00
   2.9909348e+00
   2.9906827e+00
   2.9904348e+00
   2.9901907e+00
   2.9899506e+00
   2.9897144e+00
   2.9894824e+00
   2.9892544e+00
   2.9890301e+00
   2.9888105e+00
   2.9885946e+00
   2.9883831e+00
   2.9881755e+00
   2.9879723e+00
   2.9877733e+00
   2.9875783e+00
   2.9873882e+00
   2.9872021e+00
   2.9870207e+00
   2.9868431e+00
   2.9866702e+00
   2.9865017e+00
   2.9863373e+00
   2.9861779e+00
   2.9860225e+00
   2.9858722e+00
   2.9857262e+00
   2.9855852e+00
   2.9854484e+00
   2.9853166e+00
   2.9851892e+00
   2.9850667e+00
   2.9849487e+00
   2.9848360e+00
   2.9847283e+00
   2.9846250e+00
   2.9845267e+00
   2.9844329e+00
   2.9843446e+00
   2.9842611e+00
   2.9841831e+00
   2.9841096e+00
   2.9840414e+00
   2.9839780e+00
   2.9839204e+00
   2.9838675e+00
   2.9838203e+00
   2.9837780e+00
   2.9837415e+00
   2.9837099e+00
   2.9836842e+00
   2.9836634e+00
   2.9836485e+00
   2.9836387e+00
   2.9836342e+00
   2.9836355e+00
   2.9836425e+00
   2.9836551e+00
   2.9836731e+00
   2.9836974e+00
   2.9837270e+00
   2.9837626e+00
   2.9838037e+00
   2.9838512e+00
   2.9839044e+00
   2.9839637e+00
   2.9840289e+00
   2.9841000e+00
   2.9841775e+00
   2.9842609e+00
   2.9843506e+00
   2.9844464e+00
   2.9845487e+00
   2.9846570e+00
   2.9847720e+00
   2.9848929e+00
   2.9850204e+00
   2.9851543e+00
   2.9852945e+00
   2.9854414e+00
   2.9855949e+00
   2.9857548e+00
   2.9859214e+00
   2.9860946e+00
   2.9862746e+00
   2.9864614e+00
   2.9866548e+00
   2.9868555e+00
   2.9870627e+00
   2.9872774e+00
   2.9874986e+00
   2.9877271e+00
   2.9879623e+00
   2.9882047e+00
   2.9884541e+00
   2.9887108e+00
   2.9889746e+00
   2.9892460e+00
   2.9895247e+00
   2.9898105e+00
   2.9901040e+00
   2.9904048e+00
   2.9907132e+00
   2.9910291e+00
   2.9913527e+00
   2.9916836e+00
   2.9920225e+00
   2.9923687e+00
   2.9927227e+00
   2.9930844e+00
   2.9934543e+00
   2.9938316e+00
   2.9942173e+00
   2.9946106e+00
   2.9950122e+00
   2.9954217e+00
   2.9958392e+00
   2.9962649e+00
   2.9966985e+00
   2.9971406e+00
   2.9975908e+00
   2.9980498e+00
   2.9985165e+00
   2.9989914e+00
   2.9994749e+00
   2.9999672e+00
   3.0004677e+00
   3.0009772e+00
   3.0014947e+00
   3.0020207e+00
   3.0025554e+00
   3.0030988e+00
   3.0036511e+00
   3.0042120e+00
   3.0047818e+00
   3.0053603e+00
   3.0059477e+00
   3.0065442e+00
   3.0071495e+00
   3.0077636e+00
   3.0083870e+00
   3.0090196e+00
   3.0096611e+00
   3.0103117e+00
   3.0109715e+00
   3.0116406e+00
   3.0123188e+00
   3.0130062e+00
   3.0137031e+00
   3.0144093e+00
   3.0151251e+00
   3.0158503e+00
   3.0165849e+00
   3.0173290e+00
   3.0180825e+00
   3.0188458e+00
   3.0196188e+00
   3.0204017e+00
   3.0211939e+00
   3.0219956e+00
   3.0228072e+00
   3.0236288e+00
   3.0244600e+00
   3.0253012e+00
   3.0261522e+00
   3.0270131e+00
   3.0278839e+00
   3.0287646e+00
   3.0296552e+00
   3.0305559e+00
   3.0314669e+00
   3.0323879e+00
   3.0333189e+00
   3.0342603e+00
   3.0352116e+00
   3.0361730e+00
   3.0371448e+00
   3.0381266e+00
   3.0391187e+00
   3.0401214e+00
   3.0411342e+00
   3.0421573e+00
   3.0431910e+00
   3.0442349e+00
   3.0452894e+00
   3.0463543e+00
   3.0474298e+00
   3.0485155e+00
   3.0496117e+00
   3.0507185e+00
   3.0518360e+00
   3.0529639e+00
   3.0541027e+00
   3.0552520e+00
   3.0564120e+00
   3.0575825e+00
   3.0587640e+00
   3.0599560e+00
   3.0611588e+00
   3.0623723e+00
   3.0635965e+00
   3.0648315e+00
   3.0660774e+00
   3.0673344e+00
   3.0686019e+00
   3.0698802e+00
   3.0711695e+00
   3.0724694e+00
   3.0737808e+00
   3.0751028e+00
   3.0764355e+00
   3.0777795e+00
   3.0791344e+00
   3.0805005e+00
   3.0818773e+00
   3.0832651e+00
   3.0846638e+00
   3.0860737e+00
   3.0874945e+00
   3.0889265e+00
   3.0903693e+00
   3.0918232e+00
   3.0932881e+00
   3.0947642e+00
   3.0962514e+00
   3.0977500e+00
   3.0992595e+00
   3.1007801e+00
   3.1023121e+00
   3.1038550e+00
   3.1054094e+00
   3.1069745e+00
   3.1085511e+00
   3.1101385e+00
   3.1117373e+00
   3.1133473e+00
   3.1149682e+00
   3.1166004e+00
   3.1182435e+00
   3.1198978e+00
   3.1215633e+00
   3.1232400e+00
   3.1249278e+00
   3.1266268e+00
   3.1283374e+00
   3.1300588e+00
   3.1317912e+00
   3.1335351e+00
   3.1352900e+00
   3.1370560e+00
   3.1388332e+00
   3.1406217e+00
   3.1424216e+00
   3.1442325e+00
   3.1460545e+00
   3.1478877e+00
   3.1497320e+00
   3.1515878e+00
   3.1534546e+00
   3.1553324e+00
   3.1572213e+00
   3.1591215e+00
   3.1610328e+00
   3.1629552e+00
   3.1648888e+00
   3.1668336e+00
   3.1687894e+00
   3.1707563e+00
   3.1727344e+00
   3.1747234e+00
   3.1767234e+00
   3.1787348e+00
   3.1807570e+00
   3.1827904e+00
   3.1848348e+00
   3.1868902e+00
   3.1889566e+00
   3.1910341e+00
   3.1931227e+00
   3.1952221e+00
   3.1973327e+00
   3.1994542e+00
   3.2015868e+00
   3.2037301e+00
   3.2058845e+00
   3.2080497e+00
   3.2102257e+00
   3.2124128e+00
   3.2146110e+00
   3.2168197e+00
   3.2190392e+00
   3.2212696e+00
   3.2235108e+00
   3.2257629e+00
   3.2280261e+00
   3.2303000e+00
   3.2325845e+00
   3.2348795e+00
   3.2371855e+00
   3.2395022e+00
   3.2418296e+00
   3.2441678e+00
   3.2465166e+00
   3.2488760e+00
   3.2512463e+00
   3.2536271e+00
   3.2560185e+00
   3.2584206e+00
   3.2608333e+00
   3.2632564e+00
   3.2656899e+00
   3.2681341e+00
   3.2705888e+00
   3.2730539e+00
   3.2755296e+00
   3.2780158e+00
   3.2805123e+00
   3.2830193e+00
   3.2855368e+00
   3.2880645e+00
   3.2906027e+00
   3.2931513e+00
   3.2957101e+00
   3.2982791e+00
   3.3008585e+00
   3.3034480e+00
   3.3060478e+00
   3.3086578e+00
   3.3112779e+00
   3.3139084e+00
   3.3165492e+00
   3.3192001e+00
   3.3218610e+00
   3.3245320e+00
   3.3272131e+00
   3.3299042e+00
   3.3326053e+00
   3.3353164e+00
   3.3380376e+00
   3.3407688e+00
   3.3435100e+00
   3.3462611e+00
   3.3490221e+00
   3.3517929e+00
   3.3545736e+00
   3.3573641e+00
   3.3601645e+00
   3.3629747e+00
   3.3657947e+00
   3.3686245e+00
   3.3714640e+00
   3.3743132e+00
   3.3771721e+00
   3.3800406e+00
   3.3829188e+00
   3.3858066e+00
   3.3887040e+00
   3.3916109e+00
   3.3945274e+00
   3.3974535e+00
   3.4003890e+00
   3.4033340e+00
   3.4062885e+00
   3.4092524e+00
   3.4122257e+00
   3.4152084e+00
   3.4182005e+00
   3.4212019e+00
   3.4242127e+00
   3.4272327e+00
   3.4302621e+00
   3.4333007e+00
   3.4363485e+00
   3.4394056e+00
   3.4424718e+00
   3.4455472e+00
   3.4486318e+00
   3.4517255e+00
   3.4548283e+00
   3.4579402e+00
   3.4610611e+00
   3.4641911e+00
   3.4673301e+00
   3.4704781e+00
   3.4736350e+00
   3.4768010e+00
   3.4799758e+00
   3.4831596e+00
   3.4863522e+00
   3.4895537e+00
   3.4927641e+00
   3.4959833e+00
   3.4992113e+00
   3.5024480e+00
   3.5056935e+00
   3.5089478e+00
   3.5122108e+00
   3.5154824e+00
   3.5187628e+00
   3.5220518e+00
   3.5253494e+00
   3.5286556e+00
   3.5319704e+00
   3.5352938e+00
   3.5386258e+00
   3.5419662e+00
   3.5453152e+00
   3.5486727e+00
   3.5520386e+00
   3.5554130e+00
   3.5587958e+00
   3.5621870e+00
   3.5655866e+00
   3.5689945e+00
   3.5724108e+00
   3.5758354e+00
   3.5792684e+00
   3.5827096e+00
   3.5861591e+00
   3.5896168e+00
   3.5930828e+00
   3.5965569e+00
   3.6000393e+00
   3.6035298e+00
   3.6070285e+00
   3.6105353e+00
   3.6140502e+00
   3.6175733e+00
   3.6211043e+00
   3.6246435e+00
   3.6281907e+00
   3.6317459e+00
   3.6353091e+00
   3.6388803e+00
   3.6424595e+00
   3.6460466e+00
   3.6496417e+00
   3.6532446e+00
   3.6568555e+00
   3.6604742e+00
   3.6641008e+00
   3.6677353e+00
   3.6713775e+00
   3.6750276e+00
   3.6786855e+00
   3.6823511e+00
   3.6860245e+00
   3.6897057e+00
   3.6933945e+00
   3.6970911e+00
   3.7007954e+00
   3.7045074e+00
   3.7082270e+00
   3.7119543e+00
   3.7156892e+00
   3.7194317e+00
   3.7231818e+00
   3.7269395e+00
   3.7307047e+00
   3.7344776e+00
   3.7382579e+00
   3.7420458e+00
   3.7458412e+00
   3.7496441e+00
   3.7534545e+00
   3.7572723e+00
   3.7610976e+00
   3.7649303e+00
   3.7687704e+00
   3.7726180e+00
   3.7764729e+00
   3.7803353e+00
   3.7842050e+00
   3.7880820e+00
   3.7919664e+00
   3.7958582e+00
   3.7997572e+00
   3.8036636e+00
   3.8075772e+00
   3.8114981e+00
   3.8154263e+00
   3.8193617e+00
   3.8233044e+00
   3.8272543e+00
   3.8312115e+00
   3.8351758e+00
   3.8391473e+00
   3.8431260e+00
   3.8471119e+00
   3.8511049e+00
   3.8551051e+00
   3.8591124e+00
   3.8631269e+00
   3.8671484e+00
   3.8711771e+00
   3.8752129e+00
   3.8792557e+00
   3.8833056e+00
   3.8873626e+00
   3.8914266e+00
   3.8954977e+00
   3.8995758e+00
   3.9036609e+00
   3.9077531e+00
   3.9118522e+00
   3.9159584e+00
   3.9200715e+00
   3.9241916e+00
   3.9283187e+00
   3.9324527e+00
   3.9365937e+00
   3.9407416e+00
   3.9448965e+00
   3.9490583e+00
   3.9532270e+00
   3.9574026e+00
   3.9615851e+00
   3.9657745e+00
   3.9699708e+00
   3.9741739e+00
   3.9783840e+00
   3.9826009e+00
   3.9868246e+00
   3.9910552e+00
   3.9952927e+00
   3.9995370e+00
   4.0037881e+00
   4.0080460e+00
   4.0123107e+00
   4.0165823e+00
   4.0208606e+00
   4.0251458e+00
   4.0294377e+00
   4.0337364e+00
   4.0380419e+00
   4.0423542e+00
   4.0466732e+00
   4.0509990e+00
   4.0553316e+00
   4.0596708e+00
   4.0640169e+00
   4.0683697e+00
   4.0727292e+00
   4.0770954e+00
   4.0814684e+00
   4.0858481e+00
   4.0902345e+00
   4.0946276e+00
   4.0990274e+00
   4.1034339e+00
   4.1078471e+00
   4.1122670e+00
   4.1166936e+00
   4.1211269e+00
   4.1255669e+00
   4.1300135e+00
   4.1344668e+00
   4.1389268e+00
   4.1433934e+00
   4.1478667e+00
   4.1523467e+00
   4.1568333e+00
   4.1613266e+00
   4.1658265e+00
   4.1703331e+00
   4.1748463e+00
   4.1793662e+00
   4.1838927e+00
   4.1884258e+00
   4.1929656e+00
   4.1975120e+00
   4.2020650e+00
   4.2066247e+00
   4.2111910e+00
   4.2157638e+00
   4.2203434e+00
   4.2249295e+00
   4.2295222e+00
   4.2341216e+00
   4.2387276e+00
   4.2433401e+00
   4.2479593e+00
   4.2525851e+00
   4.2572175e+00
   4.2618565e+00
   4.2665021e+00
   4.2711543e+00
   4.2758131e+00
   4.2804785e+00
   4.2851504e+00
   4.2898290e+00
   4.2945142e+00
   4.2992059e+00
   4.3039043e+00
   4.3086092e+00
   4.3133207e+00
   4.3180388e+00
   4.3227635e+00
   4.3274948e+00
   4.3322326e+00
   4.3369771e+00
   4.3417281e+00
   4.3464857e+00
   4.3512498e+00
   4.3560206e+00
   4.3607979e+00
   4.3655818e+00
   4.3703723e+00
   4.3751693e+00
   4.3799730e+00
   4.3847832e+00
   4.3895999e+00
   4.3944233e+00
   4.3992532e+00
   4.4040896e+00
   4.4089327e+00
   4.4137823e+00
   4.4186385e+00
   4.4235012e+00
   4.4283705e+00
   4.4332464e+00
   4.4381288e+00
   4.4430178e+00
   4.4479134e+00
   4.4528155e+00
   4.4577242e+00
   4.4626394e+00
   4.4675612e+00
   4.4724895e+00
   4.4774244e+00
   4.4823659e+00
   4.4873139e+00
   4.4922684e+00
   4.4972296e+00
   4.5021972e+00
   4.5071714e+00
   4.5121522e+00
   4.5171395e+00
   4.5221333e+00
   4.5271337e+00
   4.5321406e+00
   4.5371541e+00
   4.5421741e+00
   4.5472006e+00
   4.5522337e+00
   4.5572733e+00
   4.5623194e+00
   4.5673720e+00
   4.5724312e+00
   4.5774969e+00
   4.5825691e+00
   4.5876478e+00
   4.5927331e+00
   4.5978248e+00
   4.6029231e+00
   4.6080279e+00
   4.6131392e+00
   4.6182569e+00
   4.6233812e+00
   4.6285120e+00
   4.6336492e+00
   4.6387930e+00
   4.6439432e+00
   4.6490999e+00
   4.6542631e+00
   4.6594327e+00
   4.6646088e+00
   4.6697914e+00
   4.6749804e+00
   4.6801759e+00
   4.6853779e+00
   4.6905862e+00
   4.6958011e+00
   4.7010223e+00
   4.7062500e+00
   4.7114841e+00
   4.7167246e+00
   4.7219715e+00
   4.7272248e+00
   4.7324845e+00
   4.7377506e+00
   4.7430231e+00
   4.7483020e+00
   4.7535872e+00
   4.7588788e+00
   4.7641768e+00
   4.7694811e+00
   4.7747917e+00
   4.7801087e+00
   4.7854320e+00
   4.7907616e+00
   4.7960975e+00
   4.8014397e+00
   4.8067882e+00
   4.8121429e+00
   4.8175039e+00
   4.8228712e+00
   4.8282448e+00
   4.8336245e+00
   4.8390105e+00
   4.8444027e+00
   4.8498011e+00
   4.8552057e+00
   4.8606165e+00
   4.8660335e+00
   4.8714566e+00
   4.8768858e+00
   4.8823212e+00
   4.8877627e+00
   4.8932103e+00
   4.8986640e+00
   4.9041237e+00
   4.9095895e+00
   4.9150614e+00
   4.9205393e+00
   4.9260232e+00
   4.9315131e+00
   4.9370090e+00
   4.9425108e+00
   4.9480187e+00
   4.9535324e+00
   4.9590521e+00
   4.9645776e+00
   4.9701091e+00
   4.9756464e+00
   4.9811895e+00
   4.9867385e+00
   4.9922932e+00
   4.9978538e+00
   5.0034201e+00
   5.0089922e+00
   5.0145700e+00
   5.0201535e+00
   5.0257427e+00
   5.0313375e+00
   5.0369380e+00
   5.0425441e+00
   5.0481558e+00
   5.0537731e+00
   5.0593959e+00
   5.0650242e+00
   5.0706580e+00
   5.0762973e+00
   5.0819421e+00
   5.0875922e+00
   5.0932478e+00
   5.0989087e+00
   5.1045750e+00
   5.1102466e+00
   5.1159234e+00
   5.1216056e+00
   5.1272929e+00
   5.1329855e+00
   5.1386832e+00
   5.1443860e+00
   5.1500940e+00
   5.1558071e+00
   5.1615252e+00
   5.1672483e+00
   5.1729764e+00
   5.1787094e+00
   5.1844474e+00
   5.1901903e+00
   5.1959380e+00
   5.2016905e+00
   5.2074478e+00
   5.2132099e+00
   5.2189767e+00
   5.2247481e+00
   5.2305242e+00
   5.2363049e+00
   5.2420902e+00
   5.2478800e+00
   5.2536742e+00
   5.2594730e+00
   5.2652761e+00
   5.2710836e+00
   5.2768955e+00
   5.2827117e+00
   5.2885321e+00
   5.2943567e+00
   5.3001854e+00
   5.3060184e+00
   5.3118553e+00
   5.3176964e+00
   5.3235414e+00
   5.3293904e+00
   5.3352433e+00
   5.3411001e+00
   5.3469607e+00
   5.3528250e+00
   5.3586931e+00
   5.3645649e+00
   5.3704403e+00
   5.3763193e+00
   5.3822018e+00
   5.3880879e+00
   5.3939774e+00
   5.3998702e+00
   5.4057665e+00
   5.4116660e+00
   5.4175687e+00
   5.4234747e+00
   5.4293838e+00
   5.4352960e+00
   5.4412113e+00
   5.4471295e+00
   5.4530507e+00
   5.4589748e+00
   5.4649017e+00
   5.4708314e+00
   5.4767638e+00
   5.4826989e+00
   5.4886366e+00
   5.4945768e+00
   5.5005196e+00
   5.5064648e+00
   5.5124125e+00
   5.5183624e+00
   5.5243147e+00
   5.5302692e+00
   5.5362258e+00
   5.5421846e+00
   5.5481454e+00
   5.5541082e+00
   5.5600730e+00
   5.5660397e+00
   5.5720081e+00
   5.5779784e+00
   5.5839504e+00
   5.5899240e+00
   5.5958992e+00
   5.6018759e+00
   5.6078541e+00
   5.6138337e+00
   5.6198146e+00
   5.6257969e+00
   5.6317804e+00
   5.6377650e+00
   5.6437508e+00
   5.6497375e+00
   5.6557253e+00
   5.6617140e+00
   5.6677036e+00
   5.6736940e+00
   5.6796851e+00
   5.6856769e+00
   5.6916693e+00
   5.6976623e+00
   5.7036557e+00
   5.7096496e+00
   5.7156438e+00
   5.7216384e+00
   5.7276332e+00
   5.7336282e+00
   5.7396233e+00
   5.7456184e+00
   5.7516136e+00
   5.7576087e+00
   5.7636036e+00
   5.7695984e+00
   5.7755929e+00
   5.7815871e+00
   5.7875809e+00
   5.7935742e+00
   5.7995671e+00
   5.8055594e+00
   5.8115510e+00
   5.8175420e+00
   5.8235322e+00
   5.8295216e+00
   5.8355101e+00
   5.8414977e+00
   5.8474843e+00
   5.8534698e+00
   5.8594542e+00
   5.8654374e+00
   5.8714194e+00
   5.8774000e+00
   5.8833793e+00
   5.8893571e+00
   5.8953335e+00
   5.9013083e+00
   5.9072815e+00
   5.9132530e+00
   5.9192228e+00
   5.9251907e+00
   5.9311569e+00
   5.9371211e+00
   5.9430833e+00
   5.9490435e+00
   5.9550016e+00
   5.9609575e+00
   5.9669112e+00
   5.9728626e+00
   5.9788117e+00
   5.9847585e+00
   5.9907027e+00
   5.9966444e+00
   6.0025836e+00
   6.0085201e+00
   6.0144540e+00
   6.0203850e+00
   6.0263133e+00
   6.0322387e+00
   6.0381612e+00
   6.0440807e+00
   6.0499971e+00
   6.0559105e+00
   6.0618206e+00
   6.0677276e+00
   6.0736312e+00
   6.0795316e+00
   6.0854285e+00
   6.0913220e+00
   6.0972119e+00
   6.1030983e+00
   6.1089810e+00
   6.1148600e+00
   6.1207353e+00
   6.1266068e+00
   6.1324744e+00
   6.1383380e+00
   6.1441977e+00
   6.1500532e+00
   6.1559047e+00
   6.1617520e+00
   6.1675950e+00
   6.1734338e+00
   6.1792682e+00
   6.1850981e+00
   6.1909236e+00
   6.1967445e+00
   6.2025607e+00
   6.2083723e+00
   6.2141792e+00
   6.2199812e+00
   6.2257783e+00
   6.2315705e+00
   6.2373577e+00
   6.2431398e+00
   6.2489168e+00
   6.2546885e+00
   6.2604549e+00
   6.2662160e+00
   6.2719717e+00
   6.2777218e+00
   6.2834664e+00
   6.2892053e+00
   6.2949385e+00
   6.3006658e+00
   6.3063873e+00
   6.3121029e+00
   6.3178124e+00
   6.3235158e+00
   6.3292130e+00
   6.3349039e+00
   6.3405884e+00
   6.3462665e+00
   6.3519381e+00
   6.3576031e+00
   6.3632613e+00
   6.3689128e+00
   6.3745573e+00
   6.3801949e+00
   6.3858254e+00
   6.3914487e+00
   6.3970648e+00
   6.4026734e+00
   6.4082747e+00
   6.4138683e+00
   6.4194543e+00
   6.4250325e+00
   6.4306028e+00
   6.4361651e+00
   6.4417193e+00
   6.4472653e+00
   6.4528030e+00
   6.4583322e+00
   6.4638529e+00
   6.4693649e+00
   6.4748681e+00
   6.4803623e+00
   6.4858475e+00
   6.4913235e+00
   6.4967902e+00
   6.5022474e+00
   6.5076951e+00
   6.5131331e+00
   6.5185612e+00
   6.5239793e+00
   6.5293872e+00
   6.5347849e+00
   6.5401721e+00
   6.5455488e+00
   6.5509147e+00
   6.5562698e+00
   6.5616138e+00
   6.5669466e+00
   6.5722680e+00
   6.5775779e+00
   6.5828761e+00
   6.5881624e+00
   6.5934367e+00
   6.5986987e+00
   6.6039484e+00
   6.6091855e+00
   6.6144098e+00
   6.6196212e+00
   6.6248194e+00
   6.6300044e+00
   6.6351758e+00
   6.6403335e+00
   6.6454773e+00
   6.6506070e+00
   6.6557224e+00
   6.6608233e+00
   6.6659094e+00
   6.6709806e+00
   6.6760367e+00
   6.6810773e+00
   6.6861024e+00
   6.6911117e+00
   6.6961049e+00
   6.7010819e+00
   6.7060423e+00
   6.7109860e+00
   6.7159128e+00
   6.7208223e+00
   6.7257144e+00
   6.7305888e+00
   6.7354452e+00
   6.7402834e+00
   6.7451032e+00
   6.7499043e+00
   6.7546864e+00
   6.7594492e+00
   6.7641926e+00
   6.7689162e+00
   6.7736198e+00
   6.7783031e+00
   6.7829657e+00
   6.7876076e+00
   6.7922282e+00
   6.7968275e+00
   6.8014050e+00
   6.8059605e+00
   6.8104937e+00
   6.8150043e+00
   6.8194920e+00
   6.8239566e+00
   6.8283976e+00
   6.8328148e+00
   6.8372079e+00
   6.8415765e+00
   6.8459204e+00
   6.8502393e+00
   6.8545327e+00
   6.8588005e+00
   6.8630422e+00
   6.8672575e+00
   6.8714461e+00
   6.8756077e+00
   6.8797419e+00
   6.8838484e+00
   6.8879269e+00
   6.8919769e+00
   6.8959981e+00
   6.8999903e+00
   6.9039530e+00
   6.9078859e+00
   6.9117885e+00
   6.9156607e+00
   6.9195019e+00
   6.9233118e+00
   6.9270900e+00
   6.9308363e+00
   6.9345501e+00
   6.9382311e+00
   6.9418789e+00
   6.9454931e+00
   6.9490734e+00
   6.9526194e+00
   6.9561306e+00
   6.9596066e+00
   6.9630471e+00
   6.9664516e+00
   6.9698198e+00
   6.9731511e+00
   6.9764453e+00
   6.9797019e+00
   6.9829204e+00
   6.9861005e+00
   6.9892416e+00
   6.9923435e+00
   6.9954056e+00
   6.9984275e+00
   7.0014088e+00
   7.0043490e+00
   7.0072476e+00
   7.0101043e+00
   7.0129186e+00
   7.0156900e+00
   7.0184180e+00
   7.0211022e+00
   7.0237421e+00
   7.0263373e+00
   7.0288873e+00
   7.0313915e+00
   7.0338495e+00
   7.0362609e+00
   7.0386251e+00
   7.0409416e+00
   7.0432100e+00
   7.0454297e+00
   7.0476002e+00
   7.0497211e+00
   7.0517918e+00
   7.0538117e+00
   7.0557805e+00
   7.0576975e+00
   7.0595622e+00
   7.0613740e+00
   7.0631326e+00
   7.0648372e+00
   7.0664874e+00
   7.0680826e+00
   7.0696223e+00
   7.0711058e+00
   7.0725327e+00
   7.0739024e+00
   7.0752142e+00
   7.0764676e+00
   7.0776621e+00
   7.0787971e+00
   7.0798719e+00
   7.0808859e+00
   7.0818386e+00
   7.0827294e+00
   7.0835576e+00
   7.0843227e+00
   7.0850240e+00
   7.0856608e+00
   7.0862326e+00
   7.0867388e+00
   7.0871786e+00
   7.0875515e+00
   7.0878567e+00
   7.0880937e+00
   7.0882618e+00
   7.0883602e+00
   7.0883885e+00
   7.0883457e+00
   7.0882314e+00
   7.0880447e+00
   7.0877851e+00
   7.0874517e+00
   7.0870440e+00
   7.0865611e+00
   7.0860024e+00
   7.0853672e+00
   7.0846547e+00
   7.0838642e+00
   7.0829949e+00
   7.0820462e+00
   7.0810172e+00
   7.0799072e+00
   7.0787155e+00
   7.0774412e+00
   7.0760837e+00
   7.0746420e+00
   7.0731156e+00
   7.0715034e+00
   7.0698049e+00
   7.0680190e+00
   7.0661451e+00
   7.0641824e+00
   7.0621299e+00
   7.0599869e+00
   7.0577526e+00
   7.0554260e+00
   7.0530065e+00
   7.0504930e+00
   7.0478848e+00
   7.0451809e+00
   7.0423806e+00
   7.0394829e+00
   7.0364870e+00
   7.0333919e+00
   7.0301969e+00
   7.0269009e+00
   7.0235030e+00
   7.0200025e+00
   7.0163982e+00
   7.0126894e+00
   7.0088751e+00
   7.0049544e+00
   7.0009263e+00
   6.9967898e+00
   6.9925441e+00
   6.9881881e+00
   6.9837210e+00
   6.9791416e+00
   6.9744492e+00
   6.9696426e+00
   6.9647210e+00
   6.9596833e+00
   6.9545285e+00
   6.9492557e+00
   6.9438638e+00
   6.9383518e+00
   6.9327188e+00
   6.9269637e+00
   6.9210855e+00
   6.9150832e+00
   6.9089557e+00
   6.9027021e+00
   6.8963213e+00
   6.8898122e+00
   6.8831739e+00
   6.8764053e+00
   6.8695054e+00
   6.8624731e+00
   6.8553073e+00
   6.8480071e+00
   6.8405714e+00
   6.8329992e+00
   6.8252893e+00
   6.8174408e+00
   6.8094526e+00
   6.8013237e+00
   6.7930530e+00
   6.7846394e+00
   6.7760820e+00
   6.7673797e+00
   6.7585314e+00
   6.7495361e+00
   6.7403928e+00
   6.7311004e+00
   6.7216580e+00
   6.7120644e+00
   6.7023188e+00
   6.6924200e+00
   6.6823670e+00
   6.6721589e+00
   6.6617947e+00
   6.6512734e+00
   6.6405940e+00
   6.6297555e+00
   6.6187569e+00
   6.6075974e+00
   6.5962760e+00
   6.5847917e+00
   6.5731437e+00
   6.5613309e+00
   6.5493526e+00
   6.5372079e+00
   6.5248958e+00
   6.5124155e+00
   6.4997662e+00
   6.4869471e+00
   6.4739574e+00
   6.4607962e+00
   6.4474629e+00
   6.4339565e+00
   6.4202766e+00
   6.4064222e+00
   6.3923928e+00
   6.3781876e+00
   6.3638061e+00
   6.3492476e+00
   6.3345115e+00
   6.3195972e+00
   6.3045043e+00
   6.2892321e+00
   6.2737803e+00
   6.2581483e+00
   6.2423357e+00
   6.2263422e+00
   6.2101673e+00
   6.1938108e+00
   6.1772723e+00
   6.1605517e+00
   6.1436485e+00
   6.1265628e+00
   6.1092942e+00
   6.0918428e+00
   6.0742083e+00
   6.0563909e+00
   6.0383904e+00
   6.0202070e+00
   6.0018407e+00
   5.9832917e+00
   5.9645601e+00
   5.9456462e+00
   5.9265502e+00
   5.9072724e+00
   5.8878132e+00
   5.8681730e+00
   5.8483524e+00
   5.8283516e+00
   5.8081715e+00
   5.7878124e+00
   5.7672752e+00
   5.7465606e+00
   5.7256692e+00
   5.7046019e+00
   5.6833597e+00
   5.6619433e+00
   5.6403539e+00
   5.6185925e+00
   5.5966601e+00
   5.5745580e+00
   5.5522873e+00
   5.5298493e+00
   5.5072454e+00
   5.4844769e+00
   5.4615453e+00
   5.4384521e+00
   5.4151989e+00
   5.3917873e+00
   5.3682191e+00
   5.3444958e+00
   5.3206194e+00
   5.2965918e+00
   5.2724148e+00
   5.2480904e+00
   5.2236208e+00
   5.1990080e+00
   5.1742541e+00
   5.1493615e+00
   5.1243324e+00
   5.0991692e+00
   5.0738742e+00
   5.0484500e+00
   5.0228991e+00
   4.9972240e+00
   4.9714274e+00
   4.9455121e+00
   4.9194807e+00
   4.8933361e+00
   4.8670811e+00
   4.8407187e+00
   4.8142518e+00
   4.7876835e+00
   4.7610168e+00
   4.7342550e+00
   4.7074011e+00
   4.6804585e+00
   4.6534303e+00
   4.6263200e+00
   4.5991308e+00
   4.5718663e+00
   4.5445299e+00
   4.5171251e+00
   4.4896554e+00
   4.4621245e+00
   4.4345360e+00
   4.4068935e+00
   4.3792008e+00
   4.3514616e+00
   4.3236797e+00
   4.2958588e+00
   4.2680029e+00
   4.2401157e+00
   4.2122012e+00
   4.1842633e+00
   4.1563060e+00
   4.1283331e+00
   4.1003487e+00
   4.0723568e+00
   4.0443614e+00
   4.0163665e+00
   3.9883761e+00
   3.9603943e+00
   3.9324252e+00
   3.9044728e+00
   3.8765411e+00
   3.8486343e+00
   3.8207564e+00
   3.7929115e+00
   3.7651035e+00
   3.7373366e+00
   3.7096147e+00
   3.6819420e+00
   3.6543223e+00
   3.6267597e+00
   3.5992581e+00
   3.5718215e+00
   3.5444538e+00
   3.5171589e+00
   3.4899405e+00
   3.4628026e+00
   3.4357489e+00
   3.4087832e+00
   3.3819092e+00
   3.3551305e+00
   3.3284507e+00
   3.3018735e+00
   3.2754023e+00
   3.2490407e+00
   3.2227920e+00
   3.1966596e+00
   3.1706468e+00
   3.1447568e+00
   3.1189928e+00
   3.0933580e+00
   3.0678554e+00
   3.0424880e+00
   3.0172587e+00
   2.9921703e+00
   2.9672256e+00
   2.9424273e+00
   2.9177780e+00
   2.8932804e+00
   2.8689367e+00
   2.8447495e+00
   2.8207210e+00
   2.7968536e+00
   2.7731492e+00
   2.7496100e+00
   2.7262379e+00
   2.7030350e+00
   2.6800029e+00
   2.6571434e+00
   2.6344582e+00
   2.6119488e+00
   2.5896166e+00
   2.5674632e+00
   2.5454897e+00
   2.5236974e+00
   2.5020875e+00
   2.4806609e+00
   2.4594187e+00
   2.4383618e+00
   2.4174909e+00
   2.3968068e+00
   2.3763101e+00
   2.3560013e+00
   2.3358810e+00
   2.3159496e+00
   2.2962073e+00
   2.2766544e+00
   2.2572912e+00
   2.2381176e+00
   2.2191337e+00
   2.2003396e+00
   2.1817349e+00
   2.1633197e+00
   2.1450936e+00
   2.1270563e+00
   2.1092074e+00
   2.0915466e+00
   2.0740732e+00
   2.0567867e+00
   2.0396866e+00
   2.0227721e+00
   2.0060425e+00
   1.9894970e+00
   1.9731349e+00
   1.9569551e+00
   1.9409568e+00
   1.9251390e+00
   1.9095007e+00
   1.8940408e+00
   1.8787583e+00
   1.8636519e+00
   1.8487206e+00
   1.8339630e+00
   1.8193780e+00
   1.8049642e+00
   1.7907204e+00
   1.7766452e+00
   1.7627373e+00
   1.7489952e+00
   1.7354176e+00
   1.7220029e+00
   1.7087498e+00
   1.6956568e+00
   1.6827223e+00
   1.6699448e+00
   1.6573229e+00
   1.6448549e+00
   1.6325393e+00
   1.6203745e+00
   1.6083590e+00
   1.5964911e+00
   1.5847693e+00
   1.5731919e+00
   1.5617573e+00
   1.5504640e+00
   1.5393102e+00
   1.5282945e+00
   1.5174150e+00
   1.5066703e+00
   1.4960586e+00
   1.4855784e+00
   1.4752281e+00
   1.4650059e+00
   1.4549104e+00
   1.4449398e+00
   1.4350926e+00
   1.4253672e+00
   1.4157619e+00
   1.4062752e+00
   1.3969056e+00
   1.3876513e+00
   1.3785109e+00
   1.3694828e+00
