   4.3750321e-01
   4.3685156e-01
   4.3620088e-01
   4.3555117e-01
   4.3490242e-01
   4.3425465e-01
   4.3360783e-01
   4.3296199e-01
   4.3231710e-01
   4.3167317e-01
   4.3103020e-01
   4.3038820e-01
   4.2974714e-01
   4.2910704e-01
   4.2846790e-01
   4.2782971e-01
   4.2719246e-01
   4.2655617e-01
   4.2592082e-01
   4.2528642e-01
   4.2465297e-01
   4.2402046e-01
   4.2338889e-01
   4.2275826e-01
   4.2212857e-01
   4.2149982e-01
   4.2087201e-01
   4.2024513e-01
   4.1961918e-01
   4.1899417e-01
   4.1837009e-01
   4.1774694e-01
   4.1712471e-01
   4.1650342e-01
   4.1588304e-01
   4.1526360e-01
   4.1464507e-01
   4.1402747e-01
   4.1341078e-01
   4.1279502e-01
   4.1218017e-01
   4.1156624e-01
   4.1095322e-01
   4.1034111e-01
   4.0972992e-01
   4.0911964e-01
   4.0851027e-01
   4.0790180e-01
   4.0729424e-01
   4.0668759e-01
   4.0608183e-01
   4.0547699e-01
   4.0487304e-01
   4.0426999e-01
   4.0366784e-01
   4.0306659e-01
   4.0246623e-01
   4.0186677e-01
   4.0126820e-01
   4.0067052e-01
   4.0007373e-01
   3.9947784e-01
   3.9888282e-01
   3.9828870e-01
   3.9769546e-01
   3.9710310e-01
   3.9651163e-01
   3.9592104e-01
   3.9533132e-01
   3.9474249e-01
   3.9415453e-01
   3.9356745e-01
   3.9298125e-01
   3.9239591e-01
   3.9181145e-01
   3.9122786e-01
   3.9064514e-01
   3.9006328e-01
   3.8948230e-01
   3.8890218e-01
   3.8832292e-01
   3.8774453e-01
   3.8716699e-01
   3.8659032e-01
   3.8601451e-01
   3.8543955e-01
   3.8486545e-01
   3.8429221e-01
   3.8371982e-01
   3.8314828e-01
   3.8257760e-01
   3.8200776e-01
   3.8143878e-01
   3.8087064e-01
   3.8030335e-01
   3.7973690e-01
   3.7917130e-01
   3.7860654e-01
   3.7804262e-01
   3.7747954e-01
   3.7691730e-01
   3.7635589e-01
   3.7579533e-01
   3.7523560e-01
   3.7467670e-01
   3.7411863e-01
   3.7356140e-01
   3.7300500e-01
   3.7244942e-01
   3.7189468e-01
   3.7134076e-01
   3.7078766e-01
   3.7023539e-01
   3.6968394e-01
   3.6913332e-01
   3.6858351e-01
   3.6803452e-01
   3.6748635e-01
   3.6693900e-01
   3.6639247e-01
   3.6584674e-01
   3.6530183e-01
   3.6475774e-01
   3.6421445e-01
   3.6367197e-01
   3.6313030e-01
   3.6258944e-01
   3.6204938e-01
   3.6151013e-01
   3.6097168e-01
   3.6043403e-01
   3.5989719e-01
   3.5936114e-01
   3.5882590e-01
   3.5829145e-01
   3.5775779e-01
   3.5722494e-01
   3.5669287e-01
   3.5616160e-01
   3.5563112e-01
   3.5510143e-01
   3.5457253e-01
   3.5404442e-01
   3.5351709e-01
   3.5299056e-01
   3.5246480e-01
   3.5193983e-01
   3.5141564e-01
   3.5089223e-01
   3.5036960e-01
   3.4984775e-01
   3.4932668e-01
   3.4880638e-01
   3.4828686e-01
   3.4776812e-01
   3.4725014e-01
   3.4673294e-01
   3.4621651e-01
   3.4570085e-01
   3.4518596e-01
   3.4467183e-01
   3.4415847e-01
   3.4364587e-01
   3.4313404e-01
   3.4262297e-01
   3.4211267e-01
   3.4160312e-01
   3.4109433e-01
   3.4058630e-01
   3.4007903e-01
   3.3957251e-01
   3.3906675e-01
   3.3856174e-01
   3.3805749e-01
   3.3755398e-01
   3.3705123e-01
   3.3654923e-01
   3.3604797e-01
   3.3554746e-01
   3.3504770e-01
   3.3454868e-01
   3.3405040e-01
   3.3355287e-01
   3.3305608e-01
   3.3256002e-01
   3.3206471e-01
   3.3157014e-01
   3.3107630e-01
   3.3058320e-01
   3.3009083e-01
   3.2959920e-01
   3.2910830e-01
   3.2861813e-01
   3.2812869e-01
   3.2763999e-01
   3.2715200e-01
   3.2666475e-01
   3.2617822e-01
   3.2569242e-01
   3.2520734e-01
   3.2472299e-01
   3.2423936e-01
   3.2375644e-01
   3.2327425e-01
   3.2279278e-01
   3.2231202e-01
   3.2183198e-01
   3.2135265e-01
   3.2087404e-01
   3.2039614e-01
   3.1991896e-01
   3.1944248e-01
   3.1896672e-01
   3.1849167e-01
   3.1801732e-01
   3.1754368e-01
   3.1707074e-01
   3.1659852e-01
   3.1612699e-01
   3.1565617e-01
   3.1518605e-01
   3.1471662e-01
   3.1424790e-01
   3.1377988e-01
   3.1331256e-01
   3.1284593e-01
   3.1238000e-01
   3.1191476e-01
   3.1145021e-01
   3.1098636e-01
   3.1052320e-01
   3.1006073e-01
   3.0959894e-01
   3.0913785e-01
   3.0867744e-01
   3.0821772e-01
   3.0775869e-01
   3.0730034e-01
   3.0684267e-01
   3.0638568e-01
   3.0592938e-01
   3.0547376e-01
   3.0501881e-01
   3.0456454e-01
   3.0411095e-01
   3.0365804e-01
   3.0320580e-01
   3.0275424e-01
   3.0230334e-01
   3.0185312e-01
   3.0140357e-01
   3.0095470e-01
   3.0050649e-01
   3.0005894e-01
   2.9961207e-01
   2.9916586e-01
   2.9872032e-01
   2.9827544e-01
   2.9783122e-01
   2.9738767e-01
   2.9694478e-01
   2.9650254e-01
   2.9606097e-01
   2.9562005e-01
   2.9517980e-01
   2.9474019e-01
   2.9430125e-01
   2.9386296e-01
   2.9342532e-01
   2.9298833e-01
   2.9255199e-01
   2.9211631e-01
   2.9168127e-01
   2.9124689e-01
   2.9081315e-01
   2.9038006e-01
   2.8994761e-01
   2.8951581e-01
   2.8908465e-01
   2.8865413e-01
   2.8822426e-01
   2.8779502e-01
   2.8736643e-01
   2.8693847e-01
   2.8651116e-01
   2.8608448e-01
   2.8565843e-01
   2.8523302e-01
   2.8480825e-01
   2.8438411e-01
   2.8396060e-01
   2.8353772e-01
   2.8311547e-01
   2.8269386e-01
   2.8227287e-01
   2.8185251e-01
   2.8143277e-01
   2.8101366e-01
   2.8059518e-01
   2.8017732e-01
   2.7976008e-01
   2.7934346e-01
   2.7892747e-01
   2.7851209e-01
   2.7809734e-01
   2.7768320e-01
   2.7726968e-01
   2.7685678e-01
   2.7644449e-01
   2.7603282e-01
   2.7562176e-01
   2.7521131e-01
   2.7480148e-01
   2.7439226e-01
   2.7398364e-01
   2.7357564e-01
   2.7316824e-01
   2.7276145e-01
   2.7235527e-01
   2.7194970e-01
   2.7154472e-01
   2.7114036e-01
   2.7073659e-01
   2.7033343e-01
   2.6993087e-01
   2.6952891e-01
   2.6912754e-01
   2.6872678e-01
   2.6832661e-01
   2.6792704e-01
   2.6752807e-01
   2.6712969e-01
   2.6673191e-01
   2.6633471e-01
   2.6593811e-01
   2.6554210e-01
   2.6514669e-01
   2.6475186e-01
   2.6435762e-01
   2.6396397e-01
   2.6357090e-01
   2.6317842e-01
   2.6278653e-01
   2.6239522e-01
   2.6200449e-01
   2.6161435e-01
   2.6122479e-01
   2.6083581e-01
   2.6044741e-01
   2.6005959e-01
   2.5967234e-01
   2.5928568e-01
   2.5889959e-01
   2.5851407e-01
   2.5812913e-01
   2.5774477e-01
   2.5736098e-01
   2.5697776e-01
   2.5659511e-01
   2.5621303e-01
   2.5583153e-01
   2.5545059e-01
   2.5507022e-01
   2.5469041e-01
   2.5431118e-01
   2.5393250e-01
   2.5355440e-01
   2.5317685e-01
   2.5279987e-01
   2.5242346e-01
   2.5204760e-01
   2.5167230e-01
   2.5129757e-01
   2.5092339e-01
   2.5054977e-01
   2.5017671e-01
   2.4980420e-01
   2.4943225e-01
   2.4906085e-01
   2.4869001e-01
   2.4831972e-01
   2.4794998e-01
   2.4758080e-01
   2.4721216e-01
   2.4684408e-01
   2.4647654e-01
   2.4610955e-01
   2.4574311e-01
   2.4537722e-01
   2.4501187e-01
   2.4464707e-01
   2.4428281e-01
   2.4391909e-01
   2.4355592e-01
   2.4319328e-01
   2.4283119e-01
   2.4246964e-01
   2.4210863e-01
   2.4174815e-01
   2.4138822e-01
   2.4102882e-01
   2.4066995e-01
   2.4031163e-01
   2.3995383e-01
   2.3959657e-01
   2.3923984e-01
   2.3888365e-01
   2.3852798e-01
   2.3817285e-01
   2.3781825e-01
   2.3746417e-01
   2.3711062e-01
   2.3675760e-01
   2.3640511e-01
   2.3605314e-01
   2.3570170e-01
   2.3535078e-01
   2.3500039e-01
   2.3465051e-01
   2.3430116e-01
   2.3395233e-01
   2.3360402e-01
   2.3325623e-01
   2.3290896e-01
   2.3256221e-01
   2.3221597e-01
   2.3187026e-01
   2.3152505e-01
   2.3118036e-01
   2.3083619e-01
   2.3049253e-01
   2.3014938e-01
   2.2980674e-01
   2.2946462e-01
   2.2912300e-01
   2.2878189e-01
   2.2844130e-01
   2.2810121e-01
   2.2776163e-01
   2.2742255e-01
   2.2708398e-01
   2.2674592e-01
   2.2640836e-01
   2.2607130e-01
   2.2573475e-01
   2.2539870e-01
   2.2506314e-01
   2.2472809e-01
   2.2439354e-01
   2.2405949e-01
   2.2372594e-01
   2.2339289e-01
   2.2306033e-01
   2.2272826e-01
   2.2239670e-01
   2.2206563e-01
   2.2173505e-01
   2.2140496e-01
   2.2107537e-01
   2.2074627e-01
   2.2041766e-01
   2.2008954e-01
   2.1976191e-01
   2.1943477e-01
   2.1910811e-01
   2.1878195e-01
   2.1845627e-01
   2.1813107e-01
   2.1780636e-01
   2.1748214e-01
   2.1715840e-01
   2.1683514e-01
   2.1651236e-01
   2.1619007e-01
   2.1586826e-01
   2.1554692e-01
   2.1522607e-01
   2.1490570e-01
   2.1458580e-01
   2.1426638e-01
   2.1394744e-01
   2.1362897e-01
   2.1331098e-01
   2.1299346e-01
   2.1267641e-01
   2.1235984e-01
   2.1204374e-01
   2.1172812e-01
   2.1141296e-01
   2.1109828e-01
   2.1078406e-01
   2.1047031e-01
   2.1015703e-01
   2.0984422e-01
   2.0953187e-01
   2.0921999e-01
   2.0890858e-01
   2.0859763e-01
   2.0828715e-01
   2.0797712e-01
   2.0766756e-01
   2.0735847e-01
   2.0704983e-01
   2.0674165e-01
   2.0643394e-01
   2.0612668e-01
   2.0581988e-01
   2.0551354e-01
   2.0520766e-01
   2.0490223e-01
   2.0459726e-01
   2.0429274e-01
   2.0398868e-01
   2.0368507e-01
   2.0338191e-01
   2.0307921e-01
   2.0277696e-01
   2.0247516e-01
   2.0217381e-01
   2.0187291e-01
   2.0157246e-01
   2.0127245e-01
   2.0097290e-01
   2.0067379e-01
   2.0037513e-01
   2.0007691e-01
   1.9977914e-01
   1.9948181e-01
   1.9918493e-01
   1.9888849e-01
   1.9859249e-01
   1.9829693e-01
   1.9800182e-01
   1.9770714e-01
   1.9741291e-01
   1.9711911e-01
   1.9682575e-01
   1.9653283e-01
   1.9624035e-01
   1.9594830e-01
   1.9565669e-01
   1.9536552e-01
   1.9507478e-01
   1.9478447e-01
   1.9449460e-01
   1.9420516e-01
   1.9391615e-01
   1.9362757e-01
   1.9333942e-01
   1.9305170e-01
   1.9276442e-01
   1.9247756e-01
   1.9219113e-01
   1.9190512e-01
   1.9161955e-01
   1.9133440e-01
   1.9104967e-01
   1.9076537e-01
   1.9048149e-01
   1.9019804e-01
   1.8991501e-01
   1.8963262e-01
   2.1519852e-01
   2.3968439e-01
   2.6307219e-01
   2.8537655e-01
   3.0662493e-01
   3.2685312e-01
   3.4610184e-01
   3.6441489e-01
   3.8183710e-01
   3.9841421e-01
   4.1419149e-01
   4.2921472e-01
   4.4352966e-01
   4.5718358e-01
   4.7022618e-01
   4.8271126e-01
   4.9469983e-01
   5.0626326e-01
   5.1748874e-01
   5.2848617e-01
   5.3939900e-01
   5.5042054e-01
   5.6181977e-01
   5.7398522e-01
   5.8750293e-01
   6.0330266e-01
   6.2295198e-01
   6.4929781e-01
   6.8796683e-01
   7.5118463e-01
   8.6851896e-01
   1.1245215e+00
   1.5835267e+00
   1.8666407e+00
   2.0278526e+00
   2.1917097e+00
   2.3735083e+00
   2.5624752e+00
   2.7505302e+00
   2.9333459e+00
   3.1084557e+00
   3.2742190e+00
   3.4294413e+00
   3.5732303e+00
   3.7049508e+00
   3.8242024e+00
   3.9307951e+00
   4.0247290e+00
   4.1061677e+00
   4.1754091e+00
   4.2017203e+00
   4.2033195e+00
   4.1848107e+00
   4.1500792e+00
   4.1023918e+00
   4.0444832e+00
   3.9786313e+00
   3.9067288e+00
   3.8303435e+00
   3.7507682e+00
   3.6690672e+00
   3.5861123e+00
   3.5026156e+00
   3.4191557e+00
   3.3361994e+00
   3.2541213e+00
   3.1732186e+00
   3.0937256e+00
   3.0158229e+00
   2.9396481e+00
   2.8653010e+00
   2.7928530e+00
   2.7223502e+00
   2.6538188e+00
   2.5872685e+00
   2.5226957e+00
   2.4600865e+00
   2.3994170e+00
   2.3406578e+00
   2.2837731e+00
   2.2287234e+00
   2.1754662e+00
   2.1239564e+00
   2.0741477e+00
   2.0259928e+00
   1.9794437e+00
   1.9344524e+00
   1.8909706e+00
   1.8489515e+00
   1.8083477e+00
   1.7691137e+00
   1.7312041e+00
   1.6945751e+00
   1.6591839e+00
   1.6249888e+00
   1.5919489e+00
   1.5600251e+00
   1.5291794e+00
   1.4993744e+00
   1.4705751e+00
   1.4427469e+00
   1.4158563e+00
   1.3898709e+00
   1.3647600e+00
   1.3404935e+00
   1.3170426e+00
   1.2943793e+00
   1.2724768e+00
   1.2513094e+00
   1.2308517e+00
   1.2110800e+00
   1.1919712e+00
   1.1735027e+00
   1.1556532e+00
   1.1384018e+00
   1.1217285e+00
   1.1056137e+00
   1.0900394e+00
   1.0749873e+00
   1.0604404e+00
   1.0463817e+00
   1.0327953e+00
   1.0196658e+00
   1.0069783e+00
   9.9471850e-01
   9.8287213e-01
   9.7142610e-01
   9.6036752e-01
   9.4968389e-01
   9.3936256e-01
   9.2939258e-01
   9.1976238e-01
   9.1046131e-01
   9.0147959e-01
   8.9280618e-01
   8.8443073e-01
   8.7634451e-01
   8.6853905e-01
   8.6100509e-01
   8.5373350e-01
   8.4671658e-01
   8.3994591e-01
   8.3341359e-01
   8.2711252e-01
   8.2103563e-01
   8.1517600e-01
   8.0952680e-01
   8.0408238e-01
   7.9883458e-01
   7.9377846e-01
   7.8890859e-01
   7.8421896e-01
   7.7970384e-01
   7.7535679e-01
   7.7117361e-01
   7.6714939e-01
   7.6327984e-01
   7.5955981e-01
   7.5598391e-01
   7.5254783e-01
   7.4924785e-01
   7.4608087e-01
   7.4304139e-01
   7.4012638e-01
   7.3733133e-01
   7.3465252e-01
   7.3208684e-01
   7.2963103e-01
   7.2728240e-01
   7.2503625e-01
   7.2289067e-01
   7.2084216e-01
   7.1888789e-01
   7.1702541e-01
   7.1525091e-01
   7.1356275e-01
   7.1195807e-01
   7.1043435e-01
   7.0898914e-01
   7.0761982e-01
   7.0632480e-01
   7.0510134e-01
   7.0394797e-01
   7.0286208e-01
   7.0184189e-01
   7.0088504e-01
   6.9999021e-01
   6.9915531e-01
   6.9837871e-01
   6.9765882e-01
   6.9699362e-01
   6.9638240e-01
   6.9582256e-01
   6.9531346e-01
   6.9485280e-01
   6.9444014e-01
   6.9407342e-01
   6.9375118e-01
   6.9347269e-01
   6.9323661e-01
   6.9304164e-01
   6.9288638e-01
   6.9276997e-01
   6.9269178e-01
   6.9264994e-01
   6.9264400e-01
   6.9267285e-01
   6.9273559e-01
   6.9283137e-01
   6.9295930e-01
   6.9311874e-01
   6.9330856e-01
   6.9352812e-01
   6.9377667e-01
   6.9405372e-01
   6.9435809e-01
   6.9468944e-01
   6.9504716e-01
   6.9543044e-01
   6.9583887e-01
   6.9627210e-01
   6.9672949e-01
   6.9721046e-01
   6.9771469e-01
   6.9824141e-01
   6.9879016e-01
   6.9936090e-01
   6.9995283e-01
   7.0056605e-01
   7.0119982e-01
   7.0185419e-01
   7.0252845e-01
   7.0322249e-01
   7.0393644e-01
   7.0466964e-01
   7.0542183e-01
   7.0619324e-01
   7.0698326e-01
   7.0779258e-01
   7.0862030e-01
   7.0946654e-01
   7.1033153e-01
   7.1121462e-01
   7.1211589e-01
   7.1303556e-01
   7.1397369e-01
   7.1492996e-01
   7.1590479e-01
   7.1689801e-01
   7.1790983e-01
   7.1894013e-01
   7.1998902e-01
   7.2105668e-01
   7.2214314e-01
   7.2324846e-01
   7.2437295e-01
   7.2551648e-01
   7.2667926e-01
   7.2786085e-01
   7.2906158e-01
   7.3028143e-01
   7.3152040e-01
   7.3277838e-01
   7.3405530e-01
   7.3535092e-01
   7.3666518e-01
   7.3799776e-01
   7.3934857e-01
   7.4071719e-01
   7.4210337e-01
   7.4350720e-01
   7.4492828e-01
   7.4636544e-01
   7.4781853e-01
   7.4928738e-01
   7.5077162e-01
   7.5227024e-01
   7.5378297e-01
   7.5530933e-01
   7.5684883e-01
   7.5840059e-01
   7.5996445e-01
   7.6153993e-01
   7.6312642e-01
   7.6472260e-01
   7.6632838e-01
   7.6794333e-01
   7.6956670e-01
   7.7119796e-01
   7.7283672e-01
   7.7448208e-01
   7.7613353e-01
   7.7779096e-01
   7.7945383e-01
   7.8112072e-01
   7.8279326e-01
   7.8446857e-01
   7.8614763e-01
   7.8782878e-01
   7.8951260e-01
   7.9119851e-01
   7.9288582e-01
   7.9457437e-01
   7.9626389e-01
   7.9795425e-01
   7.9964450e-01
   8.0133490e-01
   8.0302530e-01
   8.0471367e-01
   8.0640121e-01
   8.0808713e-01
   8.0977182e-01
   8.1145424e-01
   8.1313386e-01
   8.1481239e-01
   8.1648807e-01
   8.1816155e-01
   8.1983172e-01
   8.2149875e-01
   8.2316164e-01
   8.2482132e-01
   8.2647745e-01
   8.2812989e-01
   8.2977808e-01
   8.3142196e-01
   8.3306276e-01
   8.3469837e-01
   8.3632934e-01
   8.3795588e-01
   8.3957812e-01
   8.4119544e-01
   8.4280790e-01
   8.4441558e-01
   8.4601797e-01
   8.4761540e-01
   8.4920765e-01
   8.5079444e-01
   8.5237601e-01
   8.5395216e-01
   8.5552355e-01
   8.5708901e-01
   8.5864987e-01
   8.6020472e-01
   8.6175579e-01
   8.6330015e-01
   8.6483818e-01
   8.6637111e-01
   8.6789840e-01
   8.6942023e-01
   8.7093768e-01
   8.7244841e-01
   8.7395342e-01
   8.7545237e-01
   8.7694620e-01
   8.7843433e-01
   8.7991668e-01
   8.8139238e-01
   8.8286288e-01
   8.8432825e-01
   8.8578780e-01
   8.8724194e-01
   8.8868993e-01
   8.9013232e-01
   8.9156927e-01
   8.9300016e-01
   8.9442630e-01
   8.9584651e-01
   8.9726184e-01
   8.9867075e-01
   9.0007439e-01
   9.0147228e-01
   9.0286450e-01
   9.0425145e-01
   9.0563230e-01
   9.0700774e-01
   9.0837836e-01
   9.0974411e-01
   9.1110369e-01
   9.1245852e-01
   9.1380826e-01
   9.1515224e-01
   9.1649045e-01
   9.1782404e-01
   9.1915208e-01
   9.2047541e-01
   9.2179288e-01
   9.2310519e-01
   9.2441293e-01
   9.2571587e-01
   9.2701384e-01
   9.2830667e-01
   9.2959427e-01
   9.3087654e-01
   9.3215343e-01
   9.3342730e-01
   9.3469487e-01
   9.3595670e-01
   9.3721427e-01
   9.3846769e-01
   9.3971654e-01
   9.4095958e-01
   9.4219809e-01
   9.4343176e-01
   9.4466049e-01
   9.4588489e-01
   9.4710605e-01
   9.4832191e-01
   9.4953464e-01
   9.5074170e-01
   9.5194457e-01
   9.5314255e-01
   9.5433732e-01
   9.5552826e-01
   9.5671537e-01
   9.5789655e-01
   9.5907419e-01
   9.6024761e-01
   9.6141710e-01
   9.6258290e-01
   9.6374330e-01
   9.6490012e-01
   9.6605209e-01
   9.6720209e-01
   9.6834863e-01
   9.6948932e-01
   9.7062629e-01
   9.7176047e-01
   9.7289169e-01
   9.7401796e-01
   9.7513988e-01
   9.7625770e-01
   9.7737161e-01
   9.7848369e-01
   9.7959274e-01
   9.8069782e-01
   9.8179891e-01
   9.8289600e-01
   9.8398909e-01
   9.8507992e-01
   9.8616756e-01
   9.8725108e-01
   9.8833240e-01
   9.8941017e-01
   9.9048377e-01
   9.9155478e-01
   9.9262245e-01
   9.9368772e-01
   9.9474931e-01
   9.9580849e-01
   9.9686391e-01
   9.9791674e-01
   9.9896592e-01
   1.0000122e+00
   1.0010572e+00
   1.0020979e+00
   1.0031360e+00
   1.0041725e+00
   1.0052047e+00
   1.0062340e+00
   1.0072617e+00
   1.0082876e+00
   1.0093089e+00
   1.0103272e+00
   1.0113436e+00
   1.0123582e+00
   1.0133708e+00
   1.0143788e+00
   1.0153835e+00
   1.0163861e+00
   1.0173867e+00
   1.0183851e+00
   1.0193814e+00
   1.0203755e+00
   1.0213673e+00
   1.0223569e+00
   1.0233441e+00
   1.0243290e+00
   1.0253115e+00
   1.0262917e+00
   1.0272695e+00
   1.0282448e+00
   1.0292178e+00
   1.0301883e+00
   1.0311586e+00
   1.0321276e+00
   1.0330942e+00
   1.0340581e+00
   1.0350195e+00
   1.0359784e+00
   1.0369371e+00
   1.0378942e+00
   1.0388486e+00
   1.0398004e+00
   1.0407497e+00
   1.0416985e+00
   1.0426458e+00
   1.0435904e+00
   1.0445324e+00
   1.0454738e+00
   1.0464137e+00
   1.0473510e+00
   1.0482880e+00
   1.0492231e+00
   1.0501555e+00
   1.0510877e+00
   1.0520179e+00
   1.0529454e+00
   1.0538726e+00
   1.0547978e+00
   1.0557203e+00
   1.0566422e+00
   1.0575624e+00
   1.0584826e+00
   1.0594005e+00
   1.0603157e+00
   1.0612303e+00
   1.0621431e+00
   1.0630558e+00
   1.0639662e+00
   1.0648768e+00
   1.0657849e+00
   1.0666903e+00
   1.0675949e+00
   1.0684979e+00
   1.0694002e+00
   1.0703009e+00
   1.0712009e+00
   1.0720992e+00
   1.0729970e+00
   1.0738929e+00
   1.0747883e+00
   1.0756818e+00
   1.0765748e+00
   1.0774660e+00
   1.0783564e+00
   1.0792453e+00
   1.0801332e+00
   1.0810197e+00
   1.0819050e+00
   1.0827920e+00
   1.0836763e+00
   1.0845605e+00
   1.0854425e+00
   1.0863240e+00
   1.0872036e+00
   1.0880823e+00
   1.0889625e+00
   1.0898400e+00
   1.0907173e+00
   1.0915925e+00
   1.0924669e+00
   1.0933428e+00
   1.0942158e+00
   1.0950888e+00
   1.0959595e+00
   1.0968295e+00
   1.0977009e+00
   1.0985695e+00
   1.0994379e+00
   1.1003043e+00
   1.1011697e+00
   1.1020364e+00
   1.1029009e+00
   1.1037646e+00
   1.1046298e+00
   1.1054922e+00
   1.1063543e+00
   1.1072146e+00
   1.1080736e+00
   1.1089341e+00
   1.1097925e+00
   1.1106499e+00
   1.1115087e+00
   1.1123654e+00
   1.1132211e+00
   1.1140782e+00
   1.1149332e+00
   1.1157872e+00
   1.1166426e+00
   1.1174958e+00
   1.1183481e+00
   1.1192019e+00
   1.1200534e+00
   1.1209040e+00
   1.1217561e+00
   1.1226060e+00
   1.1234549e+00
   1.1243053e+00
   1.1251537e+00
   1.1260010e+00
   1.1268498e+00
   1.1276966e+00
   1.1285424e+00
   1.1293896e+00
   1.1302383e+00
   1.1310841e+00
   1.1319297e+00
   1.1327767e+00
   1.1336211e+00
   1.1344650e+00
   1.1353105e+00
   1.1361535e+00
   1.1369960e+00
   1.1378400e+00
   1.1386817e+00
   1.1395228e+00
   1.1403654e+00
   1.1412060e+00
   1.1420457e+00
   1.1428870e+00
   1.1437266e+00
   1.1445650e+00
   1.1454052e+00
   1.1462470e+00
   1.1470861e+00
   1.1479250e+00
   1.1487656e+00
   1.1496036e+00
   1.1504414e+00
   1.1512810e+00
   1.1521181e+00
   1.1529549e+00
   1.1537935e+00
   1.1546299e+00
   1.1554657e+00
   1.1563035e+00
   1.1571392e+00
   1.1579743e+00
   1.1588114e+00
   1.1596465e+00
   1.1604810e+00
   1.1613175e+00
   1.1621521e+00
   1.1629861e+00
   1.1638221e+00
   1.1646563e+00
   1.1654900e+00
   1.1663257e+00
   1.1671596e+00
   1.1679930e+00
   1.1688286e+00
   1.1696622e+00
   1.1704955e+00
   1.1713311e+00
   1.1721646e+00
   1.1729979e+00
   1.1738336e+00
   1.1746670e+00
   1.1755005e+00
   1.1763364e+00
   1.1771699e+00
   1.1780037e+00
   1.1788362e+00
   1.1796682e+00
   1.1805027e+00
   1.1813356e+00
   1.1821683e+00
   1.1830036e+00
   1.1838368e+00
   1.1846704e+00
   1.1855028e+00
   1.1863348e+00
   1.1871696e+00
   1.1880026e+00
   1.1888359e+00
   1.1896720e+00
   1.1905057e+00
   1.1913403e+00
   1.1921734e+00
   1.1930068e+00
   1.1938394e+00
   1.1946717e+00
   1.1955071e+00
   1.1963408e+00
   1.1971751e+00
   1.1980084e+00
   1.1988418e+00
   1.1996785e+00
   1.2005130e+00
   1.2013488e+00
   1.2021831e+00
   1.2030182e+00
   1.2038523e+00
   1.2046869e+00
   1.2055210e+00
   1.2063552e+00
   1.2071930e+00
   1.2080288e+00
   1.2088662e+00
   1.2097020e+00
   1.2105392e+00
   1.2113751e+00
   1.2122123e+00
   1.2130483e+00
   1.2138856e+00
   1.2147219e+00
   1.2155594e+00
   1.2163960e+00
   1.2172339e+00
   1.2180709e+00
   1.2189094e+00
   1.2197469e+00
   1.2205859e+00
   1.2214240e+00
   1.2222638e+00
   1.2231024e+00
   1.2239431e+00
   1.2247825e+00
   1.2256202e+00
   1.2264586e+00
   1.2272972e+00
   1.2281369e+00
   1.2289765e+00
   1.2298176e+00
   1.2306582e+00
   1.2315009e+00
   1.2323426e+00
   1.2331828e+00
   1.2340240e+00
   1.2348655e+00
   1.2357087e+00
   1.2365515e+00
   1.2373929e+00
   1.2382353e+00
   1.2390782e+00
   1.2399230e+00
   1.2407674e+00
   1.2416105e+00
   1.2424550e+00
   1.2432999e+00
   1.2441472e+00
   1.2449938e+00
   1.2458391e+00
   1.2466867e+00
   1.2475341e+00
   1.2483801e+00
   1.2492284e+00
   1.2500766e+00
   1.2509236e+00
   1.2517730e+00
   1.2526223e+00
   1.2534705e+00
   1.2543213e+00
   1.2551721e+00
   1.2560217e+00
   1.2568703e+00
   1.2577209e+00
   1.2585723e+00
   1.2594227e+00
   1.2602757e+00
   1.2611291e+00
   1.2619816e+00
   1.2628332e+00
   1.2636873e+00
   1.2645421e+00
   1.2653961e+00
   1.2662494e+00
   1.2671053e+00
   1.2679620e+00
   1.2688180e+00
   1.2696733e+00
   1.2705319e+00
   1.2713909e+00
   1.2722493e+00
   1.2731072e+00
   1.2739644e+00
   1.2748251e+00
   1.2756865e+00
   1.2765474e+00
   1.2774078e+00
   1.2782678e+00
   1.2791274e+00
   1.2799906e+00
   1.2808549e+00
   1.2817188e+00
   1.2825824e+00
   1.2834457e+00
   1.2843088e+00
   1.2851718e+00
   1.2860346e+00
   1.2869013e+00
   1.2877695e+00
   1.2886377e+00
   1.2895058e+00
   1.2903738e+00
   1.2912419e+00
   1.2921101e+00
   1.2929784e+00
   1.2938468e+00
   1.2947155e+00
   1.2955844e+00
   1.2964536e+00
   1.2973232e+00
   1.2981932e+00
   1.2990636e+00
   1.2999344e+00
   1.3008058e+00
   1.3016777e+00
   1.3025503e+00
   1.3034234e+00
   1.3042973e+00
   1.3051718e+00
   1.3060471e+00
   1.3069232e+00
   1.3078001e+00
   1.3086778e+00
   1.3095564e+00
   1.3104360e+00
   1.3113165e+00
   1.3121981e+00
   1.3130806e+00
   1.3139643e+00
   1.3148490e+00
   1.3157349e+00
   1.3166219e+00
   1.3175058e+00
   1.3183888e+00
   1.3192732e+00
   1.3201591e+00
   1.3210464e+00
   1.3219353e+00
   1.3228258e+00
   1.3237136e+00
   1.3246005e+00
   1.3254893e+00
   1.3263798e+00
   1.3272723e+00
   1.3281666e+00
   1.3290582e+00
   1.3299494e+00
   1.3308428e+00
   1.3317383e+00
   1.3326360e+00
   1.3335309e+00
   1.3344259e+00
   1.3353234e+00
   1.3362232e+00
   1.3371205e+00
   1.3380181e+00
   1.3389183e+00
   1.3398170e+00
   1.3407153e+00
   1.3416164e+00
   1.3425205e+00
   1.3434223e+00
   1.3443248e+00
   1.3452303e+00
   1.3461340e+00
   1.3470383e+00
   1.3479459e+00
   1.3488516e+00
   1.3497582e+00
   1.3506683e+00
   1.3515764e+00
   1.3524858e+00
   1.3533944e+00
   1.3543035e+00
   1.3552165e+00
   1.3561278e+00
   1.3570407e+00
   1.3579529e+00
   1.3588660e+00
   1.3597790e+00
   1.3606927e+00
   1.3616107e+00
   1.3625273e+00
   1.3634461e+00
   1.3643638e+00
   1.3652836e+00
   1.3662026e+00
   1.3671238e+00
   1.3680442e+00
   1.3689669e+00
   1.3698889e+00
   1.3708134e+00
   1.3717372e+00
   1.3726638e+00
   1.3735893e+00
   1.3745136e+00
   1.3754396e+00
   1.3763660e+00
   1.3772949e+00
   1.3782236e+00
   1.3791512e+00
   1.3800806e+00
   1.3810108e+00
   1.3819437e+00
   1.3828766e+00
   1.3838085e+00
   1.3847429e+00
   1.3856777e+00
   1.3866117e+00
   1.3875483e+00
   1.3884855e+00
   1.3894220e+00
   1.3903613e+00
   1.3913013e+00
   1.3922405e+00
   1.3931834e+00
   1.3941264e+00
   1.3950688e+00
   1.3960106e+00
   1.3969560e+00
   1.3979021e+00
   1.3988477e+00
   1.3997928e+00
   1.4007377e+00
   1.4016857e+00
   1.4026354e+00
   1.4035847e+00
   1.4045339e+00
   1.4054829e+00
   1.4064357e+00
   1.4073901e+00
   1.4083444e+00
   1.4092986e+00
   1.4102529e+00
   1.4112073e+00
   1.4121619e+00
   1.4131167e+00
   1.4140756e+00
   1.4150369e+00
   1.4159983e+00
   1.4169602e+00
   1.4179224e+00
   1.4188851e+00
   1.4198482e+00
   1.4208120e+00
   1.4217764e+00
   1.4227414e+00
   1.4237073e+00
   1.4246739e+00
   1.4256414e+00
   1.4266098e+00
   1.4275792e+00
   1.4285496e+00
   1.4295212e+00
   1.4304938e+00
   1.4314676e+00
   1.4324427e+00
   1.4334191e+00
   1.4343968e+00
   1.4353759e+00
   1.4363523e+00
   1.4373314e+00
   1.4383109e+00
   1.4392905e+00
   1.4402709e+00
   1.4412527e+00
   1.4422362e+00
   1.4432216e+00
   1.4442090e+00
   1.4451931e+00
   1.4461776e+00
   1.4471659e+00
   1.4481561e+00
   1.4491477e+00
   1.4501361e+00
   1.4511247e+00
   1.4521174e+00
   1.4531122e+00
   1.4541042e+00
   1.4550998e+00
   1.4560957e+00
   1.4570925e+00
   1.4580912e+00
   1.4590878e+00
   1.4600838e+00
   1.4610824e+00
   1.4620843e+00
   1.4630883e+00
   1.4640896e+00
   1.4650919e+00
   1.4660941e+00
   1.4670968e+00
   1.4681016e+00
   1.4691098e+00
   1.4701164e+00
   1.4711240e+00
   1.4721318e+00
   1.4731402e+00
   1.4741512e+00
   1.4751659e+00
   1.4761791e+00
   1.4771937e+00
   1.4782084e+00
   1.4792242e+00
   1.4802432e+00
   1.4812608e+00
   1.4822799e+00
   1.4832992e+00
   1.4843198e+00
   1.4853441e+00
   1.4863670e+00
   1.4873916e+00
   1.4884165e+00
   1.4894433e+00
   1.4904687e+00
   1.4914956e+00
   1.4925231e+00
   1.4935523e+00
   1.4945814e+00
   1.4956107e+00
   1.4966444e+00
   1.4976772e+00
   1.4987115e+00
   1.4997465e+00
   1.5007838e+00
   1.5018203e+00
   1.5028589e+00
   1.5038984e+00
   1.5049405e+00
   1.5059818e+00
   1.5070255e+00
   1.5080700e+00
   1.5091131e+00
   1.5101564e+00
   1.5112002e+00
   1.5122464e+00
   1.5132936e+00
   1.5143419e+00
   1.5153909e+00
   1.5164428e+00
   1.5174950e+00
   1.5185501e+00
   1.5196064e+00
   1.5206610e+00
   1.5217180e+00
   1.5227763e+00
   1.5238334e+00
   1.5248926e+00
   1.5259536e+00
   1.5270140e+00
   1.5280754e+00
   1.5291380e+00
   1.5302045e+00
   1.5312702e+00
   1.5323352e+00
   1.5334007e+00
   1.5344701e+00
   1.5355393e+00
   1.5366082e+00
   1.5376775e+00
   1.5387508e+00
   1.5398243e+00
   1.5408976e+00
   1.5419713e+00
   1.5430496e+00
   1.5441269e+00
   1.5452054e+00
   1.5462849e+00
   1.5473677e+00
   1.5484530e+00
   1.5495360e+00
   1.5506188e+00
   1.5517025e+00
   1.5527872e+00
   1.5538741e+00
   1.5549635e+00
   1.5560531e+00
   1.5571472e+00
   1.5582381e+00
   1.5593318e+00
   1.5604288e+00
   1.5615241e+00
   1.5626192e+00
   1.5637159e+00
   1.5648135e+00
   1.5659161e+00
   1.5670157e+00
   1.5681190e+00
   1.5692208e+00
   1.5703243e+00
   1.5714309e+00
   1.5725367e+00
   1.5736426e+00
   1.5747505e+00
   1.5758586e+00
   1.5769667e+00
   1.5780766e+00
   1.5791883e+00
   1.5803008e+00
   1.5814145e+00
   1.5825295e+00
   1.5836450e+00
   1.5847626e+00
   1.5858810e+00
   1.5869998e+00
   1.5881209e+00
   1.5892429e+00
   1.5903655e+00
   1.5914906e+00
   1.5926168e+00
   1.5937434e+00
   1.5948731e+00
   1.5960023e+00
   1.5971335e+00
   1.5982651e+00
   1.5993980e+00
   1.6005317e+00
   1.6016661e+00
   1.6028038e+00
   1.6039415e+00
   1.6050816e+00
   1.6062223e+00
   1.6073652e+00
   1.6085075e+00
   1.6096524e+00
   1.6107979e+00
   1.6119463e+00
   1.6130927e+00
   1.6142430e+00
   1.6153914e+00
   1.6165404e+00
   1.6176938e+00
   1.6188464e+00
   1.6199977e+00
   1.6211517e+00
   1.6223074e+00
   1.6234665e+00
   1.6246269e+00
   1.6257860e+00
   1.6269452e+00
   1.6281072e+00
   1.6292707e+00
   1.6304327e+00
   1.6315980e+00
   1.6327644e+00
   1.6339346e+00
   1.6351039e+00
   1.6362744e+00
   1.6374447e+00
   1.6386158e+00
   1.6397912e+00
   1.6409669e+00
   1.6421431e+00
   1.6433213e+00
   1.6444996e+00
   1.6456791e+00
   1.6468591e+00
   1.6480404e+00
   1.6492259e+00
   1.6504120e+00
   1.6515982e+00
   1.6527896e+00
   1.6539791e+00
   1.6551669e+00
   1.6563570e+00
   1.6575484e+00
   1.6587400e+00
   1.6599338e+00
   1.6611280e+00
   1.6623246e+00
   1.6635217e+00
   1.6647212e+00
   1.6659207e+00
   1.6671232e+00
   1.6683267e+00
   1.6695338e+00
   1.6707403e+00
   1.6719446e+00
   1.6731516e+00
   1.6743611e+00
   1.6755711e+00
   1.6767851e+00
   1.6780024e+00
   1.6792191e+00
   1.6804381e+00
   1.6816575e+00
   1.6828793e+00
   1.6841000e+00
   1.6853262e+00
   1.6865519e+00
   1.6877762e+00
   1.6890020e+00
   1.6902306e+00
   1.6914602e+00
   1.6926925e+00
   1.6939242e+00
   1.6951567e+00
   1.6963891e+00
   1.6976234e+00
   1.6988612e+00
   1.7000991e+00
   1.7013405e+00
   1.7025819e+00
   1.7038217e+00
   1.7050628e+00
   1.7063092e+00
   1.7075564e+00
   1.7088022e+00
   1.7100503e+00
   1.7113021e+00
   1.7125545e+00
   1.7138080e+00
   1.7150630e+00
   1.7163192e+00
   1.7175756e+00
   1.7188332e+00
   1.7200924e+00
   1.7213534e+00
   1.7226162e+00
   1.7238797e+00
   1.7251414e+00
   1.7264071e+00
   1.7276756e+00
   1.7289492e+00
   1.7302208e+00
   1.7314934e+00
   1.7327674e+00
   1.7340445e+00
   1.7353213e+00
   1.7365979e+00
   1.7378768e+00
   1.7391575e+00
   1.7404367e+00
   1.7417193e+00
   1.7430072e+00
   1.7442947e+00
   1.7455827e+00
   1.7468723e+00
   1.7481606e+00
   1.7494527e+00
   1.7507504e+00
   1.7520475e+00
   1.7533446e+00
   1.7546429e+00
   1.7559426e+00
   1.7572437e+00
   1.7585458e+00
   1.7598507e+00
   1.7611552e+00
   1.7624627e+00
   1.7637705e+00
   1.7650808e+00
   1.7663915e+00
   1.7677048e+00
   1.7690188e+00
   1.7703355e+00
   1.7716530e+00
   1.7729733e+00
   1.7742937e+00
   1.7756154e+00
   1.7769402e+00
   1.7782665e+00
   1.7795940e+00
   1.7809250e+00
   1.7822556e+00
   1.7835868e+00
   1.7849200e+00
   1.7862549e+00
   1.7875939e+00
   1.7889326e+00
   1.7902727e+00
   1.7916149e+00
   1.7929599e+00
   1.7943038e+00
   1.7956483e+00
   1.7969969e+00
   1.7983455e+00
   1.7996960e+00
   1.8010494e+00
   1.8024031e+00
   1.8037592e+00
   1.8051168e+00
   1.8064750e+00
   1.8078358e+00
   1.8091982e+00
   1.8105635e+00
   1.8119299e+00
   1.8133000e+00
   1.8146708e+00
   1.8160403e+00
   1.8174104e+00
   1.8187857e+00
   1.8201599e+00
   1.8215352e+00
   1.8229132e+00
   1.8242936e+00
   1.8256744e+00
   1.8270571e+00
   1.8284427e+00
   1.8298302e+00
   1.8312184e+00
   1.8326091e+00
   1.8340030e+00
   1.8353989e+00
   1.8367931e+00
   1.8381891e+00
   1.8395892e+00
   1.8409903e+00
   1.8423913e+00
   1.8437938e+00
   1.8452027e+00
   1.8466107e+00
   1.8480195e+00
   1.8494294e+00
   1.8508417e+00
   1.8522549e+00
   1.8536701e+00
   1.8550868e+00
   1.8565048e+00
   1.8579243e+00
   1.8593453e+00
   1.8607680e+00
   1.8621977e+00
   1.8636278e+00
   1.8650585e+00
   1.8664898e+00
   1.8679243e+00
   1.8693595e+00
   1.8707974e+00
   1.8722362e+00
   1.8736781e+00
   1.8751209e+00
   1.8765673e+00
   1.8780144e+00
   1.8794621e+00
   1.8809130e+00
   1.8823655e+00
   1.8838228e+00
   1.8852790e+00
   1.8867359e+00
   1.8881943e+00
   1.8896547e+00
   1.8911173e+00
   1.8925818e+00
   1.8940487e+00
   1.8955181e+00
   1.8969894e+00
   1.8984623e+00
   1.8999388e+00
   1.9014177e+00
   1.9028972e+00
   1.9043817e+00
   1.9058658e+00
   1.9073518e+00
   1.9088407e+00
   1.9103291e+00
   1.9118188e+00
   1.9133109e+00
   1.9148051e+00
   1.9163038e+00
   1.9178030e+00
   1.9193057e+00
   1.9208074e+00
   1.9223107e+00
   1.9238166e+00
   1.9253232e+00
   1.9268338e+00
   1.9283461e+00
   1.9298605e+00
   1.9313728e+00
   1.9328887e+00
   1.9344088e+00
   1.9359324e+00
   1.9374585e+00
   1.9389860e+00
   1.9405135e+00
   1.9420435e+00
   1.9435754e+00
   1.9451098e+00
   1.9466492e+00
   1.9481891e+00
   1.9497294e+00
   1.9512729e+00
   1.9528163e+00
   1.9543645e+00
   1.9559145e+00
   1.9574632e+00
   1.9590165e+00
   1.9605728e+00
   1.9621278e+00
   1.9636880e+00
   1.9652509e+00
   1.9668132e+00
   1.9683788e+00
   1.9699466e+00
   1.9715186e+00
   1.9730956e+00
   1.9746713e+00
   1.9762482e+00
   1.9778282e+00
   1.9794106e+00
   1.9809942e+00
   1.9825787e+00
   1.9841674e+00
   1.9857581e+00
   1.9873517e+00
   1.9889467e+00
   1.9905435e+00
   1.9921437e+00
   1.9937449e+00
   1.9953485e+00
   1.9969556e+00
   1.9985663e+00
   2.0001794e+00
   2.0017960e+00
   2.0034135e+00
   2.0050324e+00
   2.0066531e+00
   2.0082771e+00
   2.0099035e+00
   2.0115345e+00
   2.0131641e+00
   2.0147981e+00
   2.0164345e+00
   2.0180724e+00
   2.0197143e+00
   2.0213565e+00
   2.0230032e+00
   2.0246525e+00
   2.0263032e+00
   2.0279568e+00
   2.0296102e+00
   2.0312709e+00
   2.0329329e+00
   2.0345934e+00
   2.0362578e+00
   2.0379271e+00
   2.0395980e+00
   2.0412705e+00
   2.0429487e+00
   2.0446240e+00
   2.0463025e+00
   2.0479865e+00
   2.0496718e+00
   2.0513596e+00
   2.0530481e+00
   2.0547417e+00
   2.0564370e+00
   2.0581351e+00
   2.0598350e+00
   2.0615384e+00
   2.0632450e+00
   2.0649564e+00
   2.0666656e+00
   2.0683784e+00
   2.0700962e+00
   2.0718150e+00
   2.0735378e+00
   2.0752621e+00
   2.0769869e+00
   2.0787159e+00
   2.0804501e+00
   2.0821854e+00
   2.0839242e+00
   2.0856649e+00
   2.0874105e+00
   2.0891585e+00
   2.0909111e+00
   2.0926646e+00
   2.0944197e+00
   2.0961780e+00
   2.0979384e+00
   2.0997001e+00
   2.1014673e+00
   2.1032356e+00
   2.1050077e+00
   2.1067825e+00
   2.1085593e+00
   2.1103405e+00
   2.1121259e+00
   2.1139115e+00
   2.1157009e+00
   2.1174938e+00
   2.1192924e+00
   2.1210914e+00
   2.1228927e+00
   2.1246970e+00
   2.1265072e+00
   2.1283177e+00
   2.1301337e+00
   2.1319500e+00
   2.1337721e+00
   2.1355933e+00
   2.1374181e+00
   2.1392443e+00
   2.1410773e+00
   2.1429113e+00
   2.1447519e+00
   2.1465920e+00
   2.1484338e+00
   2.1502830e+00
   2.1521322e+00
   2.1539837e+00
   2.1558400e+00
   2.1576983e+00
   2.1595597e+00
   2.1614262e+00
   2.1632953e+00
   2.1651661e+00
   2.1670415e+00
   2.1689200e+00
   2.1708006e+00
   2.1726861e+00
   2.1745752e+00
   2.1764670e+00
   2.1783638e+00
   2.1802648e+00
   2.1821657e+00
   2.1840725e+00
   2.1859809e+00
   2.1878929e+00
   2.1898071e+00
   2.1917251e+00
   2.1936459e+00
   2.1955718e+00
   2.1974991e+00
   2.1994332e+00
   2.2013694e+00
   2.2033111e+00
   2.2052530e+00
   2.2071990e+00
   2.2091469e+00
   2.2110985e+00
   2.2130553e+00
   2.2150144e+00
   2.2169770e+00
   2.2189424e+00
   2.2209145e+00
   2.2228887e+00
   2.2248684e+00
   2.2268488e+00
   2.2288332e+00
   2.2308189e+00
   2.2328109e+00
   2.2348059e+00
   2.2368062e+00
   2.2388072e+00
   2.2408133e+00
   2.2428256e+00
   2.2448423e+00
   2.2468599e+00
   2.2488815e+00
   2.2509058e+00
   2.2529353e+00
   2.2549673e+00
   2.2570053e+00
   2.2590484e+00
   2.2610925e+00
   2.2631419e+00
   2.2651956e+00
   2.2672546e+00
   2.2693152e+00
   2.2713781e+00
   2.2734473e+00
   2.2755204e+00
   2.2775979e+00
   2.2796788e+00
   2.2817629e+00
   2.2838533e+00
   2.2859468e+00
   2.2880429e+00
   2.2901415e+00
   2.2922469e+00
   2.2943561e+00
   2.2964706e+00
   2.2985883e+00
   2.3007091e+00
   2.3028324e+00
   2.3049587e+00
   2.3070922e+00
   2.3092293e+00
   2.3113692e+00
   2.3135180e+00
   2.3156708e+00
   2.3178278e+00
   2.3199866e+00
   2.3221502e+00
   2.3243171e+00
   2.3264888e+00
   2.3286643e+00
   2.3308450e+00
   2.3330297e+00
   2.3352205e+00
   2.3374152e+00
   2.3396130e+00
   2.3418159e+00
   2.3440249e+00
   2.3462374e+00
   2.3484539e+00
   2.3506746e+00
   2.3528996e+00
   2.3551310e+00
   2.3573668e+00
   2.3596053e+00
   2.3618503e+00
   2.3641002e+00
   2.3663531e+00
   2.3686099e+00
   2.3708714e+00
   2.3731395e+00
   2.3754119e+00
   2.3776887e+00
   2.3799691e+00
   2.3822559e+00
   2.3845478e+00
   2.3868435e+00
   2.3891438e+00
   2.3914482e+00
   2.3937579e+00
   2.3960728e+00
   2.3983919e+00
   2.4007153e+00
   2.4030452e+00
   2.4053795e+00
   2.4077179e+00
   2.4100616e+00
   2.4124108e+00
   2.4147646e+00
   2.4171232e+00
   2.4194867e+00
   2.4218553e+00
   2.4242294e+00
   2.4266080e+00
   2.4289919e+00
   2.4313788e+00
   2.4337726e+00
   2.4361732e+00
   2.4385799e+00
   2.4409918e+00
   2.4434064e+00
   2.4458281e+00
   2.4482535e+00
   2.4506846e+00
   2.4531177e+00
   2.4555595e+00
   2.4580060e+00
   2.4604596e+00
   2.4629184e+00
   2.4653829e+00
   2.4678512e+00
   2.4703263e+00
   2.4728042e+00
   2.4752894e+00
   2.4777791e+00
   2.4802766e+00
   2.4827802e+00
   2.4852884e+00
   2.4878022e+00
   2.4903214e+00
   2.4928457e+00
   2.4953740e+00
   2.4979100e+00
   2.5004519e+00
   2.5029984e+00
   2.5055502e+00
   2.5081071e+00
   2.5106717e+00
   2.5132439e+00
   2.5158201e+00
   2.5184064e+00
   2.5209937e+00
   2.5235878e+00
   2.5261897e+00
   2.5287960e+00
   2.5314082e+00
   2.5340243e+00
   2.5366467e+00
   2.5392756e+00
   2.5419126e+00
   2.5445529e+00
   2.5472027e+00
   2.5498575e+00
   2.5525176e+00
   2.5551860e+00
   2.5578584e+00
   2.5605384e+00
   2.5632220e+00
   2.5659136e+00
   2.5686094e+00
   2.5713117e+00
   2.5740233e+00
   2.5767395e+00
   2.5794603e+00
   2.5821881e+00
   2.5849236e+00
   2.5876627e+00
   2.5904097e+00
   2.5931633e+00
   2.5959240e+00
   2.5986900e+00
   2.6014651e+00
   2.6042468e+00
   2.6070341e+00
   2.6098254e+00
   2.6126227e+00
   2.6154323e+00
   2.6182441e+00
   2.6210669e+00
   2.6238930e+00
   2.6267255e+00
   2.6295637e+00
   2.6324089e+00
   2.6352619e+00
   2.6381219e+00
   2.6409857e+00
   2.6438588e+00
   2.6467372e+00
   2.6496266e+00
   2.6525207e+00
   2.6554239e+00
   2.6583354e+00
   2.6612509e+00
   2.6641730e+00
   2.6671013e+00
   2.6700367e+00
   2.6729810e+00
   2.6759307e+00
   2.6788894e+00
   2.6818539e+00
   2.6848258e+00
   2.6878079e+00
   2.6907969e+00
   2.6937905e+00
   2.6967904e+00
   2.6997963e+00
   2.7028117e+00
   2.7058333e+00
   2.7088627e+00
   2.7118983e+00
   2.7149430e+00
   2.7179959e+00
   2.7210591e+00
   2.7241266e+00
   2.7272014e+00
   2.7302836e+00
   2.7333746e+00
   2.7364732e+00
   2.7395779e+00
   2.7426900e+00
   2.7458097e+00
   2.7489371e+00
   2.7520739e+00
   2.7552174e+00
   2.7583681e+00
   2.7615254e+00
   2.7646913e+00
   2.7678646e+00
   2.7710461e+00
   2.7742337e+00
   2.7774301e+00
   2.7806332e+00
   2.7838459e+00
   2.7870668e+00
   2.7902946e+00
   2.7935329e+00
   2.7967789e+00
   2.8000312e+00
   2.8032886e+00
   2.8065558e+00
   2.8098332e+00
   2.8131196e+00
   2.8164129e+00
   2.8197110e+00
   2.8230161e+00
   2.8263322e+00
   2.8296581e+00
   2.8329887e+00
   2.8363270e+00
   2.8396730e+00
   2.8430272e+00
   2.8463895e+00
   2.8497604e+00
   2.8531399e+00
   2.8565283e+00
   2.8599259e+00
   2.8633329e+00
   2.8667496e+00
   2.8701762e+00
   2.8736077e+00
   2.8770499e+00
   2.8804997e+00
   2.8839582e+00
   2.8874244e+00
   2.8909004e+00
   2.8943841e+00
   2.8978759e+00
   2.9013752e+00
   2.9048841e+00
   2.9084003e+00
   2.9119254e+00
   2.9154620e+00
   2.9190048e+00
   2.9225569e+00
   2.9261159e+00
   2.9296842e+00
   2.9332636e+00
   2.9368529e+00
   2.9404483e+00
   2.9440519e+00
   2.9476643e+00
   2.9512854e+00
   2.9549157e+00
   2.9585558e+00
   2.9622045e+00
   2.9658660e+00
   2.9695321e+00
   2.9732064e+00
   2.9768895e+00
   2.9805814e+00
   2.9842828e+00
   2.9879930e+00
   2.9917138e+00
   2.9954410e+00
   2.9991778e+00
   3.0029280e+00
   3.0066824e+00
   3.0104438e+00
   3.0142167e+00
   3.0179986e+00
   3.0217891e+00
   3.0255878e+00
   3.0293950e+00
   3.0332119e+00
   3.0370374e+00
   3.0408745e+00
   3.0447172e+00
   3.0485709e+00
   3.0524340e+00
   3.0563069e+00
   3.0601887e+00
   3.0640811e+00
   3.0679808e+00
   3.0718909e+00
   3.0758094e+00
   3.0797382e+00
   3.0836749e+00
   3.0876209e+00
   3.0915760e+00
   3.0955412e+00
   3.0995161e+00
   3.1034980e+00
   3.1074904e+00
   3.1114920e+00
   3.1155006e+00
   3.1195214e+00
   3.1235510e+00
   3.1275897e+00
   3.1316368e+00
   3.1356928e+00
   3.1397594e+00
   3.1438349e+00
   3.1479218e+00
   3.1520166e+00
   3.1561204e+00
   3.1602336e+00
   3.1643587e+00
   3.1684907e+00
   3.1726324e+00
   3.1767831e+00
   3.1809427e+00
   3.1851110e+00
   3.1892922e+00
   3.1934814e+00
   3.1976803e+00
   3.2018875e+00
   3.2061046e+00
   3.2103315e+00
   3.2145660e+00
   3.2188124e+00
   3.2230664e+00
   3.2273331e+00
   3.2316072e+00
   3.2358899e+00
   3.2401843e+00
   3.2444868e+00
   3.2488003e+00
   3.2531210e+00
   3.2574527e+00
   3.2617927e+00
   3.2661437e+00
   3.2705022e+00
   3.2748699e+00
   3.2792509e+00
   3.2836392e+00
   3.2880355e+00
   3.2924435e+00
   3.2968591e+00
   3.3012843e+00
   3.3057228e+00
   3.3101679e+00
   3.3146231e+00
   3.3190860e+00
   3.3235610e+00
   3.3280438e+00
   3.3325361e+00
   3.3370392e+00
   3.3415516e+00
   3.3460749e+00
   3.3506098e+00
   3.3551523e+00
   3.3597028e+00
   3.3642655e+00
   3.3688376e+00
   3.3734177e+00
   3.3780068e+00
   3.3826077e+00
   3.3872200e+00
   3.3918405e+00
   3.3964702e+00
   3.4011096e+00
   3.4057594e+00
   3.4104169e+00
   3.4150847e+00
   3.4197619e+00
   3.4244480e+00
   3.4291454e+00
   3.4338530e+00
   3.4385700e+00
   3.4432970e+00
   3.4480335e+00
   3.4527785e+00
   3.4575341e+00
   3.4623003e+00
   3.4670784e+00
   3.4718650e+00
   3.4766606e+00
   3.4814656e+00
   3.4862804e+00
   3.4911057e+00
   3.4959423e+00
   3.5007873e+00
   3.5056419e+00
   3.5105077e+00
   3.5153816e+00
   3.5202656e+00
   3.5251607e+00
   3.5300652e+00
   3.5349813e+00
   3.5399057e+00
   3.5448433e+00
   3.5497879e+00
   3.5547412e+00
   3.5597052e+00
   3.5646811e+00
   3.5696675e+00
   3.5746620e+00
   3.5796660e+00
   3.5846828e+00
   3.5897099e+00
   3.5947471e+00
   3.5997927e+00
   3.6048496e+00
   3.6099188e+00
   3.6149959e+00
   3.6200832e+00
   3.6251805e+00
   3.6302893e+00
   3.6354069e+00
   3.6405354e+00
   3.6456742e+00
   3.6508219e+00
   3.6559818e+00
   3.6611513e+00
   3.6663295e+00
   3.6715204e+00
   3.6767214e+00
   3.6819353e+00
   3.6871572e+00
   3.6923910e+00
   3.6976330e+00
   3.7028899e+00
   3.7081553e+00
   3.7134309e+00
   3.7187157e+00
   3.7240104e+00
   3.7293154e+00
   3.7346320e+00
   3.7399597e+00
   3.7452982e+00
   3.7506493e+00
   3.7560088e+00
   3.7613806e+00
   3.7667636e+00
   3.7721554e+00
   3.7775612e+00
   3.7829773e+00
   3.7884019e+00
   3.7938375e+00
   3.7992850e+00
   3.8047434e+00
   3.8102125e+00
   3.8156938e+00
   3.8211859e+00
   3.8266881e+00
   3.8322007e+00
   3.8377235e+00
   3.8432591e+00
   3.8488078e+00
   3.8543666e+00
   3.8599377e+00
   3.8655191e+00
   3.8711122e+00
   3.8767153e+00
   3.8823294e+00
   3.8879557e+00
   3.8935933e+00
   3.8992410e+00
   3.9049013e+00
   3.9105728e+00
   3.9162561e+00
   3.9219488e+00
   3.9276551e+00
   3.9333724e+00
   3.9390988e+00
   3.9448394e+00
   3.9505908e+00
   3.9563536e+00
   3.9621276e+00
   3.9679142e+00
   3.9737121e+00
   3.9795207e+00
   3.9853407e+00
   3.9911726e+00
   3.9970144e+00
   4.0028686e+00
   4.0087372e+00
   4.0146179e+00
   4.0205061e+00
   4.0264075e+00
   4.0323203e+00
   4.0382431e+00
   4.0441803e+00
   4.0501289e+00
   4.0560875e+00
   4.0620588e+00
   4.0680390e+00
   4.0740341e+00
   4.0800392e+00
   4.0860539e+00
   4.0920808e+00
   4.0981211e+00
   4.1041705e+00
   4.1102358e+00
   4.1163091e+00
   4.1223963e+00
   4.1284955e+00
   4.1346044e+00
   4.1407280e+00
   4.1468617e+00
   4.1530072e+00
   4.1591606e+00
   4.1653268e+00
   4.1715054e+00
   4.1776977e+00
   4.1838994e+00
   4.1901132e+00
   4.1963372e+00
   4.2025719e+00
   4.2088200e+00
   4.2150771e+00
   4.2213457e+00
   4.2276250e+00
   4.2339159e+00
   4.2402189e+00
   4.2465322e+00
   4.2528591e+00
   4.2591945e+00
   4.2655398e+00
   4.2718970e+00
   4.2782628e+00
   4.2846421e+00
   4.2910296e+00
   4.2974287e+00
   4.3038392e+00
   4.3102609e+00
   4.3166939e+00
   4.3231380e+00
   4.3295904e+00
   4.3360538e+00
   4.3425275e+00
   4.3490124e+00
   4.3555079e+00
   4.3620139e+00
   4.3685291e+00
   4.3750555e+00
   4.3815906e+00
   4.3881352e+00
   4.3946909e+00
   4.4012546e+00
   4.4078305e+00
   4.4144171e+00
   4.4210113e+00
   4.4276156e+00
   4.4342306e+00
   4.4408535e+00
   4.4474860e+00
   4.4541280e+00
   4.4607791e+00
   4.4674397e+00
   4.4741076e+00
   4.4807863e+00
   4.4874740e+00
   4.4941697e+00
   4.5008748e+00
   4.5075883e+00
   4.5143100e+00
   4.5210411e+00
   4.5277812e+00
   4.5345305e+00
   4.5412849e+00
   4.5480470e+00
   4.5548167e+00
   4.5615943e+00
   4.5683806e+00
   4.5751755e+00
   4.5819761e+00
   4.5887860e+00
   4.5956022e+00
   4.6024250e+00
   4.6092561e+00
   4.6160915e+00
   4.6229332e+00
   4.6297841e+00
   4.6366416e+00
   4.6435042e+00
   4.6503746e+00
   4.6572514e+00
   4.6641341e+00
   4.6710220e+00
   4.6779153e+00
   4.6848144e+00
   4.6917183e+00
   4.6986294e+00
   4.7055458e+00
   4.7124659e+00
   4.7193905e+00
   4.7263204e+00
   4.7332551e+00
   4.7401938e+00
   4.7471378e+00
   4.7540843e+00
   4.7610362e+00
   4.7679914e+00
   4.7749532e+00
   4.7819155e+00
   4.7888806e+00
   4.7958481e+00
   4.8028196e+00
   4.8097947e+00
   4.8167712e+00
   4.8237506e+00
   4.8307324e+00
   4.8377177e+00
   4.8447033e+00
   4.8516902e+00
   4.8586790e+00
   4.8656686e+00
   4.8726607e+00
   4.8796532e+00
   4.8866457e+00
   4.8936388e+00
   4.9006303e+00
   4.9076221e+00
   4.9146137e+00
   4.9216063e+00
   4.9285984e+00
   4.9355906e+00
   4.9425803e+00
   4.9495693e+00
   4.9565570e+00
   4.9635423e+00
   4.9705239e+00
   4.9775048e+00
   4.9844833e+00
   4.9914587e+00
   4.9984316e+00
   5.0054000e+00
   5.0123655e+00
   5.0193281e+00
   5.0262860e+00
   5.0332398e+00
   5.0401892e+00
   5.0471327e+00
   5.0540712e+00
   5.0610045e+00
   5.0679326e+00
   5.0748546e+00
   5.0817696e+00
   5.0886776e+00
   5.0955785e+00
   5.1024720e+00
   5.1093578e+00
   5.1162360e+00
   5.1231067e+00
   5.1299689e+00
   5.1368213e+00
   5.1436647e+00
   5.1504962e+00
   5.1573188e+00
   5.1641323e+00
   5.1709335e+00
   5.1777235e+00
   5.1845019e+00
   5.1912695e+00
   5.1980242e+00
   5.2047677e+00
   5.2114959e+00
   5.2182108e+00
   5.2249109e+00
   5.2315970e+00
   5.2382672e+00
   5.2449231e+00
   5.2515630e+00
   5.2581862e+00
   5.2647927e+00
   5.2713818e+00
   5.2779534e+00
   5.2845075e+00
   5.2910432e+00
   5.2975609e+00
   5.3040576e+00
   5.3105361e+00
   5.3169927e+00
   5.3234271e+00
   5.3298405e+00
   5.3362319e+00
   5.3425990e+00
   5.3489427e+00
   5.3552651e+00
   5.3615618e+00
   5.3678334e+00
   5.3740805e+00
   5.3803018e+00
   5.3864946e+00
   5.3926599e+00
   5.3987962e+00
   5.4049045e+00
   5.4109841e+00
   5.4170325e+00
   5.4230506e+00
   5.4290376e+00
   5.4349928e+00
   5.4409151e+00
   5.4468021e+00
   5.4526550e+00
   5.4584732e+00
   5.4642555e+00
   5.4700010e+00
   5.4757098e+00
   5.4813798e+00
   5.4870111e+00
   5.4926026e+00
   5.4981539e+00
   5.5036630e+00
   5.5091301e+00
   5.5145547e+00
   5.5199357e+00
   5.5252708e+00
   5.5305590e+00
   5.5358010e+00
   5.5409966e+00
   5.5461421e+00
   5.5512390e+00
   5.5562845e+00
   5.5612790e+00
   5.5662210e+00
   5.5711105e+00
   5.5759436e+00
   5.5807231e+00
   5.5854439e+00
   5.5901073e+00
   5.5947112e+00
   5.5992568e+00
   5.6037413e+00
   5.6081633e+00
   5.6125216e+00
   5.6168150e+00
   5.6210433e+00
   5.6252037e+00
   5.6292956e+00
   5.6333193e+00
   5.6372736e+00
   5.6411556e+00
   5.6449643e+00
   5.6486974e+00
   5.6523563e+00
   5.6559380e+00
   5.6594414e+00
   5.6628658e+00
   5.6662087e+00
   5.6694687e+00
   5.6726445e+00
   5.6757357e+00
   5.6787398e+00
   5.6816564e+00
   5.6844841e+00
   5.6872203e+00
   5.6898631e+00
   5.6924128e+00
   5.6948662e+00
   5.6972227e+00
   5.6994819e+00
   5.7016402e+00
   5.7036960e+00
   5.7056487e+00
   5.7074967e+00
   5.7092369e+00
   5.7108701e+00
   5.7123929e+00
   5.7138057e+00
   5.7151037e+00
   5.7162866e+00
   5.7173531e+00
   5.7183012e+00
   5.7191296e+00
   5.7198354e+00
   5.7204188e+00
   5.7208767e+00
   5.7212080e+00
   5.7214104e+00
   5.7214819e+00
   5.7214216e+00
   5.7212274e+00
   5.7208962e+00
   5.7204286e+00
   5.7198221e+00
   5.7190758e+00
   5.7181845e+00
   5.7171488e+00
   5.7159667e+00
   5.7146357e+00
   5.7131560e+00
   5.7115243e+00
   5.7097393e+00
   5.7077991e+00
   5.7057015e+00
   5.7034449e+00
   5.7010290e+00
   5.6984501e+00
   5.6957082e+00
   5.6928000e+00
   5.6897244e+00
   5.6864803e+00
   5.6830657e+00
   5.6794788e+00
   5.6757185e+00
   5.6717840e+00
   5.6676718e+00
   5.6633830e+00
   5.6589141e+00
   5.6542632e+00
   5.6494293e+00
   5.6444129e+00
   5.6392115e+00
   5.6338238e+00
   5.6282485e+00
   5.6224840e+00
   5.6165293e+00
   5.6103839e+00
   5.6040461e+00
   5.5975155e+00
   5.5907911e+00
   5.5838712e+00
   5.5767558e+00
   5.5694439e+00
   5.5619351e+00
   5.5542276e+00
   5.5463221e+00
   5.5382179e+00
   5.5299134e+00
   5.5214094e+00
   5.5127049e+00
   5.5038004e+00
   5.4946955e+00
   5.4853902e+00
   5.4758843e+00
   5.4661780e+00
   5.4562716e+00
   5.4461653e+00
   5.4358591e+00
   5.4253535e+00
   5.4146495e+00
   5.4037472e+00
   5.3926471e+00
   5.3813512e+00
   5.3698607e+00
   5.3581752e+00
   5.3462961e+00
   5.3342240e+00
   5.3219615e+00
   5.3095099e+00
   5.2968695e+00
   5.2840434e+00
   5.2710330e+00
   5.2578389e+00
   5.2444637e+00
   5.2309094e+00
   5.2171782e+00
   5.2032719e+00
   5.1891930e+00
   5.1749441e+00
   5.1605277e+00
   5.1459461e+00
   5.1312018e+00
   5.1162979e+00
   5.1012375e+00
   5.0860228e+00
   5.0706582e+00
   5.0551452e+00
   5.0394874e+00
   5.0236884e+00
   5.0077519e+00
   4.9916801e+00
   4.9754781e+00
   4.9591485e+00
   4.9426960e+00
   4.9261223e+00
   4.9094325e+00
   4.8926299e+00
   4.8757185e+00
   4.8587040e+00
   4.8415873e+00
   4.8243738e+00
   4.8070687e+00
   4.7896739e+00
   4.7721946e+00
   4.7546347e+00
   4.7369999e+00
   4.7192924e+00
   4.7015169e+00
   4.6836782e+00
   4.6657805e+00
   4.6478285e+00
   4.6298259e+00
   4.6117768e+00
   4.5936855e+00
   4.5755565e+00
   4.5573948e+00
   4.5392034e+00
   4.5209878e+00
   4.5027509e+00
   4.4844972e+00
   4.4662309e+00
   4.4479573e+00
   4.4296793e+00
   4.4114010e+00
   4.3931264e+00
   4.3748603e+00
   4.3566057e+00
   4.3383669e+00
   4.3201481e+00
   4.3019523e+00
   4.2837849e+00
   4.2656471e+00
   4.2475438e+00
   4.2294777e+00
   4.2114538e+00
   4.1934743e+00
   4.1755430e+00
   4.1576626e+00
   4.1398373e+00
   4.1220688e+00
   4.1043614e+00
   4.0867171e+00
   4.0691382e+00
   4.0516294e+00
   4.0341938e+00
   4.0168323e+00
   3.9995475e+00
   3.9823424e+00
   3.9652187e+00
   3.9481798e+00
   3.9312274e+00
   3.9143640e+00
   3.8975909e+00
   3.8809100e+00
   3.8643239e+00
   3.8478341e+00
   3.8314428e+00
   3.8151517e+00
   3.7989618e+00
   3.7828750e+00
   3.7668917e+00
   3.7510142e+00
   3.7352439e+00
   3.7195819e+00
   3.7040297e+00
   3.6885869e+00
   3.6732547e+00
   3.6580343e+00
   3.6429273e+00
   3.6279331e+00
   3.6130538e+00
   3.5982893e+00
   3.5836400e+00
   3.5691069e+00
   3.5546900e+00
   3.5403893e+00
   3.5262061e+00
   3.5121399e+00
   3.4981915e+00
   3.4843609e+00
   3.4706474e+00
   3.4570515e+00
   3.4435732e+00
   3.4302120e+00
   3.4169682e+00
   3.4038410e+00
   3.3908312e+00
   3.3779378e+00
   3.3651611e+00
   3.3525023e+00
   3.3399569e+00
   3.3275266e+00
   3.3152111e+00
   3.3030100e+00
   3.2909224e+00
   3.2789480e+00
   3.2670862e+00
   3.2553361e+00
   3.2436971e+00
   3.2321684e+00
   3.2207501e+00
   3.2094407e+00
   3.1982398e+00
   3.1871469e+00
   3.1761612e+00
   3.1652812e+00
   3.1545059e+00
   3.1438350e+00
   3.1332683e+00
   3.1228035e+00
   3.1124410e+00
   3.1021785e+00
   3.0920161e+00
   3.0819535e+00
   3.0719881e+00
   3.0621201e+00
   3.0523479e+00
   3.0426713e+00
   3.0330887e+00
   3.0235990e+00
   3.0142016e+00
   3.0048957e+00
   2.9956801e+00
   2.9865535e+00
   2.9775160e+00
   2.9685653e+00
   2.9597008e+00
   2.9509220e+00
   2.9422278e+00
   2.9336164e+00
   2.9250878e+00
   2.9166403e+00
   2.9082733e+00
   2.8999852e+00
   2.8917756e+00
   2.8836432e+00
   2.8755871e+00
   2.8676065e+00
   2.8596998e+00
   2.8518674e+00
   2.8441072e+00
   2.8364193e+00
   2.8288016e+00
   2.8212539e+00
   2.8137747e+00
   2.8063634e+00
   2.7990193e+00
   2.7917414e+00
   2.7845284e+00
   2.7773793e+00
   2.7702934e+00
   2.7632698e+00
   2.7563081e+00
   2.7494069e+00
   2.7425653e+00
   2.7357840e+00
   2.7290609e+00
   2.7223940e+00
   2.7157837e+00
   2.7092296e+00
   2.7027298e+00
   2.6962842e+00
   2.6898919e+00
   2.6835520e+00
   2.6772681e+00
   2.9648679e+00
   3.2398623e+00
   3.5022558e+00
   3.7522953e+00
   3.9903415e+00
   4.2168285e+00
   4.4322282e+00
   4.6370320e+00
   4.8317322e+00
   5.0168140e+00
   5.1927478e+00
   5.3599834e+00
   5.5189520e+00
   5.6700621e+00
   5.8137005e+00
   5.9502383e+00
   6.0800265e+00
   6.2034056e+00
   6.3207076e+00
   6.4322567e+00
   6.5383805e+00
   6.6394071e+00
   6.7356893e+00
   6.8275898e+00
   6.9155024e+00
   6.9998536e+00
   7.0811160e+00
   7.1598083e+00
   7.2365046e+00
   7.3118567e+00
   7.3865755e+00
   7.4614717e+00
   7.5374383e+00
   7.6154608e+00
   7.6966280e+00
   7.7821273e+00
   7.8732260e+00
   7.9712407e+00
   8.0774628e+00
   8.1930129e+00
   8.3185800e+00
   8.4539001e+00
   8.5971793e+00
   8.7459172e+00
   8.8963721e+00
   9.0432105e+00
   9.1798714e+00
   9.2994764e+00
   9.3960827e+00
   9.4657339e+00
   9.3711370e+00
   9.2586844e+00
   9.1308349e+00
   8.9906171e+00
   8.8409715e+00
   8.6845490e+00
   8.5236532e+00
   8.3602335e+00
   8.1958951e+00
   8.0319378e+00
   7.8693985e+00
   7.7090817e+00
   7.5516030e+00
   7.3974222e+00
   7.2468647e+00
   7.1001667e+00
   6.9574741e+00
   6.8188651e+00
   6.6843703e+00
   6.5539898e+00
   6.4276835e+00
   6.3053923e+00
   6.1870384e+00
   6.0725347e+00
   5.9617844e+00
   5.8546825e+00
   5.7511265e+00
   5.6510083e+00
   5.5542156e+00
   5.4606473e+00
   5.3701936e+00
   5.2827505e+00
   5.1982142e+00
   5.1164868e+00
   5.0374749e+00
   4.9610808e+00
   4.8872139e+00
   4.8157885e+00
   4.7467181e+00
   4.6799187e+00
   4.6153131e+00
   4.5528254e+00
   4.4923826e+00
   4.4339122e+00
   4.3773434e+00
   4.3226149e+00
   4.2696599e+00
   4.2184194e+00
   4.1688303e+00
   4.1208412e+00
   4.0743929e+00
   4.0294346e+00
   3.9859149e+00
   3.9437864e+00
   3.9030000e+00
   3.8635062e+00
   3.8252666e+00
   3.7882372e+00
   3.7523766e+00
   3.7176452e+00
   3.6840065e+00
   3.6514176e+00
   3.6198477e+00
   3.5892636e+00
   3.5596291e+00
   3.5309138e+00
   3.5030866e+00
   3.4761186e+00
   3.4499802e+00
   3.4246431e+00
   3.4000811e+00
   3.3762676e+00
   3.3531791e+00
   3.3307888e+00
   3.3090764e+00
   3.2880178e+00
   3.2675884e+00
   3.2477724e+00
   3.2285482e+00
   3.2098960e+00
   3.1917949e+00
   3.1742281e+00
   3.1571765e+00
   3.1406246e+00
   3.1245554e+00
   3.1089549e+00
   3.0938042e+00
   3.0790913e+00
   3.0648012e+00
   3.0509178e+00
   3.0374290e+00
   3.0243217e+00
   3.0115838e+00
   2.9992026e+00
   2.9871659e+00
   2.9754626e+00
   2.9640804e+00
   2.9530116e+00
   2.9422455e+00
   2.9317724e+00
   2.9215800e+00
   2.9116613e+00
   2.9020074e+00
   2.8926079e+00
   2.8834562e+00
   2.8745426e+00
   2.8658587e+00
   2.8574008e+00
   2.8491594e+00
   2.8411273e+00
   2.8332986e+00
   2.8256645e+00
   2.8182189e+00
   2.8109554e+00
   2.8038700e+00
   2.7969578e+00
   2.7902106e+00
   2.7836245e+00
   2.7771943e+00
   2.7709142e+00
   2.7647797e+00
   2.7587861e+00
   2.7529274e+00
   2.7471998e+00
   2.7416004e+00
   2.7361248e+00
   2.7307682e+00
   2.7255259e+00
   2.7203953e+00
   2.7153733e+00
   2.7104553e+00
   2.7056402e+00
   2.7009209e+00
   2.6962975e+00
   2.6917626e+00
   2.6873177e+00
   2.6829576e+00
   2.6786803e+00
   2.6744827e+00
   2.6703647e+00
   2.6663218e+00
   2.6623501e+00
   2.6584497e+00
   2.6546183e+00
   2.6508516e+00
   2.6471486e+00
   2.6435056e+00
   2.6399245e+00
   2.6364004e+00
   2.6329330e+00
   2.6295187e+00
   2.6261562e+00
   2.6228453e+00
   2.6195840e+00
   2.6163702e+00
   2.6132011e+00
   2.6100775e+00
   2.6069974e+00
   2.6039586e+00
   2.6009591e+00
   2.5979977e+00
   2.5950733e+00
   2.5921851e+00
   2.5893342e+00
   2.5865172e+00
   2.5837327e+00
   2.5809807e+00
   2.5782593e+00
   2.5755683e+00
   2.5729067e+00
   2.5702734e+00
   2.5676666e+00
   2.5650852e+00
   2.5625314e+00
   2.5599993e+00
   2.5574917e+00
   2.5550071e+00
   2.5525453e+00
   2.5501071e+00
   2.5476874e+00
   2.5452893e+00
   2.5429086e+00
   2.5405456e+00
   2.5382011e+00
   2.5358771e+00
   2.5335692e+00
   2.5312787e+00
   2.5290044e+00
   2.5267449e+00
   2.5245016e+00
   2.5222713e+00
   2.5200530e+00
   2.5178514e+00
   2.5156591e+00
   2.5134819e+00
   2.5113172e+00
   2.5091666e+00
   2.5070256e+00
   2.5048968e+00
   2.5027754e+00
   2.5006661e+00
   2.4985668e+00
   2.4964786e+00
   2.4943973e+00
   2.4923262e+00
   2.4902663e+00
   2.4882139e+00
   2.4861691e+00
   2.4841322e+00
   2.4821024e+00
   2.4800811e+00
   2.4780661e+00
   2.4760594e+00
   2.4740587e+00
   2.4720638e+00
   2.4700770e+00
   2.4680941e+00
   2.4661175e+00
   2.4641443e+00
   2.4621793e+00
   2.4602167e+00
   2.4582619e+00
   2.4563095e+00
   2.4543646e+00
   2.4524219e+00
   2.4504865e+00
   2.4485532e+00
   2.4466252e+00
   2.4447004e+00
   2.4427794e+00
   2.4408620e+00
   2.4389482e+00
   2.4370380e+00
   2.4351314e+00
   2.4332282e+00
   2.4313283e+00
   2.4294318e+00
   2.4275386e+00
   2.4256485e+00
   2.4237604e+00
   2.4218741e+00
   2.4199913e+00
   2.4181108e+00
   2.4162309e+00
   2.4143552e+00
   2.4124816e+00
   2.4106097e+00
   2.4087394e+00
   2.4068715e+00
   2.4050040e+00
   2.4031406e+00
   2.4012777e+00
   2.3994165e+00
   2.3975577e+00
   2.3956990e+00
   2.3938443e+00
   2.3919902e+00
   2.3901343e+00
   2.3882831e+00
   2.3864323e+00
   2.3845844e+00
   2.3827341e+00
   2.3808871e+00
   2.3790404e+00
   2.3771952e+00
   2.3753513e+00
   2.3735081e+00
   2.3716658e+00
   2.3698248e+00
   2.3679856e+00
   2.3661466e+00
   2.3643089e+00
   2.3624694e+00
   2.3606330e+00
   2.3587970e+00
   2.3569593e+00
   2.3551250e+00
   2.3532909e+00
   2.3514554e+00
   2.3496232e+00
   2.3477915e+00
   2.3459583e+00
   2.3441286e+00
   2.3422992e+00
   2.3404688e+00
   2.3386398e+00
   2.3368095e+00
   2.3349829e+00
   2.3331563e+00
   2.3313304e+00
   2.3295052e+00
   2.3276790e+00
   2.3258512e+00
   2.3240274e+00
   2.3222037e+00
   2.3203795e+00
   2.3185539e+00
   2.3167324e+00
   2.3149113e+00
   2.3130901e+00
   2.3112675e+00
   2.3094475e+00
   2.3076267e+00
   2.3058088e+00
   2.3039886e+00
   2.3021707e+00
   2.3003522e+00
   2.2985345e+00
   2.2967180e+00
   2.2949015e+00
   2.2930849e+00
   2.2912693e+00
   2.2894548e+00
   2.2876407e+00
   2.2858265e+00
   2.2840140e+00
   2.2822010e+00
   2.2803882e+00
   2.2785774e+00
   2.2767666e+00
   2.2749559e+00
   2.2731478e+00
   2.2713397e+00
   2.2695312e+00
   2.2677245e+00
   2.2659179e+00
   2.2641111e+00
   2.2623063e+00
   2.2605019e+00
   2.2586976e+00
   2.2568958e+00
   2.2550919e+00
   2.2532890e+00
   2.2514873e+00
   2.2496870e+00
   2.2478870e+00
   2.2460880e+00
   2.2442902e+00
   2.2424932e+00
   2.2406965e+00
   2.2389030e+00
   2.2371089e+00
   2.2353160e+00
   2.2335235e+00
   2.2317318e+00
   2.2299414e+00
   2.2281524e+00
   2.2263641e+00
   2.2245770e+00
   2.2227931e+00
   2.2210092e+00
   2.2192260e+00
   2.2174436e+00
   2.2156613e+00
   2.2138813e+00
   2.2121026e+00
   2.2103250e+00
   2.2085481e+00
   2.2067739e+00
   2.2050013e+00
   2.2032294e+00
   2.2014589e+00
   2.1996898e+00
   2.1979220e+00
   2.1961561e+00
   2.1943930e+00
   2.1926309e+00
   2.1908709e+00
   2.1891126e+00
   2.1873559e+00
   2.1856008e+00
   2.1838475e+00
   2.1820960e+00
   2.1803466e+00
   2.1785990e+00
   2.1768536e+00
   2.1751104e+00
   2.1733678e+00
   2.1716272e+00
   2.1698889e+00
   2.1681528e+00
   2.1664198e+00
   2.1646882e+00
   2.1629579e+00
   2.1612300e+00
   2.1595031e+00
   2.1577789e+00
   2.1560577e+00
   2.1543396e+00
   2.1526248e+00
   2.1509113e+00
   2.1492003e+00
   2.1474909e+00
   2.1457855e+00
   2.1440815e+00
   2.1423805e+00
   2.1406811e+00
   2.1389855e+00
   2.1372926e+00
   2.1356029e+00
   2.1339141e+00
   2.1322273e+00
   2.1305450e+00
   2.1288649e+00
   2.1271875e+00
   2.1255145e+00
   2.1238448e+00
   2.1221780e+00
   2.1205138e+00
   2.1188530e+00
   2.1171951e+00
   2.1155383e+00
   2.1138857e+00
   2.1122360e+00
   2.1105909e+00
   2.1089495e+00
   2.1073106e+00
   2.1056736e+00
   2.1040419e+00
   2.1024144e+00
   2.1007903e+00
   2.0991693e+00
   2.0975518e+00
   2.0959378e+00
   2.0943278e+00
   2.0927219e+00
   2.0911194e+00
   2.0895201e+00
   2.0879245e+00
   2.0863329e+00
   2.0847454e+00
   2.0831621e+00
   2.0815827e+00
   2.0800043e+00
   2.0784304e+00
   2.0768626e+00
   2.0752992e+00
   2.0737381e+00
   2.0721809e+00
   2.0706286e+00
   2.0690809e+00
   2.0675382e+00
   2.0660003e+00
   2.0644640e+00
   2.0629330e+00
   2.0614064e+00
   2.0598852e+00
   2.0583699e+00
   2.0568573e+00
   2.0553493e+00
   2.0538467e+00
   2.0523496e+00
   2.0508544e+00
   2.0493653e+00
   2.0478821e+00
   2.0464019e+00
   2.0449279e+00
   2.0434595e+00
   2.0419928e+00
   2.0405343e+00
   2.0390784e+00
   2.0376265e+00
   2.0361806e+00
   2.0347423e+00
   2.0333074e+00
   2.0318779e+00
   2.0304558e+00
   2.0290363e+00
   2.0276222e+00
   2.0262121e+00
   2.0248084e+00
   2.0234112e+00
   2.0220218e+00
   2.0206353e+00
   2.0192536e+00
   2.0178777e+00
   2.0165071e+00
   2.0151426e+00
   2.0137837e+00
   2.0124300e+00
   2.0110815e+00
   2.0097400e+00
   2.0084036e+00
   2.0070730e+00
   2.0057490e+00
   2.0044293e+00
   2.0031153e+00
   2.0018063e+00
   2.0005038e+00
   1.9992070e+00
   1.9979173e+00
   1.9966338e+00
   1.9953565e+00
   1.9940860e+00
   1.9928221e+00
   1.9915617e+00
   1.9903081e+00
   1.9890608e+00
   1.9878211e+00
   1.9865882e+00
   1.9853585e+00
   1.9841378e+00
   1.9829242e+00
   1.9817166e+00
   1.9805148e+00
   1.9793198e+00
   1.9781320e+00
   1.9769493e+00
   1.9757717e+00
   1.9746019e+00
   1.9734389e+00
   1.9722825e+00
   1.9711336e+00
   1.9699910e+00
   1.9688538e+00
   1.9677240e+00
   1.9666018e+00
   1.9654862e+00
   1.9643768e+00
   1.9632744e+00
   1.9621785e+00
   1.9610892e+00
   1.9600068e+00
   1.9589310e+00
   1.9578614e+00
   1.9567995e+00
   1.9557461e+00
   1.9546994e+00
   1.9536559e+00
   1.9526212e+00
   1.9515932e+00
   1.9505723e+00
   1.9495594e+00
   1.9485531e+00
   1.9475432e+00
   1.9465516e+00
   1.9455577e+00
   1.9445781e+00
   1.9436087e+00
   1.9426349e+00
   1.9416799e+00
   1.9407259e+00
   1.9397857e+00
   1.9388537e+00
   1.9379198e+00
   1.9370006e+00
   1.9360899e+00
   1.9351796e+00
   1.9342836e+00
   1.9333948e+00
   1.9325132e+00
   1.9316373e+00
   1.9307697e+00
   1.9299091e+00
   1.9290552e+00
   1.9282102e+00
   1.9273632e+00
   1.9265325e+00
   1.9257057e+00
   1.9248909e+00
   1.9240836e+00
   1.9232791e+00
   1.9224866e+00
   1.9217023e+00
   1.9209217e+00
   1.9201508e+00
   1.9193879e+00
   1.9186252e+00
   1.9178755e+00
   1.9171351e+00
   1.9163997e+00
   1.9156749e+00
   1.9149529e+00
   1.9142436e+00
   1.9135421e+00
   1.9128458e+00
   1.9121583e+00
   1.9114773e+00
   1.9108053e+00
   1.9101405e+00
   1.9094818e+00
   1.9088329e+00
   1.9081926e+00
   1.9075594e+00
   1.9069339e+00
   1.9063163e+00
   1.9057043e+00
   1.9050995e+00
   1.9045035e+00
   1.9039139e+00
   1.9033327e+00
   1.9027583e+00
   1.9021929e+00
   1.9016352e+00
   1.9010837e+00
   1.9005416e+00
   1.9000082e+00
   1.8994821e+00
   1.8989633e+00
   1.8984517e+00
   1.8979453e+00
   1.8974463e+00
   1.8969548e+00
   1.8964742e+00
   1.8960027e+00
   1.8955385e+00
   1.8950816e+00
   1.8946320e+00
   1.8941896e+00
   1.8937546e+00
   1.8933270e+00
   1.8929067e+00
   1.8924938e+00
   1.8920884e+00
   1.8916903e+00
   1.8912998e+00
   1.8909166e+00
   1.8905410e+00
   1.8901729e+00
   1.8898122e+00
   1.8894591e+00
   1.8891157e+00
   1.8887791e+00
   1.8884497e+00
   1.8881285e+00
   1.8878157e+00
   1.8875112e+00
   1.8872124e+00
   1.8869209e+00
   1.8866376e+00
   1.8863623e+00
   1.8860952e+00
   1.8858342e+00
   1.8855806e+00
   1.8853350e+00
   1.8850973e+00
   1.8848676e+00
   1.8846443e+00
   1.8844285e+00
   1.8842206e+00
   1.8840205e+00
   1.8838281e+00
   1.8836434e+00
   1.8834657e+00
   1.8832949e+00
   1.8831324e+00
   1.8829776e+00
   1.8828301e+00
   1.8826899e+00
   1.8825570e+00
   1.8824315e+00
   1.8823134e+00
   1.8822025e+00
   1.8820990e+00
   1.8820028e+00
   1.8819140e+00
   1.8818324e+00
   1.8817581e+00
   1.8816912e+00
   1.8816315e+00
   1.8815791e+00
   1.8815340e+00
   1.8814962e+00
   1.8814656e+00
   1.8814423e+00
   1.8814262e+00
   1.8814174e+00
   1.8814158e+00
   1.8814214e+00
   1.8814342e+00
   1.8814543e+00
   1.8814815e+00
   1.8815160e+00
   1.8815576e+00
   1.8816064e+00
   1.8816624e+00
   1.8817255e+00
   1.8817958e+00
   1.8818732e+00
   1.8819578e+00
   1.8820495e+00
   1.8821483e+00
   1.8822541e+00
   1.8823671e+00
   1.8824872e+00
   1.8826144e+00
   1.8827486e+00
   1.8828899e+00
   1.8830382e+00
   1.8831936e+00
   1.8833560e+00
   1.8835254e+00
   1.8837018e+00
   1.8838852e+00
   1.8840756e+00
   1.8842730e+00
   1.8844774e+00
   1.8846887e+00
   1.8849069e+00
   1.8851321e+00
   1.8853643e+00
   1.8856033e+00
   1.8858493e+00
   1.8861022e+00
   1.8863619e+00
   1.8866285e+00
   1.8869020e+00
   1.8871824e+00
   1.8874696e+00
   1.8877636e+00
   1.8880645e+00
   1.8883722e+00
   1.8886867e+00
   1.8890079e+00
   1.8893360e+00
   1.8896709e+00
   1.8900125e+00
   1.8903608e+00
   1.8907159e+00
   1.8910778e+00
   1.8914464e+00
   1.8918217e+00
   1.8922036e+00
   1.8925923e+00
   1.8929877e+00
   1.8933897e+00
   1.8937985e+00
   1.8942138e+00
   1.8946358e+00
   1.8950645e+00
   1.8954997e+00
   1.8959416e+00
   1.8963901e+00
   1.8968452e+00
   1.8973068e+00
   1.8977751e+00
   1.8982499e+00
   1.8987312e+00
   1.8992191e+00
   1.8997136e+00
   1.9002145e+00
   1.9007220e+00
   1.9012360e+00
   1.9017565e+00
   1.9022835e+00
   1.9028169e+00
   1.9033569e+00
   1.9039032e+00
   1.9044561e+00
   1.9050154e+00
   1.9055811e+00
   1.9061532e+00
   1.9067318e+00
   1.9073167e+00
   1.9079081e+00
   1.9085059e+00
   1.9091100e+00
   1.9097205e+00
   1.9103374e+00
   1.9109606e+00
   1.9115901e+00
   1.9122260e+00
   1.9128683e+00
   1.9135168e+00
   1.9141717e+00
   1.9148329e+00
   1.9155003e+00
   1.9161741e+00
   1.9168541e+00
   1.9175405e+00
   1.9182330e+00
   1.9189319e+00
   1.9196370e+00
   1.9203483e+00
   1.9210659e+00
   1.9217896e+00
   1.9225197e+00
   1.9232559e+00
   1.9239983e+00
   1.9247470e+00
   1.9255018e+00
   1.9262628e+00
   1.9270300e+00
   1.9278033e+00
   1.9285829e+00
   1.9293686e+00
   1.9301604e+00
   1.9309584e+00
   1.9317625e+00
   1.9325728e+00
   1.9333891e+00
   1.9342117e+00
   1.9350403e+00
   1.9358750e+00
   1.9367159e+00
   1.9375628e+00
   1.9384158e+00
   1.9392749e+00
   1.9401401e+00
   1.9410114e+00
   1.9418888e+00
   1.9427722e+00
   1.9436616e+00
   1.9445572e+00
   1.9454588e+00
   1.9463664e+00
   1.9472801e+00
   1.9481998e+00
   1.9491255e+00
   1.9500573e+00
   1.9509951e+00
   1.9519389e+00
   1.9528887e+00
   1.9538446e+00
   1.9548064e+00
   1.9557743e+00
   1.9567482e+00
   1.9577280e+00
   1.9587139e+00
   1.9597057e+00
   1.9607036e+00
   1.9617074e+00
   1.9627172e+00
   1.9637330e+00
   1.9647548e+00
   1.9657825e+00
   1.9668162e+00
   1.9678559e+00
   1.9689015e+00
   1.9699531e+00
   1.9710107e+00
   1.9720742e+00
   1.9731437e+00
   1.9742191e+00
   1.9753005e+00
   1.9763878e+00
   1.9774811e+00
   1.9785804e+00
   1.9796856e+00
   1.9807967e+00
   1.9819138e+00
   1.9830368e+00
   1.9841658e+00
   1.9853007e+00
   1.9864415e+00
   1.9875883e+00
   1.9887411e+00
   1.9898997e+00
   1.9910643e+00
   1.9922349e+00
   1.9934114e+00
   1.9945938e+00
   1.9957822e+00
   1.9969765e+00
   1.9981767e+00
   1.9993829e+00
   2.0005951e+00
   2.0018131e+00
   2.0030372e+00
   2.0042671e+00
   2.0055030e+00
   2.0067449e+00
   2.0079927e+00
   2.0092464e+00
   2.0105061e+00
   2.0117718e+00
   2.0130434e+00
   2.0143209e+00
   2.0156044e+00
   2.0168939e+00
   2.0181893e+00
   2.0194907e+00
   2.0207981e+00
   2.0221114e+00
   2.0234307e+00
   2.0247560e+00
   2.0260872e+00
   2.0274244e+00
   2.0287676e+00
   2.0301168e+00
   2.0314720e+00
   2.0328332e+00
   2.0342003e+00
   2.0355735e+00
   2.0369526e+00
   2.0383378e+00
   2.0397290e+00
   2.0411261e+00
   2.0425293e+00
   2.0439386e+00
   2.0453538e+00
   2.0467751e+00
   2.0482024e+00
   2.0496358e+00
   2.0510752e+00
   2.0525206e+00
   2.0539721e+00
   2.0554296e+00
   2.0568933e+00
   2.0583629e+00
   2.0598387e+00
   2.0613205e+00
   2.0628085e+00
   2.0643025e+00
   2.0658026e+00
   2.0673088e+00
   2.0688211e+00
   2.0703396e+00
   2.0718641e+00
   2.0733948e+00
   2.0749316e+00
   2.0764746e+00
   2.0780237e+00
   2.0795789e+00
   2.0811403e+00
   2.0827079e+00
   2.0842817e+00
   2.0858616e+00
   2.0874477e+00
   2.0890401e+00
   2.0906386e+00
   2.0922433e+00
   2.0938543e+00
   2.0954715e+00
   2.0970949e+00
   2.0987245e+00
   2.1003605e+00
   2.1020026e+00
   2.1036511e+00
   2.1053058e+00
   2.1069668e+00
   2.1086340e+00
   2.1103076e+00
   2.1119875e+00
   2.1136737e+00
   2.1153663e+00
   2.1170652e+00
   2.1187704e+00
   2.1204820e+00
   2.1221999e+00
   2.1239242e+00
   2.1256549e+00
   2.1273920e+00
   2.1291355e+00
   2.1308855e+00
   2.1326418e+00
   2.1344046e+00
   2.1361738e+00
   2.1379494e+00
   2.1397316e+00
   2.1415202e+00
   2.1433153e+00
   2.1451168e+00
   2.1469249e+00
   2.1487395e+00
   2.1505607e+00
   2.1523883e+00
   2.1542226e+00
   2.1560634e+00
   2.1579107e+00
   2.1597647e+00
   2.1616252e+00
   2.1634923e+00
   2.1653661e+00
   2.1672465e+00
   2.1691335e+00
   2.1710272e+00
   2.1729275e+00
   2.1748346e+00
   2.1767483e+00
   2.1786687e+00
   2.1805958e+00
   2.1825297e+00
   2.1844703e+00
   2.1864176e+00
   2.1883717e+00
   2.1903326e+00
   2.1923003e+00
   2.1942748e+00
   2.1962561e+00
   2.1982442e+00
   2.2002391e+00
   2.2022409e+00
   2.2042496e+00
   2.2062652e+00
   2.2082876e+00
   2.2103170e+00
   2.2123533e+00
   2.2143965e+00
   2.2164466e+00
   2.2185037e+00
   2.2205678e+00
   2.2226389e+00
   2.2247170e+00
   2.2268021e+00
   2.2288942e+00
   2.2309934e+00
   2.2330996e+00
   2.2352129e+00
   2.2373333e+00
   2.2394607e+00
   2.2415953e+00
   2.2437371e+00
   2.2458859e+00
   2.2480419e+00
   2.2502051e+00
   2.2523755e+00
   2.2545531e+00
   2.2567379e+00
   2.2589299e+00
   2.2611292e+00
   2.2633357e+00
   2.2655495e+00
   2.2677706e+00
   2.2699990e+00
   2.2722347e+00
   2.2744777e+00
   2.2767281e+00
   2.2789858e+00
   2.2812510e+00
   2.2835235e+00
   2.2858034e+00
   2.2880908e+00
   2.2903855e+00
   2.2926878e+00
   2.2949975e+00
   2.2973147e+00
   2.2996394e+00
   2.3019716e+00
   2.3043113e+00
   2.3066586e+00
   2.3090134e+00
   2.3113758e+00
   2.3137458e+00
   2.3161234e+00
   2.3185086e+00
   2.3209014e+00
   2.3233019e+00
   2.3257101e+00
   2.3281260e+00
   2.3305495e+00
   2.3329807e+00
   2.3354197e+00
   2.3378664e+00
   2.3403209e+00
   2.3427832e+00
   2.3452532e+00
   2.3477310e+00
   2.3502167e+00
   2.3527102e+00
   2.3552115e+00
   2.3577207e+00
   2.3602378e+00
   2.3627627e+00
   2.3652956e+00
   2.3678364e+00
   2.3703851e+00
   2.3729418e+00
   2.3755064e+00
   2.3780791e+00
   2.3806597e+00
   2.3832483e+00
   2.3858450e+00
   2.3884497e+00
   2.3910625e+00
   2.3936833e+00
   2.3963122e+00
   2.3989492e+00
   2.4015944e+00
   2.4042476e+00
   2.4069090e+00
   2.4095786e+00
   2.4122563e+00
   2.4149422e+00
   2.4176363e+00
   2.4203386e+00
   2.4230492e+00
   2.4257680e+00
   2.4284950e+00
   2.4312303e+00
   2.4339739e+00
   2.4367258e+00
   2.4394860e+00
   2.4422545e+00
   2.4450313e+00
   2.4478165e+00
   2.4506101e+00
   2.4534120e+00
   2.4562224e+00
   2.4590411e+00
   2.4618682e+00
   2.4647038e+00
   2.4675478e+00
   2.4704003e+00
   2.4732612e+00
   2.4761306e+00
   2.4790084e+00
   2.4818948e+00
   2.4847897e+00
   2.4876931e+00
   2.4906051e+00
   2.4935256e+00
   2.4964547e+00
   2.4993923e+00
   2.5023385e+00
   2.5052933e+00
   2.5082567e+00
   2.5112287e+00
   2.5142094e+00
   2.5171987e+00
   2.5201966e+00
   2.5232032e+00
   2.5262185e+00
   2.5292424e+00
   2.5322750e+00
   2.5353163e+00
   2.5383664e+00
   2.5414251e+00
   2.5444926e+00
   2.5475688e+00
   2.5506538e+00
   2.5537475e+00
   2.5568500e+00
   2.5599612e+00
   2.5630813e+00
   2.5662101e+00
   2.5693477e+00
   2.5724941e+00
   2.5756494e+00
   2.5788135e+00
   2.5819864e+00
   2.5851681e+00
   2.5883587e+00
   2.5915582e+00
   2.5947665e+00
   2.5979837e+00
   2.6012097e+00
   2.6044447e+00
   2.6076885e+00
   2.6109413e+00
   2.6142029e+00
   2.6174735e+00
   2.6207529e+00
   2.6240413e+00
   2.6273387e+00
   2.6306449e+00
   2.6339602e+00
   2.6372843e+00
   2.6406174e+00
   2.6439595e+00
   2.6473105e+00
   2.6506705e+00
   2.6540395e+00
   2.6574175e+00
   2.6608045e+00
   2.6642004e+00
   2.6676053e+00
   2.6710193e+00
   2.6744422e+00
   2.6778742e+00
   2.6813152e+00
   2.6847651e+00
   2.6882242e+00
   2.6916922e+00
   2.6951693e+00
   2.6986554e+00
   2.7021505e+00
   2.7056547e+00
   2.7091679e+00
   2.7126902e+00
   2.7162215e+00
   2.7197619e+00
   2.7233114e+00
   2.7268699e+00
   2.7304375e+00
   2.7340141e+00
   2.7375998e+00
   2.7411946e+00
   2.7447985e+00
   2.7484115e+00
   2.7520335e+00
   2.7556646e+00
   2.7593049e+00
   2.7629542e+00
   2.7666126e+00
   2.7702801e+00
   2.7739568e+00
   2.7776425e+00
   2.7813373e+00
   2.7850413e+00
   2.7887543e+00
   2.7924765e+00
   2.7962078e+00
   2.7999483e+00
   2.8036978e+00
   2.8074565e+00
   2.8112243e+00
   2.8150013e+00
   2.8187874e+00
   2.8225826e+00
   2.8263870e+00
   2.8302005e+00
   2.8340232e+00
   2.8378551e+00
   2.8416961e+00
   2.8455462e+00
   2.8494056e+00
   2.8532741e+00
   2.8571517e+00
   2.8610386e+00
   2.8649347e+00
   2.8688399e+00
   2.8727543e+00
   2.8766779e+00
   2.8806107e+00
   2.8845528e+00
   2.8885040e+00
   2.8924645e+00
   2.8964341e+00
   2.9004130e+00
   2.9044012e+00
   2.9083985e+00
   2.9124052e+00
   2.9164210e+00
   2.9204461e+00
   2.9244805e+00
   2.9285242e+00
   2.9325771e+00
   2.9366393e+00
   2.9407108e+00
   2.9447916e+00
   2.9488816e+00
   2.9529810e+00
   2.9570897e+00
   2.9612078e+00
   2.9653352e+00
   2.9694719e+00
   2.9736179e+00
   2.9777733e+00
   2.9819381e+00
   2.9861123e+00
   2.9902959e+00
   2.9944888e+00
   2.9986911e+00
   3.0029029e+00
   3.0071241e+00
   3.0113547e+00
   3.0155948e+00
   3.0198443e+00
   3.0241033e+00
   3.0283718e+00
   3.0326498e+00
   3.0369372e+00
   3.0412342e+00
   3.0455407e+00
   3.0498567e+00
   3.0541823e+00
   3.0585175e+00
   3.0628622e+00
   3.0672165e+00
   3.0715804e+00
   3.0759539e+00
   3.0803371e+00
   3.0847299e+00
   3.0891323e+00
   3.0935444e+00
   3.0979662e+00
   3.1023977e+00
   3.1068388e+00
   3.1112897e+00
   3.1157504e+00
   3.1202208e+00
   3.1247009e+00
   3.1291909e+00
   3.1336906e+00
   3.1382001e+00
   3.1427195e+00
   3.1472487e+00
   3.1517878e+00
   3.1563367e+00
   3.1608955e+00
   3.1654642e+00
   3.1700428e+00
   3.1746314e+00
   3.1792298e+00
   3.1838383e+00
   3.1884567e+00
   3.1930851e+00
   3.1977235e+00
   3.2023719e+00
   3.2070303e+00
   3.2116988e+00
   3.2163774e+00
   3.2210660e+00
   3.2257647e+00
   3.2304735e+00
   3.2351924e+00
   3.2399214e+00
   3.2446606e+00
   3.2494099e+00
   3.2541694e+00
   3.2589390e+00
   3.2637189e+00
   3.2685089e+00
   3.2733092e+00
   3.2781196e+00
   3.2829403e+00
   3.2877713e+00
   3.2926125e+00
   3.2974639e+00
   3.3023256e+00
   3.3071976e+00
   3.3120799e+00
   3.3169725e+00
   3.3218753e+00
   3.3267885e+00
   3.3317120e+00
   3.3366458e+00
   3.3415899e+00
   3.3465444e+00
   3.3515092e+00
   3.3564843e+00
   3.3614698e+00
   3.3664656e+00
   3.3714717e+00
   3.3764882e+00
   3.3815150e+00
   3.3865521e+00
   3.3915996e+00
   3.3966574e+00
   3.4017255e+00
   3.4068040e+00
   3.4118928e+00
   3.4169919e+00
   3.4221013e+00
   3.4272211e+00
   3.4323511e+00
   3.4374914e+00
   3.4426420e+00
   3.4478028e+00
   3.4529739e+00
   3.4581552e+00
   3.4633468e+00
   3.4685486e+00
   3.4737605e+00
   3.4789827e+00
   3.4842150e+00
   3.4894575e+00
   3.4947101e+00
   3.4999728e+00
   3.5052455e+00
   3.5105284e+00
   3.5158212e+00
   3.5211241e+00
   3.5264370e+00
   3.5317598e+00
   3.5370926e+00
   3.5424352e+00
   3.5477878e+00
   3.5531502e+00
   3.5585223e+00
   3.5639043e+00
   3.5692960e+00
   3.5746974e+00
   3.5801085e+00
   3.5855291e+00
   3.5909594e+00
   3.5963993e+00
   3.6018486e+00
   3.6073074e+00
   3.6127756e+00
   3.6182532e+00
   3.6237401e+00
   3.6292362e+00
   3.6347417e+00
   3.6402562e+00
   3.6457799e+00
   3.6513127e+00
   3.6568545e+00
   3.6624052e+00
   3.6679649e+00
   3.6735334e+00
   3.6791107e+00
   3.6846967e+00
   3.6902913e+00
   3.6958946e+00
   3.7015063e+00
   3.7071266e+00
   3.7127552e+00
   3.7183922e+00
   3.7240374e+00
   3.7296908e+00
   3.7353523e+00
   3.7410219e+00
   3.7466994e+00
   3.7523848e+00
   3.7580780e+00
   3.7637789e+00
   3.7694874e+00
   3.7752036e+00
   3.7809271e+00
   3.7866581e+00
   3.7923964e+00
   3.7981419e+00
   3.8038945e+00
   3.8096541e+00
   3.8154207e+00
   3.8211941e+00
   3.8269742e+00
   3.8327610e+00
   3.8385543e+00
   3.8443541e+00
   3.8501602e+00
   3.8559726e+00
   3.8617911e+00
   3.8676156e+00
   3.8734460e+00
   3.8792822e+00
   3.8851242e+00
   3.8909717e+00
   3.8968246e+00
   3.9026830e+00
   3.9085465e+00
   3.9144152e+00
   3.9202888e+00
   3.9261673e+00
   3.9320505e+00
   3.9379384e+00
   3.9438307e+00
   3.9497274e+00
   3.9556282e+00
   3.9615332e+00
   3.9674421e+00
   3.9733548e+00
   3.9792712e+00
   3.9851911e+00
   3.9911144e+00
   3.9970409e+00
   4.0029705e+00
   4.0089031e+00
   4.0148384e+00
   4.0207763e+00
   4.0267167e+00
   4.0326595e+00
   4.0386043e+00
   4.0445512e+00
   4.0504999e+00
   4.0564502e+00
   4.0624020e+00
   4.0683552e+00
   4.0743094e+00
   4.0802647e+00
   4.0862207e+00
   4.0921773e+00
   4.0981343e+00
   4.1040916e+00
   4.1100489e+00
   4.1160060e+00
   4.1219628e+00
   4.1279190e+00
   4.1338745e+00
   4.1398290e+00
   4.1457824e+00
   4.1517344e+00
   4.1576848e+00
   4.1636334e+00
   4.1695800e+00
   4.1755244e+00
   4.1814663e+00
   4.1874055e+00
   4.1933418e+00
   4.1992749e+00
   4.2052047e+00
   4.2111308e+00
   4.2170530e+00
   4.2229711e+00
   4.2288848e+00
   4.2347939e+00
   4.2406981e+00
   4.2465971e+00
   4.2524907e+00
   4.2583786e+00
   4.2642605e+00
   4.2701362e+00
   4.2760053e+00
   4.2818676e+00
   4.2877228e+00
   4.2935706e+00
   4.2994106e+00
   4.3052426e+00
   4.3110663e+00
   4.3168814e+00
   4.3226875e+00
   4.3284842e+00
   4.3342714e+00
   4.3400486e+00
   4.3458155e+00
   4.3515717e+00
   4.3573170e+00
   4.3630509e+00
   4.3687731e+00
   4.3744832e+00
   4.3801809e+00
   4.3858657e+00
   4.3915373e+00
   4.3971953e+00
   4.4028393e+00
   4.4084689e+00
   4.4140837e+00
   4.4196832e+00
   4.4252671e+00
   4.4308349e+00
   4.4363862e+00
   4.4419205e+00
   4.4474374e+00
   4.4529365e+00
   4.4584172e+00
   4.4638791e+00
   4.4693217e+00
   4.4747445e+00
   4.4801471e+00
   4.4855289e+00
   4.4908895e+00
   4.4962282e+00
   4.5015447e+00
   4.5068382e+00
   4.5121084e+00
   4.5173547e+00
   4.5225764e+00
   4.5277730e+00
   4.5329440e+00
   4.5380888e+00
   4.5432067e+00
   4.5482972e+00
   4.5533596e+00
   4.5583934e+00
   4.5633978e+00
   4.5683723e+00
   4.5733161e+00
   4.5782287e+00
   4.5831093e+00
   4.5879573e+00
   4.5927719e+00
   4.5975525e+00
   4.6022984e+00
   4.6070087e+00
   4.6116829e+00
   4.6163200e+00
   4.6209194e+00
   4.6254803e+00
   4.6300019e+00
   4.6344834e+00
   4.6389240e+00
   4.6433228e+00
   4.6476791e+00
   4.6519920e+00
   4.6562606e+00
   4.6604841e+00
   4.6646615e+00
   4.6687920e+00
   4.6728747e+00
   4.6769086e+00
   4.6808928e+00
   4.6848264e+00
   4.6887084e+00
   4.6925378e+00
   4.6963136e+00
   4.7000349e+00
   4.7037005e+00
   4.7073095e+00
   4.7108609e+00
   4.7143535e+00
   4.7177863e+00
   4.7211582e+00
   4.7244681e+00
   4.7277149e+00
   4.7308974e+00
   4.7340146e+00
   4.7370652e+00
   4.7400481e+00
   4.7429620e+00
   4.7458058e+00
   4.7485783e+00
   4.7512783e+00
   4.7539044e+00
   4.7564554e+00
   4.7589301e+00
   4.7613272e+00
   4.7636453e+00
   4.7658832e+00
   4.7680395e+00
   4.7701129e+00
   4.7721020e+00
   4.7740054e+00
   4.7758218e+00
   4.7775498e+00
   4.7791879e+00
   4.7807348e+00
   4.7821889e+00
   4.7835490e+00
   4.7848134e+00
   4.7859808e+00
   4.7870496e+00
   4.7880184e+00
   4.7888857e+00
   4.7896499e+00
   4.7903096e+00
   4.7908632e+00
   4.7913092e+00
   4.7916460e+00
   4.7918721e+00
   4.7919860e+00
   4.7919860e+00
   4.7918706e+00
   4.7916383e+00
   4.7912875e+00
   4.7908165e+00
   4.7902238e+00
   4.7895079e+00
   4.7886671e+00
   4.7876998e+00
   4.7866046e+00
   4.7853797e+00
   4.7840237e+00
   4.7825349e+00
   4.7809118e+00
   4.7791529e+00
   4.7772565e+00
   4.7752212e+00
   4.7730453e+00
   4.7707275e+00
   4.7682662e+00
   4.7656598e+00
   4.7629070e+00
   4.7600062e+00
   4.7569560e+00
   4.7537549e+00
   4.7504017e+00
   4.7468948e+00
   4.7432330e+00
   4.7394149e+00
   4.7354392e+00
   4.7313047e+00
   4.7270100e+00
   4.7225540e+00
   4.7179356e+00
   4.7131535e+00
   4.7082067e+00
   4.7030941e+00
   4.6978146e+00
   4.6923674e+00
   4.6867515e+00
   4.6809660e+00
   4.6750100e+00
   4.6688828e+00
   4.6625478e+00
   4.6564846e+00
   4.6502195e+00
   4.6437535e+00
   4.6370882e+00
   4.6302241e+00
   4.6231620e+00
   4.6159039e+00
   4.6084502e+00
   4.6008023e+00
   4.5929611e+00
   4.5849270e+00
   4.5767020e+00
   4.5682865e+00
   4.5596828e+00
   4.5508905e+00
   4.5419108e+00
   4.5327457e+00
   4.5233957e+00
   4.5138622e+00
   4.5041464e+00
   4.4942503e+00
   4.4841760e+00
   4.4739228e+00
   4.4634934e+00
   4.4528894e+00
   4.4421124e+00
   4.4311637e+00
   4.4200455e+00
   4.4087591e+00
   4.3973065e+00
   4.3856906e+00
   4.3739131e+00
   4.3619751e+00
   4.3498795e+00
   4.3376291e+00
   4.3252254e+00
   4.3126715e+00
   4.2999686e+00
   4.2871206e+00
   4.2741290e+00
   4.2609978e+00
   4.2477287e+00
   4.2343252e+00
   4.2207898e+00
   4.2071255e+00
   4.1933363e+00
   4.1794236e+00
   4.1653914e+00
   4.1512429e+00
   4.1369818e+00
   4.1226107e+00
   4.1081331e+00
   4.0935532e+00
   4.0788737e+00
   4.0640983e+00
   4.0492307e+00
   4.0342745e+00
   4.0192340e+00
   4.0041124e+00
   3.9889131e+00
   3.9736402e+00
   3.9582966e+00
   3.9428873e+00
   3.9274165e+00
   3.9118875e+00
   3.8963042e+00
   3.8806699e+00
   3.8649885e+00
   3.8492651e+00
   3.8335019e+00
   3.8177040e+00
   3.8018744e+00
   3.7860178e+00
   3.7701374e+00
   3.7542374e+00
   3.7383213e+00
   3.7223930e+00
   3.7064567e+00
   3.6905162e+00
   3.6745741e+00
   3.6586346e+00
   3.6427014e+00
   3.6267773e+00
   3.6108671e+00
   3.5949739e+00
   3.5791018e+00
   3.5632535e+00
   3.5474311e+00
   3.5316387e+00
   3.5158797e+00
   3.5001580e+00
   3.4844755e+00
   3.4688358e+00
   3.4532417e+00
   3.4376971e+00
   3.4222035e+00
   3.4067636e+00
   3.3913809e+00
   3.3760571e+00
   3.3607957e+00
   3.3455986e+00
   3.3304682e+00
   3.3154074e+00
   3.3004170e+00
   3.2855002e+00
   3.2706596e+00
   3.2558970e+00
   3.2412143e+00
   3.2266132e+00
   3.2120947e+00
   3.1976609e+00
   3.1833140e+00
   3.1690551e+00
   3.1548863e+00
   3.1408084e+00
   3.1268229e+00
   3.1129312e+00
   3.0991342e+00
   3.0854333e+00
   3.0718292e+00
   3.0583228e+00
   3.0449161e+00
   3.0316090e+00
   3.0184029e+00
   3.0052977e+00
   2.9922943e+00
   2.9793936e+00
   2.9665966e+00
   2.9539029e+00
   2.9413133e+00
   2.9288279e+00
   2.9164467e+00
   2.9041712e+00
   2.8920008e+00
   2.8799355e+00
   2.8679759e+00
   2.8561215e+00
   2.8443728e+00
   2.8327294e+00
   2.8211914e+00
   2.8097581e+00
   2.7984298e+00
   2.7872060e+00
   2.7760871e+00
   2.7650718e+00
   2.7541603e+00
   2.7433524e+00
   2.7326476e+00
   2.7220448e+00
   2.7115446e+00
   2.7011463e+00
   2.6908491e+00
   2.6806520e+00
