   5.2599763e-01
   5.2560440e-01
   5.2521147e-01
   5.2481885e-01
   5.2442655e-01
   5.2403455e-01
   5.2364286e-01
   5.2325148e-01
   5.2286042e-01
   5.2246965e-01
   5.2207920e-01
   5.2168906e-01
   5.2129922e-01
   5.2090969e-01
   5.2052047e-01
   5.2013156e-01
   5.1974295e-01
   5.1935465e-01
   5.1896665e-01
   5.1857896e-01
   5.1819158e-01
   5.1780450e-01
   5.1741773e-01
   5.1703126e-01
   5.1664509e-01
   5.1625923e-01
   5.1587368e-01
   5.1548842e-01
   5.1510348e-01
   5.1471883e-01
   5.1433449e-01
   5.1395045e-01
   5.1356671e-01
   5.1318327e-01
   5.1280014e-01
   5.1241731e-01
   5.1203477e-01
   5.1165254e-01
   5.1127061e-01
   5.1088898e-01
   5.1050765e-01
   5.1012663e-01
   5.0974590e-01
   5.0936547e-01
   5.0898533e-01
   5.0860550e-01
   5.0822597e-01
   5.0784673e-01
   5.0746780e-01
   5.0708916e-01
   5.0671081e-01
   5.0633277e-01
   5.0595502e-01
   5.0557757e-01
   5.0520042e-01
   5.0482356e-01
   5.0444699e-01
   5.0407073e-01
   5.0369476e-01
   5.0331908e-01
   5.0294370e-01
   5.0256861e-01
   5.0219382e-01
   5.0181932e-01
   5.0144512e-01
   5.0107120e-01
   5.0069759e-01
   5.0032426e-01
   4.9995123e-01
   4.9957849e-01
   4.9920604e-01
   4.9883389e-01
   4.9846202e-01
   4.9809045e-01
   4.9771917e-01
   4.9734818e-01
   4.9697748e-01
   4.9660708e-01
   4.9623696e-01
   4.9586713e-01
   4.9549759e-01
   4.9512834e-01
   4.9475938e-01
   4.9439071e-01
   4.9402233e-01
   4.9365423e-01
   4.9328643e-01
   4.9291891e-01
   4.9255168e-01
   4.9218474e-01
   4.9181808e-01
   4.9145171e-01
   4.9108563e-01
   4.9071984e-01
   4.9035433e-01
   4.8998910e-01
   4.8962417e-01
   4.8925951e-01
   4.8889515e-01
   4.8853106e-01
   4.8816727e-01
   4.8780375e-01
   4.8744052e-01
   4.8707758e-01
   4.8671492e-01
   4.8635254e-01
   4.8599044e-01
   4.8562863e-01
   4.8526710e-01
   4.8490585e-01
   4.8454489e-01
   4.8418421e-01
   4.8382380e-01
   4.8346368e-01
   4.8310385e-01
   4.8274429e-01
   4.8238501e-01
   4.8202601e-01
   4.8166730e-01
   4.8130886e-01
   4.8095070e-01
   4.8059283e-01
   4.8023523e-01
   4.7987791e-01
   4.7952087e-01
   4.7916411e-01
   4.7880762e-01
   4.7845142e-01
   4.7809549e-01
   4.7773984e-01
   4.7738446e-01
   4.7702937e-01
   4.7667455e-01
   4.7632000e-01
   4.7596574e-01
   4.7561175e-01
   4.7525803e-01
   4.7490459e-01
   4.7455143e-01
   4.7419854e-01
   4.7384593e-01
   4.7349359e-01
   4.7314152e-01
   4.7278973e-01
   4.7243821e-01
   4.7208697e-01
   4.7173600e-01
   4.7138530e-01
   4.7103488e-01
   4.7068473e-01
   4.7033485e-01
   4.6998524e-01
   4.6963591e-01
   4.6928685e-01
   4.6893806e-01
   4.6858954e-01
   4.6824129e-01
   4.6789331e-01
   4.6754560e-01
   4.6719817e-01
   4.6685100e-01
   4.6650410e-01
   4.6615748e-01
   4.6581112e-01
   4.6546503e-01
   4.6511921e-01
   4.6477366e-01
   4.6442838e-01
   4.6408336e-01
   4.6373862e-01
   4.6339414e-01
   4.6304993e-01
   4.6270598e-01
   4.6236231e-01
   4.6201890e-01
   4.6167576e-01
   4.6133288e-01
   4.6099027e-01
   4.6064793e-01
   4.6030585e-01
   4.5996403e-01
   4.5962249e-01
   4.5928120e-01
   4.5894019e-01
   4.5859943e-01
   4.5825894e-01
   4.5791872e-01
   4.5757876e-01
   4.5723906e-01
   4.5689963e-01
   4.5656046e-01
   4.5622155e-01
   4.5588291e-01
   4.5554452e-01
   4.5520640e-01
   4.5486855e-01
   4.5453095e-01
   4.5419362e-01
   4.5385654e-01
   4.5351973e-01
   4.5318318e-01
   4.5284689e-01
   4.5251086e-01
   4.5217509e-01
   4.5183958e-01
   4.5150433e-01
   4.5116934e-01
   4.5083461e-01
   4.5050014e-01
   4.5016593e-01
   4.4983198e-01
   4.4949828e-01
   4.4916485e-01
   4.4883167e-01
   4.4849875e-01
   4.4816609e-01
   4.4783368e-01
   4.4750153e-01
   4.4716964e-01
   4.4683801e-01
   4.4650663e-01
   4.4617551e-01
   4.4584464e-01
   4.4551403e-01
   4.4518368e-01
   4.4485358e-01
   4.4452374e-01
   4.4419415e-01
   4.4386481e-01
   4.4353574e-01
   4.4320691e-01
   4.4287834e-01
   4.4255002e-01
   4.4222196e-01
   4.4189415e-01
   4.4156659e-01
   4.4123929e-01
   4.4091224e-01
   4.4058544e-01
   4.4025890e-01
   4.3993261e-01
   4.3960656e-01
   4.3928078e-01
   4.3895524e-01
   4.3862995e-01
   4.3830492e-01
   4.3798013e-01
   4.3765560e-01
   4.3733132e-01
   4.3700728e-01
   4.3668350e-01
   4.3635997e-01
   4.3603668e-01
   4.3571365e-01
   4.3539086e-01
   4.3506833e-01
   4.3474604e-01
   4.3442400e-01
   4.3410221e-01
   4.3378067e-01
   4.3345938e-01
   4.3313833e-01
   4.3281753e-01
   4.3249698e-01
   4.3217668e-01
   4.3185662e-01
   4.3153681e-01
   4.3121725e-01
   4.3089793e-01
   4.3057886e-01
   4.3026003e-01
   4.2994145e-01
   4.2962311e-01
   4.2930503e-01
   4.2898718e-01
   4.2866958e-01
   4.2835223e-01
   4.2803511e-01
   4.2771825e-01
   4.2740163e-01
   4.2708525e-01
   4.2676911e-01
   4.2645322e-01
   4.2613757e-01
   4.2582216e-01
   4.2550700e-01
   4.2519208e-01
   4.2487740e-01
   4.2456297e-01
   4.2424877e-01
   4.2393482e-01
   4.2362111e-01
   4.2330764e-01
   4.2299441e-01
   4.2268142e-01
   4.2236868e-01
   4.2205617e-01
   4.2174391e-01
   4.2143188e-01
   4.2112009e-01
   4.2080855e-01
   4.2049724e-01
   4.2018617e-01
   4.1987535e-01
   4.1956476e-01
   4.1925441e-01
   4.1894429e-01
   4.1863442e-01
   4.1832478e-01
   4.1801539e-01
   4.1770623e-01
   4.1739730e-01
   4.1708862e-01
   4.1678017e-01
   4.1647196e-01
   4.1616398e-01
   4.1585625e-01
   4.1554874e-01
   4.1524148e-01
   4.1493445e-01
   4.1462765e-01
   4.1432109e-01
   4.1401477e-01
   4.1370868e-01
   4.1340283e-01
   4.1309721e-01
   4.1279183e-01
   4.1248668e-01
   4.1218176e-01
   4.1187708e-01
   4.1157263e-01
   4.1126842e-01
   4.1096444e-01
   4.1066069e-01
   4.1035717e-01
   4.1005389e-01
   4.0975084e-01
   4.0944803e-01
   4.0914544e-01
   4.0884309e-01
   4.0854097e-01
   4.0823908e-01
   4.0793742e-01
   4.0763599e-01
   4.0733480e-01
   4.0703383e-01
   4.0673310e-01
   4.0643259e-01
   4.0613232e-01
   4.0583227e-01
   4.0553246e-01
   4.0523288e-01
   4.0493352e-01
   4.0463440e-01
   4.0433550e-01
   4.0403683e-01
   4.0373839e-01
   4.0344018e-01
   4.0314220e-01
   4.0284445e-01
   4.0254692e-01
   4.0224962e-01
   4.0195255e-01
   4.0165571e-01
   4.0135910e-01
   4.0106271e-01
   4.0076654e-01
   4.0047061e-01
   4.0017490e-01
   3.9987942e-01
   3.9958416e-01
   3.9928913e-01
   3.9899433e-01
   3.9869975e-01
   3.9840539e-01
   3.9811126e-01
   3.9781736e-01
   3.9752368e-01
   3.9723023e-01
   3.9693699e-01
   3.9664399e-01
   3.9635121e-01
   3.9605865e-01
   3.9576631e-01
   3.9547420e-01
   3.9518231e-01
   3.9489065e-01
   3.9459921e-01
   3.9430799e-01
   3.9401699e-01
   3.9372622e-01
   3.9343567e-01
   3.9314534e-01
   3.9285523e-01
   3.9256534e-01
   3.9227568e-01
   3.9198623e-01
   3.9169701e-01
   3.9140801e-01
   3.9111922e-01
   3.9083066e-01
   3.9054232e-01
   3.9025420e-01
   3.8996630e-01
   3.8967862e-01
   3.8939116e-01
   3.8910392e-01
   3.8881690e-01
   3.8853009e-01
   3.8824351e-01
   3.8795714e-01
   3.8767100e-01
   3.8738507e-01
   3.8709936e-01
   3.8681386e-01
   3.8652859e-01
   3.8624353e-01
   3.8595869e-01
   3.8567407e-01
   3.8538966e-01
   3.8510547e-01
   3.8482150e-01
   3.8453775e-01
   3.8425421e-01
   3.8397088e-01
   3.8368778e-01
   3.8340489e-01
   3.8312221e-01
   3.8283975e-01
   3.8255751e-01
   3.8227548e-01
   3.8199366e-01
   3.8171206e-01
   3.8143068e-01
   3.8114951e-01
   3.8086855e-01
   3.8058781e-01
   3.8030728e-01
   3.8002697e-01
   3.7974686e-01
   3.7946698e-01
   3.7918730e-01
   3.7890784e-01
   3.7862859e-01
   3.7834955e-01
   3.7807073e-01
   3.7779212e-01
   3.7751372e-01
   3.7723553e-01
   3.7695756e-01
   3.7667979e-01
   3.7640224e-01
   3.7612490e-01
   3.7584777e-01
   3.7557085e-01
   3.7529414e-01
   3.7501764e-01
   3.7474136e-01
   3.7446528e-01
   3.7418941e-01
   3.7391375e-01
   3.7363831e-01
   3.7336307e-01
   3.7308804e-01
   3.7281322e-01
   3.7253861e-01
   3.7226421e-01
   3.7199001e-01
   3.7171603e-01
   3.7144225e-01
   3.7116869e-01
   3.7089533e-01
   3.7062217e-01
   3.7034923e-01
   3.7007649e-01
   3.6980396e-01
   3.6953164e-01
   3.6925952e-01
   3.6898762e-01
   3.6871591e-01
   3.6844442e-01
   3.6817313e-01
   3.6790205e-01
   3.6763117e-01
   3.6736050e-01
   3.6709003e-01
   3.6681977e-01
   3.6654972e-01
   3.6627987e-01
   3.6601022e-01
   3.6574078e-01
   3.6547155e-01
   3.6520252e-01
   3.6493369e-01
   3.6466507e-01
   3.6439665e-01
   3.6412843e-01
   3.6386042e-01
   3.6359261e-01
   3.6332501e-01
   3.6305761e-01
   3.6279041e-01
   3.6252341e-01
   3.6225662e-01
   3.6199003e-01
   3.6172364e-01
   3.6145746e-01
   3.6119147e-01
   3.6092569e-01
   3.6066011e-01
   3.6039473e-01
   3.6012955e-01
   3.5986458e-01
   3.5959980e-01
   3.5933523e-01
   3.5907085e-01
   3.5880668e-01
   3.5854271e-01
   3.5827893e-01
   3.5801536e-01
   3.5775199e-01
   3.5748881e-01
   3.5722584e-01
   3.5696306e-01
   3.5670049e-01
   3.5643811e-01
   3.5617594e-01
   3.5591396e-01
   3.5565218e-01
   3.5539059e-01
   3.5512921e-01
   3.5486803e-01
   3.5460704e-01
   3.5434625e-01
   3.5408566e-01
   3.5382526e-01
   3.5356506e-01
   3.5330506e-01
   3.5304526e-01
   3.5278565e-01
   3.5252624e-01
   3.5226703e-01
   3.5200801e-01
   3.5174919e-01
   3.5149057e-01
   3.5123214e-01
   3.5097390e-01
   3.5071587e-01
   3.5045802e-01
   3.5020038e-01
   3.4994292e-01
   3.4968567e-01
   3.4942860e-01
   3.4917173e-01
   3.4891506e-01
   3.4865858e-01
   3.4840230e-01
   3.4814620e-01
   3.4789031e-01
   3.4763460e-01
   3.4737909e-01
   3.4712417e-01
   3.9421878e-01
   4.4034707e-01
   4.8555392e-01
   5.2990455e-01
   5.7345997e-01
   6.1627796e-01
   6.5841338e-01
   6.9991869e-01
   7.4084397e-01
   7.8123866e-01
   8.2115156e-01
   8.6063265e-01
   8.9973478e-01
   9.3851597e-01
   9.7704415e-01
   1.0154004e+00
   1.0536869e+00
   1.0920366e+00
   1.1306278e+00
   1.1697020e+00
   1.2095951e+00
   1.2507823e+00
   1.2939478e+00
   1.3401102e+00
   1.3908328e+00
   1.4486283e+00
   1.5177658e+00
   1.6060281e+00
   1.7288408e+00
   1.9198397e+00
   2.2608368e+00
   2.9872048e+00
   4.2988978e+00
   5.1399113e+00
   5.4753955e+00
   5.5892533e+00
   5.6170549e+00
   5.6114302e+00
   5.5919566e+00
   5.5658675e+00
   5.5358981e+00
   5.5031736e+00
   5.4682517e+00
   5.4314872e+00
   5.3931578e+00
   5.3535082e+00
   5.3127588e+00
   5.2711144e+00
   5.2287591e+00
   5.1858620e+00
   5.1047380e+00
   5.0254258e+00
   4.9480435e+00
   4.8726625e+00
   4.7993275e+00
   4.7280596e+00
   4.6588616e+00
   4.5917207e+00
   4.5266133e+00
   4.4635052e+00
   4.4023556e+00
   4.3431164e+00
   4.2857368e+00
   4.2301622e+00
   4.1763357e+00
   4.1241995e+00
   4.0736949e+00
   4.0247621e+00
   3.9773427e+00
   3.9313784e+00
   3.8868120e+00
   3.8435872e+00
   3.8016493e+00
   3.7609451e+00
   3.7214233e+00
   3.6830336e+00
   3.6457274e+00
   3.6094587e+00
   3.5741823e+00
   3.5398556e+00
   3.5064367e+00
   3.4738868e+00
   3.4421681e+00
   3.4112439e+00
   3.3810790e+00
   3.3516415e+00
   3.3229005e+00
   3.2948259e+00
   3.2673894e+00
   3.2405656e+00
   3.2143274e+00
   3.1886503e+00
   3.1635112e+00
   3.1388885e+00
   3.1147600e+00
   3.0911068e+00
   3.0679103e+00
   3.0451533e+00
   3.0228188e+00
   3.0008907e+00
   2.9793540e+00
   2.9581943e+00
   2.9373982e+00
   2.9169530e+00
   2.8968467e+00
   2.8770674e+00
   2.8576044e+00
   2.8384479e+00
   2.8195876e+00
   2.8010146e+00
   2.7827200e+00
   2.7646956e+00
   2.7469336e+00
   2.7294266e+00
   2.7121674e+00
   2.6951500e+00
   2.6783679e+00
   2.6618152e+00
   2.6454864e+00
   2.6293758e+00
   2.6134780e+00
   2.5977885e+00
   2.5823028e+00
   2.5670170e+00
   2.5519264e+00
   2.5370274e+00
   2.5223160e+00
   2.5077889e+00
   2.4934428e+00
   2.4792743e+00
   2.4652804e+00
   2.4514582e+00
   2.4378051e+00
   2.4243184e+00
   2.4109955e+00
   2.3978338e+00
   2.3848315e+00
   2.3719858e+00
   2.3592951e+00
   2.3467571e+00
   2.3343699e+00
   2.3221318e+00
   2.3100408e+00
   2.2980951e+00
   2.2862932e+00
   2.2746334e+00
   2.2631142e+00
   2.2517342e+00
   2.2404918e+00
   2.2293874e+00
   2.2184162e+00
   2.2075784e+00
   2.1968730e+00
   2.1862985e+00
   2.1758539e+00
   2.1655379e+00
   2.1553493e+00
   2.1452870e+00
   2.1353517e+00
   2.1255388e+00
   2.1158507e+00
   2.1062829e+00
   2.0968360e+00
   2.0875091e+00
   2.0783013e+00
   2.0692115e+00
   2.0602388e+00
   2.0513822e+00
   2.0426408e+00
   2.0340138e+00
   2.0255000e+00
   2.0170988e+00
   2.0088090e+00
   2.0006300e+00
   1.9925608e+00
   1.9846004e+00
   1.9767482e+00
   1.9690031e+00
   1.9613644e+00
   1.9538312e+00
   1.9464027e+00
   1.9390779e+00
   1.9318560e+00
   1.9247363e+00
   1.9177178e+00
   1.9107999e+00
   1.9039815e+00
   1.8972619e+00
   1.8906403e+00
   1.8841158e+00
   1.8776877e+00
   1.8713550e+00
   1.8651170e+00
   1.8589728e+00
   1.8529216e+00
   1.8469626e+00
   1.8410949e+00
   1.8353177e+00
   1.8296302e+00
   1.8240315e+00
   1.8185209e+00
   1.8130974e+00
   1.8077603e+00
   1.8025086e+00
   1.7973415e+00
   1.7922583e+00
   1.7872580e+00
   1.7823397e+00
   1.7775027e+00
   1.7727461e+00
   1.7680690e+00
   1.7634705e+00
   1.7589498e+00
   1.7545060e+00
   1.7501382e+00
   1.7458455e+00
   1.7416270e+00
   1.7374819e+00
   1.7334093e+00
   1.7294081e+00
   1.7254777e+00
   1.7216169e+00
   1.7178250e+00
   1.7141010e+00
   1.7104441e+00
   1.7068534e+00
   1.7033280e+00
   1.6998670e+00
   1.6964695e+00
   1.6931345e+00
   1.6898611e+00
   1.6866485e+00
   1.6834958e+00
   1.6804021e+00
   1.6773665e+00
   1.6743882e+00
   1.6714665e+00
   1.6686003e+00
   1.6657891e+00
   1.6630320e+00
   1.6603282e+00
   1.6576771e+00
   1.6550780e+00
   1.6525303e+00
   1.6500333e+00
   1.6475865e+00
   1.6451894e+00
   1.6428414e+00
   1.6405423e+00
   1.6382915e+00
   1.6360888e+00
   1.6339339e+00
   1.6318266e+00
   1.6297666e+00
   1.6277539e+00
   1.6257883e+00
   1.6238698e+00
   1.6219984e+00
   1.6201741e+00
   1.6183970e+00
   1.6166670e+00
   1.6149844e+00
   1.6133491e+00
   1.6117612e+00
   1.6102210e+00
   1.6087284e+00
   1.6072835e+00
   1.6058864e+00
   1.6045371e+00
   1.6032357e+00
   1.6019822e+00
   1.6007764e+00
   1.5996185e+00
   1.5985082e+00
   1.5974455e+00
   1.5964302e+00
   1.5954621e+00
   1.5945410e+00
   1.5936667e+00
   1.5928389e+00
   1.5920573e+00
   1.5913216e+00
   1.5906315e+00
   1.5899866e+00
   1.5893865e+00
   1.5888309e+00
   1.5883193e+00
   1.5878512e+00
   1.5874264e+00
   1.5870442e+00
   1.5867044e+00
   1.5864063e+00
   1.5861496e+00
   1.5859337e+00
   1.5857582e+00
   1.5856226e+00
   1.5855265e+00
   1.5854693e+00
   1.5854505e+00
   1.5854697e+00
   1.5855265e+00
   1.5856202e+00
   1.5857506e+00
   1.5859169e+00
   1.5861189e+00
   1.5863561e+00
   1.5866279e+00
   1.5869339e+00
   1.5872736e+00
   1.5876467e+00
   1.5880526e+00
   1.5884910e+00
   1.5889613e+00
   1.5894632e+00
   1.5899962e+00
   1.5905599e+00
   1.5911539e+00
   1.5917777e+00
   1.5924310e+00
   1.5931134e+00
   1.5938244e+00
   1.5945636e+00
   1.5953307e+00
   1.5961253e+00
   1.5969470e+00
   1.5977955e+00
   1.5986702e+00
   1.5995710e+00
   1.6004974e+00
   1.6014490e+00
   1.6024256e+00
   1.6034267e+00
   1.6044521e+00
   1.6055013e+00
   1.6065740e+00
   1.6076699e+00
   1.6087887e+00
   1.6099301e+00
   1.6110936e+00
   1.6122791e+00
   1.6134861e+00
   1.6147144e+00
   1.6159637e+00
   1.6172336e+00
   1.6185239e+00
   1.6198343e+00
   1.6211644e+00
   1.6225140e+00
   1.6238827e+00
   1.6252704e+00
   1.6266767e+00
   1.6281013e+00
   1.6295439e+00
   1.6310044e+00
   1.6324823e+00
   1.6339775e+00
   1.6354897e+00
   1.6370186e+00
   1.6385640e+00
   1.6401256e+00
   1.6417031e+00
   1.6432963e+00
   1.6449050e+00
   1.6465288e+00
   1.6481677e+00
   1.6498212e+00
   1.6514892e+00
   1.6531715e+00
   1.6548678e+00
   1.6565779e+00
   1.6583015e+00
   1.6600384e+00
   1.6617885e+00
   1.6635514e+00
   1.6653269e+00
   1.6671150e+00
   1.6689152e+00
   1.6707275e+00
   1.6725515e+00
   1.6743872e+00
   1.6762343e+00
   1.6780925e+00
   1.6799617e+00
   1.6818417e+00
   1.6837323e+00
   1.6856333e+00
   1.6875445e+00
   1.6894657e+00
   1.6913967e+00
   1.6933373e+00
   1.6952874e+00
   1.6972467e+00
   1.6992151e+00
   1.7011924e+00
   1.7031784e+00
   1.7051730e+00
   1.7071759e+00
   1.7091870e+00
   1.7112062e+00
   1.7132332e+00
   1.7152679e+00
   1.7173101e+00
   1.7193596e+00
   1.7214164e+00
   1.7234802e+00
   1.7255509e+00
   1.7276283e+00
   1.7297123e+00
   1.7318027e+00
   1.7338993e+00
   1.7360021e+00
   1.7381108e+00
   1.7402254e+00
   1.7423456e+00
   1.7444713e+00
   1.7466024e+00
   1.7487388e+00
   1.7508803e+00
   1.7530267e+00
   1.7551780e+00
   1.7573340e+00
   1.7594945e+00
   1.7616595e+00
   1.7638287e+00
   1.7660022e+00
   1.7681796e+00
   1.7703610e+00
   1.7725462e+00
   1.7747351e+00
   1.7769275e+00
   1.7791234e+00
   1.7813225e+00
   1.7835249e+00
   1.7857303e+00
   1.7879387e+00
   1.7901499e+00
   1.7923638e+00
   1.7945804e+00
   1.7967995e+00
   1.7990210e+00
   1.8012448e+00
   1.8034708e+00
   1.8056989e+00
   1.8079289e+00
   1.8101608e+00
   1.8123945e+00
   1.8146299e+00
   1.8168669e+00
   1.8191053e+00
   1.8213451e+00
   1.8235862e+00
   1.8258285e+00
   1.8280719e+00
   1.8303163e+00
   1.8325616e+00
   1.8348077e+00
   1.8370546e+00
   1.8393021e+00
   1.8415502e+00
   1.8437987e+00
   1.8460476e+00
   1.8482969e+00
   1.8505463e+00
   1.8527959e+00
   1.8550455e+00
   1.8572952e+00
   1.8595447e+00
   1.8617940e+00
   1.8640431e+00
   1.8662918e+00
   1.8685401e+00
   1.8707880e+00
   1.8730353e+00
   1.8752819e+00
   1.8775279e+00
   1.8797731e+00
   1.8820174e+00
   1.8842608e+00
   1.8865033e+00
   1.8887447e+00
   1.8909849e+00
   1.8932240e+00
   1.8954619e+00
   1.8976984e+00
   1.8999336e+00
   1.9021673e+00
   1.9043995e+00
   1.9066302e+00
   1.9088592e+00
   1.9110866e+00
   1.9133123e+00
   1.9155361e+00
   1.9177581e+00
   1.9199781e+00
   1.9221963e+00
   1.9244123e+00
   1.9266264e+00
   1.9288383e+00
   1.9310480e+00
   1.9332554e+00
   1.9354606e+00
   1.9376635e+00
   1.9398639e+00
   1.9420620e+00
   1.9442575e+00
   1.9464506e+00
   1.9486410e+00
   1.9508288e+00
   1.9530140e+00
   1.9551964e+00
   1.9573760e+00
   1.9595529e+00
   1.9617269e+00
   1.9638980e+00
   1.9660662e+00
   1.9682314e+00
   1.9703935e+00
   1.9725527e+00
   1.9747087e+00
   1.9768615e+00
   1.9790112e+00
   1.9811577e+00
   1.9833009e+00
   1.9854409e+00
   1.9875774e+00
   1.9897107e+00
   1.9918405e+00
   1.9939669e+00
   1.9960898e+00
   1.9982092e+00
   2.0003251e+00
   2.0024373e+00
   2.0045460e+00
   2.0066511e+00
   2.0087524e+00
   2.0108501e+00
   2.0129440e+00
   2.0150342e+00
   2.0171206e+00
   2.0192031e+00
   2.0212818e+00
   2.0233566e+00
   2.0254275e+00
   2.0274945e+00
   2.0295575e+00
   2.0316165e+00
   2.0336715e+00
   2.0357225e+00
   2.0377694e+00
   2.0398121e+00
   2.0418508e+00
   2.0438853e+00
   2.0459157e+00
   2.0479419e+00
   2.0499638e+00
   2.0519815e+00
   2.0539950e+00
   2.0560042e+00
   2.0580091e+00
   2.0600096e+00
   2.0620058e+00
   2.0639977e+00
   2.0659851e+00
   2.0679682e+00
   2.0699468e+00
   2.0719210e+00
   2.0738907e+00
   2.0758560e+00
   2.0778167e+00
   2.0797729e+00
   2.0817246e+00
   2.0836718e+00
   2.0856143e+00
   2.0875523e+00
   2.0894857e+00
   2.0914145e+00
   2.0933386e+00
   2.0952581e+00
   2.0971730e+00
   2.0990831e+00
   2.1009886e+00
   2.1028894e+00
   2.1047854e+00
   2.1066767e+00
   2.1085633e+00
   2.1104451e+00
   2.1123222e+00
   2.1141945e+00
   2.1160619e+00
   2.1179246e+00
   2.1197825e+00
   2.1216355e+00
   2.1234837e+00
   2.1253270e+00
   2.1271655e+00
   2.1289991e+00
   2.1308278e+00
   2.1326517e+00
   2.1344706e+00
   2.1362847e+00
   2.1380938e+00
   2.1398980e+00
   2.1416972e+00
   2.1434916e+00
   2.1452809e+00
   2.1470653e+00
   2.1488448e+00
   2.1506193e+00
   2.1523888e+00
   2.1541533e+00
   2.1559128e+00
   2.1576673e+00
   2.1594169e+00
   2.1611614e+00
   2.1629009e+00
   2.1646353e+00
   2.1663648e+00
   2.1680892e+00
   2.1698085e+00
   2.1715229e+00
   2.1732322e+00
   2.1749364e+00
   2.1766356e+00
   2.1783297e+00
   2.1800187e+00
   2.1817027e+00
   2.1833816e+00
   2.1850555e+00
   2.1867243e+00
   2.1883879e+00
   2.1900466e+00
   2.1917001e+00
   2.1933485e+00
   2.1949919e+00
   2.1966301e+00
   2.1982633e+00
   2.1998914e+00
   2.2015143e+00
   2.2031322e+00
   2.2047450e+00
   2.2063527e+00
   2.2079552e+00
   2.2095527e+00
   2.2111451e+00
   2.2127324e+00
   2.2143145e+00
   2.2158916e+00
   2.2174636e+00
   2.2190304e+00
   2.2205922e+00
   2.2221489e+00
   2.2237004e+00
   2.2252469e+00
   2.2267882e+00
   2.2283245e+00
   2.2298556e+00
   2.2313817e+00
   2.2329027e+00
   2.2344186e+00
   2.2359293e+00
   2.2374350e+00
   2.2389356e+00
   2.2404312e+00
   2.2419216e+00
   2.2434069e+00
   2.2448872e+00
   2.2463624e+00
   2.2478325e+00
   2.2492976e+00
   2.2507576e+00
   2.2522125e+00
   2.2536623e+00
   2.2551071e+00
   2.2565469e+00
   2.2579816e+00
   2.2594112e+00
   2.2608358e+00
   2.2622553e+00
   2.2636698e+00
   2.2650793e+00
   2.2664838e+00
   2.2678832e+00
   2.2692776e+00
   2.2706669e+00
   2.2720513e+00
   2.2734307e+00
   2.2748050e+00
   2.2761744e+00
   2.2775387e+00
   2.2788981e+00
   2.2802525e+00
   2.2816019e+00
   2.2829463e+00
   2.2842858e+00
   2.2856202e+00
   2.2869498e+00
   2.2882744e+00
   2.2895940e+00
   2.2909087e+00
   2.2922184e+00
   2.2935233e+00
   2.2948232e+00
   2.2961181e+00
   2.2974082e+00
   2.2986934e+00
   2.2999736e+00
   2.3012490e+00
   2.3025195e+00
   2.3037851e+00
   2.3050458e+00
   2.3063017e+00
   2.3075527e+00
   2.3087988e+00
   2.3100401e+00
   2.3112765e+00
   2.3125082e+00
   2.3137349e+00
   2.3149569e+00
   2.3161741e+00
   2.3173864e+00
   2.3185940e+00
   2.3197967e+00
   2.3209947e+00
   2.3221879e+00
   2.3233763e+00
   2.3245600e+00
   2.3257389e+00
   2.3269131e+00
   2.3280825e+00
   2.3292472e+00
   2.3304072e+00
   2.3315624e+00
   2.3327130e+00
   2.3338589e+00
   2.3350000e+00
   2.3361365e+00
   2.3372683e+00
   2.3383954e+00
   2.3395179e+00
   2.3406358e+00
   2.3417489e+00
   2.3428575e+00
   2.3439614e+00
   2.3450608e+00
   2.3461555e+00
   2.3472456e+00
   2.3483311e+00
   2.3494120e+00
   2.3504884e+00
   2.3515602e+00
   2.3526274e+00
   2.3536901e+00
   2.3547483e+00
   2.3558019e+00
   2.3568511e+00
   2.3578957e+00
   2.3589358e+00
   2.3599714e+00
   2.3610025e+00
   2.3620292e+00
   2.3630514e+00
   2.3640691e+00
   2.3650824e+00
   2.3660912e+00
   2.3670957e+00
   2.3680957e+00
   2.3690913e+00
   2.3700825e+00
   2.3710693e+00
   2.3720517e+00
   2.3730298e+00
   2.3740035e+00
   2.3749729e+00
   2.3759379e+00
   2.3768986e+00
   2.3778549e+00
   2.3788070e+00
   2.3797547e+00
   2.3806982e+00
   2.3816374e+00
   2.3825723e+00
   2.3835029e+00
   2.3844293e+00
   2.3853514e+00
   2.3862693e+00
   2.3871830e+00
   2.3880925e+00
   2.3889978e+00
   2.3898989e+00
   2.3907958e+00
   2.3916885e+00
   2.3925771e+00
   2.3934615e+00
   2.3943418e+00
   2.3952180e+00
   2.3960900e+00
   2.3969579e+00
   2.3978218e+00
   2.3986815e+00
   2.3995372e+00
   2.4003887e+00
   2.4012363e+00
   2.4020798e+00
   2.4029192e+00
   2.4037546e+00
   2.4045860e+00
   2.4054135e+00
   2.4062369e+00
   2.4070563e+00
   2.4078717e+00
   2.4086832e+00
   2.4094908e+00
   2.4102944e+00
   2.4110940e+00
   2.4118898e+00
   2.4126816e+00
   2.4134696e+00
   2.4142536e+00
   2.4150338e+00
   2.4158101e+00
   2.4165825e+00
   2.4173512e+00
   2.4181159e+00
   2.4188769e+00
   2.4196340e+00
   2.4203874e+00
   2.4211369e+00
   2.4218827e+00
   2.4226247e+00
   2.4233629e+00
   2.4240974e+00
   2.4248282e+00
   2.4255552e+00
   2.4262786e+00
   2.4269982e+00
   2.4277141e+00
   2.4284264e+00
   2.4291349e+00
   2.4298399e+00
   2.4305411e+00
   2.4312388e+00
   2.4319328e+00
   2.4326232e+00
   2.4333100e+00
   2.4339932e+00
   2.4346728e+00
   2.4353488e+00
   2.4360213e+00
   2.4366903e+00
   2.4373557e+00
   2.4380176e+00
   2.4386759e+00
   2.4393308e+00
   2.4399821e+00
   2.4406300e+00
   2.4412744e+00
   2.4419154e+00
   2.4425529e+00
   2.4431870e+00
   2.4438176e+00
   2.4444449e+00
   2.4450687e+00
   2.4456891e+00
   2.4463062e+00
   2.4469199e+00
   2.4475302e+00
   2.4481372e+00
   2.4487408e+00
   2.4493412e+00
   2.4499382e+00
   2.4505319e+00
   2.4511223e+00
   2.4517094e+00
   2.4522933e+00
   2.4528739e+00
   2.4534513e+00
   2.4540254e+00
   2.4545963e+00
   2.4551640e+00
   2.4557285e+00
   2.4562898e+00
   2.4568479e+00
   2.4574029e+00
   2.4579547e+00
   2.4585033e+00
   2.4590489e+00
   2.4595913e+00
   2.4601306e+00
   2.4606667e+00
   2.4611998e+00
   2.4617299e+00
   2.4622568e+00
   2.4627807e+00
   2.4633016e+00
   2.4638194e+00
   2.4643342e+00
   2.4648460e+00
   2.4653548e+00
   2.4658606e+00
   2.4663635e+00
   2.4668633e+00
   2.4673603e+00
   2.4678542e+00
   2.4683453e+00
   2.4688334e+00
   2.4693186e+00
   2.4698009e+00
   2.4702804e+00
   2.4707569e+00
   2.4712306e+00
   2.4717015e+00
   2.4721695e+00
   2.4726346e+00
   2.4730970e+00
   2.4735565e+00
   2.4740133e+00
   2.4744672e+00
   2.4749184e+00
   2.4753669e+00
   2.4758125e+00
   2.4762555e+00
   2.4766957e+00
   2.4771332e+00
   2.4775679e+00
   2.4780000e+00
   2.4784294e+00
   2.4788562e+00
   2.4792802e+00
   2.4797016e+00
   2.4801204e+00
   2.4805366e+00
   2.4809501e+00
   2.4813610e+00
   2.4817694e+00
   2.4821751e+00
   2.4825783e+00
   2.4829789e+00
   2.4833769e+00
   2.4837725e+00
   2.4841655e+00
   2.4845559e+00
   2.4849439e+00
   2.4853294e+00
   2.4857124e+00
   2.4860929e+00
   2.4864709e+00
   2.4868465e+00
   2.4872197e+00
   2.4875904e+00
   2.4879587e+00
   2.4883246e+00
   2.4886882e+00
   2.4890493e+00
   2.4894080e+00
   2.4897644e+00
   2.4901185e+00
   2.4904702e+00
   2.4908195e+00
   2.4911666e+00
   2.4915113e+00
   2.4918538e+00
   2.4921939e+00
   2.4925318e+00
   2.4928674e+00
   2.4932008e+00
   2.4935319e+00
   2.4938608e+00
   2.4941875e+00
   2.4945119e+00
   2.4948342e+00
   2.4951543e+00
   2.4954721e+00
   2.4957879e+00
   2.4961015e+00
   2.4964129e+00
   2.4967222e+00
   2.4970293e+00
   2.4973344e+00
   2.4976374e+00
   2.4979382e+00
   2.4982370e+00
   2.4985337e+00
   2.4988284e+00
   2.4991210e+00
   2.4994116e+00
   2.4997001e+00
   2.4999867e+00
   2.5002712e+00
   2.5005537e+00
   2.5008343e+00
   2.5011129e+00
   2.5013895e+00
   2.5016642e+00
   2.5019369e+00
   2.5022077e+00
   2.5024766e+00
   2.5027435e+00
   2.5030086e+00
   2.5032718e+00
   2.5035331e+00
   2.5037925e+00
   2.5040501e+00
   2.5043058e+00
   2.5045597e+00
   2.5048118e+00
   2.5050621e+00
   2.5053106e+00
   2.5055572e+00
   2.5058021e+00
   2.5060452e+00
   2.5062866e+00
   2.5065262e+00
   2.5067641e+00
   2.5070002e+00
   2.5072346e+00
   2.5074673e+00
   2.5076983e+00
   2.5079276e+00
   2.5081553e+00
   2.5083813e+00
   2.5086056e+00
   2.5088283e+00
   2.5090493e+00
   2.5092687e+00
   2.5094865e+00
   2.5097027e+00
   2.5099173e+00
   2.5101303e+00
   2.5103417e+00
   2.5105516e+00
   2.5107599e+00
   2.5109667e+00
   2.5111719e+00
   2.5113756e+00
   2.5115778e+00
   2.5117785e+00
   2.5119778e+00
   2.5121755e+00
   2.5123717e+00
   2.5125665e+00
   2.5127599e+00
   2.5129518e+00
   2.5131422e+00
   2.5133313e+00
   2.5135189e+00
   2.5137051e+00
   2.5138900e+00
   2.5140735e+00
   2.5142555e+00
   2.5144363e+00
   2.5146156e+00
   2.5147937e+00
   2.5149704e+00
   2.5151458e+00
   2.5153198e+00
   2.5154926e+00
   2.5156641e+00
   2.5158343e+00
   2.5160032e+00
   2.5161709e+00
   2.5163373e+00
   2.5165025e+00
   2.5166664e+00
   2.5168291e+00
   2.5169907e+00
   2.5171510e+00
   2.5173101e+00
   2.5174680e+00
   2.5176248e+00
   2.5177804e+00
   2.5179348e+00
   2.5180881e+00
   2.5182403e+00
   2.5183913e+00
   2.5185412e+00
   2.5186901e+00
   2.5188378e+00
   2.5189845e+00
   2.5191300e+00
   2.5192745e+00
   2.5194180e+00
   2.5195604e+00
   2.5197017e+00
   2.5198421e+00
   2.5199814e+00
   2.5201197e+00
   2.5202570e+00
   2.5203934e+00
   2.5205287e+00
   2.5206631e+00
   2.5207965e+00
   2.5209290e+00
   2.5210605e+00
   2.5211911e+00
   2.5213208e+00
   2.5214496e+00
   2.5215774e+00
   2.5217044e+00
   2.5218305e+00
   2.5219557e+00
   2.5220800e+00
   2.5222035e+00
   2.5223262e+00
   2.5224480e+00
   2.5225690e+00
   2.5226891e+00
   2.5228085e+00
   2.5229270e+00
   2.5230448e+00
   2.5231618e+00
   2.5232780e+00
   2.5233935e+00
   2.5235082e+00
   2.5236221e+00
   2.5237353e+00
   2.5238478e+00
   2.5239596e+00
   2.5240707e+00
   2.5241811e+00
   2.5242908e+00
   2.5243998e+00
   2.5245081e+00
   2.5246158e+00
   2.5247228e+00
   2.5248292e+00
   2.5249350e+00
   2.5250401e+00
   2.5251446e+00
   2.5252486e+00
   2.5253519e+00
   2.5254546e+00
   2.5255567e+00
   2.5256583e+00
   2.5257593e+00
   2.5258598e+00
   2.5259597e+00
   2.5260591e+00
   2.5261580e+00
   2.5262564e+00
   2.5263542e+00
   2.5264516e+00
   2.5265484e+00
   2.5266448e+00
   2.5267407e+00
   2.5268362e+00
   2.5269312e+00
   2.5270257e+00
   2.5271199e+00
   2.5272136e+00
   2.5273068e+00
   2.5273997e+00
   2.5274922e+00
   2.5275843e+00
   2.5276760e+00
   2.5277673e+00
   2.5278582e+00
   2.5279488e+00
   2.5280391e+00
   2.5281290e+00
   2.5282186e+00
   2.5283079e+00
   2.5283969e+00
   2.5284855e+00
   2.5285739e+00
   2.5286620e+00
   2.5287498e+00
   2.5288373e+00
   2.5289246e+00
   2.5290116e+00
   2.5290984e+00
   2.5291849e+00
   2.5292713e+00
   2.5293574e+00
   2.5294433e+00
   2.5295290e+00
   2.5296145e+00
   2.5296998e+00
   2.5297850e+00
   2.5298700e+00
   2.5299548e+00
   2.5300395e+00
   2.5301241e+00
   2.5302085e+00
   2.5302928e+00
   2.5303770e+00
   2.5304611e+00
   2.5305450e+00
   2.5306289e+00
   2.5307128e+00
   2.5307965e+00
   2.5308802e+00
   2.5309638e+00
   2.5310474e+00
   2.5311309e+00
   2.5312145e+00
   2.5312980e+00
   2.5313814e+00
   2.5314649e+00
   2.5315484e+00
   2.5316319e+00
   2.5317154e+00
   2.5317990e+00
   2.5318826e+00
   2.5319662e+00
   2.5320499e+00
   2.5321337e+00
   2.5322175e+00
   2.5323014e+00
   2.5323854e+00
   2.5324695e+00
   2.5325537e+00
   2.5326380e+00
   2.5327224e+00
   2.5328069e+00
   2.5328916e+00
   2.5329765e+00
   2.5330615e+00
   2.5331466e+00
   2.5332319e+00
   2.5333174e+00
   2.5334031e+00
   2.5334890e+00
   2.5335751e+00
   2.5336614e+00
   2.5337479e+00
   2.5338347e+00
   2.5339216e+00
   2.5340089e+00
   2.5340963e+00
   2.5341841e+00
   2.5342721e+00
   2.5343604e+00
   2.5344489e+00
   2.5345378e+00
   2.5346269e+00
   2.5347164e+00
   2.5348062e+00
   2.5348963e+00
   2.5349867e+00
   2.5350775e+00
   2.5351686e+00
   2.5352601e+00
   2.5353520e+00
   2.5354442e+00
   2.5355368e+00
   2.5356298e+00
   2.5357232e+00
   2.5358169e+00
   2.5359111e+00
   2.5360058e+00
   2.5361008e+00
   2.5361963e+00
   2.5362922e+00
   2.5363886e+00
   2.5364855e+00
   2.5365828e+00
   2.5366806e+00
   2.5367789e+00
   2.5368776e+00
   2.5369769e+00
   2.5370767e+00
   2.5371770e+00
   2.5372778e+00
   2.5373791e+00
   2.5374810e+00
   2.5375834e+00
   2.5376864e+00
   2.5377900e+00
   2.5378941e+00
   2.5379988e+00
   2.5381041e+00
   2.5382100e+00
   2.5383165e+00
   2.5384236e+00
   2.5385313e+00
   2.5386396e+00
   2.5387486e+00
   2.5388582e+00
   2.5389685e+00
   2.5390794e+00
   2.5391910e+00
   2.5393032e+00
   2.5394162e+00
   2.5395298e+00
   2.5396441e+00
   2.5397592e+00
   2.5398749e+00
   2.5399914e+00
   2.5401085e+00
   2.5402265e+00
   2.5403451e+00
   2.5404645e+00
   2.5405847e+00
   2.5407057e+00
   2.5408274e+00
   2.5409499e+00
   2.5410732e+00
   2.5411972e+00
   2.5413221e+00
   2.5414478e+00
   2.5415744e+00
   2.5417017e+00
   2.5418299e+00
   2.5419589e+00
   2.5420888e+00
   2.5422196e+00
   2.5423512e+00
   2.5424836e+00
   2.5426170e+00
   2.5427513e+00
   2.5428864e+00
   2.5430225e+00
   2.5431595e+00
   2.5432974e+00
   2.5434362e+00
   2.5435759e+00
   2.5437166e+00
   2.5438583e+00
   2.5440009e+00
   2.5441445e+00
   2.5442891e+00
   2.5444346e+00
   2.5445811e+00
   2.5447287e+00
   2.5448772e+00
   2.5450268e+00
   2.5451773e+00
   2.5453289e+00
   2.5454816e+00
   2.5456353e+00
   2.5457900e+00
   2.5459458e+00
   2.5461027e+00
   2.5462606e+00
   2.5464196e+00
   2.5465797e+00
   2.5467410e+00
   2.5469033e+00
   2.5470667e+00
   2.5472313e+00
   2.5473970e+00
   2.5475638e+00
   2.5477317e+00
   2.5479009e+00
   2.5480712e+00
   2.5482426e+00
   2.5484152e+00
   2.5485890e+00
   2.5487640e+00
   2.5489402e+00
   2.5491177e+00
   2.5492963e+00
   2.5494761e+00
   2.5496572e+00
   2.5498395e+00
   2.5500231e+00
   2.5502079e+00
   2.5503940e+00
   2.5505813e+00
   2.5507700e+00
   2.5509599e+00
   2.5511511e+00
   2.5513436e+00
   2.5515374e+00
   2.5517325e+00
   2.5519290e+00
   2.5521267e+00
   2.5523259e+00
   2.5525263e+00
   2.5527282e+00
   2.5529314e+00
   2.5531359e+00
   2.5533418e+00
   2.5535492e+00
   2.5537579e+00
   2.5539680e+00
   2.5541795e+00
   2.5543925e+00
   2.5546069e+00
   2.5548227e+00
   2.5550399e+00
   2.5552586e+00
   2.5554788e+00
   2.5557004e+00
   2.5559235e+00
   2.5561481e+00
   2.5563741e+00
   2.5566017e+00
   2.5568308e+00
   2.5570613e+00
   2.5572934e+00
   2.5575271e+00
   2.5577622e+00
   2.5579989e+00
   2.5582372e+00
   2.5584770e+00
   2.5587184e+00
   2.5589614e+00
   2.5592060e+00
   2.5594521e+00
   2.5596998e+00
   2.5599492e+00
   2.5602002e+00
   2.5604528e+00
   2.5607070e+00
   2.5609629e+00
   2.5612204e+00
   2.5614796e+00
   2.5617404e+00
   2.5620029e+00
   2.5622671e+00
   2.5625330e+00
   2.5628006e+00
   2.5630699e+00
   2.5633409e+00
   2.5636136e+00
   2.5638881e+00
   2.5641643e+00
   2.5644422e+00
   2.5647219e+00
   2.5650034e+00
   2.5652866e+00
   2.5655717e+00
   2.5658585e+00
   2.5661471e+00
   2.5664375e+00
   2.5667297e+00
   2.5670237e+00
   2.5673196e+00
   2.5676173e+00
   2.5679169e+00
   2.5682183e+00
   2.5685215e+00
   2.5688267e+00
   2.5691337e+00
   2.5694426e+00
   2.5697534e+00
   2.5700661e+00
   2.5703808e+00
   2.5706973e+00
   2.5710158e+00
   2.5713362e+00
   2.5716586e+00
   2.5719829e+00
   2.5723092e+00
   2.5726375e+00
   2.5729677e+00
   2.5732999e+00
   2.5736342e+00
   2.5739704e+00
   2.5743087e+00
   2.5746490e+00
   2.5749913e+00
   2.5753356e+00
   2.5756821e+00
   2.5760305e+00
   2.5763811e+00
   2.5767337e+00
   2.5770884e+00
   2.5774452e+00
   2.5778041e+00
   2.5781651e+00
   2.5785283e+00
   2.5788935e+00
   2.5792609e+00
   2.5796305e+00
   2.5800022e+00
   2.5803761e+00
   2.5807521e+00
   2.5811304e+00
   2.5815108e+00
   2.5818935e+00
   2.5822783e+00
   2.5826654e+00
   2.5830547e+00
   2.5834462e+00
   2.5838400e+00
   2.5842360e+00
   2.5846343e+00
   2.5850349e+00
   2.5854378e+00
   2.5858429e+00
   2.5862504e+00
   2.5866602e+00
   2.5870723e+00
   2.5874867e+00
   2.5879035e+00
   2.5883226e+00
   2.5887441e+00
   2.5891679e+00
   2.5895941e+00
   2.5900228e+00
   2.5904538e+00
   2.5908872e+00
   2.5913230e+00
   2.5917613e+00
   2.5922020e+00
   2.5926451e+00
   2.5930907e+00
   2.5935387e+00
   2.5939893e+00
   2.5944423e+00
   2.5948978e+00
   2.5953558e+00
   2.5958163e+00
   2.5962793e+00
   2.5967449e+00
   2.5972130e+00
   2.5976837e+00
   2.5981569e+00
   2.5986327e+00
   2.5991111e+00
   2.5995921e+00
   2.6000756e+00
   2.6005618e+00
   2.6010506e+00
   2.6015421e+00
   2.6020362e+00
   2.6025329e+00
   2.6030323e+00
   2.6035344e+00
   2.6040391e+00
   2.6045466e+00
   2.6050567e+00
   2.6055696e+00
   2.6060852e+00
   2.6066035e+00
   2.6071246e+00
   2.6076484e+00
   2.6081750e+00
   2.6087044e+00
   2.6092365e+00
   2.6097715e+00
   2.6103092e+00
   2.6108498e+00
   2.6113932e+00
   2.6119395e+00
   2.6124886e+00
   2.6130405e+00
   2.6135954e+00
   2.6141531e+00
   2.6147137e+00
   2.6152772e+00
   2.6158436e+00
   2.6164130e+00
   2.6169853e+00
   2.6175606e+00
   2.6181388e+00
   2.6187199e+00
   2.6193041e+00
   2.6198913e+00
   2.6204814e+00
   2.6210746e+00
   2.6216708e+00
   2.6222701e+00
   2.6228724e+00
   2.6234777e+00
   2.6240862e+00
   2.6246977e+00
   2.6253123e+00
   2.6259300e+00
   2.6265509e+00
   2.6271748e+00
   2.6278019e+00
   2.6284322e+00
   2.6290656e+00
   2.6297023e+00
   2.6303421e+00
   2.6309851e+00
   2.6316313e+00
   2.6322807e+00
   2.6329334e+00
   2.6335893e+00
   2.6342485e+00
   2.6349110e+00
   2.6355767e+00
   2.6362458e+00
   2.6369182e+00
   2.6375938e+00
   2.6382729e+00
   2.6389552e+00
   2.6396409e+00
   2.6403300e+00
   2.6410225e+00
   2.6417184e+00
   2.6424177e+00
   2.6431204e+00
   2.6438265e+00
   2.6445361e+00
   2.6452492e+00
   2.6459657e+00
   2.6466857e+00
   2.6474092e+00
   2.6481362e+00
   2.6488667e+00
   2.6496008e+00
   2.6503384e+00
   2.6510796e+00
   2.6518244e+00
   2.6525728e+00
   2.6533247e+00
   2.6540803e+00
   2.6548395e+00
   2.6556023e+00
   2.6563688e+00
   2.6571390e+00
   2.6579129e+00
   2.6586904e+00
   2.6594717e+00
   2.6602567e+00
   2.6610454e+00
   2.6618379e+00
   2.6626341e+00
   2.6634341e+00
   2.6642379e+00
   2.6650456e+00
   2.6658570e+00
   2.6666723e+00
   2.6674914e+00
   2.6683144e+00
   2.6691412e+00
   2.6699720e+00
   2.6708066e+00
   2.6716452e+00
   2.6724877e+00
   2.6733342e+00
   2.6741846e+00
   2.6750390e+00
   2.6758974e+00
   2.6767598e+00
   2.6776262e+00
   2.6784967e+00
   2.6793712e+00
   2.6802497e+00
   2.6811324e+00
   2.6820191e+00
   2.6829100e+00
   2.6838050e+00
   2.6847041e+00
   2.6856073e+00
   2.6865148e+00
   2.6874264e+00
   2.6883423e+00
   2.6892623e+00
   2.6901866e+00
   2.6911151e+00
   2.6920479e+00
   2.6929849e+00
   2.6939263e+00
   2.6948720e+00
   2.6958220e+00
   2.6967763e+00
   2.6977350e+00
   2.6986980e+00
   2.6996655e+00
   2.7006373e+00
   2.7016136e+00
   2.7025943e+00
   2.7035795e+00
   2.7045691e+00
   2.7055632e+00
   2.7065618e+00
   2.7075650e+00
   2.7085726e+00
   2.7095848e+00
   2.7106016e+00
   2.7116230e+00
   2.7126489e+00
   2.7136795e+00
   2.7147147e+00
   2.7157546e+00
   2.7167991e+00
   2.7178483e+00
   2.7189022e+00
   2.7199608e+00
   2.7210242e+00
   2.7220923e+00
   2.7231652e+00
   2.7242428e+00
   2.7253253e+00
   2.7264126e+00
   2.7275047e+00
   2.7286017e+00
   2.7297035e+00
   2.7308102e+00
   2.7319219e+00
   2.7330384e+00
   2.7341599e+00
   2.7352864e+00
   2.7364178e+00
   2.7375543e+00
   2.7386957e+00
   2.7398422e+00
   2.7409937e+00
   2.7421503e+00
   2.7433120e+00
   2.7444788e+00
   2.7456507e+00
   2.7468277e+00
   2.7480099e+00
   2.7491973e+00
   2.7503898e+00
   2.7515876e+00
   2.7527906e+00
   2.7539988e+00
   2.7552124e+00
   2.7564312e+00
   2.7576553e+00
   2.7588847e+00
   2.7601195e+00
   2.7613596e+00
   2.7626051e+00
   2.7638560e+00
   2.7651123e+00
   2.7663741e+00
   2.7676413e+00
   2.7689140e+00
   2.7701922e+00
   2.7714758e+00
   2.7727651e+00
   2.7740598e+00
   2.7753602e+00
   2.7766661e+00
   2.7779776e+00
   2.7792948e+00
   2.7806176e+00
   2.7819460e+00
   2.7832802e+00
   2.7846200e+00
   2.7859656e+00
   2.7873169e+00
   2.7886740e+00
   2.7900368e+00
   2.7914055e+00
   2.7927800e+00
   2.7941603e+00
   2.7955465e+00
   2.7969385e+00
   2.7983365e+00
   2.7997403e+00
   2.8011502e+00
   2.8025659e+00
   2.8039877e+00
   2.8054154e+00
   2.8068492e+00
   2.8082890e+00
   2.8097348e+00
   2.8111867e+00
   2.8126448e+00
   2.8141089e+00
   2.8155792e+00
   2.8170556e+00
   2.8185382e+00
   2.8200270e+00
   2.8215220e+00
   2.8230233e+00
   2.8245308e+00
   2.8260446e+00
   2.8275647e+00
   2.8290911e+00
   2.8306238e+00
   2.8321629e+00
   2.8337083e+00
   2.8352602e+00
   2.8368185e+00
   2.8383832e+00
   2.8399543e+00
   2.8415319e+00
   2.8431161e+00
   2.8447067e+00
   2.8463039e+00
   2.8479076e+00
   2.8495179e+00
   2.8511347e+00
   2.8527582e+00
   2.8543884e+00
   2.8560251e+00
   2.8576686e+00
   2.8593187e+00
   2.8609756e+00
   2.8626391e+00
   2.8643095e+00
   2.8659866e+00
   2.8676704e+00
   2.8693611e+00
   2.8710586e+00
   2.8727630e+00
   2.8744742e+00
   2.8761923e+00
   2.8779173e+00
   2.8796492e+00
   2.8813880e+00
   2.8831338e+00
   2.8848866e+00
   2.8866464e+00
   2.8884132e+00
   2.8901870e+00
   2.8919679e+00
   2.8937558e+00
   2.8955509e+00
   2.8973530e+00
   2.8991622e+00
   2.9009786e+00
   2.9028022e+00
   2.9046329e+00
   2.9064708e+00
   2.9083159e+00
   2.9101683e+00
   2.9120279e+00
   2.9138947e+00
   2.9157689e+00
   2.9176503e+00
   2.9195390e+00
   2.9214351e+00
   2.9233385e+00
   2.9252493e+00
   2.9271674e+00
   2.9290930e+00
   2.9310259e+00
   2.9329663e+00
   2.9349141e+00
   2.9368693e+00
   2.9388321e+00
   2.9408023e+00
   2.9427800e+00
   2.9447652e+00
   2.9467580e+00
   2.9487583e+00
   2.9507661e+00
   2.9527816e+00
   2.9548046e+00
   2.9568352e+00
   2.9588734e+00
   2.9609192e+00
   2.9629727e+00
   2.9650338e+00
   2.9671026e+00
   2.9691790e+00
   2.9712632e+00
   2.9733550e+00
   2.9754545e+00
   2.9775618e+00
   2.9796768e+00
   2.9817995e+00
   2.9839300e+00
   2.9860683e+00
   2.9882143e+00
   2.9903681e+00
   2.9925297e+00
   2.9946990e+00
   2.9968762e+00
   2.9990613e+00
   3.0012541e+00
   3.0034548e+00
   3.0056633e+00
   3.0078796e+00
   3.0101038e+00
   3.0123359e+00
   3.0145759e+00
   3.0168237e+00
   3.0190794e+00
   3.0213430e+00
   3.0236145e+00
   3.0258939e+00
   3.0281812e+00
   3.0304764e+00
   3.0327795e+00
   3.0350905e+00
   3.0374094e+00
   3.0397363e+00
   3.0420711e+00
   3.0444138e+00
   3.0467644e+00
   3.0491230e+00
   3.0514895e+00
   3.0538639e+00
   3.0562463e+00
   3.0586366e+00
   3.0610348e+00
   3.0634410e+00
   3.0658551e+00
   3.0682771e+00
   3.0707071e+00
   3.0731450e+00
   3.0755908e+00
   3.0780445e+00
   3.0805062e+00
   3.0829758e+00
   3.0854533e+00
   3.0879387e+00
   3.0904320e+00
   3.0929332e+00
   3.0954423e+00
   3.0979593e+00
   3.1004841e+00
   3.1030169e+00
   3.1055575e+00
   3.1081060e+00
   3.1106624e+00
   3.1132266e+00
   3.1157986e+00
   3.1183785e+00
   3.1209662e+00
   3.1235617e+00
   3.1261650e+00
   3.1287761e+00
   3.1313950e+00
   3.1340216e+00
   3.1366560e+00
   3.1392982e+00
   3.1419481e+00
   3.1446057e+00
   3.1472711e+00
   3.1499441e+00
   3.1526249e+00
   3.1553133e+00
   3.1580093e+00
   3.1607130e+00
   3.1634243e+00
   3.1661433e+00
   3.1688698e+00
   3.1716040e+00
   3.1743456e+00
   3.1770949e+00
   3.1798516e+00
   3.1826159e+00
   3.1853877e+00
   3.1881669e+00
   3.1909537e+00
   3.1937478e+00
   3.1965494e+00
   3.1993584e+00
   3.2021747e+00
   3.2049984e+00
   3.2078295e+00
   3.2106679e+00
   3.2135135e+00
   3.2163665e+00
   3.2192267e+00
   3.2220942e+00
   3.2249688e+00
   3.2278507e+00
   3.2307397e+00
   3.2336358e+00
   3.2365391e+00
   3.2394494e+00
   3.2423669e+00
   3.2452914e+00
   3.2482229e+00
   3.2511614e+00
   3.2541068e+00
   3.2570592e+00
   3.2600186e+00
   3.2629848e+00
   3.2659579e+00
   3.2689378e+00
   3.2719245e+00
   3.2749181e+00
   3.2779184e+00
   3.2809254e+00
   3.2839391e+00
   3.2869595e+00
   3.2899865e+00
   3.2930202e+00
   3.2960604e+00
   3.2991072e+00
   3.3021605e+00
   3.3052204e+00
   3.3082867e+00
   3.3113594e+00
   3.3144386e+00
   3.3175241e+00
   3.3206159e+00
   3.3237141e+00
   3.3268186e+00
   3.3299293e+00
   3.3330462e+00
   3.3361694e+00
   3.3392987e+00
   3.3424341e+00
   3.3455756e+00
   3.3487231e+00
   3.3518767e+00
   3.3550362e+00
   3.3582018e+00
   3.3613732e+00
   3.3645505e+00
   3.3677337e+00
   3.3709227e+00
   3.3741175e+00
   3.3773180e+00
   3.3805242e+00
   3.3837361e+00
   3.3869537e+00
   3.3901768e+00
   3.3934055e+00
   3.3966398e+00
   3.3998795e+00
   3.4031247e+00
   3.4063753e+00
   3.4096312e+00
   3.4128925e+00
   3.4161591e+00
   3.4194309e+00
   3.4227080e+00
   3.4259902e+00
   3.4292776e+00
   3.4325700e+00
   3.4358675e+00
   3.4391700e+00
   3.4424775e+00
   3.4457899e+00
   3.4491072e+00
   3.4524293e+00
   3.4557562e+00
   3.4590878e+00
   3.4624241e+00
   3.4657651e+00
   3.4691107e+00
   3.4724609e+00
   3.4758155e+00
   3.4791746e+00
   3.4825382e+00
   3.4859061e+00
   3.4892783e+00
   3.4926547e+00
   3.4960354e+00
   3.4994203e+00
   3.5028092e+00
   3.5062022e+00
   3.5095992e+00
   3.5130001e+00
   3.5164049e+00
   3.5198136e+00
   3.5232260e+00
   3.5266421e+00
   3.5300619e+00
   3.5334853e+00
   3.5369122e+00
   3.5403426e+00
   3.5437764e+00
   3.5472135e+00
   3.5506539e+00
   3.5540976e+00
   3.5575443e+00
   3.5609942e+00
   3.5644471e+00
   3.5679029e+00
   3.5713616e+00
   3.5748231e+00
   3.5782873e+00
   3.5817542e+00
   3.5852236e+00
   3.5886956e+00
   3.5921700e+00
   3.5956467e+00
   3.5991257e+00
   3.6026069e+00
   3.6060902e+00
   3.6095755e+00
   3.6130628e+00
   3.6165519e+00
   3.6200427e+00
   3.6235353e+00
   3.6270294e+00
   3.6305250e+00
   3.6340220e+00
   3.6375203e+00
   3.6410199e+00
   3.6445205e+00
   3.6480221e+00
   3.6515247e+00
   3.6550281e+00
   3.6585321e+00
   3.6620368e+00
   3.6655420e+00
   3.6690475e+00
   3.6725533e+00
   3.6760593e+00
   3.6795654e+00
   3.6830713e+00
   3.6865771e+00
   3.6900826e+00
   3.6935877e+00
   3.6970922e+00
   3.7005961e+00
   3.7040992e+00
   3.7076013e+00
   3.7111024e+00
   3.7146024e+00
   3.7181010e+00
   3.7215981e+00
   3.7250937e+00
   3.7285876e+00
   3.7320796e+00
   3.7355695e+00
   3.7390574e+00
   3.7425429e+00
   3.7460260e+00
   3.7495064e+00
   3.7529842e+00
   3.7564590e+00
   3.7599307e+00
   3.7633992e+00
   3.7668644e+00
   3.7703260e+00
   3.7737838e+00
   3.7772378e+00
   3.7806877e+00
   3.7841334e+00
   3.7875747e+00
   3.7910114e+00
   3.7944433e+00
   3.7978703e+00
   3.8012922e+00
   3.8047087e+00
   3.8081197e+00
   3.8115251e+00
   3.8149245e+00
   3.8183179e+00
   3.8217050e+00
   3.8250856e+00
   3.8284595e+00
   3.8318265e+00
   3.8351863e+00
   3.8385389e+00
   3.8418839e+00
   3.8452212e+00
   3.8485505e+00
   3.8518717e+00
   3.8551844e+00
   3.8584884e+00
   3.8617836e+00
   3.8650697e+00
   3.8683464e+00
   3.8716135e+00
   3.8748708e+00
   3.8781181e+00
   3.8813550e+00
   3.8845814e+00
   3.8877969e+00
   3.8910014e+00
   3.8941945e+00
   3.8973760e+00
   3.9005457e+00
   3.9037032e+00
   3.9068484e+00
   3.9099809e+00
   3.9131004e+00
   3.9162067e+00
   3.9192995e+00
   3.9223785e+00
   3.9254434e+00
   3.9284939e+00
   3.9315298e+00
   3.9345506e+00
   3.9375562e+00
   3.9405463e+00
   3.9435204e+00
   3.9464783e+00
   3.9494197e+00
   3.9523443e+00
   3.9552517e+00
   3.9581416e+00
   3.9610138e+00
   3.9638677e+00
   3.9667032e+00
   3.9695199e+00
   3.9723174e+00
   3.9750954e+00
   3.9778535e+00
   3.9805915e+00
   3.9833088e+00
   3.9860052e+00
   3.9886804e+00
   3.9913338e+00
   3.9939652e+00
   3.9965742e+00
   3.9991605e+00
   4.0017235e+00
   4.0042629e+00
   4.0067784e+00
   4.0092696e+00
   4.0117360e+00
   4.0141772e+00
   4.0165929e+00
   4.0189826e+00
   4.0213459e+00
   4.0236825e+00
   4.0259917e+00
   4.0282733e+00
   4.0305269e+00
   4.0327519e+00
   4.0349479e+00
   4.0371145e+00
   4.0392512e+00
   4.0413577e+00
   4.0434333e+00
   4.0454778e+00
   4.0474905e+00
   4.0494711e+00
   4.0514190e+00
   4.0533338e+00
   4.0552150e+00
   4.0570621e+00
   4.0588746e+00
   4.0606520e+00
   4.0623939e+00
   4.0640996e+00
   4.0657688e+00
   4.0674008e+00
   4.0689952e+00
   4.0705515e+00
   4.0720690e+00
   4.0735474e+00
   4.0749859e+00
   4.0763842e+00
   4.0777416e+00
   4.0790577e+00
   4.0803317e+00
   4.0815633e+00
   4.0827518e+00
   4.0838966e+00
   4.0849972e+00
   4.0860529e+00
   4.0870633e+00
   4.0880277e+00
   4.0889455e+00
   4.0898162e+00
   4.0906390e+00
   4.0914135e+00
   4.0921389e+00
   4.0928148e+00
   4.0934404e+00
   4.0940151e+00
   4.0945384e+00
   4.0950095e+00
   4.0954278e+00
   4.0957927e+00
   4.0961036e+00
   4.0963597e+00
   4.0965605e+00
   4.0967052e+00
   4.0967931e+00
   4.0968238e+00
   4.0967963e+00
   4.0967101e+00
   4.0965645e+00
   4.0963588e+00
   4.0960923e+00
   4.0957643e+00
   4.0953741e+00
   4.0949210e+00
   4.0944043e+00
   4.0938233e+00
   4.0931772e+00
   4.0924654e+00
   4.0916872e+00
   4.0908417e+00
   4.0899283e+00
   4.0889463e+00
   4.0878949e+00
   4.0867734e+00
   4.0855810e+00
   4.0843170e+00
   4.0829807e+00
   4.0815713e+00
   4.0800881e+00
   4.0785303e+00
   4.0768971e+00
   4.0751879e+00
   4.0734018e+00
   4.0715382e+00
   4.0695961e+00
   4.0675750e+00
   4.0654741e+00
   4.0632925e+00
   4.0610295e+00
   4.0586844e+00
   4.0562565e+00
   4.0537448e+00
   4.0511488e+00
   4.0484677e+00
   4.0457007e+00
   4.0428470e+00
   4.0399059e+00
   4.0368767e+00
   4.0337586e+00
   4.0305509e+00
   4.0272529e+00
   4.0238638e+00
   4.0203829e+00
   4.0168095e+00
   4.0131428e+00
   4.0093822e+00
   4.0055270e+00
   4.0015764e+00
   3.9975298e+00
   3.9933865e+00
   3.9891458e+00
   3.9848070e+00
   3.9803696e+00
   3.9758328e+00
   3.9711960e+00
   3.9664586e+00
   3.9616199e+00
   3.9566795e+00
   3.9516366e+00
   3.9464907e+00
   3.9412412e+00
   3.9358876e+00
   3.9304293e+00
   3.9248659e+00
   3.9191968e+00
   3.9134215e+00
   3.9075396e+00
   3.9015506e+00
   3.8954540e+00
   3.8892496e+00
   3.8829367e+00
   3.8765152e+00
   3.8699845e+00
   3.8633445e+00
   3.8565948e+00
   3.8497351e+00
   3.8427651e+00
   3.8356847e+00
   3.8284935e+00
   3.8211915e+00
   3.8137784e+00
   3.8062542e+00
   3.7986187e+00
   3.7908718e+00
   3.7830137e+00
   3.7750441e+00
   3.7669632e+00
   3.7587710e+00
   3.7504676e+00
   3.7420532e+00
   3.7335278e+00
   3.7248917e+00
   3.7161452e+00
   3.7072884e+00
   3.6983218e+00
   3.6892456e+00
   3.6800602e+00
   3.6707660e+00
   3.6613636e+00
   3.6518535e+00
   3.6422361e+00
   3.6325120e+00
   3.6226820e+00
   3.6127466e+00
   3.6027067e+00
   3.5925628e+00
   3.5823160e+00
   3.5719670e+00
   3.5615167e+00
   3.5509660e+00
   3.5403160e+00
   3.5295677e+00
   3.5187221e+00
   3.5077804e+00
   3.4967438e+00
   3.4856135e+00
   3.4743907e+00
   3.4630767e+00
   3.4516730e+00
   3.4401809e+00
   3.4286018e+00
   3.4169373e+00
   3.4051889e+00
   3.3933582e+00
   3.3814468e+00
   3.3694563e+00
   3.3573886e+00
   3.3452453e+00
   3.3330283e+00
   3.3207393e+00
   3.3083804e+00
   3.2959533e+00
   3.2834601e+00
   3.2709027e+00
   3.2582833e+00
   3.2456038e+00
   3.2328663e+00
   3.2200731e+00
   3.2072262e+00
   3.1943279e+00
   3.1813804e+00
   3.1683860e+00
   3.1553470e+00
   3.1422656e+00
   3.1291442e+00
   3.1159851e+00
   3.1027908e+00
   3.0895637e+00
   3.0763060e+00
   3.0630204e+00
   3.0497092e+00
   3.0363749e+00
   3.0230200e+00
   3.0096469e+00
   2.9962581e+00
   2.9828561e+00
   2.9694435e+00
   2.9560226e+00
   2.9425961e+00
   2.9291663e+00
   2.9157358e+00
   2.9023071e+00
   2.8888826e+00
   2.8754649e+00
   2.8620563e+00
   2.8486594e+00
   2.8352764e+00
   2.8219100e+00
   2.8085624e+00
   2.7952360e+00
   2.7819332e+00
   2.7686562e+00
   2.7554076e+00
   2.7421894e+00
   2.7290039e+00
   2.7158534e+00
   2.7027401e+00
   2.6896661e+00
   2.6766335e+00
   2.6636445e+00
   2.6507011e+00
   2.6378053e+00
   2.6249590e+00
   2.6121643e+00
   2.5994231e+00
   2.5867371e+00
   2.5741083e+00
   2.5615384e+00
   2.5490290e+00
   2.5365820e+00
   2.5241990e+00
   2.5118814e+00
   2.4996310e+00
   2.4874492e+00
   2.4753374e+00
   2.4632971e+00
   2.4513296e+00
   2.4394363e+00
   2.4276184e+00
   2.4158770e+00
   2.4042135e+00
   2.3926288e+00
   2.3811242e+00
   2.3697005e+00
   2.3583588e+00
   2.3471000e+00
   2.3359249e+00
   2.3248345e+00
   2.3138294e+00
   2.3029105e+00
   2.2920783e+00
   2.2813336e+00
   2.2706770e+00
   2.2601089e+00
   2.2496300e+00
   2.2392406e+00
   2.2289412e+00
   2.2187322e+00
   2.2086139e+00
   2.1985865e+00
   2.1886505e+00
   2.1788058e+00
   2.1690528e+00
   2.1593916e+00
   2.1498222e+00
   2.1403447e+00
   2.1309592e+00
   2.1216656e+00
   2.1124639e+00
   2.1033540e+00
   2.0943358e+00
   2.0854092e+00
   2.0765739e+00
   2.0678298e+00
   2.0591766e+00
   2.0506141e+00
   2.0421419e+00
   2.0337598e+00
   2.0254674e+00
   2.0172644e+00
   2.0091504e+00
   2.0011248e+00
   1.9931874e+00
   1.9853376e+00
   1.9775750e+00
   1.9698990e+00
   1.9623091e+00
   1.9548049e+00
   1.9473857e+00
   1.9400510e+00
   1.9328002e+00
   1.9256327e+00
   1.9185478e+00
   1.9115450e+00
   1.9046236e+00
   1.8977830e+00
   1.8910224e+00
   1.8843412e+00
   1.8777387e+00
   1.8712143e+00
   1.8647671e+00
   1.8583966e+00
   1.8521019e+00
   1.8458824e+00
   1.8397373e+00
   1.8336659e+00
   1.8276674e+00
   1.8217411e+00
   1.8158863e+00
   1.8101021e+00
   1.8043878e+00
   1.7987427e+00
   1.7931659e+00
   1.7876568e+00
   1.7822146e+00
   1.7768384e+00
   1.7715275e+00
   1.7662812e+00
   1.7610987e+00
   1.7559792e+00
   1.7509219e+00
   1.7459261e+00
   1.7409910e+00
   1.7361159e+00
   1.7313000e+00
   1.7265425e+00
   1.7218427e+00
   1.7171998e+00
   1.7126132e+00
   1.7080820e+00
   1.7036055e+00
   1.6991829e+00
   1.6948136e+00
   1.6904969e+00
   1.6862319e+00
   1.6820180e+00
   1.6778545e+00
   1.6737406e+00
   1.6696757e+00
   1.6656591e+00
   1.6616901e+00
   1.6577679e+00
   1.6538920e+00
   1.6500616e+00
   1.6462762e+00
   1.6425349e+00
   1.6388372e+00
   1.6351824e+00
   1.6315700e+00
   1.6279991e+00
   1.6244694e+00
   1.6209800e+00
   1.6175304e+00
   1.6141200e+00
   1.6107481e+00
   1.6074143e+00
   1.6041179e+00
   1.6008583e+00
   1.5976350e+00
   1.5944473e+00
   1.5912948e+00
   1.5881769e+00
   1.5850930e+00
   1.5820426e+00
   1.5790252e+00
   1.5760402e+00
   1.5730871e+00
   1.5701655e+00
   1.5672747e+00
   1.5644144e+00
   1.5615864e+00
   1.7302654e+00
   1.8957436e+00
   2.0582044e+00
   2.2178575e+00
   2.3749015e+00
   2.5295254e+00
   2.6819044e+00
   2.8322037e+00
   2.9805794e+00
   3.1271764e+00
   3.2721316e+00
   3.4155722e+00
   3.5576178e+00
   3.6983828e+00
   3.8379750e+00
   3.9764995e+00
   4.1140602e+00
   4.2507618e+00
   4.3867124e+00
   4.5220284e+00
   4.6568387e+00
   4.7912883e+00
   4.9255454e+00
   5.0598094e+00
   5.1943171e+00
   5.3293508e+00
   5.4652487e+00
   5.6024172e+00
   5.7413386e+00
   5.8825882e+00
   6.0268452e+00
   6.1749119e+00
   6.3277237e+00
   6.4863689e+00
   6.6521012e+00
   6.8263546e+00
   7.0107380e+00
   7.2070228e+00
   7.4170850e+00
   7.6427754e+00
   7.8856611e+00
   8.1464897e+00
   8.4245273e+00
   8.7182205e+00
   9.0245758e+00
   9.3386393e+00
   9.6536751e+00
   9.9619850e+00
   1.0256189e+01
   1.0530472e+01
   1.0627335e+01
   1.0702718e+01
   1.0758005e+01
   1.0795455e+01
   1.0817483e+01
   1.0826416e+01
   1.0824387e+01
   1.0813309e+01
   1.0794830e+01
   1.0770375e+01
   1.0741135e+01
   1.0708105e+01
   1.0672110e+01
   1.0633823e+01
   1.0593792e+01
   1.0552462e+01
   1.0510185e+01
   1.0467251e+01
   1.0423888e+01
   1.0380274e+01
   1.0336550e+01
   1.0292828e+01
   1.0249193e+01
   1.0205711e+01
   1.0162429e+01
   1.0119386e+01
   1.0076608e+01
   1.0034114e+01
   9.9919179e+00
   9.9500264e+00
   9.9084441e+00
   9.8671721e+00
   9.8262115e+00
   9.7855581e+00
   9.7452079e+00
   9.7051553e+00
   9.6653953e+00
   9.6259259e+00
   9.5867393e+00
   9.5478280e+00
   9.5091893e+00
   9.4708163e+00
   9.4327034e+00
   9.3948443e+00
   9.3572346e+00
   9.3198701e+00
   9.2827457e+00
   9.2458562e+00
   9.2091999e+00
   9.1727715e+00
   9.1365650e+00
   9.1005796e+00
   9.0648101e+00
   9.0292549e+00
   8.9939115e+00
   8.9587748e+00
   8.9238430e+00
   8.8891146e+00
   8.8545870e+00
   8.8202556e+00
   8.7861191e+00
   8.7521767e+00
   8.7184261e+00
   8.6848655e+00
   8.6514930e+00
   8.6183069e+00
   8.5853053e+00
   8.5524867e+00
   8.5198495e+00
   8.4873922e+00
   8.4551133e+00
   8.4230114e+00
   8.3910852e+00
   8.3593333e+00
   8.3277545e+00
   8.2963476e+00
   8.2651114e+00
   8.2340447e+00
   8.2031464e+00
   8.1724154e+00
   8.1418507e+00
   8.1114511e+00
   8.0812157e+00
   8.0511461e+00
   8.0212387e+00
   7.9914928e+00
   7.9619078e+00
   7.9324819e+00
   7.9032153e+00
   7.8741057e+00
   7.8451533e+00
   7.8163579e+00
   7.7877183e+00
   7.7592334e+00
   7.7309018e+00
   7.7027228e+00
   7.6746952e+00
   7.6468184e+00
   7.6190914e+00
   7.5915160e+00
   7.5640891e+00
   7.5368102e+00
   7.5096776e+00
   7.4826914e+00
   7.4558515e+00
   7.4291568e+00
   7.4026062e+00
   7.3761986e+00
   7.3499331e+00
   7.3238088e+00
   7.2978250e+00
   7.2719835e+00
   7.2462809e+00
   7.2207175e+00
   7.1952940e+00
   7.1700056e+00
   7.1448548e+00
   7.1198394e+00
   7.0949601e+00
   7.0702136e+00
   7.0456002e+00
   7.0211197e+00
   6.9967735e+00
   6.9725590e+00
   6.9484753e+00
   6.9245204e+00
   6.9006945e+00
   6.8769980e+00
   6.8534296e+00
   6.8299883e+00
   6.8066755e+00
   6.7834887e+00
   6.7604270e+00
   6.7374914e+00
   6.7146783e+00
   6.6919876e+00
   6.6694192e+00
   6.6469747e+00
   6.6246512e+00
   6.6024479e+00
   6.5803659e+00
   6.5584012e+00
   6.5365545e+00
   6.5148279e+00
   6.4932182e+00
   6.4717248e+00
   6.4503485e+00
   6.4290880e+00
   6.4079428e+00
   6.3869113e+00
   6.3659925e+00
   6.3451854e+00
   6.3244923e+00
   6.3039100e+00
   6.2834391e+00
   6.2630789e+00
   6.2428284e+00
   6.2226864e+00
   6.2026518e+00
   6.1827269e+00
   6.1629083e+00
   6.1431965e+00
   6.1235911e+00
   6.1040909e+00
   6.0846971e+00
   6.0654076e+00
   6.0462216e+00
   6.0271397e+00
   6.0081587e+00
   5.9892796e+00
   5.9705016e+00
   5.9518239e+00
   5.9332482e+00
   5.9147710e+00
   5.8963927e+00
   5.8781128e+00
   5.8599303e+00
   5.8418469e+00
   5.8238589e+00
   5.8059669e+00
   5.7881705e+00
   5.7704712e+00
   5.7528656e+00
   5.7353537e+00
   5.7179349e+00
   5.7006107e+00
   5.6833784e+00
   5.6662391e+00
   5.6491905e+00
   5.6322317e+00
   5.6153643e+00
   5.5985851e+00
   5.5818944e+00
   5.5652944e+00
   5.5487821e+00
   5.5323590e+00
   5.5160227e+00
   5.4997723e+00
   5.4836061e+00
   5.4675273e+00
   5.4515327e+00
   5.4356223e+00
   5.4197951e+00
   5.4040534e+00
   5.3883947e+00
   5.3728196e+00
   5.3573248e+00
   5.3419126e+00
   5.3265819e+00
   5.3113308e+00
   5.2961606e+00
   5.2810692e+00
   5.2660581e+00
   5.2511263e+00
   5.2362717e+00
   5.2214956e+00
   5.2067961e+00
   5.1921745e+00
   5.1776303e+00
   5.1631612e+00
   5.1487675e+00
   5.1344476e+00
   5.1202016e+00
   5.1060313e+00
   5.0919338e+00
   5.0779091e+00
   5.0639587e+00
   5.0500797e+00
   5.0362722e+00
   5.0225376e+00
   5.0088731e+00
   4.9952786e+00
   4.9817561e+00
   4.9683051e+00
   4.9549225e+00
   4.9416099e+00
   4.9283646e+00
   4.9151885e+00
   4.9020790e+00
   4.8890378e+00
   4.8760626e+00
   4.8631534e+00
   4.8503094e+00
   4.8375311e+00
   4.8248182e+00
   4.8121710e+00
   4.7995884e+00
   4.7870687e+00
   4.7746134e+00
   4.7622199e+00
   4.7498903e+00
   4.7376225e+00
   4.7254179e+00
   4.7132734e+00
   4.7011914e+00
   4.6891693e+00
   4.6772091e+00
   4.6653093e+00
   4.6534703e+00
   4.6416897e+00
   4.6299690e+00
   4.6183067e+00
   4.6067025e+00
   4.5951571e+00
   4.5836690e+00
   4.5722389e+00
   4.5608668e+00
   4.5495504e+00
   4.5382911e+00
   4.5270869e+00
   4.5159385e+00
   4.5048436e+00
   4.4938043e+00
   4.4828207e+00
   4.4718930e+00
   4.4610178e+00
   4.4501952e+00
   4.4394252e+00
   4.4287085e+00
   4.4180437e+00
   4.4074327e+00
   4.3968729e+00
   4.3863640e+00
   4.3759068e+00
   4.3655022e+00
   4.3551502e+00
   4.3448473e+00
   4.3345953e+00
   4.3243921e+00
   4.3142374e+00
   4.3041312e+00
   4.2940739e+00
   4.2840643e+00
   4.2741051e+00
   4.2641936e+00
   4.2543297e+00
   4.2445152e+00
   4.2347467e+00
   4.2250262e+00
   4.2153512e+00
   4.2057216e+00
   4.1961375e+00
   4.1865998e+00
   4.1771059e+00
   4.1676583e+00
   4.1582546e+00
   4.1488963e+00
   4.1395813e+00
   4.1303094e+00
   4.1210837e+00
   4.1119021e+00
   4.1027635e+00
   4.0936682e+00
   4.0846144e+00
   4.0756023e+00
   4.0666315e+00
   4.0577025e+00
   4.0488171e+00
   4.0399740e+00
   4.0311710e+00
   4.0224082e+00
   4.0136853e+00
   4.0050027e+00
   3.9963620e+00
   3.9877624e+00
   3.9792015e+00
   3.9706796e+00
   3.9621962e+00
   3.9537515e+00
   3.9453468e+00
   3.9369820e+00
   3.9286542e+00
   3.9203651e+00
   3.9121131e+00
   3.9038983e+00
   3.8957202e+00
   3.8875791e+00
   3.8794760e+00
   3.8714113e+00
   3.8633819e+00
   3.8553896e+00
   3.8474322e+00
   3.8395117e+00
   3.8316256e+00
   3.8237761e+00
   3.8159607e+00
   3.8081814e+00
   3.8004359e+00
   3.7927262e+00
   3.7850481e+00
   3.7774048e+00
   3.7697967e+00
   3.7622214e+00
   3.7546797e+00
   3.7471710e+00
   3.7396951e+00
   3.7322522e+00
   3.7248413e+00
   3.7174643e+00
   3.7101189e+00
   3.7028049e+00
   3.6955231e+00
   3.6882748e+00
   3.6810602e+00
   3.6738751e+00
   3.6667213e+00
   3.6595984e+00
   3.6525062e+00
   3.6454450e+00
   3.6384139e+00
   3.6314140e+00
   3.6244461e+00
   3.6175062e+00
   3.6105967e+00
   3.6037168e+00
   3.5968664e+00
   3.5900459e+00
   3.5832543e+00
   3.5764924e+00
   3.5697589e+00
   3.5630546e+00
   3.5563784e+00
   3.5497312e+00
   3.5431119e+00
   3.5365212e+00
   3.5299583e+00
   3.5234237e+00
   3.5169168e+00
   3.5104374e+00
   3.5039857e+00
   3.4975592e+00
   3.4911616e+00
   3.4847897e+00
   3.4784458e+00
   3.4721282e+00
   3.4658377e+00
   3.4595733e+00
   3.4533358e+00
   3.4471249e+00
   3.4409384e+00
   3.4347789e+00
   3.4286452e+00
   3.4225356e+00
   3.4164529e+00
   3.4103956e+00
   3.4043621e+00
   3.3983552e+00
   3.3923735e+00
   3.3864154e+00
   3.3804835e+00
   3.3745767e+00
   3.3686931e+00
   3.3628350e+00
   3.3570022e+00
   3.3511923e+00
   3.3454060e+00
   3.3396444e+00
   3.3339075e+00
   3.3281930e+00
   3.3225019e+00
   3.3168350e+00
   3.3111926e+00
   3.3055724e+00
   3.2999754e+00
   3.2944005e+00
   3.2888496e+00
   3.2833225e+00
   3.2778173e+00
   3.2723349e+00
   3.2668744e+00
   3.2614355e+00
   3.2560202e+00
   3.2506283e+00
   3.2452578e+00
   3.2399098e+00
   3.2345835e+00
   3.2292786e+00
   3.2239948e+00
   3.2187321e+00
   3.2134924e+00
   3.2082758e+00
   3.2030785e+00
   3.1979023e+00
   3.1927473e+00
   3.1876134e+00
   3.1825005e+00
   3.1774084e+00
   3.1723372e+00
   3.1672868e+00
   3.1622572e+00
   3.1572483e+00
   3.1522602e+00
   3.1472928e+00
   3.1423461e+00
   3.1374201e+00
   3.1325147e+00
   3.1276298e+00
   3.1227656e+00
   3.1179200e+00
   3.1130944e+00
   3.1082893e+00
   3.1035046e+00
   3.0987403e+00
   3.0939952e+00
   3.0892695e+00
   3.0845641e+00
   3.0798777e+00
   3.0752108e+00
   3.0705625e+00
   3.0659341e+00
   3.0613241e+00
   3.0567340e+00
   3.0521623e+00
   3.0476106e+00
   3.0430773e+00
   3.0385638e+00
   3.0340690e+00
   3.0295937e+00
   3.0251374e+00
   3.0206988e+00
   3.0162780e+00
   3.0118771e+00
   3.0074949e+00
   3.0031306e+00
   2.9987841e+00
   2.9944574e+00
   2.9901496e+00
   2.9858598e+00
   2.9815880e+00
   2.9773341e+00
   2.9730983e+00
   2.9688805e+00
   2.9646808e+00
   2.9604992e+00
   2.9563357e+00
   2.9521902e+00
   2.9480629e+00
   2.9439521e+00
   2.9398587e+00
   2.9357835e+00
   2.9317263e+00
   2.9276874e+00
   2.9236652e+00
   2.9196605e+00
   2.9156738e+00
   2.9117040e+00
   2.9077517e+00
   2.9038158e+00
   2.8998977e+00
   2.8959978e+00
   2.8921150e+00
   2.8882494e+00
   2.8844010e+00
   2.8805683e+00
   2.8767535e+00
   2.8729554e+00
   2.8691750e+00
   2.8654117e+00
   2.8616644e+00
   2.8579347e+00
   2.8542224e+00
   2.8505261e+00
   2.8468460e+00
   2.8431819e+00
   2.8395357e+00
   2.8359067e+00
   2.8322940e+00
   2.8286975e+00
   2.8251173e+00
   2.8215533e+00
   2.8180055e+00
   2.8144739e+00
   2.8109600e+00
   2.8074618e+00
   2.8039793e+00
   2.8005134e+00
   2.7970639e+00
   2.7936308e+00
   2.7902141e+00
   2.7868126e+00
   2.7834278e+00
   2.7800601e+00
   2.7767078e+00
   2.7733717e+00
   2.7700503e+00
   2.7667456e+00
   2.7634578e+00
   2.7601851e+00
   2.7569286e+00
   2.7536888e+00
   2.7504644e+00
   2.7472557e+00
   2.7440619e+00
   2.7408842e+00
   2.7377230e+00
   2.7345770e+00
   2.7314467e+00
   2.7283311e+00
   2.7252315e+00
   2.7221483e+00
   2.7190800e+00
   2.7160273e+00
   2.7129892e+00
   2.7099670e+00
   2.7069610e+00
   2.7039697e+00
   2.7009940e+00
   2.6980327e+00
   2.6950872e+00
   2.6921577e+00
   2.6892428e+00
   2.6863433e+00
   2.6834598e+00
   2.6805910e+00
   2.6777373e+00
   2.6748981e+00
   2.6720743e+00
   2.6692661e+00
   2.6664725e+00
   2.6636940e+00
   2.6609298e+00
   2.6581809e+00
   2.6554474e+00
   2.6527285e+00
   2.6500244e+00
   2.6473346e+00
   2.6446599e+00
   2.6420005e+00
   2.6393555e+00
   2.6367253e+00
   2.6341091e+00
   2.6315080e+00
   2.6289221e+00
   2.6263503e+00
   2.6237933e+00
   2.6212513e+00
   2.6187236e+00
   2.6162105e+00
   2.6137113e+00
   2.6112268e+00
   2.6087572e+00
   2.6063017e+00
   2.6038606e+00
   2.6014334e+00
   2.5990208e+00
   2.5966228e+00
   2.5942388e+00
   2.5918692e+00
   2.5895133e+00
   2.5871719e+00
   2.5848450e+00
   2.5825319e+00
   2.5802330e+00
   2.5779486e+00
   2.5756780e+00
   2.5734214e+00
   2.5711786e+00
   2.5689499e+00
   2.5667353e+00
   2.5645346e+00
   2.5623477e+00
   2.5601744e+00
   2.5580151e+00
   2.5558699e+00
   2.5537383e+00
   2.5516204e+00
   2.5495161e+00
   2.5474256e+00
   2.5453489e+00
   2.5432857e+00
   2.5412362e+00
   2.5392005e+00
   2.5371781e+00
   2.5351693e+00
   2.5331741e+00
   2.5311922e+00
   2.5292235e+00
   2.5272688e+00
   2.5253276e+00
   2.5233997e+00
   2.5214852e+00
   2.5195839e+00
   2.5176960e+00
   2.5158212e+00
   2.5139597e+00
   2.5121113e+00
   2.5102761e+00
   2.5084539e+00
   2.5066449e+00
   2.5048490e+00
   2.5030660e+00
   2.5012961e+00
   2.4995392e+00
   2.4977952e+00
   2.4960641e+00
   2.4943459e+00
   2.4926406e+00
   2.4909481e+00
   2.4892684e+00
   2.4876015e+00
   2.4859474e+00
   2.4843060e+00
   2.4826772e+00
   2.4810611e+00
   2.4794577e+00
   2.4778669e+00
   2.4762886e+00
   2.4747229e+00
   2.4731697e+00
   2.4716290e+00
   2.4701008e+00
   2.4685850e+00
   2.4670816e+00
   2.4655906e+00
   2.4641119e+00
   2.4626456e+00
   2.4611915e+00
   2.4597497e+00
   2.4583201e+00
   2.4569027e+00
   2.4554975e+00
   2.4541044e+00
   2.4527235e+00
   2.4513546e+00
   2.4499978e+00
   2.4486530e+00
   2.4473201e+00
   2.4459993e+00
   2.4446904e+00
   2.4433934e+00
   2.4421082e+00
   2.4408349e+00
   2.4395735e+00
   2.4383238e+00
   2.4370859e+00
   2.4358597e+00
   2.4346452e+00
   2.4334423e+00
   2.4322511e+00
   2.4310715e+00
   2.4299035e+00
   2.4287471e+00
   2.4276021e+00
   2.4264687e+00
   2.4253467e+00
   2.4242361e+00
   2.4231370e+00
   2.4220492e+00
   2.4209727e+00
   2.4199076e+00
   2.4188537e+00
   2.4178111e+00
   2.4167797e+00
   2.4157595e+00
   2.4147505e+00
   2.4137526e+00
   2.4127658e+00
   2.4117900e+00
   2.4108253e+00
   2.4098717e+00
   2.4089290e+00
   2.4079972e+00
   2.4070764e+00
   2.4061665e+00
   2.4052674e+00
   2.4043792e+00
   2.4035018e+00
   2.4026351e+00
   2.4017792e+00
   2.4009341e+00
   2.4000996e+00
   2.3992757e+00
   2.3984625e+00
   2.3976599e+00
   2.3968678e+00
   2.3960863e+00
   2.3953153e+00
   2.3945548e+00
   2.3938048e+00
   2.3930651e+00
   2.3923358e+00
   2.3916170e+00
   2.3909084e+00
   2.3902101e+00
   2.3895222e+00
   2.3888444e+00
   2.3881769e+00
   2.3875196e+00
   2.3868724e+00
   2.3862354e+00
   2.3856084e+00
   2.3849916e+00
   2.3843847e+00
   2.3837879e+00
   2.3832011e+00
   2.3826242e+00
   2.3820573e+00
   2.3815003e+00
   2.3809531e+00
   2.3804158e+00
   2.3798883e+00
   2.3793705e+00
   2.3788626e+00
   2.3783643e+00
   2.3778758e+00
   2.3773969e+00
   2.3769277e+00
   2.3764681e+00
   2.3760181e+00
   2.3755777e+00
   2.3751468e+00
   2.3747254e+00
   2.3743134e+00
   2.3739110e+00
   2.3735179e+00
   2.3731343e+00
   2.3727600e+00
   2.3723950e+00
   2.3720394e+00
   2.3716931e+00
   2.3713560e+00
   2.3710281e+00
   2.3707095e+00
   2.3704000e+00
   2.3700997e+00
   2.3698085e+00
   2.3695264e+00
   2.3692534e+00
   2.3689895e+00
   2.3687345e+00
   2.3684886e+00
   2.3682516e+00
   2.3680235e+00
   2.3678044e+00
   2.3675942e+00
   2.3673928e+00
   2.3672003e+00
   2.3670165e+00
   2.3668416e+00
   2.3666754e+00
   2.3665180e+00
   2.3663693e+00
   2.3662292e+00
   2.3660978e+00
   2.3659751e+00
   2.3658609e+00
   2.3657554e+00
   2.3656584e+00
   2.3655700e+00
   2.3654900e+00
   2.3654186e+00
   2.3653556e+00
   2.3653010e+00
   2.3652549e+00
   2.3652172e+00
   2.3651878e+00
   2.3651667e+00
   2.3651540e+00
   2.3651496e+00
   2.3651535e+00
   2.3651656e+00
   2.3651859e+00
   2.3652145e+00
   2.3652512e+00
   2.3652961e+00
   2.3653491e+00
   2.3654102e+00
   2.3654794e+00
   2.3655567e+00
   2.3656420e+00
   2.3657353e+00
   2.3658367e+00
   2.3659460e+00
   2.3660633e+00
   2.3661885e+00
   2.3663216e+00
   2.3664627e+00
   2.3666116e+00
   2.3667683e+00
   2.3669329e+00
   2.3671052e+00
   2.3672854e+00
   2.3674733e+00
   2.3676690e+00
   2.3678724e+00
   2.3680835e+00
   2.3683023e+00
   2.3685287e+00
   2.3687628e+00
   2.3690045e+00
   2.3692538e+00
   2.3695107e+00
   2.3697752e+00
   2.3700472e+00
   2.3703267e+00
   2.3706137e+00
   2.3709082e+00
   2.3712102e+00
   2.3715197e+00
   2.3718365e+00
   2.3721608e+00
   2.3724925e+00
   2.3728315e+00
   2.3731780e+00
   2.3735317e+00
   2.3738928e+00
   2.3742611e+00
   2.3746368e+00
   2.3750197e+00
   2.3754099e+00
   2.3758073e+00
   2.3762119e+00
   2.3766238e+00
   2.3770428e+00
   2.3774690e+00
   2.3779023e+00
   2.3783427e+00
   2.3787903e+00
   2.3792450e+00
   2.3797068e+00
   2.3801756e+00
   2.3806515e+00
   2.3811344e+00
   2.3816244e+00
   2.3821213e+00
   2.3826253e+00
   2.3831362e+00
   2.3836541e+00
   2.3841789e+00
   2.3847107e+00
   2.3852494e+00
   2.3857950e+00
   2.3863475e+00
   2.3869068e+00
   2.3874730e+00
   2.3880461e+00
   2.3886260e+00
   2.3892127e+00
   2.3898063e+00
   2.3904066e+00
   2.3910137e+00
   2.3916276e+00
   2.3922482e+00
   2.3928756e+00
   2.3935097e+00
   2.3941505e+00
   2.3947980e+00
   2.3954523e+00
   2.3961132e+00
   2.3967807e+00
   2.3974550e+00
   2.3981359e+00
   2.3988234e+00
   2.3995175e+00
   2.4002183e+00
   2.4009256e+00
   2.4016396e+00
   2.4023601e+00
   2.4030872e+00
   2.4038209e+00
   2.4045611e+00
   2.4053079e+00
   2.4060612e+00
   2.4068210e+00
   2.4075873e+00
   2.4083601e+00
   2.4091394e+00
   2.4099252e+00
   2.4107175e+00
   2.4115162e+00
   2.4123214e+00
   2.4131331e+00
   2.4139511e+00
   2.4147757e+00
   2.4156066e+00
   2.4164440e+00
   2.4172877e+00
   2.4181379e+00
   2.4189944e+00
   2.4198574e+00
   2.4207267e+00
   2.4216024e+00
   2.4224844e+00
   2.4233728e+00
   2.4242676e+00
   2.4251687e+00
   2.4260761e+00
   2.4269899e+00
   2.4279100e+00
   2.4288364e+00
   2.4297691e+00
   2.4307081e+00
   2.4316535e+00
   2.4326051e+00
   2.4335630e+00
   2.4345272e+00
   2.4354977e+00
   2.4364745e+00
   2.4374575e+00
   2.4384468e+00
   2.4394424e+00
   2.4404442e+00
   2.4414523e+00
   2.4424667e+00
   2.4434872e+00
   2.4445141e+00
   2.4455471e+00
   2.4465864e+00
   2.4476320e+00
   2.4486837e+00
   2.4497417e+00
   2.4508060e+00
   2.4518764e+00
   2.4529531e+00
   2.4540359e+00
   2.4551250e+00
   2.4562204e+00
   2.4573219e+00
   2.4584296e+00
   2.4595435e+00
   2.4606637e+00
   2.4617901e+00
   2.4629226e+00
   2.4640614e+00
   2.4652063e+00
   2.4663575e+00
   2.4675149e+00
   2.4686784e+00
   2.4698482e+00
   2.4710242e+00
   2.4722063e+00
   2.4733947e+00
   2.4745893e+00
   2.4757901e+00
   2.4769970e+00
   2.4782102e+00
   2.4794296e+00
   2.4806552e+00
   2.4818870e+00
   2.4831250e+00
   2.4843692e+00
   2.4856196e+00
   2.4868762e+00
   2.4881390e+00
   2.4894081e+00
   2.4906833e+00
   2.4919648e+00
   2.4932525e+00
   2.4945465e+00
   2.4958466e+00
   2.4971530e+00
   2.4984656e+00
   2.4997845e+00
   2.5011095e+00
   2.5024409e+00
   2.5037784e+00
   2.5051222e+00
   2.5064723e+00
   2.5078286e+00
   2.5091912e+00
   2.5105601e+00
   2.5119352e+00
   2.5133166e+00
   2.5147042e+00
   2.5160981e+00
   2.5174984e+00
   2.5189049e+00
   2.5203177e+00
   2.5217368e+00
   2.5231622e+00
   2.5245939e+00
   2.5260319e+00
   2.5274763e+00
   2.5289269e+00
   2.5303839e+00
   2.5318473e+00
   2.5333170e+00
   2.5347930e+00
   2.5362754e+00
   2.5377641e+00
   2.5392592e+00
   2.5407607e+00
   2.5422686e+00
   2.5437829e+00
   2.5453035e+00
   2.5468305e+00
   2.5483640e+00
   2.5499039e+00
   2.5514502e+00
   2.5530029e+00
   2.5545620e+00
   2.5561276e+00
   2.5576997e+00
   2.5592782e+00
   2.5608632e+00
   2.5624546e+00
   2.5640526e+00
   2.5656570e+00
   2.5672679e+00
   2.5688853e+00
   2.5705093e+00
   2.5721397e+00
   2.5737767e+00
   2.5754203e+00
   2.5770704e+00
   2.5787270e+00
   2.5803902e+00
   2.5820600e+00
   2.5837364e+00
   2.5854193e+00
   2.5871089e+00
   2.5888050e+00
   2.5905078e+00
   2.5922173e+00
   2.5939333e+00
   2.5956560e+00
   2.5973854e+00
   2.5991214e+00
   2.6008641e+00
   2.6026135e+00
   2.6043696e+00
   2.6061324e+00
   2.6079019e+00
   2.6096781e+00
   2.6114611e+00
   2.6132508e+00
   2.6150473e+00
   2.6168505e+00
   2.6186605e+00
   2.6204773e+00
   2.6223008e+00
   2.6241312e+00
   2.6259684e+00
   2.6278124e+00
   2.6296633e+00
   2.6315209e+00
   2.6333855e+00
   2.6352569e+00
   2.6371352e+00
   2.6390203e+00
   2.6409124e+00
   2.6428113e+00
   2.6447172e+00
   2.6466300e+00
   2.6485497e+00
   2.6504764e+00
   2.6524100e+00
   2.6543506e+00
   2.6562981e+00
   2.6582527e+00
   2.6602142e+00
   2.6621828e+00
   2.6641583e+00
   2.6661409e+00
   2.6681305e+00
   2.6701271e+00
   2.6721308e+00
   2.6741416e+00
   2.6761594e+00
   2.6781843e+00
   2.6802163e+00
   2.6822554e+00
   2.6843016e+00
   2.6863549e+00
   2.6884153e+00
   2.6904829e+00
   2.6925576e+00
   2.6946395e+00
   2.6967285e+00
   2.6988247e+00
   2.7009281e+00
   2.7030387e+00
   2.7051564e+00
   2.7072814e+00
   2.7094136e+00
   2.7115530e+00
   2.7136996e+00
   2.7158534e+00
   2.7180145e+00
   2.7201829e+00
   2.7223585e+00
   2.7245413e+00
   2.7267315e+00
   2.7289289e+00
   2.7311336e+00
   2.7333456e+00
   2.7355649e+00
   2.7377914e+00
   2.7400253e+00
   2.7422666e+00
   2.7445151e+00
   2.7467710e+00
   2.7490341e+00
   2.7513047e+00
   2.7535825e+00
   2.7558677e+00
   2.7581603e+00
   2.7604602e+00
   2.7627675e+00
   2.7650821e+00
   2.7674042e+00
   2.7697335e+00
   2.7720703e+00
   2.7744144e+00
   2.7767659e+00
   2.7791248e+00
   2.7814911e+00
   2.7838647e+00
   2.7862458e+00
   2.7886342e+00
   2.7910300e+00
   2.7934332e+00
   2.7958438e+00
   2.7982618e+00
   2.8006872e+00
   2.8031199e+00
   2.8055601e+00
   2.8080077e+00
   2.8104626e+00
   2.8129249e+00
   2.8153947e+00
   2.8178718e+00
   2.8203562e+00
   2.8228481e+00
   2.8253474e+00
   2.8278540e+00
   2.8303680e+00
   2.8328893e+00
   2.8354180e+00
   2.8379541e+00
   2.8404975e+00
   2.8430483e+00
   2.8456065e+00
   2.8481719e+00
   2.8507447e+00
   2.8533249e+00
   2.8559123e+00
   2.8585071e+00
   2.8611091e+00
   2.8637185e+00
   2.8663352e+00
   2.8689591e+00
   2.8715903e+00
   2.8742288e+00
   2.8768745e+00
   2.8795275e+00
   2.8821877e+00
   2.8848552e+00
   2.8875298e+00
   2.8902117e+00
   2.8929007e+00
   2.8955970e+00
   2.8983004e+00
   2.9010109e+00
   2.9037286e+00
   2.9064535e+00
   2.9091854e+00
   2.9119245e+00
   2.9146707e+00
   2.9174239e+00
   2.9201842e+00
   2.9229515e+00
   2.9257259e+00
   2.9285073e+00
   2.9312957e+00
   2.9340911e+00
   2.9368934e+00
   2.9397027e+00
   2.9425189e+00
   2.9453420e+00
   2.9481720e+00
   2.9510090e+00
   2.9538527e+00
   2.9567033e+00
   2.9595607e+00
   2.9624250e+00
   2.9652960e+00
   2.9681737e+00
   2.9710582e+00
   2.9739495e+00
   2.9768474e+00
   2.9797520e+00
   2.9826632e+00
   2.9855811e+00
   2.9885056e+00
   2.9914367e+00
   2.9943743e+00
   2.9973185e+00
   3.0002692e+00
   3.0032264e+00
   3.0061901e+00
   3.0091602e+00
   3.0121367e+00
   3.0151196e+00
   3.0181089e+00
   3.0211046e+00
   3.0241065e+00
   3.0271147e+00
   3.0301292e+00
   3.0331500e+00
   3.0361769e+00
   3.0392101e+00
   3.0422494e+00
   3.0452948e+00
   3.0483463e+00
   3.0514039e+00
   3.0544675e+00
   3.0575372e+00
   3.0606128e+00
   3.0636944e+00
   3.0667820e+00
   3.0698754e+00
   3.0729747e+00
   3.0760798e+00
   3.0791907e+00
   3.0823074e+00
   3.0854299e+00
   3.0885581e+00
   3.0916919e+00
   3.0948314e+00
   3.0979765e+00
   3.1011273e+00
   3.1042835e+00
   3.1074453e+00
   3.1106126e+00
   3.1137853e+00
   3.1169635e+00
   3.1201470e+00
   3.1233359e+00
   3.1265301e+00
   3.1297296e+00
   3.1329344e+00
   3.1361443e+00
   3.1393595e+00
   3.1425798e+00
   3.1458052e+00
   3.1490357e+00
   3.1522712e+00
   3.1555117e+00
   3.1587572e+00
   3.1620076e+00
   3.1652629e+00
   3.1685230e+00
   3.1717880e+00
   3.1750577e+00
   3.1783321e+00
   3.1816113e+00
   3.1848951e+00
   3.1881835e+00
   3.1914765e+00
   3.1947740e+00
   3.1980760e+00
   3.2013825e+00
   3.2046933e+00
   3.2080086e+00
   3.2113281e+00
   3.2146519e+00
   3.2179800e+00
   3.2213122e+00
   3.2246486e+00
   3.2279891e+00
   3.2313336e+00
   3.2346821e+00
   3.2380346e+00
   3.2413910e+00
   3.2447513e+00
   3.2481153e+00
   3.2514832e+00
   3.2548547e+00
   3.2582299e+00
   3.2616087e+00
   3.2649911e+00
   3.2683769e+00
   3.2717662e+00
   3.2751590e+00
   3.2785550e+00
   3.2819543e+00
   3.2853569e+00
   3.2887626e+00
   3.2921714e+00
   3.2955833e+00
   3.2989982e+00
   3.3024160e+00
   3.3058366e+00
   3.3092601e+00
   3.3126863e+00
   3.3161152e+00
   3.3195467e+00
   3.3229807e+00
   3.3264173e+00
   3.3298562e+00
   3.3332975e+00
   3.3367410e+00
   3.3401867e+00
   3.3436345e+00
   3.3470844e+00
   3.3505363e+00
   3.3539901e+00
   3.3574456e+00
   3.3609030e+00
   3.3643619e+00
   3.3678225e+00
   3.3712845e+00
   3.3747480e+00
   3.3782128e+00
   3.3816788e+00
   3.3851460e+00
   3.3886142e+00
   3.3920834e+00
   3.3955535e+00
   3.3990244e+00
   3.4024960e+00
   3.4059681e+00
   3.4094408e+00
   3.4129138e+00
   3.4163872e+00
   3.4198607e+00
   3.4233344e+00
   3.4268080e+00
   3.4302815e+00
   3.4337547e+00
   3.4372276e+00
   3.4407001e+00
   3.4441720e+00
   3.4476431e+00
   3.4511135e+00
   3.4545830e+00
   3.4580514e+00
   3.4615187e+00
   3.4649846e+00
   3.4684492e+00
   3.4719122e+00
   3.4753735e+00
   3.4788330e+00
   3.4822905e+00
   3.4857460e+00
   3.4891993e+00
   3.4926502e+00
   3.4960986e+00
   3.4995443e+00
   3.5029873e+00
   3.5064273e+00
   3.5098643e+00
   3.5132979e+00
   3.5167282e+00
   3.5201550e+00
   3.5235780e+00
   3.5269972e+00
   3.5304123e+00
   3.5338232e+00
   3.5372297e+00
   3.5406318e+00
   3.5440291e+00
   3.5474215e+00
   3.5508088e+00
   3.5541909e+00
   3.5575676e+00
   3.5609387e+00
   3.5643039e+00
   3.5676632e+00
   3.5710164e+00
   3.5743631e+00
   3.5777033e+00
   3.5810368e+00
   3.5843632e+00
   3.5876825e+00
   3.5909945e+00
   3.5942988e+00
   3.5975954e+00
   3.6008839e+00
   3.6041642e+00
   3.6074361e+00
   3.6106993e+00
   3.6139536e+00
   3.6171989e+00
   3.6204347e+00
   3.6236610e+00
   3.6268775e+00
   3.6300839e+00
   3.6332800e+00
   3.6364656e+00
   3.6396404e+00
   3.6428041e+00
   3.6459566e+00
   3.6490975e+00
   3.6522266e+00
   3.6553437e+00
   3.6584484e+00
   3.6615405e+00
   3.6646197e+00
   3.6676858e+00
   3.6707385e+00
   3.6737775e+00
   3.6768025e+00
   3.6798132e+00
   3.6828094e+00
   3.6857907e+00
   3.6887568e+00
   3.6917075e+00
   3.6946425e+00
   3.6975614e+00
   3.7004639e+00
   3.7033497e+00
   3.7062186e+00
   3.7090701e+00
   3.7119040e+00
   3.7147199e+00
   3.7175175e+00
   3.7202965e+00
   3.7230565e+00
   3.7257972e+00
   3.7285182e+00
   3.7312193e+00
   3.7339000e+00
   3.7365599e+00
   3.7391988e+00
   3.7418163e+00
   3.7444120e+00
   3.7469855e+00
   3.7495365e+00
   3.7520645e+00
   3.7545692e+00
   3.7570503e+00
   3.7595072e+00
   3.7619397e+00
   3.7643473e+00
   3.7667296e+00
   3.7690863e+00
   3.7714169e+00
   3.7737209e+00
   3.7759981e+00
   3.7782478e+00
   3.7804699e+00
   3.7826637e+00
   3.7848288e+00
   3.7869649e+00
   3.7890715e+00
   3.7911481e+00
   3.7931943e+00
   3.7952096e+00
   3.7971936e+00
   3.7991457e+00
   3.8010656e+00
   3.8029527e+00
   3.8048066e+00
   3.8066268e+00
   3.8084128e+00
   3.8101641e+00
   3.8118803e+00
   3.8135607e+00
   3.8152049e+00
   3.8168125e+00
   3.8183828e+00
   3.8199153e+00
   3.8214096e+00
   3.8228651e+00
   3.8242813e+00
   3.8256576e+00
   3.8269935e+00
   3.8282885e+00
   3.8295419e+00
   3.8307533e+00
   3.8319220e+00
   3.8330475e+00
   3.8341293e+00
   3.8351667e+00
   3.8361592e+00
   3.8371061e+00
   3.8380070e+00
   3.8388611e+00
   3.8396680e+00
   3.8404270e+00
   3.8411374e+00
   3.8417987e+00
   3.8424102e+00
   3.8429714e+00
   3.8434816e+00
   3.8439401e+00
   3.8443464e+00
   3.8446997e+00
   3.8449995e+00
   3.8452451e+00
   3.8454358e+00
   3.8455710e+00
   3.8456499e+00
   3.8456720e+00
   3.8456366e+00
   3.8455429e+00
   3.8453904e+00
   3.8451783e+00
   3.8449059e+00
   3.8445725e+00
   3.8441774e+00
   3.8437200e+00
   3.8431996e+00
   3.8426153e+00
   3.8419665e+00
   3.8412526e+00
   3.8404727e+00
   3.8396261e+00
   3.8387122e+00
   3.8377302e+00
   3.8366793e+00
   3.8355589e+00
   3.8343681e+00
   3.8331063e+00
   3.8317727e+00
   3.8303666e+00
   3.8288872e+00
   3.8273338e+00
   3.8257056e+00
   3.8240019e+00
   3.8222219e+00
   3.8203649e+00
   3.8184301e+00
   3.8164168e+00
   3.8143241e+00
   3.8121515e+00
   3.8098980e+00
   3.8075630e+00
   3.8051457e+00
   3.8026454e+00
   3.8000613e+00
   3.7973926e+00
   3.7946386e+00
   3.7917986e+00
   3.7888718e+00
   3.7858575e+00
   3.7827549e+00
   3.7795634e+00
   3.7762821e+00
   3.7729104e+00
   3.7694476e+00
   3.7658929e+00
   3.7622457e+00
   3.7585052e+00
   3.7546707e+00
   3.7507416e+00
   3.7467172e+00
   3.7425967e+00
   3.7383797e+00
   3.7340653e+00
   3.7296530e+00
   3.7251420e+00
   3.7205319e+00
   3.7158220e+00
   3.7110117e+00
   3.7061003e+00
   3.7010874e+00
   3.6959724e+00
   3.6907547e+00
   3.6854338e+00
   3.6800092e+00
   3.6744803e+00
   3.6688468e+00
   3.6631081e+00
   3.6572639e+00
   3.6513136e+00
   3.6452568e+00
   3.6390933e+00
   3.6328226e+00
   3.6264444e+00
   3.6199583e+00
   3.6133641e+00
   3.6066616e+00
   3.5998503e+00
   3.5929303e+00
   3.5859011e+00
   3.5787628e+00
   3.5715151e+00
   3.5641580e+00
   3.5566913e+00
   3.5491150e+00
   3.5414292e+00
   3.5336337e+00
   3.5257288e+00
   3.5177144e+00
   3.5095907e+00
   3.5013578e+00
   3.4930159e+00
   3.4845653e+00
   3.4760062e+00
   3.4673389e+00
   3.4585638e+00
   3.4496812e+00
   3.4406916e+00
   3.4315954e+00
   3.4223931e+00
   3.4130853e+00
   3.4036726e+00
   3.3941556e+00
   3.3845349e+00
   3.3748113e+00
   3.3649856e+00
   3.3550586e+00
   3.3450311e+00
   3.3349040e+00
   3.3246783e+00
   3.3143550e+00
   3.3039350e+00
   3.2934196e+00
   3.2828097e+00
   3.2721067e+00
   3.2613118e+00
   3.2504261e+00
   3.2394510e+00
   3.2283880e+00
   3.2172384e+00
   3.2060036e+00
   3.1946852e+00
   3.1832848e+00
   3.1718039e+00
   3.1602441e+00
   3.1486072e+00
   3.1368949e+00
   3.1251090e+00
   3.1132512e+00
   3.1013235e+00
   3.0893277e+00
   3.0772658e+00
   3.0651397e+00
   3.0529515e+00
   3.0407032e+00
   3.0283970e+00
   3.0160348e+00
   3.0036189e+00
   2.9911515e+00
   2.9786347e+00
   2.9660709e+00
   2.9534623e+00
   2.9408112e+00
   2.9281199e+00
   2.9153908e+00
   2.9026263e+00
   2.8898286e+00
   2.8770004e+00
   2.8641439e+00
   2.8512617e+00
   2.8383561e+00
   2.8254297e+00
   2.8124849e+00
   2.7995242e+00
   2.7865500e+00
   2.7735650e+00
   2.7605715e+00
   2.7475721e+00
   2.7345692e+00
   2.7215655e+00
   2.7085632e+00
   2.6955650e+00
   2.6825732e+00
   2.6695904e+00
   2.6566189e+00
   2.6436613e+00
   2.6307199e+00
   2.6177971e+00
   2.6048953e+00
   2.5920168e+00
   2.5791640e+00
   2.5663392e+00
   2.5535446e+00
   2.5407825e+00
   2.5280552e+00
   2.5153647e+00
   2.5027133e+00
   2.4901031e+00
   2.4775362e+00
   2.4650145e+00
   2.4525402e+00
   2.4401152e+00
   2.4277415e+00
   2.4154209e+00
   2.4031552e+00
   2.3909464e+00
   2.3787961e+00
   2.3667061e+00
   2.3546780e+00
   2.3427135e+00
   2.3308142e+00
   2.3189815e+00
   2.3072171e+00
   2.2955222e+00
   2.2838984e+00
   2.2723469e+00
   2.2608691e+00
   2.2494662e+00
   2.2381393e+00
   2.2268898e+00
   2.2157185e+00
   2.2046266e+00
   2.1936152e+00
   2.1826850e+00
   2.1718371e+00
   2.1610723e+00
   2.1503915e+00
   2.1397952e+00
   2.1292844e+00
   2.1188596e+00
   2.1085214e+00
   2.0982705e+00
   2.0881074e+00
   2.0780324e+00
   2.0680462e+00
   2.0581490e+00
   2.0483413e+00
   2.0386233e+00
   2.0289953e+00
   2.0194575e+00
   2.0100101e+00
   2.0006533e+00
   1.9913871e+00
   1.9822117e+00
   1.9731271e+00
   1.9641333e+00
   1.9552302e+00
   1.9464177e+00
   1.9376959e+00
   1.9290644e+00
   1.9205233e+00
   1.9120722e+00
   1.9037109e+00
   1.8954392e+00
   1.8872568e+00
   1.8791634e+00
   1.8711587e+00
   1.8632422e+00
   1.8554136e+00
   1.8476725e+00
   1.8400184e+00
   1.8324510e+00
   1.8249696e+00
   1.8175739e+00
   1.8102632e+00
   1.8030371e+00
   1.7958951e+00
   1.7888365e+00
   1.7818607e+00
   1.7749672e+00
   1.7681553e+00
   1.7614245e+00
   1.7547740e+00
   1.7482032e+00
   1.7417115e+00
   1.7352982e+00
   1.7289625e+00
   1.7227039e+00
   1.7165215e+00
   1.7104147e+00
   1.7043827e+00
