   1.3873700e-04
   1.3872694e-04
   1.3871694e-04
   1.3870691e-04
   1.3869694e-04
   1.3868694e-04
   1.3867699e-04
   1.3866703e-04
   1.3865710e-04
   1.3864716e-04
   1.3863727e-04
   1.3862736e-04
   1.3861749e-04
   1.3860760e-04
   1.3859775e-04
   1.3858789e-04
   1.3857807e-04
   1.3856824e-04
   1.3855844e-04
   1.3854863e-04
   1.3853885e-04
   1.3852907e-04
   1.3851931e-04
   1.3850955e-04
   1.3849982e-04
   1.3849009e-04
   1.3848038e-04
   1.3847067e-04
   1.3846098e-04
   1.3845129e-04
   1.3844163e-04
   1.3843196e-04
   1.3842232e-04
   1.3841268e-04
   1.3840305e-04
   1.3839343e-04
   1.3838383e-04
   1.3837424e-04
   1.3836458e-04
   1.3835497e-04
   1.3834534e-04
   1.3833577e-04
   1.3832617e-04
   1.3831661e-04
   1.3830704e-04
   1.3829752e-04
   1.3828797e-04
   1.3827847e-04
   1.3826895e-04
   1.3825947e-04
   1.3824998e-04
   1.3824052e-04
   1.3823106e-04
   1.3822163e-04
   1.3821218e-04
   1.3820277e-04
   1.3819335e-04
   1.3818397e-04
   1.3817457e-04
   1.3816521e-04
   1.3815584e-04
   1.3814649e-04
   1.3813715e-04
   1.3812782e-04
   1.3811850e-04
   1.3810920e-04
   1.3809989e-04
   1.3809061e-04
   1.3808133e-04
   1.3807207e-04
   1.3806281e-04
   1.3805357e-04
   1.3804434e-04
   1.3803512e-04
   1.3802590e-04
   1.3801663e-04
   1.3800740e-04
   1.3799816e-04
   1.3798896e-04
   1.3797974e-04
   1.3797057e-04
   1.3796137e-04
   1.3795222e-04
   1.3794306e-04
   1.3793393e-04
   1.3792479e-04
   1.3791569e-04
   1.3790657e-04
   1.3789749e-04
   1.3788840e-04
   1.3787934e-04
   1.3787027e-04
   1.3786123e-04
   1.3785218e-04
   1.3784317e-04
   1.3783414e-04
   1.3782515e-04
   1.3781615e-04
   1.3780717e-04
   1.3779819e-04
   1.3778924e-04
   1.3778028e-04
   1.3777134e-04
   1.3776241e-04
   1.3775349e-04
   1.3774458e-04
   1.3773568e-04
   1.3772679e-04
   1.3771791e-04
   1.3770903e-04
   1.3770018e-04
   1.3769132e-04
   1.3768248e-04
   1.3767365e-04
   1.3766476e-04
   1.3765592e-04
   1.3764705e-04
   1.3763824e-04
   1.3762940e-04
   1.3762060e-04
   1.3761179e-04
   1.3760302e-04
   1.3759423e-04
   1.3758548e-04
   1.3757671e-04
   1.3756799e-04
   1.3755924e-04
   1.3755054e-04
   1.3754182e-04
   1.3753313e-04
   1.3752443e-04
   1.3751577e-04
   1.3750709e-04
   1.3749845e-04
   1.3748979e-04
   1.3748117e-04
   1.3747253e-04
   1.3746393e-04
   1.3745531e-04
   1.3744673e-04
   1.3743814e-04
   1.3742957e-04
   1.3742099e-04
   1.3741244e-04
   1.3740389e-04
   1.3739536e-04
   1.3738683e-04
   1.3737831e-04
   1.3736980e-04
   1.3736131e-04
   1.3735281e-04
   1.3734434e-04
   1.3733586e-04
   1.3732733e-04
   1.3731885e-04
   1.3731035e-04
   1.3730189e-04
   1.3729341e-04
   1.3728497e-04
   1.3727652e-04
   1.3726810e-04
   1.3725967e-04
   1.3725128e-04
   1.3724287e-04
   1.3723449e-04
   1.3722611e-04
   1.3721775e-04
   1.3720939e-04
   1.3720105e-04
   1.3719271e-04
   1.3718439e-04
   1.3717607e-04
   1.3716777e-04
   1.3715947e-04
   1.3715119e-04
   1.3714291e-04
   1.3713465e-04
   1.3712638e-04
   1.3711814e-04
   1.3710990e-04
   1.3710168e-04
   1.3709345e-04
   1.3708524e-04
   1.3707704e-04
   1.3706885e-04
   1.3706066e-04
   1.3705249e-04
   1.3704432e-04
   1.3703617e-04
   1.3702802e-04
   1.3701988e-04
   1.3701175e-04
   1.3700356e-04
   1.3699542e-04
   1.3698726e-04
   1.3697914e-04
   1.3697100e-04
   1.3696290e-04
   1.3695478e-04
   1.3694671e-04
   1.3693861e-04
   1.3693055e-04
   1.3692248e-04
   1.3691444e-04
   1.3690639e-04
   1.3689837e-04
   1.3689034e-04
   1.3688234e-04
   1.3687433e-04
   1.3686635e-04
   1.3685836e-04
   1.3685039e-04
   1.3684242e-04
   1.3683447e-04
   1.3682652e-04
   1.3681859e-04
   1.3681065e-04
   1.3680274e-04
   1.3679483e-04
   1.3678693e-04
   1.3677903e-04
   1.3677115e-04
   1.3676327e-04
   1.3675541e-04
   1.3674755e-04
   1.3673970e-04
   1.3673186e-04
   1.3672403e-04
   1.3671620e-04
   1.3670838e-04
   1.3670058e-04
   1.3669271e-04
   1.3668490e-04
   1.3667706e-04
   1.3666926e-04
   1.3666144e-04
   1.3665367e-04
   1.3664587e-04
   1.3663811e-04
   1.3663034e-04
   1.3662260e-04
   1.3661485e-04
   1.3660713e-04
   1.3659939e-04
   1.3659169e-04
   1.3658398e-04
   1.3657629e-04
   1.3656860e-04
   1.3656093e-04
   1.3655325e-04
   1.3654560e-04
   1.3653794e-04
   1.3653031e-04
   1.3652267e-04
   1.3651505e-04
   1.3650743e-04
   1.3649983e-04
   1.3649222e-04
   1.3648464e-04
   1.3647705e-04
   1.3646948e-04
   1.3646191e-04
   1.3645436e-04
   1.3644680e-04
   1.3643927e-04
   1.3643173e-04
   1.3642421e-04
   1.3641669e-04
   1.3640918e-04
   1.3640167e-04
   1.3639412e-04
   1.3638661e-04
   1.3637908e-04
   1.3637158e-04
   1.3636407e-04
   1.3635660e-04
   1.3634911e-04
   1.3634166e-04
   1.3633419e-04
   1.3632675e-04
   1.3631930e-04
   1.3631188e-04
   1.3630445e-04
   1.3629705e-04
   1.3628963e-04
   1.3628225e-04
   1.3627485e-04
   1.3626748e-04
   1.3626011e-04
   1.3625275e-04
   1.3624539e-04
   1.3623806e-04
   1.3623071e-04
   1.3622339e-04
   1.3621607e-04
   1.3620876e-04
   1.3620145e-04
   1.3619416e-04
   1.3618687e-04
   1.3617959e-04
   1.3617232e-04
   1.3616505e-04
   1.3615779e-04
   1.3615055e-04
   1.3614330e-04
   1.3613607e-04
   1.3612884e-04
   1.3612162e-04
   1.3611441e-04
   1.3610715e-04
   1.3609993e-04
   1.3609269e-04
   1.3608549e-04
   1.3607826e-04
   1.3607108e-04
   1.3606388e-04
   1.3605671e-04
   1.3604953e-04
   1.3604238e-04
   1.3603522e-04
   1.3602809e-04
   1.3602094e-04
   1.3601382e-04
   1.3600670e-04
   1.3599960e-04
   1.3599248e-04
   1.3598540e-04
   1.3597831e-04
   1.3597124e-04
   1.3596416e-04
   1.3595710e-04
   1.3595004e-04
   1.3594300e-04
   1.3593596e-04
   1.3592893e-04
   1.3592190e-04
   1.3591489e-04
   1.3590788e-04
   1.3590088e-04
   1.3589389e-04
   1.3588690e-04
   1.3587992e-04
   1.3587295e-04
   1.3586598e-04
   1.3585903e-04
   1.3585208e-04
   1.3584513e-04
   1.3583820e-04
   1.3583121e-04
   1.3582427e-04
   1.3581730e-04
   1.3581038e-04
   1.3580343e-04
   1.3579652e-04
   1.3578960e-04
   1.3578270e-04
   1.3577579e-04
   1.3576892e-04
   1.3576203e-04
   1.3575517e-04
   1.3574829e-04
   1.3574145e-04
   1.3573459e-04
   1.3572776e-04
   1.3572092e-04
   1.3571410e-04
   1.3570728e-04
   1.3570048e-04
   1.3569367e-04
   1.3568688e-04
   1.3568009e-04
   1.3567332e-04
   1.3566654e-04
   1.3565978e-04
   1.3565302e-04
   1.3564627e-04
   1.3563953e-04
   1.3563279e-04
   1.3562606e-04
   1.3561934e-04
   1.3561263e-04
   1.3560592e-04
   1.3559922e-04
   1.3559252e-04
   1.3558584e-04
   1.3557910e-04
   1.3557241e-04
   1.3556569e-04
   1.3555901e-04
   1.3555231e-04
   1.3554565e-04
   1.3553897e-04
   1.3553233e-04
   1.3552566e-04
   1.3551903e-04
   1.3551239e-04
   1.3550577e-04
   1.3549915e-04
   1.3549255e-04
   1.3548593e-04
   1.3547935e-04
   1.3547275e-04
   1.3546618e-04
   1.3545960e-04
   1.3545304e-04
   1.3544647e-04
   1.3543993e-04
   1.3543338e-04
   1.3542685e-04
   1.3542031e-04
   1.3541379e-04
   1.3540727e-04
   1.3540077e-04
   1.3539426e-04
   1.3538777e-04
   1.3538127e-04
   1.3537479e-04
   1.3536831e-04
   1.3536185e-04
   1.3535538e-04
   1.3534893e-04
   1.3534248e-04
   1.3533603e-04
   1.3532959e-04
   1.3532311e-04
   1.3531667e-04
   1.3531020e-04
   1.3530377e-04
   1.3529733e-04
   1.3529091e-04
   1.3528448e-04
   1.3527809e-04
   1.3527167e-04
   1.3526529e-04
   1.3525889e-04
   1.3525252e-04
   1.3524614e-04
   1.3523979e-04
   1.3523342e-04
   1.3522708e-04
   1.3522073e-04
   1.3521440e-04
   1.3520807e-04
   1.3520175e-04
   1.3519543e-04
   1.3518913e-04
   1.3518282e-04
   1.3517653e-04
   1.3517024e-04
   1.3516396e-04
   1.3515768e-04
   1.3515142e-04
   1.3514515e-04
   1.3513890e-04
   1.3513265e-04
   1.3512641e-04
   1.3512017e-04
   1.3511394e-04
   1.3510771e-04
   1.3510150e-04
   1.3509529e-04
   1.3508908e-04
   1.3508288e-04
   1.3507664e-04
   1.3507043e-04
   1.3506421e-04
   1.3505801e-04
   1.3505180e-04
   1.3504563e-04
   1.3503943e-04
   1.3503327e-04
   1.3502710e-04
   1.3502095e-04
   1.3501479e-04
   1.3500865e-04
   1.3500251e-04
   1.3499639e-04
   1.3499025e-04
   1.3498415e-04
   1.3497803e-04
   1.3497193e-04
   1.3496583e-04
   1.3495975e-04
   1.3495366e-04
   1.3494759e-04
   1.3494151e-04
   1.3493545e-04
   1.3492939e-04
   1.3492335e-04
   1.3491730e-04
   1.3491126e-04
   1.3490522e-04
   1.3489920e-04
   1.3489318e-04
   1.3488717e-04
   1.3488116e-04
   1.3487516e-04
   1.3486916e-04
   1.3486317e-04
   1.3485718e-04
   1.3485121e-04
   1.3484523e-04
   1.3483922e-04
   1.3483324e-04
   1.3482724e-04
   1.3482127e-04
   1.3481529e-04
   1.3480934e-04
   1.3480337e-04
   1.3479743e-04
   1.3479148e-04
   1.3478556e-04
   1.3477962e-04
   1.3477371e-04
   1.3476779e-04
   1.3476189e-04
   1.3475598e-04
   1.3475010e-04
   1.3474420e-04
   1.3473833e-04
   1.3473245e-04
   1.3472659e-04
   1.3472072e-04
   1.3471487e-04
   1.3470901e-04
   1.3470318e-04
   1.3469733e-04
   1.3469151e-04
   1.3468568e-04
   1.3467986e-04
   1.3467404e-04
   1.3466824e-04
   1.3466243e-04
   1.3465664e-04
   1.3465085e-04
   1.3464506e-04
   1.3463928e-04
   1.3463351e-04
   1.3462774e-04
   1.3462198e-04
   1.3461622e-04
   1.3461043e-04
   1.3460466e-04
   1.3459888e-04
   1.3459313e-04
   1.3458736e-04
   1.3458162e-04
   1.3457587e-04
   1.3457015e-04
   1.3456441e-04
   1.3455870e-04
   1.3455298e-04
   1.3454728e-04
   1.3454156e-04
   1.3453587e-04
   1.3453020e-04
   1.3452450e-04
   1.3451882e-04
   1.3451317e-04
   1.3450750e-04
   1.3450184e-04
   1.3449636e-04
   1.5285003e-04
   1.7215851e-04
   1.9271948e-04
   2.1480744e-04
   2.3867365e-04
   2.6455565e-04
   2.9268031e-04
   3.2327049e-04
   3.5654728e-04
   3.9273455e-04
   4.3206041e-04
   4.7476172e-04
   5.2108662e-04
   5.7130042e-04
   6.2569140e-04
   6.8457784e-04
   7.4832209e-04
   8.1734473e-04
   8.9215442e-04
   9.7338425e-04
   1.0618458e-03
   1.1586261e-03
   1.2652341e-03
   1.3838467e-03
   1.5177553e-03
   1.6721920e-03
   1.8560210e-03
   2.0854656e-03
   2.3931885e-03
   2.8531121e-03
   3.6596821e-03
   5.4715417e-03
   1.0718815e-02
   5.0170717e-02
   1.4503714e-01
   2.6355334e-01
   3.8130896e-01
   4.8834188e-01
   5.8209447e-01
   6.6268143e-01
   7.3107355e-01
   7.8844991e-01
   8.3602119e-01
   8.7495432e-01
   9.0636321e-01
   9.3128434e-01
   9.5067912e-01
   9.6542796e-01
   9.7632717e-01
   9.8409312e-01
   9.8208428e-01
   9.7750912e-01
   9.7137548e-01
   9.6447630e-01
   9.5742683e-01
   9.5069793e-01
   9.4464261e-01
   9.3951724e-01
   9.3550195e-01
   9.3271558e-01
   9.3122850e-01
   9.3107421e-01
   9.3225572e-01
   9.3475402e-01
   9.3853349e-01
   9.4354619e-01
   9.4973524e-01
   9.5703843e-01
   9.6538955e-01
   9.7472107e-01
   9.8496279e-01
   9.9604755e-01
   1.0079086e+00
   1.0204813e+00
   1.0337037e+00
   1.0475150e+00
   1.0618586e+00
   1.0766807e+00
   1.0919301e+00
   1.1075587e+00
   1.1235224e+00
   1.1397784e+00
   1.1562885e+00
   1.1730149e+00
   1.1899246e+00
   1.2069862e+00
   1.2241704e+00
   1.2414511e+00
   1.2588037e+00
   1.2762063e+00
   1.2936382e+00
   1.3110804e+00
   1.3285160e+00
   1.3459302e+00
   1.3633080e+00
   1.3806381e+00
   1.3979085e+00
   1.4151097e+00
   1.4322330e+00
   1.4492701e+00
   1.4662146e+00
   1.4830603e+00
   1.4998025e+00
   1.5164362e+00
   1.5329586e+00
   1.5493662e+00
   1.5656567e+00
   1.5818274e+00
   1.5978781e+00
   1.6138070e+00
   1.6296144e+00
   1.6452991e+00
   1.6608624e+00
   1.6763038e+00
   1.6916247e+00
   1.7068257e+00
   1.7219083e+00
   1.7368734e+00
   1.7517236e+00
   1.7664604e+00
   1.7810844e+00
   1.7955994e+00
   1.8100070e+00
   1.8243079e+00
   1.8385059e+00
   1.8526036e+00
   1.8666017e+00
   1.8805039e+00
   1.8943113e+00
   1.9080274e+00
   1.9216541e+00
   1.9351939e+00
   1.9486499e+00
   1.9620233e+00
   1.9753160e+00
   1.9885312e+00
   2.0016716e+00
   2.0147386e+00
   2.0277344e+00
   2.0406612e+00
   2.0535221e+00
   2.0663184e+00
   2.0790522e+00
   2.0917256e+00
   2.1043400e+00
   2.1168971e+00
   2.1293994e+00
   2.1418485e+00
   2.1542468e+00
   2.1665942e+00
   2.1788936e+00
   2.1911467e+00
   2.2033548e+00
   2.2155200e+00
   2.2276425e+00
   2.2397244e+00
   2.2517669e+00
   2.2637723e+00
   2.2757406e+00
   2.2876721e+00
   2.2995695e+00
   2.3114335e+00
   2.3232655e+00
   2.3350660e+00
   2.3468366e+00
   2.3585791e+00
   2.3702932e+00
   2.3819799e+00
   2.3936402e+00
   2.4052748e+00
   2.4168839e+00
   2.4284689e+00
   2.4400308e+00
   2.4515699e+00
   2.4630873e+00
   2.4745839e+00
   2.4860602e+00
   2.4975170e+00
   2.5089542e+00
   2.5203732e+00
   2.5317740e+00
   2.5431577e+00
   2.5545239e+00
   2.5658740e+00
   2.5772075e+00
   2.5885254e+00
   2.5998286e+00
   2.6111174e+00
   2.6223923e+00
   2.6336536e+00
   2.6449022e+00
   2.6561380e+00
   2.6673613e+00
   2.6785726e+00
   2.6897719e+00
   2.7009607e+00
   2.7121384e+00
   2.7233055e+00
   2.7344623e+00
   2.7456109e+00
   2.7567506e+00
   2.7678807e+00
   2.7790025e+00
   2.7901165e+00
   2.8012232e+00
   2.8123219e+00
   2.8234143e+00
   2.8345008e+00
   2.8455807e+00
   2.8566547e+00
   2.8677233e+00
   2.8787868e+00
   2.8898461e+00
   2.9009016e+00
   2.9119516e+00
   2.9230001e+00
   2.9340464e+00
   2.9450901e+00
   2.9561313e+00
   2.9671722e+00
   2.9782128e+00
   2.9892527e+00
   3.0002931e+00
   3.0113337e+00
   3.0223753e+00
   3.0334191e+00
   3.0444653e+00
   3.0555142e+00
   3.0665693e+00
   3.0776274e+00
   3.0886899e+00
   3.0997586e+00
   3.1108340e+00
   3.1219173e+00
   3.1330078e+00
   3.1441066e+00
   3.1552156e+00
   3.1663354e+00
   3.1774657e+00
   3.1886082e+00
   3.1997634e+00
   3.2109326e+00
   3.2221161e+00
   3.2333151e+00
   3.2445298e+00
   3.2557619e+00
   3.2670124e+00
   3.2782823e+00
   3.2895721e+00
   3.3008826e+00
   3.3122149e+00
   3.3235683e+00
   3.3349451e+00
   3.3463460e+00
   3.3577700e+00
   3.3692182e+00
   3.3806914e+00
   3.3921909e+00
   3.4037156e+00
   3.4152643e+00
   3.4268390e+00
   3.4384384e+00
   3.4500616e+00
   3.4617083e+00
   3.4733776e+00
   3.4850679e+00
   3.4967796e+00
   3.5085110e+00
   3.5202598e+00
   3.5320239e+00
   3.5438041e+00
   3.5555963e+00
   3.5674002e+00
   3.5792138e+00
   3.5910333e+00
   3.6028576e+00
   3.6146850e+00
   3.6265127e+00
   3.6383388e+00
   3.6501624e+00
   3.6619807e+00
   3.6737914e+00
   3.6855923e+00
   3.6973813e+00
   3.7091572e+00
   3.7209180e+00
   3.7326615e+00
   3.7443869e+00
   3.7560923e+00
   3.7677754e+00
   3.7794334e+00
   3.7910676e+00
   3.8026776e+00
   3.8142609e+00
   3.8258152e+00
   3.8373396e+00
   3.8488344e+00
   3.8602979e+00
   3.8717300e+00
   3.8831288e+00
   3.8944938e+00
   3.9058281e+00
   3.9171260e+00
   3.9283884e+00
   3.9396157e+00
   3.9508092e+00
   3.9619662e+00
   3.9730888e+00
   3.9841734e+00
   3.9952237e+00
   4.0062355e+00
   4.0172108e+00
   4.0281489e+00
   4.0390507e+00
   4.0499177e+00
   4.0607468e+00
   4.0715383e+00
   4.0822941e+00
   4.0930143e+00
   4.1036985e+00
   4.1143463e+00
   4.1249578e+00
   4.1355333e+00
   4.1460736e+00
   4.1565783e+00
   4.1670475e+00
   4.1774819e+00
   4.1878812e+00
   4.1982458e+00
   4.2085766e+00
   4.2188731e+00
   4.2291348e+00
   4.2393629e+00
   4.2495583e+00
   4.2597213e+00
   4.2698493e+00
   4.2799426e+00
   4.2900023e+00
   4.3000324e+00
   4.3100287e+00
   4.3199923e+00
   4.3299255e+00
   4.3398260e+00
   4.3496954e+00
   4.3595327e+00
   4.3693397e+00
   4.3791157e+00
   4.3888630e+00
   4.3985783e+00
   4.4082639e+00
   4.4179187e+00
   4.4275443e+00
   4.4371393e+00
   4.4467055e+00
   4.4562415e+00
   4.4657495e+00
   4.4752305e+00
   4.4846816e+00
   4.4941033e+00
   4.5034970e+00
   4.5128626e+00
   4.5222001e+00
   4.5315108e+00
   4.5407929e+00
   4.5500486e+00
   4.5592790e+00
   4.5684802e+00
   4.5776547e+00
   4.5868027e+00
   4.5959237e+00
   4.6050182e+00
   4.6140870e+00
   4.6231297e+00
   4.6321481e+00
   4.6411398e+00
   4.6501056e+00
   4.6590470e+00
   4.6679617e+00
   4.6768527e+00
   4.6857169e+00
   4.6945568e+00
   4.7033727e+00
   4.7121642e+00
   4.7209304e+00
   4.7296735e+00
   4.7383932e+00
   4.7470896e+00
   4.7557612e+00
   4.7644086e+00
   4.7730326e+00
   4.7816337e+00
   4.7902121e+00
   4.7987673e+00
   4.8072993e+00
   4.8158087e+00
   4.8242955e+00
   4.8327620e+00
   4.8412043e+00
   4.8496239e+00
   4.8580246e+00
   4.8664017e+00
   4.8747559e+00
   4.8830896e+00
   4.8914013e+00
   4.8996920e+00
   4.9079610e+00
   4.9162092e+00
   4.9244357e+00
   4.9326416e+00
   4.9408268e+00
   4.9489929e+00
   4.9571376e+00
   4.9652613e+00
   4.9733676e+00
   4.9814525e+00
   4.9895166e+00
   4.9975625e+00
   5.0055882e+00
   5.0135938e+00
   5.0215785e+00
   5.0295455e+00
   5.0374929e+00
   5.0454250e+00
   5.0533342e+00
   5.0612261e+00
   5.0690985e+00
   5.0769500e+00
   5.0847845e+00
   5.0926018e+00
   5.1004022e+00
   5.1081818e+00
   5.1159433e+00
   5.1236906e+00
   5.1314171e+00
   5.1391268e+00
   5.1468177e+00
   5.1544896e+00
   5.1621480e+00
   5.1697872e+00
   5.1774074e+00
   5.1850107e+00
   5.1925966e+00
   5.2001705e+00
   5.2077240e+00
   5.2152595e+00
   5.2227813e+00
   5.2302852e+00
   5.2377729e+00
   5.2452444e+00
   5.2526988e+00
   5.2601356e+00
   5.2675589e+00
   5.2749654e+00
   5.2823582e+00
   5.2897324e+00
   5.2970919e+00
   5.3044341e+00
   5.3117618e+00
   5.3190730e+00
   5.3263704e+00
   5.3336521e+00
   5.3409184e+00
   5.3481709e+00
   5.3554089e+00
   5.3626306e+00
   5.3698379e+00
   5.3770293e+00
   5.3842074e+00
   5.3913712e+00
   5.3985183e+00
   5.4056528e+00
   5.4127733e+00
   5.4198788e+00
   5.4269705e+00
   5.4340480e+00
   5.4411127e+00
   5.4481624e+00
   5.4551982e+00
   5.4622199e+00
   5.4692283e+00
   5.4762216e+00
   5.4832008e+00
   5.4901687e+00
   5.4971221e+00
   5.5040622e+00
   5.5109882e+00
   5.5179009e+00
   5.5247988e+00
   5.5316843e+00
   5.5385584e+00
   5.5454198e+00
   5.5522675e+00
   5.5591037e+00
   5.5659250e+00
   5.5727364e+00
   5.5795323e+00
   5.5863186e+00
   5.5930893e+00
   5.5998506e+00
   5.6065962e+00
   5.6133325e+00
   5.6200532e+00
   5.6267648e+00
   5.6334609e+00
   5.6401477e+00
   5.6468238e+00
   5.6534847e+00
   5.6601331e+00
   5.6667709e+00
   5.6733986e+00
   5.6800116e+00
   5.6866135e+00
   5.6932041e+00
   5.6997817e+00
   5.7063500e+00
   5.7129060e+00
   5.7194488e+00
   5.7259805e+00
   5.7324998e+00
   5.7390091e+00
   5.7455084e+00
   5.7519943e+00
   5.7584706e+00
   5.7649358e+00
   5.7713887e+00
   5.7778308e+00
   5.7842613e+00
   5.7906825e+00
   5.7970925e+00
   5.8034902e+00
   5.8098810e+00
   5.8162585e+00
   5.8226253e+00
   5.8289813e+00
   5.8353266e+00
   5.8416610e+00
   5.8479844e+00
   5.8543003e+00
   5.8606040e+00
   5.8668963e+00
   5.8731778e+00
   5.8794491e+00
   5.8857104e+00
   5.8919606e+00
   5.8982022e+00
   5.9044325e+00
   5.9106519e+00
   5.9168630e+00
   5.9230634e+00
   5.9292543e+00
   5.9354350e+00
   5.9416085e+00
   5.9477680e+00
   5.9539194e+00
   5.9600611e+00
   5.9661929e+00
   5.9723163e+00
   5.9784282e+00
   5.9845312e+00
   5.9906235e+00
   5.9967078e+00
   6.0027819e+00
   6.0088484e+00
   6.0149031e+00
   6.0209473e+00
   6.0269835e+00
   6.0330104e+00
   6.0390303e+00
   6.0450386e+00
   6.0510366e+00
   6.0570252e+00
   6.0630070e+00
   6.0689780e+00
   6.0749390e+00
   6.0808909e+00
   6.0868365e+00
   6.0927716e+00
   6.0986969e+00
   6.1046135e+00
   6.1105219e+00
   6.1164204e+00
   6.1223111e+00
   6.1281922e+00
   6.1340657e+00
   6.1399299e+00
   6.1457868e+00
   6.1516346e+00
   6.1574729e+00
   6.1633014e+00
   6.1691210e+00
   6.1749341e+00
   6.1807387e+00
   6.1865346e+00
   6.1923214e+00
   6.1980995e+00
   6.2038697e+00
   6.2096311e+00
   6.2153842e+00
   6.2211296e+00
   6.2268643e+00
   6.2325930e+00
   6.2383116e+00
   6.2440222e+00
   6.2497272e+00
   6.2554221e+00
   6.2611083e+00
   6.2667849e+00
   6.2724576e+00
   6.2781200e+00
   6.2837742e+00
   6.2894200e+00
   6.2950564e+00
   6.3006864e+00
   6.3063087e+00
   6.3119236e+00
   6.3175311e+00
   6.3231285e+00
   6.3287182e+00
   6.3343016e+00
   6.3398776e+00
   6.3454467e+00
   6.3510063e+00
   6.3565569e+00
   6.3621004e+00
   6.3676384e+00
   6.3731673e+00
   6.3786875e+00
   6.3842014e+00
   6.3897102e+00
   6.3952103e+00
   6.4007017e+00
   6.4061851e+00
   6.4116605e+00
   6.4171281e+00
   6.4225880e+00
   6.4280403e+00
   6.4334852e+00
   6.4389227e+00
   6.4443530e+00
   6.4497762e+00
   6.4551924e+00
   6.4606017e+00
   6.4660044e+00
   6.4714004e+00
   6.4767899e+00
   6.4821731e+00
   6.4875472e+00
   6.4929155e+00
   6.4982773e+00
   6.5036306e+00
   6.5089775e+00
   6.5143163e+00
   6.5196480e+00
   6.5249745e+00
   6.5302933e+00
   6.5356030e+00
   6.5409080e+00
   6.5462060e+00
   6.5514954e+00
   6.5567809e+00
   6.5620594e+00
   6.5673281e+00
   6.5725940e+00
   6.5778512e+00
   6.5831002e+00
   6.5883404e+00
   6.5935799e+00
   6.5988083e+00
   6.6040280e+00
   6.6092414e+00
   6.6144498e+00
   6.6196497e+00
   6.6248436e+00
   6.6300328e+00
   6.6352140e+00
   6.6403899e+00
   6.6455611e+00
   6.6507223e+00
   6.6558783e+00
   6.6610272e+00
   6.6661697e+00
   6.6713072e+00
   6.6764385e+00
   6.6815613e+00
   6.6866790e+00
   6.6917902e+00
   6.6968972e+00
   6.7019962e+00
   6.7070898e+00
   6.7121751e+00
   6.7172548e+00
   6.7223268e+00
   6.7273950e+00
   6.7324549e+00
   6.7375110e+00
   6.7425588e+00
   6.7476011e+00
   6.7526368e+00
   6.7576669e+00
   6.7626891e+00
   6.7677075e+00
   6.7727183e+00
   6.7777245e+00
   6.7827223e+00
   6.7877155e+00
   6.7927018e+00
   6.7976837e+00
   6.8026576e+00
   6.8076276e+00
   6.8125902e+00
   6.8175495e+00
   6.8225001e+00
   6.8274475e+00
   6.8323864e+00
   6.8373197e+00
   6.8422451e+00
   6.8471667e+00
   6.8520803e+00
   6.8569924e+00
   6.8618959e+00
   6.8667942e+00
   6.8716853e+00
   6.8765728e+00
   6.8814527e+00
   6.8863286e+00
   6.8911969e+00
   6.8960613e+00
   6.9009182e+00
   6.9057717e+00
   6.9106173e+00
   6.9154591e+00
   6.9202933e+00
   6.9251240e+00
   6.9299474e+00
   6.9347676e+00
   6.9395798e+00
   6.9443878e+00
   6.9491880e+00
   6.9539853e+00
   6.9587752e+00
   6.9635597e+00
   6.9683384e+00
   6.9731124e+00
   6.9778804e+00
   6.9826434e+00
   6.9874034e+00
   6.9921563e+00
   6.9969043e+00
   7.0016449e+00
   7.0063790e+00
   7.0111097e+00
   7.0158344e+00
   7.0205532e+00
   7.0252683e+00
   7.0299769e+00
   7.0346807e+00
   7.0393820e+00
   7.0440783e+00
   7.0487669e+00
   7.0534494e+00
   7.0581276e+00
   7.0627996e+00
   7.0674647e+00
   7.0721254e+00
   7.0767806e+00
   7.0814318e+00
   7.0860790e+00
   7.0907193e+00
   7.0953555e+00
   7.0999849e+00
   7.1046099e+00
   7.1092289e+00
   7.1138442e+00
   7.1184535e+00
   7.1230572e+00
   7.1276552e+00
   7.1322513e+00
   7.1368426e+00
   7.1414265e+00
   7.1460045e+00
   7.1505778e+00
   7.1551454e+00
   7.1597091e+00
   7.1642675e+00
   7.1688231e+00
   7.1733731e+00
   7.1779186e+00
   7.1824595e+00
   7.1869940e+00
   7.1915240e+00
   7.1960494e+00
   7.2005692e+00
   7.2050827e+00
   7.2095923e+00
   7.2140967e+00
   7.2185960e+00
   7.2230908e+00
   7.2275811e+00
   7.2320671e+00
   7.2365464e+00
   7.2410209e+00
   7.2454917e+00
   7.2499565e+00
   7.2544170e+00
   7.2588747e+00
   7.2633265e+00
   7.2677722e+00
   7.2722137e+00
   7.2766511e+00
   7.2810827e+00
   7.2855095e+00
   7.2899337e+00
   7.2943545e+00
   7.2987675e+00
   7.3031754e+00
   7.3075792e+00
   7.3119782e+00
   7.3163720e+00
   7.3207609e+00
   7.3251451e+00
   7.3295246e+00
   7.3338997e+00
   7.3382705e+00
   7.3426372e+00
   7.3470000e+00
   7.3513590e+00
   7.3557114e+00
   7.3600593e+00
   7.3644055e+00
   7.3687446e+00
   7.3730778e+00
   7.3774090e+00
   7.3817347e+00
   7.3860549e+00
   7.3903706e+00
   7.3946818e+00
   7.3989888e+00
   7.4032919e+00
   7.4075912e+00
   7.4118840e+00
   7.4161717e+00
   7.4204552e+00
   7.4247362e+00
   7.4290115e+00
   7.4332823e+00
   7.4375503e+00
   7.4418129e+00
   7.4460717e+00
   7.4503250e+00
   7.4545748e+00
   7.4588195e+00
   7.4630584e+00
   7.4672927e+00
   7.4715231e+00
   7.4757508e+00
   7.4799746e+00
   7.4841927e+00
   7.4884050e+00
   7.4926141e+00
   7.4968176e+00
   7.5010190e+00
   7.5052149e+00
   7.5094056e+00
   7.5135912e+00
   7.5177746e+00
   7.5219527e+00
   7.5261269e+00
   7.5302962e+00
   7.5344620e+00
   7.5386231e+00
   7.5427784e+00
   7.5469296e+00
   7.5510772e+00
   7.5552213e+00
   7.5593622e+00
   7.5634969e+00
   7.5676275e+00
   7.5717523e+00
   7.5758756e+00
   7.5799929e+00
   7.5841078e+00
   7.5882178e+00
   7.5923222e+00
   7.5964259e+00
   7.6005233e+00
   7.6046171e+00
   7.6087054e+00
   7.6127895e+00
   7.6168689e+00
   7.6209439e+00
   7.6250149e+00
   7.6290817e+00
   7.6331446e+00
   7.6372041e+00
   7.6412594e+00
   7.6453087e+00
   7.6493540e+00
   7.6533964e+00
   7.6574330e+00
   7.6614662e+00
   7.6654969e+00
   7.6695219e+00
   7.6735419e+00
   7.6775589e+00
   7.6815711e+00
   7.6855800e+00
   7.6895838e+00
   7.6935821e+00
   7.6975786e+00
   7.7015704e+00
   7.7055569e+00
   7.7095391e+00
   7.7135172e+00
   7.7174913e+00
   7.7214616e+00
   7.7254284e+00
   7.7293916e+00
   7.7333515e+00
   7.7373083e+00
   7.7412622e+00
   7.7452092e+00
   7.7491512e+00
   7.7530900e+00
   7.7570241e+00
   7.7609550e+00
   7.7648790e+00
   7.7688026e+00
   7.7727220e+00
   7.7766378e+00
   7.7805496e+00
   7.7844554e+00
   7.7883551e+00
   7.7922524e+00
   7.7961463e+00
   7.8000391e+00
   7.8039265e+00
   7.8078067e+00
   7.8116831e+00
   7.8155546e+00
   7.8194254e+00
   7.8232941e+00
   7.8271576e+00
   7.8310145e+00
   7.8348687e+00
   7.8387167e+00
   7.8425622e+00
   7.8464018e+00
   7.8502394e+00
   7.8540714e+00
   7.8579017e+00
   7.8617270e+00
   7.8655508e+00
   7.8693665e+00
   7.8731787e+00
   7.8769901e+00
   7.8807949e+00
   7.8845982e+00
   7.8883948e+00
   7.8921899e+00
   7.8959786e+00
   7.8997620e+00
   7.9035405e+00
   7.9073204e+00
   7.9110928e+00
   7.9148630e+00
   7.9186269e+00
   7.9223885e+00
   7.9261443e+00
   7.9298983e+00
   7.9336465e+00
   7.9373937e+00
   7.9411350e+00
   7.9448714e+00
   7.9486036e+00
   7.9523304e+00
   7.9560561e+00
   7.9597777e+00
   7.9634950e+00
   7.9672088e+00
   7.9709177e+00
   7.9746228e+00
   7.9783248e+00
   7.9820225e+00
   7.9857170e+00
   7.9894086e+00
   7.9930921e+00
   7.9967706e+00
   8.0004468e+00
   8.0041209e+00
   8.0077923e+00
   8.0114586e+00
   8.0151207e+00
   8.0187772e+00
   8.0224306e+00
   8.0260784e+00
   8.0297235e+00
   8.0333633e+00
   8.0370008e+00
   8.0406334e+00
   8.0442638e+00
   8.0478901e+00
   8.0515140e+00
   8.0551319e+00
   8.0587463e+00
   8.0623549e+00
   8.0659616e+00
   8.0695629e+00
   8.0731613e+00
   8.0767546e+00
   8.0803468e+00
   8.0839324e+00
   8.0875157e+00
   8.0910930e+00
   8.0946699e+00
   8.0982388e+00
   8.1018056e+00
   8.1053661e+00
   8.1089271e+00
   8.1124805e+00
   8.1160282e+00
   8.1195765e+00
   8.1231185e+00
   8.1266574e+00
   8.1301905e+00
   8.1337178e+00
   8.1372433e+00
   8.1407640e+00
   8.1442839e+00
   8.1477985e+00
   8.1513090e+00
   8.1548174e+00
   8.1583186e+00
   8.1618159e+00
   8.1653100e+00
   8.1688028e+00
   8.1722891e+00
   8.1757697e+00
   8.1792499e+00
   8.1827242e+00
   8.1861932e+00
   8.1896626e+00
   8.1931259e+00
   8.1965827e+00
   8.2000337e+00
   8.2034845e+00
   8.2069305e+00
   8.2103713e+00
   8.2138099e+00
   8.2172431e+00
   8.2206714e+00
   8.2240981e+00
   8.2275199e+00
   8.2309377e+00
   8.2343539e+00
   8.2377660e+00
   8.2411714e+00
   8.2445715e+00
   8.2479707e+00
   8.2513645e+00
   8.2547555e+00
   8.2581437e+00
   8.2615256e+00
   8.2649027e+00
   8.2682782e+00
   8.2716475e+00
   8.2750118e+00
   8.2783745e+00
   8.2817308e+00
   8.2850822e+00
   8.2884337e+00
   8.2917795e+00
   8.2951204e+00
   8.2984591e+00
   8.3017928e+00
   8.3051201e+00
   8.3084462e+00
   8.3117677e+00
   8.3150834e+00
   8.3183973e+00
   8.3217053e+00
   8.3250087e+00
   8.3283080e+00
   8.3316063e+00
   8.3348981e+00
   8.3381847e+00
   8.3414704e+00
   8.3447500e+00
   8.3480249e+00
   8.3512994e+00
   8.3545681e+00
   8.3578317e+00
   8.3610915e+00
   8.3643468e+00
   8.3675971e+00
   8.3708441e+00
   8.3740872e+00
   8.3773257e+00
   8.3805602e+00
   8.3837904e+00
   8.3870170e+00
   8.3902397e+00
   8.3934590e+00
   8.3966734e+00
   8.3998840e+00
   8.4030904e+00
   8.4062951e+00
   8.4094959e+00
   8.4126917e+00
   8.4158822e+00
   8.4190696e+00
   8.4222527e+00
   8.4254307e+00
   8.4286059e+00
   8.4317776e+00
   8.4349433e+00
   8.4381061e+00
   8.4412625e+00
   8.4444145e+00
   8.4475638e+00
   8.4507103e+00
   8.4538500e+00
   8.4569836e+00
   8.4601180e+00
   8.4632456e+00
   8.4663716e+00
   8.4694922e+00
   8.4726059e+00
   8.4757181e+00
   8.4788257e+00
   8.4819268e+00
   8.4850271e+00
   8.4881201e+00
   8.4912078e+00
   8.4942916e+00
   8.4973715e+00
   8.5004477e+00
   8.5035206e+00
   8.5065902e+00
   8.5096538e+00
   8.5127137e+00
   8.5157695e+00
   8.5188217e+00
   8.5218706e+00
   8.5249123e+00
   8.5279501e+00
   8.5309840e+00
   8.5340156e+00
   8.5370405e+00
   8.5400602e+00
   8.5430773e+00
   8.5460896e+00
   8.5490982e+00
   8.5521032e+00
   8.5551027e+00
   8.5580959e+00
   8.5610842e+00
   8.5640717e+00
   8.5670551e+00
   8.5700338e+00
   8.5730084e+00
   8.5759790e+00
   8.5789456e+00
   8.5819066e+00
   8.5848617e+00
   8.5878121e+00
   8.5907576e+00
   8.5937002e+00
   8.5966400e+00
   8.5995772e+00
   8.6025072e+00
   8.6054328e+00
   8.6083535e+00
   8.6112707e+00
   8.6141826e+00
   8.6170900e+00
   8.6199934e+00
   8.6228943e+00
   8.6257897e+00
   8.6286794e+00
   8.6315658e+00
   8.6344487e+00
   8.6373262e+00
   8.6401984e+00
   8.6430687e+00
   8.6459320e+00
   8.6487897e+00
   8.6516457e+00
   8.6544958e+00
   8.6573405e+00
   8.6601815e+00
   8.6630176e+00
   8.6658509e+00
   8.6686810e+00
   8.6715049e+00
   8.6743259e+00
   8.6771428e+00
   8.6799531e+00
   8.6827588e+00
   8.6855594e+00
   8.6883574e+00
   8.6911497e+00
   8.6939388e+00
   8.6967218e+00
   8.6995016e+00
   8.7022756e+00
   8.7050472e+00
   8.7078130e+00
   8.7105736e+00
   8.7133300e+00
   8.7160803e+00
   8.7188264e+00
   8.7215678e+00
   8.7243041e+00
   8.7270360e+00
   8.7297632e+00
   8.7324862e+00
   8.7352051e+00
   8.7379200e+00
   8.7406315e+00
   8.7433391e+00
   8.7460391e+00
   8.7487344e+00
   8.7514263e+00
   8.7541121e+00
   8.7567945e+00
   8.7594729e+00
   8.7621480e+00
   8.7648155e+00
   8.7674793e+00
   8.7701378e+00
   8.7727935e+00
   8.7754428e+00
   8.7780871e+00
   8.7807243e+00
   8.7833596e+00
   8.7859909e+00
   8.7886175e+00
   8.7912417e+00
   8.7938600e+00
   8.7964721e+00
   8.7990784e+00
   8.8016790e+00
   8.8042780e+00
   8.8068705e+00
   8.8094608e+00
   8.8120432e+00
   8.8146209e+00
   8.8171949e+00
   8.8197619e+00
   8.8223248e+00
   8.8248833e+00
   8.8274377e+00
   8.8299881e+00
   8.8325347e+00
   8.8350741e+00
   8.8376086e+00
   8.8401396e+00
   8.8426635e+00
   8.8451848e+00
   8.8477026e+00
   8.8502146e+00
   8.8527217e+00
   8.8552243e+00
   8.8577193e+00
   8.8602098e+00
   8.8626970e+00
   8.8651783e+00
   8.8676562e+00
   8.8701267e+00
   8.8725930e+00
   8.8750565e+00
   8.8775137e+00
   8.8799661e+00
   8.8824143e+00
   8.8848575e+00
   8.8872963e+00
   8.8897294e+00
   8.8921577e+00
   8.8945791e+00
   8.8969998e+00
   8.8994123e+00
   8.9018193e+00
   8.9042213e+00
   8.9066186e+00
   8.9090117e+00
   8.9113988e+00
   8.9137829e+00
   8.9161601e+00
   8.9185314e+00
   8.9208989e+00
   8.9232618e+00
   8.9256188e+00
   8.9279704e+00
   8.9303166e+00
   8.9326577e+00
   8.9349939e+00
   8.9373252e+00
   8.9396520e+00
   8.9419744e+00
   8.9442926e+00
   8.9466069e+00
   8.9489138e+00
   8.9512150e+00
   8.9535107e+00
   8.9558037e+00
   8.9580903e+00
   8.9603713e+00
   8.9626509e+00
   8.9649218e+00
   8.9671877e+00
   8.9694493e+00
   8.9717069e+00
   8.9739579e+00
   8.9762018e+00
   8.9784427e+00
   8.9806788e+00
   8.9829086e+00
   8.9851354e+00
   8.9873547e+00
   8.9895682e+00
   8.9917759e+00
   8.9939825e+00
   8.9961817e+00
   8.9983746e+00
   9.0005633e+00
   9.0027462e+00
   9.0049228e+00
   9.0070947e+00
   9.0092608e+00
   9.0114225e+00
   9.0135791e+00
   9.0157300e+00
   9.0178750e+00
   9.0200144e+00
   9.0221512e+00
   9.0242821e+00
   9.0264073e+00
   9.0285265e+00
   9.0306383e+00
   9.0327455e+00
   9.0348467e+00
   9.0369443e+00
   9.0390373e+00
   9.0411236e+00
   9.0432050e+00
   9.0452800e+00
   9.0473505e+00
   9.0494152e+00
   9.0514758e+00
   9.0535309e+00
   9.0555827e+00
   9.0576253e+00
   9.0596627e+00
   9.0616942e+00
   9.0637215e+00
   9.0657446e+00
   9.0677609e+00
   9.0697720e+00
   9.0717782e+00
   9.0737766e+00
   9.0757709e+00
   9.0777577e+00
   9.0797409e+00
   9.0817169e+00
   9.0836898e+00
   9.0856562e+00
   9.0876195e+00
   9.0895751e+00
   9.0915264e+00
   9.0934705e+00
   9.0954115e+00
   9.0973443e+00
   9.0992704e+00
   9.1011910e+00
   9.1031091e+00
   9.1050201e+00
   9.1069252e+00
   9.1088238e+00
   9.1107191e+00
   9.1126076e+00
   9.1144891e+00
   9.1163653e+00
   9.1182351e+00
   9.1201016e+00
   9.1219603e+00
   9.1238118e+00
   9.1256609e+00
   9.1275056e+00
   9.1293451e+00
   9.1311769e+00
   9.1330036e+00
   9.1348234e+00
   9.1366388e+00
   9.1384477e+00
   9.1402495e+00
   9.1420438e+00
   9.1438343e+00
   9.1456216e+00
   9.1474011e+00
   9.1491726e+00
   9.1509380e+00
   9.1526976e+00
   9.1544516e+00
   9.1561998e+00
   9.1579453e+00
   9.1596842e+00
   9.1614168e+00
   9.1631440e+00
   9.1648653e+00
   9.1665776e+00
   9.1682868e+00
   9.1699911e+00
   9.1716898e+00
   9.1733816e+00
   9.1750675e+00
   9.1767451e+00
   9.1784189e+00
   9.1800869e+00
   9.1817462e+00
   9.1834027e+00
   9.1850533e+00
   9.1866976e+00
   9.1883341e+00
   9.1899665e+00
   9.1915898e+00
   9.1932109e+00
   9.1948262e+00
   9.1964356e+00
   9.1980378e+00
   9.1996338e+00
   9.2012213e+00
   9.2028052e+00
   9.2043837e+00
   9.2059554e+00
   9.2075207e+00
   9.2090802e+00
   9.2106343e+00
   9.2121820e+00
   9.2137231e+00
   9.2152577e+00
   9.2167865e+00
   9.2183090e+00
   9.2198228e+00
   9.2213311e+00
   9.2228326e+00
   9.2243282e+00
   9.2258175e+00
   9.2273012e+00
   9.2287790e+00
   9.2302518e+00
   9.2317172e+00
   9.2331786e+00
   9.2346323e+00
   9.2360795e+00
   9.2375224e+00
   9.2389589e+00
   9.2403876e+00
   9.2418094e+00
   9.2432280e+00
   9.2446369e+00
   9.2460423e+00
   9.2474380e+00
   9.2488306e+00
   9.2502140e+00
   9.2515948e+00
   9.2529657e+00
   9.2543327e+00
   9.2556918e+00
   9.2570486e+00
   9.2583947e+00
   9.2597378e+00
   9.2610749e+00
   9.2624036e+00
   9.2637247e+00
   9.2650380e+00
   9.2663469e+00
   9.2676492e+00
   9.2689433e+00
   9.2702353e+00
   9.2715194e+00
   9.2727948e+00
   9.2740660e+00
   9.2753287e+00
   9.2765839e+00
   9.2778326e+00
   9.2790746e+00
   9.2803129e+00
   9.2815430e+00
   9.2827681e+00
   9.2839863e+00
   9.2851959e+00
   9.2863985e+00
   9.2875967e+00
   9.2887870e+00
   9.2899716e+00
   9.2911491e+00
   9.2923185e+00
   9.2934830e+00
   9.2946399e+00
   9.2957905e+00
   9.2969340e+00
   9.2980714e+00
   9.2992034e+00
   9.3003267e+00
   9.3014418e+00
   9.3025522e+00
   9.3036550e+00
   9.3047504e+00
   9.3058427e+00
   9.3069278e+00
   9.3080034e+00
   9.3090729e+00
   9.3101348e+00
   9.3111890e+00
   9.3122388e+00
   9.3132790e+00
   9.3143124e+00
   9.3153421e+00
   9.3163628e+00
   9.3173752e+00
   9.3183810e+00
   9.3193850e+00
   9.3203773e+00
   9.3213652e+00
   9.3223452e+00
   9.3233159e+00
   9.3242809e+00
   9.3252396e+00
   9.3261901e+00
   9.3271347e+00
   9.3280728e+00
   9.3290047e+00
   9.3299307e+00
   9.3308466e+00
   9.3317557e+00
   9.3326575e+00
   9.3335518e+00
   9.3344429e+00
   9.3353245e+00
   9.3362001e+00
   9.3370678e+00
   9.3379274e+00
   9.3387817e+00
   9.3396268e+00
   9.3404654e+00
   9.3412970e+00
   9.3421205e+00
   9.3429413e+00
   9.3437509e+00
   9.3445518e+00
   9.3453469e+00
   9.3461343e+00
   9.3469161e+00
   9.3476877e+00
   9.3484533e+00
   9.3492115e+00
   9.3499626e+00
   9.3507067e+00
   9.3514443e+00
   9.3521741e+00
   9.3528995e+00
   9.3536139e+00
   9.3543203e+00
   9.3550190e+00
   9.3557122e+00
   9.3563971e+00
   9.3570738e+00
   9.3577430e+00
   9.3584049e+00
   9.3590599e+00
   9.3597085e+00
   9.3603479e+00
   9.3609800e+00
   9.3616072e+00
   9.3622296e+00
   9.3628419e+00
   9.3634456e+00
   9.3640410e+00
   9.3646243e+00
   9.3652038e+00
   9.3657733e+00
   9.3663373e+00
   9.3668912e+00
   9.3674404e+00
   9.3679788e+00
   9.3685127e+00
   9.3690377e+00
   9.3695562e+00
   9.3700644e+00
   9.3705671e+00
   9.3710587e+00
   9.3715422e+00
   9.3720186e+00
   9.3724899e+00
   9.3729515e+00
   9.3734086e+00
   9.3738541e+00
   9.3742945e+00
   9.3747299e+00
   9.3751554e+00
   9.3755703e+00
   9.3759749e+00
   9.3763719e+00
   9.3767634e+00
   9.3771448e+00
   9.3775218e+00
   9.3778923e+00
   9.3782528e+00
   9.3786065e+00
   9.3789510e+00
   9.3792859e+00
   9.3796162e+00
   9.3799347e+00
   9.3802441e+00
   9.3805500e+00
   9.3808477e+00
   9.3811334e+00
   9.3814118e+00
   9.3816789e+00
   9.3819368e+00
   9.3821887e+00
   9.3824368e+00
   9.3826729e+00
   9.3829008e+00
   9.3831171e+00
   9.3833297e+00
   9.3835357e+00
   9.3837298e+00
   9.3839136e+00
   9.3840902e+00
   9.3842601e+00
   9.3844185e+00
   9.3845674e+00
   9.3847070e+00
   9.3848373e+00
   9.3849588e+00
   9.3850714e+00
   9.3851754e+00
   9.3852710e+00
   9.3853583e+00
   9.3854375e+00
   9.3855087e+00
   9.3855722e+00
   9.3856279e+00
   9.3856762e+00
   9.3857127e+00
   9.3857394e+00
   9.3857560e+00
   9.3857677e+00
   9.3857714e+00
   9.3857634e+00
   9.3857497e+00
   9.3857266e+00
   9.3856943e+00
   9.3856535e+00
   9.3856032e+00
   9.3855436e+00
   9.3854722e+00
   9.3853928e+00
   9.3853008e+00
   9.3852011e+00
   9.3850949e+00
   9.3849824e+00
   9.3848581e+00
   9.3847215e+00
   9.3845774e+00
   9.3844272e+00
   9.3842694e+00
   9.3840976e+00
   9.3839166e+00
   9.3837257e+00
   9.3835248e+00
   9.3833148e+00
   9.3830948e+00
   9.3828640e+00
   9.3826233e+00
   9.3823756e+00
   9.3821189e+00
   9.3818491e+00
   9.3815693e+00
   9.3812776e+00
   9.3809791e+00
   9.3806705e+00
   9.3803496e+00
   9.3800230e+00
   9.3796859e+00
   9.3793382e+00
   9.3789790e+00
   9.3786118e+00
   9.3782319e+00
   9.3778447e+00
   9.3774519e+00
   9.3770459e+00
   9.3766308e+00
   9.3762025e+00
   9.3757607e+00
   9.3753116e+00
   9.3748506e+00
   9.3743818e+00
   9.3739011e+00
   9.3734120e+00
   9.3729118e+00
   9.3724011e+00
   9.3718807e+00
   9.3713500e+00
   9.3708086e+00
   9.3702544e+00
   9.3696922e+00
   9.3691171e+00
   9.3685325e+00
   9.3679389e+00
   9.3673309e+00
   9.3667115e+00
   9.3660806e+00
   9.3654403e+00
   9.3647868e+00
   9.3641248e+00
   9.3634523e+00
   9.3627660e+00
   9.3620720e+00
   9.3613635e+00
   9.3606462e+00
   9.3599159e+00
   9.3591780e+00
   9.3584256e+00
   9.3576598e+00
   9.3568870e+00
   9.3561008e+00
   9.3552997e+00
   9.3544878e+00
   9.3536625e+00
   9.3528287e+00
   9.3519820e+00
   9.3511251e+00
   9.3502575e+00
   9.3493756e+00
   9.3484821e+00
   9.3475791e+00
   9.3466611e+00
   9.3457331e+00
   9.3447920e+00
   9.3438377e+00
   9.3428696e+00
   9.3418903e+00
   9.3408965e+00
   9.3398881e+00
   9.3388733e+00
   9.3378441e+00
   9.3368051e+00
   9.3357510e+00
   9.3346834e+00
   9.3336038e+00
   9.3325169e+00
   9.3314157e+00
   9.3303008e+00
   9.3291689e+00
   9.3280252e+00
   9.3268661e+00
   9.3256967e+00
   9.3245149e+00
   9.3233186e+00
   9.3221067e+00
   9.3208805e+00
   9.3196427e+00
   9.3183899e+00
   9.3171256e+00
   9.3158470e+00
   9.3145579e+00
   9.3132533e+00
   9.3119315e+00
   9.3106011e+00
   9.3092535e+00
   9.3078914e+00
   9.3065170e+00
   9.3051259e+00
   9.3037186e+00
   9.3023055e+00
   9.3008723e+00
   9.2994260e+00
   9.2979678e+00
   9.2964902e+00
   9.2949987e+00
   9.2934893e+00
   9.2919675e+00
   9.2904315e+00
   9.2888780e+00
   9.2873099e+00
   9.2857288e+00
   9.2841323e+00
   9.2825217e+00
   9.2808949e+00
   9.2792510e+00
   9.2775899e+00
   9.2759144e+00
   9.2742242e+00
   9.2725205e+00
   9.2708005e+00
   9.2690618e+00
   9.2673114e+00
   9.2655421e+00
   9.2637561e+00
   9.2619586e+00
   9.2601409e+00
   9.2583063e+00
   9.2564529e+00
   9.2545854e+00
   9.2526987e+00
   9.2508015e+00
   9.2488841e+00
   9.2469474e+00
   9.2449973e+00
   9.2430293e+00
   9.2410456e+00
   9.2390446e+00
   9.2370242e+00
   9.2349849e+00
   9.2329271e+00
   9.2308517e+00
   9.2287599e+00
   9.2266529e+00
   9.2245259e+00
   9.2223791e+00
   9.2202168e+00
   9.2180368e+00
   9.2158388e+00
   9.2136222e+00
   9.2113882e+00
   9.2091323e+00
   9.2068571e+00
   9.2045614e+00
   9.2022525e+00
   9.1999202e+00
   9.1975691e+00
   9.1951960e+00
   9.1928059e+00
   9.1903964e+00
   9.1879678e+00
   9.1855262e+00
   9.1830590e+00
   9.1805718e+00
   9.1780634e+00
   9.1755331e+00
   9.1729848e+00
   9.1704192e+00
   9.1678317e+00
   9.1652251e+00
   9.1625952e+00
   9.1599437e+00
   9.1572709e+00
   9.1545794e+00
   9.1518656e+00
   9.1491296e+00
   9.1463716e+00
   9.1435914e+00
   9.1407893e+00
   9.1379653e+00
   9.1351195e+00
   9.1322521e+00
   9.1293634e+00
   9.1264538e+00
   9.1235238e+00
   9.1205686e+00
   9.1175906e+00
   9.1145899e+00
   9.1115683e+00
   9.1085231e+00
   9.1054532e+00
   9.1023613e+00
   9.0992452e+00
   9.0961048e+00
   9.0929408e+00
   9.0897529e+00
   9.0865415e+00
   9.0833061e+00
   9.0800474e+00
   9.0767659e+00
   9.0734591e+00
   9.0701301e+00
   9.0667733e+00
   9.0633895e+00
   9.0599813e+00
   9.0565521e+00
   9.0530962e+00
   9.0496159e+00
   9.0461096e+00
   9.0425784e+00
   9.0390190e+00
   9.0354334e+00
   9.0318202e+00
   9.0281828e+00
   9.0245215e+00
   9.0208311e+00
   9.0171114e+00
   9.0133660e+00
   9.0095974e+00
   9.0058005e+00
   9.0019782e+00
   8.9981254e+00
   8.9942456e+00
   8.9903369e+00
   8.9863997e+00
   8.9824340e+00
   8.9784393e+00
   8.9744188e+00
   8.9703700e+00
   8.9662907e+00
   8.9621842e+00
   8.9580480e+00
   8.9538856e+00
   8.9496915e+00
   8.9454682e+00
   8.9412166e+00
   8.9369349e+00
   8.9326224e+00
   8.9282792e+00
   8.9239065e+00
   8.9195058e+00
   8.9150716e+00
   8.9106065e+00
   8.9061102e+00
   8.9015842e+00
   8.8970270e+00
   8.8924373e+00
   8.8878172e+00
   8.8831651e+00
   8.8784818e+00
   8.8737647e+00
   8.8690174e+00
   8.8642355e+00
   8.8594226e+00
   8.8545783e+00
   8.8496987e+00
   8.8447867e+00
   8.8398397e+00
   8.8348603e+00
   8.8298487e+00
   8.8248008e+00
   8.8197196e+00
   8.8146040e+00
   8.8094544e+00
   8.8042696e+00
   8.7990496e+00
   8.7937946e+00
   8.7885045e+00
   8.7831788e+00
   8.7778181e+00
   8.7724201e+00
   8.7669866e+00
   8.7615176e+00
   8.7560127e+00
   8.7504705e+00
   8.7448917e+00
   8.7392761e+00
   8.7336228e+00
   8.7279322e+00
   8.7222030e+00
   8.7164373e+00
   8.7106333e+00
   8.7047902e+00
   8.6989094e+00
   8.6929909e+00
   8.6870327e+00
   8.6810342e+00
   8.6749982e+00
   8.6689212e+00
   8.6628049e+00
   8.6566484e+00
   8.6504515e+00
   8.6442145e+00
   8.6379367e+00
   8.6316185e+00
   8.6252589e+00
   8.6188584e+00
   8.6124156e+00
   8.6059315e+00
   8.5994053e+00
   8.5928370e+00
   8.5862261e+00
   8.5795718e+00
   8.5728733e+00
   8.5661331e+00
   8.5593493e+00
   8.5525214e+00
   8.5456517e+00
   8.5387350e+00
   8.5317741e+00
   8.5247683e+00
   8.5177190e+00
   8.5106239e+00
   8.5034832e+00
   8.4962969e+00
   8.4890647e+00
   8.4817862e+00
   8.4744623e+00
   8.4670907e+00
   8.4596713e+00
   8.4522058e+00
   8.4446916e+00
   8.4371302e+00
   8.4295197e+00
   8.4218607e+00
   8.4141544e+00
   8.4064004e+00
   8.3985962e+00
   8.3907424e+00
   8.3828394e+00
   8.3748857e+00
   8.3668816e+00
   8.3588273e+00
   8.3507215e+00
   8.3425644e+00
   8.3343562e+00
   8.3260963e+00
   8.3177838e+00
   8.3094200e+00
   8.3010039e+00
   8.2925342e+00
   8.2840109e+00
   8.2754351e+00
   8.2668049e+00
   8.2581207e+00
   8.2493818e+00
   8.2405882e+00
   8.2317393e+00
   8.2228356e+00
   8.2138766e+00
   8.2048612e+00
   8.1957896e+00
   8.1866613e+00
   8.1774761e+00
   8.1682346e+00
   8.1589345e+00
   8.1495782e+00
   8.1401621e+00
   8.1306887e+00
   8.1211550e+00
   8.1115625e+00
   8.1019102e+00
   8.0921990e+00
   8.0824276e+00
   8.0725952e+00
   8.0627020e+00
   8.0527474e+00
   8.0427328e+00
   8.0326557e+00
   8.0225159e+00
   8.0123148e+00
   8.0020498e+00
   7.9917216e+00
   7.9813315e+00
   7.9708771e+00
   7.9603598e+00
   7.9497775e+00
   7.9391297e+00
   7.9284167e+00
   7.9176383e+00
   7.9067949e+00
   7.8958848e+00
   7.8849081e+00
   7.8738638e+00
   7.8627521e+00
   7.8515729e+00
   7.8403258e+00
   7.8290104e+00
   7.8176261e+00
   7.8061735e+00
   7.7946505e+00
   7.7830574e+00
   7.7713950e+00
   7.7596619e+00
   7.7478583e+00
   7.7359825e+00
   7.7240355e+00
   7.7120166e+00
   7.6999263e+00
   7.6877625e+00
   7.6755268e+00
   7.6632171e+00
   7.6508327e+00
   7.6383752e+00
   7.6258423e+00
   7.6132343e+00
   7.6005521e+00
   7.5877940e+00
   7.5749594e+00
   7.5620491e+00
   7.5490641e+00
   7.5360004e+00
   7.5228589e+00
   7.5096400e+00
   7.4963426e+00
   7.4829673e+00
   7.4695131e+00
   7.4559790e+00
   7.4423658e+00
   7.4286728e+00
   7.4148994e+00
   7.4010467e+00
   7.3871113e+00
   7.3730943e+00
   7.3589963e+00
   7.3448164e+00
   7.3305540e+00
   7.3162079e+00
   7.3017796e+00
   7.2872682e+00
   7.2726721e+00
   7.2579918e+00
   7.2432270e+00
   7.2283771e+00
   7.2134422e+00
   7.1984223e+00
   7.1833156e+00
   7.1681227e+00
   7.1528430e+00
   7.1374762e+00
   7.1220221e+00
   7.1064794e+00
   7.0908493e+00
   7.0751304e+00
   7.0593229e+00
   7.0434263e+00
   7.0274408e+00
   7.0113650e+00
   6.9951986e+00
   6.9789421e+00
   6.9625951e+00
   6.9461569e+00
   6.9296275e+00
   6.9130061e+00
   6.8962926e+00
   6.8794869e+00
   6.8625882e+00
   6.8455966e+00
   6.8285115e+00
   6.8113330e+00
   6.7940604e+00
   6.7766937e+00
   6.7592323e+00
   6.7416759e+00
   6.7240255e+00
   6.7062782e+00
   6.6884354e+00
   6.6704959e+00
   6.6524605e+00
   6.6343293e+00
   6.6161015e+00
   6.5977756e+00
   6.5793520e+00
   6.5608307e+00
   6.5422118e+00
   6.5234948e+00
   6.5046790e+00
   6.4857645e+00
   6.4667509e+00
   6.4476382e+00
   6.4284258e+00
   6.4091144e+00
   6.3897029e+00
   6.3701909e+00
   6.3505782e+00
   6.3308650e+00
   6.3110512e+00
   6.2911364e+00
   6.2711206e+00
   6.2510036e+00
   6.2307848e+00
   6.2104647e+00
   6.1900424e+00
   6.1695188e+00
   6.1488920e+00
   6.1281629e+00
   6.1073309e+00
   6.0863974e+00
   6.0653606e+00
   6.0442202e+00
   6.0229770e+00
   6.0016304e+00
   5.9801804e+00
   5.9586270e+00
   5.9369698e+00
   5.9152091e+00
   5.8933451e+00
   5.8713775e+00
   5.8493048e+00
   5.8271288e+00
   5.8048476e+00
   5.7824633e+00
   5.7599755e+00
   5.7373835e+00
   5.7146870e+00
   5.6918865e+00
   5.6689823e+00
   5.6459740e+00
   5.6228614e+00
   5.5996440e+00
   5.5763239e+00
   5.5528996e+00
   5.5293714e+00
   5.5057393e+00
   5.4820042e+00
   5.4581650e+00
   5.4342219e+00
   5.4101765e+00
   5.3860284e+00
   5.3617778e+00
   5.3374235e+00
   5.3129664e+00
   5.2884077e+00
   5.2637464e+00
   5.2389837e+00
   5.2141188e+00
   5.1891524e+00
   5.1640841e+00
   5.1389150e+00
   5.1136458e+00
   5.0882763e+00
   5.0628067e+00
   5.0372377e+00
   5.0115703e+00
   4.9858034e+00
   4.9599384e+00
   4.9339750e+00
   4.9079144e+00
   4.8817563e+00
   4.8555023e+00
   4.8291523e+00
   4.8027062e+00
   4.7761651e+00
   4.7495300e+00
   4.7228016e+00
   4.6959794e+00
   4.6690655e+00
   4.6420585e+00
   4.6149604e+00
   4.5877712e+00
   4.5604919e+00
   4.5331234e+00
   4.5056665e+00
   4.4781226e+00
   4.4504916e+00
   4.4227746e+00
   4.3949720e+00
   4.3670853e+00
   4.3391155e+00
   4.3110633e+00
   4.2829297e+00
   4.2547149e+00
   4.2264212e+00
   4.1980494e+00
   4.1696000e+00
   4.1410740e+00
   4.1124734e+00
   4.0837989e+00
   4.0550520e+00
   4.0262332e+00
   3.9973439e+00
   3.9683861e+00
   3.9393606e+00
   3.9102693e+00
   3.8811134e+00
   3.8518938e+00
   3.8226121e+00
   3.7932693e+00
   3.7638688e+00
   3.7344107e+00
   3.7048967e+00
   3.6753286e+00
   3.6457080e+00
   3.6160365e+00
   3.5863163e+00
   3.5565487e+00
   3.5267359e+00
   3.4968799e+00
   3.4669821e+00
   3.4370455e+00
   3.4070708e+00
   3.3770601e+00
   3.3470159e+00
   3.3169405e+00
   3.2868355e+00
   3.2567036e+00
   3.2265469e+00
   3.1963674e+00
   3.1661674e+00
   3.1359496e+00
   3.1057158e+00
   3.0754695e+00
   3.0452125e+00
   3.0149474e+00
   2.9846769e+00
   2.9544033e+00
   2.9241295e+00
   2.8938579e+00
   2.8635916e+00
   2.8333333e+00
   2.8030857e+00
   2.7728515e+00
   2.7426338e+00
   2.7124357e+00
   2.6822600e+00
   2.6521098e+00
   2.6219879e+00
   2.5918977e+00
   2.5618423e+00
   2.5318250e+00
   2.5018489e+00
   2.4719172e+00
   2.4420333e+00
   2.4122007e+00
   2.3824227e+00
   2.3527026e+00
   2.3230440e+00
   2.2934502e+00
   2.2639248e+00
   2.2344715e+00
   2.2050937e+00
   2.1757950e+00
   2.1465794e+00
   2.1174501e+00
   2.0884112e+00
   2.0594662e+00
   2.0306191e+00
   2.0018734e+00
   1.9732329e+00
   1.9447015e+00
   1.9162830e+00
   1.8879812e+00
   1.8598000e+00
   1.8317433e+00
   1.8038151e+00
   1.7760191e+00
   1.7483592e+00
   1.7208395e+00
   1.6934637e+00
   1.6662357e+00
   1.6391595e+00
   1.6122390e+00
   1.5854780e+00
   1.5588805e+00
   1.5324502e+00
   1.5061911e+00
   1.4801068e+00
   1.4542012e+00
   1.4284782e+00
   1.4029414e+00
   1.3775945e+00
   1.3524412e+00
   1.3274852e+00
   1.3027301e+00
   1.2781792e+00
   1.2538363e+00
   1.2297048e+00
   1.2057880e+00
   1.1820893e+00
   1.1586121e+00
   1.1353593e+00
   1.1123344e+00
   1.0895402e+00
   1.0669798e+00
   1.0446563e+00
   1.0225723e+00
   1.0007309e+00
   9.7913449e-01
   9.5778579e-01
   9.3668719e-01
   9.1584115e-01
   8.9524997e-01
   8.7491583e-01
   8.5484084e-01
   8.3502697e-01
   8.1547614e-01
   7.9619007e-01
   7.7717040e-01
   7.5841868e-01
   7.3993628e-01
   7.2172456e-01
   7.0378466e-01
   6.8611761e-01
   6.6872435e-01
   6.5160562e-01
   6.3476211e-01
   6.1819438e-01
   6.0190274e-01
   5.8588750e-01
   5.7014878e-01
   5.5468655e-01
   5.3950071e-01
   5.2459096e-01
   5.0995693e-01
   4.9559803e-01
   4.8151363e-01
   4.6770286e-01
   4.5416485e-01
   4.4089841e-01
   4.2790248e-01
   4.1517570e-01
   4.0271662e-01
   3.9052363e-01
   3.7859507e-01
   3.6692904e-01
   3.5552372e-01
   3.4437698e-01
   3.3348661e-01
   3.2285045e-01
   3.1246611e-01
   3.0233109e-01
   2.9244281e-01
   2.8279861e-01
   2.7339573e-01
   2.6423131e-01
   2.5530240e-01
   2.4660599e-01
   2.3813898e-01
   2.2989820e-01
   2.2188042e-01
   2.1408236e-01
   2.0650062e-01
   1.9913182e-01
   1.9197251e-01
   1.8501912e-01
   1.7826816e-01
   1.7171595e-01
   1.6535896e-01
   1.5919345e-01
   1.5321580e-01
   1.4742234e-01
   1.4180934e-01
   1.3637302e-01
   1.3110967e-01
   1.2601559e-01
   1.2108704e-01
   1.1632027e-01
   1.1171158e-01
   1.0725724e-01
   1.0295356e-01
   9.8796818e-02
   9.4783402e-02
   9.0909673e-02
   8.7172030e-02
   8.3566888e-02
   8.0090713e-02
   7.6739981e-02
   7.3511278e-02
   7.0401128e-02
   6.7406201e-02
   6.4523158e-02
   6.1748707e-02
   5.9079572e-02
   5.6512588e-02
   5.4044621e-02
   5.1672617e-02
   4.9393570e-02
   4.7204484e-02
   4.5102465e-02
   4.3084646e-02
   4.1148252e-02
   3.9290559e-02
   3.7508892e-02
   3.5800622e-02
   3.4163216e-02
   3.2594190e-02
   3.1091125e-02
   2.9651626e-02
   2.8273411e-02
   2.6954239e-02
   2.5691919e-02
   2.4484334e-02
   2.3329423e-02
   2.2225177e-02
   2.1169647e-02
   2.0160953e-02
   1.9197262e-02
   1.8276792e-02
   1.7397818e-02
   1.6558700e-02
   1.5757818e-02
   1.4993597e-02
   1.4264546e-02
   1.3569216e-02
   1.2906190e-02
   1.2274117e-02
   1.1671687e-02
   1.1097631e-02
   1.0550740e-02
   1.0029839e-02
   9.5337986e-03
   9.0615221e-03
   8.6119742e-03
   8.1841429e-03
   7.7770592e-03
   7.3898014e-03
   7.0214607e-03
   6.6711884e-03
   6.3381621e-03
   6.0215823e-03
   5.7207005e-03
   5.4347793e-03
   5.1631268e-03
   4.9050758e-03
   4.6599809e-03
   4.4272355e-03
   4.2062453e-03
   3.9964555e-03
   3.7973264e-03
   3.6083447e-03
   3.4290187e-03
   3.2588867e-03
   3.0974923e-03
   2.9444097e-03
   2.7992290e-03
   2.6615604e-03
   2.5310400e-03
   2.4072971e-03
   2.2899980e-03
   2.1788245e-03
   2.0734657e-03
   1.9736285e-03
   1.8790316e-03
   1.7894145e-03
   1.7045237e-03
   1.6241091e-03
   1.5479503e-03
   1.4758180e-03
   1.4075108e-03
   1.3428302e-03
   1.2815905e-03
   1.2236073e-03
   1.1687157e-03
   1.1167534e-03
   1.0675659e-03
   1.0210098e-03
   9.7694668e-04
   9.3524325e-04
   8.9577569e-04
   8.5842664e-04
   8.2308164e-04
   7.8963454e-04
   7.5798540e-04
   7.2803555e-04
   6.9969697e-04
   6.7288248e-04
   6.4750988e-04
   6.2350146e-04
   6.0078498e-04
   5.7929056e-04
   5.5895167e-04
   5.3970538e-04
   5.2149296e-04
   5.0425834e-04
   4.8794857e-04
   4.7251312e-04
   4.5790462e-04
   4.4407775e-04
   4.3099011e-04
   4.1860166e-04
   4.0687421e-04
   3.9577124e-04
   3.8525819e-04
   3.7530332e-04
   3.6587809e-04
   3.5695104e-04
   3.4849481e-04
   3.4048401e-04
   3.3289388e-04
   3.2570180e-04
   3.1888566e-04
   3.1242440e-04
   3.0629882e-04
   3.0049121e-04
   2.9498357e-04
   2.8975906e-04
   2.8480288e-04
   2.8009961e-04
   2.7563608e-04
   2.7139907e-04
   2.6737542e-04
   2.6355370e-04
   2.5992312e-04
   2.5647329e-04
   2.8104784e-04
   3.0653497e-04
   3.3330681e-04
   3.6170108e-04
   3.9202534e-04
   4.2456748e-04
   4.5960157e-04
   4.9739279e-04
   5.3820156e-04
   5.8228684e-04
   6.2990975e-04
   6.8133481e-04
   7.3683282e-04
   7.9668386e-04
   8.6117485e-04
   9.3060744e-04
   1.0052965e-03
   1.0855738e-03
   1.1717911e-03
   1.2643202e-03
   1.3635628e-03
   1.4699527e-03
   1.5839638e-03
   1.7061125e-03
   1.8369788e-03
   1.9772168e-03
   2.1275615e-03
   2.2888609e-03
   2.4621029e-03
   2.6484341e-03
   2.8492140e-03
   3.0660582e-03
   3.3009018e-03
   3.5560771e-03
   3.8344107e-03
   4.1393385e-03
   4.4750590e-03
   4.8467096e-03
   5.2605770e-03
   5.7242974e-03
   6.2470700e-03
   6.8396201e-03
   7.5140612e-03
   8.2847272e-03
   9.1681751e-03
   1.0182972e-02
   1.1349641e-02
   1.2690679e-02
   1.4230497e-02
   1.5994933e-02
   1.7752944e-02
   1.9581143e-02
   2.1461148e-02
   2.3375120e-02
   2.5306637e-02
   2.7241768e-02
   2.9169018e-02
   3.1079644e-02
   3.2967442e-02
   3.4828633e-02
   3.6661223e-02
   3.8464800e-02
   4.0239941e-02
   4.1988203e-02
   4.3711678e-02
   4.5412775e-02
   4.7094153e-02
   4.8758476e-02
   5.0408384e-02
   5.2046495e-02
   5.3675247e-02
   5.5296870e-02
   5.6913445e-02
   5.8526871e-02
   6.0138832e-02
   6.1750917e-02
   6.3364430e-02
   6.4980593e-02
   6.6600445e-02
   6.8224936e-02
   6.9854793e-02
   7.1490708e-02
   7.3133248e-02
   7.4782896e-02
   7.6440031e-02
   7.8104952e-02
   7.9777945e-02
   8.1459179e-02
   8.3148786e-02
   8.4846875e-02
   8.6553489e-02
   8.8268671e-02
   8.9992398e-02
   9.1724644e-02
   9.3465355e-02
   9.5214451e-02
   9.6971817e-02
   9.8737391e-02
   1.0051105e-01
   1.0229264e-01
   1.0408205e-01
   1.0587916e-01
   1.0768383e-01
   1.0949589e-01
   1.1131521e-01
   1.1314167e-01
   1.1497509e-01
   1.1681536e-01
   1.1866231e-01
   1.2051581e-01
   1.2237574e-01
   1.2424196e-01
   1.2611433e-01
   1.2799272e-01
   1.2987702e-01
   1.3176709e-01
   1.3366284e-01
   1.3556414e-01
   1.3747088e-01
   1.3938297e-01
   1.4130030e-01
   1.4322277e-01
   1.4515029e-01
   1.4708279e-01
   1.4902015e-01
   1.5096232e-01
   1.5290920e-01
   1.5486073e-01
   1.5681683e-01
   1.5877744e-01
   1.6074248e-01
   1.6271191e-01
   1.6468568e-01
   1.6666371e-01
   1.6864595e-01
   1.7063237e-01
   1.7262293e-01
   1.7461756e-01
   1.7661624e-01
   1.7861890e-01
   1.8062555e-01
   1.8263612e-01
   1.8465062e-01
   1.8666898e-01
   1.8869121e-01
   1.9071723e-01
   1.9274705e-01
   1.9478064e-01
   1.9681795e-01
   1.9885899e-01
   2.0090374e-01
   2.0295218e-01
   2.0500431e-01
   2.0706010e-01
   2.0911955e-01
   2.1118264e-01
   2.1324933e-01
   2.1531968e-01
   2.1739364e-01
   2.1947120e-01
   2.2155235e-01
   2.2363714e-01
   2.2572553e-01
   2.2781748e-01
   2.2991303e-01
   2.3201213e-01
   2.3411482e-01
   2.3622107e-01
   2.3833094e-01
   2.4044436e-01
   2.4256135e-01
   2.4468192e-01
   2.4680611e-01
   2.4893389e-01
   2.5106525e-01
   2.5320021e-01
   2.5533877e-01
   2.5748094e-01
   2.5962671e-01
   2.6177611e-01
   2.6392913e-01
   2.6608578e-01
   2.6824607e-01
   2.7040997e-01
   2.7257749e-01
   2.7474867e-01
   2.7692350e-01
   2.7910201e-01
   2.8128419e-01
   2.8347003e-01
   2.8565958e-01
   2.8785282e-01
   2.9004977e-01
   2.9225045e-01
   2.9445482e-01
   2.9666296e-01
   2.9887483e-01
   3.0109047e-01
   3.0330984e-01
   3.0553301e-01
   3.0775996e-01
   3.0999072e-01
   3.1222529e-01
   3.1446365e-01
   3.1670586e-01
   3.1895190e-01
   3.2120181e-01
   3.2345557e-01
   3.2571322e-01
   3.2797475e-01
   3.3024017e-01
   3.3250950e-01
   3.3478276e-01
   3.3705994e-01
   3.3934106e-01
   3.4162614e-01
   3.4391518e-01
   3.4620820e-01
   3.4850521e-01
   3.5080622e-01
   3.5311128e-01
   3.5542041e-01
   3.5773352e-01
   3.6005073e-01
   3.6237204e-01
   3.6469736e-01
   3.6702683e-01
   3.6936047e-01
   3.7169819e-01
   3.7404003e-01
   3.7638607e-01
   3.7873629e-01
   3.8109064e-01
   3.8344917e-01
   3.8581194e-01
   3.8817895e-01
   3.9055018e-01
   3.9292562e-01
   3.9530541e-01
   3.9768945e-01
   4.0007773e-01
   4.0247040e-01
   4.0486735e-01
   4.0726860e-01
   4.0967426e-01
   4.1208425e-01
   4.1449857e-01
   4.1691735e-01
   4.1934056e-01
   4.2176821e-01
   4.2420028e-01
   4.2663673e-01
   4.2907771e-01
   4.3152318e-01
   4.3397318e-01
   4.3642770e-01
   4.3888670e-01
   4.4135018e-01
   4.4381824e-01
   4.4629090e-01
   4.4876817e-01
   4.5125005e-01
   4.5373656e-01
   4.5622771e-01
   4.5872353e-01
   4.6122401e-01
   4.6372917e-01
   4.6623903e-01
   4.6875360e-01
   4.7127289e-01
   4.7379702e-01
   4.7632590e-01
   4.7885951e-01
   4.8139783e-01
   4.8394107e-01
   4.8648908e-01
   4.8904196e-01
   4.9159972e-01
   4.9416240e-01
   4.9672994e-01
   4.9930236e-01
   5.0187973e-01
   5.0446196e-01
   5.0704922e-01
   5.0964137e-01
   5.1223850e-01
   5.1484073e-01
   5.1744787e-01
   5.2006003e-01
   5.2267734e-01
   5.2529969e-01
   5.2792714e-01
   5.3055969e-01
   5.3319731e-01
   5.3584010e-01
   5.3848803e-01
   5.4114105e-01
   5.4379932e-01
   5.4646276e-01
   5.4913137e-01
   5.5180518e-01
   5.5448434e-01
   5.5716871e-01
   5.5985831e-01
   5.6255315e-01
   5.6525343e-01
   5.6795902e-01
   5.7066995e-01
   5.7338619e-01
   5.7610782e-01
   5.7883485e-01
   5.8156723e-01
   5.8430507e-01
   5.8704832e-01
   5.8979704e-01
   5.9255118e-01
   5.9531085e-01
   5.9807594e-01
   6.0084655e-01
   6.0362274e-01
   6.0640439e-01
   6.0919170e-01
   6.1198451e-01
   6.1478297e-01
   6.1758692e-01
   6.2039658e-01
   6.2321189e-01
   6.2603286e-01
   6.2885954e-01
   6.3169182e-01
   6.3452983e-01
   6.3737341e-01
   6.4022279e-01
   6.4307791e-01
   6.4593883e-01
   6.4880552e-01
   6.5167780e-01
   6.5455596e-01
   6.5743984e-01
   6.6032953e-01
   6.6322523e-01
   6.6612682e-01
   6.6903410e-01
   6.7194733e-01
   6.7486650e-01
   6.7779148e-01
   6.8072255e-01
   6.8365950e-01
   6.8660237e-01
   6.8955122e-01
   6.9250593e-01
   6.9546670e-01
   6.9843335e-01
   7.0140597e-01
   7.0438476e-01
   7.0736967e-01
   7.1036044e-01
   7.1335735e-01
   7.1636042e-01
   7.1936939e-01
   7.2238445e-01
   7.2540577e-01
   7.2843326e-01
   7.3146690e-01
   7.3450647e-01
   7.3755230e-01
   7.4060440e-01
   7.4366252e-01
   7.4672684e-01
   7.4979754e-01
   7.5287448e-01
   7.5595760e-01
   7.5904689e-01
   7.6214246e-01
   7.6524431e-01
   7.6835222e-01
   7.7146653e-01
   7.7458710e-01
   7.7771382e-01
   7.8084692e-01
   7.8398654e-01
   7.8713241e-01
   7.9028469e-01
   7.9344319e-01
   7.9660807e-01
   7.9977924e-01
   8.0295688e-01
   8.0614096e-01
   8.0933142e-01
   8.1252797e-01
   8.1573104e-01
   8.1894058e-01
   8.2215638e-01
   8.2537881e-01
   8.2860760e-01
   8.3184284e-01
   8.3508454e-01
   8.3833257e-01
   8.4158718e-01
   8.4484823e-01
   8.4811573e-01
   8.5138983e-01
   8.5467024e-01
   8.5795723e-01
   8.6125045e-01
   8.6455039e-01
   8.6785661e-01
   8.7116944e-01
   8.7448878e-01
   8.7781469e-01
   8.8114699e-01
   8.8448565e-01
   8.8783092e-01
   8.9118281e-01
   8.9454114e-01
   8.9790611e-01
   9.0127762e-01
   9.0465568e-01
   9.0804020e-01
   9.1143117e-01
   9.1482870e-01
   9.1823278e-01
   9.2164335e-01
   9.2506040e-01
   9.2848395e-01
   9.3191405e-01
   9.3535078e-01
   9.3879420e-01
   9.4224404e-01
   9.4570016e-01
   9.4916309e-01
   9.5263248e-01
   9.5610827e-01
   9.5959065e-01
   9.6307963e-01
   9.6657514e-01
   9.7007723e-01
   9.7358572e-01
   9.7710057e-01
   9.8062206e-01
   9.8415018e-01
   9.8768456e-01
   9.9122568e-01
   9.9477319e-01
   9.9832719e-01
   1.0018877e+00
   1.0054547e+00
   1.0090282e+00
   1.0126080e+00
   1.0161941e+00
   1.0197868e+00
   1.0233860e+00
   1.0269918e+00
   1.0306039e+00
   1.0342223e+00
   1.0378472e+00
   1.0414785e+00
   1.0451162e+00
   1.0487604e+00
   1.0524111e+00
   1.0560680e+00
   1.0597312e+00
   1.0634009e+00
   1.0670767e+00
   1.0707590e+00
   1.0744475e+00
   1.0781425e+00
   1.0818436e+00
   1.0855510e+00
   1.0892647e+00
   1.0929848e+00
   1.0967113e+00
   1.1004438e+00
   1.1041828e+00
   1.1079278e+00
   1.1116788e+00
   1.1154364e+00
   1.1192001e+00
   1.1229699e+00
   1.1267459e+00
   1.1305281e+00
   1.1343164e+00
   1.1381108e+00
   1.1419112e+00
   1.1457178e+00
   1.1495304e+00
   1.1533491e+00
   1.1571738e+00
   1.1610044e+00
   1.1648412e+00
   1.1686841e+00
   1.1725326e+00
   1.1763871e+00
   1.1802477e+00
   1.1841141e+00
   1.1879865e+00
   1.1918647e+00
   1.1957485e+00
   1.1996382e+00
   1.2035338e+00
   1.2074355e+00
   1.2113429e+00
   1.2152561e+00
   1.2191750e+00
   1.2230993e+00
   1.2270294e+00
   1.2309651e+00
   1.2349067e+00
   1.2388537e+00
   1.2428062e+00
   1.2467643e+00
   1.2507283e+00
   1.2546974e+00
   1.2586720e+00
   1.2626524e+00
   1.2666383e+00
   1.2706298e+00
   1.2746267e+00
   1.2786288e+00
   1.2826363e+00
   1.2866489e+00
   1.2906671e+00
   1.2946908e+00
   1.2987196e+00
   1.3027539e+00
   1.3067931e+00
   1.3108376e+00
   1.3148874e+00
   1.3189422e+00
   1.3230020e+00
   1.3270668e+00
   1.3311368e+00
   1.3352119e+00
   1.3392920e+00
   1.3433771e+00
   1.3474672e+00
   1.3515622e+00
   1.3556621e+00
   1.3597669e+00
   1.3638764e+00
   1.3679910e+00
   1.3721103e+00
   1.3762343e+00
   1.3803631e+00
   1.3844966e+00
   1.3886345e+00
   1.3927772e+00
   1.3969243e+00
   1.4010762e+00
   1.4052324e+00
   1.4093935e+00
   1.4135587e+00
   1.4177285e+00
   1.4219028e+00
   1.4260814e+00
   1.4302644e+00
   1.4344518e+00
   1.4386436e+00
   1.4428395e+00
   1.4470395e+00
   1.4512436e+00
   1.4554521e+00
   1.4596648e+00
   1.4638817e+00
   1.4681027e+00
   1.4723276e+00
   1.4765561e+00
   1.4807890e+00
   1.4850259e+00
   1.4892665e+00
   1.4935109e+00
   1.4977590e+00
   1.5020111e+00
   1.5062671e+00
   1.5105265e+00
   1.5147895e+00
   1.5190564e+00
   1.5233267e+00
   1.5276009e+00
   1.5318784e+00
   1.5361591e+00
   1.5404437e+00
   1.5447318e+00
   1.5490231e+00
   1.5533179e+00
   1.5576160e+00
   1.5619174e+00
   1.5662217e+00
   1.5705296e+00
   1.5748407e+00
   1.5791547e+00
   1.5834721e+00
   1.5877925e+00
   1.5921157e+00
   1.5964420e+00
   1.6007712e+00
   1.6051034e+00
   1.6094384e+00
   1.6137763e+00
   1.6181170e+00
   1.6224603e+00
   1.6268060e+00
   1.6311548e+00
   1.6355062e+00
   1.6398603e+00
   1.6442171e+00
   1.6485764e+00
   1.6529380e+00
   1.6573021e+00
   1.6616687e+00
   1.6660376e+00
   1.6704088e+00
   1.6747824e+00
   1.6791580e+00
   1.6835358e+00
   1.6879155e+00
   1.6922978e+00
   1.6966822e+00
   1.7010683e+00
   1.7054566e+00
   1.7098471e+00
   1.7142396e+00
   1.7186341e+00
   1.7230304e+00
   1.7274285e+00
   1.7318286e+00
   1.7362302e+00
   1.7406333e+00
   1.7450383e+00
   1.7494446e+00
   1.7538525e+00
   1.7582623e+00
   1.7626736e+00
   1.7670864e+00
   1.7715005e+00
   1.7759160e+00
   1.7803328e+00
   1.7847509e+00
   1.7891706e+00
   1.7935914e+00
   1.7980130e+00
   1.8024361e+00
   1.8068605e+00
   1.8112855e+00
   1.8157116e+00
   1.8201385e+00
   1.8245665e+00
   1.8289955e+00
   1.8334253e+00
   1.8378557e+00
   1.8422871e+00
   1.8467191e+00
   1.8511515e+00
   1.8555846e+00
   1.8600184e+00
   1.8644529e+00
   1.8688882e+00
   1.8733234e+00
   1.8777595e+00
   1.8821959e+00
   1.8866327e+00
   1.8910696e+00
   1.8955067e+00
   1.8999442e+00
   1.9043820e+00
   1.9088199e+00
   1.9132578e+00
   1.9176957e+00
   1.9221336e+00
   1.9265717e+00
   1.9310095e+00
   1.9354476e+00
   1.9398855e+00
   1.9443229e+00
   1.9487600e+00
   1.9531972e+00
   1.9576333e+00
   1.9620693e+00
   1.9665053e+00
   1.9709409e+00
   1.9753763e+00
   1.9798105e+00
   1.9842445e+00
   1.9886782e+00
   1.9931108e+00
   1.9975430e+00
   2.0019745e+00
   2.0064051e+00
   2.0108348e+00
   2.0152639e+00
   2.0196921e+00
   2.0241194e+00
   2.0285458e+00
   2.0329713e+00
   2.0373959e+00
   2.0418194e+00
   2.0462415e+00
   2.0506625e+00
   2.0550822e+00
   2.0595007e+00
   2.0639179e+00
   2.0683338e+00
   2.0727484e+00
   2.0771615e+00
   2.0815732e+00
   2.0859834e+00
   2.0903920e+00
   2.0947991e+00
   2.0992046e+00
   2.1036084e+00
   2.1080106e+00
   2.1124110e+00
   2.1168096e+00
   2.1212065e+00
   2.1256015e+00
   2.1299946e+00
   2.1343858e+00
   2.1387751e+00
   2.1431623e+00
   2.1475476e+00
   2.1519307e+00
   2.1563117e+00
   2.1606906e+00
   2.1650673e+00
   2.1694418e+00
   2.1738139e+00
   2.1781838e+00
   2.1825514e+00
   2.1869165e+00
   2.1912792e+00
   2.1956395e+00
   2.1999973e+00
   2.2043525e+00
   2.2087052e+00
   2.2130552e+00
   2.2174026e+00
   2.2217473e+00
   2.2260893e+00
   2.2304285e+00
   2.2347649e+00
   2.2390985e+00
   2.2434291e+00
   2.2477569e+00
   2.2520817e+00
   2.2564035e+00
   2.2607223e+00
   2.2650380e+00
   2.2693506e+00
   2.2736601e+00
   2.2779664e+00
   2.2822695e+00
   2.2865693e+00
   2.2908658e+00
   2.2951590e+00
   2.2994488e+00
   2.3037353e+00
   2.3080183e+00
   2.3122978e+00
   2.3165738e+00
   2.3208463e+00
   2.3251151e+00
   2.3293804e+00
   2.3336420e+00
   2.3378999e+00
   2.3421541e+00
   2.3464045e+00
   2.3506511e+00
   2.3548938e+00
   2.3591327e+00
   2.3633677e+00
   2.3675987e+00
   2.3718258e+00
   2.3760489e+00
   2.3802678e+00
   2.3844827e+00
   2.3886935e+00
   2.3929002e+00
   2.3971026e+00
   2.4013008e+00
   2.4054948e+00
   2.4096844e+00
   2.4138697e+00
   2.4180507e+00
   2.4222272e+00
   2.4263993e+00
   2.4305670e+00
   2.4347301e+00
   2.4388887e+00
   2.4430428e+00
   2.4471922e+00
   2.4513370e+00
   2.4554771e+00
   2.4596125e+00
   2.4637432e+00
   2.4678691e+00
   2.4719901e+00
   2.4761064e+00
   2.4802178e+00
   2.4843242e+00
   2.4884257e+00
   2.4925223e+00
   2.4966138e+00
   2.5007003e+00
   2.5047817e+00
   2.5088580e+00
   2.5129292e+00
   2.5169952e+00
   2.5210560e+00
   2.5251116e+00
   2.5291619e+00
   2.5332069e+00
   2.5372465e+00
   2.5412808e+00
   2.5453097e+00
   2.5493332e+00
   2.5533512e+00
   2.5573638e+00
   2.5613708e+00
   2.5653722e+00
   2.5693681e+00
   2.5733583e+00
   2.5773429e+00
   2.5813218e+00
   2.5852950e+00
   2.5892625e+00
   2.5932242e+00
   2.5971801e+00
   2.6011302e+00
   2.6050744e+00
   2.6090127e+00
   2.6129450e+00
   2.6168715e+00
   2.6207919e+00
   2.6247063e+00
   2.6286147e+00
   2.6325170e+00
   2.6364132e+00
   2.6403032e+00
   2.6441871e+00
   2.6480648e+00
   2.6519363e+00
   2.6558016e+00
   2.6596605e+00
   2.6635131e+00
   2.6673594e+00
   2.6711994e+00
   2.6750329e+00
   2.6788600e+00
   2.6826806e+00
   2.6864948e+00
   2.6903024e+00
   2.6941035e+00
   2.6978981e+00
   2.7016860e+00
   2.7054673e+00
   2.7092420e+00
   2.7130100e+00
   2.7167712e+00
   2.7205258e+00
   2.7242735e+00
   2.7280145e+00
   2.7317486e+00
   2.7354759e+00
   2.7391963e+00
   2.7429099e+00
   2.7466164e+00
   2.7503161e+00
   2.7540087e+00
   2.7576944e+00
   2.7613729e+00
   2.7650445e+00
   2.7687089e+00
   2.7723662e+00
   2.7760164e+00
   2.7796594e+00
   2.7832952e+00
   2.7869238e+00
   2.7905451e+00
   2.7941592e+00
   2.7977659e+00
   2.8013653e+00
   2.8049574e+00
   2.8085421e+00
   2.8121194e+00
   2.8156892e+00
   2.8192516e+00
   2.8228065e+00
   2.8263539e+00
   2.8298938e+00
   2.8334261e+00
   2.8369508e+00
   2.8404679e+00
   2.8439774e+00
   2.8474793e+00
   2.8509734e+00
   2.8544598e+00
   2.8579386e+00
   2.8614095e+00
   2.8648727e+00
   2.8683281e+00
   2.8717756e+00
   2.8752153e+00
   2.8786471e+00
   2.8820710e+00
   2.8854870e+00
   2.8888950e+00
   2.8922951e+00
   2.8956871e+00
   2.8990712e+00
   2.9024472e+00
   2.9058151e+00
   2.9091750e+00
   2.9125267e+00
   2.9158703e+00
   2.9192058e+00
   2.9225330e+00
   2.9258521e+00
   2.9291629e+00
   2.9324655e+00
   2.9357598e+00
   2.9390458e+00
   2.9423235e+00
   2.9455928e+00
   2.9488538e+00
   2.9521064e+00
   2.9553506e+00
   2.9585864e+00
   2.9618137e+00
   2.9650325e+00
   2.9682429e+00
   2.9714447e+00
   2.9746380e+00
   2.9778227e+00
   2.9809989e+00
   2.9841664e+00
   2.9873253e+00
   2.9904756e+00
   2.9936172e+00
   2.9967501e+00
   2.9998743e+00
   3.0029898e+00
   3.0060966e+00
   3.0091945e+00
   3.0122837e+00
   3.0153640e+00
   3.0184355e+00
   3.0214982e+00
   3.0245520e+00
   3.0275969e+00
   3.0306328e+00
   3.0336599e+00
   3.0366779e+00
   3.0396871e+00
   3.0426872e+00
   3.0456782e+00
   3.0486603e+00
   3.0516333e+00
   3.0545972e+00
   3.0575520e+00
   3.0604978e+00
   3.0634343e+00
   3.0663618e+00
   3.0692800e+00
   3.0721891e+00
   3.0750889e+00
   3.0779795e+00
   3.0808609e+00
   3.0837330e+00
   3.0865958e+00
   3.0894493e+00
   3.0922934e+00
   3.0951283e+00
   3.0979537e+00
   3.1007698e+00
   3.1035765e+00
   3.1063738e+00
   3.1091616e+00
   3.1119399e+00
   3.1147088e+00
   3.1174682e+00
   3.1202181e+00
   3.1229585e+00
   3.1256893e+00
   3.1284105e+00
   3.1311222e+00
   3.1338243e+00
   3.1365167e+00
   3.1391995e+00
   3.1418727e+00
   3.1445362e+00
   3.1471900e+00
   3.1498341e+00
   3.1524684e+00
   3.1550931e+00
   3.1577079e+00
   3.1603130e+00
   3.1629083e+00
   3.1654938e+00
   3.1680695e+00
   3.1706353e+00
   3.1731912e+00
   3.1757373e+00
   3.1782735e+00
   3.1807998e+00
   3.1833161e+00
   3.1858225e+00
   3.1883190e+00
   3.1908054e+00
   3.1932819e+00
   3.1957483e+00
   3.1982048e+00
   3.2006511e+00
   3.2030875e+00
   3.2055137e+00
   3.2079299e+00
   3.2103359e+00
   3.2127318e+00
   3.2151176e+00
   3.2174932e+00
   3.2198587e+00
   3.2222139e+00
   3.2245590e+00
   3.2268938e+00
   3.2292184e+00
   3.2315327e+00
   3.2338368e+00
   3.2361306e+00
   3.2384141e+00
   3.2406873e+00
   3.2429501e+00
   3.2452026e+00
   3.2474447e+00
   3.2496765e+00
   3.2518978e+00
   3.2541088e+00
   3.2563093e+00
   3.2584994e+00
   3.2606791e+00
   3.2628482e+00
   3.2650069e+00
   3.2671551e+00
   3.2692927e+00
   3.2714199e+00
   3.2735365e+00
   3.2756425e+00
   3.2777380e+00
   3.2798228e+00
   3.2818971e+00
   3.2839607e+00
   3.2860137e+00
   3.2880561e+00
   3.2900877e+00
   3.2921087e+00
   3.2941190e+00
   3.2961186e+00
   3.2981075e+00
   3.3000856e+00
   3.3020530e+00
   3.3040096e+00
   3.3059554e+00
   3.3078904e+00
   3.3098146e+00
   3.3117280e+00
   3.3136305e+00
   3.3155222e+00
   3.3174030e+00
   3.3192729e+00
   3.3211319e+00
   3.3229800e+00
   3.3248171e+00
   3.3266433e+00
   3.3284585e+00
   3.3302628e+00
   3.3320560e+00
   3.3338383e+00
   3.3356095e+00
   3.3373697e+00
   3.3391189e+00
   3.3408569e+00
   3.3425839e+00
   3.3442998e+00
   3.3460046e+00
   3.3476982e+00
   3.3493807e+00
   3.3510521e+00
   3.3527123e+00
   3.3543613e+00
   3.3559990e+00
   3.3576256e+00
   3.3592409e+00
   3.3608450e+00
   3.3624378e+00
   3.3640194e+00
   3.3655896e+00
   3.3671486e+00
   3.3686962e+00
   3.3702325e+00
   3.3717574e+00
   3.3732709e+00
   3.3747731e+00
   3.3762638e+00
   3.3777432e+00
   3.3792111e+00
   3.3806675e+00
   3.3821125e+00
   3.3835460e+00
   3.3849680e+00
   3.3863785e+00
   3.3877775e+00
   3.3891649e+00
   3.3905407e+00
   3.3919050e+00
   3.3932577e+00
   3.3945987e+00
   3.3959282e+00
   3.3972460e+00
   3.3985521e+00
   3.3998465e+00
   3.4011293e+00
   3.4024003e+00
   3.4036597e+00
   3.4049072e+00
   3.4061430e+00
   3.4073671e+00
   3.4085793e+00
   3.4097797e+00
   3.4109683e+00
   3.4121450e+00
   3.4133099e+00
   3.4144628e+00
   3.4156039e+00
   3.4167330e+00
   3.4178502e+00
   3.4189555e+00
   3.4200488e+00
   3.4211300e+00
   3.4221993e+00
   3.4232565e+00
   3.4243017e+00
   3.4253348e+00
   3.4263558e+00
   3.4273647e+00
   3.4283614e+00
   3.4293460e+00
   3.4303185e+00
   3.4312788e+00
   3.4322268e+00
   3.4331626e+00
   3.4340862e+00
   3.4349975e+00
   3.4358965e+00
   3.4367832e+00
   3.4376576e+00
   3.4385196e+00
   3.4393692e+00
   3.4402065e+00
   3.4410313e+00
   3.4418437e+00
   3.4426436e+00
   3.4434310e+00
   3.4442060e+00
   3.4449684e+00
   3.4457182e+00
   3.4464555e+00
   3.4471802e+00
   3.4478923e+00
   3.4485917e+00
   3.4492785e+00
   3.4499525e+00
   3.4506139e+00
   3.4512625e+00
   3.4518984e+00
   3.4525215e+00
   3.4531317e+00
   3.4537291e+00
   3.4543137e+00
   3.4548854e+00
   3.4554442e+00
   3.4559900e+00
   3.4565228e+00
   3.4570427e+00
   3.4575496e+00
   3.4580434e+00
   3.4585241e+00
   3.4589918e+00
   3.4594463e+00
   3.4598877e+00
   3.4603159e+00
   3.4607309e+00
   3.4611326e+00
   3.4615211e+00
   3.4618963e+00
   3.4622582e+00
   3.4626067e+00
   3.4629419e+00
   3.4632636e+00
   3.4635719e+00
   3.4638667e+00
   3.4641481e+00
   3.4644159e+00
   3.4646701e+00
   3.4649107e+00
   3.4651377e+00
   3.4653511e+00
   3.4655508e+00
   3.4657367e+00
   3.4659089e+00
   3.4660673e+00
   3.4662119e+00
   3.4663426e+00
   3.4664595e+00
   3.4665624e+00
   3.4666514e+00
   3.4667264e+00
   3.4667873e+00
   3.4668342e+00
   3.4668670e+00
   3.4668857e+00
   3.4668902e+00
   3.4668805e+00
   3.4668566e+00
   3.4668184e+00
   3.4667659e+00
   3.4666990e+00
   3.4666177e+00
   3.4665220e+00
   3.4664119e+00
   3.4662872e+00
   3.4661480e+00
   3.4659942e+00
   3.4658258e+00
   3.4656427e+00
   3.4654449e+00
   3.4652324e+00
   3.4650050e+00
   3.4647629e+00
   3.4645059e+00
   3.4642340e+00
   3.4639471e+00
   3.4636452e+00
   3.4633283e+00
   3.4629963e+00
   3.4626491e+00
   3.4622868e+00
   3.4619093e+00
   3.4615165e+00
   3.4611084e+00
   3.4606850e+00
   3.4602461e+00
   3.4597918e+00
   3.4593220e+00
   3.4588367e+00
   3.4583358e+00
   3.4578192e+00
   3.4572870e+00
   3.4567390e+00
   3.4561753e+00
   3.4555957e+00
   3.4550002e+00
   3.4543888e+00
   3.4537614e+00
   3.4531180e+00
   3.4524585e+00
   3.4517829e+00
   3.4510910e+00
   3.4503830e+00
   3.4496586e+00
   3.4489179e+00
   3.4481607e+00
   3.4473871e+00
   3.4465970e+00
   3.4457904e+00
   3.4449671e+00
   3.4441271e+00
   3.4432704e+00
   3.4423968e+00
   3.4415065e+00
   3.4405992e+00
   3.4396749e+00
   3.4387337e+00
   3.4377753e+00
   3.4367998e+00
   3.4358070e+00
   3.4347970e+00
   3.4337697e+00
   3.4327250e+00
   3.4316628e+00
   3.4305831e+00
   3.4294858e+00
   3.4283709e+00
   3.4272382e+00
   3.4260878e+00
   3.4249195e+00
   3.4237334e+00
   3.4225292e+00
   3.4213071e+00
   3.4200668e+00
   3.4188083e+00
   3.4175316e+00
   3.4162366e+00
   3.4149231e+00
   3.4135913e+00
   3.4122409e+00
   3.4108719e+00
   3.4094843e+00
   3.4080779e+00
   3.4066527e+00
   3.4052086e+00
   3.4037455e+00
   3.4022634e+00
   3.4007622e+00
   3.3992418e+00
   3.3977022e+00
   3.3961432e+00
   3.3945648e+00
   3.3929669e+00
   3.3913494e+00
   3.3897123e+00
   3.3880554e+00
   3.3863787e+00
   3.3846821e+00
   3.3829656e+00
   3.3812290e+00
   3.3794722e+00
   3.3776952e+00
   3.3758979e+00
   3.3740802e+00
   3.3722420e+00
   3.3703832e+00
   3.3685038e+00
   3.3666036e+00
   3.3646826e+00
   3.3627407e+00
   3.3607778e+00
   3.3587937e+00
   3.3567885e+00
   3.3547620e+00
   3.3527141e+00
   3.3506447e+00
   3.3485537e+00
   3.3464411e+00
   3.3443068e+00
   3.3421506e+00
   3.3399724e+00
   3.3377722e+00
   3.3355499e+00
   3.3333053e+00
   3.3310383e+00
   3.3287489e+00
   3.3264370e+00
   3.3241024e+00
   3.3217451e+00
   3.3193650e+00
   3.3169618e+00
   3.3145356e+00
   3.3120863e+00
   3.3096137e+00
   3.3071177e+00
   3.3045982e+00
   3.3020551e+00
   3.2994883e+00
   3.2968977e+00
   3.2942832e+00
   3.2916447e+00
   3.2889820e+00
   3.2862950e+00
   3.2835837e+00
   3.2808479e+00
   3.2780875e+00
   3.2753023e+00
   3.2724924e+00
   3.2696575e+00
   3.2667975e+00
   3.2639124e+00
   3.2610019e+00
   3.2580660e+00
   3.2551046e+00
   3.2521175e+00
   3.2491046e+00
   3.2460658e+00
   3.2430010e+00
   3.2399100e+00
   3.2367927e+00
   3.2336491e+00
   3.2304789e+00
   3.2272820e+00
   3.2240584e+00
   3.2208078e+00
   3.2175302e+00
   3.2142254e+00
   3.2108933e+00
   3.2075338e+00
   3.2041467e+00
   3.2007320e+00
   3.1972894e+00
   3.1938188e+00
   3.1903201e+00
   3.1867932e+00
   3.1832380e+00
   3.1796542e+00
   3.1760418e+00
   3.1724006e+00
   3.1687305e+00
   3.1650314e+00
   3.1613031e+00
   3.1575454e+00
   3.1537583e+00
   3.1499416e+00
   3.1460951e+00
   3.1422188e+00
   3.1383124e+00
   3.1343759e+00
   3.1304090e+00
   3.1264117e+00
   3.1223838e+00
   3.1183251e+00
   3.1142356e+00
   3.1101150e+00
   3.1059633e+00
   3.1017802e+00
   3.0975657e+00
   3.0933195e+00
   3.0890416e+00
   3.0847318e+00
   3.0803899e+00
   3.0760159e+00
   3.0716095e+00
   3.0671705e+00
   3.0626990e+00
   3.0581947e+00
   3.0536574e+00
   3.0490870e+00
   3.0444834e+00
   3.0398464e+00
   3.0351758e+00
   3.0304716e+00
   3.0257335e+00
   3.0209615e+00
   3.0161553e+00
   3.0113148e+00
   3.0064399e+00
   3.0015304e+00
   2.9965861e+00
   2.9916070e+00
   2.9865928e+00
   2.9815435e+00
   2.9764587e+00
   2.9713385e+00
   2.9661827e+00
   2.9609911e+00
   2.9557635e+00
   2.9504998e+00
   2.9451999e+00
   2.9398636e+00
   2.9344907e+00
   2.9290812e+00
   2.9236348e+00
   2.9181514e+00
   2.9126309e+00
   2.9070731e+00
   2.9014779e+00
   2.8958450e+00
   2.8901745e+00
   2.8844660e+00
   2.8787195e+00
   2.8729349e+00
   2.8671119e+00
   2.8612505e+00
   2.8553504e+00
   2.8494116e+00
   2.8434339e+00
   2.8374171e+00
   2.8313612e+00
   2.8252659e+00
   2.8191312e+00
   2.8129568e+00
   2.8067427e+00
   2.8004886e+00
   2.7941946e+00
   2.7878603e+00
   2.7814858e+00
   2.7750708e+00
   2.7686152e+00
   2.7621189e+00
   2.7555817e+00
   2.7490035e+00
   2.7423842e+00
   2.7357237e+00
   2.7290217e+00
   2.7222783e+00
   2.7154932e+00
   2.7086663e+00
   2.7017975e+00
   2.6948867e+00
   2.6879337e+00
   2.6809385e+00
   2.6739009e+00
   2.6668208e+00
   2.6596980e+00
   2.6525325e+00
   2.6453241e+00
   2.6380727e+00
   2.6307782e+00
   2.6234405e+00
   2.6160596e+00
   2.6086351e+00
   2.6011672e+00
   2.5936556e+00
   2.5861003e+00
   2.5785011e+00
   2.5708580e+00
   2.5631709e+00
   2.5554396e+00
   2.5476641e+00
   2.5398443e+00
   2.5319801e+00
   2.5240714e+00
   2.5161181e+00
   2.5081201e+00
   2.5000774e+00
   2.4919899e+00
   2.4838575e+00
   2.4756802e+00
   2.4674578e+00
   2.4591903e+00
   2.4508777e+00
   2.4425198e+00
   2.4341166e+00
   2.4256681e+00
   2.4171742e+00
   2.4086349e+00
   2.4000501e+00
   2.3914197e+00
   2.3827438e+00
   2.3740222e+00
   2.3652551e+00
   2.3564422e+00
   2.3475837e+00
   2.3386794e+00
   2.3297294e+00
   2.3207337e+00
   2.3116922e+00
   2.3026049e+00
   2.2934719e+00
   2.2842931e+00
   2.2750686e+00
   2.2657983e+00
   2.2564822e+00
   2.2471205e+00
   2.2377130e+00
   2.2282599e+00
   2.2187612e+00
   2.2092169e+00
   2.1996271e+00
   2.1899917e+00
   2.1803110e+00
   2.1705849e+00
   2.1608134e+00
   2.1509968e+00
   2.1411349e+00
   2.1312280e+00
   2.1212762e+00
   2.1112794e+00
   2.1012379e+00
   2.0911517e+00
   2.0810210e+00
   2.0708458e+00
   2.0606263e+00
   2.0503627e+00
   2.0400550e+00
   2.0297035e+00
   2.0193082e+00
   2.0088695e+00
   1.9983873e+00
   1.9878620e+00
   1.9772937e+00
   1.9666825e+00
   1.9560288e+00
   1.9453327e+00
   1.9345945e+00
   1.9238143e+00
   1.9129925e+00
   1.9021293e+00
   1.8912248e+00
   1.8802795e+00
   1.8692936e+00
   1.8582673e+00
   1.8472011e+00
   1.8360951e+00
   1.8249497e+00
   1.8137652e+00
   1.8025421e+00
   1.7912805e+00
   1.7799810e+00
   1.7686438e+00
   1.7572694e+00
   1.7458582e+00
   1.7344105e+00
   1.7229268e+00
   1.7114075e+00
   1.6998532e+00
   1.6882641e+00
   1.6766408e+00
   1.6649839e+00
   1.6532937e+00
   1.6415709e+00
   1.6298158e+00
   1.6180292e+00
   1.6062114e+00
   1.5943632e+00
   1.5824851e+00
   1.5705776e+00
   1.5586414e+00
   1.5466772e+00
   1.5346855e+00
   1.5226670e+00
   1.5106225e+00
   1.4985525e+00
   1.4864578e+00
   1.4743391e+00
   1.4621972e+00
   1.4500329e+00
   1.4378468e+00
   1.4256397e+00
   1.4134126e+00
   1.4011662e+00
   1.3889013e+00
   1.3766188e+00
   1.3643196e+00
   1.3520046e+00
   1.3396747e+00
   1.3273308e+00
   1.3149739e+00
   1.3026049e+00
   1.2902248e+00
   1.2778347e+00
   1.2654356e+00
   1.2530284e+00
   1.2406143e+00
   1.2281943e+00
   1.2157695e+00
   1.2033411e+00
   1.1909102e+00
   1.1784780e+00
   1.1660455e+00
   1.1536141e+00
   1.1411849e+00
   1.1287592e+00
   1.1163381e+00
   1.1039231e+00
   1.0915153e+00
   1.0791160e+00
   1.0667267e+00
   1.0543486e+00
   1.0419831e+00
   1.0296316e+00
   1.0172954e+00
   1.0049761e+00
   9.9267494e-01
   9.8039346e-01
   9.6813312e-01
   9.5589538e-01
   9.4368176e-01
   9.3149375e-01
   9.1933289e-01
   9.0720073e-01
   8.9509880e-01
   8.8302870e-01
   8.7099199e-01
   8.5899028e-01
   8.4702517e-01
   8.3509828e-01
   8.2321124e-01
   8.1136569e-01
   7.9956328e-01
   7.8780567e-01
   7.7609452e-01
   7.6443151e-01
   7.5281831e-01
   7.4125661e-01
   7.2974810e-01
   7.1829447e-01
   7.0689741e-01
   6.9555862e-01
   6.8427980e-01
   6.7306264e-01
   6.6190883e-01
   6.5082007e-01
   6.3979805e-01
   6.2884444e-01
   6.1796093e-01
   6.0714917e-01
   5.9641083e-01
   5.8574755e-01
   5.7516098e-01
   5.6465273e-01
   5.5422441e-01
   5.4387763e-01
   5.3361394e-01
   5.2343492e-01
   5.1334209e-01
   5.0333698e-01
   4.9342107e-01
   4.8359584e-01
   4.7386272e-01
   4.6422314e-01
   4.5467847e-01
   4.4523007e-01
   4.3587926e-01
   4.2662733e-01
   4.1747554e-01
   4.0842511e-01
   3.9947721e-01
   3.9063298e-01
   3.8189353e-01
   3.7325991e-01
   3.6473314e-01
   3.5631418e-01
   3.4800396e-01
   3.3980336e-01
   3.3171321e-01
   3.2373427e-01
   3.1586729e-01
   3.0811293e-01
   3.0047182e-01
   2.9294452e-01
   2.8553156e-01
   2.7823339e-01
   2.7105041e-01
   2.6398298e-01
   2.5703137e-01
   2.5019583e-01
   2.4347652e-01
   2.3687357e-01
   2.3038702e-01
   2.2401687e-01
   2.1776306e-01
   2.1162547e-01
   2.0560392e-01
   1.9969817e-01
   1.9390791e-01
   1.8823280e-01
   1.8267242e-01
   1.7722630e-01
   1.7189390e-01
   1.6667465e-01
   1.6156791e-01
   1.5657298e-01
   1.5168911e-01
   1.4691551e-01
   1.4225132e-01
   1.3769565e-01
   1.3324754e-01
   1.2890600e-01
   1.2466999e-01
   1.2053842e-01
   1.1651016e-01
   1.1258404e-01
   1.0875885e-01
   1.0503334e-01
   1.0140623e-01
   9.7876198e-02
   9.4441897e-02
   9.1101943e-02
   8.7854928e-02
   8.4699414e-02
   8.1633942e-02
   7.8657026e-02
   7.5767163e-02
   7.2962829e-02
   7.0242483e-02
   6.7604570e-02
   6.5047521e-02
   6.2569759e-02
   6.0169695e-02
   5.7845732e-02
   5.5596271e-02
   5.3419707e-02
   5.1314436e-02
   4.9278850e-02
   4.7311347e-02
   4.5410327e-02
   4.3574194e-02
   4.1801360e-02
   4.0090247e-02
   3.8439283e-02
   3.6846909e-02
   3.5311581e-02
   3.3831764e-02
   3.2405943e-02
   3.1032616e-02
   2.9710300e-02
   2.8437529e-02
   2.7212858e-02
   2.6034863e-02
   2.4902138e-02
   2.3813302e-02
   2.2766996e-02
   2.1761884e-02
   2.0796653e-02
   1.9870017e-02
   1.8980714e-02
   1.8127505e-02
   1.7309181e-02
   1.6524556e-02
   1.5772472e-02
   1.5051796e-02
   1.4361422e-02
   1.3700273e-02
   1.3067295e-02
   1.2461464e-02
   1.1881781e-02
   1.1327274e-02
   1.0796999e-02
   1.0290036e-02
   9.8054924e-03
   9.3425016e-03
   8.9002225e-03
   8.4778393e-03
   8.0745615e-03
   7.6896230e-03
   7.3222824e-03
   6.9718221e-03
   6.6375480e-03
   6.3187894e-03
   6.0148980e-03
   5.7252480e-03
   5.4492353e-03
   5.1862772e-03
   4.9358117e-03
   4.6972973e-03
   4.4702124e-03
   4.2540547e-03
   4.0483407e-03
   3.8526054e-03
   3.6664016e-03
   3.4892997e-03
   3.3208866e-03
   3.1607659e-03
   3.0085569e-03
   2.8638944e-03
   2.7264281e-03
   2.5958221e-03
   2.4717544e-03
   2.3539169e-03
   2.2420139e-03
   2.1357630e-03
   2.0348934e-03
   1.9391463e-03
   1.8482743e-03
   1.7620406e-03
   1.6802191e-03
   1.6025939e-03
   1.5289585e-03
   1.4591159e-03
   1.3928783e-03
   1.3300661e-03
   1.2705084e-03
   1.2140418e-03
