   1.3864685e+00
   1.3859943e+00
   1.3855203e+00
   1.3850466e+00
   1.3845730e+00
   1.3840997e+00
   1.3836265e+00
   1.3831536e+00
   1.3826809e+00
   1.3822084e+00
   1.3817361e+00
   1.3812640e+00
   1.3807922e+00
   1.3803205e+00
   1.3798490e+00
   1.3793778e+00
   1.3789068e+00
   1.3784359e+00
   1.3779653e+00
   1.3774949e+00
   1.3770247e+00
   1.3765547e+00
   1.3760849e+00
   1.3756154e+00
   1.3751460e+00
   1.3746768e+00
   1.3742079e+00
   1.3737391e+00
   1.3732706e+00
   1.3728023e+00
   1.3723341e+00
   1.3718662e+00
   1.3713985e+00
   1.3709310e+00
   1.3704637e+00
   1.3699966e+00
   1.3695297e+00
   1.3690630e+00
   1.3685965e+00
   1.3681303e+00
   1.3676642e+00
   1.3671983e+00
   1.3667327e+00
   1.3662672e+00
   1.3658020e+00
   1.3653369e+00
   1.3648721e+00
   1.3644075e+00
   1.3639430e+00
   1.3634788e+00
   1.3630148e+00
   1.3625509e+00
   1.3620873e+00
   1.3616239e+00
   1.3611607e+00
   1.3606977e+00
   1.3602349e+00
   1.3597723e+00
   1.3593099e+00
   1.3588477e+00
   1.3583857e+00
   1.3579239e+00
   1.3574623e+00
   1.3570009e+00
   1.3565397e+00
   1.3560787e+00
   1.3556179e+00
   1.3551573e+00
   1.3546969e+00
   1.3542367e+00
   1.3537767e+00
   1.3533169e+00
   1.3528573e+00
   1.3523979e+00
   1.3519388e+00
   1.3514798e+00
   1.3510210e+00
   1.3505624e+00
   1.3501040e+00
   1.3496458e+00
   1.3491878e+00
   1.3487300e+00
   1.3482724e+00
   1.3478150e+00
   1.3473578e+00
   1.3469008e+00
   1.3464440e+00
   1.3459874e+00
   1.3455309e+00
   1.3450747e+00
   1.3446187e+00
   1.3441629e+00
   1.3437073e+00
   1.3432518e+00
   1.3427966e+00
   1.3423416e+00
   1.3418867e+00
   1.3414321e+00
   1.3409777e+00
   1.3405234e+00
   1.3400693e+00
   1.3396155e+00
   1.3391618e+00
   1.3387084e+00
   1.3382551e+00
   1.3378020e+00
   1.3373491e+00
   1.3368964e+00
   1.3364439e+00
   1.3359916e+00
   1.3355395e+00
   1.3350876e+00
   1.3346359e+00
   1.3341844e+00
   1.3337330e+00
   1.3332819e+00
   1.3328310e+00
   1.3323802e+00
   1.3319297e+00
   1.3314793e+00
   1.3310291e+00
   1.3305791e+00
   1.3301294e+00
   1.3296798e+00
   1.3292304e+00
   1.3287811e+00
   1.3283321e+00
   1.3278833e+00
   1.3274347e+00
   1.3269862e+00
   1.3265380e+00
   1.3260899e+00
   1.3256420e+00
   1.3251944e+00
   1.3247469e+00
   1.3242996e+00
   1.3238525e+00
   1.3234055e+00
   1.3229588e+00
   1.3225123e+00
   1.3220659e+00
   1.3216198e+00
   1.3211738e+00
   1.3207280e+00
   1.3202824e+00
   1.3198370e+00
   1.3193918e+00
   1.3189468e+00
   1.3185020e+00
   1.3180573e+00
   1.3176129e+00
   1.3171686e+00
   1.3167245e+00
   1.3162806e+00
   1.3158369e+00
   1.3153934e+00
   1.3149501e+00
   1.3145070e+00
   1.3140640e+00
   1.3136212e+00
   1.3131787e+00
   1.3127363e+00
   1.3122941e+00
   1.3118520e+00
   1.3114102e+00
   1.3109686e+00
   1.3105271e+00
   1.3100858e+00
   1.3096447e+00
   1.3092038e+00
   1.3087631e+00
   1.3083226e+00
   1.3078823e+00
   1.3074421e+00
   1.3070021e+00
   1.3065623e+00
   1.3061227e+00
   1.3056833e+00
   1.3052441e+00
   1.3048050e+00
   1.3043662e+00
   1.3039275e+00
   1.3034890e+00
   1.3030507e+00
   1.3026126e+00
   1.3021746e+00
   1.3017368e+00
   1.3012993e+00
   1.3008619e+00
   1.3004247e+00
   1.2999876e+00
   1.2995508e+00
   1.2991141e+00
   1.2986777e+00
   1.2982414e+00
   1.2978052e+00
   1.2973693e+00
   1.2969336e+00
   1.2964980e+00
   1.2960626e+00
   1.2956274e+00
   1.2951924e+00
   1.2947575e+00
   1.2943229e+00
   1.2938884e+00
   1.2934541e+00
   1.2930200e+00
   1.2925860e+00
   1.2921523e+00
   1.2917187e+00
   1.2912853e+00
   1.2908521e+00
   1.2904191e+00
   1.2899862e+00
   1.2895536e+00
   1.2891211e+00
   1.2886888e+00
   1.2882566e+00
   1.2878247e+00
   1.2873929e+00
   1.2869613e+00
   1.2865299e+00
   1.2860986e+00
   1.2856676e+00
   1.2852367e+00
   1.2848060e+00
   1.2843755e+00
   1.2839451e+00
   1.2835150e+00
   1.2830850e+00
   1.2826552e+00
   1.2822255e+00
   1.2817961e+00
   1.2813668e+00
   1.2809377e+00
   1.2805088e+00
   1.2800800e+00
   1.2796515e+00
   1.2792231e+00
   1.2787949e+00
   1.2783668e+00
   1.2779390e+00
   1.2775113e+00
   1.2770838e+00
   1.2766564e+00
   1.2762293e+00
   1.2758023e+00
   1.2753755e+00
   1.2749489e+00
   1.2745224e+00
   1.2740962e+00
   1.2736701e+00
   1.2732441e+00
   1.2728184e+00
   1.2723928e+00
   1.2719674e+00
   1.2715422e+00
   1.2711171e+00
   1.2706923e+00
   1.2702675e+00
   1.2698430e+00
   1.2694187e+00
   1.2689945e+00
   1.2685705e+00
   1.2681467e+00
   1.2677230e+00
   1.2672995e+00
   1.2668762e+00
   1.2664531e+00
   1.2660301e+00
   1.2656073e+00
   1.2651847e+00
   1.2647622e+00
   1.2643400e+00
   1.2639179e+00
   1.2634959e+00
   1.2630742e+00
   1.2626526e+00
   1.2622312e+00
   1.2618100e+00
   1.2613889e+00
   1.2609680e+00
   1.2605473e+00
   1.2601267e+00
   1.2597063e+00
   1.2592861e+00
   1.2588661e+00
   1.2584462e+00
   1.2580265e+00
   1.2576070e+00
   1.2571877e+00
   1.2567685e+00
   1.2563495e+00
   1.2559306e+00
   1.2555120e+00
   1.2550935e+00
   1.2546751e+00
   1.2542570e+00
   1.2538390e+00
   1.2534212e+00
   1.2530035e+00
   1.2525860e+00
   1.2521687e+00
   1.2517516e+00
   1.2513346e+00
   1.2509178e+00
   1.2505012e+00
   1.2500847e+00
   1.2496684e+00
   1.2492523e+00
   1.2488363e+00
   1.2484205e+00
   1.2480049e+00
   1.2475894e+00
   1.2471742e+00
   1.2467590e+00
   1.2463441e+00
   1.2459293e+00
   1.2455147e+00
   1.2451002e+00
   1.2446860e+00
   1.2442718e+00
   1.2438579e+00
   1.2434441e+00
   1.2430305e+00
   1.2426171e+00
   1.2422038e+00
   1.2417907e+00
   1.2413777e+00
   1.2409649e+00
   1.2405523e+00
   1.2401399e+00
   1.2397276e+00
   1.2393155e+00
   1.2389035e+00
   1.2384917e+00
   1.2380801e+00
   1.2376687e+00
   1.2372574e+00
   1.2368463e+00
   1.2364353e+00
   1.2360245e+00
   1.2356139e+00
   1.2352034e+00
   1.2347931e+00
   1.2343830e+00
   1.2339730e+00
   1.2335632e+00
   1.2331536e+00
   1.2327441e+00
   1.2323348e+00
   1.2319257e+00
   1.2315167e+00
   1.2311079e+00
   1.2306992e+00
   1.2302907e+00
   1.2298824e+00
   1.2294742e+00
   1.2290662e+00
   1.2286584e+00
   1.2282507e+00
   1.2278432e+00
   1.2274359e+00
   1.2270287e+00
   1.2266217e+00
   1.2262148e+00
   1.2258081e+00
   1.2254016e+00
   1.2249952e+00
   1.2245890e+00
   1.2241830e+00
   1.2237771e+00
   1.2233713e+00
   1.2229658e+00
   1.2225604e+00
   1.2221551e+00
   1.2217501e+00
   1.2213451e+00
   1.2209404e+00
   1.2205358e+00
   1.2201314e+00
   1.2197271e+00
   1.2193230e+00
   1.2189190e+00
   1.2185152e+00
   1.2181116e+00
   1.2177081e+00
   1.2173048e+00
   1.2169017e+00
   1.2164987e+00
   1.2160959e+00
   1.2156932e+00
   1.2152907e+00
   1.2148883e+00
   1.2144862e+00
   1.2140841e+00
   1.2136823e+00
   1.2132805e+00
   1.2128790e+00
   1.2124776e+00
   1.2120764e+00
   1.2116753e+00
   1.2112744e+00
   1.2108736e+00
   1.2104730e+00
   1.2100726e+00
   1.2096723e+00
   1.2092722e+00
   1.2088722e+00
   1.2084724e+00
   1.2080727e+00
   1.2076733e+00
   1.2072739e+00
   1.2068747e+00
   1.2064757e+00
   1.2060769e+00
   1.2056782e+00
   1.2052796e+00
   1.2048812e+00
   1.2044830e+00
   1.2040849e+00
   1.2036870e+00
   1.2032892e+00
   1.2028916e+00
   1.2024942e+00
   1.2020969e+00
   1.2016998e+00
   1.2013028e+00
   1.2009060e+00
   1.2005093e+00
   1.2001128e+00
   1.1997164e+00
   1.1993202e+00
   1.1989242e+00
   1.1985283e+00
   1.1981326e+00
   1.1977370e+00
   1.1973416e+00
   1.1969463e+00
   1.1965512e+00
   1.1961563e+00
   1.1957615e+00
   1.1953668e+00
   1.1949723e+00
   1.1945780e+00
   1.1941838e+00
   1.1937898e+00
   1.1933959e+00
   1.1930022e+00
   1.1926086e+00
   1.1922152e+00
   1.1918220e+00
   1.1914289e+00
   1.1910359e+00
   1.1906431e+00
   1.1902505e+00
   1.1898580e+00
   1.1894657e+00
   1.1890735e+00
   1.1886815e+00
   1.1882896e+00
   1.1878979e+00
   1.1875063e+00
   1.1871149e+00
   1.1867236e+00
   1.1863325e+00
   1.1859416e+00
   1.1855508e+00
   1.1851601e+00
   1.1847696e+00
   1.1843793e+00
   1.1839891e+00
   1.1835990e+00
   1.1832091e+00
   1.1828194e+00
   1.1824298e+00
   1.1820404e+00
   1.1816511e+00
   1.1812620e+00
   1.1808730e+00
   1.1804842e+00
   1.1800955e+00
   1.1797070e+00
   1.1793186e+00
   1.1789304e+00
   1.1785423e+00
   1.1781544e+00
   1.1777666e+00
   1.1773790e+00
   1.1769915e+00
   1.1766042e+00
   1.1762170e+00
   1.1758300e+00
   1.1754431e+00
   1.1750564e+00
   1.1746698e+00
   1.1742834e+00
   1.1738971e+00
   1.1735110e+00
   1.1731250e+00
   1.1727392e+00
   1.1723536e+00
   1.1719680e+00
   1.1715827e+00
   1.1711974e+00
   1.1708124e+00
   1.1704274e+00
   1.1700427e+00
   1.1696580e+00
   1.1692736e+00
   1.1688892e+00
   1.1685050e+00
   1.1681210e+00
   1.1677371e+00
   1.1673534e+00
   1.1669698e+00
   1.1665864e+00
   1.1662031e+00
   1.1658199e+00
   1.1654369e+00
   1.1650541e+00
   1.1646714e+00
   1.1642888e+00
   1.1639064e+00
   1.1635242e+00
   1.1631421e+00
   1.1627601e+00
   1.1623783e+00
   1.1619966e+00
   1.1616151e+00
   1.1612337e+00
   1.1608525e+00
   1.1604714e+00
   1.1600905e+00
   1.1597097e+00
   1.1593290e+00
   1.1589485e+00
   1.1585682e+00
   1.1581880e+00
   1.1578079e+00
   1.1574280e+00
   1.1570482e+00
   1.1566686e+00
   1.1562892e+00
   1.1559098e+00
   1.1555306e+00
   1.1551516e+00
   1.1547727e+00
   1.1543940e+00
   1.1540154e+00
   1.1536369e+00
   1.1532586e+00
   1.1528804e+00
   1.1525024e+00
   1.1521245e+00
   1.1517468e+00
   1.1513692e+00
   1.1509918e+00
   1.1506145e+00
   1.1502373e+00
   1.1498603e+00
   1.1494848e+00
   1.3059720e+00
   1.4594770e+00
   1.6101683e+00
   1.7582753e+00
   1.9040111e+00
   2.0475758e+00
   2.1891583e+00
   2.3289383e+00
   2.4670884e+00
   2.6037766e+00
   2.7391691e+00
   2.8734358e+00
   3.0067559e+00
   3.1393269e+00
   3.2713774e+00
   3.4031834e+00
   3.5350925e+00
   3.6675567e+00
   3.8011794e+00
   3.9367838e+00
   4.0755130e+00
   4.2189852e+00
   4.3695384e+00
   4.5306473e+00
   4.7076552e+00
   4.9091507e+00
   5.1497297e+00
   5.4560142e+00
   5.8807795e+00
   6.5391472e+00
   7.7112418e+00
   1.0203292e+01
   1.4703519e+01
   1.7590738e+01
   1.8729861e+01
   1.9096976e+01
   1.9163031e+01
   1.9111783e+01
   1.9011756e+01
   1.8888358e+01
   1.8751270e+01
   1.8604545e+01
   1.8450243e+01
   1.8289709e+01
   1.8124006e+01
   1.7954057e+01
   1.7780709e+01
   1.7604718e+01
   1.7426773e+01
   1.7247489e+01
   1.6941848e+01
   1.6645291e+01
   1.6358007e+01
   1.6080040e+01
   1.5811343e+01
   1.5551807e+01
   1.5301268e+01
   1.5059515e+01
   1.4826315e+01
   1.4601412e+01
   1.4384534e+01
   1.4175396e+01
   1.3973716e+01
   1.3779204e+01
   1.3591572e+01
   1.3410534e+01
   1.3235815e+01
   1.3067137e+01
   1.2904238e+01
   1.2746855e+01
   1.2594740e+01
   1.2447651e+01
   1.2305354e+01
   1.2167627e+01
   1.2034253e+01
   1.1905026e+01
   1.1779749e+01
   1.1658235e+01
   1.1540302e+01
   1.1425783e+01
   1.1314512e+01
   1.1206331e+01
   1.1101094e+01
   1.0998662e+01
   1.0898897e+01
   1.0801672e+01
   1.0706872e+01
   1.0614378e+01
   1.0524081e+01
   1.0435877e+01
   1.0349673e+01
   1.0265373e+01
   1.0182889e+01
   1.0102138e+01
   1.0023041e+01
   9.9455236e+00
   9.8695191e+00
   9.7949572e+00
   9.7217754e+00
   9.6499131e+00
   9.5793137e+00
   9.5099249e+00
   9.4416973e+00
   9.3745817e+00
   9.3085350e+00
   9.2435106e+00
   9.1794706e+00
   9.1163762e+00
   9.0541928e+00
   8.9928839e+00
   8.9324180e+00
   8.8727648e+00
   8.8138959e+00
   8.7557842e+00
   8.6984026e+00
   8.6417275e+00
   8.5857344e+00
   8.5304047e+00
   8.4757168e+00
   8.4216491e+00
   8.3681843e+00
   8.3153054e+00
   8.2629945e+00
   8.2112375e+00
   8.1600188e+00
   8.1093230e+00
   8.0591382e+00
   8.0094504e+00
   7.9602495e+00
   7.9115232e+00
   7.8632609e+00
   7.8154527e+00
   7.7680883e+00
   7.7211578e+00
   7.6746547e+00
   7.6285684e+00
   7.5828926e+00
   7.5376183e+00
   7.4927396e+00
   7.4482488e+00
   7.4041406e+00
   7.3604076e+00
   7.3170452e+00
   7.2740456e+00
   7.2314057e+00
   7.1891187e+00
   7.1471810e+00
   7.1055867e+00
   7.0643312e+00
   7.0234104e+00
   6.9828202e+00
   6.9425570e+00
   6.9026171e+00
   6.8629969e+00
   6.8236926e+00
   6.7846986e+00
   6.7460149e+00
   6.7076370e+00
   6.6695616e+00
   6.6317857e+00
   6.5943074e+00
   6.5571236e+00
   6.5202307e+00
   6.4836268e+00
   6.4473093e+00
   6.4112750e+00
   6.3755219e+00
   6.3400473e+00
   6.3048497e+00
   6.2699267e+00
   6.2352754e+00
   6.2008949e+00
   6.1667827e+00
   6.1329351e+00
   6.0993520e+00
   6.0660303e+00
   6.0329682e+00
   6.0001646e+00
   5.9676181e+00
   5.9353268e+00
   5.9032886e+00
   5.8715014e+00
   5.8399619e+00
   5.8086696e+00
   5.7776233e+00
   5.7468208e+00
   5.7162607e+00
   5.6859416e+00
   5.6558614e+00
   5.6260193e+00
   5.5964123e+00
   5.5670393e+00
   5.5378992e+00
   5.5089903e+00
   5.4803110e+00
   5.4518596e+00
   5.4236344e+00
   5.3956339e+00
   5.3678575e+00
   5.3403027e+00
   5.3129684e+00
   5.2858540e+00
   5.2589572e+00
   5.2322771e+00
   5.2058117e+00
   5.1795590e+00
   5.1535184e+00
   5.1276888e+00
   5.1020687e+00
   5.0766556e+00
   5.0514488e+00
   5.0264471e+00
   5.0016492e+00
   4.9770525e+00
   4.9526574e+00
   4.9284624e+00
   4.9044661e+00
   4.8806671e+00
   4.8570640e+00
   4.8336555e+00
   4.8104402e+00
   4.7874166e+00
   4.7645837e+00
   4.7419402e+00
   4.7194848e+00
   4.6972174e+00
   4.6751358e+00
   4.6532388e+00
   4.6315249e+00
   4.6099928e+00
   4.5886441e+00
   4.5674755e+00
   4.5464876e+00
   4.5256779e+00
   4.5050452e+00
   4.4845898e+00
   4.4643106e+00
   4.4442063e+00
   4.4242777e+00
   4.4045221e+00
   4.3849402e+00
   4.3655325e+00
   4.3462981e+00
   4.3272365e+00
   4.3083493e+00
   4.2896320e+00
   4.2710871e+00
   4.2527154e+00
   4.2345155e+00
   4.2164893e+00
   4.1986356e+00
   4.1809565e+00
   4.1634517e+00
   4.1461225e+00
   4.1289681e+00
   4.1119897e+00
   4.0951882e+00
   4.0785639e+00
   4.0621180e+00
   4.0458513e+00
   4.0297638e+00
   4.0138562e+00
   3.9981292e+00
   3.9825836e+00
   3.9672194e+00
   3.9520367e+00
   3.9370362e+00
   3.9222173e+00
   3.9075809e+00
   3.8931261e+00
   3.8788528e+00
   3.8647606e+00
   3.8508491e+00
   3.8371178e+00
   3.8235654e+00
   3.8101912e+00
   3.7969940e+00
   3.7839725e+00
   3.7711274e+00
   3.7584544e+00
   3.7459537e+00
   3.7336231e+00
   3.7214618e+00
   3.7094681e+00
   3.6976403e+00
   3.6859780e+00
   3.6744763e+00
   3.6631354e+00
   3.6519533e+00
   3.6409282e+00
   3.6300584e+00
   3.6193421e+00
   3.6087775e+00
   3.5983626e+00
   3.5880958e+00
   3.5779753e+00
   3.5679988e+00
   3.5581652e+00
   3.5484723e+00
   3.5389177e+00
   3.5295008e+00
   3.5202187e+00
   3.5110704e+00
   3.5020544e+00
   3.4931687e+00
   3.4844116e+00
   3.4757814e+00
   3.4672770e+00
   3.4588976e+00
   3.4506393e+00
   3.4425019e+00
   3.4344843e+00
   3.4265847e+00
   3.4188014e+00
   3.4111328e+00
   3.4035771e+00
   3.3961330e+00
   3.3887994e+00
   3.3815748e+00
   3.3744587e+00
   3.3674487e+00
   3.3605441e+00
   3.3537441e+00
   3.3470476e+00
   3.3404518e+00
   3.3339557e+00
   3.3275596e+00
   3.3212613e+00
   3.3150593e+00
   3.3089528e+00
   3.3029409e+00
   3.2970223e+00
   3.2911960e+00
   3.2854609e+00
   3.2798153e+00
   3.2742592e+00
   3.2687908e+00
   3.2634096e+00
   3.2581144e+00
   3.2529040e+00
   3.2477777e+00
   3.2427338e+00
   3.2377723e+00
   3.2328919e+00
   3.2280914e+00
   3.2233705e+00
   3.2187278e+00
   3.2141626e+00
   3.2096742e+00
   3.2052616e+00
   3.2009237e+00
   3.1966596e+00
   3.1924684e+00
   3.1883502e+00
   3.1843028e+00
   3.1803264e+00
   3.1764194e+00
   3.1725817e+00
   3.1688119e+00
   3.1651097e+00
   3.1614744e+00
   3.1579054e+00
   3.1544013e+00
   3.1509615e+00
   3.1475855e+00
   3.1442722e+00
   3.1410220e+00
   3.1378332e+00
   3.1347057e+00
   3.1316383e+00
   3.1286320e+00
   3.1256832e+00
   3.1227934e+00
   3.1199610e+00
   3.1171857e+00
   3.1144672e+00
   3.1118039e+00
   3.1091967e+00
   3.1066433e+00
   3.1041437e+00
   3.1016980e+00
   3.0993057e+00
   3.0969653e+00
   3.0946758e+00
   3.0924376e+00
   3.0902499e+00
   3.0881119e+00
   3.0860237e+00
   3.0839851e+00
   3.0819945e+00
   3.0800512e+00
   3.0781551e+00
   3.0763060e+00
   3.0745035e+00
   3.0727467e+00
   3.0710355e+00
   3.0693688e+00
   3.0677466e+00
   3.0661679e+00
   3.0646324e+00
   3.0631401e+00
   3.0616904e+00
   3.0602836e+00
   3.0589177e+00
   3.0575922e+00
   3.0563078e+00
   3.0550645e+00
   3.0538602e+00
   3.0526946e+00
   3.0515689e+00
   3.0504829e+00
   3.0494337e+00
   3.0484229e+00
   3.0474487e+00
   3.0465109e+00
   3.0456096e+00
   3.0447453e+00
   3.0439176e+00
   3.0431240e+00
   3.0423654e+00
   3.0416416e+00
   3.0409528e+00
   3.0402985e+00
   3.0396780e+00
   3.0390897e+00
   3.0385348e+00
   3.0380130e+00
   3.0375236e+00
   3.0370647e+00
   3.0366378e+00
   3.0362425e+00
   3.0358780e+00
   3.0355446e+00
   3.0352405e+00
   3.0349676e+00
   3.0347238e+00
   3.0345087e+00
   3.0343230e+00
   3.0341658e+00
   3.0340368e+00
   3.0339360e+00
   3.0338640e+00
   3.0338193e+00
   3.0338029e+00
   3.0338130e+00
   3.0338504e+00
   3.0339135e+00
   3.0340038e+00
   3.0341194e+00
   3.0342610e+00
   3.0344278e+00
   3.0346211e+00
   3.0348380e+00
   3.0350797e+00
   3.0353472e+00
   3.0356379e+00
   3.0359534e+00
   3.0362918e+00
   3.0366538e+00
   3.0370389e+00
   3.0374478e+00
   3.0378787e+00
   3.0383333e+00
   3.0388093e+00
   3.0393085e+00
   3.0398300e+00
   3.0403724e+00
   3.0409361e+00
   3.0415222e+00
   3.0421288e+00
   3.0427567e+00
   3.0434043e+00
   3.0440728e+00
   3.0447623e+00
   3.0454716e+00
   3.0462027e+00
   3.0469522e+00
   3.0477224e+00
   3.0485106e+00
   3.0493189e+00
   3.0501453e+00
   3.0509923e+00
   3.0518564e+00
   3.0527398e+00
   3.0536406e+00
   3.0545610e+00
   3.0554982e+00
   3.0564549e+00
   3.0574275e+00
   3.0584182e+00
   3.0594263e+00
   3.0604512e+00
   3.0614947e+00
   3.0625532e+00
   3.0636287e+00
   3.0647205e+00
   3.0658287e+00
   3.0669543e+00
   3.0680949e+00
   3.0692525e+00
   3.0704248e+00
   3.0716136e+00
   3.0728184e+00
   3.0740374e+00
   3.0752731e+00
   3.0765226e+00
   3.0777882e+00
   3.0790673e+00
   3.0803620e+00
   3.0816714e+00
   3.0829946e+00
   3.0843333e+00
   3.0856847e+00
   3.0870510e+00
   3.0884314e+00
   3.0898248e+00
   3.0912329e+00
   3.0926547e+00
   3.0940891e+00
   3.0955380e+00
   3.0970000e+00
   3.0984743e+00
   3.0999626e+00
   3.1014638e+00
   3.1029767e+00
   3.1045034e+00
   3.1060426e+00
   3.1075932e+00
   3.1091571e+00
   3.1107332e+00
   3.1123204e+00
   3.1139205e+00
   3.1155324e+00
   3.1171552e+00
   3.1187906e+00
   3.1204373e+00
   3.1220965e+00
   3.1237659e+00
   3.1254469e+00
   3.1271386e+00
   3.1288421e+00
   3.1305563e+00
   3.1322825e+00
   3.1340191e+00
   3.1357658e+00
   3.1375245e+00
   3.1392938e+00
   3.1410728e+00
   3.1428629e+00
   3.1446630e+00
   3.1464741e+00
   3.1482944e+00
   3.1501245e+00
   3.1519651e+00
   3.1538154e+00
   3.1556755e+00
   3.1575449e+00
   3.1594249e+00
   3.1613140e+00
   3.1632144e+00
   3.1651228e+00
   3.1670413e+00
   3.1689687e+00
   3.1709059e+00
   3.1728515e+00
   3.1748067e+00
   3.1767708e+00
   3.1787447e+00
   3.1807267e+00
   3.1827166e+00
   3.1847158e+00
   3.1867238e+00
   3.1887421e+00
   3.1907689e+00
   3.1928029e+00
   3.1948456e+00
   3.1968963e+00
   3.1989559e+00
   3.2010231e+00
   3.2030990e+00
   3.2051827e+00
   3.2072753e+00
   3.2093751e+00
   3.2114836e+00
   3.2135995e+00
   3.2157226e+00
   3.2178543e+00
   3.2199935e+00
   3.2221408e+00
   3.2242953e+00
   3.2264567e+00
   3.2286267e+00
   3.2308038e+00
   3.2329889e+00
   3.2351809e+00
   3.2373797e+00
   3.2395870e+00
   3.2418006e+00
   3.2440205e+00
   3.2462481e+00
   3.2484828e+00
   3.2507250e+00
   3.2529740e+00
   3.2552294e+00
   3.2574916e+00
   3.2597611e+00
   3.2620379e+00
   3.2643208e+00
   3.2666113e+00
   3.2689078e+00
   3.2712102e+00
   3.2735196e+00
   3.2758358e+00
   3.2781580e+00
   3.2804874e+00
   3.2828225e+00
   3.2851634e+00
   3.2875108e+00
   3.2898647e+00
   3.2922247e+00
   3.2945911e+00
   3.2969639e+00
   3.2993422e+00
   3.3017274e+00
   3.3041179e+00
   3.3065139e+00
   3.3089160e+00
   3.3113241e+00
   3.3137380e+00
   3.3161580e+00
   3.3185835e+00
   3.3210151e+00
   3.3234527e+00
   3.3258962e+00
   3.3283442e+00
   3.3307977e+00
   3.3332569e+00
   3.3357220e+00
   3.3381939e+00
   3.3406709e+00
   3.3431523e+00
   3.3456390e+00
   3.3481320e+00
   3.3506296e+00
   3.3531317e+00
   3.3556393e+00
   3.3581527e+00
   3.3606714e+00
   3.3631957e+00
   3.3657243e+00
   3.3682581e+00
   3.3707974e+00
   3.3733420e+00
   3.3758908e+00
   3.3784443e+00
   3.3810046e+00
   3.3835694e+00
   3.3861391e+00
   3.3887132e+00
   3.3912916e+00
   3.3938753e+00
   3.3964655e+00
   3.3990602e+00
   3.4016589e+00
   3.4042623e+00
   3.4068703e+00
   3.4094826e+00
   3.4120997e+00
   3.4147212e+00
   3.4173475e+00
   3.4199799e+00
   3.4226167e+00
   3.4252568e+00
   3.4279009e+00
   3.4305499e+00
   3.4332036e+00
   3.4358617e+00
   3.4385241e+00
   3.4411913e+00
   3.4438628e+00
   3.4465386e+00
   3.4492190e+00
   3.4519039e+00
   3.4545926e+00
   3.4572853e+00
   3.4599825e+00
   3.4626838e+00
   3.4653896e+00
   3.4680998e+00
   3.4708142e+00
   3.4735333e+00
   3.4762563e+00
   3.4789826e+00
   3.4817145e+00
   3.4844493e+00
   3.4871896e+00
   3.4899326e+00
   3.4926811e+00
   3.4954322e+00
   3.4981890e+00
   3.5009480e+00
   3.5037105e+00
   3.5064772e+00
   3.5092479e+00
   3.5120223e+00
   3.5148015e+00
   3.5175839e+00
   3.5203706e+00
   3.5231618e+00
   3.5259566e+00
   3.5287544e+00
   3.5315583e+00
   3.5343638e+00
   3.5371735e+00
   3.5399878e+00
   3.5428056e+00
   3.5456261e+00
   3.5484508e+00
   3.5512789e+00
   3.5541114e+00
   3.5569480e+00
   3.5597868e+00
   3.5626292e+00
   3.5654763e+00
   3.5683273e+00
   3.5711807e+00
   3.5740377e+00
   3.5768983e+00
   3.5797631e+00
   3.5826321e+00
   3.5855035e+00
   3.5883786e+00
   3.5912572e+00
   3.5941391e+00
   3.5970244e+00
   3.5999131e+00
   3.6028052e+00
   3.6057007e+00
   3.6085997e+00
   3.6115022e+00
   3.6144082e+00
   3.6173177e+00
   3.6202307e+00
   3.6231472e+00
   3.6260674e+00
   3.6289911e+00
   3.6319184e+00
   3.6348483e+00
   3.6377819e+00
   3.6407183e+00
   3.6436587e+00
   3.6466032e+00
   3.6495493e+00
   3.6524993e+00
   3.6554520e+00
   3.6584078e+00
   3.6613662e+00
   3.6643293e+00
   3.6672968e+00
   3.6702658e+00
   3.6732389e+00
   3.6762146e+00
   3.6791934e+00
   3.6821748e+00
   3.6851600e+00
   3.6881481e+00
   3.6911392e+00
   3.6941341e+00
   3.6971318e+00
   3.7001324e+00
   3.7031364e+00
   3.7061444e+00
   3.7091565e+00
   3.7121700e+00
   3.7151864e+00
   3.7182069e+00
   3.7212298e+00
   3.7242566e+00
   3.7272855e+00
   3.7303186e+00
   3.7333532e+00
   3.7363908e+00
   3.7394321e+00
   3.7424761e+00
   3.7455242e+00
   3.7485739e+00
   3.7516268e+00
   3.7546834e+00
   3.7577423e+00
   3.7608044e+00
   3.7638692e+00
   3.7669374e+00
   3.7700080e+00
   3.7730820e+00
   3.7761586e+00
   3.7792389e+00
   3.7823213e+00
   3.7854075e+00
   3.7884958e+00
   3.7915883e+00
   3.7946825e+00
   3.7977799e+00
   3.8008802e+00
   3.8039845e+00
   3.8070915e+00
   3.8102004e+00
   3.8133113e+00
   3.8164260e+00
   3.8195428e+00
   3.8226637e+00
   3.8257866e+00
   3.8289127e+00
   3.8320416e+00
   3.8351732e+00
   3.8383093e+00
   3.8414467e+00
   3.8445872e+00
   3.8477306e+00
   3.8508764e+00
   3.8540240e+00
   3.8571755e+00
   3.8603295e+00
   3.8634879e+00
   3.8666477e+00
   3.8698119e+00
   3.8729774e+00
   3.8761474e+00
   3.8793183e+00
   3.8824912e+00
   3.8856687e+00
   3.8888479e+00
   3.8920291e+00
   3.8952150e+00
   3.8984025e+00
   3.9015922e+00
   3.9047868e+00
   3.9079829e+00
   3.9111813e+00
   3.9143824e+00
   3.9175855e+00
   3.9207931e+00
   3.9240025e+00
   3.9272165e+00
   3.9304316e+00
   3.9336491e+00
   3.9368695e+00
   3.9400920e+00
   3.9433191e+00
   3.9465475e+00
   3.9497781e+00
   3.9530117e+00
   3.9562475e+00
   3.9594880e+00
   3.9627298e+00
   3.9659740e+00
   3.9692212e+00
   3.9724708e+00
   3.9757251e+00
   3.9789806e+00
   3.9822388e+00
   3.9854999e+00
   3.9887628e+00
   3.9920287e+00
   3.9952976e+00
   3.9985690e+00
   4.0018432e+00
   4.0051197e+00
   4.0083984e+00
   4.0116797e+00
   4.0149634e+00
   4.0182507e+00
   4.0215399e+00
   4.0248319e+00
   4.0281260e+00
   4.0314238e+00
   4.0347236e+00
   4.0380263e+00
   4.0413313e+00
   4.0446399e+00
   4.0479507e+00
   4.0512646e+00
   4.0545806e+00
   4.0578992e+00
   4.0612202e+00
   4.0645446e+00
   4.0678712e+00
   4.0711999e+00
   4.0745314e+00
   4.0778657e+00
   4.0812027e+00
   4.0845424e+00
   4.0878844e+00
   4.0912286e+00
   4.0945755e+00
   4.0979250e+00
   4.1012767e+00
   4.1046311e+00
   4.1079882e+00
   4.1113476e+00
   4.1147096e+00
   4.1180745e+00
   4.1214416e+00
   4.1248117e+00
   4.1281844e+00
   4.1315594e+00
   4.1349368e+00
   4.1383169e+00
   4.1416991e+00
   4.1450839e+00
   4.1484715e+00
   4.1518620e+00
   4.1552549e+00
   4.1586504e+00
   4.1620485e+00
   4.1654492e+00
   4.1688524e+00
   4.1722582e+00
   4.1756667e+00
   4.1790780e+00
   4.1824917e+00
   4.1859076e+00
   4.1893258e+00
   4.1927465e+00
   4.1961688e+00
   4.1995953e+00
   4.2030233e+00
   4.2064541e+00
   4.2098872e+00
   4.2133222e+00
   4.2167614e+00
   4.2202025e+00
   4.2236458e+00
   4.2270919e+00
   4.2305395e+00
   4.2339905e+00
   4.2374443e+00
   4.2408991e+00
   4.2443562e+00
   4.2478168e+00
   4.2512805e+00
   4.2547458e+00
   4.2582141e+00
   4.2616848e+00
   4.2651580e+00
   4.2686330e+00
   4.2721112e+00
   4.2755926e+00
   4.2790757e+00
   4.2825603e+00
   4.2860494e+00
   4.2895407e+00
   4.2930340e+00
   4.2965303e+00
   4.3000286e+00
   4.3035291e+00
   4.3070328e+00
   4.3105384e+00
   4.3140464e+00
   4.3175575e+00
   4.3210707e+00
   4.3245864e+00
   4.3281052e+00
   4.3316250e+00
   4.3351475e+00
   4.3386721e+00
   4.3421991e+00
   4.3457289e+00
   4.3492620e+00
   4.3527970e+00
   4.3563347e+00
   4.3598749e+00
   4.3634173e+00
   4.3669620e+00
   4.3705095e+00
   4.3740590e+00
   4.3776109e+00
   4.3811654e+00
   4.3847230e+00
   4.3882825e+00
   4.3918447e+00
   4.3954090e+00
   4.3989748e+00
   4.4025437e+00
   4.4061151e+00
   4.4096881e+00
   4.4132649e+00
   4.4168428e+00
   4.4204239e+00
   4.4240076e+00
   4.4275931e+00
   4.4311814e+00
   4.4347730e+00
   4.4383668e+00
   4.4419624e+00
   4.4455612e+00
   4.4491619e+00
   4.4527652e+00
   4.4563713e+00
   4.4599796e+00
   4.4635902e+00
   4.4672032e+00
   4.4708184e+00
   4.4744361e+00
   4.4780560e+00
   4.4816785e+00
   4.4853032e+00
   4.4889306e+00
   4.4925603e+00
   4.4961927e+00
   4.4998276e+00
   4.5034651e+00
   4.5071039e+00
   4.5107462e+00
   4.5143907e+00
   4.5180374e+00
   4.5216857e+00
   4.5253366e+00
   4.5289897e+00
   4.5326465e+00
   4.5363052e+00
   4.5399665e+00
   4.5436296e+00
   4.5472957e+00
   4.5509638e+00
   4.5546336e+00
   4.5583053e+00
   4.5619809e+00
   4.5656586e+00
   4.5693387e+00
   4.5730213e+00
   4.5767072e+00
   4.5803943e+00
   4.5840842e+00
   4.5877766e+00
   4.5914701e+00
   4.5951666e+00
   4.5988650e+00
   4.6025667e+00
   4.6062704e+00
   4.6099776e+00
   4.6136860e+00
   4.6173967e+00
   4.6211102e+00
   4.6248264e+00
   4.6285455e+00
   4.6322659e+00
   4.6359887e+00
   4.6397143e+00
   4.6434423e+00
   4.6471731e+00
   4.6509056e+00
   4.6546405e+00
   4.6583769e+00
   4.6621169e+00
   4.6658582e+00
   4.6696017e+00
   4.6733488e+00
   4.6770984e+00
   4.6808504e+00
   4.6846039e+00
   4.6883592e+00
   4.6921166e+00
   4.6958778e+00
   4.6996418e+00
   4.7034083e+00
   4.7071763e+00
   4.7109462e+00
   4.7147185e+00
   4.7184940e+00
   4.7222719e+00
   4.7260518e+00
   4.7298328e+00
   4.7336174e+00
   4.7374045e+00
   4.7411942e+00
   4.7449860e+00
   4.7487791e+00
   4.7525758e+00
   4.7563746e+00
   4.7601748e+00
   4.7639787e+00
   4.7677847e+00
   4.7715922e+00
   4.7754028e+00
   4.7792148e+00
   4.7830302e+00
   4.7868467e+00
   4.7906668e+00
   4.7944902e+00
   4.7983151e+00
   4.8021428e+00
   4.8059722e+00
   4.8098046e+00
   4.8136393e+00
   4.8174762e+00
   4.8213155e+00
   4.8251571e+00
   4.8290009e+00
   4.8328459e+00
   4.8366947e+00
   4.8405450e+00
   4.8443984e+00
   4.8482535e+00
   4.8521113e+00
   4.8559712e+00
   4.8598336e+00
   4.8636985e+00
   4.8675658e+00
   4.8714345e+00
   4.8753076e+00
   4.8791818e+00
   4.8830585e+00
   4.8869377e+00
   4.8908191e+00
   4.8947020e+00
   4.8985894e+00
   4.9024774e+00
   4.9063670e+00
   4.9102597e+00
   4.9141551e+00
   4.9180528e+00
   4.9219524e+00
   4.9258549e+00
   4.9297596e+00
   4.9336664e+00
   4.9375757e+00
   4.9414867e+00
   4.9454010e+00
   4.9493169e+00
   4.9532345e+00
   4.9571558e+00
   4.9610786e+00
   4.9650056e+00
   4.9689332e+00
   4.9728634e+00
   4.9767963e+00
   4.9807303e+00
   4.9846680e+00
   4.9886073e+00
   4.9925513e+00
   4.9964955e+00
   5.0004420e+00
   5.0043905e+00
   5.0083416e+00
   5.0122950e+00
   5.0162502e+00
   5.0202081e+00
   5.0241688e+00
   5.0281317e+00
   5.0320967e+00
   5.0360644e+00
   5.0400340e+00
   5.0440058e+00
   5.0479797e+00
   5.0519557e+00
   5.0559346e+00
   5.0599159e+00
   5.0638986e+00
   5.0678843e+00
   5.0718714e+00
   5.0758619e+00
   5.0798550e+00
   5.0838499e+00
   5.0878473e+00
   5.0918461e+00
   5.0958483e+00
   5.0998517e+00
   5.1038578e+00
   5.1078666e+00
   5.1118779e+00
   5.1158911e+00
   5.1199071e+00
   5.1239250e+00
   5.1279456e+00
   5.1319684e+00
   5.1359938e+00
   5.1400206e+00
   5.1440498e+00
   5.1480814e+00
   5.1521156e+00
   5.1561524e+00
   5.1601908e+00
   5.1642318e+00
   5.1682746e+00
   5.1723199e+00
   5.1763679e+00
   5.1804185e+00
   5.1844708e+00
   5.1885259e+00
   5.1925831e+00
   5.1966421e+00
   5.2007039e+00
   5.2047678e+00
   5.2088337e+00
   5.2129024e+00
   5.2169735e+00
   5.2210464e+00
   5.2251224e+00
   5.2291998e+00
   5.2332805e+00
   5.2373626e+00
   5.2414480e+00
   5.2455349e+00
   5.2496253e+00
   5.2537172e+00
   5.2578110e+00
   5.2619068e+00
   5.2660047e+00
   5.2701058e+00
   5.2742089e+00
   5.2783140e+00
   5.2824211e+00
   5.2865305e+00
   5.2906434e+00
   5.2947574e+00
   5.2988733e+00
   5.3029924e+00
   5.3071135e+00
   5.3112368e+00
   5.3153624e+00
   5.3194902e+00
   5.3236203e+00
   5.3277527e+00
   5.3318874e+00
   5.3360245e+00
   5.3401631e+00
   5.3443056e+00
   5.3484497e+00
   5.3525954e+00
   5.3567448e+00
   5.3608954e+00
   5.3650502e+00
   5.3692055e+00
   5.3733632e+00
   5.3775232e+00
   5.3816839e+00
   5.3858482e+00
   5.3900168e+00
   5.3941858e+00
   5.3983570e+00
   5.4025289e+00
   5.4067047e+00
   5.4108849e+00
   5.4150651e+00
   5.4192461e+00
   5.4234305e+00
   5.4276172e+00
   5.4318066e+00
   5.4359983e+00
   5.4401929e+00
   5.4443890e+00
   5.4485867e+00
   5.4527888e+00
   5.4569919e+00
   5.4611973e+00
   5.4654036e+00
   5.4696118e+00
   5.4738237e+00
   5.4780378e+00
   5.4822542e+00
   5.4864729e+00
   5.4906934e+00
   5.4949164e+00
   5.4991421e+00
   5.5033710e+00
   5.5076010e+00
   5.5118356e+00
   5.5160702e+00
   5.5203059e+00
   5.5245439e+00
   5.5287852e+00
   5.5330294e+00
   5.5372749e+00
   5.5415230e+00
   5.5457734e+00
   5.5500266e+00
   5.5542813e+00
   5.5585407e+00
   5.5628006e+00
   5.5670619e+00
   5.5713253e+00
   5.5755907e+00
   5.5798579e+00
   5.5841276e+00
   5.5884008e+00
   5.5926754e+00
   5.5969524e+00
   5.6012315e+00
   5.6055127e+00
   5.6097961e+00
   5.6140817e+00
   5.6183695e+00
   5.6226596e+00
   5.6269520e+00
   5.6312468e+00
   5.6355440e+00
   5.6398436e+00
   5.6441457e+00
   5.6484503e+00
   5.6527576e+00
   5.6570675e+00
   5.6613785e+00
   5.6656922e+00
   5.6700087e+00
   5.6743278e+00
   5.6786487e+00
   5.6829724e+00
   5.6872976e+00
   5.6916251e+00
   5.6959551e+00
   5.7002879e+00
   5.7046227e+00
   5.7089591e+00
   5.7132982e+00
   5.7176397e+00
   5.7219826e+00
   5.7263283e+00
   5.7306753e+00
   5.7350258e+00
   5.7393784e+00
   5.7437330e+00
   5.7480902e+00
   5.7524488e+00
   5.7568112e+00
   5.7611743e+00
   5.7655399e+00
   5.7699071e+00
   5.7742783e+00
   5.7786518e+00
   5.7830275e+00
   5.7874055e+00
   5.7917858e+00
   5.7961685e+00
   5.8005526e+00
   5.8049388e+00
   5.8093281e+00
   5.8137190e+00
   5.8181143e+00
   5.8225102e+00
   5.8269091e+00
   5.8313088e+00
   5.8357128e+00
   5.8401177e+00
   5.8445258e+00
   5.8489348e+00
   5.8533485e+00
   5.8577615e+00
   5.8621769e+00
   5.8665956e+00
   5.8710155e+00
   5.8754400e+00
   5.8798643e+00
   5.8842911e+00
   5.8887215e+00
   5.8931534e+00
   5.8975873e+00
   5.9020242e+00
   5.9064639e+00
   5.9109044e+00
   5.9153480e+00
   5.9197934e+00
   5.9242410e+00
   5.9286903e+00
   5.9331423e+00
   5.9375958e+00
   5.9420520e+00
   5.9465111e+00
   5.9509721e+00
   5.9554351e+00
   5.9599005e+00
   5.9643695e+00
   5.9688400e+00
   5.9733128e+00
   5.9777877e+00
   5.9822643e+00
   5.9867435e+00
   5.9912246e+00
   5.9957094e+00
   6.0001961e+00
   6.0046850e+00
   6.0091759e+00
   6.0136696e+00
   6.0181649e+00
   6.0226614e+00
   6.0271613e+00
   6.0316633e+00
   6.0361676e+00
   6.0406745e+00
   6.0451838e+00
   6.0496954e+00
   6.0542096e+00
   6.0587264e+00
   6.0632443e+00
   6.0677642e+00
   6.0722876e+00
   6.0768126e+00
   6.0813389e+00
   6.0858691e+00
   6.0904013e+00
   6.0949360e+00
   6.0994728e+00
   6.1040113e+00
   6.1085518e+00
   6.1130944e+00
   6.1176401e+00
   6.1221884e+00
   6.1267396e+00
   6.1312927e+00
   6.1358476e+00
   6.1404042e+00
   6.1449638e+00
   6.1495269e+00
   6.1540912e+00
   6.1586576e+00
   6.1632262e+00
   6.1677969e+00
   6.1723706e+00
   6.1769460e+00
   6.1815225e+00
   6.1861007e+00
   6.1906826e+00
   6.1952662e+00
   6.1998516e+00
   6.2044409e+00
   6.2090321e+00
   6.2136251e+00
   6.2182216e+00
   6.2228198e+00
   6.2274194e+00
   6.2320210e+00
   6.2366266e+00
   6.2412340e+00
   6.2458430e+00
   6.2504538e+00
   6.2550691e+00
   6.2596867e+00
   6.2643059e+00
   6.2689262e+00
   6.2735492e+00
   6.2781745e+00
   6.2828026e+00
   6.2874329e+00
   6.2920666e+00
   6.2967022e+00
   6.3013397e+00
   6.3059796e+00
   6.3106217e+00
   6.3152653e+00
   6.3199113e+00
   6.3245606e+00
   6.3292125e+00
   6.3338668e+00
   6.3385231e+00
   6.3431812e+00
   6.3478409e+00
   6.3525042e+00
   6.3571693e+00
   6.3618367e+00
   6.3665062e+00
   6.3711780e+00
   6.3758519e+00
   6.3805282e+00
   6.3852067e+00
   6.3898878e+00
   6.3945712e+00
   6.3992574e+00
   6.4039462e+00
   6.4086364e+00
   6.4133289e+00
   6.4180243e+00
   6.4227219e+00
   6.4274221e+00
   6.4321242e+00
   6.4368292e+00
   6.4415361e+00
   6.4462452e+00
   6.4509571e+00
   6.4556703e+00
   6.4603853e+00
   6.4651034e+00
   6.4698246e+00
   6.4745472e+00
   6.4792730e+00
   6.4840003e+00
   6.4887303e+00
   6.4934604e+00
   6.4981936e+00
   6.5029295e+00
   6.5076675e+00
   6.5124077e+00
   6.5171503e+00
   6.5218953e+00
   6.5266428e+00
   6.5313928e+00
   6.5361454e+00
   6.5409006e+00
   6.5456587e+00
   6.5504179e+00
   6.5551797e+00
   6.5599445e+00
   6.5647117e+00
   6.5694806e+00
   6.5742516e+00
   6.5790250e+00
   6.5838010e+00
   6.5885777e+00
   6.5933579e+00
   6.5981408e+00
   6.6029255e+00
   6.6077130e+00
   6.6125012e+00
   6.6172932e+00
   6.6220867e+00
   6.6268835e+00
   6.6316826e+00
   6.6364826e+00
   6.6412858e+00
   6.6460914e+00
   6.6509000e+00
   6.6557103e+00
   6.6605234e+00
   6.6653382e+00
   6.6701558e+00
   6.6749753e+00
   6.6797977e+00
   6.6846217e+00
   6.6894480e+00
   6.6942769e+00
   6.6991080e+00
   6.7039412e+00
   6.7087771e+00
   6.7136151e+00
   6.7184548e+00
   6.7232980e+00
   6.7281428e+00
   6.7329886e+00
   6.7378378e+00
   6.7426882e+00
   6.7475422e+00
   6.7523982e+00
   6.7572569e+00
   6.7621177e+00
   6.7669810e+00
   6.7718463e+00
   6.7767136e+00
   6.7815838e+00
   6.7864561e+00
   6.7913300e+00
   6.7962067e+00
   6.8010859e+00
   6.8059671e+00
   6.8108504e+00
   6.8157360e+00
   6.8206233e+00
   6.8255156e+00
   6.8304093e+00
   6.8353033e+00
   6.8402005e+00
   6.8450992e+00
   6.8499991e+00
   6.8549030e+00
   6.8598095e+00
   6.8647179e+00
   6.8696272e+00
   6.8745403e+00
   6.8794556e+00
   6.8843717e+00
   6.8892929e+00
   6.8942169e+00
   6.8991411e+00
   6.9040670e+00
   6.9089957e+00
   6.9139273e+00
   6.9188599e+00
   6.9237942e+00
   6.9287316e+00
   6.9336722e+00
   6.9386142e+00
   6.9435586e+00
   6.9485063e+00
   6.9534550e+00
   6.9584054e+00
   6.9633578e+00
   6.9683118e+00
   6.9732689e+00
   6.9782283e+00
   6.9831898e+00
   6.9881536e+00
   6.9931196e+00
   6.9980874e+00
   7.0030594e+00
   7.0080318e+00
   7.0130055e+00
   7.0179837e+00
   7.0229627e+00
   7.0279434e+00
   7.0329266e+00
   7.0379108e+00
   7.0428986e+00
   7.0478884e+00
   7.0528804e+00
   7.0578748e+00
   7.0628714e+00
   7.0678700e+00
   7.0728702e+00
   7.0778726e+00
   7.0828773e+00
   7.0878828e+00
   7.0928905e+00
   7.0979026e+00
   7.1029154e+00
   7.1079307e+00
   7.1129481e+00
   7.1179672e+00
   7.1229885e+00
   7.1280122e+00
   7.1330373e+00
   7.1380638e+00
   7.1430951e+00
   7.1481263e+00
   7.1531602e+00
   7.1581957e+00
   7.1632330e+00
   7.1682722e+00
   7.1733131e+00
   7.1783572e+00
   7.1834031e+00
   7.1884503e+00
   7.1934998e+00
   7.1985515e+00
   7.2036047e+00
   7.2086597e+00
   7.2137173e+00
   7.2187774e+00
   7.2238393e+00
   7.2289033e+00
   7.2339684e+00
   7.2390358e+00
   7.2441054e+00
   7.2491784e+00
   7.2542510e+00
   7.2593255e+00
   7.2644028e+00
   7.2694818e+00
   7.2745636e+00
   7.2796467e+00
   7.2847315e+00
   7.2898183e+00
   7.2949074e+00
   7.2999981e+00
   7.3050915e+00
   7.3101862e+00
   7.3152820e+00
   7.3203791e+00
   7.3254792e+00
   7.3305807e+00
   7.3356839e+00
   7.3407879e+00
   7.3458938e+00
   7.3510012e+00
   7.3561102e+00
   7.3612207e+00
   7.3663329e+00
   7.3714481e+00
   7.3765668e+00
   7.3816860e+00
   7.3868054e+00
   7.3919274e+00
   7.3970520e+00
   7.4021782e+00
   7.4073057e+00
   7.4124352e+00
   7.4175658e+00
   7.4226983e+00
   7.4278327e+00
   7.4329689e+00
   7.4381060e+00
   7.4432449e+00
   7.4483860e+00
   7.4535284e+00
   7.4586721e+00
   7.4638180e+00
   7.4689643e+00
   7.4741137e+00
   7.4792635e+00
   7.4844153e+00
   7.4895698e+00
   7.4947254e+00
   7.4998820e+00
   7.5050401e+00
   7.5101993e+00
   7.5153618e+00
   7.5205260e+00
   7.5256902e+00
   7.5308553e+00
   7.5360223e+00
   7.5411901e+00
   7.5463589e+00
   7.5515307e+00
   7.5567020e+00
   7.5618755e+00
   7.5670504e+00
   7.5722266e+00
   7.5774038e+00
   7.5825811e+00
   7.5877607e+00
   7.5929416e+00
   7.5981242e+00
   7.6033080e+00
   7.6084932e+00
   7.6136792e+00
   7.6188670e+00
   7.6240554e+00
   7.6292454e+00
   7.6344364e+00
   7.6396288e+00
   7.6448237e+00
   7.6500174e+00
   7.6552128e+00
   7.6604092e+00
   7.6656068e+00
   7.6708056e+00
   7.6760053e+00
   7.6812068e+00
   7.6864095e+00
   7.6916134e+00
   7.6968172e+00
   7.7020218e+00
   7.7072272e+00
   7.7124337e+00
   7.7176409e+00
   7.7228504e+00
   7.7280597e+00
   7.7332698e+00
   7.7384814e+00
   7.7436927e+00
   7.7489045e+00
   7.7541175e+00
   7.7593324e+00
   7.7645474e+00
   7.7697629e+00
   7.7749787e+00
   7.7801965e+00
   7.7854132e+00
   7.7906313e+00
   7.7958497e+00
   7.8010673e+00
   7.8062870e+00
   7.8115073e+00
   7.8167279e+00
   7.8219492e+00
   7.8271710e+00
   7.8323932e+00
   7.8376160e+00
   7.8428395e+00
   7.8480638e+00
   7.8532876e+00
   7.8585122e+00
   7.8637364e+00
   7.8689616e+00
   7.8741867e+00
   7.8794132e+00
   7.8846399e+00
   7.8898655e+00
   7.8950912e+00
   7.9003174e+00
   7.9055438e+00
   7.9107705e+00
   7.9159971e+00
   7.9212248e+00
   7.9264519e+00
   7.9316787e+00
   7.9369064e+00
   7.9421335e+00
   7.9473604e+00
   7.9525873e+00
   7.9578140e+00
   7.9630400e+00
   7.9682655e+00
   7.9734926e+00
   7.9787176e+00
   7.9839426e+00
   7.9891673e+00
   7.9943924e+00
   7.9996165e+00
   8.0048404e+00
   8.0100637e+00
   8.0152872e+00
   8.0205101e+00
   8.0257339e+00
   8.0309568e+00
   8.0361779e+00
   8.0413986e+00
   8.0466191e+00
   8.0518381e+00
   8.0570569e+00
   8.0622748e+00
   8.0674909e+00
   8.0727075e+00
   8.0779234e+00
   8.0831381e+00
   8.0883524e+00
   8.0935649e+00
   8.0987757e+00
   8.1039859e+00
   8.1091952e+00
   8.1144038e+00
   8.1196124e+00
   8.1248185e+00
   8.1300241e+00
   8.1352284e+00
   8.1404316e+00
   8.1456336e+00
   8.1508331e+00
   8.1560314e+00
   8.1612284e+00
   8.1664235e+00
   8.1716179e+00
   8.1768101e+00
   8.1820005e+00
   8.1871897e+00
   8.1923772e+00
   8.1975622e+00
   8.2027465e+00
   8.2079290e+00
   8.2131088e+00
   8.2182872e+00
   8.2234632e+00
   8.2286366e+00
   8.2338089e+00
   8.2389789e+00
   8.2441467e+00
   8.2493120e+00
   8.2544753e+00
   8.2596362e+00
   8.2647949e+00
   8.2699507e+00
   8.2751035e+00
   8.2802538e+00
   8.2854025e+00
   8.2905482e+00
   8.2956903e+00
   8.3008288e+00
   8.3059650e+00
   8.3110991e+00
   8.3162306e+00
   8.3213594e+00
   8.3264843e+00
   8.3316066e+00
   8.3367264e+00
   8.3418418e+00
   8.3469551e+00
   8.3520634e+00
   8.3571687e+00
   8.3622703e+00
   8.3673683e+00
   8.3724627e+00
   8.3775537e+00
   8.3826406e+00
   8.3877234e+00
   8.3928022e+00
   8.3978762e+00
   8.4029466e+00
   8.4080126e+00
   8.4130743e+00
   8.4181319e+00
   8.4231855e+00
   8.4282343e+00
   8.4332784e+00
   8.4383176e+00
   8.4433520e+00
   8.4483822e+00
   8.4534071e+00
   8.4584275e+00
   8.4634426e+00
   8.4684528e+00
   8.4734576e+00
   8.4784566e+00
   8.4834501e+00
   8.4884384e+00
   8.4934208e+00
   8.4983982e+00
   8.5033692e+00
   8.5083339e+00
   8.5132935e+00
   8.5182475e+00
   8.5231948e+00
   8.5281358e+00
   8.5330695e+00
   8.5379978e+00
   8.5429200e+00
   8.5478357e+00
   8.5527438e+00
   8.5576455e+00
   8.5625398e+00
   8.5674281e+00
   8.5723081e+00
   8.5771811e+00
   8.5820468e+00
   8.5869048e+00
   8.5917551e+00
   8.5965977e+00
   8.6014322e+00
   8.6062596e+00
   8.6110784e+00
   8.6158884e+00
   8.6206904e+00
   8.6254836e+00
   8.6302684e+00
   8.6350452e+00
   8.6398130e+00
   8.6445720e+00
   8.6493221e+00
   8.6540633e+00
   8.6587950e+00
   8.6635172e+00
   8.6682290e+00
   8.6729321e+00
   8.6776247e+00
   8.6823084e+00
   8.6869813e+00
   8.6916439e+00
   8.6962968e+00
   8.7009394e+00
   8.7055704e+00
   8.7101912e+00
   8.7147998e+00
   8.7193987e+00
   8.7239865e+00
   8.7285623e+00
   8.7331267e+00
   8.7376792e+00
   8.7422202e+00
   8.7467506e+00
   8.7512684e+00
   8.7557732e+00
   8.7602679e+00
   8.7647492e+00
   8.7692173e+00
   8.7736736e+00
   8.7781172e+00
   8.7825467e+00
   8.7869647e+00
   8.7913683e+00
   8.7957581e+00
   8.8001335e+00
   8.8044945e+00
   8.8088435e+00
   8.8131784e+00
   8.8174981e+00
   8.8218031e+00
   8.8260929e+00
   8.8303693e+00
   8.8346300e+00
   8.8388763e+00
   8.8431077e+00
   8.8473236e+00
   8.8515241e+00
   8.8557097e+00
   8.8598780e+00
   8.8640305e+00
   8.8681663e+00
   8.8722864e+00
   8.8763896e+00
   8.8804770e+00
   8.8845473e+00
   8.8885999e+00
   8.8926346e+00
   8.8966518e+00
   8.9006513e+00
   8.9046333e+00
   8.9085976e+00
   8.9125444e+00
   8.9164738e+00
   8.9203840e+00
   8.9242755e+00
   8.9281490e+00
   8.9320033e+00
   8.9358389e+00
   8.9396547e+00
   8.9434516e+00
   8.9472289e+00
   8.9509870e+00
   8.9547244e+00
   8.9584419e+00
   8.9621390e+00
   8.9658152e+00
   8.9694717e+00
   8.9731069e+00
   8.9767226e+00
   8.9803154e+00
   8.9838872e+00
   8.9874375e+00
   8.9909664e+00
   8.9944722e+00
   8.9979571e+00
   9.0014192e+00
   9.0048596e+00
   9.0082764e+00
   9.0116717e+00
   9.0150429e+00
   9.0183908e+00
   9.0217168e+00
   9.0250185e+00
   9.0282961e+00
   9.0315515e+00
   9.0347817e+00
   9.0379887e+00
   9.0411704e+00
   9.0443270e+00
   9.0474601e+00
   9.0505678e+00
   9.0536499e+00
   9.0567065e+00
   9.0597374e+00
   9.0627429e+00
   9.0657227e+00
   9.0686761e+00
   9.0716035e+00
   9.0745046e+00
   9.0773796e+00
   9.0802277e+00
   9.0830488e+00
   9.0858427e+00
   9.0886091e+00
   9.0913487e+00
   9.0940609e+00
   9.0967446e+00
   9.0994007e+00
   9.1020286e+00
   9.1046285e+00
   9.1071989e+00
   9.1097397e+00
   9.1122523e+00
   9.1147356e+00
   9.1171895e+00
   9.1196135e+00
   9.1220073e+00
   9.1243706e+00
   9.1267037e+00
   9.1290071e+00
   9.1312787e+00
   9.1335207e+00
   9.1357316e+00
   9.1379109e+00
   9.1400578e+00
   9.1421735e+00
   9.1442572e+00
   9.1463089e+00
   9.1483290e+00
   9.1503159e+00
   9.1522703e+00
   9.1541920e+00
   9.1560806e+00
   9.1579348e+00
   9.1597559e+00
   9.1615428e+00
   9.1632963e+00
   9.1650149e+00
   9.1666989e+00
   9.1683482e+00
   9.1699631e+00
   9.1715419e+00
   9.1730851e+00
   9.1745926e+00
   9.1760652e+00
   9.1775009e+00
   9.1788995e+00
   9.1802615e+00
   9.1815869e+00
   9.1828747e+00
   9.1841250e+00
   9.1853387e+00
   9.1865137e+00
   9.1876502e+00
   9.1887480e+00
   9.1898082e+00
   9.1908295e+00
   9.1918115e+00
   9.1927530e+00
   9.1936545e+00
   9.1945172e+00
   9.1953394e+00
   9.1961204e+00
   9.1968607e+00
   9.1975600e+00
   9.1982177e+00
   9.1988333e+00
   9.1994073e+00
   9.1999392e+00
   9.2004283e+00
   9.2008749e+00
   9.2012774e+00
   9.2016362e+00
   9.2019522e+00
   9.2022242e+00
   9.2024518e+00
   9.2026350e+00
   9.2027737e+00
   9.2028660e+00
   9.2029123e+00
   9.2029136e+00
   9.2028677e+00
   9.2027760e+00
   9.2026370e+00
   9.2024513e+00
   9.2022184e+00
   9.2019366e+00
   9.2016061e+00
   9.2012268e+00
   9.2008000e+00
   9.2003234e+00
   9.1997965e+00
   9.1992198e+00
   9.1985933e+00
   9.1979158e+00
   9.1971870e+00
   9.1964063e+00
   9.1955742e+00
   9.1946898e+00
   9.1937535e+00
   9.1927634e+00
   9.1917198e+00
   9.1906239e+00
   9.1894732e+00
   9.1882686e+00
   9.1870081e+00
   9.1856930e+00
   9.1843213e+00
   9.1828935e+00
   9.1814105e+00
   9.1798701e+00
   9.1782716e+00
   9.1766172e+00
   9.1749044e+00
   9.1731318e+00
   9.1713011e+00
   9.1694101e+00
   9.1674600e+00
   9.1654487e+00
   9.1633777e+00
   9.1612452e+00
   9.1590509e+00
   9.1567938e+00
   9.1544741e+00
   9.1520916e+00
   9.1496456e+00
   9.1471355e+00
   9.1445609e+00
   9.1419215e+00
   9.1392171e+00
   9.1364471e+00
   9.1336117e+00
   9.1307093e+00
   9.1277390e+00
   9.1247017e+00
   9.1215954e+00
   9.1184213e+00
   9.1151778e+00
   9.1118645e+00
   9.1084803e+00
   9.1050261e+00
   9.1014996e+00
   9.0979013e+00
   9.0942308e+00
   9.0904879e+00
   9.0866717e+00
   9.0827814e+00
   9.0788174e+00
   9.0747784e+00
   9.0706637e+00
   9.0664722e+00
   9.0622045e+00
   9.0578594e+00
   9.0534366e+00
   9.0489353e+00
   9.0443554e+00
   9.0396956e+00
   9.0349567e+00
   9.0301371e+00
   9.0252356e+00
   9.0202524e+00
   9.0151865e+00
   9.0100381e+00
   9.0048064e+00
   8.9994904e+00
   8.9940894e+00
   8.9886038e+00
   8.9830318e+00
   8.9773742e+00
   8.9716281e+00
   8.9657938e+00
   8.9598715e+00
   8.9538601e+00
   8.9477591e+00
   8.9415677e+00
   8.9352852e+00
   8.9289110e+00
   8.9224445e+00
   8.9158848e+00
   8.9092320e+00
   8.9024848e+00
   8.8956426e+00
   8.8887045e+00
   8.8816706e+00
   8.8745396e+00
   8.8673109e+00
   8.8599843e+00
   8.8525583e+00
   8.8450326e+00
   8.8374060e+00
   8.8296790e+00
   8.8218499e+00
   8.8139195e+00
   8.8058854e+00
   8.7977469e+00
   8.7895045e+00
   8.7811565e+00
   8.7727039e+00
   8.7641436e+00
   8.7554760e+00
   8.7467002e+00
   8.7378151e+00
   8.7288213e+00
   8.7197177e+00
   8.7105024e+00
   8.7011748e+00
   8.6917348e+00
   8.6821816e+00
   8.6725142e+00
   8.6627328e+00
   8.6528353e+00
   8.6428226e+00
   8.6326923e+00
   8.6224448e+00
   8.6120789e+00
   8.6015942e+00
   8.5909888e+00
   8.5802636e+00
   8.5694177e+00
   8.5584486e+00
   8.5473572e+00
   8.5361421e+00
   8.5248028e+00
   8.5133380e+00
   8.5017480e+00
   8.4900311e+00
   8.4781866e+00
   8.4662143e+00
   8.4541134e+00
   8.4418830e+00
   8.4295222e+00
   8.4170310e+00
   8.4044080e+00
   8.3916520e+00
   8.3787634e+00
   8.3657405e+00
   8.3525829e+00
   8.3392900e+00
   8.3258609e+00
   8.3122949e+00
   8.2985917e+00
   8.2847510e+00
   8.2707707e+00
   8.2566511e+00
   8.2423911e+00
   8.2279903e+00
   8.2134479e+00
   8.1987632e+00
   8.1839356e+00
   8.1689635e+00
   8.1538486e+00
   8.1385880e+00
   8.1231825e+00
   8.1076309e+00
   8.0919334e+00
   8.0760878e+00
   8.0600948e+00
   8.0439528e+00
   8.0276620e+00
   8.0112221e+00
   7.9946319e+00
   7.9778909e+00
   7.9609992e+00
   7.9439561e+00
   7.9267618e+00
   7.9094143e+00
   7.8919137e+00
   7.8742602e+00
   7.8564532e+00
   7.8384920e+00
   7.8203765e+00
   7.8021062e+00
   7.7836806e+00
   7.7651001e+00
   7.7463635e+00
   7.7274716e+00
   7.7084230e+00
   7.6892186e+00
   7.6698578e+00
   7.6503396e+00
   7.6306651e+00
   7.6108337e+00
   7.5908455e+00
   7.5706998e+00
   7.5503976e+00
   7.5299384e+00
   7.5093219e+00
   7.4885486e+00
   7.4676189e+00
   7.4465333e+00
   7.4252909e+00
   7.4038921e+00
   7.3823373e+00
   7.3606267e+00
   7.3387612e+00
   7.3167413e+00
   7.2945666e+00
   7.2722382e+00
   7.2497559e+00
   7.2271209e+00
   7.2043338e+00
   7.1813950e+00
   7.1583047e+00
   7.1350647e+00
   7.1116749e+00
   7.0881366e+00
   7.0644505e+00
   7.0406173e+00
   7.0166389e+00
   6.9925154e+00
   6.9682486e+00
   6.9438394e+00
   6.9192884e+00
   6.8945973e+00
   6.8697675e+00
   6.8448004e+00
   6.8196978e+00
   6.7944605e+00
   6.7690900e+00
   6.7435884e+00
   6.7179573e+00
   6.6921983e+00
   6.6663134e+00
   6.6403043e+00
   6.6141727e+00
   6.5879205e+00
   6.5615501e+00
   6.5350638e+00
   6.5084635e+00
   6.4817514e+00
   6.4549298e+00
   6.4280015e+00
   6.4009685e+00
   6.3738333e+00
   6.3465984e+00
   6.3192670e+00
   6.2918408e+00
   6.2643235e+00
   6.2367174e+00
   6.2090255e+00
   6.1812506e+00
   6.1533959e+00
   6.1254644e+00
   6.0974591e+00
   6.0693832e+00
   6.0412400e+00
   6.0130326e+00
   5.9847645e+00
   5.9564395e+00
   5.9280602e+00
   5.8996304e+00
   5.8711540e+00
   5.8426345e+00
   5.8140751e+00
   5.7854793e+00
   5.7568519e+00
   5.7281963e+00
   5.6995157e+00
   5.6708144e+00
   5.6420962e+00
   5.6133650e+00
   5.5846247e+00
   5.5558794e+00
   5.5271329e+00
   5.4983894e+00
   5.4696528e+00
   5.4409273e+00
   5.4122169e+00
   5.3835259e+00
   5.3548581e+00
   5.3262181e+00
   5.2976097e+00
   5.2690370e+00
   5.2405040e+00
   5.2120147e+00
   5.1835734e+00
   5.1551841e+00
   5.1268516e+00
   5.0985791e+00
   5.0703706e+00
   5.0422310e+00
   5.0141634e+00
   4.9861726e+00
   4.9582620e+00
   4.9304356e+00
   4.9026979e+00
   4.8750517e+00
   4.8475014e+00
   4.8200506e+00
   4.7927031e+00
   4.7654625e+00
   4.7383331e+00
   4.7113177e+00
   4.6844206e+00
   4.6576448e+00
   4.6309934e+00
   4.6044700e+00
   4.5780779e+00
   4.5518208e+00
   4.5257016e+00
   4.4997231e+00
   4.4738887e+00
   4.4482009e+00
   4.4226632e+00
   4.3972779e+00
   4.3720479e+00
   4.3469758e+00
   4.3220642e+00
   4.2973157e+00
   4.2727326e+00
   4.2483173e+00
   4.2240722e+00
   4.1999990e+00
   4.1760999e+00
   4.1523774e+00
   4.1288332e+00
   4.1054690e+00
   4.0822862e+00
   4.0592868e+00
   4.0364727e+00
   4.0138449e+00
   3.9914053e+00
   3.9691547e+00
   3.9470943e+00
   3.9252254e+00
   3.9035492e+00
   3.8820666e+00
   3.8607787e+00
   3.8396860e+00
   3.8187894e+00
   3.7980894e+00
   3.7775869e+00
   3.7572823e+00
   3.7371759e+00
   3.7172680e+00
   3.6975591e+00
   3.6780492e+00
   3.6587385e+00
   3.6396271e+00
   3.6207148e+00
   3.6020018e+00
   3.5834877e+00
   3.5651725e+00
   3.5470558e+00
   3.5291374e+00
   3.5114167e+00
   3.4938933e+00
   3.4765667e+00
   3.4594362e+00
   3.4425014e+00
   3.4257615e+00
   3.4092159e+00
   3.3928636e+00
   3.3767039e+00
   3.3607359e+00
   3.3449588e+00
   3.3293714e+00
   3.3139729e+00
   3.2987619e+00
   3.2837375e+00
   3.2688986e+00
   3.2542442e+00
   3.2397728e+00
   3.2254832e+00
   3.2113743e+00
   3.1974448e+00
   3.1836932e+00
   3.1701184e+00
   3.1567188e+00
   3.1434930e+00
   3.1304397e+00
   3.1175573e+00
   3.1048444e+00
   3.0922994e+00
   3.0799210e+00
   3.0677076e+00
   3.0556580e+00
   3.0437700e+00
   3.0320423e+00
   3.0204735e+00
   3.0090619e+00
   2.9978058e+00
   2.9867037e+00
   2.9757539e+00
   2.9649548e+00
   2.9543048e+00
   2.9438023e+00
   2.9334456e+00
   2.9232331e+00
   2.9131632e+00
   2.9032342e+00
   2.8934445e+00
   2.8837922e+00
   2.8742760e+00
   2.8648942e+00
   2.8556451e+00
   2.8465272e+00
   2.8375386e+00
   2.8286778e+00
   2.8199432e+00
   2.8113333e+00
   2.8028464e+00
   2.7944809e+00
   2.7862351e+00
   2.7781076e+00
   2.7700967e+00
   2.7622008e+00
   2.7544185e+00
   2.7467480e+00
   2.7391879e+00
   2.7317368e+00
   2.7243930e+00
   2.7171551e+00
   2.7100215e+00
   2.7029908e+00
   2.6960614e+00
   2.6892321e+00
   2.6825013e+00
   2.6758675e+00
   2.6693293e+00
   2.6628854e+00
   2.6565343e+00
   2.6502746e+00
   2.6441050e+00
   2.6380241e+00
   2.6320306e+00
   2.6261230e+00
   2.6203002e+00
   2.6145609e+00
   2.6089037e+00
   2.6033273e+00
   2.5978304e+00
   2.5924119e+00
   2.5870706e+00
   2.5818052e+00
   2.5766144e+00
   2.5714974e+00
   2.5664526e+00
   2.5614790e+00
   2.5565755e+00
   2.5517408e+00
   2.5469739e+00
   2.5422738e+00
   2.5376393e+00
   2.5330693e+00
   2.5285627e+00
   2.5241186e+00
   2.5197359e+00
   2.5154136e+00
   2.5111507e+00
   2.5069462e+00
   2.5027991e+00
   2.4987085e+00
   2.4946734e+00
   2.4906930e+00
   2.4867661e+00
   2.4828920e+00
   2.4790698e+00
   2.4753024e+00
   2.7434775e+00
   3.0069604e+00
   3.2660773e+00
   3.5211886e+00
   3.7726309e+00
   4.0207198e+00
   4.2657500e+00
   4.5079974e+00
   4.7477197e+00
   4.9851578e+00
   5.2205361e+00
   5.4540655e+00
   5.6859439e+00
   5.9163574e+00
   6.1454848e+00
   6.3734988e+00
   6.6005695e+00
   6.8268690e+00
   7.0525755e+00
   7.2778813e+00
   7.5029979e+00
   7.7281641e+00
   7.9536586e+00
   8.1798091e+00
   8.4070054e+00
   8.6357151e+00
   8.8664987e+00
   9.1000265e+00
   9.3371018e+00
   9.5786785e+00
   9.8258883e+00
   1.0080068e+01
   1.0342781e+01
   1.0615849e+01
   1.0901376e+01
   1.1201773e+01
   1.1519755e+01
   1.1858316e+01
   1.2220636e+01
   1.2609877e+01
   1.3028741e+01
   1.3478583e+01
   1.3958310e+01
   1.4465450e+01
   1.4995110e+01
   1.5539089e+01
   1.6086165e+01
   1.6623421e+01
   1.7138396e+01
   1.7621189e+01
   1.7807675e+01
   1.7958470e+01
   1.8075767e+01
   1.8163248e+01
   1.8224883e+01
   1.8264508e+01
   1.8285668e+01
   1.8291527e+01
   1.8284844e+01
   1.8267986e+01
   1.8242951e+01
   1.8211407e+01
   1.8174733e+01
   1.8134065e+01
   1.8090326e+01
   1.8044266e+01
   1.7996488e+01
   1.7947476e+01
   1.7897616e+01
   1.7847212e+01
   1.7796507e+01
   1.7745689e+01
   1.7694905e+01
   1.7644266e+01
   1.7593858e+01
   1.7543746e+01
   1.7493976e+01
   1.7444580e+01
   1.7395583e+01
   1.7346998e+01
   1.7298832e+01
   1.7251089e+01
   1.7203768e+01
   1.7156864e+01
   1.7110373e+01
   1.7064287e+01
   1.7018596e+01
   1.6973294e+01
   1.6928371e+01
   1.6883816e+01
   1.6839623e+01
   1.6795778e+01
   1.6752275e+01
   1.6709105e+01
   1.6666259e+01
   1.6623728e+01
   1.6581506e+01
   1.6539585e+01
   1.6497958e+01
   1.6456619e+01
   1.6415561e+01
   1.6374778e+01
   1.6334266e+01
   1.6294018e+01
   1.6254028e+01
   1.6214296e+01
   1.6174814e+01
   1.6135578e+01
   1.6096586e+01
   1.6057831e+01
   1.6019312e+01
   1.5981026e+01
   1.5942969e+01
   1.5905138e+01
   1.5867528e+01
   1.5830140e+01
   1.5792971e+01
   1.5756017e+01
   1.5719276e+01
   1.5682747e+01
   1.5646426e+01
   1.5610312e+01
   1.5574402e+01
   1.5538696e+01
   1.5503191e+01
   1.5467885e+01
   1.5432778e+01
   1.5397868e+01
   1.5363151e+01
   1.5328629e+01
   1.5294299e+01
   1.5260158e+01
   1.5226206e+01
   1.5192442e+01
   1.5158865e+01
   1.5125473e+01
   1.5092264e+01
   1.5059239e+01
   1.5026395e+01
   1.4993730e+01
   1.4961244e+01
   1.4928937e+01
   1.4896806e+01
   1.4864851e+01
   1.4833071e+01
   1.4801464e+01
   1.4770028e+01
   1.4738766e+01
   1.4707675e+01
   1.4676752e+01
   1.4645998e+01
   1.4615411e+01
   1.4584991e+01
   1.4554735e+01
   1.4524644e+01
   1.4494718e+01
   1.4464954e+01
   1.4435353e+01
   1.4405913e+01
   1.4376631e+01
   1.4347506e+01
   1.4318541e+01
   1.4289733e+01
   1.4261082e+01
   1.4232585e+01
   1.4204243e+01
   1.4176054e+01
   1.4148018e+01
   1.4120133e+01
   1.4092401e+01
   1.4064816e+01
   1.4037380e+01
   1.4010093e+01
   1.3982954e+01
   1.3955962e+01
   1.3929114e+01
   1.3902411e+01
   1.3875854e+01
   1.3849440e+01
   1.3823168e+01
   1.3797036e+01
   1.3771043e+01
   1.3745192e+01
   1.3719480e+01
   1.3693908e+01
   1.3668473e+01
   1.3643174e+01
   1.3618009e+01
   1.3592980e+01
   1.3568087e+01
   1.3543326e+01
   1.3518697e+01
   1.3494200e+01
   1.3469835e+01
   1.3445601e+01
   1.3421494e+01
   1.3397517e+01
   1.3373669e+01
   1.3349947e+01
   1.3326350e+01
   1.3302880e+01
   1.3279535e+01
   1.3256315e+01
   1.3233217e+01
   1.3210242e+01
   1.3187389e+01
   1.3164658e+01
   1.3142047e+01
   1.3119556e+01
   1.3097183e+01
   1.3074928e+01
   1.3052790e+01
   1.3030769e+01
   1.3008864e+01
   1.2987076e+01
   1.2965403e+01
   1.2943842e+01
   1.2922394e+01
   1.2901059e+01
   1.2879837e+01
   1.2858724e+01
   1.2837722e+01
   1.2816829e+01
   1.2796046e+01
   1.2775372e+01
   1.2754804e+01
   1.2734344e+01
   1.2713990e+01
   1.2693743e+01
   1.2673600e+01
   1.2653560e+01
   1.2633624e+01
   1.2613790e+01
   1.2594058e+01
   1.2574428e+01
   1.2554901e+01
   1.2535474e+01
   1.2516146e+01
   1.2496915e+01
   1.2477783e+01
   1.2458751e+01
   1.2439815e+01
   1.2420976e+01
   1.2402230e+01
   1.2383581e+01
   1.2365027e+01
   1.2346568e+01
   1.2328201e+01
   1.2309927e+01
   1.2291744e+01
   1.2273653e+01
   1.2255654e+01
   1.2237744e+01
   1.2219925e+01
   1.2202195e+01
   1.2184553e+01
   1.2166999e+01
   1.2149532e+01
   1.2132152e+01
   1.2114858e+01
   1.2097650e+01
   1.2080527e+01
   1.2063488e+01
   1.2046533e+01
   1.2029661e+01
   1.2012871e+01
   1.1996164e+01
   1.1979538e+01
   1.1962993e+01
   1.1946528e+01
   1.1930143e+01
   1.1913837e+01
   1.1897610e+01
   1.1881462e+01
   1.1865391e+01
   1.1849397e+01
   1.1833480e+01
   1.1817639e+01
   1.1801873e+01
   1.1786182e+01
   1.1770565e+01
   1.1755022e+01
   1.1739553e+01
   1.1724157e+01
   1.1708833e+01
   1.1693581e+01
   1.1678401e+01
   1.1663291e+01
   1.1648251e+01
   1.1633282e+01
   1.1618381e+01
   1.1603549e+01
   1.1588786e+01
   1.1574090e+01
   1.1559462e+01
   1.1544901e+01
   1.1530406e+01
   1.1515977e+01
   1.1501614e+01
   1.1487315e+01
   1.1473079e+01
   1.1458908e+01
   1.1444801e+01
   1.1430755e+01
   1.1416772e+01
   1.1402852e+01
   1.1388993e+01
   1.1375197e+01
   1.1361458e+01
   1.1347781e+01
   1.1334164e+01
   1.1320604e+01
   1.1307105e+01
   1.1293665e+01
   1.1280283e+01
   1.1266958e+01
   1.1253691e+01
   1.1240481e+01
   1.1227327e+01
   1.1214229e+01
   1.1201186e+01
   1.1188198e+01
   1.1175265e+01
   1.1162383e+01
   1.1149556e+01
   1.1136783e+01
   1.1124060e+01
   1.1111393e+01
   1.1098778e+01
   1.1086213e+01
   1.1073700e+01
   1.1061238e+01
   1.1048825e+01
   1.1036462e+01
   1.1024151e+01
   1.1011886e+01
   1.0999672e+01
   1.0987507e+01
   1.0975391e+01
   1.0963323e+01
   1.0951300e+01
   1.0939324e+01
   1.0927396e+01
   1.0915515e+01
   1.0903678e+01
   1.0891887e+01
   1.0880141e+01
   1.0868440e+01
   1.0856783e+01
   1.0845169e+01
   1.0833599e+01
   1.0822072e+01
   1.0810587e+01
   1.0799147e+01
   1.0787748e+01
   1.0776392e+01
   1.0765076e+01
   1.0753801e+01
   1.0742567e+01
   1.0731375e+01
   1.0720222e+01
   1.0709109e+01
   1.0698035e+01
   1.0687001e+01
   1.0676006e+01
   1.0665048e+01
   1.0654129e+01
   1.0643247e+01
   1.0632405e+01
   1.0621598e+01
   1.0610829e+01
   1.0600095e+01
   1.0589398e+01
   1.0578738e+01
   1.0568113e+01
   1.0557522e+01
   1.0546966e+01
   1.0536444e+01
   1.0525959e+01
   1.0515508e+01
   1.0505091e+01
   1.0494708e+01
   1.0484358e+01
   1.0474040e+01
   1.0463756e+01
   1.0453505e+01
   1.0443286e+01
   1.0433097e+01
   1.0422939e+01
   1.0412814e+01
   1.0402720e+01
   1.0392658e+01
   1.0382624e+01
   1.0372622e+01
   1.0362649e+01
   1.0352706e+01
   1.0342792e+01
   1.0332909e+01
   1.0323054e+01
   1.0313229e+01
   1.0303431e+01
   1.0293660e+01
   1.0283919e+01
   1.0274205e+01
   1.0264519e+01
   1.0254862e+01
   1.0245230e+01
   1.0235626e+01
   1.0226048e+01
   1.0216496e+01
   1.0206970e+01
   1.0197470e+01
   1.0187995e+01
   1.0178547e+01
   1.0169123e+01
   1.0159725e+01
   1.0150349e+01
   1.0141000e+01
   1.0131674e+01
   1.0122374e+01
   1.0113098e+01
   1.0103844e+01
   1.0094615e+01
   1.0085408e+01
   1.0076226e+01
   1.0067065e+01
   1.0057928e+01
   1.0048814e+01
   1.0039722e+01
   1.0030653e+01
   1.0021605e+01
   1.0012578e+01
   1.0003575e+01
   9.9945922e+00
   9.9856297e+00
   9.9766894e+00
   9.9677704e+00
   9.9588722e+00
   9.9499948e+00
   9.9411379e+00
   9.9323011e+00
   9.9234833e+00
   9.9146865e+00
   9.9059089e+00
   9.8971520e+00
   9.8884141e+00
   9.8796961e+00
   9.8709977e+00
   9.8623187e+00
   9.8536584e+00
   9.8450151e+00
   9.8363912e+00
   9.8277870e+00
   9.8191997e+00
   9.8106307e+00
   9.8020796e+00
   9.7935476e+00
   9.7850349e+00
   9.7765387e+00
   9.7680598e+00
   9.7595995e+00
   9.7511558e+00
   9.7427305e+00
   9.7343210e+00
   9.7259299e+00
   9.7175543e+00
   9.7091971e+00
   9.7008554e+00
   9.6925314e+00
   9.6842246e+00
   9.6759336e+00
   9.6676588e+00
   9.6594009e+00
   9.6511600e+00
   9.6429348e+00
   9.6347237e+00
   9.6265303e+00
   9.6183538e+00
   9.6101925e+00
   9.6020462e+00
   9.5939155e+00
   9.5858007e+00
   9.5777007e+00
   9.5696170e+00
   9.5615491e+00
   9.5534964e+00
   9.5454590e+00
   9.5374358e+00
   9.5294293e+00
   9.5214370e+00
   9.5134581e+00
   9.5054959e+00
   9.4975484e+00
   9.4896153e+00
   9.4816956e+00
   9.4737915e+00
   9.4659031e+00
   9.4580282e+00
   9.4501680e+00
   9.4423235e+00
   9.4344926e+00
   9.4266771e+00
   9.4188753e+00
   9.4110882e+00
   9.4033149e+00
   9.3955562e+00
   9.3878117e+00
   9.3800816e+00
   9.3723654e+00
   9.3646632e+00
   9.3569761e+00
   9.3493022e+00
   9.3416419e+00
   9.3339966e+00
   9.3263665e+00
   9.3187509e+00
   9.3111469e+00
   9.3035582e+00
   9.2959847e+00
   9.2884259e+00
   9.2808794e+00
   9.2733471e+00
   9.2658299e+00
   9.2583252e+00
   9.2508354e+00
   9.2433612e+00
   9.2359000e+00
   9.2284521e+00
   9.2210188e+00
   9.2135998e+00
   9.2061943e+00
   9.1988033e+00
   9.1914263e+00
   9.1840644e+00
   9.1767163e+00
   9.1693820e+00
   9.1620618e+00
   9.1547563e+00
   9.1474638e+00
   9.1401853e+00
   9.1329219e+00
   9.1256720e+00
   9.1184370e+00
   9.1112160e+00
   9.1040102e+00
   9.0968192e+00
   9.0896420e+00
   9.0824789e+00
   9.0753303e+00
   9.0681963e+00
   9.0610773e+00
   9.0539735e+00
   9.0468845e+00
   9.0398091e+00
   9.0327485e+00
   9.0257034e+00
   9.0186734e+00
   9.0116574e+00
   9.0046563e+00
   8.9976700e+00
   8.9906988e+00
   8.9837427e+00
   8.9768019e+00
   8.9698761e+00
   8.9629657e+00
   8.9560708e+00
   8.9491909e+00
   8.9423261e+00
   8.9354769e+00
   8.9286431e+00
   8.9218241e+00
   8.9150207e+00
   8.9082333e+00
   8.9014603e+00
   8.8947031e+00
   8.8879619e+00
   8.8812383e+00
   8.8745283e+00
   8.8678348e+00
   8.8611572e+00
   8.8544960e+00
   8.8478501e+00
   8.8412205e+00
   8.8346078e+00
   8.8280108e+00
   8.8214292e+00
   8.8148646e+00
   8.8083154e+00
   8.8017840e+00
   8.7952703e+00
   8.7887718e+00
   8.7822895e+00
   8.7758248e+00
   8.7693759e+00
   8.7629445e+00
   8.7565314e+00
   8.7501338e+00
   8.7437533e+00
   8.7373900e+00
   8.7310441e+00
   8.7247149e+00
   8.7184024e+00
   8.7121078e+00
   8.7058306e+00
   8.6995714e+00
   8.6933299e+00
   8.6871061e+00
   8.6809003e+00
   8.6747114e+00
   8.6685402e+00
   8.6623876e+00
   8.6562529e+00
   8.6501352e+00
   8.6440365e+00
   8.6379566e+00
   8.6318949e+00
   8.6258490e+00
   8.6198227e+00
   8.6138159e+00
   8.6078287e+00
   8.6018590e+00
   8.5959073e+00
   8.5899740e+00
   8.5840598e+00
   8.5781643e+00
   8.5722866e+00
   8.5664293e+00
   8.5605902e+00
   8.5547700e+00
   8.5489688e+00
   8.5431864e+00
   8.5374249e+00
   8.5316834e+00
   8.5259600e+00
   8.5202564e+00
   8.5145728e+00
   8.5089093e+00
   8.5032643e+00
   8.4976391e+00
   8.4920345e+00
   8.4864496e+00
   8.4808831e+00
   8.4753379e+00
   8.4698129e+00
   8.4643076e+00
   8.4588223e+00
   8.4533574e+00
   8.4479132e+00
   8.4424899e+00
   8.4370864e+00
   8.4317032e+00
   8.4263401e+00
   8.4209980e+00
   8.4156765e+00
   8.4103747e+00
   8.4050947e+00
   8.3998360e+00
   8.3945980e+00
   8.3893806e+00
   8.3841852e+00
   8.3790099e+00
   8.3738555e+00
   8.3687229e+00
   8.3636105e+00
   8.3585193e+00
   8.3534501e+00
   8.3484010e+00
   8.3433737e+00
   8.3383684e+00
   8.3333854e+00
   8.3284230e+00
   8.3234823e+00
   8.3185637e+00
   8.3136659e+00
   8.3087901e+00
   8.3039365e+00
   8.2991054e+00
   8.2942955e+00
   8.2895074e+00
   8.2847418e+00
   8.2799976e+00
   8.2752755e+00
   8.2705758e+00
   8.2658987e+00
   8.2612435e+00
   8.2566103e+00
   8.2519997e+00
   8.2474111e+00
   8.2428448e+00
   8.2383011e+00
   8.2337796e+00
   8.2292806e+00
   8.2248042e+00
   8.2203502e+00
   8.2159189e+00
   8.2115104e+00
   8.2071247e+00
   8.2027615e+00
   8.1984210e+00
   8.1941032e+00
   8.1898083e+00
   8.1855363e+00
   8.1812873e+00
   8.1770612e+00
   8.1728581e+00
   8.1686780e+00
   8.1645209e+00
   8.1603870e+00
   8.1562761e+00
   8.1521884e+00
   8.1481238e+00
   8.1440825e+00
   8.1400643e+00
   8.1360693e+00
   8.1320976e+00
   8.1281492e+00
   8.1242240e+00
   8.1203222e+00
   8.1164437e+00
   8.1125886e+00
   8.1087569e+00
   8.1049485e+00
   8.1011636e+00
   8.0974021e+00
   8.0936640e+00
   8.0899494e+00
   8.0862583e+00
   8.0825906e+00
   8.0789465e+00
   8.0753259e+00
   8.0717288e+00
   8.0681553e+00
   8.0646054e+00
   8.0610790e+00
   8.0575762e+00
   8.0540969e+00
   8.0506413e+00
   8.0472093e+00
   8.0438009e+00
   8.0404161e+00
   8.0370550e+00
   8.0337175e+00
   8.0304037e+00
   8.0271135e+00
   8.0238469e+00
   8.0206040e+00
   8.0173848e+00
   8.0141893e+00
   8.0110174e+00
   8.0078692e+00
   8.0047446e+00
   8.0016438e+00
   7.9985666e+00
   7.9955130e+00
   7.9924832e+00
   7.9894770e+00
   7.9864945e+00
   7.9835357e+00
   7.9806005e+00
   7.9776890e+00
   7.9748011e+00
   7.9719369e+00
   7.9690963e+00
   7.9662794e+00
   7.9634861e+00
   7.9607164e+00
   7.9579704e+00
   7.9552479e+00
   7.9525491e+00
   7.9498739e+00
   7.9472222e+00
   7.9445941e+00
   7.9419896e+00
   7.9394087e+00
   7.9368513e+00
   7.9343174e+00
   7.9318070e+00
   7.9293202e+00
   7.9268568e+00
   7.9244169e+00
   7.9220005e+00
   7.9196076e+00
   7.9172380e+00
   7.9148919e+00
   7.9125692e+00
   7.9102699e+00
   7.9079940e+00
   7.9057414e+00
   7.9035121e+00
   7.9013062e+00
   7.8991236e+00
   7.8969642e+00
   7.8948281e+00
   7.8927153e+00
   7.8906257e+00
   7.8885592e+00
   7.8865160e+00
   7.8844959e+00
   7.8824990e+00
   7.8805251e+00
   7.8785744e+00
   7.8766467e+00
   7.8747420e+00
   7.8728604e+00
   7.8710018e+00
   7.8691661e+00
   7.8673534e+00
   7.8655637e+00
   7.8637968e+00
   7.8620527e+00
   7.8603316e+00
   7.8586332e+00
   7.8569576e+00
   7.8553048e+00
   7.8536747e+00
   7.8520674e+00
   7.8504827e+00
   7.8489206e+00
   7.8473812e+00
   7.8458643e+00
   7.8443700e+00
   7.8428983e+00
   7.8414490e+00
   7.8400222e+00
   7.8386179e+00
   7.8372359e+00
   7.8358763e+00
   7.8345391e+00
   7.8332241e+00
   7.8319315e+00
   7.8306611e+00
   7.8294129e+00
   7.8281868e+00
   7.8269829e+00
   7.8258012e+00
   7.8246415e+00
   7.8235038e+00
   7.8223881e+00
   7.8212945e+00
   7.8202227e+00
   7.8191728e+00
   7.8181449e+00
   7.8171387e+00
   7.8161543e+00
   7.8151917e+00
   7.8142508e+00
   7.8133316e+00
   7.8124340e+00
   7.8115580e+00
   7.8107036e+00
   7.8098707e+00
   7.8090593e+00
   7.8082694e+00
   7.8075009e+00
   7.8067537e+00
   7.8060279e+00
   7.8053234e+00
   7.8046402e+00
   7.8039782e+00
   7.8033373e+00
   7.8027176e+00
   7.8021190e+00
   7.8015414e+00
   7.8009849e+00
   7.8004493e+00
   7.7999347e+00
   7.7994410e+00
   7.7989681e+00
   7.7985160e+00
   7.7980848e+00
   7.7976742e+00
   7.7972843e+00
   7.7969151e+00
   7.7965665e+00
   7.7962384e+00
   7.7959308e+00
   7.7956438e+00
   7.7953771e+00
   7.7951309e+00
   7.7949050e+00
   7.7946994e+00
   7.7945141e+00
   7.7943489e+00
   7.7942040e+00
   7.7940792e+00
   7.7939744e+00
   7.7938897e+00
   7.7938250e+00
   7.7937803e+00
   7.7937555e+00
   7.7937505e+00
   7.7937653e+00
   7.7938000e+00
   7.7938543e+00
   7.7939284e+00
   7.7940220e+00
   7.7941353e+00
   7.7942681e+00
   7.7944205e+00
   7.7945922e+00
   7.7947834e+00
   7.7949940e+00
   7.7952239e+00
   7.7954731e+00
   7.7957415e+00
   7.7960290e+00
   7.7963358e+00
   7.7966616e+00
   7.7970064e+00
   7.7973703e+00
   7.7977531e+00
   7.7981548e+00
   7.7985754e+00
   7.7990148e+00
   7.7994729e+00
   7.7999498e+00
   7.8004454e+00
   7.8009596e+00
   7.8014923e+00
   7.8020436e+00
   7.8026134e+00
   7.8032016e+00
   7.8038082e+00
   7.8044332e+00
   7.8050764e+00
   7.8057379e+00
   7.8064176e+00
   7.8071155e+00
   7.8078315e+00
   7.8085655e+00
   7.8093176e+00
   7.8100876e+00
   7.8108755e+00
   7.8116813e+00
   7.8125049e+00
   7.8133463e+00
   7.8142054e+00
   7.8150822e+00
   7.8159767e+00
   7.8168887e+00
   7.8178183e+00
   7.8187653e+00
   7.8197298e+00
   7.8207117e+00
   7.8217109e+00
   7.8227274e+00
   7.8237611e+00
   7.8248121e+00
   7.8258802e+00
   7.8269654e+00
   7.8280677e+00
   7.8291870e+00
   7.8303232e+00
   7.8314764e+00
   7.8326464e+00
   7.8338332e+00
   7.8350368e+00
   7.8362571e+00
   7.8374941e+00
   7.8387476e+00
   7.8400178e+00
   7.8413045e+00
   7.8426077e+00
   7.8439273e+00
   7.8452632e+00
   7.8466155e+00
   7.8479841e+00
   7.8493689e+00
   7.8507699e+00
   7.8521870e+00
   7.8536203e+00
   7.8550695e+00
   7.8565348e+00
   7.8580160e+00
   7.8595130e+00
   7.8610260e+00
   7.8625547e+00
   7.8640992e+00
   7.8656593e+00
   7.8672351e+00
   7.8688266e+00
   7.8704335e+00
   7.8720560e+00
   7.8736940e+00
   7.8753473e+00
   7.8770160e+00
   7.8787000e+00
   7.8803993e+00
   7.8821138e+00
   7.8838434e+00
   7.8855882e+00
   7.8873480e+00
   7.8891229e+00
   7.8909127e+00
   7.8927174e+00
   7.8945370e+00
   7.8963714e+00
   7.8982207e+00
   7.9000846e+00
   7.9019632e+00
   7.9038564e+00
   7.9057643e+00
   7.9076866e+00
   7.9096234e+00
   7.9115747e+00
   7.9135403e+00
   7.9155203e+00
   7.9175146e+00
   7.9195231e+00
   7.9215458e+00
   7.9235827e+00
   7.9256336e+00
   7.9276986e+00
   7.9297776e+00
   7.9318705e+00
   7.9339773e+00
   7.9360980e+00
   7.9382324e+00
   7.9403806e+00
   7.9425426e+00
   7.9447181e+00
   7.9469073e+00
   7.9491101e+00
   7.9513263e+00
   7.9535560e+00
   7.9557991e+00
   7.9580556e+00
   7.9603254e+00
   7.9626084e+00
   7.9649047e+00
   7.9672141e+00
   7.9695366e+00
   7.9718722e+00
   7.9742209e+00
   7.9765824e+00
   7.9789570e+00
   7.9813443e+00
   7.9837446e+00
   7.9861575e+00
   7.9885832e+00
   7.9910216e+00
   7.9934726e+00
   7.9959362e+00
   7.9984123e+00
   8.0009009e+00
   8.0034019e+00
   8.0059153e+00
   8.0084411e+00
   8.0109791e+00
   8.0135293e+00
   8.0160918e+00
   8.0186663e+00
   8.0212530e+00
   8.0238517e+00
   8.0264624e+00
   8.0290850e+00
   8.0317195e+00
   8.0343658e+00
   8.0370239e+00
   8.0396938e+00
   8.0423754e+00
   8.0450686e+00
   8.0477734e+00
   8.0504897e+00
   8.0532175e+00
   8.0559568e+00
   8.0587074e+00
   8.0614694e+00
   8.0642427e+00
   8.0670273e+00
   8.0698230e+00
   8.0726299e+00
   8.0754478e+00
   8.0782769e+00
   8.0811169e+00
   8.0839678e+00
   8.0868296e+00
   8.0897023e+00
   8.0925858e+00
   8.0954800e+00
   8.0983849e+00
   8.1013005e+00
   8.1042266e+00
   8.1071633e+00
   8.1101104e+00
   8.1130680e+00
   8.1160360e+00
   8.1190144e+00
   8.1220030e+00
   8.1250018e+00
   8.1280109e+00
   8.1310300e+00
   8.1340593e+00
   8.1370986e+00
   8.1401478e+00
   8.1432070e+00
   8.1462761e+00
   8.1493550e+00
   8.1524437e+00
   8.1555420e+00
   8.1586501e+00
   8.1617678e+00
   8.1648950e+00
   8.1680318e+00
   8.1711780e+00
   8.1743336e+00
   8.1774986e+00
   8.1806729e+00
   8.1838564e+00
   8.1870491e+00
   8.1902510e+00
   8.1934620e+00
   8.1966820e+00
   8.1999110e+00
   8.2031489e+00
   8.2063958e+00
   8.2096514e+00
   8.2129158e+00
   8.2161889e+00
   8.2194707e+00
   8.2227611e+00
   8.2260601e+00
   8.2293675e+00
   8.2326834e+00
   8.2360077e+00
   8.2393404e+00
   8.2426813e+00
   8.2460304e+00
   8.2493878e+00
   8.2527532e+00
   8.2561267e+00
   8.2595082e+00
   8.2628976e+00
   8.2662949e+00
   8.2697001e+00
   8.2731130e+00
   8.2765337e+00
   8.2799620e+00
   8.2833980e+00
   8.2868414e+00
   8.2902924e+00
   8.2937508e+00
   8.2972166e+00
   8.3006897e+00
   8.3041700e+00
   8.3076576e+00
   8.3111523e+00
   8.3146540e+00
   8.3181628e+00
   8.3216786e+00
   8.3252012e+00
   8.3287307e+00
   8.3322669e+00
   8.3358099e+00
   8.3393595e+00
   8.3429157e+00
   8.3464785e+00
   8.3500477e+00
   8.3536233e+00
   8.3572053e+00
   8.3607935e+00
   8.3643880e+00
   8.3679886e+00
   8.3715953e+00
   8.3752080e+00
   8.3788267e+00
   8.3824512e+00
   8.3860816e+00
   8.3897177e+00
   8.3933596e+00
   8.3970070e+00
   8.4006600e+00
   8.4043185e+00
   8.4079825e+00
   8.4116517e+00
   8.4153263e+00
   8.4190060e+00
   8.4226909e+00
   8.4263809e+00
   8.4300759e+00
   8.4337758e+00
   8.4374806e+00
   8.4411901e+00
   8.4449043e+00
   8.4486232e+00
   8.4523467e+00
   8.4560746e+00
   8.4598070e+00
   8.4635436e+00
   8.4672846e+00
   8.4710297e+00
   8.4747789e+00
   8.4785322e+00
   8.4822894e+00
   8.4860505e+00
   8.4898153e+00
   8.4935839e+00
   8.4973561e+00
   8.5011318e+00
   8.5049110e+00
   8.5086936e+00
   8.5124794e+00
   8.5162685e+00
   8.5200607e+00
   8.5238560e+00
   8.5276542e+00
   8.5314552e+00
   8.5352590e+00
   8.5390656e+00
   8.5428747e+00
   8.5466863e+00
   8.5505004e+00
   8.5543167e+00
   8.5581353e+00
   8.5619560e+00
   8.5657788e+00
   8.5696035e+00
   8.5734301e+00
   8.5772584e+00
   8.5810884e+00
   8.5849200e+00
   8.5887530e+00
   8.5925873e+00
   8.5964230e+00
   8.6002597e+00
   8.6040976e+00
   8.6079364e+00
   8.6117760e+00
   8.6156163e+00
   8.6194573e+00
   8.6232989e+00
   8.6271408e+00
   8.6309830e+00
   8.6348255e+00
   8.6386680e+00
   8.6425105e+00
   8.6463528e+00
   8.6501949e+00
   8.6540367e+00
   8.6578779e+00
   8.6617186e+00
   8.6655585e+00
   8.6693976e+00
   8.6732357e+00
   8.6770727e+00
   8.6809086e+00
   8.6847431e+00
   8.6885761e+00
   8.6924076e+00
   8.6962374e+00
   8.7000653e+00
   8.7038913e+00
   8.7077152e+00
   8.7115369e+00
   8.7153562e+00
   8.7191730e+00
   8.7229873e+00
   8.7267987e+00
   8.7306073e+00
   8.7344129e+00
   8.7382152e+00
   8.7420143e+00
   8.7458100e+00
   8.7496020e+00
   8.7533904e+00
   8.7571748e+00
   8.7609553e+00
   8.7647316e+00
   8.7685036e+00
   8.7722711e+00
   8.7760341e+00
   8.7797922e+00
   8.7835455e+00
   8.7872938e+00
   8.7910368e+00
   8.7947745e+00
   8.7985066e+00
   8.8022331e+00
   8.8059538e+00
   8.8096684e+00
   8.8133770e+00
   8.8170792e+00
   8.8207750e+00
   8.8244641e+00
   8.8281465e+00
   8.8318219e+00
   8.8354902e+00
   8.8391512e+00
   8.8428048e+00
   8.8464508e+00
   8.8500890e+00
   8.8537192e+00
   8.8573413e+00
   8.8609552e+00
   8.8645605e+00
   8.8681573e+00
   8.8717452e+00
   8.8753242e+00
   8.8788939e+00
   8.8824544e+00
   8.8860054e+00
   8.8895467e+00
   8.8930781e+00
   8.8965995e+00
   8.9001106e+00
   8.9036114e+00
   8.9071015e+00
   8.9105810e+00
   8.9140494e+00
   8.9175068e+00
   8.9209528e+00
   8.9243874e+00
   8.9278102e+00
   8.9312212e+00
   8.9346202e+00
   8.9380069e+00
   8.9413812e+00
   8.9447429e+00
   8.9480918e+00
   8.9514277e+00
   8.9547504e+00
   8.9580598e+00
   8.9613556e+00
   8.9646376e+00
   8.9679058e+00
   8.9711597e+00
   8.9743994e+00
   8.9776246e+00
   8.9808350e+00
   8.9840306e+00
   8.9872110e+00
   8.9903762e+00
   8.9935259e+00
   8.9966599e+00
   8.9997780e+00
   9.0028801e+00
   9.0059659e+00
   9.0090352e+00
   9.0120879e+00
   9.0151237e+00
   9.0181425e+00
   9.0211441e+00
   9.0241281e+00
   9.0270946e+00
   9.0300432e+00
   9.0329737e+00
   9.0358860e+00
   9.0387799e+00
   9.0416551e+00
   9.0445115e+00
   9.0473489e+00
   9.0501670e+00
   9.0529656e+00
   9.0557446e+00
   9.0585038e+00
   9.0612429e+00
   9.0639617e+00
   9.0666602e+00
   9.0693379e+00
   9.0719948e+00
   9.0746306e+00
   9.0772451e+00
   9.0798382e+00
   9.0824096e+00
   9.0849591e+00
   9.0874865e+00
   9.0899916e+00
   9.0924742e+00
   9.0949341e+00
   9.0973710e+00
   9.0997849e+00
   9.1021754e+00
   9.1045423e+00
   9.1068855e+00
   9.1092047e+00
   9.1114998e+00
   9.1137704e+00
   9.1160165e+00
   9.1182377e+00
   9.1204339e+00
   9.1226049e+00
   9.1247504e+00
   9.1268702e+00
   9.1289641e+00
   9.1310319e+00
   9.1330734e+00
   9.1350883e+00
   9.1370765e+00
   9.1390377e+00
   9.1409716e+00
   9.1428781e+00
   9.1447570e+00
   9.1466080e+00
   9.1484309e+00
   9.1502254e+00
   9.1519914e+00
   9.1537286e+00
   9.1554367e+00
   9.1571156e+00
   9.1587650e+00
   9.1603847e+00
   9.1619744e+00
   9.1635340e+00
   9.1650631e+00
   9.1665615e+00
   9.1680290e+00
   9.1694654e+00
   9.1708703e+00
   9.1722436e+00
   9.1735851e+00
   9.1748943e+00
   9.1761712e+00
   9.1774155e+00
   9.1786268e+00
   9.1798050e+00
   9.1809498e+00
   9.1820609e+00
   9.1831381e+00
   9.1841811e+00
   9.1851897e+00
   9.1861635e+00
   9.1871024e+00
   9.1880060e+00
   9.1888740e+00
   9.1897063e+00
   9.1905024e+00
   9.1912623e+00
   9.1919854e+00
   9.1926717e+00
   9.1933208e+00
   9.1939323e+00
   9.1945061e+00
   9.1950418e+00
   9.1955392e+00
   9.1959979e+00
   9.1964176e+00
   9.1967981e+00
   9.1971390e+00
   9.1974400e+00
   9.1977008e+00
   9.1979212e+00
   9.1981008e+00
   9.1982392e+00
   9.1983363e+00
   9.1983915e+00
   9.1984047e+00
   9.1983755e+00
   9.1983035e+00
   9.1981885e+00
   9.1980301e+00
   9.1978280e+00
   9.1975817e+00
   9.1972911e+00
   9.1969557e+00
   9.1965752e+00
   9.1961492e+00
   9.1956774e+00
   9.1951594e+00
   9.1945949e+00
   9.1939836e+00
   9.1933249e+00
   9.1926186e+00
   9.1918643e+00
   9.1910617e+00
   9.1902102e+00
   9.1893097e+00
   9.1883596e+00
   9.1873596e+00
   9.1863093e+00
   9.1852084e+00
   9.1840563e+00
   9.1828527e+00
   9.1815973e+00
   9.1802895e+00
   9.1789291e+00
   9.1775155e+00
   9.1760484e+00
   9.1745273e+00
   9.1729519e+00
   9.1713216e+00
   9.1696361e+00
   9.1678950e+00
   9.1660977e+00
   9.1642439e+00
   9.1623331e+00
   9.1603649e+00
   9.1583387e+00
   9.1562542e+00
   9.1541110e+00
   9.1519084e+00
   9.1496462e+00
   9.1473237e+00
   9.1449406e+00
   9.1424964e+00
   9.1399905e+00
   9.1374225e+00
   9.1347920e+00
   9.1320983e+00
   9.1293411e+00
   9.1265198e+00
   9.1236340e+00
   9.1206831e+00
   9.1176666e+00
   9.1145840e+00
   9.1114348e+00
   9.1082185e+00
   9.1049345e+00
   9.1015823e+00
   9.0981615e+00
   9.0946714e+00
   9.0911115e+00
   9.0874813e+00
   9.0837802e+00
   9.0800077e+00
   9.0761632e+00
   9.0722462e+00
   9.0682561e+00
   9.0641924e+00
   9.0600544e+00
   9.0558416e+00
   9.0515535e+00
   9.0471894e+00
   9.0427487e+00
   9.0382309e+00
   9.0336354e+00
   9.0289616e+00
   9.0242089e+00
   9.0193766e+00
   9.0144642e+00
   9.0094711e+00
   9.0043966e+00
   8.9992401e+00
   8.9940010e+00
   8.9886787e+00
   8.9832725e+00
   8.9777818e+00
   8.9722060e+00
   8.9665444e+00
   8.9607963e+00
   8.9549612e+00
   8.9490384e+00
   8.9430271e+00
   8.9369268e+00
   8.9307368e+00
   8.9244563e+00
   8.9180848e+00
   8.9116216e+00
   8.9050659e+00
   8.8984171e+00
   8.8916745e+00
   8.8848373e+00
   8.8779050e+00
   8.8708768e+00
   8.8637520e+00
   8.8565298e+00
   8.8492097e+00
   8.8417908e+00
   8.8342724e+00
   8.8266539e+00
   8.8189344e+00
   8.8111134e+00
   8.8031899e+00
   8.7951633e+00
   8.7870330e+00
   8.7787980e+00
   8.7704577e+00
   8.7620113e+00
   8.7534580e+00
   8.7447972e+00
   8.7360281e+00
   8.7271498e+00
   8.7181617e+00
   8.7090629e+00
   8.6998527e+00
   8.6905304e+00
   8.6810951e+00
   8.6715461e+00
   8.6618826e+00
   8.6521038e+00
   8.6422090e+00
   8.6321973e+00
   8.6220680e+00
   8.6118202e+00
   8.6014533e+00
   8.5909664e+00
   8.5803586e+00
   8.5696293e+00
   8.5587776e+00
   8.5478028e+00
   8.5367039e+00
   8.5254803e+00
   8.5141312e+00
   8.5026557e+00
   8.4910531e+00
   8.4793225e+00
   8.4674631e+00
   8.4554743e+00
   8.4433551e+00
   8.4311047e+00
   8.4187225e+00
   8.4062076e+00
   8.3935591e+00
   8.3807764e+00
   8.3678587e+00
   8.3548051e+00
   8.3416148e+00
   8.3282872e+00
   8.3148214e+00
   8.3012166e+00
   8.2874722e+00
   8.2735873e+00
   8.2595612e+00
   8.2453931e+00
   8.2310823e+00
   8.2166280e+00
   8.2020296e+00
   8.1872863e+00
   8.1723973e+00
   8.1573620e+00
   8.1421797e+00
   8.1268496e+00
   8.1113712e+00
   8.0957436e+00
   8.0799663e+00
   8.0640385e+00
   8.0479597e+00
   8.0317291e+00
   8.0153463e+00
   7.9988105e+00
   7.9821212e+00
   7.9652778e+00
   7.9482796e+00
   7.9311263e+00
   7.9138172e+00
   7.8963517e+00
   7.8787295e+00
   7.8609499e+00
   7.8430126e+00
   7.8249170e+00
   7.8066628e+00
   7.7882496e+00
   7.7696768e+00
   7.7509442e+00
   7.7320514e+00
   7.7129982e+00
   7.6937841e+00
   7.6744089e+00
   7.6548723e+00
   7.6351742e+00
   7.6153144e+00
   7.5952926e+00
   7.5751087e+00
   7.5547626e+00
   7.5342543e+00
   7.5135837e+00
   7.4927507e+00
   7.4717554e+00
   7.4505979e+00
   7.4292783e+00
   7.4077965e+00
   7.3861529e+00
   7.3643477e+00
   7.3423810e+00
   7.3202531e+00
   7.2979645e+00
   7.2755154e+00
   7.2529062e+00
   7.2301374e+00
   7.2072096e+00
   7.1841231e+00
   7.1608788e+00
   7.1374771e+00
   7.1139188e+00
   7.0902047e+00
   7.0663354e+00
   7.0423120e+00
   7.0181352e+00
   6.9938060e+00
   6.9693255e+00
   6.9446947e+00
   6.9199147e+00
   6.8949868e+00
   6.8699121e+00
   6.8446920e+00
   6.8193278e+00
   6.7938210e+00
   6.7681730e+00
   6.7423854e+00
   6.7164598e+00
   6.6903979e+00
   6.6642015e+00
   6.6378723e+00
   6.6114122e+00
   6.5848233e+00
   6.5581074e+00
   6.5312666e+00
   6.5043032e+00
   6.4772193e+00
   6.4500172e+00
   6.4226993e+00
   6.3952679e+00
   6.3677257e+00
   6.3400751e+00
   6.3123187e+00
   6.2844593e+00
   6.2564996e+00
   6.2284425e+00
   6.2002908e+00
   6.1720476e+00
   6.1437158e+00
   6.1152985e+00
   6.0867990e+00
   6.0582204e+00
   6.0295661e+00
   6.0008393e+00
   5.9720435e+00
   5.9431823e+00
   5.9142590e+00
   5.8852773e+00
   5.8562409e+00
   5.8271535e+00
   5.7980187e+00
   5.7688405e+00
   5.7396226e+00
   5.7103690e+00
   5.6810836e+00
   5.6517704e+00
   5.6224334e+00
   5.5930768e+00
   5.5637045e+00
   5.5343209e+00
   5.5049299e+00
   5.4755359e+00
   5.4461431e+00
   5.4167556e+00
   5.3873779e+00
   5.3580142e+00
   5.3286687e+00
   5.2993459e+00
   5.2700501e+00
   5.2407855e+00
   5.2115566e+00
   5.1823677e+00
   5.1532231e+00
   5.1241271e+00
   5.0950842e+00
   5.0660986e+00
   5.0371746e+00
   5.0083165e+00
   4.9795286e+00
   4.9508151e+00
   4.9221802e+00
   4.8936282e+00
   4.8651631e+00
   4.8367892e+00
   4.8085104e+00
   4.7803309e+00
   4.7522545e+00
   4.7242853e+00
   4.6964272e+00
   4.6686839e+00
   4.6410594e+00
   4.6135573e+00
   4.5861812e+00
   4.5589349e+00
   4.5318217e+00
   4.5048453e+00
   4.4780091e+00
   4.4513162e+00
   4.4247701e+00
   4.3983739e+00
   4.3721307e+00
   4.3460435e+00
   4.3201153e+00
   4.2943490e+00
   4.2687473e+00
   4.2433129e+00
   4.2180484e+00
   4.1929565e+00
   4.1680394e+00
   4.1432996e+00
   4.1187394e+00
   4.0943608e+00
   4.0701661e+00
   4.0461571e+00
   4.0223358e+00
   3.9987039e+00
   3.9752633e+00
   3.9520155e+00
   3.9289621e+00
   3.9061045e+00
   3.8834440e+00
   3.8609820e+00
   3.8387196e+00
   3.8166580e+00
   3.7947980e+00
   3.7731406e+00
   3.7516866e+00
   3.7304369e+00
   3.7093919e+00
   3.6885524e+00
   3.6679187e+00
   3.6474913e+00
   3.6272706e+00
   3.6072567e+00
   3.5874498e+00
   3.5678501e+00
   3.5484575e+00
   3.5292720e+00
   3.5102935e+00
   3.4915217e+00
   3.4729564e+00
   3.4545973e+00
   3.4364439e+00
   3.4184958e+00
   3.4007524e+00
   3.3832133e+00
   3.3658776e+00
   3.3487448e+00
   3.3318141e+00
   3.3150846e+00
   3.2985554e+00
   3.2822258e+00
   3.2660946e+00
   3.2501609e+00
   3.2344237e+00
   3.2188818e+00
   3.2035340e+00
   3.1883793e+00
   3.1734163e+00
   3.1586439e+00
   3.1440606e+00
   3.1296653e+00
   3.1154564e+00
   3.1014328e+00
   3.0875928e+00
   3.0739351e+00
   3.0604581e+00
   3.0471605e+00
   3.0340406e+00
   3.0210970e+00
   3.0083280e+00
   2.9957320e+00
   2.9833076e+00
   2.9710529e+00
   2.9589665e+00
   2.9470467e+00
   2.9352918e+00
   2.9237001e+00
   2.9122700e+00
   2.9009997e+00
   2.8898876e+00
   2.8789320e+00
   2.8681311e+00
   2.8574832e+00
   2.8469867e+00
   2.8366397e+00
   2.8264406e+00
   2.8163877e+00
