   3.3882454e+00
   3.3875245e+00
   3.3868038e+00
   3.3860834e+00
   3.3853633e+00
   3.3846434e+00
   3.3839238e+00
   3.3832045e+00
   3.3824854e+00
   3.3817666e+00
   3.3810481e+00
   3.3803298e+00
   3.3796118e+00
   3.3788941e+00
   3.3781767e+00
   3.3774595e+00
   3.3767425e+00
   3.3760259e+00
   3.3753095e+00
   3.3745934e+00
   3.3738775e+00
   3.3731619e+00
   3.3724466e+00
   3.3717315e+00
   3.3710167e+00
   3.3703021e+00
   3.3695879e+00
   3.3688739e+00
   3.3681601e+00
   3.3674466e+00
   3.3667334e+00
   3.3660204e+00
   3.3653077e+00
   3.3645953e+00
   3.3638831e+00
   3.3631712e+00
   3.3624596e+00
   3.3617482e+00
   3.3610370e+00
   3.3603262e+00
   3.3596155e+00
   3.3589052e+00
   3.3581951e+00
   3.3574853e+00
   3.3567757e+00
   3.3560664e+00
   3.3553573e+00
   3.3546485e+00
   3.3539400e+00
   3.3532317e+00
   3.3525237e+00
   3.3518159e+00
   3.3511084e+00
   3.3504012e+00
   3.3496942e+00
   3.3489875e+00
   3.3482810e+00
   3.3475748e+00
   3.3468688e+00
   3.3461631e+00
   3.3454576e+00
   3.3447524e+00
   3.3440475e+00
   3.3433428e+00
   3.3426384e+00
   3.3419342e+00
   3.3412302e+00
   3.3405266e+00
   3.3398231e+00
   3.3391200e+00
   3.3384171e+00
   3.3377144e+00
   3.3370120e+00
   3.3363098e+00
   3.3356079e+00
   3.3349063e+00
   3.3342049e+00
   3.3335037e+00
   3.3328028e+00
   3.3321022e+00
   3.3314018e+00
   3.3307017e+00
   3.3300018e+00
   3.3293021e+00
   3.3286027e+00
   3.3279036e+00
   3.3272047e+00
   3.3265060e+00
   3.3258076e+00
   3.3251095e+00
   3.3244116e+00
   3.3237139e+00
   3.3230165e+00
   3.3223194e+00
   3.3216225e+00
   3.3209258e+00
   3.3202294e+00
   3.3195332e+00
   3.3188373e+00
   3.3181416e+00
   3.3174462e+00
   3.3167510e+00
   3.3160561e+00
   3.3153614e+00
   3.3146670e+00
   3.3139728e+00
   3.3132788e+00
   3.3125851e+00
   3.3118917e+00
   3.3111984e+00
   3.3105055e+00
   3.3098127e+00
   3.3091202e+00
   3.3084280e+00
   3.3077360e+00
   3.3070442e+00
   3.3063527e+00
   3.3056614e+00
   3.3049704e+00
   3.3042796e+00
   3.3035891e+00
   3.3028988e+00
   3.3022087e+00
   3.3015189e+00
   3.3008293e+00
   3.3001400e+00
   3.2994509e+00
   3.2987620e+00
   3.2980734e+00
   3.2973850e+00
   3.2966969e+00
   3.2960090e+00
   3.2953213e+00
   3.2946339e+00
   3.2939467e+00
   3.2932597e+00
   3.2925730e+00
   3.2918866e+00
   3.2912003e+00
   3.2905144e+00
   3.2898286e+00
   3.2891431e+00
   3.2884578e+00
   3.2877728e+00
   3.2870880e+00
   3.2864034e+00
   3.2857191e+00
   3.2850350e+00
   3.2843511e+00
   3.2836675e+00
   3.2829841e+00
   3.2823009e+00
   3.2816180e+00
   3.2809353e+00
   3.2802529e+00
   3.2795707e+00
   3.2788887e+00
   3.2782069e+00
   3.2775254e+00
   3.2768441e+00
   3.2761631e+00
   3.2754823e+00
   3.2748017e+00
   3.2741214e+00
   3.2734413e+00
   3.2727614e+00
   3.2720817e+00
   3.2714023e+00
   3.2707231e+00
   3.2700442e+00
   3.2693654e+00
   3.2686870e+00
   3.2680087e+00
   3.2673307e+00
   3.2666529e+00
   3.2659753e+00
   3.2652980e+00
   3.2646209e+00
   3.2639440e+00
   3.2632673e+00
   3.2625909e+00
   3.2619147e+00
   3.2612388e+00
   3.2605630e+00
   3.2598875e+00
   3.2592123e+00
   3.2585372e+00
   3.2578624e+00
   3.2571878e+00
   3.2565135e+00
   3.2558393e+00
   3.2551654e+00
   3.2544917e+00
   3.2538183e+00
   3.2531451e+00
   3.2524721e+00
   3.2517993e+00
   3.2511268e+00
   3.2504544e+00
   3.2497823e+00
   3.2491105e+00
   3.2484388e+00
   3.2477674e+00
   3.2470962e+00
   3.2464252e+00
   3.2457545e+00
   3.2450840e+00
   3.2444137e+00
   3.2437436e+00
   3.2430738e+00
   3.2424042e+00
   3.2417348e+00
   3.2410656e+00
   3.2403966e+00
   3.2397279e+00
   3.2390594e+00
   3.2383911e+00
   3.2377230e+00
   3.2370552e+00
   3.2363876e+00
   3.2357202e+00
   3.2350530e+00
   3.2343861e+00
   3.2337193e+00
   3.2330528e+00
   3.2323865e+00
   3.2317205e+00
   3.2310546e+00
   3.2303890e+00
   3.2297236e+00
   3.2290584e+00
   3.2283934e+00
   3.2277287e+00
   3.2270641e+00
   3.2263998e+00
   3.2257357e+00
   3.2250719e+00
   3.2244082e+00
   3.2237448e+00
   3.2230816e+00
   3.2224186e+00
   3.2217558e+00
   3.2210932e+00
   3.2204309e+00
   3.2197688e+00
   3.2191068e+00
   3.2184452e+00
   3.2177837e+00
   3.2171224e+00
   3.2164614e+00
   3.2158005e+00
   3.2151399e+00
   3.2144795e+00
   3.2138194e+00
   3.2131594e+00
   3.2124997e+00
   3.2118401e+00
   3.2111808e+00
   3.2105217e+00
   3.2098628e+00
   3.2092041e+00
   3.2085457e+00
   3.2078874e+00
   3.2072294e+00
   3.2065716e+00
   3.2059140e+00
   3.2052566e+00
   3.2045994e+00
   3.2039425e+00
   3.2032857e+00
   3.2026292e+00
   3.2019729e+00
   3.2013168e+00
   3.2006609e+00
   3.2000052e+00
   3.1993497e+00
   3.1986944e+00
   3.1980394e+00
   3.1973846e+00
   3.1967299e+00
   3.1960755e+00
   3.1954213e+00
   3.1947673e+00
   3.1941135e+00
   3.1934600e+00
   3.1928066e+00
   3.1921534e+00
   3.1915005e+00
   3.1908478e+00
   3.1901953e+00
   3.1895429e+00
   3.1888908e+00
   3.1882389e+00
   3.1875873e+00
   3.1869358e+00
   3.1862845e+00
   3.1856335e+00
   3.1849826e+00
   3.1843320e+00
   3.1836815e+00
   3.1830313e+00
   3.1823813e+00
   3.1817315e+00
   3.1810819e+00
   3.1804325e+00
   3.1797833e+00
   3.1791343e+00
   3.1784855e+00
   3.1778369e+00
   3.1771886e+00
   3.1765404e+00
   3.1758925e+00
   3.1752447e+00
   3.1745972e+00
   3.1739498e+00
   3.1733027e+00
   3.1726558e+00
   3.1720091e+00
   3.1713626e+00
   3.1707163e+00
   3.1700701e+00
   3.1694242e+00
   3.1687786e+00
   3.1681331e+00
   3.1674878e+00
   3.1668427e+00
   3.1661978e+00
   3.1655531e+00
   3.1649087e+00
   3.1642644e+00
   3.1636203e+00
   3.1629765e+00
   3.1623328e+00
   3.1616893e+00
   3.1610461e+00
   3.1604030e+00
   3.1597602e+00
   3.1591175e+00
   3.1584751e+00
   3.1578328e+00
   3.1571908e+00
   3.1565489e+00
   3.1559073e+00
   3.1552658e+00
   3.1546246e+00
   3.1539836e+00
   3.1533427e+00
   3.1527021e+00
   3.1520616e+00
   3.1514214e+00
   3.1507814e+00
   3.1501415e+00
   3.1495019e+00
   3.1488624e+00
   3.1482232e+00
   3.1475842e+00
   3.1469453e+00
   3.1463067e+00
   3.1456682e+00
   3.1450300e+00
   3.1443919e+00
   3.1437541e+00
   3.1431164e+00
   3.1424790e+00
   3.1418417e+00
   3.1412047e+00
   3.1405678e+00
   3.1399311e+00
   3.1392947e+00
   3.1386584e+00
   3.1380223e+00
   3.1373864e+00
   3.1367508e+00
   3.1361153e+00
   3.1354800e+00
   3.1348449e+00
   3.1342100e+00
   3.1335753e+00
   3.1329408e+00
   3.1323065e+00
   3.1316724e+00
   3.1310385e+00
   3.1304047e+00
   3.1297712e+00
   3.1291379e+00
   3.1285047e+00
   3.1278718e+00
   3.1272390e+00
   3.1266065e+00
   3.1259741e+00
   3.1253420e+00
   3.1247100e+00
   3.1240782e+00
   3.1234466e+00
   3.1228152e+00
   3.1221840e+00
   3.1215530e+00
   3.1209222e+00
   3.1202916e+00
   3.1196612e+00
   3.1190309e+00
   3.1184009e+00
   3.1177710e+00
   3.1171414e+00
   3.1165119e+00
   3.1158826e+00
   3.1152536e+00
   3.1146247e+00
   3.1139960e+00
   3.1133675e+00
   3.1127391e+00
   3.1121110e+00
   3.1114831e+00
   3.1108553e+00
   3.1102278e+00
   3.1096004e+00
   3.1089732e+00
   3.1083463e+00
   3.1077195e+00
   3.1070929e+00
   3.1064665e+00
   3.1058402e+00
   3.1052142e+00
   3.1045883e+00
   3.1039627e+00
   3.1033372e+00
   3.1027119e+00
   3.1020869e+00
   3.1014620e+00
   3.1008372e+00
   3.1002127e+00
   3.0995884e+00
   3.0989642e+00
   3.0983403e+00
   3.0977165e+00
   3.0970929e+00
   3.0964695e+00
   3.0958463e+00
   3.0952233e+00
   3.0946005e+00
   3.0939778e+00
   3.0933553e+00
   3.0927331e+00
   3.0921110e+00
   3.0914891e+00
   3.0908674e+00
   3.0902458e+00
   3.0896245e+00
   3.0890033e+00
   3.0883824e+00
   3.0877616e+00
   3.0871410e+00
   3.0865206e+00
   3.0859003e+00
   3.0852803e+00
   3.0846604e+00
   3.0840408e+00
   3.0834213e+00
   3.0828020e+00
   3.0821828e+00
   3.0815639e+00
   3.0809452e+00
   3.0803266e+00
   3.0797082e+00
   3.0790900e+00
   3.0784720e+00
   3.0778542e+00
   3.0772365e+00
   3.0766190e+00
   3.0760018e+00
   3.0753847e+00
   3.0747677e+00
   3.0741510e+00
   3.0735345e+00
   3.0729181e+00
   3.0723019e+00
   3.0716859e+00
   3.0710701e+00
   3.0704544e+00
   3.0698390e+00
   3.0692237e+00
   3.0686086e+00
   3.0679937e+00
   3.0673790e+00
   3.0667644e+00
   3.0661500e+00
   3.0655358e+00
   3.0649218e+00
   3.0643080e+00
   3.0636944e+00
   3.0630809e+00
   3.0624676e+00
   3.0618545e+00
   3.0612416e+00
   3.0606288e+00
   3.0600163e+00
   3.0594039e+00
   3.0587917e+00
   3.0581796e+00
   3.0575678e+00
   3.0569561e+00
   3.0563446e+00
   3.0557333e+00
   3.0551222e+00
   3.0545113e+00
   3.0539005e+00
   3.0532899e+00
   3.0526795e+00
   3.0520692e+00
   3.0514592e+00
   3.0508493e+00
   3.0502396e+00
   3.0496301e+00
   3.0490207e+00
   3.0484115e+00
   3.0478025e+00
   3.0471937e+00
   3.0465851e+00
   3.0459766e+00
   3.0453683e+00
   3.0447602e+00
   3.0441523e+00
   3.0435445e+00
   3.0429370e+00
   3.0423296e+00
   3.0417223e+00
   3.0411153e+00
   3.0405084e+00
   3.0399017e+00
   3.0392952e+00
   3.0386888e+00
   3.0380827e+00
   3.0374767e+00
   3.0368708e+00
   3.0362652e+00
   3.0356597e+00
   3.0350544e+00
   3.0344493e+00
   3.0338444e+00
   3.0332396e+00
   3.0326350e+00
   3.0320306e+00
   3.0314263e+00
   3.0308222e+00
   3.0302183e+00
   3.0296146e+00
   3.0290111e+00
   3.0284077e+00
   3.0278045e+00
   3.0272014e+00
   3.0265986e+00
   3.0259959e+00
   3.0253934e+00
   3.0247910e+00
   3.0241889e+00
   3.0235869e+00
   3.0229851e+00
   3.0223834e+00
   3.0217819e+00
   3.0211806e+00
   3.0205795e+00
   3.0199820e+00
   3.4315546e+00
   3.8352958e+00
   4.2316167e+00
   4.6210916e+00
   5.0042518e+00
   5.3815987e+00
   5.7536044e+00
   6.1207186e+00
   6.4833720e+00
   6.8419847e+00
   7.1969727e+00
   7.5487609e+00
   7.8977990e+00
   8.2445865e+00
   8.5897028e+00
   8.9338500e+00
   9.2779188e+00
   9.6230728e+00
   9.9708703e+00
   1.0323440e+01
   1.0683747e+01
   1.1055992e+01
   1.1446249e+01
   1.1863555e+01
   1.2321805e+01
   1.2843343e+01
   1.3466143e+01
   1.4259471e+01
   1.5360623e+01
   1.7069013e+01
   2.0112791e+01
   2.6585572e+01
   3.8247428e+01
   4.5585854e+01
   4.8233130e+01
   4.8793715e+01
   4.8541303e+01
   4.7975295e+01
   4.7282197e+01
   4.6531544e+01
   4.5750389e+01
   4.4950593e+01
   4.4138565e+01
   4.3318699e+01
   4.2494494e+01
   4.1668961e+01
   4.0844741e+01
   4.0024153e+01
   3.9209228e+01
   3.8401691e+01
   3.7326368e+01
   3.6296921e+01
   3.5312013e+01
   3.4370056e+01
   3.3469324e+01
   3.2608064e+01
   3.1784448e+01
   3.0996675e+01
   3.0242957e+01
   2.9521579e+01
   2.8830849e+01
   2.8169175e+01
   2.7534989e+01
   2.6926820e+01
   2.6343249e+01
   2.5782961e+01
   2.5244667e+01
   2.4727180e+01
   2.4229361e+01
   2.3750137e+01
   2.3288507e+01
   2.2843518e+01
   2.2414273e+01
   2.1999927e+01
   2.1599689e+01
   2.1212810e+01
   2.0838598e+01
   2.0476379e+01
   2.0125543e+01
   1.9785502e+01
   1.9455714e+01
   1.9135657e+01
   1.8824849e+01
   1.8522839e+01
   1.8229193e+01
   1.7943516e+01
   1.7665419e+01
   1.7394568e+01
   1.7130613e+01
   1.6873243e+01
   1.6622167e+01
   1.6377107e+01
   1.6137798e+01
   1.5904001e+01
   1.5675478e+01
   1.5452014e+01
   1.5233407e+01
   1.5019472e+01
   1.4810007e+01
   1.4604847e+01
   1.4403839e+01
   1.4206829e+01
   1.4013670e+01
   1.3824231e+01
   1.3638376e+01
   1.3455987e+01
   1.3276960e+01
   1.3101169e+01
   1.2928522e+01
   1.2758919e+01
   1.2592271e+01
   1.2428490e+01
   1.2267495e+01
   1.2109209e+01
   1.1953556e+01
   1.1800468e+01
   1.1649874e+01
   1.1501716e+01
   1.1355929e+01
   1.1212462e+01
   1.1071251e+01
   1.0932250e+01
   1.0795409e+01
   1.0660679e+01
   1.0528015e+01
   1.0397372e+01
   1.0268706e+01
   1.0141984e+01
   1.0017162e+01
   9.8942054e+00
   9.7730780e+00
   9.6537420e+00
   9.5361686e+00
   9.4203290e+00
   9.3061920e+00
   9.1937255e+00
   9.0829025e+00
   8.9736950e+00
   8.8660760e+00
   8.7600216e+00
   8.6555027e+00
   8.5524999e+00
   8.4509872e+00
   8.3509424e+00
   8.2523427e+00
   8.1551670e+00
   8.0593966e+00
   7.9650029e+00
   7.8719777e+00
   7.7802973e+00
   7.6899422e+00
   7.6008902e+00
   7.5131246e+00
   7.4266328e+00
   7.3413937e+00
   7.2573897e+00
   7.1745989e+00
   7.0930118e+00
   7.0126084e+00
   6.9333757e+00
   6.8552993e+00
   6.7783604e+00
   6.7025476e+00
   6.6278431e+00
   6.5542346e+00
   6.4817050e+00
   6.4102418e+00
   6.3398339e+00
   6.2704640e+00
   6.2021181e+00
   6.1347838e+00
   6.0684444e+00
   6.0030957e+00
   5.9387172e+00
   5.8753021e+00
   5.8128349e+00
   5.7513035e+00
   5.6906962e+00
   5.6309997e+00
   5.5722037e+00
   5.5142963e+00
   5.4572670e+00
   5.4011010e+00
   5.3457907e+00
   5.2913245e+00
   5.2376869e+00
   5.1848716e+00
   5.1328666e+00
   5.0816634e+00
   5.0312460e+00
   4.9816096e+00
   4.9327439e+00
   4.8846365e+00
   4.8372751e+00
   4.7906520e+00
   4.7447590e+00
   4.6995874e+00
   4.6551246e+00
   4.6113605e+00
   4.5682899e+00
   4.5258970e+00
   4.4841804e+00
   4.4431261e+00
   4.4027278e+00
   4.3629746e+00
   4.3238593e+00
   4.2853723e+00
   4.2475042e+00
   4.2102458e+00
   4.1735933e+00
   4.1375345e+00
   4.1020643e+00
   4.0671723e+00
   4.0328520e+00
   3.9990944e+00
   3.9658923e+00
   3.9332378e+00
   3.9011216e+00
   3.8695384e+00
   3.8384795e+00
   3.8079383e+00
   3.7779078e+00
   3.7483803e+00
   3.7193490e+00
   3.6908075e+00
   3.6627492e+00
   3.6351675e+00
   3.6080555e+00
   3.5814064e+00
   3.5552136e+00
   3.5294705e+00
   3.5041709e+00
   3.4793086e+00
   3.4548774e+00
   3.4308714e+00
   3.4072845e+00
   3.3841110e+00
   3.3613452e+00
   3.3389814e+00
   3.3170142e+00
   3.2954382e+00
   3.2742482e+00
   3.2534388e+00
   3.2330052e+00
   3.2129424e+00
   3.1932456e+00
   3.1739101e+00
   3.1549314e+00
   3.1363049e+00
   3.1180264e+00
   3.1000915e+00
   3.0824962e+00
   3.0652364e+00
   3.0483082e+00
   3.0317077e+00
   3.0154310e+00
   2.9994746e+00
   2.9838346e+00
   2.9685076e+00
   2.9534898e+00
   2.9387778e+00
   2.9243680e+00
   2.9102569e+00
   2.8964408e+00
   2.8829164e+00
   2.8696799e+00
   2.8567279e+00
   2.8440567e+00
   2.8316626e+00
   2.8195420e+00
   2.8076912e+00
   2.7961064e+00
   2.7847839e+00
   2.7737198e+00
   2.7629103e+00
   2.7523516e+00
   2.7420398e+00
   2.7319711e+00
   2.7221415e+00
   2.7125471e+00
   2.7031841e+00
   2.6940485e+00
   2.6851366e+00
   2.6764444e+00
   2.6679682e+00
   2.6597041e+00
   2.6516483e+00
   2.6437972e+00
   2.6361470e+00
   2.6286940e+00
   2.6214347e+00
   2.6143655e+00
   2.6074828e+00
   2.6007832e+00
   2.5942633e+00
   2.5879196e+00
   2.5817489e+00
   2.5757479e+00
   2.5699134e+00
   2.5642422e+00
   2.5587313e+00
   2.5533776e+00
   2.5481780e+00
   2.5431297e+00
   2.5382298e+00
   2.5334755e+00
   2.5288639e+00
   2.5243923e+00
   2.5200581e+00
   2.5158587e+00
   2.5117914e+00
   2.5078538e+00
   2.5040433e+00
   2.5003576e+00
   2.4967942e+00
   2.4933509e+00
   2.4900253e+00
   2.4868152e+00
   2.4837184e+00
   2.4807327e+00
   2.4778560e+00
   2.4750863e+00
   2.4724214e+00
   2.4698594e+00
   2.4673984e+00
   2.4650364e+00
   2.4627715e+00
   2.4606018e+00
   2.4585256e+00
   2.4565411e+00
   2.4546465e+00
   2.4528401e+00
   2.4511202e+00
   2.4494852e+00
   2.4479334e+00
   2.4464632e+00
   2.4450732e+00
   2.4437617e+00
   2.4425272e+00
   2.4413683e+00
   2.4402835e+00
   2.4392715e+00
   2.4383306e+00
   2.4374597e+00
   2.4366574e+00
   2.4359223e+00
   2.4352532e+00
   2.4346487e+00
   2.4341076e+00
   2.4336287e+00
   2.4332107e+00
   2.4328525e+00
   2.4325529e+00
   2.4323108e+00
   2.4321250e+00
   2.4319944e+00
   2.4319179e+00
   2.4318945e+00
   2.4319231e+00
   2.4320027e+00
   2.4321323e+00
   2.4323108e+00
   2.4325374e+00
   2.4328109e+00
   2.4331306e+00
   2.4334954e+00
   2.4339044e+00
   2.4343568e+00
   2.4348517e+00
   2.4353882e+00
   2.4359654e+00
   2.4365825e+00
   2.4372388e+00
   2.4379333e+00
   2.4386654e+00
   2.4394341e+00
   2.4402389e+00
   2.4410788e+00
   2.4419532e+00
   2.4428613e+00
   2.4438024e+00
   2.4447759e+00
   2.4457810e+00
   2.4468170e+00
   2.4478834e+00
   2.4489794e+00
   2.4501043e+00
   2.4512577e+00
   2.4524387e+00
   2.4536470e+00
   2.4548817e+00
   2.4561424e+00
   2.4574284e+00
   2.4587393e+00
   2.4600744e+00
   2.4614331e+00
   2.4628151e+00
   2.4642196e+00
   2.4656463e+00
   2.4670945e+00
   2.4685638e+00
   2.4700537e+00
   2.4715638e+00
   2.4730934e+00
   2.4746422e+00
   2.4762097e+00
   2.4777955e+00
   2.4793991e+00
   2.4810200e+00
   2.4826579e+00
   2.4843123e+00
   2.4859828e+00
   2.4876690e+00
   2.4893705e+00
   2.4910869e+00
   2.4928179e+00
   2.4945629e+00
   2.4963218e+00
   2.4980941e+00
   2.4998794e+00
   2.5016774e+00
   2.5034878e+00
   2.5053101e+00
   2.5071442e+00
   2.5089896e+00
   2.5108460e+00
   2.5127132e+00
   2.5145907e+00
   2.5164784e+00
   2.5183758e+00
   2.5202828e+00
   2.5221990e+00
   2.5241241e+00
   2.5260578e+00
   2.5280000e+00
   2.5299503e+00
   2.5319084e+00
   2.5338741e+00
   2.5358471e+00
   2.5378273e+00
   2.5398143e+00
   2.5418079e+00
   2.5438078e+00
   2.5458139e+00
   2.5478260e+00
   2.5498437e+00
   2.5518669e+00
   2.5538953e+00
   2.5559288e+00
   2.5579672e+00
   2.5600101e+00
   2.5620576e+00
   2.5641092e+00
   2.5661650e+00
   2.5682246e+00
   2.5702878e+00
   2.5723546e+00
   2.5744247e+00
   2.5764980e+00
   2.5785742e+00
   2.5806533e+00
   2.5827350e+00
   2.5848192e+00
   2.5869057e+00
   2.5889944e+00
   2.5910851e+00
   2.5931778e+00
   2.5952721e+00
   2.5973680e+00
   2.5994654e+00
   2.6015641e+00
   2.6036640e+00
   2.6057649e+00
   2.6078668e+00
   2.6099694e+00
   2.6120727e+00
   2.6141766e+00
   2.6162808e+00
   2.6183854e+00
   2.6204902e+00
   2.6225951e+00
   2.6246999e+00
   2.6268047e+00
   2.6289091e+00
   2.6310133e+00
   2.6331170e+00
   2.6352201e+00
   2.6373227e+00
   2.6394245e+00
   2.6415255e+00
   2.6436255e+00
   2.6457246e+00
   2.6478226e+00
   2.6499194e+00
   2.6520150e+00
   2.6541092e+00
   2.6562020e+00
   2.6582933e+00
   2.6603831e+00
   2.6624712e+00
   2.6645576e+00
   2.6666423e+00
   2.6687250e+00
   2.6708059e+00
   2.6728848e+00
   2.6749616e+00
   2.6770363e+00
   2.6791089e+00
   2.6811792e+00
   2.6832472e+00
   2.6853129e+00
   2.6873761e+00
   2.6894369e+00
   2.6914952e+00
   2.6935510e+00
   2.6956041e+00
   2.6976546e+00
   2.6997024e+00
   2.7017474e+00
   2.7037896e+00
   2.7058289e+00
   2.7078654e+00
   2.7098990e+00
   2.7119296e+00
   2.7139572e+00
   2.7159817e+00
   2.7180031e+00
   2.7200215e+00
   2.7220367e+00
   2.7240487e+00
   2.7260574e+00
   2.7280629e+00
   2.7300652e+00
   2.7320641e+00
   2.7340597e+00
   2.7360519e+00
   2.7380407e+00
   2.7400261e+00
   2.7420080e+00
   2.7439864e+00
   2.7459614e+00
   2.7479328e+00
   2.7499007e+00
   2.7518650e+00
   2.7538257e+00
   2.7557828e+00
   2.7577363e+00
   2.7596862e+00
   2.7616323e+00
   2.7635749e+00
   2.7655137e+00
   2.7674487e+00
   2.7693801e+00
   2.7713077e+00
   2.7732316e+00
   2.7751517e+00
   2.7770680e+00
   2.7789806e+00
   2.7808893e+00
   2.7827942e+00
   2.7846953e+00
   2.7865926e+00
   2.7884860e+00
   2.7903756e+00
   2.7922613e+00
   2.7941432e+00
   2.7960212e+00
   2.7978953e+00
   2.7997655e+00
   2.8016319e+00
   2.8034943e+00
   2.8053529e+00
   2.8072075e+00
   2.8090583e+00
   2.8109052e+00
   2.8127481e+00
   2.8145872e+00
   2.8164223e+00
   2.8182536e+00
   2.8200809e+00
   2.8219043e+00
   2.8237238e+00
   2.8255394e+00
   2.8273511e+00
   2.8291589e+00
   2.8309628e+00
   2.8327628e+00
   2.8345589e+00
   2.8363511e+00
   2.8381394e+00
   2.8399239e+00
   2.8417044e+00
   2.8434811e+00
   2.8452539e+00
   2.8470228e+00
   2.8487879e+00
   2.8505491e+00
   2.8523064e+00
   2.8540599e+00
   2.8558096e+00
   2.8575554e+00
   2.8592975e+00
   2.8610357e+00
   2.8627700e+00
   2.8645006e+00
   2.8662274e+00
   2.8679504e+00
   2.8696697e+00
   2.8713852e+00
   2.8730969e+00
   2.8748048e+00
   2.8765091e+00
   2.8782096e+00
   2.8799064e+00
   2.8815994e+00
   2.8832888e+00
   2.8849745e+00
   2.8866565e+00
   2.8883349e+00
   2.8900096e+00
   2.8916806e+00
   2.8933481e+00
   2.8950119e+00
   2.8966721e+00
   2.8983287e+00
   2.8999817e+00
   2.9016312e+00
   2.9032771e+00
   2.9049194e+00
   2.9065583e+00
   2.9081936e+00
   2.9098254e+00
   2.9114537e+00
   2.9130785e+00
   2.9146999e+00
   2.9163178e+00
   2.9179323e+00
   2.9195434e+00
   2.9211511e+00
   2.9227554e+00
   2.9243563e+00
   2.9259538e+00
   2.9275480e+00
   2.9291388e+00
   2.9307264e+00
   2.9323106e+00
   2.9338915e+00
   2.9354692e+00
   2.9370436e+00
   2.9386148e+00
   2.9401827e+00
   2.9417475e+00
   2.9433090e+00
   2.9448673e+00
   2.9464225e+00
   2.9479746e+00
   2.9495235e+00
   2.9510693e+00
   2.9526120e+00
   2.9541516e+00
   2.9556882e+00
   2.9572217e+00
   2.9587521e+00
   2.9602796e+00
   2.9618041e+00
   2.9633255e+00
   2.9648440e+00
   2.9663596e+00
   2.9678722e+00
   2.9693819e+00
   2.9708887e+00
   2.9723926e+00
   2.9738937e+00
   2.9753919e+00
   2.9768873e+00
   2.9783799e+00
   2.9798696e+00
   2.9813566e+00
   2.9828409e+00
   2.9843223e+00
   2.9858011e+00
   2.9872772e+00
   2.9887505e+00
   2.9902212e+00
   2.9916892e+00
   2.9931546e+00
   2.9946174e+00
   2.9960776e+00
   2.9975352e+00
   2.9989902e+00
   3.0004426e+00
   3.0018926e+00
   3.0033400e+00
   3.0047849e+00
   3.0062274e+00
   3.0076673e+00
   3.0091049e+00
   3.0105400e+00
   3.0119727e+00
   3.0134030e+00
   3.0148309e+00
   3.0162565e+00
   3.0176798e+00
   3.0191007e+00
   3.0205193e+00
   3.0219357e+00
   3.0233498e+00
   3.0247616e+00
   3.0261712e+00
   3.0275786e+00
   3.0289838e+00
   3.0303869e+00
   3.0317878e+00
   3.0331865e+00
   3.0345831e+00
   3.0359776e+00
   3.0373701e+00
   3.0387604e+00
   3.0401487e+00
   3.0415350e+00
   3.0429193e+00
   3.0443016e+00
   3.0456819e+00
   3.0470602e+00
   3.0484366e+00
   3.0498111e+00
   3.0511837e+00
   3.0525543e+00
   3.0539232e+00
   3.0552901e+00
   3.0566553e+00
   3.0580186e+00
   3.0593801e+00
   3.0607398e+00
   3.0620978e+00
   3.0634540e+00
   3.0648085e+00
   3.0661613e+00
   3.0675124e+00
   3.0688618e+00
   3.0702096e+00
   3.0715557e+00
   3.0729003e+00
   3.0742432e+00
   3.0755845e+00
   3.0769243e+00
   3.0782625e+00
   3.0795991e+00
   3.0809343e+00
   3.0822680e+00
   3.0836001e+00
   3.0849309e+00
   3.0862601e+00
   3.0875880e+00
   3.0889144e+00
   3.0902395e+00
   3.0915631e+00
   3.0928855e+00
   3.0942064e+00
   3.0955261e+00
   3.0968444e+00
   3.0981615e+00
   3.0994773e+00
   3.1007918e+00
   3.1021051e+00
   3.1034172e+00
   3.1047280e+00
   3.1060377e+00
   3.1073462e+00
   3.1086536e+00
   3.1099598e+00
   3.1112650e+00
   3.1125690e+00
   3.1138719e+00
   3.1151738e+00
   3.1164746e+00
   3.1177744e+00
   3.1190731e+00
   3.1203709e+00
   3.1216677e+00
   3.1229635e+00
   3.1242584e+00
   3.1255523e+00
   3.1268453e+00
   3.1281374e+00
   3.1294287e+00
   3.1307190e+00
   3.1320086e+00
   3.1332973e+00
   3.1345851e+00
   3.1358722e+00
   3.1371585e+00
   3.1384440e+00
   3.1397288e+00
   3.1410128e+00
   3.1422961e+00
   3.1435787e+00
   3.1448607e+00
   3.1461419e+00
   3.1474225e+00
   3.1487025e+00
   3.1499818e+00
   3.1512606e+00
   3.1525387e+00
   3.1538163e+00
   3.1550933e+00
   3.1563698e+00
   3.1576457e+00
   3.1589212e+00
   3.1601961e+00
   3.1614706e+00
   3.1627446e+00
   3.1640181e+00
   3.1652912e+00
   3.1665639e+00
   3.1678362e+00
   3.1691081e+00
   3.1703797e+00
   3.1716509e+00
   3.1729217e+00
   3.1741923e+00
   3.1754625e+00
   3.1767324e+00
   3.1780021e+00
   3.1792714e+00
   3.1805406e+00
   3.1818095e+00
   3.1830782e+00
   3.1843467e+00
   3.1856150e+00
   3.1868831e+00
   3.1881511e+00
   3.1894189e+00
   3.1906866e+00
   3.1919542e+00
   3.1932217e+00
   3.1944891e+00
   3.1957565e+00
   3.1970237e+00
   3.1982910e+00
   3.1995582e+00
   3.2008255e+00
   3.2020927e+00
   3.2033599e+00
   3.2046272e+00
   3.2058945e+00
   3.2071619e+00
   3.2084294e+00
   3.2096970e+00
   3.2109647e+00
   3.2122325e+00
   3.2135004e+00
   3.2147685e+00
   3.2160367e+00
   3.2173051e+00
   3.2185737e+00
   3.2198426e+00
   3.2211116e+00
   3.2223809e+00
   3.2236504e+00
   3.2249202e+00
   3.2261903e+00
   3.2274606e+00
   3.2287313e+00
   3.2300023e+00
   3.2312736e+00
   3.2325452e+00
   3.2338173e+00
   3.2350896e+00
   3.2363624e+00
   3.2376356e+00
   3.2389092e+00
   3.2401832e+00
   3.2414577e+00
   3.2427326e+00
   3.2440079e+00
   3.2452838e+00
   3.2465602e+00
   3.2478370e+00
   3.2491144e+00
   3.2503923e+00
   3.2516708e+00
   3.2529498e+00
   3.2542294e+00
   3.2555096e+00
   3.2567904e+00
   3.2580718e+00
   3.2593538e+00
   3.2606365e+00
   3.2619198e+00
   3.2632038e+00
   3.2644885e+00
   3.2657738e+00
   3.2670599e+00
   3.2683467e+00
   3.2696342e+00
   3.2709224e+00
   3.2722114e+00
   3.2735012e+00
   3.2747918e+00
   3.2760831e+00
   3.2773753e+00
   3.2786682e+00
   3.2799620e+00
   3.2812567e+00
   3.2825522e+00
   3.2838485e+00
   3.2851458e+00
   3.2864439e+00
   3.2877429e+00
   3.2890429e+00
   3.2903438e+00
   3.2916456e+00
   3.2929484e+00
   3.2942521e+00
   3.2955569e+00
   3.2968626e+00
   3.2981693e+00
   3.2994770e+00
   3.3007858e+00
   3.3020956e+00
   3.3034064e+00
   3.3047183e+00
   3.3060313e+00
   3.3073454e+00
   3.3086605e+00
   3.3099768e+00
   3.3112942e+00
   3.3126127e+00
   3.3139324e+00
   3.3152532e+00
   3.3165752e+00
   3.3178983e+00
   3.3192227e+00
   3.3205483e+00
   3.3218750e+00
   3.3232030e+00
   3.3245323e+00
   3.3258628e+00
   3.3271945e+00
   3.3285275e+00
   3.3298618e+00
   3.3311974e+00
   3.3325343e+00
   3.3338725e+00
   3.3352120e+00
   3.3365529e+00
   3.3378951e+00
   3.3392387e+00
   3.3405836e+00
   3.3419300e+00
   3.3432777e+00
   3.3446268e+00
   3.3459774e+00
   3.3473294e+00
   3.3486828e+00
   3.3500376e+00
   3.3513940e+00
   3.3527517e+00
   3.3541110e+00
   3.3554718e+00
   3.3568340e+00
   3.3581978e+00
   3.3595631e+00
   3.3609300e+00
   3.3622983e+00
   3.3636683e+00
   3.3650398e+00
   3.3664128e+00
   3.3677875e+00
   3.3691638e+00
   3.3705417e+00
   3.3719211e+00
   3.3733023e+00
   3.3746850e+00
   3.3760694e+00
   3.3774555e+00
   3.3788433e+00
   3.3802327e+00
   3.3816238e+00
   3.3830166e+00
   3.3844111e+00
   3.3858074e+00
   3.3872054e+00
   3.3886051e+00
   3.3900066e+00
   3.3914098e+00
   3.3928149e+00
   3.3942217e+00
   3.3956302e+00
   3.3970406e+00
   3.3984529e+00
   3.3998669e+00
   3.4012828e+00
   3.4027005e+00
   3.4041200e+00
   3.4055415e+00
   3.4069648e+00
   3.4083899e+00
   3.4098170e+00
   3.4112460e+00
   3.4126769e+00
   3.4141097e+00
   3.4155444e+00
   3.4169811e+00
   3.4184198e+00
   3.4198604e+00
   3.4213029e+00
   3.4227475e+00
   3.4241940e+00
   3.4256426e+00
   3.4270931e+00
   3.4285457e+00
   3.4300003e+00
   3.4314569e+00
   3.4329156e+00
   3.4343763e+00
   3.4358391e+00
   3.4373040e+00
   3.4387710e+00
   3.4402400e+00
   3.4417112e+00
   3.4431844e+00
   3.4446598e+00
   3.4461374e+00
   3.4476170e+00
   3.4490989e+00
   3.4505828e+00
   3.4520690e+00
   3.4535573e+00
   3.4550478e+00
   3.4565405e+00
   3.4580355e+00
   3.4595326e+00
   3.4610319e+00
   3.4625335e+00
   3.4640374e+00
   3.4655435e+00
   3.4670518e+00
   3.4685624e+00
   3.4700753e+00
   3.4715905e+00
   3.4731080e+00
   3.4746277e+00
   3.4761498e+00
   3.4776743e+00
   3.4792010e+00
   3.4807301e+00
   3.4822615e+00
   3.4837953e+00
   3.4853315e+00
   3.4868701e+00
   3.4884110e+00
   3.4899543e+00
   3.4915001e+00
   3.4930482e+00
   3.4945988e+00
   3.4961518e+00
   3.4977072e+00
   3.4992651e+00
   3.5008254e+00
   3.5023882e+00
   3.5039535e+00
   3.5055213e+00
   3.5070915e+00
   3.5086643e+00
   3.5102395e+00
   3.5118173e+00
   3.5133976e+00
   3.5149804e+00
   3.5165658e+00
   3.5181537e+00
   3.5197442e+00
   3.5213373e+00
   3.5229329e+00
   3.5245311e+00
   3.5261319e+00
   3.5277354e+00
   3.5293414e+00
   3.5309500e+00
   3.5325613e+00
   3.5341752e+00
   3.5357918e+00
   3.5374110e+00
   3.5390329e+00
   3.5406574e+00
   3.5422846e+00
   3.5439146e+00
   3.5455472e+00
   3.5471825e+00
   3.5488205e+00
   3.5504612e+00
   3.5521047e+00
   3.5537509e+00
   3.5553999e+00
   3.5570516e+00
   3.5587061e+00
   3.5603633e+00
   3.5620233e+00
   3.5636862e+00
   3.5653518e+00
   3.5670202e+00
   3.5686914e+00
   3.5703654e+00
   3.5720423e+00
   3.5737220e+00
   3.5754046e+00
   3.5770900e+00
   3.5787783e+00
   3.5804694e+00
   3.5821634e+00
   3.5838604e+00
   3.5855602e+00
   3.5872629e+00
   3.5889685e+00
   3.5906770e+00
   3.5923885e+00
   3.5941029e+00
   3.5958202e+00
   3.5975405e+00
   3.5992638e+00
   3.6009900e+00
   3.6027192e+00
   3.6044514e+00
   3.6061866e+00
   3.6079248e+00
   3.6096660e+00
   3.6114102e+00
   3.6131574e+00
   3.6149077e+00
   3.6166610e+00
   3.6184174e+00
   3.6201768e+00
   3.6219393e+00
   3.6237048e+00
   3.6254735e+00
   3.6272452e+00
   3.6290200e+00
   3.6307980e+00
   3.6325790e+00
   3.6343632e+00
   3.6361505e+00
   3.6379410e+00
   3.6397345e+00
   3.6415313e+00
   3.6433312e+00
   3.6451343e+00
   3.6469406e+00
   3.6487500e+00
   3.6505626e+00
   3.6523785e+00
   3.6541976e+00
   3.6560198e+00
   3.6578454e+00
   3.6596741e+00
   3.6615061e+00
   3.6633413e+00
   3.6651798e+00
   3.6670216e+00
   3.6688667e+00
   3.6707150e+00
   3.6725666e+00
   3.6744215e+00
   3.6762798e+00
   3.6781413e+00
   3.6800062e+00
   3.6818744e+00
   3.6837460e+00
   3.6856209e+00
   3.6874991e+00
   3.6893808e+00
   3.6912657e+00
   3.6931541e+00
   3.6950459e+00
   3.6969411e+00
   3.6988396e+00
   3.7007416e+00
   3.7026470e+00
   3.7045559e+00
   3.7064682e+00
   3.7083839e+00
   3.7103031e+00
   3.7122257e+00
   3.7141518e+00
   3.7160814e+00
   3.7180145e+00
   3.7199511e+00
   3.7218912e+00
   3.7238348e+00
   3.7257819e+00
   3.7277325e+00
   3.7296867e+00
   3.7316444e+00
   3.7336057e+00
   3.7355705e+00
   3.7375390e+00
   3.7395109e+00
   3.7414865e+00
   3.7434657e+00
   3.7454485e+00
   3.7474348e+00
   3.7494248e+00
   3.7514185e+00
   3.7534157e+00
   3.7554166e+00
   3.7574212e+00
   3.7594294e+00
   3.7614413e+00
   3.7634569e+00
   3.7654761e+00
   3.7674991e+00
   3.7695257e+00
   3.7715561e+00
   3.7735901e+00
   3.7756280e+00
   3.7776695e+00
   3.7797148e+00
   3.7817638e+00
   3.7838166e+00
   3.7858732e+00
   3.7879335e+00
   3.7899977e+00
   3.7920656e+00
   3.7941373e+00
   3.7962129e+00
   3.7982922e+00
   3.8003754e+00
   3.8024624e+00
   3.8045533e+00
   3.8066480e+00
   3.8087466e+00
   3.8108491e+00
   3.8129555e+00
   3.8150657e+00
   3.8171798e+00
   3.8192979e+00
   3.8214198e+00
   3.8235457e+00
   3.8256755e+00
   3.8278092e+00
   3.8299469e+00
   3.8320886e+00
   3.8342342e+00
   3.8363838e+00
   3.8385374e+00
   3.8406950e+00
   3.8428566e+00
   3.8450221e+00
   3.8471918e+00
   3.8493654e+00
   3.8515431e+00
   3.8537248e+00
   3.8559106e+00
   3.8581004e+00
   3.8602943e+00
   3.8624923e+00
   3.8646944e+00
   3.8669006e+00
   3.8691109e+00
   3.8713253e+00
   3.8735439e+00
   3.8757666e+00
   3.8779934e+00
   3.8802244e+00
   3.8824595e+00
   3.8846988e+00
   3.8869423e+00
   3.8891900e+00
   3.8914419e+00
   3.8936980e+00
   3.8959583e+00
   3.8982229e+00
   3.9004916e+00
   3.9027647e+00
   3.9050420e+00
   3.9073235e+00
   3.9096093e+00
   3.9118994e+00
   3.9141938e+00
   3.9164925e+00
   3.9187956e+00
   3.9211029e+00
   3.9234146e+00
   3.9257306e+00
   3.9280509e+00
   3.9303757e+00
   3.9327048e+00
   3.9350382e+00
   3.9373761e+00
   3.9397183e+00
   3.9420650e+00
   3.9444161e+00
   3.9467716e+00
   3.9491316e+00
   3.9514960e+00
   3.9538648e+00
   3.9562381e+00
   3.9586159e+00
   3.9609982e+00
   3.9633850e+00
   3.9657763e+00
   3.9681721e+00
   3.9705724e+00
   3.9729773e+00
   3.9753867e+00
   3.9778006e+00
   3.9802192e+00
   3.9826423e+00
   3.9850700e+00
   3.9875023e+00
   3.9899392e+00
   3.9923807e+00
   3.9948268e+00
   3.9972776e+00
   3.9997331e+00
   4.0021932e+00
   4.0046579e+00
   4.0071274e+00
   4.0096015e+00
   4.0120803e+00
   4.0145639e+00
   4.0170521e+00
   4.0195451e+00
   4.0220429e+00
   4.0245454e+00
   4.0270526e+00
   4.0295647e+00
   4.0320815e+00
   4.0346031e+00
   4.0371295e+00
   4.0396608e+00
   4.0421968e+00
   4.0447377e+00
   4.0472835e+00
   4.0498341e+00
   4.0523896e+00
   4.0549500e+00
   4.0575153e+00
   4.0600854e+00
   4.0626605e+00
   4.0652406e+00
   4.0678255e+00
   4.0704154e+00
   4.0730103e+00
   4.0756102e+00
   4.0782150e+00
   4.0808248e+00
   4.0834397e+00
   4.0860595e+00
   4.0886844e+00
   4.0913144e+00
   4.0939493e+00
   4.0965894e+00
   4.0992345e+00
   4.1018847e+00
   4.1045400e+00
   4.1072005e+00
   4.1098660e+00
   4.1125367e+00
   4.1152125e+00
   4.1178935e+00
   4.1205797e+00
   4.1232710e+00
   4.1259676e+00
   4.1286693e+00
   4.1313763e+00
   4.1340885e+00
   4.1368060e+00
   4.1395287e+00
   4.1422566e+00
   4.1449899e+00
   4.1477284e+00
   4.1504723e+00
   4.1532215e+00
   4.1559760e+00
   4.1587358e+00
   4.1615010e+00
   4.1642716e+00
   4.1670475e+00
   4.1698289e+00
   4.1726156e+00
   4.1754078e+00
   4.1782054e+00
   4.1810084e+00
   4.1838169e+00
   4.1866309e+00
   4.1894504e+00
   4.1922753e+00
   4.1951058e+00
   4.1979418e+00
   4.2007833e+00
   4.2036304e+00
   4.2064830e+00
   4.2093412e+00
   4.2122050e+00
   4.2150745e+00
   4.2179495e+00
   4.2208301e+00
   4.2237164e+00
   4.2266084e+00
   4.2295060e+00
   4.2324094e+00
   4.2353184e+00
   4.2382331e+00
   4.2411536e+00
   4.2440798e+00
   4.2470117e+00
   4.2499494e+00
   4.2528929e+00
   4.2558422e+00
   4.2587974e+00
   4.2617583e+00
   4.2647251e+00
   4.2676977e+00
   4.2706762e+00
   4.2736606e+00
   4.2766509e+00
   4.2796471e+00
   4.2826492e+00
   4.2856572e+00
   4.2886713e+00
   4.2916913e+00
   4.2947172e+00
   4.2977492e+00
   4.3007872e+00
   4.3038312e+00
   4.3068813e+00
   4.3099374e+00
   4.3129996e+00
   4.3160679e+00
   4.3191423e+00
   4.3222229e+00
   4.3253095e+00
   4.3284023e+00
   4.3315013e+00
   4.3346065e+00
   4.3377179e+00
   4.3408355e+00
   4.3439593e+00
   4.3470893e+00
   4.3502257e+00
   4.3533683e+00
   4.3565172e+00
   4.3596724e+00
   4.3628339e+00
   4.3660018e+00
   4.3691760e+00
   4.3723566e+00
   4.3755436e+00
   4.3787371e+00
   4.3819369e+00
   4.3851432e+00
   4.3883559e+00
   4.3915751e+00
   4.3948008e+00
   4.3980331e+00
   4.4012718e+00
   4.4045171e+00
   4.4077689e+00
   4.4110273e+00
   4.4142923e+00
   4.4175639e+00
   4.4208422e+00
   4.4241271e+00
   4.4274186e+00
   4.4307169e+00
   4.4340218e+00
   4.4373334e+00
   4.4406518e+00
   4.4439769e+00
   4.4473088e+00
   4.4506475e+00
   4.4539930e+00
   4.4573453e+00
   4.4607044e+00
   4.4640704e+00
   4.4674433e+00
   4.4708231e+00
   4.4742098e+00
   4.4776034e+00
   4.4810039e+00
   4.4844115e+00
   4.4878260e+00
   4.4912475e+00
   4.4946760e+00
   4.4981116e+00
   4.5015543e+00
   4.5050040e+00
   4.5084608e+00
   4.5119248e+00
   4.5153959e+00
   4.5188741e+00
   4.5223595e+00
   4.5258521e+00
   4.5293519e+00
   4.5328590e+00
   4.5363733e+00
   4.5398949e+00
   4.5434238e+00
   4.5469599e+00
   4.5505035e+00
   4.5540543e+00
   4.5576126e+00
   4.5611782e+00
   4.5647513e+00
   4.5683318e+00
   4.5719197e+00
   4.5755151e+00
   4.5791180e+00
   4.5827284e+00
   4.5863464e+00
   4.5899719e+00
   4.5936050e+00
   4.5972457e+00
   4.6008940e+00
   4.6045499e+00
   4.6082135e+00
   4.6118848e+00
   4.6155638e+00
   4.6192505e+00
   4.6229450e+00
   4.6266472e+00
   4.6303572e+00
   4.6340750e+00
   4.6378007e+00
   4.6415342e+00
   4.6452756e+00
   4.6490249e+00
   4.6527821e+00
   4.6565472e+00
   4.6603203e+00
   4.6641014e+00
   4.6678905e+00
   4.6716877e+00
   4.6754928e+00
   4.6793061e+00
   4.6831275e+00
   4.6869569e+00
   4.6907946e+00
   4.6946404e+00
   4.6984943e+00
   4.7023565e+00
   4.7062270e+00
   4.7101057e+00
   4.7139926e+00
   4.7178879e+00
   4.7217915e+00
   4.7257035e+00
   4.7296238e+00
   4.7335525e+00
   4.7374897e+00
   4.7414353e+00
   4.7453894e+00
   4.7493519e+00
   4.7533230e+00
   4.7573027e+00
   4.7612909e+00
   4.7652877e+00
   4.7692931e+00
   4.7733071e+00
   4.7773298e+00
   4.7813613e+00
   4.7854014e+00
   4.7894502e+00
   4.7935079e+00
   4.7975743e+00
   4.8016495e+00
   4.8057336e+00
   4.8098266e+00
   4.8139284e+00
   4.8180391e+00
   4.8221588e+00
   4.8262875e+00
   4.8304251e+00
   4.8345718e+00
   4.8387275e+00
   4.8428923e+00
   4.8470662e+00
   4.8512492e+00
   4.8554413e+00
   4.8596427e+00
   4.8638532e+00
   4.8680730e+00
   4.8723020e+00
   4.8765403e+00
   4.8807879e+00
   4.8850448e+00
   4.8893111e+00
   4.8935868e+00
   4.8978719e+00
   4.9021664e+00
   4.9064704e+00
   4.9107840e+00
   4.9151070e+00
   4.9194396e+00
   4.9237817e+00
   4.9281335e+00
   4.9324949e+00
   4.9368660e+00
   4.9412467e+00
   4.9456372e+00
   4.9500374e+00
   4.9544474e+00
   4.9588672e+00
   4.9632968e+00
   4.9677363e+00
   4.9721857e+00
   4.9766450e+00
   4.9811142e+00
   4.9855934e+00
   4.9900826e+00
   4.9945818e+00
   4.9990911e+00
   5.0036105e+00
   5.0081400e+00
   5.0126796e+00
   5.0172294e+00
   5.0217895e+00
   5.0263597e+00
   5.0309402e+00
   5.0355310e+00
   5.0401322e+00
   5.0447436e+00
   5.0493655e+00
   5.0539978e+00
   5.0586405e+00
   5.0632937e+00
   5.0679574e+00
   5.0726316e+00
   5.0773164e+00
   5.0820118e+00
   5.0867177e+00
   5.0914344e+00
   5.0961617e+00
   5.1008998e+00
   5.1056486e+00
   5.1104081e+00
   5.1151785e+00
   5.1199597e+00
   5.1247518e+00
   5.1295547e+00
   5.1343686e+00
   5.1391935e+00
   5.1440293e+00
   5.1488762e+00
   5.1537341e+00
   5.1586031e+00
   5.1634833e+00
   5.1683745e+00
   5.1732770e+00
   5.1781907e+00
   5.1831156e+00
   5.1880518e+00
   5.1929993e+00
   5.1979581e+00
   5.2029283e+00
   5.2079099e+00
   5.2129029e+00
   5.2179074e+00
   5.2229235e+00
   5.2279510e+00
   5.2329901e+00
   5.2380408e+00
   5.2431031e+00
   5.2481771e+00
   5.2532628e+00
   5.2583602e+00
   5.2634693e+00
   5.2685903e+00
   5.2737231e+00
   5.2788677e+00
   5.2840242e+00
   5.2891927e+00
   5.2943731e+00
   5.2995655e+00
   5.3047699e+00
   5.3099863e+00
   5.3152149e+00
   5.3204555e+00
   5.3257084e+00
   5.3309734e+00
   5.3362506e+00
   5.3415401e+00
   5.3468419e+00
   5.3521560e+00
   5.3574824e+00
   5.3628212e+00
   5.3681725e+00
   5.3735362e+00
   5.3789124e+00
   5.3843011e+00
   5.3897024e+00
   5.3951162e+00
   5.4005427e+00
   5.4059818e+00
   5.4114336e+00
   5.4168982e+00
   5.4223755e+00
   5.4278655e+00
   5.4333685e+00
   5.4388842e+00
   5.4444129e+00
   5.4499545e+00
   5.4555090e+00
   5.4610765e+00
   5.4666571e+00
   5.4722507e+00
   5.4778574e+00
   5.4834773e+00
   5.4891103e+00
   5.4947565e+00
   5.5004159e+00
   5.5060886e+00
   5.5117746e+00
   5.5174739e+00
   5.5231865e+00
   5.5289126e+00
   5.5346521e+00
   5.5404051e+00
   5.5461716e+00
   5.5519516e+00
   5.5577451e+00
   5.5635523e+00
   5.5693731e+00
   5.5752076e+00
   5.5810557e+00
   5.5869176e+00
   5.5927933e+00
   5.5986828e+00
   5.6045861e+00
   5.6105033e+00
   5.6164343e+00
   5.6223793e+00
   5.6283383e+00
   5.6343113e+00
   5.6402983e+00
   5.6462994e+00
   5.6523146e+00
   5.6583439e+00
   5.6643873e+00
   5.6704450e+00
   5.6765169e+00
   5.6826031e+00
   5.6887035e+00
   5.6948183e+00
   5.7009475e+00
   5.7070910e+00
   5.7132490e+00
   5.7194214e+00
   5.7256084e+00
   5.7318098e+00
   5.7380258e+00
   5.7442564e+00
   5.7505016e+00
   5.7567614e+00
   5.7630359e+00
   5.7693252e+00
   5.7756292e+00
   5.7819479e+00
   5.7882815e+00
   5.7946299e+00
   5.8009931e+00
   5.8073713e+00
   5.8137644e+00
   5.8201724e+00
   5.8265955e+00
   5.8330335e+00
   5.8394866e+00
   5.8459548e+00
   5.8524381e+00
   5.8589365e+00
   5.8654501e+00
   5.8719788e+00
   5.8785228e+00
   5.8850821e+00
   5.8916566e+00
   5.8982465e+00
   5.9048516e+00
   5.9114722e+00
   5.9181081e+00
   5.9247594e+00
   5.9314262e+00
   5.9381085e+00
   5.9448063e+00
   5.9515196e+00
   5.9582484e+00
   5.9649929e+00
   5.9717529e+00
   5.9785286e+00
   5.9853199e+00
   5.9921269e+00
   5.9989496e+00
   6.0057881e+00
   6.0126422e+00
   6.0195122e+00
   6.0263980e+00
   6.0332996e+00
   6.0402171e+00
   6.0471504e+00
   6.0540996e+00
   6.0610647e+00
   6.0680458e+00
   6.0750428e+00
   6.0820559e+00
   6.0890849e+00
   6.0961299e+00
   6.1031910e+00
   6.1102681e+00
   6.1173614e+00
   6.1244707e+00
   6.1315962e+00
   6.1387378e+00
   6.1458955e+00
   6.1530694e+00
   6.1602596e+00
   6.1674659e+00
   6.1746884e+00
   6.1819272e+00
   6.1891823e+00
   6.1964536e+00
   6.2037412e+00
   6.2110451e+00
   6.2183653e+00
   6.2257019e+00
   6.2330548e+00
   6.2404241e+00
   6.2478097e+00
   6.2552117e+00
   6.2626301e+00
   6.2700649e+00
   6.2775160e+00
   6.2849837e+00
   6.2924677e+00
   6.2999682e+00
   6.3074851e+00
   6.3150185e+00
   6.3225684e+00
   6.3301347e+00
   6.3377175e+00
   6.3453167e+00
   6.3529325e+00
   6.3605647e+00
   6.3682134e+00
   6.3758787e+00
   6.3835604e+00
   6.3912586e+00
   6.3989733e+00
   6.4067045e+00
   6.4144522e+00
   6.4222165e+00
   6.4299972e+00
   6.4377944e+00
   6.4456081e+00
   6.4534383e+00
   6.4612850e+00
   6.4691482e+00
   6.4770279e+00
   6.4849240e+00
   6.4928366e+00
   6.5007657e+00
   6.5087112e+00
   6.5166731e+00
   6.5246515e+00
   6.5326464e+00
   6.5406576e+00
   6.5486852e+00
   6.5567293e+00
   6.5647897e+00
   6.5728665e+00
   6.5809596e+00
   6.5890691e+00
   6.5971949e+00
   6.6053370e+00
   6.6134954e+00
   6.6216701e+00
   6.6298610e+00
   6.6380681e+00
   6.6462915e+00
   6.6545310e+00
   6.6627868e+00
   6.6710587e+00
   6.6793467e+00
   6.6876508e+00
   6.6959709e+00
   6.7043072e+00
   6.7126594e+00
   6.7210277e+00
   6.7294119e+00
   6.7378121e+00
   6.7462282e+00
   6.7546601e+00
   6.7631079e+00
   6.7715716e+00
   6.7800510e+00
   6.7885462e+00
   6.7970570e+00
   6.8055836e+00
   6.8141258e+00
   6.8226837e+00
   6.8312571e+00
   6.8398460e+00
   6.8484504e+00
   6.8570703e+00
   6.8657056e+00
   6.8743562e+00
   6.8830222e+00
   6.8917035e+00
   6.9004000e+00
   6.9091118e+00
   6.9178386e+00
   6.9265806e+00
   6.9353376e+00
   6.9441097e+00
   6.9528966e+00
   6.9616985e+00
   6.9705153e+00
   6.9793469e+00
   6.9881932e+00
   6.9970542e+00
   7.0059299e+00
   7.0148202e+00
   7.0237250e+00
   7.0326443e+00
   7.0415780e+00
   7.0505260e+00
   7.0594884e+00
   7.0684651e+00
   7.0774559e+00
   7.0864608e+00
   7.0954798e+00
   7.1045129e+00
   7.1135598e+00
   7.1226207e+00
   7.1316953e+00
   7.1407837e+00
   7.1498858e+00
   7.1590015e+00
   7.1681307e+00
   7.1772734e+00
   7.1864296e+00
   7.1955990e+00
   7.2047818e+00
   7.2139777e+00
   7.2231868e+00
   7.2324089e+00
   7.2416440e+00
   7.2508920e+00
   7.2601528e+00
   7.2694264e+00
   7.2787127e+00
   7.2880116e+00
   7.2973230e+00
   7.3066469e+00
   7.3159831e+00
   7.3253317e+00
   7.3346924e+00
   7.3440653e+00
   7.3534502e+00
   7.3628471e+00
   7.3722560e+00
   7.3816766e+00
   7.3911089e+00
   7.4005529e+00
   7.4100084e+00
   7.4194754e+00
   7.4289538e+00
   7.4384435e+00
   7.4479444e+00
   7.4574564e+00
   7.4669795e+00
   7.4765135e+00
   7.4860584e+00
   7.4956140e+00
   7.5051804e+00
   7.5147573e+00
   7.5243447e+00
   7.5339425e+00
   7.5435506e+00
   7.5531690e+00
   7.5627974e+00
   7.5724359e+00
   7.5820843e+00
   7.5917426e+00
   7.6014106e+00
   7.6110883e+00
   7.6207755e+00
   7.6304721e+00
   7.6401781e+00
   7.6498933e+00
   7.6596177e+00
   7.6693512e+00
   7.6790935e+00
   7.6888448e+00
   7.6986047e+00
   7.7083733e+00
   7.7181505e+00
   7.7279360e+00
   7.7377299e+00
   7.7475320e+00
   7.7573422e+00
   7.7671604e+00
   7.7769864e+00
   7.7868203e+00
   7.7966618e+00
   7.8065108e+00
   7.8163674e+00
   7.8262312e+00
   7.8361022e+00
   7.8459804e+00
   7.8558655e+00
   7.8657574e+00
   7.8756562e+00
   7.8855615e+00
   7.8954733e+00
   7.9053915e+00
   7.9153160e+00
   7.9252466e+00
   7.9351832e+00
   7.9451257e+00
   7.9550739e+00
   7.9650278e+00
   7.9749871e+00
   7.9849519e+00
   7.9949218e+00
   8.0048968e+00
   8.0148768e+00
   8.0248616e+00
   8.0348511e+00
   8.0448451e+00
   8.0548435e+00
   8.0648462e+00
   8.0748529e+00
   8.0848637e+00
   8.0948782e+00
   8.1048964e+00
   8.1149181e+00
   8.1249432e+00
   8.1349715e+00
   8.1450028e+00
   8.1550370e+00
   8.1650739e+00
   8.1751134e+00
   8.1851553e+00
   8.1951994e+00
   8.2052455e+00
   8.2152936e+00
   8.2253433e+00
   8.2353946e+00
   8.2454473e+00
   8.2555011e+00
   8.2655559e+00
   8.2756116e+00
   8.2856678e+00
   8.2957245e+00
   8.3057814e+00
   8.3158384e+00
   8.3258952e+00
   8.3359517e+00
   8.3460076e+00
   8.3560627e+00
   8.3661169e+00
   8.3761699e+00
   8.3862215e+00
   8.3962715e+00
   8.4063196e+00
   8.4163657e+00
   8.4264095e+00
   8.4364508e+00
   8.4464894e+00
   8.4565249e+00
   8.4665573e+00
   8.4765862e+00
   8.4866114e+00
   8.4966327e+00
   8.5066498e+00
   8.5166624e+00
   8.5266702e+00
   8.5366732e+00
   8.5466708e+00
   8.5566630e+00
   8.5666494e+00
   8.5766298e+00
   8.5866038e+00
   8.5965712e+00
   8.6065316e+00
   8.6164849e+00
   8.6264307e+00
   8.6363687e+00
   8.6462987e+00
   8.6562202e+00
   8.6661330e+00
   8.6760368e+00
   8.6859313e+00
   8.6958161e+00
   8.7056909e+00
   8.7155554e+00
   8.7254093e+00
   8.7352522e+00
   8.7450837e+00
   8.7549035e+00
   8.7647113e+00
   8.7745067e+00
   8.7842894e+00
   8.7940589e+00
   8.8038150e+00
   8.8135572e+00
   8.8232851e+00
   8.8329984e+00
   8.8426967e+00
   8.8523796e+00
   8.8620467e+00
   8.8716976e+00
   8.8813318e+00
   8.8909490e+00
   8.9005487e+00
   8.9101306e+00
   8.9196942e+00
   8.9292390e+00
   8.9387646e+00
   8.9482706e+00
   8.9577566e+00
   8.9672220e+00
   8.9766664e+00
   8.9860894e+00
   8.9954904e+00
   9.0048691e+00
   9.0142248e+00
   9.0235572e+00
   9.0328657e+00
   9.0421499e+00
   9.0514091e+00
   9.0606431e+00
   9.0698511e+00
   9.0790327e+00
   9.0881873e+00
   9.0973145e+00
   9.1064136e+00
   9.1154842e+00
   9.1245257e+00
   9.1335375e+00
   9.1425190e+00
   9.1514698e+00
   9.1603891e+00
   9.1692765e+00
   9.1781313e+00
   9.1869530e+00
   9.1957409e+00
   9.2044945e+00
   9.2132130e+00
   9.2218960e+00
   9.2305427e+00
   9.2391525e+00
   9.2477248e+00
   9.2562590e+00
   9.2647543e+00
   9.2732102e+00
   9.2816259e+00
   9.2900007e+00
   9.2983341e+00
   9.3066252e+00
   9.3148734e+00
   9.3230780e+00
   9.3312383e+00
   9.3393535e+00
   9.3474229e+00
   9.3554459e+00
   9.3634215e+00
   9.3713492e+00
   9.3792280e+00
   9.3870574e+00
   9.3948364e+00
   9.4025643e+00
   9.4102403e+00
   9.4178636e+00
   9.4254335e+00
   9.4329490e+00
   9.4404094e+00
   9.4478138e+00
   9.4551614e+00
   9.4624513e+00
   9.4696828e+00
   9.4768549e+00
   9.4839667e+00
   9.4910173e+00
   9.4980060e+00
   9.5049317e+00
   9.5117936e+00
   9.5185907e+00
   9.5253222e+00
   9.5319870e+00
   9.5385843e+00
   9.5451131e+00
   9.5515724e+00
   9.5579612e+00
   9.5642787e+00
   9.5705237e+00
   9.5766952e+00
   9.5827924e+00
   9.5888141e+00
   9.5947593e+00
   9.6006271e+00
   9.6064162e+00
   9.6121258e+00
   9.6177546e+00
   9.6233017e+00
   9.6287660e+00
   9.6341463e+00
   9.6394415e+00
   9.6446506e+00
   9.6497724e+00
   9.6548058e+00
   9.6597495e+00
   9.6646026e+00
   9.6693638e+00
   9.6740319e+00
   9.6786057e+00
   9.6830841e+00
   9.6874658e+00
   9.6917496e+00
   9.6959343e+00
   9.7000187e+00
   9.7040014e+00
   9.7078814e+00
   9.7116571e+00
   9.7153275e+00
   9.7188912e+00
   9.7223470e+00
   9.7256934e+00
   9.7289292e+00
   9.7320530e+00
   9.7350635e+00
   9.7379594e+00
   9.7407393e+00
   9.7434019e+00
   9.7459456e+00
   9.7483693e+00
   9.7506713e+00
   9.7528505e+00
   9.7549052e+00
   9.7568341e+00
   9.7586358e+00
   9.7603088e+00
   9.7618516e+00
   9.7632628e+00
   9.7645409e+00
   9.7656844e+00
   9.7666919e+00
   9.7675617e+00
   9.7682924e+00
   9.7688825e+00
   9.7693304e+00
   9.7696347e+00
   9.7697936e+00
   9.7698058e+00
   9.7696697e+00
   9.7693835e+00
   9.7689459e+00
   9.7683552e+00
   9.7676098e+00
   9.7667081e+00
   9.7656486e+00
   9.7644295e+00
   9.7630494e+00
   9.7615065e+00
   9.7597992e+00
   9.7579260e+00
   9.7558851e+00
   9.7536750e+00
   9.7512940e+00
   9.7487404e+00
   9.7460126e+00
   9.7431090e+00
   9.7400280e+00
   9.7367677e+00
   9.7333267e+00
   9.7297032e+00
   9.7258956e+00
   9.7219023e+00
   9.7177215e+00
   9.7133517e+00
   9.7087912e+00
   9.7040384e+00
   9.6990916e+00
   9.6939492e+00
   9.6886095e+00
   9.6830709e+00
   9.6773319e+00
   9.6713908e+00
   9.6652460e+00
   9.6588959e+00
   9.6523390e+00
   9.6455737e+00
   9.6385983e+00
   9.6314115e+00
   9.6240116e+00
   9.6163971e+00
   9.6085666e+00
   9.6005185e+00
   9.5922514e+00
   9.5837638e+00
   9.5750544e+00
   9.5661217e+00
   9.5569643e+00
   9.5475809e+00
   9.5379701e+00
   9.5281307e+00
   9.5180613e+00
   9.5077608e+00
   9.4972278e+00
   9.4864612e+00
   9.4754599e+00
   9.4642228e+00
   9.4527487e+00
   9.4410365e+00
   9.4290854e+00
   9.4168943e+00
   9.4044623e+00
   9.3917885e+00
   9.3788720e+00
   9.3657122e+00
   9.3523082e+00
   9.3386593e+00
   9.3247650e+00
   9.3106245e+00
   9.2962375e+00
   9.2816033e+00
   9.2667217e+00
   9.2515921e+00
   9.2362144e+00
   9.2205882e+00
   9.2047135e+00
   9.1885901e+00
   9.1722180e+00
   9.1555972e+00
   9.1387278e+00
   9.1216100e+00
   9.1042441e+00
   9.0866303e+00
   9.0687692e+00
   9.0506611e+00
   9.0323067e+00
   9.0137066e+00
   8.9948616e+00
   8.9757725e+00
   8.9564401e+00
   8.9368656e+00
   8.9170500e+00
   8.8969944e+00
   8.8767002e+00
   8.8561688e+00
   8.8354015e+00
   8.8144001e+00
   8.7931660e+00
   8.7717012e+00
   8.7500075e+00
   8.7280868e+00
   8.7059412e+00
   8.6835728e+00
   8.6609840e+00
   8.6381771e+00
   8.6151546e+00
   8.5919190e+00
   8.5684731e+00
   8.5448197e+00
   8.5209616e+00
   8.4969018e+00
   8.4726434e+00
   8.4481897e+00
   8.4235440e+00
   8.3987096e+00
   8.3736901e+00
   8.3484890e+00
   8.3231102e+00
   8.2975574e+00
   8.2718345e+00
   8.2459455e+00
   8.2198946e+00
   8.1936859e+00
   8.1673237e+00
   8.1408125e+00
   8.1141566e+00
   8.0873606e+00
   8.0604291e+00
   8.0333669e+00
   8.0061788e+00
   7.9788696e+00
   7.9514443e+00
   7.9239079e+00
   7.8962654e+00
   7.8685221e+00
   7.8406832e+00
   7.8127538e+00
   7.7847394e+00
   7.7566452e+00
   7.7284768e+00
   7.7002396e+00
   7.6719392e+00
   7.6435809e+00
   7.6151705e+00
   7.5867136e+00
   7.5582157e+00
   7.5296825e+00
   7.5011198e+00
   7.4725331e+00
   7.4439283e+00
   7.4153109e+00
   7.3866867e+00
   7.3580614e+00
   7.3294407e+00
   7.3008302e+00
   7.2722357e+00
   7.2436627e+00
   7.2151169e+00
   7.1866038e+00
   7.1581291e+00
   7.1296983e+00
   7.1013168e+00
   7.0729902e+00
   7.0447236e+00
   7.0165227e+00
   6.9883925e+00
   6.9603384e+00
   6.9323655e+00
   6.9044789e+00
   6.8766836e+00
   6.8489846e+00
   6.8213869e+00
   6.7938951e+00
   6.7665141e+00
   6.7392485e+00
   6.7121028e+00
   6.6850815e+00
   6.6581891e+00
   6.6314297e+00
   6.6048076e+00
   6.5783269e+00
   6.5519916e+00
   6.5258056e+00
   6.4997726e+00
   6.4738964e+00
   6.4481806e+00
   6.4226286e+00
   6.3972437e+00
   6.3720294e+00
   6.3469887e+00
   6.3221246e+00
   6.2974402e+00
   6.2729382e+00
   6.2486214e+00
   6.2244922e+00
   6.2005534e+00
   6.1768071e+00
   6.1532558e+00
   6.1299015e+00
   6.1067463e+00
   6.0837922e+00
   6.0610409e+00
   6.0384942e+00
   6.0161537e+00
   5.9940210e+00
   5.9720973e+00
   5.9503841e+00
   5.9288825e+00
   5.9075936e+00
   5.8865184e+00
   5.8656578e+00
   5.8450125e+00
   5.8245833e+00
   5.8043708e+00
   5.7843755e+00
   5.7645977e+00
   5.7450379e+00
   5.7256962e+00
   5.7065728e+00
   5.6876677e+00
   5.6689810e+00
   5.6505125e+00
   5.6322621e+00
   5.6142295e+00
   5.5964143e+00
   5.5788161e+00
   5.5614345e+00
   5.5442689e+00
   5.5273187e+00
   5.5105832e+00
   5.4940617e+00
   5.4777533e+00
   5.4616571e+00
   5.4457723e+00
   5.4300978e+00
   5.4146326e+00
   5.3993756e+00
   5.3843256e+00
   5.3694815e+00
   5.3548421e+00
   5.3404059e+00
   5.3261718e+00
   5.3121383e+00
   5.2983040e+00
   5.2846675e+00
   5.2712273e+00
   5.2579818e+00
   5.2449295e+00
   5.2320689e+00
   5.2193983e+00
   5.2069161e+00
   5.1946206e+00
   5.1825101e+00
   5.1705830e+00
   5.1588374e+00
   5.1472717e+00
   5.1358840e+00
   5.1246726e+00
   5.1136356e+00
   5.1027713e+00
   5.0920777e+00
   5.0815532e+00
   5.0711957e+00
   5.0610035e+00
   5.0509747e+00
   5.0411073e+00
   5.0313995e+00
   5.0218495e+00
   5.0124552e+00
   5.0032149e+00
   4.9941266e+00
   4.9851883e+00
   4.9763984e+00
   4.9677547e+00
   4.9592554e+00
   4.9508986e+00
   4.9426825e+00
   4.9346051e+00
   4.9266646e+00
   4.9188590e+00
   4.9111865e+00
   4.9036453e+00
   4.8962334e+00
   4.8889491e+00
   4.8817905e+00
   4.8747557e+00
   4.8678430e+00
   4.8610505e+00
   4.8543765e+00
   4.8478191e+00
   4.8413765e+00
   4.8350471e+00
   4.8288290e+00
   4.8227205e+00
   4.8167199e+00
   4.8108255e+00
   4.8050355e+00
   4.7993484e+00
   4.7937624e+00
   4.7882758e+00
   4.7828871e+00
   4.7775946e+00
   4.7723967e+00
   4.7672919e+00
   4.7622784e+00
   4.7573548e+00
   4.7525196e+00
   4.7477712e+00
   4.7431081e+00
   4.7385287e+00
   4.7340317e+00
   4.7296156e+00
   4.7252788e+00
   4.7210201e+00
   4.7168380e+00
   4.7127310e+00
   4.7086978e+00
   4.7047371e+00
   4.7008475e+00
   4.6970277e+00
   4.6932764e+00
   4.6895923e+00
   4.6859741e+00
   4.6824205e+00
   4.6789376e+00
   5.1898548e+00
   5.6923729e+00
   6.1870260e+00
   6.6744198e+00
   7.1551234e+00
   7.6296678e+00
   8.0985518e+00
   8.5622434e+00
   9.0211779e+00
   9.4757618e+00
   9.9263754e+00
   1.0373371e+01
   1.0817084e+01
   1.1257824e+01
   1.1695890e+01
   1.2131571e+01
   1.2565150e+01
   1.2996918e+01
   1.3427174e+01
   1.3856246e+01
   1.4284498e+01
   1.4712347e+01
   1.5140283e+01
   1.5568890e+01
   1.5998870e+01
   1.6431066e+01
   1.6866500e+01
   1.7306399e+01
   1.7752233e+01
   1.8205758e+01
   1.8669060e+01
   1.9144599e+01
   1.9635260e+01
   2.0144399e+01
   2.0675889e+01
   2.1234153e+01
   2.1824179e+01
   2.2451428e+01
   2.3121681e+01
   2.3840621e+01
   2.4613011e+01
   2.5440993e+01
   2.6322035e+01
   2.7250946e+01
   2.8217949e+01
   2.9207044e+01
   3.0196592e+01
   3.1161907e+01
   3.2079319e+01
   3.2930171e+01
   3.3221743e+01
   3.3443998e+01
   3.3601533e+01
   3.3701707e+01
   3.3752358e+01
   3.3761016e+01
   3.3734605e+01
   3.3679287e+01
   3.3600405e+01
   3.3502538e+01
   3.3389534e+01
   3.3264602e+01
   3.3130379e+01
   3.2989029e+01
   3.2842313e+01
   3.2691648e+01
   3.2538170e+01
   3.2382799e+01
   3.2226252e+01
   3.2069098e+01
   3.1911789e+01
   3.1754668e+01
   3.1598005e+01
   3.1442005e+01
   3.1286821e+01
   3.1132566e+01
   3.0979321e+01
   3.0827142e+01
   3.0676065e+01
   3.0526111e+01
   3.0377290e+01
   3.0229603e+01
   3.0083047e+01
   2.9937605e+01
   2.9793270e+01
   2.9650025e+01
   2.9507847e+01
   2.9366718e+01
   2.9226618e+01
   2.9087526e+01
   2.8949426e+01
   2.8812297e+01
   2.8676119e+01
   2.8540874e+01
   2.8406548e+01
   2.8273122e+01
   2.8140581e+01
   2.8008909e+01
   2.7878088e+01
   2.7748110e+01
   2.7618960e+01
   2.7490620e+01
   2.7363088e+01
   2.7236351e+01
   2.7110397e+01
   2.6985216e+01
   2.6860794e+01
   2.6737129e+01
   2.6614211e+01
   2.6492033e+01
   2.6370586e+01
   2.6249857e+01
   2.6129847e+01
   2.6010548e+01
   2.5891955e+01
   2.5774057e+01
   2.5656850e+01
   2.5540330e+01
   2.5424492e+01
   2.5309328e+01
   2.5194836e+01
   2.5081005e+01
   2.4967835e+01
   2.4855323e+01
   2.4743464e+01
   2.4632252e+01
   2.4521683e+01
   2.4411751e+01
   2.4302458e+01
   2.4193794e+01
   2.4085755e+01
   2.3978339e+01
   2.3871543e+01
   2.3765363e+01
   2.3659792e+01
   2.3554832e+01
   2.3450478e+01
   2.3346726e+01
   2.3243574e+01
   2.3141014e+01
   2.3039047e+01
   2.2937665e+01
   2.2836870e+01
   2.2736655e+01
   2.2637021e+01
   2.2537963e+01
   2.2439476e+01
   2.2341556e+01
   2.2244203e+01
   2.2147413e+01
   2.2051183e+01
   2.1955510e+01
   2.1860391e+01
   2.1765821e+01
   2.1671800e+01
   2.1578325e+01
   2.1485390e+01
   2.1392995e+01
   2.1301135e+01
   2.1209804e+01
   2.1119007e+01
   2.1028740e+01
   2.0938995e+01
   2.0849770e+01
   2.0761061e+01
   2.0672870e+01
   2.0585193e+01
   2.0498025e+01
   2.0411364e+01
   2.0325206e+01
   2.0239550e+01
   2.0154392e+01
   2.0069732e+01
   1.9985564e+01
   1.9901890e+01
   1.9818698e+01
   1.9735994e+01
   1.9653775e+01
   1.9572032e+01
   1.9490768e+01
   1.9409976e+01
   1.9329658e+01
   1.9249807e+01
   1.9170422e+01
   1.9091500e+01
   1.9013042e+01
   1.8935041e+01
   1.8857494e+01
   1.8780403e+01
   1.8703760e+01
   1.8627565e+01
   1.8551814e+01
   1.8476508e+01
   1.8401641e+01
   1.8327213e+01
   1.8253218e+01
   1.8179656e+01
   1.8106525e+01
   1.8033820e+01
   1.7961541e+01
   1.7889686e+01
   1.7818250e+01
   1.7747230e+01
   1.7676627e+01
   1.7606435e+01
   1.7536654e+01
   1.7467282e+01
   1.7398316e+01
   1.7329752e+01
   1.7261588e+01
   1.7193825e+01
   1.7126458e+01
   1.7059485e+01
   1.6992897e+01
   1.6926701e+01
   1.6860892e+01
   1.6795464e+01
   1.6730421e+01
   1.6665757e+01
   1.6601472e+01
   1.6537558e+01
   1.6474018e+01
   1.6410850e+01
   1.6348051e+01
   1.6285616e+01
   1.6223545e+01
   1.6161836e+01
   1.6100485e+01
   1.6039492e+01
   1.5978855e+01
   1.5918569e+01
   1.5858636e+01
   1.5799051e+01
   1.5739814e+01
   1.5680920e+01
   1.5622366e+01
   1.5564152e+01
   1.5506276e+01
   1.5448736e+01
   1.5391532e+01
   1.5334660e+01
   1.5278115e+01
   1.5221898e+01
   1.5166007e+01
   1.5110439e+01
   1.5055191e+01
   1.5000263e+01
   1.4945654e+01
   1.4891361e+01
   1.4837380e+01
   1.4783709e+01
   1.4730349e+01
   1.4677298e+01
   1.4624552e+01
   1.4572108e+01
   1.4519966e+01
   1.4468123e+01
   1.4416580e+01
   1.4365335e+01
   1.4314383e+01
   1.4263721e+01
   1.4213349e+01
   1.4163267e+01
   1.4113475e+01
   1.4063962e+01
   1.4014736e+01
   1.3965791e+01
   1.3917125e+01
   1.3868737e+01
   1.3820625e+01
   1.3772788e+01
   1.3725226e+01
   1.3677934e+01
   1.3630909e+01
   1.3584152e+01
   1.3537662e+01
   1.3491432e+01
   1.3445467e+01
   1.3399760e+01
   1.3354313e+01
   1.3309125e+01
   1.3264190e+01
   1.3219509e+01
   1.3175083e+01
   1.3130907e+01
   1.3086978e+01
   1.3043297e+01
   1.2999863e+01
   1.2956673e+01
   1.2913726e+01
   1.2871019e+01
   1.2828551e+01
   1.2786323e+01
   1.2744331e+01
   1.2702572e+01
   1.2661045e+01
   1.2619750e+01
   1.2578687e+01
   1.2537850e+01
   1.2497241e+01
   1.2456860e+01
   1.2416702e+01
   1.2376767e+01
   1.2337055e+01
   1.2297561e+01
   1.2258286e+01
   1.2219227e+01
   1.2180386e+01
   1.2141758e+01
   1.2103343e+01
   1.2065139e+01
   1.2027145e+01
   1.1989361e+01
   1.1951784e+01
   1.1914411e+01
   1.1877241e+01
   1.1840273e+01
   1.1803511e+01
   1.1766947e+01
   1.1730584e+01
   1.1694414e+01
   1.1658442e+01
   1.1622666e+01
   1.1587087e+01
   1.1551701e+01
   1.1516501e+01
   1.1481494e+01
   1.1446675e+01
   1.1412043e+01
   1.1377600e+01
   1.1343341e+01
   1.1309266e+01
   1.1275373e+01
   1.1241659e+01
   1.1208126e+01
   1.1174773e+01
   1.1141602e+01
   1.1108606e+01
   1.1075786e+01
   1.1043141e+01
   1.1010669e+01
   1.0978369e+01
   1.0946241e+01
   1.0914281e+01
   1.0882489e+01
   1.0850866e+01
   1.0819409e+01
   1.0788116e+01
   1.0756990e+01
   1.0726025e+01
   1.0695221e+01
   1.0664578e+01
   1.0634096e+01
   1.0603772e+01
   1.0573607e+01
   1.0543598e+01
   1.0513746e+01
   1.0484049e+01
   1.0454506e+01
   1.0425114e+01
   1.0395872e+01
   1.0366783e+01
   1.0337847e+01
   1.0309059e+01
   1.0280416e+01
   1.0251922e+01
   1.0223573e+01
   1.0195370e+01
   1.0167309e+01
   1.0139393e+01
   1.0111617e+01
   1.0083984e+01
   1.0056490e+01
   1.0029137e+01
   1.0001919e+01
   9.9748394e+00
   9.9478972e+00
   9.9210927e+00
   9.8944226e+00
   9.8678846e+00
   9.8414808e+00
   9.8152088e+00
   9.7890708e+00
   9.7630617e+00
   9.7371801e+00
   9.7114295e+00
   9.6858041e+00
   9.6603073e+00
   9.6349378e+00
   9.6096957e+00
   9.5845774e+00
   9.5595819e+00
   9.5347122e+00
   9.5099635e+00
   9.4853357e+00
   9.4608315e+00
   9.4364441e+00
   9.4121764e+00
   9.3880268e+00
   9.3639961e+00
   9.3400820e+00
   9.3162840e+00
   9.2926038e+00
   9.2690375e+00
   9.2455828e+00
   9.2222421e+00
   9.1990175e+00
   9.1759006e+00
   9.1528964e+00
   9.1300065e+00
   9.1072237e+00
   9.0845507e+00
   9.0619893e+00
   9.0395334e+00
   9.0171851e+00
   8.9949416e+00
   8.9728068e+00
   8.9507770e+00
   8.9288513e+00
   8.9070319e+00
   8.8853130e+00
   8.8636958e+00
   8.8421835e+00
   8.8207688e+00
   8.7994559e+00
   8.7782467e+00
   8.7571352e+00
   8.7361219e+00
   8.7152087e+00
   8.6943932e+00
   8.6736747e+00
   8.6530556e+00
   8.6325325e+00
   8.6121048e+00
   8.5917687e+00
   8.5715265e+00
   8.5513790e+00
   8.5313259e+00
   8.5113665e+00
   8.4915007e+00
   8.4717278e+00
   8.4520447e+00
   8.4324520e+00
   8.4129512e+00
   8.3935390e+00
   8.3742165e+00
   8.3549812e+00
   8.3358357e+00
   8.3167767e+00
   8.2978069e+00
   8.2789233e+00
   8.2601278e+00
   8.2414189e+00
   8.2227933e+00
   8.2042511e+00
   8.1857966e+00
   8.1674274e+00
   8.1491409e+00
   8.1309371e+00
   8.1128158e+00
   8.0947768e+00
   8.0768201e+00
   8.0589453e+00
   8.0411522e+00
   8.0234408e+00
   8.0058101e+00
   7.9882599e+00
   7.9707879e+00
   7.9533921e+00
   7.9360745e+00
   7.9188367e+00
   7.9016788e+00
   7.8845997e+00
   7.8675973e+00
   7.8506717e+00
   7.8338226e+00
   7.8170496e+00
   7.8003528e+00
   7.7837309e+00
   7.7671832e+00
   7.7507102e+00
   7.7343114e+00
   7.7179869e+00
   7.7017362e+00
   7.6855583e+00
   7.6694518e+00
   7.6534179e+00
   7.6374569e+00
   7.6215671e+00
   7.6057493e+00
   7.5900033e+00
   7.5743295e+00
   7.5587267e+00
   7.5431938e+00
   7.5277308e+00
   7.5123377e+00
   7.4970141e+00
   7.4817589e+00
   7.4665731e+00
   7.4514562e+00
   7.4364076e+00
   7.4214269e+00
   7.4065139e+00
   7.3916683e+00
   7.3768882e+00
   7.3621754e+00
   7.3475291e+00
   7.3329473e+00
   7.3184326e+00
   7.3039834e+00
   7.2896007e+00
   7.2752832e+00
   7.2610301e+00
   7.2468429e+00
   7.2327194e+00
   7.2186596e+00
   7.2046660e+00
   7.1907361e+00
   7.1768675e+00
   7.1630616e+00
   7.1493206e+00
   7.1356410e+00
   7.1220255e+00
   7.1084712e+00
   7.0949797e+00
   7.0815500e+00
   7.0681832e+00
   7.0548797e+00
   7.0416361e+00
   7.0284526e+00
   7.0153294e+00
   7.0022683e+00
   6.9892674e+00
   6.9763270e+00
   6.9634470e+00
   6.9506273e+00
   6.9378666e+00
   6.9251644e+00
   6.9125228e+00
   6.8999406e+00
   6.8874176e+00
   6.8749536e+00
   6.8625489e+00
   6.8502013e+00
   6.8379119e+00
   6.8256803e+00
   6.8135072e+00
   6.8013918e+00
   6.7893348e+00
   6.7773337e+00
   6.7653896e+00
   6.7535035e+00
   6.7416731e+00
   6.7299003e+00
   6.7181854e+00
   6.7065266e+00
   6.6949237e+00
   6.6833762e+00
   6.6718843e+00
   6.6604482e+00
   6.6490680e+00
   6.6377410e+00
   6.6264694e+00
   6.6152541e+00
   6.6040925e+00
   6.5929868e+00
   6.5819352e+00
   6.5709393e+00
   6.5599986e+00
   6.5491111e+00
   6.5382772e+00
   6.5274972e+00
   6.5167713e+00
   6.5060996e+00
   6.4954769e+00
   6.4849105e+00
   6.4743991e+00
   6.4639406e+00
   6.4535344e+00
   6.4431823e+00
   6.4328833e+00
   6.4226372e+00
   6.4124425e+00
   6.4022989e+00
   6.3922082e+00
   6.3821699e+00
   6.3721834e+00
   6.3622486e+00
   6.3523626e+00
   6.3425303e+00
   6.3327500e+00
   6.3230203e+00
   6.3133403e+00
   6.3037111e+00
   6.2941330e+00
   6.2846054e+00
   6.2751313e+00
   6.2657092e+00
   6.2563350e+00
   6.2470118e+00
   6.2377394e+00
   6.2285176e+00
   6.2193462e+00
   6.2102223e+00
   6.2011476e+00
   6.1921238e+00
   6.1831474e+00
   6.1742216e+00
   6.1653468e+00
   6.1565212e+00
   6.1477418e+00
   6.1390134e+00
   6.1303343e+00
   6.1217024e+00
   6.1131183e+00
   6.1045822e+00
   6.0960944e+00
   6.0876552e+00
   6.0792647e+00
   6.0709231e+00
   6.0626305e+00
   6.0543838e+00
   6.0461850e+00
   6.0380353e+00
   6.0299325e+00
   6.0218775e+00
   6.0138695e+00
   6.0059059e+00
   5.9979915e+00
   5.9901238e+00
   5.9823014e+00
   5.9745280e+00
   5.9668024e+00
   5.9591228e+00
   5.9514891e+00
   5.9439013e+00
   5.9363615e+00
   5.9288658e+00
   5.9214155e+00
   5.9140125e+00
   5.9066527e+00
   5.8993387e+00
   5.8920717e+00
   5.8848517e+00
   5.8776750e+00
   5.8705432e+00
   5.8634579e+00
   5.8564151e+00
   5.8494176e+00
   5.8424661e+00
   5.8355607e+00
   5.8286980e+00
   5.8218796e+00
   5.8151067e+00
   5.8083759e+00
   5.8016897e+00
   5.7950487e+00
   5.7884527e+00
   5.7818989e+00
   5.7753888e+00
   5.7689234e+00
   5.7625025e+00
   5.7561238e+00
   5.7497881e+00
   5.7434965e+00
   5.7372465e+00
   5.7310396e+00
   5.7248764e+00
   5.7187568e+00
   5.7126789e+00
   5.7066434e+00
   5.7006510e+00
   5.6946998e+00
   5.6887910e+00
   5.6829250e+00
   5.6771017e+00
   5.6713195e+00
   5.6655791e+00
   5.6598810e+00
   5.6542234e+00
   5.6486077e+00
   5.6430338e+00
   5.6375017e+00
   5.6320102e+00
   5.6265598e+00
   5.6211507e+00
   5.6157830e+00
   5.6104555e+00
   5.6051685e+00
   5.5999225e+00
   5.5947172e+00
   5.5895517e+00
   5.5844271e+00
   5.5793429e+00
   5.5742985e+00
   5.5692939e+00
   5.5643291e+00
   5.5594040e+00
   5.5545184e+00
   5.5496724e+00
   5.5448657e+00
   5.5400983e+00
   5.5353701e+00
   5.5306810e+00
   5.5260308e+00
   5.5214196e+00
   5.5168470e+00
   5.5123132e+00
   5.5078179e+00
   5.5033610e+00
   5.4989425e+00
   5.4945623e+00
   5.4902201e+00
   5.4859161e+00
   5.4816499e+00
   5.4774216e+00
   5.4732310e+00
   5.4690781e+00
   5.4649626e+00
   5.4608846e+00
   5.4568439e+00
   5.4528405e+00
   5.4488741e+00
   5.4449447e+00
   5.4410523e+00
   5.4371966e+00
   5.4333777e+00
   5.4295953e+00
   5.4258495e+00
   5.4221400e+00
   5.4184669e+00
   5.4148299e+00
   5.4112290e+00
   5.4076641e+00
   5.4041351e+00
   5.4006418e+00
   5.3971843e+00
   5.3937623e+00
   5.3903758e+00
   5.3870246e+00
   5.3837088e+00
   5.3804281e+00
   5.3771825e+00
   5.3739718e+00
   5.3707961e+00
   5.3676551e+00
   5.3645487e+00
   5.3614770e+00
   5.3584397e+00
   5.3554368e+00
   5.3524681e+00
   5.3495337e+00
   5.3466333e+00
   5.3437668e+00
   5.3409343e+00
   5.3381355e+00
   5.3353704e+00
   5.3326388e+00
   5.3299408e+00
   5.3272761e+00
   5.3246447e+00
   5.3220465e+00
   5.3194814e+00
   5.3169492e+00
   5.3144500e+00
   5.3119835e+00
   5.3095498e+00
   5.3071487e+00
   5.3047800e+00
   5.3024438e+00
   5.3001399e+00
   5.2978681e+00
   5.2956286e+00
   5.2934210e+00
   5.2912454e+00
   5.2891016e+00
   5.2869895e+00
   5.2849091e+00
   5.2828603e+00
   5.2808429e+00
   5.2788569e+00
   5.2769021e+00
   5.2749785e+00
   5.2730861e+00
   5.2712246e+00
   5.2693940e+00
   5.2675942e+00
   5.2658251e+00
   5.2640867e+00
   5.2623787e+00
   5.2607013e+00
   5.2590541e+00
   5.2574373e+00
   5.2558506e+00
   5.2542940e+00
   5.2527674e+00
   5.2512707e+00
   5.2498038e+00
   5.2483666e+00
   5.2469591e+00
   5.2455811e+00
   5.2442325e+00
   5.2429134e+00
   5.2416235e+00
   5.2403628e+00
   5.2391313e+00
   5.2379287e+00
   5.2367551e+00
   5.2356104e+00
   5.2344944e+00
   5.2334071e+00
   5.2323484e+00
   5.2313182e+00
   5.2303164e+00
   5.2293430e+00
   5.2283979e+00
   5.2274809e+00
   5.2265920e+00
   5.2257312e+00
   5.2248982e+00
   5.2240932e+00
   5.2233158e+00
   5.2225662e+00
   5.2218442e+00
   5.2211497e+00
   5.2204827e+00
   5.2198430e+00
   5.2192306e+00
   5.2186454e+00
   5.2180873e+00
   5.2175563e+00
   5.2170523e+00
   5.2165752e+00
   5.2161248e+00
   5.2157013e+00
   5.2153043e+00
   5.2149340e+00
   5.2145902e+00
   5.2142728e+00
   5.2139818e+00
   5.2137171e+00
   5.2134786e+00
   5.2132662e+00
   5.2130799e+00
   5.2129196e+00
   5.2127852e+00
   5.2126767e+00
   5.2125940e+00
   5.2125369e+00
   5.2125055e+00
   5.2124996e+00
   5.2125192e+00
   5.2125643e+00
   5.2126347e+00
   5.2127304e+00
   5.2128513e+00
   5.2129974e+00
   5.2131685e+00
   5.2133646e+00
   5.2135857e+00
   5.2138317e+00
   5.2141024e+00
   5.2143979e+00
   5.2147181e+00
   5.2150629e+00
   5.2154322e+00
   5.2158261e+00
   5.2162443e+00
   5.2166869e+00
   5.2171538e+00
   5.2176449e+00
   5.2181602e+00
   5.2186996e+00
   5.2192630e+00
   5.2198504e+00
   5.2204617e+00
   5.2210969e+00
   5.2217559e+00
   5.2224386e+00
   5.2231450e+00
   5.2238750e+00
   5.2246285e+00
   5.2254056e+00
   5.2262061e+00
   5.2270300e+00
   5.2278773e+00
   5.2287478e+00
   5.2296415e+00
   5.2305584e+00
   5.2314984e+00
   5.2324614e+00
   5.2334475e+00
   5.2344565e+00
   5.2354883e+00
   5.2365431e+00
   5.2376205e+00
   5.2387208e+00
   5.2398437e+00
   5.2409892e+00
   5.2421573e+00
   5.2433479e+00
   5.2445610e+00
   5.2457965e+00
   5.2470544e+00
   5.2483347e+00
   5.2496372e+00
   5.2509619e+00
   5.2523088e+00
   5.2536778e+00
   5.2550689e+00
   5.2564821e+00
   5.2579173e+00
   5.2593743e+00
   5.2608533e+00
   5.2623542e+00
   5.2638768e+00
   5.2654213e+00
   5.2669874e+00
   5.2685752e+00
   5.2701847e+00
   5.2718157e+00
   5.2734683e+00
   5.2751424e+00
   5.2768379e+00
   5.2785549e+00
   5.2802933e+00
   5.2820530e+00
   5.2838340e+00
   5.2856363e+00
   5.2874598e+00
   5.2893045e+00
   5.2911703e+00
   5.2930572e+00
   5.2949652e+00
   5.2968943e+00
   5.2988443e+00
   5.3008153e+00
   5.3028072e+00
   5.3048200e+00
   5.3068537e+00
   5.3089081e+00
   5.3109834e+00
   5.3130794e+00
   5.3151961e+00
   5.3173335e+00
   5.3194916e+00
   5.3216702e+00
   5.3238695e+00
   5.3260893e+00
   5.3283296e+00
   5.3305904e+00
   5.3328717e+00
   5.3351734e+00
   5.3374955e+00
   5.3398380e+00
   5.3422008e+00
   5.3445839e+00
   5.3469873e+00
   5.3494110e+00
   5.3518549e+00
   5.3543190e+00
   5.3568032e+00
   5.3593076e+00
   5.3618322e+00
   5.3643768e+00
   5.3669415e+00
   5.3695262e+00
   5.3721310e+00
   5.3747557e+00
   5.3774004e+00
   5.3800651e+00
   5.3827497e+00
   5.3854542e+00
   5.3881786e+00
   5.3909228e+00
   5.3936869e+00
   5.3964708e+00
   5.3992745e+00
   5.4020979e+00
   5.4049411e+00
   5.4078040e+00
   5.4106867e+00
   5.4135890e+00
   5.4165110e+00
   5.4194527e+00
   5.4224140e+00
   5.4253949e+00
   5.4283955e+00
   5.4314156e+00
   5.4344553e+00
   5.4375145e+00
   5.4405933e+00
   5.4436916e+00
   5.4468093e+00
   5.4499466e+00
   5.4531034e+00
   5.4562796e+00
   5.4594753e+00
   5.4626903e+00
   5.4659249e+00
   5.4691788e+00
   5.4724521e+00
   5.4757448e+00
   5.4790568e+00
   5.4823882e+00
   5.4857390e+00
   5.4891090e+00
   5.4924984e+00
   5.4959072e+00
   5.4993352e+00
   5.5027825e+00
   5.5062491e+00
   5.5097349e+00
   5.5132401e+00
   5.5167644e+00
   5.5203081e+00
   5.5238709e+00
   5.5274530e+00
   5.5310543e+00
   5.5346748e+00
   5.5383146e+00
   5.5419735e+00
   5.5456516e+00
   5.5493490e+00
   5.5530655e+00
   5.5568012e+00
   5.5605560e+00
   5.5643300e+00
   5.5681232e+00
   5.5719356e+00
   5.5757671e+00
   5.5796177e+00
   5.5834875e+00
   5.5873764e+00
   5.5912845e+00
   5.5952117e+00
   5.5991581e+00
   5.6031236e+00
   5.6071082e+00
   5.6111120e+00
   5.6151348e+00
   5.6191769e+00
   5.6232380e+00
   5.6273183e+00
   5.6314176e+00
   5.6355362e+00
   5.6396738e+00
   5.6438306e+00
   5.6480065e+00
   5.6522015e+00
   5.6564156e+00
   5.6606489e+00
   5.6649013e+00
   5.6691729e+00
   5.6734636e+00
   5.6777734e+00
   5.6821024e+00
   5.6864505e+00
   5.6908177e+00
   5.6952041e+00
   5.6996097e+00
   5.7040344e+00
   5.7084783e+00
   5.7129413e+00
   5.7174235e+00
   5.7219249e+00
   5.7264454e+00
   5.7309852e+00
   5.7355441e+00
   5.7401222e+00
   5.7447195e+00
   5.7493360e+00
   5.7539718e+00
   5.7586267e+00
   5.7633009e+00
   5.7679943e+00
   5.7727069e+00
   5.7774388e+00
   5.7821899e+00
   5.7869602e+00
   5.7917499e+00
   5.7965587e+00
   5.8013869e+00
   5.8062344e+00
   5.8111011e+00
   5.8159872e+00
   5.8208925e+00
   5.8258172e+00
   5.8307612e+00
   5.8357245e+00
   5.8407071e+00
   5.8457091e+00
   5.8507305e+00
   5.8557712e+00
   5.8608313e+00
   5.8659108e+00
   5.8710097e+00
   5.8761280e+00
   5.8812657e+00
   5.8864228e+00
   5.8915994e+00
   5.8967954e+00
   5.9020108e+00
   5.9072457e+00
   5.9125001e+00
   5.9177739e+00
   5.9230673e+00
   5.9283801e+00
   5.9337125e+00
   5.9390644e+00
   5.9444358e+00
   5.9498267e+00
   5.9552372e+00
   5.9606673e+00
   5.9661169e+00
   5.9715862e+00
   5.9770750e+00
   5.9825834e+00
   5.9881114e+00
   5.9936591e+00
   5.9992264e+00
   6.0048133e+00
   6.0104199e+00
   6.0160462e+00
   6.0216922e+00
   6.0273578e+00
   6.0330431e+00
   6.0387482e+00
   6.0444730e+00
   6.0502175e+00
   6.0559817e+00
   6.0617657e+00
   6.0675694e+00
   6.0733930e+00
   6.0792363e+00
   6.0850994e+00
   6.0909823e+00
   6.0968850e+00
   6.1028075e+00
   6.1087499e+00
   6.1147121e+00
   6.1206942e+00
   6.1266961e+00
   6.1327179e+00
   6.1387595e+00
   6.1448211e+00
   6.1509026e+00
   6.1570039e+00
   6.1631252e+00
   6.1692664e+00
   6.1754275e+00
   6.1816086e+00
   6.1878096e+00
   6.1940306e+00
   6.2002715e+00
   6.2065324e+00
   6.2128133e+00
   6.2191142e+00
   6.2254350e+00
   6.2317759e+00
   6.2381368e+00
   6.2445176e+00
   6.2509185e+00
   6.2573395e+00
   6.2637804e+00
   6.2702414e+00
   6.2767224e+00
   6.2832235e+00
   6.2897446e+00
   6.2962857e+00
   6.3028469e+00
   6.3094282e+00
   6.3160295e+00
   6.3226509e+00
   6.3292924e+00
   6.3359539e+00
   6.3426355e+00
   6.3493372e+00
   6.3560590e+00
   6.3628008e+00
   6.3695627e+00
   6.3763447e+00
   6.3831468e+00
   6.3899689e+00
   6.3968111e+00
   6.4036734e+00
   6.4105557e+00
   6.4174581e+00
   6.4243806e+00
   6.4313232e+00
   6.4382858e+00
   6.4452684e+00
   6.4522711e+00
   6.4592939e+00
   6.4663367e+00
   6.4733995e+00
   6.4804823e+00
   6.4875852e+00
   6.4947080e+00
   6.5018509e+00
   6.5090138e+00
   6.5161967e+00
   6.5233995e+00
   6.5306223e+00
   6.5378650e+00
   6.5451277e+00
   6.5524104e+00
   6.5597129e+00
   6.5670354e+00
   6.5743777e+00
   6.5817399e+00
   6.5891220e+00
   6.5965239e+00
   6.6039457e+00
   6.6113873e+00
   6.6188486e+00
   6.6263298e+00
   6.6338307e+00
   6.6413514e+00
   6.6488917e+00
   6.6564518e+00
   6.6640315e+00
   6.6716309e+00
   6.6792500e+00
   6.6868886e+00
   6.6945469e+00
   6.7022246e+00
   6.7099220e+00
   6.7176388e+00
   6.7253751e+00
   6.7331309e+00
   6.7409061e+00
   6.7487006e+00
   6.7565146e+00
   6.7643479e+00
   6.7722004e+00
   6.7800723e+00
   6.7879634e+00
   6.7958737e+00
   6.8038031e+00
   6.8117517e+00
   6.8197194e+00
   6.8277061e+00
   6.8357119e+00
   6.8437366e+00
   6.8517803e+00
   6.8598429e+00
   6.8679243e+00
   6.8760245e+00
   6.8841436e+00
   6.8922813e+00
   6.9004377e+00
   6.9086128e+00
   6.9168065e+00
   6.9250187e+00
   6.9332494e+00
   6.9414986e+00
   6.9497661e+00
   6.9580521e+00
   6.9663563e+00
   6.9746787e+00
   6.9830194e+00
   6.9913781e+00
   6.9997550e+00
   7.0081499e+00
   7.0165628e+00
   7.0249935e+00
   7.0334422e+00
   7.0419086e+00
   7.0503928e+00
   7.0588946e+00
   7.0674141e+00
   7.0759511e+00
   7.0845056e+00
   7.0930775e+00
   7.1016668e+00
   7.1102734e+00
   7.1188972e+00
   7.1275382e+00
   7.1361962e+00
   7.1448713e+00
   7.1535633e+00
   7.1622723e+00
   7.1709980e+00
   7.1797405e+00
   7.1884996e+00
   7.1972754e+00
   7.2060676e+00
   7.2148763e+00
   7.2237014e+00
   7.2325427e+00
   7.2414003e+00
   7.2502740e+00
   7.2591638e+00
   7.2680695e+00
   7.2769911e+00
   7.2859286e+00
   7.2948817e+00
   7.3038505e+00
   7.3128349e+00
   7.3218348e+00
   7.3308500e+00
   7.3398806e+00
   7.3489264e+00
   7.3579873e+00
   7.3670633e+00
   7.3761542e+00
   7.3852600e+00
   7.3943805e+00
   7.4035158e+00
   7.4126656e+00
   7.4218300e+00
   7.4310088e+00
   7.4402019e+00
   7.4494092e+00
   7.4586306e+00
   7.4678661e+00
   7.4771155e+00
   7.4863788e+00
   7.4956558e+00
   7.5049464e+00
   7.5142506e+00
   7.5235682e+00
   7.5328992e+00
   7.5422434e+00
   7.5516008e+00
   7.5609713e+00
   7.5703546e+00
   7.5797508e+00
   7.5891598e+00
   7.5985813e+00
   7.6080154e+00
   7.6174619e+00
   7.6269208e+00
   7.6363918e+00
   7.6458749e+00
   7.6553700e+00
   7.6648770e+00
   7.6743958e+00
   7.6839262e+00
   7.6934682e+00
   7.7030216e+00
   7.7125864e+00
   7.7221623e+00
   7.7317494e+00
   7.7413474e+00
   7.7509563e+00
   7.7605759e+00
   7.7702062e+00
   7.7798470e+00
   7.7894982e+00
   7.7991596e+00
   7.8088313e+00
   7.8185129e+00
   7.8282045e+00
   7.8379058e+00
   7.8476169e+00
   7.8573374e+00
   7.8670674e+00
   7.8768067e+00
   7.8865551e+00
   7.8963126e+00
   7.9060789e+00
   7.9158541e+00
   7.9256379e+00
   7.9354301e+00
   7.9452308e+00
   7.9550397e+00
   7.9648567e+00
   7.9746816e+00
   7.9845144e+00
   7.9943549e+00
   8.0042029e+00
   8.0140583e+00
   8.0239210e+00
   8.0337907e+00
   8.0436675e+00
   8.0535510e+00
   8.0634412e+00
   8.0733380e+00
   8.0832411e+00
   8.0931504e+00
   8.1030657e+00
   8.1129869e+00
   8.1229139e+00
   8.1328464e+00
   8.1427844e+00
   8.1527276e+00
   8.1626758e+00
   8.1726290e+00
   8.1825869e+00
   8.1925494e+00
   8.2025162e+00
   8.2124873e+00
   8.2224624e+00
   8.2324414e+00
   8.2424240e+00
   8.2524101e+00
   8.2623996e+00
   8.2723921e+00
   8.2823875e+00
   8.2923857e+00
   8.3023864e+00
   8.3123894e+00
   8.3223945e+00
   8.3324016e+00
   8.3424104e+00
   8.3524206e+00
   8.3624322e+00
   8.3724448e+00
   8.3824583e+00
   8.3924724e+00
   8.4024870e+00
   8.4125017e+00
   8.4225164e+00
   8.4325308e+00
   8.4425447e+00
   8.4525578e+00
   8.4625700e+00
   8.4725809e+00
   8.4825903e+00
   8.4925980e+00
   8.5026037e+00
   8.5126072e+00
   8.5226081e+00
   8.5326063e+00
   8.5426014e+00
   8.5525932e+00
   8.5625814e+00
   8.5725657e+00
   8.5825459e+00
   8.5925216e+00
   8.6024926e+00
   8.6124586e+00
   8.6224192e+00
   8.6323742e+00
   8.6423233e+00
   8.6522661e+00
   8.6622024e+00
   8.6721318e+00
   8.6820540e+00
   8.6919686e+00
   8.7018754e+00
   8.7117740e+00
   8.7216641e+00
   8.7315453e+00
   8.7414172e+00
   8.7512796e+00
   8.7611320e+00
   8.7709742e+00
   8.7808057e+00
   8.7906261e+00
   8.8004351e+00
   8.8102323e+00
   8.8200174e+00
   8.8297899e+00
   8.8395494e+00
   8.8492955e+00
   8.8590279e+00
   8.8687461e+00
   8.8784497e+00
   8.8881383e+00
   8.8978114e+00
   8.9074687e+00
   8.9171096e+00
   8.9267339e+00
   8.9363409e+00
   8.9459302e+00
   8.9555015e+00
   8.9650542e+00
   8.9745878e+00
   8.9841020e+00
   8.9935961e+00
   9.0030698e+00
   9.0125225e+00
   9.0219538e+00
   9.0313630e+00
   9.0407499e+00
   9.0501137e+00
   9.0594540e+00
   9.0687703e+00
   9.0780620e+00
   9.0873286e+00
   9.0965695e+00
   9.1057843e+00
   9.1149722e+00
   9.1241329e+00
   9.1332657e+00
   9.1423700e+00
   9.1514452e+00
   9.1604909e+00
   9.1695062e+00
   9.1784908e+00
   9.1874438e+00
   9.1963649e+00
   9.2052532e+00
   9.2141082e+00
   9.2229293e+00
   9.2317157e+00
   9.2404669e+00
   9.2491822e+00
   9.2578610e+00
   9.2665025e+00
   9.2751060e+00
   9.2836710e+00
   9.2921966e+00
   9.3006823e+00
   9.3091272e+00
   9.3175307e+00
   9.3258921e+00
   9.3342105e+00
   9.3424854e+00
   9.3507158e+00
   9.3589011e+00
   9.3670406e+00
   9.3751333e+00
   9.3831787e+00
   9.3911758e+00
   9.3991238e+00
   9.4070220e+00
   9.4148696e+00
   9.4226658e+00
   9.4304096e+00
   9.4381003e+00
   9.4457370e+00
   9.4533189e+00
   9.4608451e+00
   9.4683147e+00
   9.4757269e+00
   9.4830807e+00
   9.4903753e+00
   9.4976097e+00
   9.5047831e+00
   9.5118945e+00
   9.5189430e+00
   9.5259276e+00
   9.5328473e+00
   9.5397013e+00
   9.5464885e+00
   9.5532080e+00
   9.5598587e+00
   9.5664397e+00
   9.5729500e+00
   9.5793884e+00
   9.5857541e+00
   9.5920459e+00
   9.5982628e+00
   9.6044038e+00
   9.6104677e+00
   9.6164535e+00
   9.6223602e+00
   9.6281865e+00
   9.6339313e+00
   9.6395937e+00
   9.6451723e+00
   9.6506662e+00
   9.6560740e+00
   9.6613948e+00
   9.6666272e+00
   9.6717701e+00
   9.6768223e+00
   9.6817825e+00
   9.6866497e+00
   9.6914225e+00
   9.6960997e+00
   9.7006801e+00
   9.7051623e+00
   9.7095452e+00
   9.7138273e+00
   9.7180075e+00
   9.7220845e+00
   9.7260568e+00
   9.7299232e+00
   9.7336824e+00
   9.7373329e+00
   9.7408735e+00
   9.7443027e+00
   9.7476192e+00
   9.7508216e+00
   9.7539084e+00
   9.7568783e+00
   9.7597298e+00
   9.7624614e+00
   9.7650718e+00
   9.7675595e+00
   9.7699229e+00
   9.7721607e+00
   9.7742713e+00
   9.7762532e+00
   9.7781049e+00
   9.7798248e+00
   9.7814116e+00
   9.7828634e+00
   9.7841790e+00
   9.7853566e+00
   9.7863946e+00
   9.7872916e+00
   9.7880459e+00
   9.7886559e+00
   9.7891200e+00
   9.7894365e+00
   9.7896038e+00
   9.7896204e+00
   9.7894845e+00
   9.7891944e+00
   9.7887486e+00
   9.7881453e+00
   9.7873828e+00
   9.7864595e+00
   9.7853737e+00
   9.7841236e+00
   9.7827076e+00
   9.7811239e+00
   9.7793708e+00
   9.7774465e+00
   9.7753495e+00
   9.7730778e+00
   9.7706298e+00
   9.7680037e+00
   9.7651977e+00
   9.7622102e+00
   9.7590394e+00
   9.7556834e+00
   9.7521406e+00
   9.7484091e+00
   9.7444873e+00
   9.7403733e+00
   9.7360655e+00
   9.7315619e+00
   9.7268610e+00
   9.7219609e+00
   9.7168599e+00
   9.7115562e+00
   9.7060481e+00
   9.7003339e+00
   9.6944119e+00
   9.6882802e+00
   9.6819373e+00
   9.6753814e+00
   9.6686107e+00
   9.6616238e+00
   9.6544187e+00
   9.6469940e+00
   9.6393480e+00
   9.6314789e+00
   9.6233853e+00
   9.6150656e+00
   9.6065181e+00
   9.5977413e+00
   9.5887336e+00
   9.5794936e+00
   9.5700198e+00
   9.5603107e+00
   9.5503648e+00
   9.5401808e+00
   9.5297573e+00
   9.5190928e+00
   9.5081862e+00
   9.4970360e+00
   9.4856411e+00
   9.4740003e+00
   9.4621123e+00
   9.4499760e+00
   9.4375904e+00
   9.4249543e+00
   9.4120667e+00
   9.3989267e+00
   9.3855334e+00
   9.3718859e+00
   9.3579834e+00
   9.3438251e+00
   9.3294103e+00
   9.3147383e+00
   9.2998086e+00
   9.2846206e+00
   9.2691739e+00
   9.2534680e+00
   9.2375026e+00
   9.2212774e+00
   9.2047922e+00
   9.1880469e+00
   9.1710414e+00
   9.1537758e+00
   9.1362500e+00
   9.1184644e+00
   9.1004191e+00
   9.0821146e+00
   9.0635511e+00
   9.0447292e+00
   9.0256495e+00
   9.0063127e+00
   8.9867196e+00
   8.9668709e+00
   8.9467678e+00
   8.9264112e+00
   8.9058023e+00
   8.8849424e+00
   8.8638328e+00
   8.8424750e+00
   8.8208705e+00
   8.7990210e+00
   8.7769283e+00
   8.7545942e+00
   8.7320208e+00
   8.7092101e+00
   8.6861644e+00
   8.6628859e+00
   8.6393772e+00
   8.6156406e+00
   8.5916790e+00
   8.5674950e+00
   8.5430915e+00
   8.5184715e+00
   8.4936382e+00
   8.4685946e+00
   8.4433443e+00
   8.4178905e+00
   8.3922368e+00
   8.3663870e+00
   8.3403447e+00
   8.3141139e+00
   8.2876985e+00
   8.2611026e+00
   8.2343305e+00
   8.2073864e+00
   8.1802747e+00
   8.1530000e+00
   8.1255667e+00
   8.0979798e+00
   8.0702438e+00
   8.0423637e+00
   8.0143446e+00
   7.9861913e+00
   7.9579092e+00
   7.9295034e+00
   7.9009791e+00
   7.8723419e+00
   7.8435971e+00
   7.8147502e+00
   7.7858068e+00
   7.7567727e+00
   7.7276533e+00
   7.6984546e+00
   7.6691823e+00
   7.6398423e+00
   7.6104404e+00
   7.5809826e+00
   7.5514748e+00
   7.5219229e+00
   7.4923332e+00
   7.4627114e+00
   7.4330637e+00
   7.4033962e+00
   7.3737148e+00
   7.3440257e+00
   7.3143349e+00
   7.2846394e+00
   7.2549928e+00
   7.2253620e+00
   7.1957533e+00
   7.1661721e+00
   7.1366257e+00
   7.1071181e+00
   7.0776562e+00
   7.0482446e+00
   7.0188914e+00
   6.9896004e+00
   6.9603770e+00
   6.9312281e+00
   6.9021574e+00
   6.8731731e+00
   6.8442798e+00
   6.8154814e+00
   6.7867851e+00
   6.7581966e+00
   6.7297178e+00
   6.7013554e+00
   6.6731138e+00
   6.6449981e+00
   6.6170134e+00
   6.5891653e+00
   6.5614573e+00
   6.5338944e+00
   6.5064806e+00
   6.4792188e+00
   6.4521148e+00
   6.4251741e+00
   6.3983977e+00
   6.3717901e+00
   6.3453547e+00
   6.3190963e+00
   6.2930170e+00
   6.2671204e+00
   6.2414083e+00
   6.2158889e+00
   6.1905620e+00
   6.1654295e+00
   6.1404943e+00
   6.1157602e+00
   6.0912288e+00
   6.0669043e+00
   6.0427869e+00
   6.0188787e+00
   5.9951828e+00
   5.9717007e+00
   5.9484343e+00
   5.9253843e+00
   5.9025538e+00
   5.8799435e+00
   5.8575547e+00
   5.8353886e+00
   5.8134465e+00
   5.7917296e+00
   5.7702375e+00
   5.7489720e+00
   5.7279341e+00
   5.7071247e+00
   5.6865439e+00
   5.6661912e+00
   5.6460678e+00
   5.6261739e+00
   5.6065085e+00
   5.5870732e+00
   5.5678668e+00
   5.5488886e+00
   5.5301399e+00
   5.5116193e+00
   5.4933269e+00
   5.4752615e+00
   5.4574240e+00
   5.4398135e+00
   5.4224280e+00
   5.4052678e+00
   5.3883318e+00
   5.3716190e+00
   5.3551292e+00
   5.3388601e+00
   5.3228111e+00
   5.3069815e+00
   5.2913699e+00
   5.2759748e+00
   5.2607946e+00
   5.2458283e+00
   5.2310747e+00
   5.2165322e+00
   5.2021993e+00
   5.1880745e+00
   5.1741562e+00
   5.1604438e+00
   5.1469345e+00
   5.1336270e+00
   5.1205192e+00
   5.1076095e+00
   5.0948963e+00
   5.0823782e+00
   5.0700527e+00
   5.0579182e+00
   5.0459732e+00
   5.0342155e+00
