   3.8775740e-01
   3.8736475e-01
   3.8697255e-01
   3.8658081e-01
   3.8618951e-01
   3.8579866e-01
   3.8540826e-01
   3.8501830e-01
   3.8462879e-01
   3.8423973e-01
   3.8385112e-01
   3.8346295e-01
   3.8307522e-01
   3.8268794e-01
   3.8230110e-01
   3.8191470e-01
   3.8152874e-01
   3.8114322e-01
   3.8075815e-01
   3.8037351e-01
   3.7998931e-01
   3.7960555e-01
   3.7922223e-01
   3.7883934e-01
   3.7845689e-01
   3.7807487e-01
   3.7769329e-01
   3.7731215e-01
   3.7693143e-01
   3.7655115e-01
   3.7617130e-01
   3.7579189e-01
   3.7541290e-01
   3.7503434e-01
   3.7465622e-01
   3.7427852e-01
   3.7390125e-01
   3.7352440e-01
   3.7314799e-01
   3.7277200e-01
   3.7239643e-01
   3.7202129e-01
   3.7164658e-01
   3.7127229e-01
   3.7089842e-01
   3.7052497e-01
   3.7015195e-01
   3.6977935e-01
   3.6940716e-01
   3.6903540e-01
   3.6866406e-01
   3.6829313e-01
   3.6792263e-01
   3.6755254e-01
   3.6718287e-01
   3.6681361e-01
   3.6644477e-01
   3.6607634e-01
   3.6570833e-01
   3.6534074e-01
   3.6497355e-01
   3.6460678e-01
   3.6424042e-01
   3.6387447e-01
   3.6350893e-01
   3.6314381e-01
   3.6277909e-01
   3.6241478e-01
   3.6205088e-01
   3.6168739e-01
   3.6132430e-01
   3.6096162e-01
   3.6059935e-01
   3.6023748e-01
   3.5987602e-01
   3.5951496e-01
   3.5915430e-01
   3.5879405e-01
   3.5843420e-01
   3.5807475e-01
   3.5771571e-01
   3.5735706e-01
   3.5699882e-01
   3.5664097e-01
   3.5628353e-01
   3.5592648e-01
   3.5556983e-01
   3.5521357e-01
   3.5485772e-01
   3.5450226e-01
   3.5414719e-01
   3.5379253e-01
   3.5343825e-01
   3.5308437e-01
   3.5273088e-01
   3.5237779e-01
   3.5202509e-01
   3.5167278e-01
   3.5132086e-01
   3.5096933e-01
   3.5061819e-01
   3.5026744e-01
   3.4991708e-01
   3.4956711e-01
   3.4921753e-01
   3.4886833e-01
   3.4851952e-01
   3.4817110e-01
   3.4782306e-01
   3.4747541e-01
   3.4712814e-01
   3.4678126e-01
   3.4643476e-01
   3.4608864e-01
   3.4574291e-01
   3.4539756e-01
   3.4505259e-01
   3.4470800e-01
   3.4436379e-01
   3.4401996e-01
   3.4367651e-01
   3.4333344e-01
   3.4299075e-01
   3.4264843e-01
   3.4230649e-01
   3.4196493e-01
   3.4162375e-01
   3.4128294e-01
   3.4094251e-01
   3.4060245e-01
   3.4026276e-01
   3.3992345e-01
   3.3958451e-01
   3.3924595e-01
   3.3890775e-01
   3.3856993e-01
   3.3823248e-01
   3.3789540e-01
   3.3755869e-01
   3.3722235e-01
   3.3688638e-01
   3.3655078e-01
   3.3621555e-01
   3.3588068e-01
   3.3554618e-01
   3.3521205e-01
   3.3487828e-01
   3.3454488e-01
   3.3421185e-01
   3.3387917e-01
   3.3354687e-01
   3.3321492e-01
   3.3288334e-01
   3.3255213e-01
   3.3222127e-01
   3.3189078e-01
   3.3156065e-01
   3.3123087e-01
   3.3090146e-01
   3.3057241e-01
   3.3024372e-01
   3.2991539e-01
   3.2958741e-01
   3.2925980e-01
   3.2893254e-01
   3.2860563e-01
   3.2827909e-01
   3.2795290e-01
   3.2762706e-01
   3.2730158e-01
   3.2697646e-01
   3.2665169e-01
   3.2632727e-01
   3.2600321e-01
   3.2567949e-01
   3.2535614e-01
   3.2503313e-01
   3.2471047e-01
   3.2438817e-01
   3.2406621e-01
   3.2374461e-01
   3.2342335e-01
   3.2310245e-01
   3.2278189e-01
   3.2246168e-01
   3.2214182e-01
   3.2182230e-01
   3.2150313e-01
   3.2118431e-01
   3.2086584e-01
   3.2054771e-01
   3.2022992e-01
   3.1991248e-01
   3.1959538e-01
   3.1927863e-01
   3.1896222e-01
   3.1864615e-01
   3.1833042e-01
   3.1801504e-01
   3.1770000e-01
   3.1738530e-01
   3.1707094e-01
   3.1675692e-01
   3.1644323e-01
   3.1612989e-01
   3.1581689e-01
   3.1550422e-01
   3.1519190e-01
   3.1487991e-01
   3.1456825e-01
   3.1425694e-01
   3.1394596e-01
   3.1363531e-01
   3.1332501e-01
   3.1301503e-01
   3.1270539e-01
   3.1239609e-01
   3.1208711e-01
   3.1177847e-01
   3.1147017e-01
   3.1116219e-01
   3.1085455e-01
   3.1054724e-01
   3.1024026e-01
   3.0993361e-01
   3.0962729e-01
   3.0932130e-01
   3.0901564e-01
   3.0871031e-01
   3.0840531e-01
   3.0810064e-01
   3.0779629e-01
   3.0749227e-01
   3.0718858e-01
   3.0688521e-01
   3.0658217e-01
   3.0627946e-01
   3.0597707e-01
   3.0567500e-01
   3.0537326e-01
   3.0507185e-01
   3.0477075e-01
   3.0446998e-01
   3.0416954e-01
   3.0386941e-01
   3.0356961e-01
   3.0327013e-01
   3.0297097e-01
   3.0267213e-01
   3.0237361e-01
   3.0207541e-01
   3.0177753e-01
   3.0147997e-01
   3.0118273e-01
   3.0088581e-01
   3.0058920e-01
   3.0029292e-01
   2.9999695e-01
   2.9970129e-01
   2.9940596e-01
   2.9911093e-01
   2.9881623e-01
   2.9852184e-01
   2.9822776e-01
   2.9793400e-01
   2.9764055e-01
   2.9734742e-01
   2.9705460e-01
   2.9676209e-01
   2.9646990e-01
   2.9617801e-01
   2.9588644e-01
   2.9559518e-01
   2.9530423e-01
   2.9501359e-01
   2.9472327e-01
   2.9443325e-01
   2.9414354e-01
   2.9385414e-01
   2.9356505e-01
   2.9327626e-01
   2.9298779e-01
   2.9269962e-01
   2.9241176e-01
   2.9212421e-01
   2.9183696e-01
   2.9155002e-01
   2.9126338e-01
   2.9097705e-01
   2.9069103e-01
   2.9040530e-01
   2.9011989e-01
   2.8983477e-01
   2.8954996e-01
   2.8926546e-01
   2.8898125e-01
   2.8869735e-01
   2.8841375e-01
   2.8813045e-01
   2.8784746e-01
   2.8756476e-01
   2.8728236e-01
   2.8700027e-01
   2.8671847e-01
   2.8643697e-01
   2.8615578e-01
   2.8587488e-01
   2.8559428e-01
   2.8531397e-01
   2.8503397e-01
   2.8475426e-01
   2.8447485e-01
   2.8419574e-01
   2.8391692e-01
   2.8363839e-01
   2.8336017e-01
   2.8308223e-01
   2.8280460e-01
   2.8252725e-01
   2.8225021e-01
   2.8197345e-01
   2.8169699e-01
   2.8142082e-01
   2.8114494e-01
   2.8086936e-01
   2.8059407e-01
   2.8031906e-01
   2.8004435e-01
   2.7976994e-01
   2.7949581e-01
   2.7922197e-01
   2.7894842e-01
   2.7867516e-01
   2.7840219e-01
   2.7812951e-01
   2.7785712e-01
   2.7758501e-01
   2.7731320e-01
   2.7704167e-01
   2.7677043e-01
   2.7649947e-01
   2.7622880e-01
   2.7595842e-01
   2.7568832e-01
   2.7541851e-01
   2.7514898e-01
   2.7487974e-01
   2.7461078e-01
   2.7434211e-01
   2.7407372e-01
   2.7380561e-01
   2.7353779e-01
   2.7327025e-01
   2.7300299e-01
   2.7273601e-01
   2.7246932e-01
   2.7220290e-01
   2.7193677e-01
   2.7167092e-01
   2.7140535e-01
   2.7114005e-01
   2.7087504e-01
   2.7061031e-01
   2.7034586e-01
   2.7008168e-01
   2.6981778e-01
   2.6955417e-01
   2.6929083e-01
   2.6902776e-01
   2.6876498e-01
   2.6850247e-01
   2.6824023e-01
   2.6797828e-01
   2.6771659e-01
   2.6745519e-01
   2.6719406e-01
   2.6693320e-01
   2.6667262e-01
   2.6641231e-01
   2.6615228e-01
   2.6589252e-01
   2.6563303e-01
   2.6537382e-01
   2.6511488e-01
   2.6485621e-01
   2.6459781e-01
   2.6433969e-01
   2.6408183e-01
   2.6382425e-01
   2.6356694e-01
   2.6330990e-01
   2.6305313e-01
   2.6279662e-01
   2.6254039e-01
   2.6228443e-01
   2.6202873e-01
   2.6177331e-01
   2.6151815e-01
   2.6126326e-01
   2.6100864e-01
   2.6075428e-01
   2.6050019e-01
   2.6024637e-01
   2.5999281e-01
   2.5973952e-01
   2.5948650e-01
   2.5923374e-01
   2.5898125e-01
   2.5872902e-01
   2.5847706e-01
   2.5822536e-01
   2.5797392e-01
   2.5772275e-01
   2.5747184e-01
   2.5722119e-01
   2.5697081e-01
   2.5672069e-01
   2.5647083e-01
   2.5622123e-01
   2.5597189e-01
   2.5572282e-01
   2.5547401e-01
   2.5522545e-01
   2.5497716e-01
   2.5472913e-01
   2.5448135e-01
   2.5423384e-01
   2.5398658e-01
   2.5373959e-01
   2.5349285e-01
   2.5324637e-01
   2.5300015e-01
   2.5275418e-01
   2.5250848e-01
   2.5226303e-01
   2.5201783e-01
   2.5177290e-01
   2.5152822e-01
   2.5128379e-01
   2.5103962e-01
   2.5079571e-01
   2.5055205e-01
   2.5030864e-01
   2.5006549e-01
   2.4982260e-01
   2.4957996e-01
   2.4933757e-01
   2.4909543e-01
   2.4885355e-01
   2.4861192e-01
   2.4837054e-01
   2.4812942e-01
   2.4788854e-01
   2.4764792e-01
   2.4740755e-01
   2.4716743e-01
   2.4692756e-01
   2.4668794e-01
   2.4644857e-01
   2.4620945e-01
   2.4597058e-01
   2.4573196e-01
   2.4549359e-01
   2.4525547e-01
   2.4501759e-01
   2.4477997e-01
   2.4454259e-01
   2.4430546e-01
   2.4406857e-01
   2.4383194e-01
   2.4359555e-01
   2.4335940e-01
   2.4312350e-01
   2.4288785e-01
   2.4265245e-01
   2.4241729e-01
   2.4218237e-01
   2.4194770e-01
   2.4171327e-01
   2.4147909e-01
   2.4124515e-01
   2.4101146e-01
   2.4077801e-01
   2.4054480e-01
   2.4031183e-01
   2.4007911e-01
   2.3984663e-01
   2.3961439e-01
   2.3938240e-01
   2.3915064e-01
   2.3891913e-01
   2.3868785e-01
   2.3845682e-01
   2.3822603e-01
   2.3799548e-01
   2.3776517e-01
   2.3753509e-01
   2.3730526e-01
   2.3707567e-01
   2.3684631e-01
   2.3661719e-01
   2.3638832e-01
   2.3615968e-01
   2.3593127e-01
   2.3570311e-01
   2.3547518e-01
   2.3524749e-01
   2.3502003e-01
   2.3479282e-01
   2.3456583e-01
   2.3433909e-01
   2.3411258e-01
   2.3388630e-01
   2.3366026e-01
   2.3343446e-01
   2.3320889e-01
   2.3298355e-01
   2.3275845e-01
   2.3253358e-01
   2.3230895e-01
   2.3208454e-01
   2.3186038e-01
   2.3163644e-01
   2.3141274e-01
   2.3118926e-01
   2.3096603e-01
   2.3074302e-01
   2.3052024e-01
   2.3029770e-01
   2.3007538e-01
   2.2985330e-01
   2.2963145e-01
   2.2940982e-01
   2.2918843e-01
   2.2896727e-01
   2.2874634e-01
   2.2852563e-01
   2.2830516e-01
   2.2808491e-01
   2.2786489e-01
   2.2764510e-01
   2.2742554e-01
   2.2720620e-01
   2.2698709e-01
   2.2676821e-01
   2.2654956e-01
   2.2633113e-01
   2.2611293e-01
   2.2589496e-01
   2.2567721e-01
   2.2545969e-01
   2.2524239e-01
   2.2502532e-01
   2.2480847e-01
   2.2459185e-01
   2.2437545e-01
   2.2415928e-01
   2.2394333e-01
   2.2372760e-01
   2.2351210e-01
   2.2329682e-01
   2.2308205e-01
   2.5330272e-01
   2.8293285e-01
   3.1201204e-01
   3.4059098e-01
   3.6871657e-01
   3.9643267e-01
   4.2378058e-01
   4.5079941e-01
   4.7752660e-01
   5.0399825e-01
   5.3025008e-01
   5.5631815e-01
   5.8224011e-01
   6.0805713e-01
   6.3381616e-01
   6.5957327e-01
   6.8539832e-01
   7.1138146e-01
   7.3764228e-01
   7.6434309e-01
   7.9170861e-01
   8.2005621e-01
   8.4984392e-01
   8.8175150e-01
   9.1682311e-01
   9.5673570e-01
   1.0043352e+00
   1.0648025e+00
   1.1483752e+00
   1.2772318e+00
   1.5043008e+00
   1.9716561e+00
   2.8418875e+00
   3.7207748e+00
   4.5913903e+00
   5.4497217e+00
   6.2630568e+00
   7.0162505e+00
   7.7046412e+00
   8.3270873e+00
   8.8836037e+00
   9.3748655e+00
   9.8021541e+00
   1.0167349e+01
   1.0472864e+01
   1.0721548e+01
   1.0916608e+01
   1.1061501e+01
   1.1159827e+01
   1.1215257e+01
   1.1118261e+01
   1.0966177e+01
   1.0770411e+01
   1.0540595e+01
   1.0284828e+01
   1.0009892e+01
   9.7214351e+00
   9.4241379e+00
   9.1218597e+00
   8.8177661e+00
   8.5144345e+00
   8.2139495e+00
   7.9179748e+00
   7.6278310e+00
   7.3445428e+00
   7.0688917e+00
   6.8014540e+00
   6.5426407e+00
   6.2927230e+00
   6.0518560e+00
   5.8201013e+00
   5.5974419e+00
   5.3837996e+00
   5.1790454e+00
   4.9830102e+00
   4.7954930e+00
   4.6162708e+00
   4.4451017e+00
   4.2817309e+00
   4.1258939e+00
   3.9773231e+00
   3.8357438e+00
   3.7008873e+00
   3.5724836e+00
   3.4502645e+00
   3.3339685e+00
   3.2233389e+00
   3.1181252e+00
   3.0180861e+00
   2.9229849e+00
   2.8325932e+00
   2.7466926e+00
   2.6650679e+00
   2.5875168e+00
   2.5138437e+00
   2.4438588e+00
   2.3773830e+00
   2.3142420e+00
   2.2542717e+00
   2.1973140e+00
   2.1432169e+00
   2.0918403e+00
   2.0430432e+00
   1.9966961e+00
   1.9526739e+00
   1.9108574e+00
   1.8711348e+00
   1.8333980e+00
   1.7975454e+00
   1.7634791e+00
   1.7311071e+00
   1.7003420e+00
   1.6711009e+00
   1.6433060e+00
   1.6168782e+00
   1.5917477e+00
   1.5678483e+00
   1.5451150e+00
   1.5234873e+00
   1.5029095e+00
   1.4833228e+00
   1.4646776e+00
   1.4469236e+00
   1.4300165e+00
   1.4139117e+00
   1.3985666e+00
   1.3839424e+00
   1.3700019e+00
   1.3567092e+00
   1.3440292e+00
   1.3319316e+00
   1.3203863e+00
   1.3093642e+00
   1.2988397e+00
   1.2887863e+00
   1.2791793e+00
   1.2699959e+00
   1.2612150e+00
   1.2528161e+00
   1.2447802e+00
   1.2370885e+00
   1.2297239e+00
   1.2226696e+00
   1.2159095e+00
   1.2094296e+00
   1.2032172e+00
   1.1972586e+00
   1.1915410e+00
   1.1860517e+00
   1.1807813e+00
   1.1757187e+00
   1.1708523e+00
   1.1661753e+00
   1.1616780e+00
   1.1573523e+00
   1.1531901e+00
   1.1491826e+00
   1.1453244e+00
   1.1416080e+00
   1.1380265e+00
   1.1345753e+00
   1.1312487e+00
   1.1280417e+00
   1.1249461e+00
   1.1219610e+00
   1.1190793e+00
   1.1162990e+00
   1.1136147e+00
   1.1110236e+00
   1.1085213e+00
   1.1061052e+00
   1.1037717e+00
   1.1015177e+00
   1.0993406e+00
   1.0972375e+00
   1.0952063e+00
   1.0932442e+00
   1.0913503e+00
   1.0895215e+00
   1.0877566e+00
   1.0860527e+00
   1.0844091e+00
   1.0828241e+00
   1.0812951e+00
   1.0798222e+00
   1.0784036e+00
   1.0770383e+00
   1.0757237e+00
   1.0744612e+00
   1.0732494e+00
   1.0720858e+00
   1.0709707e+00
   1.0699045e+00
   1.0688848e+00
   1.0679121e+00
   1.0669861e+00
   1.0661049e+00
   1.0652701e+00
   1.0644775e+00
   1.0637306e+00
   1.0630279e+00
   1.0623693e+00
   1.0617545e+00
   1.0611832e+00
   1.0606552e+00
   1.0601712e+00
   1.0597314e+00
   1.0593364e+00
   1.0589848e+00
   1.0586778e+00
   1.0584163e+00
   1.0581992e+00
   1.0580259e+00
   1.0578994e+00
   1.0578195e+00
   1.0577865e+00
   1.0577996e+00
   1.0578589e+00
   1.0579668e+00
   1.0581236e+00
   1.0583299e+00
   1.0585860e+00
   1.0588929e+00
   1.0592538e+00
   1.0596652e+00
   1.0601286e+00
   1.0606467e+00
   1.0612214e+00
   1.0618499e+00
   1.0625361e+00
   1.0632796e+00
   1.0640831e+00
   1.0649469e+00
   1.0658708e+00
   1.0668594e+00
   1.0679122e+00
   1.0690309e+00
   1.0702148e+00
   1.0714672e+00
   1.0727882e+00
   1.0741784e+00
   1.0756410e+00
   1.0771770e+00
   1.0787853e+00
   1.0804694e+00
   1.0822301e+00
   1.0840699e+00
   1.0859875e+00
   1.0879852e+00
   1.0900641e+00
   1.0922246e+00
   1.0944672e+00
   1.0967939e+00
   1.0992033e+00
   1.1016975e+00
   1.1042753e+00
   1.1069385e+00
   1.1096863e+00
   1.1125179e+00
   1.1154325e+00
   1.1184323e+00
   1.1215123e+00
   1.1246738e+00
   1.1279153e+00
   1.1312363e+00
   1.1346336e+00
   1.1381072e+00
   1.1416546e+00
   1.1452748e+00
   1.1489636e+00
   1.1527212e+00
   1.1565452e+00
   1.1604304e+00
   1.1643764e+00
   1.1683808e+00
   1.1724395e+00
   1.1765512e+00
   1.1807144e+00
   1.1849243e+00
   1.1891791e+00
   1.1934755e+00
   1.1978112e+00
   1.2021845e+00
   1.2065904e+00
   1.2110275e+00
   1.2154917e+00
   1.2199813e+00
   1.2244965e+00
   1.2290336e+00
   1.2335895e+00
   1.2381627e+00
   1.2427505e+00
   1.2473517e+00
   1.2519637e+00
   1.2565842e+00
   1.2612118e+00
   1.2658459e+00
   1.2704838e+00
   1.2751237e+00
   1.2797647e+00
   1.2844057e+00
   1.2890445e+00
   1.2936790e+00
   1.2983105e+00
   1.3029375e+00
   1.3075598e+00
   1.3121747e+00
   1.3167802e+00
   1.3213780e+00
   1.3259625e+00
   1.3305363e+00
   1.3351000e+00
   1.3396521e+00
   1.3441923e+00
   1.3487183e+00
   1.3532310e+00
   1.3577298e+00
   1.3622136e+00
   1.3666817e+00
   1.3711356e+00
   1.3755740e+00
   1.3799957e+00
   1.3844017e+00
   1.3887908e+00
   1.3931630e+00
   1.3975165e+00
   1.4018552e+00
   1.4061767e+00
   1.4104820e+00
   1.4147707e+00
   1.4190389e+00
   1.4232902e+00
   1.4275234e+00
   1.4317392e+00
   1.4359371e+00
   1.4401165e+00
   1.4442782e+00
   1.4484241e+00
   1.4525509e+00
   1.4566577e+00
   1.4607479e+00
   1.4648192e+00
   1.4688742e+00
   1.4729112e+00
   1.4769302e+00
   1.4809333e+00
   1.4849173e+00
   1.4888837e+00
   1.4928363e+00
   1.4967708e+00
   1.5006852e+00
   1.5045835e+00
   1.5084662e+00
   1.5123287e+00
   1.5161742e+00
   1.5200030e+00
   1.5238136e+00
   1.5276117e+00
   1.5313912e+00
   1.5351541e+00
   1.5389034e+00
   1.5426343e+00
   1.5463500e+00
   1.5500484e+00
   1.5537354e+00
   1.5574032e+00
   1.5610558e+00
   1.5646919e+00
   1.5683150e+00
   1.5719216e+00
   1.5755143e+00
   1.5790919e+00
   1.5826529e+00
   1.5861983e+00
   1.5897347e+00
   1.5932537e+00
   1.5967580e+00
   1.6002496e+00
   1.6037256e+00
   1.6071920e+00
   1.6106413e+00
   1.6140769e+00
   1.6174988e+00
   1.6209062e+00
   1.6243014e+00
   1.6276885e+00
   1.6310599e+00
   1.6344178e+00
   1.6377650e+00
   1.6411029e+00
   1.6444251e+00
   1.6477340e+00
   1.6510327e+00
   1.6543213e+00
   1.6575985e+00
   1.6608607e+00
   1.6641121e+00
   1.6673519e+00
   1.6705813e+00
   1.6737984e+00
   1.6770083e+00
   1.6802072e+00
   1.6833943e+00
   1.6865716e+00
   1.6897380e+00
   1.6928941e+00
   1.6960420e+00
   1.6991787e+00
   1.7023058e+00
   1.7054252e+00
   1.7085348e+00
   1.7116354e+00
   1.7147269e+00
   1.7178101e+00
   1.7208837e+00
   1.7239487e+00
   1.7270063e+00
   1.7300565e+00
   1.7330978e+00
   1.7361308e+00
   1.7391561e+00
   1.7421739e+00
   1.7451836e+00
   1.7481867e+00
   1.7511821e+00
   1.7541699e+00
   1.7571514e+00
   1.7601259e+00
   1.7630934e+00
   1.7660540e+00
   1.7690100e+00
   1.7719600e+00
   1.7749024e+00
   1.7778395e+00
   1.7807705e+00
   1.7836960e+00
   1.7866156e+00
   1.7895287e+00
   1.7924361e+00
   1.7953393e+00
   1.7982368e+00
   1.8011280e+00
   1.8040150e+00
   1.8068963e+00
   1.8097723e+00
   1.8126445e+00
   1.8155125e+00
   1.8183770e+00
   1.8212374e+00
   1.8240940e+00
   1.8269465e+00
   1.8297951e+00
   1.8326396e+00
   1.8354803e+00
   1.8383168e+00
   1.8411497e+00
   1.8439782e+00
   1.8468035e+00
   1.8496281e+00
   1.8524496e+00
   1.8552671e+00
   1.8580807e+00
   1.8608905e+00
   1.8637005e+00
   1.8665094e+00
   1.8693142e+00
   1.8721153e+00
   1.8749129e+00
   1.8777109e+00
   1.8805083e+00
   1.8833017e+00
   1.8860918e+00
   1.8888787e+00
   1.8916658e+00
   1.8944533e+00
   1.8972371e+00
   1.9000181e+00
   1.9027997e+00
   1.9055820e+00
   1.9083608e+00
   1.9111370e+00
   1.9139143e+00
   1.9166925e+00
   1.9194676e+00
   1.9222403e+00
   1.9250145e+00
   1.9277902e+00
   1.9305629e+00
   1.9333335e+00
   1.9361062e+00
   1.9388774e+00
   1.9416475e+00
   1.9444187e+00
   1.9471874e+00
   1.9499563e+00
   1.9527263e+00
   1.9554975e+00
   1.9582678e+00
   1.9610368e+00
   1.9638076e+00
   1.9665798e+00
   1.9693516e+00
   1.9721254e+00
   1.9749014e+00
   1.9776765e+00
   1.9804509e+00
   1.9832247e+00
   1.9860010e+00
   1.9887799e+00
   1.9915596e+00
   1.9943399e+00
   1.9971209e+00
   1.9999051e+00
   2.0026876e+00
   2.0054725e+00
   2.0082609e+00
   2.0110475e+00
   2.0138368e+00
   2.0166276e+00
   2.0194195e+00
   2.0222131e+00
   2.0250085e+00
   2.0278059e+00
   2.0306053e+00
   2.0334069e+00
   2.0362109e+00
   2.0390173e+00
   2.0418264e+00
   2.0446365e+00
   2.0474494e+00
   2.0502662e+00
   2.0530851e+00
   2.0559058e+00
   2.0587285e+00
   2.0615534e+00
   2.0643806e+00
   2.0672102e+00
   2.0700423e+00
   2.0728771e+00
   2.0757147e+00
   2.0785553e+00
   2.0813989e+00
   2.0842458e+00
   2.0870960e+00
   2.0899451e+00
   2.0927979e+00
   2.0956557e+00
   2.0985178e+00
   2.1013792e+00
   2.1042452e+00
   2.1071123e+00
   2.1099833e+00
   2.1128587e+00
   2.1157378e+00
   2.1186211e+00
   2.1215069e+00
   2.1243977e+00
   2.1272888e+00
   2.1301838e+00
   2.1330838e+00
   2.1359868e+00
   2.1388946e+00
   2.1418058e+00
   2.1447204e+00
   2.1476390e+00
   2.1505614e+00
   2.1534877e+00
   2.1564170e+00
   2.1593509e+00
   2.1622938e+00
   2.1652322e+00
   2.1681762e+00
   2.1711240e+00
   2.1740761e+00
   2.1770331e+00
   2.1799947e+00
   2.1829605e+00
   2.1859315e+00
   2.1889059e+00
   2.1918841e+00
   2.1948655e+00
   2.1978529e+00
   2.2008433e+00
   2.2038395e+00
   2.2068398e+00
   2.2098449e+00
   2.2128559e+00
   2.2158714e+00
   2.2188909e+00
   2.2219151e+00
   2.2249445e+00
   2.2279766e+00
   2.2310144e+00
   2.2340558e+00
   2.2371022e+00
   2.2401524e+00
   2.2432080e+00
   2.2462707e+00
   2.2493370e+00
   2.2524077e+00
   2.2554840e+00
   2.2585663e+00
   2.2616514e+00
   2.2647417e+00
   2.2678378e+00
   2.2709397e+00
   2.2740462e+00
   2.2771562e+00
   2.2802719e+00
   2.2833932e+00
   2.2865229e+00
   2.2896557e+00
   2.2927931e+00
   2.2959363e+00
   2.2990865e+00
   2.3022394e+00
   2.3053990e+00
   2.3085665e+00
   2.3117379e+00
   2.3149136e+00
   2.3180954e+00
   2.3212856e+00
   2.3244813e+00
   2.3276784e+00
   2.3308834e+00
   2.3340925e+00
   2.3373101e+00
   2.3405311e+00
   2.3437568e+00
   2.3469872e+00
   2.3502305e+00
   2.3534751e+00
   2.3567266e+00
   2.3599814e+00
   2.3632478e+00
   2.3665152e+00
   2.3697876e+00
   2.3730676e+00
   2.3763524e+00
   2.3796439e+00
   2.3829393e+00
   2.3862425e+00
   2.3895500e+00
   2.3928660e+00
   2.3961860e+00
   2.3995173e+00
   2.4028516e+00
   2.4061919e+00
   2.4095373e+00
   2.4128899e+00
   2.4162472e+00
   2.4196126e+00
   2.4229823e+00
   2.4263595e+00
   2.4297447e+00
   2.4331410e+00
   2.4365388e+00
   2.4399434e+00
   2.4433534e+00
   2.4467729e+00
   2.4501962e+00
   2.4536297e+00
   2.4570667e+00
   2.4605119e+00
   2.4639612e+00
   2.4674197e+00
   2.4708821e+00
   2.4743501e+00
   2.4778289e+00
   2.4813134e+00
   2.4848013e+00
   2.4882989e+00
   2.4918021e+00
   2.4953119e+00
   2.4988272e+00
   2.5023535e+00
   2.5058850e+00
   2.5094236e+00
   2.5129672e+00
   2.5165194e+00
   2.5200801e+00
   2.5236464e+00
   2.5272195e+00
   2.5307988e+00
   2.5343863e+00
   2.5379777e+00
   2.5415844e+00
   2.5451960e+00
   2.5488103e+00
   2.5524350e+00
   2.5560676e+00
   2.5597051e+00
   2.5633514e+00
   2.5670042e+00
   2.5706642e+00
   2.5743327e+00
   2.5780050e+00
   2.5816845e+00
   2.5853734e+00
   2.5890689e+00
   2.5927754e+00
   2.5964887e+00
   2.6002087e+00
   2.6039399e+00
   2.6076727e+00
   2.6114148e+00
   2.6151646e+00
   2.6189219e+00
   2.6226875e+00
   2.6264596e+00
   2.6302396e+00
   2.6340299e+00
   2.6378262e+00
   2.6416322e+00
   2.6454461e+00
   2.6492677e+00
   2.6530972e+00
   2.6569331e+00
   2.6607767e+00
   2.6646265e+00
   2.6684841e+00
   2.6723516e+00
   2.6762288e+00
   2.6801128e+00
   2.6840037e+00
   2.6879032e+00
   2.6918107e+00
   2.6957276e+00
   2.6996503e+00
   2.7035809e+00
   2.7075197e+00
   2.7114688e+00
   2.7154292e+00
   2.7193947e+00
   2.7233666e+00
   2.7273468e+00
   2.7313350e+00
   2.7353315e+00
   2.7393364e+00
   2.7433496e+00
   2.7473728e+00
   2.7514050e+00
   2.7554484e+00
   2.7594958e+00
   2.7635524e+00
   2.7676168e+00
   2.7716900e+00
   2.7757713e+00
   2.7798612e+00
   2.7839605e+00
   2.7880692e+00
   2.7921850e+00
   2.7963101e+00
   2.8004434e+00
   2.8045841e+00
   2.8087340e+00
   2.8128905e+00
   2.8170595e+00
   2.8212378e+00
   2.8254235e+00
   2.8296177e+00
   2.8338214e+00
   2.8380338e+00
   2.8422558e+00
   2.8464868e+00
   2.8507263e+00
   2.8549748e+00
   2.8592324e+00
   2.8634983e+00
   2.8677732e+00
   2.8720573e+00
   2.8763506e+00
   2.8806533e+00
   2.8849656e+00
   2.8892866e+00
   2.8936163e+00
   2.8979553e+00
   2.9023038e+00
   2.9066623e+00
   2.9110295e+00
   2.9154051e+00
   2.9197884e+00
   2.9241825e+00
   2.9285879e+00
   2.9330020e+00
   2.9374232e+00
   2.9418539e+00
   2.9462940e+00
   2.9507441e+00
   2.9552045e+00
   2.9596757e+00
   2.9641549e+00
   2.9686444e+00
   2.9731439e+00
   2.9776532e+00
   2.9821716e+00
   2.9867004e+00
   2.9912384e+00
   2.9957866e+00
   3.0003439e+00
   3.0049112e+00
   3.0094880e+00
   3.0140749e+00
   3.0186719e+00
   3.0232779e+00
   3.0278922e+00
   3.0325185e+00
   3.0371549e+00
   3.0418019e+00
   3.0464593e+00
   3.0511248e+00
   3.0557984e+00
   3.0604836e+00
   3.0651796e+00
   3.0698840e+00
   3.0745994e+00
   3.0793259e+00
   3.0840618e+00
   3.0888075e+00
   3.0935632e+00
   3.0983294e+00
   3.1031063e+00
   3.1078945e+00
   3.1126944e+00
   3.1175016e+00
   3.1223195e+00
   3.1271498e+00
   3.1319886e+00
   3.1368392e+00
   3.1416987e+00
   3.1465708e+00
   3.1514524e+00
   3.1563426e+00
   3.1612459e+00
   3.1661572e+00
   3.1710800e+00
   3.1760149e+00
   3.1809608e+00
   3.1859162e+00
   3.1908806e+00
   3.1958582e+00
   3.2008410e+00
   3.2058375e+00
   3.2108461e+00
   3.2158641e+00
   3.2208928e+00
   3.2259313e+00
   3.2309803e+00
   3.2360411e+00
   3.2411136e+00
   3.2461978e+00
   3.2512923e+00
   3.2563981e+00
   3.2615144e+00
   3.2666415e+00
   3.2717843e+00
   3.2769361e+00
   3.2820959e+00
   3.2872733e+00
   3.2924602e+00
   3.2976547e+00
   3.3028627e+00
   3.3080787e+00
   3.3133084e+00
   3.3185459e+00
   3.3237985e+00
   3.3290593e+00
   3.3343346e+00
   3.3396195e+00
   3.3449171e+00
   3.3502261e+00
   3.3555438e+00
   3.3608746e+00
   3.3662146e+00
   3.3715701e+00
   3.3769347e+00
   3.3823084e+00
   3.3876957e+00
   3.3930942e+00
   3.3985037e+00
   3.4039296e+00
   3.4093642e+00
   3.4148122e+00
   3.4202708e+00
   3.4257407e+00
   3.4312219e+00
   3.4367169e+00
   3.4422224e+00
   3.4477419e+00
   3.4532701e+00
   3.4588143e+00
   3.4643663e+00
   3.4699329e+00
   3.4755090e+00
   3.4810985e+00
   3.4867004e+00
   3.4923130e+00
   3.4979358e+00
   3.5035747e+00
   3.5092238e+00
   3.5148882e+00
   3.5205616e+00
   3.5262479e+00
   3.5319479e+00
   3.5376611e+00
   3.5433832e+00
   3.5491181e+00
   3.5548687e+00
   3.5606281e+00
   3.5663999e+00
   3.5721865e+00
   3.5779853e+00
   3.5837965e+00
   3.5896204e+00
   3.5954554e+00
   3.6013024e+00
   3.6071624e+00
   3.6130360e+00
   3.6189214e+00
   3.6248163e+00
   3.6307288e+00
   3.6366524e+00
   3.6425889e+00
   3.6485381e+00
   3.6544999e+00
   3.6604745e+00
   3.6664605e+00
   3.6724598e+00
   3.6784721e+00
   3.6844969e+00
   3.6905344e+00
   3.6965869e+00
   3.7026511e+00
   3.7087285e+00
   3.7148227e+00
   3.7209283e+00
   3.7270463e+00
   3.7331783e+00
   3.7393222e+00
   3.7454790e+00
   3.7516512e+00
   3.7578363e+00
   3.7640336e+00
   3.7702468e+00
   3.7764708e+00
   3.7827074e+00
   3.7889574e+00
   3.7952215e+00
   3.8014978e+00
   3.8077867e+00
   3.8140911e+00
   3.8204089e+00
   3.8267418e+00
   3.8330883e+00
   3.8394515e+00
   3.8458239e+00
   3.8522082e+00
   3.8586065e+00
   3.8650182e+00
   3.8714470e+00
   3.8778898e+00
   3.8843432e+00
   3.8908095e+00
   3.8972921e+00
   3.9037885e+00
   3.9102968e+00
   3.9168211e+00
   3.9233587e+00
   3.9299126e+00
   3.9364790e+00
   3.9430600e+00
   3.9496542e+00
   3.9562616e+00
   3.9628876e+00
   3.9695253e+00
   3.9761761e+00
   3.9828421e+00
   3.9895221e+00
   3.9962183e+00
   4.0029267e+00
   4.0096527e+00
   4.0163889e+00
   4.0231408e+00
   4.0299064e+00
   4.0366833e+00
   4.0434782e+00
   4.0502916e+00
   4.0571157e+00
   4.0639531e+00
   4.0708074e+00
   4.0776744e+00
   4.0845584e+00
   4.0914551e+00
   4.0983666e+00
   4.1052927e+00
   4.1122340e+00
   4.1191917e+00
   4.1261634e+00
   4.1331472e+00
   4.1401473e+00
   4.1471653e+00
   4.1541972e+00
   4.1612434e+00
   4.1683038e+00
   4.1753801e+00
   4.1824705e+00
   4.1895788e+00
   4.1966999e+00
   4.2038364e+00
   4.2109925e+00
   4.2181596e+00
   4.2253425e+00
   4.2325392e+00
   4.2397525e+00
   4.2469794e+00
   4.2542234e+00
   4.2614810e+00
   4.2687556e+00
   4.2760473e+00
   4.2833530e+00
   4.2906766e+00
   4.2980137e+00
   4.3053674e+00
   4.3127365e+00
   4.3201216e+00
   4.3275232e+00
   4.3349407e+00
   4.3423708e+00
   4.3498192e+00
   4.3572831e+00
   4.3647636e+00
   4.3722630e+00
   4.3797736e+00
   4.3873022e+00
   4.3948469e+00
   4.4024070e+00
   4.4099831e+00
   4.4175761e+00
   4.4251845e+00
   4.4328084e+00
   4.4404483e+00
   4.4481017e+00
   4.4557745e+00
   4.4634605e+00
   4.4711662e+00
   4.4788849e+00
   4.4866235e+00
   4.4943780e+00
   4.5021492e+00
   4.5099337e+00
   4.5177349e+00
   4.5255564e+00
   4.5333950e+00
   4.5412502e+00
   4.5491223e+00
   4.5570106e+00
   4.5649154e+00
   4.5728339e+00
   4.5807735e+00
   4.5887277e+00
   4.5967017e+00
   4.6046889e+00
   4.6126922e+00
   4.6207131e+00
   4.6287552e+00
   4.6368116e+00
   4.6448850e+00
   4.6529769e+00
   4.6610884e+00
   4.6692144e+00
   4.6773573e+00
   4.6855183e+00
   4.6936962e+00
   4.7018928e+00
   4.7101050e+00
   4.7183339e+00
   4.7265841e+00
   4.7348489e+00
   4.7431311e+00
   4.7514305e+00
   4.7597479e+00
   4.7680827e+00
   4.7764359e+00
   4.7848085e+00
   4.7931995e+00
   4.8016069e+00
   4.8100306e+00
   4.8184731e+00
   4.8269314e+00
   4.8354091e+00
   4.8439057e+00
   4.8524182e+00
   4.8609513e+00
   4.8695009e+00
   4.8780690e+00
   4.8866531e+00
   4.8952620e+00
   4.9038851e+00
   4.9125302e+00
   4.9211931e+00
   4.9298701e+00
   4.9385711e+00
   4.9472873e+00
   4.9560220e+00
   4.9647725e+00
   4.9735449e+00
   4.9823349e+00
   4.9911427e+00
   4.9999694e+00
   5.0088153e+00
   5.0176778e+00
   5.0265583e+00
   5.0354581e+00
   5.0443762e+00
   5.0533133e+00
   5.0622692e+00
   5.0712475e+00
   5.0802451e+00
   5.0892618e+00
   5.0983003e+00
   5.1073541e+00
   5.1164246e+00
   5.1255179e+00
   5.1346308e+00
   5.1437628e+00
   5.1529139e+00
   5.1620805e+00
   5.1712704e+00
   5.1804802e+00
   5.1897098e+00
   5.1989560e+00
   5.2082218e+00
   5.2175072e+00
   5.2268158e+00
   5.2361438e+00
   5.2454922e+00
   5.2548606e+00
   5.2642483e+00
   5.2736553e+00
   5.2830824e+00
   5.2925309e+00
   5.3019998e+00
   5.3114876e+00
   5.3209954e+00
   5.3305197e+00
   5.3400646e+00
   5.3496316e+00
   5.3592216e+00
   5.3688299e+00
   5.3784586e+00
   5.3881051e+00
   5.3977748e+00
   5.4074649e+00
   5.4171799e+00
   5.4269122e+00
   5.4366680e+00
   5.4464430e+00
   5.4562365e+00
   5.4660525e+00
   5.4758897e+00
   5.4857461e+00
   5.4956228e+00
   5.5055219e+00
   5.5154426e+00
   5.5253837e+00
   5.5353464e+00
   5.5453284e+00
   5.5553310e+00
   5.5653552e+00
   5.5754017e+00
   5.5854717e+00
   5.5955607e+00
   5.6056705e+00
   5.6158058e+00
   5.6259589e+00
   5.6361335e+00
   5.6463283e+00
   5.6565469e+00
   5.6667881e+00
   5.6770527e+00
   5.6873381e+00
   5.6976463e+00
   5.7079778e+00
   5.7183275e+00
   5.7287007e+00
   5.7390981e+00
   5.7495147e+00
   5.7599540e+00
   5.7704165e+00
   5.7808997e+00
   5.7914064e+00
   5.8019376e+00
   5.8124898e+00
   5.8230646e+00
   5.8336675e+00
   5.8442896e+00
   5.8549329e+00
   5.8655992e+00
   5.8762881e+00
   5.8869998e+00
   5.8977336e+00
   5.9084880e+00
   5.9192645e+00
   5.9300685e+00
   5.9408957e+00
   5.9517463e+00
   5.9626195e+00
   5.9735118e+00
   5.9844280e+00
   5.9953676e+00
   6.0063305e+00
   6.0173186e+00
   6.0283299e+00
   6.0393681e+00
   6.0504306e+00
   6.0615132e+00
   6.0726226e+00
   6.0837527e+00
   6.0949098e+00
   6.1060900e+00
   6.1172955e+00
   6.1285246e+00
   6.1397789e+00
   6.1510530e+00
   6.1623512e+00
   6.1736736e+00
   6.1850256e+00
   6.1963973e+00
   6.2077952e+00
   6.2192183e+00
   6.2306726e+00
   6.2421475e+00
   6.2536474e+00
   6.2651669e+00
   6.2767121e+00
   6.2882826e+00
   6.2998794e+00
   6.3115029e+00
   6.3231523e+00
   6.3348266e+00
   6.3465277e+00
   6.3582502e+00
   6.3700007e+00
   6.3817756e+00
   6.3935750e+00
   6.4053989e+00
   6.4172513e+00
   6.4291283e+00
   6.4410276e+00
   6.4529541e+00
   6.4649066e+00
   6.4768851e+00
   6.4888881e+00
   6.5009184e+00
   6.5129754e+00
   6.5250596e+00
   6.5371723e+00
   6.5493054e+00
   6.5614629e+00
   6.5736502e+00
   6.5858628e+00
   6.5981017e+00
   6.6103700e+00
   6.6226647e+00
   6.6349856e+00
   6.6473335e+00
   6.6597089e+00
   6.6721102e+00
   6.6845356e+00
   6.6969904e+00
   6.7094733e+00
   6.7219805e+00
   6.7345192e+00
   6.7470850e+00
   6.7596783e+00
   6.7722989e+00
   6.7849467e+00
   6.7976230e+00
   6.8103286e+00
   6.8230572e+00
   6.8358205e+00
   6.8486059e+00
   6.8614219e+00
   6.8742616e+00
   6.8871364e+00
   6.9000373e+00
   6.9129646e+00
   6.9259211e+00
   6.9389055e+00
   6.9519211e+00
   6.9649639e+00
   6.9780357e+00
   6.9911395e+00
   7.0042667e+00
   7.0174230e+00
   7.0306065e+00
   7.0438200e+00
   7.0570581e+00
   7.0703319e+00
   7.0836331e+00
   7.0969686e+00
   7.1103302e+00
   7.1237187e+00
   7.1371405e+00
   7.1505894e+00
   7.1640705e+00
   7.1775800e+00
   7.1911213e+00
   7.2046896e+00
   7.2182875e+00
   7.2319163e+00
   7.2455792e+00
   7.2592729e+00
   7.2729969e+00
   7.2867493e+00
   7.3005319e+00
   7.3143487e+00
   7.3281935e+00
   7.3420691e+00
   7.3559749e+00
   7.3699111e+00
   7.3838738e+00
   7.3978695e+00
   7.4119015e+00
   7.4259631e+00
   7.4400511e+00
   7.4541731e+00
   7.4683269e+00
   7.4825145e+00
   7.4967321e+00
   7.5109808e+00
   7.5252609e+00
   7.5395731e+00
   7.5539183e+00
   7.5682956e+00
   7.5827049e+00
   7.5971468e+00
   7.6116213e+00
   7.6261257e+00
   7.6406626e+00
   7.6552367e+00
   7.6698408e+00
   7.6844784e+00
   7.6991513e+00
   7.7138556e+00
   7.7285917e+00
   7.7433626e+00
   7.7581650e+00
   7.7730048e+00
   7.7878760e+00
   7.8027808e+00
   7.8177231e+00
   7.8326947e+00
   7.8477025e+00
   7.8627432e+00
   7.8778182e+00
   7.8929267e+00
   7.9080694e+00
   7.9232485e+00
   7.9384610e+00
   7.9537081e+00
   7.9689896e+00
   7.9843077e+00
   7.9996594e+00
   8.0150440e+00
   8.0304648e+00
   8.0459213e+00
   8.0614139e+00
   8.0769456e+00
   8.0925085e+00
   8.1081099e+00
   8.1237451e+00
   8.1394142e+00
   8.1551180e+00
   8.1708582e+00
   8.1866370e+00
   8.2024516e+00
   8.2183031e+00
   8.2341922e+00
   8.2501144e+00
   8.2660754e+00
   8.2820698e+00
   8.2981013e+00
   8.3141701e+00
   8.3302765e+00
   8.3464205e+00
   8.3626015e+00
   8.3788244e+00
   8.3950813e+00
   8.4113762e+00
   8.4277137e+00
   8.4440860e+00
   8.4604964e+00
   8.4769423e+00
   8.4934260e+00
   8.5099513e+00
   8.5265125e+00
   8.5431099e+00
   8.5597485e+00
   8.5764301e+00
   8.5931514e+00
   8.6099082e+00
   8.6267022e+00
   8.6435347e+00
   8.6604076e+00
   8.6773234e+00
   8.6942768e+00
   8.7112678e+00
   8.7283027e+00
   8.7453763e+00
   8.7624876e+00
   8.7796378e+00
   8.7968284e+00
   8.8140620e+00
   8.8313347e+00
   8.8486459e+00
   8.8660014e+00
   8.8833942e+00
   8.9008308e+00
   8.9183087e+00
   8.9358268e+00
   8.9533829e+00
   8.9709843e+00
   8.9886323e+00
   9.0063176e+00
   9.0240420e+00
   9.0418098e+00
   9.0596208e+00
   9.0774727e+00
   9.0953664e+00
   9.1133016e+00
   9.1312780e+00
   9.1493002e+00
   9.1673648e+00
   9.1854711e+00
   9.2036241e+00
   9.2218191e+00
   9.2400575e+00
   9.2583392e+00
   9.2766669e+00
   9.2950372e+00
   9.3134504e+00
   9.3319100e+00
   9.3504105e+00
   9.3689567e+00
   9.3875472e+00
   9.4061832e+00
   9.4248633e+00
   9.4435901e+00
   9.4623585e+00
   9.4811687e+00
   9.5000291e+00
   9.5189337e+00
   9.5378850e+00
   9.5568827e+00
   9.5759250e+00
   9.5950135e+00
   9.6141468e+00
   9.6333257e+00
   9.6525510e+00
   9.6718250e+00
   9.6911464e+00
   9.7105099e+00
   9.7299237e+00
   9.7493816e+00
   9.7688900e+00
   9.7884462e+00
   9.8080488e+00
   9.8276999e+00
   9.8473988e+00
   9.8671464e+00
   9.8869384e+00
   9.9067847e+00
   9.9266738e+00
   9.9466149e+00
   9.9666015e+00
   9.9866352e+00
   1.0006725e+01
   1.0026858e+01
   1.0047044e+01
   1.0067278e+01
   1.0087560e+01
   1.0107894e+01
   1.0128276e+01
   1.0148707e+01
   1.0169189e+01
   1.0189724e+01
   1.0210307e+01
   1.0230942e+01
   1.0251626e+01
   1.0272359e+01
   1.0293145e+01
   1.0313987e+01
   1.0334873e+01
   1.0355815e+01
   1.0376807e+01
   1.0397846e+01
   1.0418942e+01
   1.0440090e+01
   1.0461293e+01
   1.0482548e+01
   1.0503858e+01
   1.0525217e+01
   1.0546629e+01
   1.0568090e+01
   1.0589607e+01
   1.0611178e+01
   1.0632803e+01
   1.0654482e+01
   1.0676214e+01
   1.0698000e+01
   1.0719841e+01
   1.0741735e+01
   1.0763684e+01
   1.0785687e+01
   1.0807748e+01
   1.0829861e+01
   1.0852031e+01
   1.0874255e+01
   1.0896534e+01
   1.0918872e+01
   1.0941262e+01
   1.0963709e+01
   1.0986215e+01
   1.1008774e+01
   1.1031388e+01
   1.1054060e+01
   1.1076788e+01
   1.1099573e+01
   1.1122418e+01
   1.1145322e+01
   1.1168281e+01
   1.1191298e+01
   1.1214372e+01
   1.1237501e+01
   1.1260692e+01
   1.1283943e+01
   1.1307252e+01
   1.1330616e+01
   1.1354043e+01
   1.1377526e+01
   1.1401068e+01
   1.1424668e+01
   1.1448329e+01
   1.1472049e+01
   1.1495829e+01
   1.1519669e+01
   1.1543569e+01
   1.1567529e+01
   1.1591547e+01
   1.1615628e+01
   1.1639768e+01
   1.1663971e+01
   1.1688236e+01
   1.1712562e+01
   1.1736946e+01
   1.1761398e+01
   1.1785912e+01
   1.1810483e+01
   1.1835116e+01
   1.1859811e+01
   1.1884570e+01
   1.1909395e+01
   1.1934282e+01
   1.1959229e+01
   1.1984240e+01
   1.2009316e+01
   1.2034453e+01
   1.2059653e+01
   1.2084917e+01
   1.2110248e+01
   1.2135641e+01
   1.2161096e+01
   1.2186615e+01
   1.2212201e+01
   1.2237851e+01
   1.2263567e+01
   1.2289349e+01
   1.2315194e+01
   1.2341106e+01
   1.2367083e+01
   1.2393125e+01
   1.2419233e+01
   1.2445408e+01
   1.2471648e+01
   1.2497953e+01
   1.2524325e+01
   1.2550765e+01
   1.2577271e+01
   1.2603847e+01
   1.2630487e+01
   1.2657196e+01
   1.2683971e+01
   1.2710813e+01
   1.2737725e+01
   1.2764705e+01
   1.2791753e+01
   1.2818870e+01
   1.2846052e+01
   1.2873303e+01
   1.2900623e+01
   1.2928012e+01
   1.2955470e+01
   1.2982999e+01
   1.3010595e+01
   1.3038258e+01
   1.3065990e+01
   1.3093799e+01
   1.3121673e+01
   1.3149617e+01
   1.3177632e+01
   1.3205720e+01
   1.3233874e+01
   1.3262098e+01
   1.3290397e+01
   1.3318767e+01
   1.3347206e+01
   1.3375714e+01
   1.3404297e+01
   1.3432947e+01
   1.3461668e+01
   1.3490461e+01
   1.3519327e+01
   1.3548266e+01
   1.3577279e+01
   1.3606360e+01
   1.3635513e+01
   1.3664739e+01
   1.3694039e+01
   1.3723410e+01
   1.3752853e+01
   1.3782369e+01
   1.3811957e+01
   1.3841619e+01
   1.3871354e+01
   1.3901162e+01
   1.3931043e+01
   1.3960998e+01
   1.3991028e+01
   1.4021128e+01
   1.4051303e+01
   1.4081551e+01
   1.4111875e+01
   1.4142271e+01
   1.4172740e+01
   1.4203285e+01
   1.4233903e+01
   1.4264595e+01
   1.4295364e+01
   1.4326206e+01
   1.4357122e+01
   1.4388112e+01
   1.4419176e+01
   1.4450316e+01
   1.4481530e+01
   1.4512819e+01
   1.4544183e+01
   1.4575622e+01
   1.4607135e+01
   1.4638721e+01
   1.4670385e+01
   1.4702127e+01
   1.4733941e+01
   1.4765830e+01
   1.4797796e+01
   1.4829839e+01
   1.4861952e+01
   1.4894141e+01
   1.4926405e+01
   1.4958746e+01
   1.4991160e+01
   1.5023648e+01
   1.5056215e+01
   1.5088859e+01
   1.5121577e+01
   1.5154372e+01
   1.5187238e+01
   1.5220178e+01
   1.5253196e+01
   1.5286289e+01
   1.5319456e+01
   1.5352700e+01
   1.5386019e+01
   1.5419413e+01
   1.5452881e+01
   1.5486423e+01
   1.5520043e+01
   1.5553735e+01
   1.5587504e+01
   1.5621346e+01
   1.5655266e+01
   1.5689261e+01
   1.5723328e+01
   1.5757471e+01
   1.5791691e+01
   1.5825981e+01
   1.5860345e+01
   1.5894785e+01
   1.5929301e+01
   1.5963888e+01
   1.5998550e+01
   1.6033282e+01
   1.6068090e+01
   1.6102972e+01
   1.6137928e+01
   1.6172956e+01
   1.6208056e+01
   1.6243230e+01
   1.6278478e+01
   1.6313799e+01
   1.6349191e+01
   1.6384653e+01
   1.6420188e+01
   1.6455801e+01
   1.6491483e+01
   1.6527237e+01
   1.6563059e+01
   1.6598955e+01
   1.6634920e+01
   1.6670958e+01
   1.6707066e+01
   1.6743242e+01
   1.6779490e+01
   1.6815806e+01
   1.6852194e+01
   1.6888651e+01
   1.6925176e+01
   1.6961768e+01
   1.6998434e+01
   1.7035168e+01
   1.7071967e+01
   1.7108834e+01
   1.7145765e+01
   1.7182765e+01
   1.7219832e+01
   1.7256967e+01
   1.7294165e+01
   1.7331429e+01
   1.7368759e+01
   1.7406152e+01
   1.7443611e+01
   1.7481134e+01
   1.7518720e+01
   1.7556374e+01
   1.7594089e+01
   1.7631867e+01
   1.7669706e+01
   1.7707607e+01
   1.7745572e+01
   1.7783598e+01
   1.7821686e+01
   1.7859830e+01
   1.7898035e+01
   1.7936298e+01
   1.7974621e+01
   1.8013003e+01
   1.8051442e+01
   1.8089942e+01
   1.8128494e+01
   1.8167103e+01
   1.8205765e+01
   1.8244486e+01
   1.8283262e+01
   1.8322091e+01
   1.8360971e+01
   1.8399906e+01
   1.8438893e+01
   1.8477933e+01
   1.8517024e+01
   1.8556162e+01
   1.8595355e+01
   1.8634595e+01
   1.8673886e+01
   1.8713222e+01
   1.8752605e+01
   1.8792039e+01
   1.8831518e+01
   1.8871042e+01
   1.8910608e+01
   1.8950221e+01
   1.8989878e+01
   1.9029578e+01
   1.9069320e+01
   1.9109102e+01
   1.9148925e+01
   1.9188787e+01
   1.9228691e+01
   1.9268633e+01
   1.9308609e+01
   1.9348623e+01
   1.9388673e+01
   1.9428758e+01
   1.9468874e+01
   1.9509026e+01
   1.9549212e+01
   1.9589428e+01
   1.9629673e+01
   1.9669950e+01
   1.9710255e+01
   1.9750588e+01
   1.9790952e+01
   1.9831340e+01
   1.9871755e+01
   1.9912192e+01
   1.9952657e+01
   1.9993142e+01
   2.0033650e+01
   2.0074176e+01
   2.0114723e+01
   2.0155289e+01
   2.0195874e+01
   2.0236477e+01
   2.0277094e+01
   2.0317727e+01
   2.0358373e+01
   2.0399031e+01
   2.0439703e+01
   2.0480387e+01
   2.0521083e+01
   2.0561786e+01
   2.0602497e+01
   2.0643213e+01
   2.0683936e+01
   2.0724660e+01
   2.0765389e+01
   2.0806121e+01
   2.0846855e+01
   2.0887587e+01
   2.0928318e+01
   2.0969046e+01
   2.1009773e+01
   2.1050493e+01
   2.1091206e+01
   2.1131915e+01
   2.1172613e+01
   2.1213302e+01
   2.1253982e+01
   2.1294649e+01
   2.1335301e+01
   2.1375940e+01
   2.1416562e+01
   2.1457169e+01
   2.1497757e+01
   2.1538326e+01
   2.1578875e+01
   2.1619402e+01
   2.1659907e+01
   2.1700386e+01
   2.1740838e+01
   2.1781264e+01
   2.1821662e+01
   2.1862027e+01
   2.1902366e+01
   2.1942672e+01
   2.1982943e+01
   2.2023180e+01
   2.2063379e+01
   2.2103544e+01
   2.2143669e+01
   2.2183752e+01
   2.2223792e+01
   2.2263788e+01
   2.2303740e+01
   2.2343647e+01
   2.2383506e+01
   2.2423319e+01
   2.2463079e+01
   2.2502786e+01
   2.2542443e+01
   2.2582045e+01
   2.2621593e+01
   2.2661082e+01
   2.2700514e+01
   2.2739885e+01
   2.2779193e+01
   2.2818442e+01
   2.2857624e+01
   2.2896738e+01
   2.2935785e+01
   2.2974765e+01
   2.3013674e+01
   2.3052510e+01
   2.3091270e+01
   2.3129957e+01
   2.3168571e+01
   2.3207108e+01
   2.3245562e+01
   2.3283935e+01
   2.3322228e+01
   2.3360436e+01
   2.3398558e+01
   2.3436596e+01
   2.3474543e+01
   2.3512403e+01
   2.3550171e+01
   2.3587845e+01
   2.3625428e+01
   2.3662913e+01
   2.3700303e+01
   2.3737591e+01
   2.3774780e+01
   2.3811866e+01
   2.3848848e+01
   2.3885725e+01
   2.3922496e+01
   2.3959160e+01
   2.3995713e+01
   2.4032154e+01
   2.4068483e+01
   2.4104698e+01
   2.4140797e+01
   2.4176779e+01
   2.4212642e+01
   2.4248383e+01
   2.4284003e+01
   2.4319499e+01
   2.4354869e+01
   2.4390117e+01
   2.4425233e+01
   2.4460219e+01
   2.4495074e+01
   2.4529796e+01
   2.4564383e+01
   2.4598835e+01
   2.4633150e+01
   2.4667325e+01
   2.4701360e+01
   2.4735250e+01
   2.4768998e+01
   2.4802599e+01
   2.4836053e+01
   2.4869360e+01
   2.4902515e+01
   2.4935518e+01
   2.4968371e+01
   2.5001065e+01
   2.5033601e+01
   2.5065982e+01
   2.5098203e+01
   2.5130260e+01
   2.5162155e+01
   2.5193886e+01
   2.5225449e+01
   2.5256847e+01
   2.5288074e+01
   2.5319133e+01
   2.5350017e+01
   2.5380727e+01
   2.5411258e+01
   2.5441613e+01
   2.5471790e+01
   2.5501787e+01
   2.5531604e+01
   2.5561233e+01
   2.5590678e+01
   2.5619935e+01
   2.5649005e+01
   2.5677883e+01
   2.5706572e+01
   2.5735066e+01
   2.5763365e+01
   2.5791469e+01
   2.5819372e+01
   2.5847074e+01
   2.5874575e+01
   2.5901872e+01
   2.5928966e+01
   2.5955855e+01
   2.5982538e+01
   2.6009010e+01
   2.6035272e+01
   2.6061320e+01
   2.6087155e+01
   2.6112773e+01
   2.6138172e+01
   2.6163353e+01
   2.6188317e+01
   2.6213052e+01
   2.6237564e+01
   2.6261851e+01
   2.6285909e+01
   2.6309740e+01
   2.6333340e+01
   2.6356709e+01
   2.6379844e+01
   2.6402744e+01
   2.6425406e+01
   2.6447828e+01
   2.6470011e+01
   2.6491953e+01
   2.6513649e+01
   2.6535103e+01
   2.6556309e+01
   2.6577266e+01
   2.6597973e+01
   2.6618428e+01
   2.6638632e+01
   2.6658579e+01
   2.6678269e+01
   2.6697703e+01
   2.6716877e+01
   2.6735789e+01
   2.6754440e+01
   2.6772828e+01
   2.6790949e+01
   2.6808802e+01
   2.6826387e+01
   2.6843701e+01
   2.6860749e+01
   2.6877518e+01
   2.6894013e+01
   2.6910230e+01
   2.6926173e+01
   2.6941830e+01
   2.6957205e+01
   2.6972299e+01
   2.6987110e+01
   2.7001634e+01
   2.7015871e+01
   2.7029820e+01
   2.7043477e+01
   2.7056843e+01
   2.7069915e+01
   2.7082694e+01
   2.7095176e+01
   2.7107361e+01
   2.7119245e+01
   2.7130827e+01
   2.7142110e+01
   2.7153087e+01
   2.7163760e+01
   2.7174128e+01
   2.7184188e+01
   2.7193937e+01
   2.7203376e+01
   2.7212502e+01
   2.7221319e+01
   2.7229818e+01
   2.7237999e+01
   2.7245866e+01
   2.7253414e+01
   2.7260640e+01
   2.7267548e+01
   2.7274131e+01
   2.7280392e+01
   2.7286325e+01
   2.7291934e+01
   2.7297214e+01
   2.7302167e+01
   2.7306791e+01
   2.7311082e+01
   2.7315040e+01
   2.7318667e+01
   2.7321958e+01
   2.7324911e+01
   2.7327526e+01
   2.7329803e+01
   2.7331746e+01
   2.7333347e+01
   2.7334604e+01
   2.7335518e+01
   2.7336088e+01
   2.7336314e+01
   2.7336192e+01
   2.7335728e+01
   2.7334914e+01
   2.7333752e+01
   2.7332239e+01
   2.7330377e+01
   2.7328160e+01
   2.7325594e+01
   2.7322674e+01
   2.7319398e+01
   2.7315768e+01
   2.7311781e+01
   2.7307437e+01
   2.7302738e+01
   2.7297678e+01
   2.7292258e+01
   2.7286480e+01
   2.7280340e+01
   2.7273837e+01
   2.7266970e+01
   2.7259741e+01
   2.7252149e+01
   2.7244193e+01
   2.7235872e+01
   2.7227187e+01
   2.7218133e+01
   2.7208713e+01
   2.7198925e+01
   2.7188767e+01
   2.7178240e+01
   2.7167344e+01
   2.7156082e+01
   2.7144450e+01
   2.7132446e+01
   2.7120068e+01
   2.7107321e+01
   2.7094201e+01
   2.7080706e+01
   2.7066841e+01
   2.7052599e+01
   2.7037983e+01
   2.7022993e+01
   2.7007628e+01
   2.6991887e+01
   2.6975774e+01
   2.6959284e+01
   2.6942418e+01
   2.6925175e+01
   2.6907557e+01
   2.6889560e+01
   2.6871187e+01
   2.6852434e+01
   2.6833306e+01
   2.6813800e+01
   2.6793917e+01
   2.6773655e+01
   2.6753013e+01
   2.6731994e+01
   2.6710597e+01
   2.6688821e+01
   2.6666669e+01
   2.6644137e+01
   2.6621224e+01
   2.6597932e+01
   2.6574263e+01
   2.6550213e+01
   2.6525782e+01
   2.6500972e+01
   2.6475786e+01
   2.6450218e+01
   2.6424272e+01
   2.6397946e+01
   2.6371243e+01
   2.6344160e+01
   2.6316697e+01
   2.6288856e+01
   2.6260638e+01
   2.6232040e+01
   2.6203064e+01
   2.6173709e+01
   2.6143976e+01
   2.6113865e+01
   2.6083376e+01
   2.6052510e+01
   2.6021267e+01
   2.5989645e+01
   2.5957648e+01
   2.5925273e+01
   2.5892520e+01
   2.5859391e+01
   2.5825885e+01
   2.5792003e+01
   2.5757744e+01
   2.5723112e+01
   2.5688105e+01
   2.5652722e+01
   2.5616962e+01
   2.5580831e+01
   2.5544325e+01
   2.5507446e+01
   2.5470194e+01
   2.5432569e+01
   2.5394571e+01
   2.5356201e+01
   2.5317458e+01
   2.5278342e+01
   2.5238855e+01
   2.5198999e+01
   2.5158771e+01
   2.5118174e+01
   2.5077207e+01
   2.5035871e+01
   2.4994163e+01
   2.4952089e+01
   2.4909648e+01
   2.4866836e+01
   2.4823663e+01
   2.4780119e+01
   2.4736210e+01
   2.4691933e+01
   2.4647292e+01
   2.4602286e+01
   2.4556916e+01
   2.4511183e+01
   2.4465086e+01
   2.4418626e+01
   2.4371803e+01
   2.4324618e+01
   2.4277072e+01
   2.4229166e+01
   2.4180899e+01
   2.4132271e+01
   2.4083286e+01
   2.4033939e+01
   2.3984235e+01
   2.3934173e+01
   2.3883754e+01
   2.3832978e+01
   2.3781845e+01
   2.3730358e+01
   2.3678517e+01
   2.3626322e+01
   2.3573773e+01
   2.3520870e+01
   2.3467617e+01
   2.3414011e+01
   2.3360052e+01
   2.3305745e+01
   2.3251089e+01
   2.3196082e+01
   2.3140727e+01
   2.3085025e+01
   2.3028974e+01
   2.2972578e+01
   2.2915836e+01
   2.2858749e+01
   2.2801315e+01
   2.2743541e+01
   2.2685423e+01
   2.2626963e+01
   2.2568161e+01
   2.2509019e+01
   2.2449538e+01
   2.2389716e+01
   2.2329556e+01
   2.2269059e+01
   2.2208224e+01
   2.2147055e+01
   2.2085551e+01
   2.2023711e+01
   2.1961538e+01
   2.1899034e+01
   2.1836198e+01
   2.1773029e+01
   2.1709531e+01
   2.1645704e+01
   2.1581550e+01
   2.1517069e+01
   2.1452262e+01
   2.1387129e+01
   2.1321673e+01
   2.1255891e+01
   2.1189790e+01
   2.1123368e+01
   2.1056625e+01
   2.0989563e+01
   2.0922181e+01
   2.0854485e+01
   2.0786475e+01
   2.0718149e+01
   2.0649508e+01
   2.0580556e+01
   2.0511293e+01
   2.0441721e+01
   2.0371842e+01
   2.0301655e+01
   2.0231163e+01
   2.0160367e+01
   2.0089269e+01
   2.0017870e+01
   1.9946169e+01
   1.9874170e+01
   1.9801873e+01
   1.9729283e+01
   1.9656398e+01
   1.9583221e+01
   1.9509753e+01
   1.9435996e+01
   1.9361953e+01
   1.9287624e+01
   1.9213010e+01
   1.9138113e+01
   1.9062938e+01
   1.8987483e+01
   1.8911752e+01
   1.8835747e+01
   1.8759469e+01
   1.8682921e+01
   1.8606104e+01
   1.8529021e+01
   1.8451673e+01
   1.8374064e+01
   1.8296196e+01
   1.8218069e+01
   1.8139689e+01
   1.8061057e+01
   1.7982176e+01
   1.7903046e+01
   1.7823672e+01
   1.7744054e+01
   1.7664198e+01
   1.7584105e+01
   1.7503779e+01
   1.7423222e+01
   1.7342437e+01
   1.7261427e+01
   1.7180195e+01
   1.7098744e+01
   1.7017077e+01
   1.6935198e+01
   1.6853110e+01
   1.6770818e+01
   1.6688322e+01
   1.6605628e+01
   1.6522739e+01
   1.6439659e+01
   1.6356391e+01
   1.6272941e+01
   1.6189310e+01
   1.6105504e+01
   1.6021526e+01
   1.5937380e+01
   1.5853072e+01
   1.5768605e+01
   1.5683983e+01
   1.5599211e+01
   1.5514293e+01
   1.5429236e+01
   1.5344043e+01
   1.5258718e+01
   1.5173268e+01
   1.5087697e+01
   1.5002009e+01
   1.4916211e+01
   1.4830307e+01
   1.4744304e+01
   1.4658206e+01
   1.4572018e+01
   1.4485748e+01
   1.4399400e+01
   1.4312980e+01
   1.4226494e+01
   1.4139949e+01
   1.4053350e+01
   1.3966703e+01
   1.3880015e+01
   1.3793293e+01
   1.3706542e+01
   1.3619769e+01
   1.3532982e+01
   1.3446186e+01
   1.3359389e+01
   1.3272597e+01
   1.3185818e+01
   1.3099058e+01
   1.3012324e+01
   1.2925625e+01
   1.2838967e+01
   1.2752358e+01
   1.2665805e+01
   1.2579315e+01
   1.2492897e+01
   1.2406558e+01
   1.2320305e+01
   1.2234147e+01
   1.2148091e+01
   1.2062146e+01
   1.1976319e+01
   1.1890618e+01
   1.1805052e+01
   1.1719629e+01
   1.1634356e+01
   1.1549242e+01
   1.1464294e+01
   1.1379523e+01
   1.1294935e+01
   1.1210539e+01
   1.1126344e+01
   1.1042357e+01
   1.0958587e+01
   1.0875043e+01
   1.0791732e+01
   1.0708664e+01
   1.0625846e+01
   1.0543286e+01
   1.0460993e+01
   1.0378976e+01
   1.0297242e+01
   1.0215800e+01
   1.0134658e+01
   1.0053823e+01
   9.9733051e+00
   9.8931107e+00
   9.8132486e+00
   9.7337261e+00
   9.6545513e+00
   9.5757319e+00
   9.4972756e+00
   9.4191896e+00
   9.3414814e+00
   9.2641588e+00
   9.1872284e+00
   9.1106983e+00
   9.0345752e+00
   8.9588660e+00
   8.8835773e+00
   8.8087157e+00
   8.7342879e+00
   8.6602997e+00
   8.5867583e+00
   8.5136688e+00
   8.4410376e+00
   8.3688707e+00
   8.2971737e+00
   8.2259517e+00
   8.1552107e+00
   8.0849550e+00
   8.0151905e+00
   7.9459211e+00
   7.8771524e+00
   7.8088880e+00
   7.7411329e+00
   7.6738908e+00
   7.6071648e+00
   7.5409597e+00
   7.4752787e+00
   7.4101255e+00
   7.3455023e+00
   7.2814130e+00
   7.2178600e+00
   7.1548462e+00
   7.0923733e+00
   7.0304440e+00
   6.9690601e+00
   6.9082227e+00
   6.8479346e+00
   6.7881967e+00
   6.7290108e+00
   6.6703768e+00
   6.6122965e+00
   6.5547699e+00
   6.4977983e+00
   6.4413812e+00
   6.3855194e+00
   6.3302124e+00
   6.2754603e+00
   6.2212621e+00
   6.1676175e+00
   6.1145262e+00
   6.0619869e+00
   6.0099989e+00
   5.9585603e+00
   5.9076701e+00
   5.8573267e+00
   5.8075280e+00
   5.7582729e+00
   5.7095593e+00
   5.6613847e+00
   5.6137472e+00
   5.5666444e+00
   5.5200741e+00
   5.4740328e+00
   5.4285188e+00
   5.3835281e+00
   5.3390589e+00
   5.2951075e+00
   5.2516704e+00
   5.2087447e+00
   5.1663271e+00
   5.1244146e+00
   5.0830027e+00
   5.0420881e+00
   5.0016674e+00
   4.9617363e+00
   4.9222913e+00
   4.8833285e+00
   4.8448434e+00
   4.8068327e+00
   4.7692919e+00
   4.7322167e+00
   4.6956031e+00
   4.6594465e+00
   4.6237431e+00
   4.5884885e+00
   4.5536779e+00
   4.5193069e+00
   4.4853715e+00
   4.4518673e+00
   4.4187889e+00
   4.3861327e+00
   4.3538932e+00
   4.3220669e+00
   4.2906487e+00
   4.2596345e+00
   4.2290188e+00
   4.1987979e+00
   4.1689667e+00
   4.1395202e+00
   4.1104547e+00
   4.0817656e+00
   4.0534479e+00
   4.0254970e+00
   3.9979086e+00
   3.9706782e+00
   3.9438006e+00
   3.9172717e+00
   3.8910876e+00
   3.8652437e+00
   3.8397351e+00
   3.8145574e+00
   3.7897063e+00
   3.7651769e+00
   3.7409658e+00
   3.7170683e+00
   3.6934796e+00
   3.6701962e+00
   3.6472134e+00
   3.6245272e+00
   3.6021334e+00
   3.5800277e+00
   3.5582064e+00
   3.5366654e+00
   3.5154004e+00
   3.4944075e+00
   3.4736829e+00
   3.4532223e+00
   3.4330224e+00
   3.4130790e+00
   3.3933880e+00
   3.3739463e+00
   3.3547497e+00
   3.3357949e+00
   3.3170783e+00
   3.2985959e+00
   3.2803445e+00
   3.2623205e+00
   3.2445204e+00
   3.2269409e+00
   3.2095784e+00
   3.1924299e+00
   3.1754922e+00
   3.1587617e+00
   3.1422353e+00
   3.1259096e+00
   3.1097820e+00
   3.0938491e+00
   3.0781077e+00
   3.0625549e+00
   3.0471881e+00
   3.0320041e+00
   3.0169999e+00
   3.0021731e+00
   2.9875206e+00
   2.9730397e+00
   2.9587276e+00
   2.9445817e+00
   2.9305994e+00
   2.9167780e+00
   2.9031151e+00
   2.8896082e+00
   2.8762547e+00
   2.8630520e+00
   2.8499982e+00
   2.8370906e+00
   2.8243271e+00
   2.8117053e+00
   2.7992230e+00
   2.7868777e+00
   2.7746675e+00
   2.7625901e+00
   2.7506435e+00
   2.7388255e+00
   2.7271339e+00
   2.7155672e+00
   2.7041230e+00
   2.6927997e+00
   2.6815948e+00
   2.6705072e+00
   2.6595345e+00
   2.6486750e+00
   2.6379271e+00
   2.6272887e+00
   2.6167585e+00
   2.6063342e+00
   2.5960147e+00
   2.5857981e+00
   2.5756871e+00
   2.8481816e+00
   3.1149740e+00
   3.3765188e+00
   3.6332934e+00
   3.8857381e+00
   4.1342613e+00
   4.3792401e+00
   4.6210252e+00
   4.8599407e+00
   5.0962863e+00
   5.3303402e+00
   5.5623597e+00
   5.7925846e+00
   6.0212386e+00
   6.2485324e+00
   6.4746665e+00
   6.6998344e+00
   6.9242277e+00
   7.1480403e+00
   7.3714752e+00
   7.5947508e+00
   7.8181088e+00
   8.0418254e+00
   8.2662203e+00
   8.4916707e+00
   8.7186227e+00
   8.9476094e+00
   9.1792636e+00
   9.4143382e+00
   9.6537233e+00
   9.8984662e+00
   1.0149792e+01
   1.0409122e+01
   1.0678087e+01
   1.0958538e+01
   1.1252547e+01
   1.1562372e+01
   1.1890386e+01
   1.2238921e+01
   1.2609977e+01
   1.3004675e+01
   1.3422258e+01
   1.3858896e+01
   1.4308671e+01
   1.4762556e+01
   1.5207764e+01
   1.5628521e+01
   1.6008080e+01
   1.6331548e+01
   1.6588374e+01
   1.6553916e+01
   1.6478710e+01
   1.6368207e+01
   1.6228914e+01
   1.6067164e+01
   1.5888688e+01
   1.5698487e+01
   1.5500792e+01
   1.5299098e+01
   1.5096239e+01
   1.4894459e+01
   1.4695498e+01
   1.4500685e+01
   1.4310993e+01
   1.4127121e+01
   1.3949537e+01
   1.3778535e+01
   1.3614264e+01
   1.3456765e+01
   1.3305995e+01
   1.3161846e+01
   1.3024168e+01
   1.2892770e+01
   1.2767447e+01
   1.2647971e+01
   1.2534105e+01
   1.2425613e+01
   1.2322259e+01
   1.2223805e+01
   1.2130019e+01
   1.2040675e+01
   1.1955551e+01
   1.1874435e+01
   1.1797130e+01
   1.1723441e+01
   1.1653179e+01
   1.1586169e+01
   1.1522245e+01
   1.1461244e+01
   1.1403016e+01
   1.1347414e+01
   1.1294301e+01
   1.1243544e+01
   1.1195030e+01
   1.1148640e+01
   1.1104258e+01
   1.1061781e+01
   1.1021113e+01
   1.0982158e+01
   1.0944827e+01
   1.0909038e+01
   1.0874713e+01
   1.0841773e+01
   1.0810150e+01
   1.0779780e+01
   1.0750589e+01
   1.0722523e+01
   1.0695527e+01
   1.0669540e+01
   1.0644517e+01
   1.0620409e+01
   1.0597167e+01
   1.0574748e+01
   1.0553112e+01
   1.0532217e+01
   1.0512030e+01
   1.0492513e+01
   1.0473634e+01
   1.0455363e+01
   1.0437668e+01
   1.0420520e+01
   1.0403891e+01
   1.0387759e+01
   1.0372098e+01
   1.0356884e+01
   1.0342096e+01
   1.0327714e+01
   1.0313717e+01
   1.0300087e+01
   1.0286805e+01
   1.0273854e+01
   1.0261222e+01
   1.0248890e+01
   1.0236843e+01
   1.0225070e+01
   1.0213556e+01
   1.0202290e+01
   1.0191260e+01
   1.0180455e+01
   1.0169863e+01
   1.0159474e+01
   1.0149275e+01
   1.0139262e+01
   1.0129426e+01
   1.0119756e+01
   1.0110244e+01
   1.0100883e+01
   1.0091667e+01
   1.0082589e+01
   1.0073642e+01
   1.0064820e+01
   1.0056119e+01
   1.0047529e+01
   1.0039048e+01
   1.0030671e+01
   1.0022391e+01
   1.0014206e+01
   1.0006111e+01
   9.9980983e+00
   9.9901644e+00
   9.9823091e+00
   9.9745284e+00
   9.9668180e+00
   9.9591705e+00
   9.9515872e+00
   9.9440646e+00
   9.9366006e+00
   9.9291884e+00
   9.9218289e+00
   9.9145189e+00
   9.9072563e+00
   9.9000393e+00
   9.8928624e+00
   9.8857280e+00
   9.8786329e+00
   9.8715723e+00
   9.8645450e+00
   9.8575502e+00
   9.8505869e+00
   9.8436509e+00
   9.8367459e+00
   9.8298683e+00
   9.8230147e+00
   9.8161840e+00
   9.8093754e+00
   9.8025884e+00
   9.7958208e+00
   9.7890720e+00
   9.7823396e+00
   9.7756239e+00
   9.7689231e+00
   9.7622365e+00
   9.7555638e+00
   9.7489036e+00
   9.7422560e+00
   9.7356189e+00
   9.7289904e+00
   9.7223723e+00
   9.7157619e+00
   9.7091594e+00
   9.7025632e+00
   9.6959732e+00
   9.6893905e+00
   9.6828109e+00
   9.6762351e+00
   9.6696640e+00
   9.6630978e+00
   9.6565349e+00
   9.6499729e+00
   9.6434125e+00
   9.6368520e+00
   9.6302930e+00
   9.6237316e+00
   9.6171713e+00
   9.6106108e+00
   9.6040492e+00
   9.5974882e+00
   9.5909248e+00
   9.5843588e+00
   9.5777921e+00
   9.5712186e+00
   9.5646438e+00
   9.5580655e+00
   9.5514828e+00
   9.5448981e+00
   9.5383080e+00
   9.5317127e+00
   9.5251118e+00
   9.5185059e+00
   9.5118947e+00
   9.5052764e+00
   9.4986516e+00
   9.4920224e+00
   9.4853849e+00
   9.4787421e+00
   9.4720868e+00
   9.4654278e+00
   9.4587632e+00
   9.4520913e+00
   9.4454089e+00
   9.4387179e+00
   9.4320195e+00
   9.4253130e+00
   9.4185967e+00
   9.4118735e+00
   9.4051400e+00
   9.3983979e+00
   9.3916462e+00
   9.3848849e+00
   9.3781162e+00
   9.3713359e+00
   9.3645461e+00
   9.3577454e+00
   9.3509351e+00
   9.3441153e+00
   9.3372841e+00
   9.3304442e+00
   9.3235920e+00
   9.3167297e+00
   9.3098555e+00
   9.3029711e+00
   9.2960756e+00
   9.2891690e+00
   9.2822517e+00
   9.2753226e+00
   9.2683827e+00
   9.2614303e+00
   9.2544678e+00
   9.2474928e+00
   9.2405062e+00
   9.2335034e+00
   9.2264928e+00
   9.2194685e+00
   9.2124333e+00
   9.2053858e+00
   9.1983261e+00
   9.1912546e+00
   9.1841697e+00
   9.1770732e+00
   9.1699642e+00
   9.1628407e+00
   9.1557064e+00
   9.1485591e+00
   9.1414002e+00
   9.1342294e+00
   9.1270447e+00
   9.1198477e+00
   9.1126385e+00
   9.1054158e+00
   9.0981807e+00
   9.0909325e+00
   9.0836723e+00
   9.0763981e+00
   9.0691124e+00
   9.0618149e+00
   9.0545031e+00
   9.0471793e+00
   9.0398433e+00
   9.0324921e+00
   9.0251288e+00
   9.0177535e+00
   9.0103656e+00
   9.0029658e+00
   8.9955537e+00
   8.9881266e+00
   8.9806867e+00
   8.9732361e+00
   8.9657717e+00
   8.9582959e+00
   8.9508086e+00
   8.9433087e+00
   8.9357960e+00
   8.9282709e+00
   8.9207329e+00
   8.9131834e+00
   8.9056224e+00
   8.8980491e+00
   8.8904624e+00
   8.8828639e+00
   8.8752533e+00
   8.8676317e+00
   8.8599976e+00
   8.8523525e+00
   8.8446950e+00
   8.8370246e+00
   8.8293442e+00
   8.8216508e+00
   8.8139475e+00
   8.8062339e+00
   8.7985083e+00
   8.7907723e+00
   8.7830234e+00
   8.7752646e+00
   8.7674958e+00
   8.7597171e+00
   8.7519264e+00
   8.7441257e+00
   8.7363150e+00
   8.7284935e+00
   8.7206627e+00
   8.7128224e+00
   8.7049727e+00
   8.6971118e+00
   8.6892416e+00
   8.6813621e+00
   8.6734729e+00
   8.6655750e+00
   8.6576686e+00
   8.6497538e+00
   8.6418288e+00
   8.6338960e+00
   8.6259529e+00
   8.6180021e+00
   8.6100440e+00
   8.6020786e+00
   8.5941043e+00
   8.5861231e+00
   8.5781345e+00
   8.5701388e+00
   8.5621350e+00
   8.5541245e+00
   8.5461067e+00
   8.5380814e+00
   8.5300509e+00
   8.5220135e+00
   8.5139700e+00
   8.5059212e+00
   8.4978659e+00
   8.4898064e+00
   8.4817394e+00
   8.4736687e+00
   8.4655934e+00
   8.4575140e+00
   8.4494291e+00
   8.4413401e+00
   8.4332475e+00
   8.4251516e+00
   8.4170509e+00
   8.4089468e+00
   8.4008399e+00
   8.3927290e+00
   8.3846159e+00
   8.3764980e+00
   8.3683795e+00
   8.3602585e+00
   8.3521364e+00
   8.3440136e+00
   8.3358862e+00
   8.3277601e+00
   8.3196326e+00
   8.3115049e+00
   8.3033745e+00
   8.2952462e+00
   8.2871164e+00
   8.2789880e+00
   8.2708585e+00
   8.2627308e+00
   8.2546049e+00
   8.2464802e+00
   8.2383582e+00
   8.2302369e+00
   8.2221189e+00
   8.2140014e+00
   8.2058880e+00
   8.1977767e+00
   8.1896700e+00
   8.1815644e+00
   8.1734645e+00
   8.1653683e+00
   8.1572762e+00
   8.1491888e+00
   8.1411064e+00
   8.1330292e+00
   8.1249588e+00
   8.1168926e+00
   8.1088326e+00
   8.1007783e+00
   8.0927313e+00
   8.0846913e+00
   8.0766588e+00
   8.0686333e+00
   8.0606147e+00
   8.0526051e+00
   8.0446042e+00
   8.0366110e+00
   8.0286276e+00
   8.0206536e+00
   8.0126898e+00
   8.0047350e+00
   7.9967913e+00
   7.9888575e+00
   7.9809345e+00
   7.9730231e+00
   7.9651221e+00
   7.9572347e+00
   7.9493587e+00
   7.9414946e+00
   7.9336444e+00
   7.9258074e+00
   7.9179837e+00
   7.9101743e+00
   7.9023779e+00
   7.8945968e+00
   7.8868306e+00
   7.8790799e+00
   7.8713436e+00
   7.8636237e+00
   7.8559186e+00
   7.8482303e+00
   7.8405584e+00
   7.8329033e+00
   7.8252659e+00
   7.8176459e+00
   7.8100448e+00
   7.8024623e+00
   7.7948986e+00
   7.7873541e+00
   7.7798288e+00
   7.7723215e+00
   7.7648336e+00
   7.7573675e+00
   7.7499216e+00
   7.7424972e+00
   7.7350942e+00
   7.7277124e+00
   7.7203541e+00
   7.7130170e+00
   7.7057022e+00
   7.6984109e+00
   7.6911419e+00
   7.6838968e+00
   7.6766746e+00
   7.6694770e+00
   7.6623047e+00
   7.6551557e+00
   7.6480331e+00
   7.6409368e+00
   7.6338643e+00
   7.6268197e+00
   7.6198016e+00
   7.6128111e+00
   7.6058473e+00
   7.5989123e+00
   7.5920039e+00
   7.5851236e+00
   7.5782734e+00
   7.5714506e+00
   7.5646566e+00
   7.5578924e+00
   7.5511575e+00
   7.5444540e+00
   7.5377788e+00
   7.5311344e+00
   7.5245217e+00
   7.5179410e+00
   7.5113909e+00
   7.5048734e+00
   7.4983894e+00
   7.4919354e+00
   7.4855151e+00
   7.4791280e+00
   7.4727735e+00
   7.4664540e+00
   7.4601685e+00
   7.4539187e+00
   7.4477024e+00
   7.4415223e+00
   7.4353774e+00
   7.4292683e+00
   7.4231925e+00
   7.4171535e+00
   7.4111521e+00
   7.4051870e+00
   7.3992577e+00
   7.3933667e+00
   7.3875121e+00
   7.3816946e+00
   7.3759160e+00
   7.3701764e+00
   7.3644752e+00
   7.3588134e+00
   7.3531908e+00
   7.3476065e+00
   7.3420634e+00
   7.3365565e+00
   7.3310948e+00
   7.3256723e+00
   7.3202872e+00
   7.3149462e+00
   7.3096462e+00
   7.3043870e+00
   7.2991715e+00
   7.2939964e+00
   7.2888646e+00
   7.2837739e+00
   7.2787288e+00
   7.2737267e+00
   7.2687670e+00
   7.2638491e+00
   7.2589771e+00
   7.2541485e+00
   7.2493618e+00
   7.2446229e+00
   7.2399275e+00
   7.2352782e+00
   7.2306716e+00
   7.2261107e+00
   7.2215972e+00
   7.2171283e+00
   7.2127069e+00
   7.2083312e+00
   7.2039989e+00
   7.1997144e+00
   7.1954769e+00
   7.1912865e+00
   7.1871439e+00
   7.1830492e+00
   7.1789998e+00
   7.1749996e+00
   7.1710473e+00
   7.1671443e+00
   7.1632886e+00
   7.1594813e+00
   7.1557220e+00
   7.1520135e+00
   7.1483530e+00
   7.1447401e+00
   7.1411781e+00
   7.1376656e+00
   7.1342034e+00
   7.1307919e+00
   7.1274288e+00
   7.1241168e+00
   7.1208548e+00
   7.1176430e+00
   7.1144817e+00
   7.1113716e+00
   7.1083124e+00
   7.1053046e+00
   7.1023494e+00
   7.0994443e+00
   7.0965904e+00
   7.0937893e+00
   7.0910406e+00
   7.0883413e+00
   7.0856946e+00
   7.0831013e+00
   7.0805618e+00
   7.0780740e+00
   7.0756389e+00
   7.0732565e+00
   7.0709278e+00
   7.0686502e+00
   7.0664260e+00
   7.0642572e+00
   7.0621398e+00
   7.0600752e+00
   7.0580640e+00
   7.0561039e+00
   7.0542009e+00
   7.0523497e+00
   7.0505553e+00
   7.0488141e+00
   7.0471279e+00
   7.0454936e+00
   7.0439153e+00
   7.0423928e+00
   7.0409251e+00
   7.0395107e+00
   7.0381497e+00
   7.0368442e+00
   7.0355939e+00
   7.0343984e+00
   7.0332581e+00
   7.0321731e+00
   7.0311392e+00
   7.0301627e+00
   7.0292416e+00
   7.0283771e+00
   7.0275682e+00
   7.0268151e+00
   7.0261172e+00
   7.0254708e+00
   7.0248835e+00
   7.0243506e+00
   7.0238749e+00
   7.0234539e+00
   7.0230896e+00
   7.0227795e+00
   7.0225269e+00
   7.0223303e+00
   7.0221905e+00
   7.0221066e+00
   7.0220796e+00
   7.0221078e+00
   7.0221921e+00
   7.0223333e+00
   7.0225306e+00
   7.0227843e+00
   7.0230937e+00
   7.0234595e+00
   7.0238815e+00
   7.0243594e+00
   7.0248954e+00
   7.0254867e+00
   7.0261342e+00
   7.0268390e+00
   7.0275992e+00
   7.0284162e+00
   7.0292897e+00
   7.0302197e+00
   7.0312069e+00
   7.0322516e+00
   7.0333522e+00
   7.0345089e+00
   7.0357225e+00
   7.0369923e+00
   7.0383199e+00
   7.0397027e+00
   7.0411441e+00
   7.0426428e+00
   7.0441977e+00
   7.0458097e+00
   7.0474776e+00
   7.0492023e+00
   7.0509843e+00
   7.0528230e+00
   7.0547181e+00
   7.0566692e+00
   7.0586792e+00
   7.0607465e+00
   7.0628686e+00
   7.0650492e+00
   7.0672849e+00
   7.0695767e+00
   7.0719258e+00
   7.0743324e+00
   7.0767962e+00
   7.0793155e+00
   7.0818924e+00
   7.0845276e+00
   7.0872190e+00
   7.0899671e+00
   7.0927707e+00
   7.0956321e+00
   7.0985516e+00
   7.1015268e+00
   7.1045561e+00
   7.1076436e+00
   7.1107879e+00
   7.1139884e+00
   7.1172455e+00
   7.1205602e+00
   7.1239319e+00
   7.1273574e+00
   7.1308421e+00
   7.1343840e+00
   7.1379829e+00
   7.1416377e+00
   7.1453488e+00
   7.1491156e+00
   7.1529384e+00
   7.1568170e+00
   7.1607515e+00
   7.1647419e+00
   7.1687883e+00
   7.1728905e+00
   7.1770488e+00
   7.1812629e+00
   7.1855330e+00
   7.1898591e+00
   7.1942412e+00
   7.1986793e+00
   7.2031733e+00
   7.2077233e+00
   7.2123294e+00
   7.2169914e+00
   7.2217095e+00
   7.2264835e+00
   7.2313136e+00
   7.2361996e+00
   7.2411417e+00
   7.2461397e+00
   7.2511938e+00
   7.2563038e+00
   7.2614699e+00
   7.2666919e+00
   7.2719699e+00
   7.2773038e+00
   7.2826938e+00
   7.2881397e+00
   7.2936416e+00
   7.2991994e+00
   7.3048131e+00
   7.3104828e+00
   7.3162085e+00
   7.3219900e+00
   7.3278275e+00
   7.3337209e+00
   7.3396701e+00
   7.3456753e+00
   7.3517364e+00
   7.3578533e+00
   7.3640261e+00
   7.3702548e+00
   7.3765393e+00
   7.3828797e+00
   7.3892759e+00
   7.3957280e+00
   7.4022358e+00
   7.4087995e+00
   7.4154190e+00
   7.4220944e+00
   7.4288255e+00
   7.4356124e+00
   7.4424551e+00
   7.4493536e+00
   7.4563079e+00
   7.4633179e+00
   7.4703837e+00
   7.4775053e+00
   7.4846826e+00
   7.4919157e+00
   7.4992045e+00
   7.5065491e+00
   7.5139495e+00
   7.5214055e+00
   7.5289174e+00
   7.5364849e+00
   7.5441082e+00
   7.5517873e+00
   7.5595221e+00
   7.5673126e+00
   7.5751589e+00
   7.5830609e+00
   7.5910186e+00
   7.5990321e+00
   7.6071013e+00
   7.6152263e+00
   7.6234071e+00
   7.6316435e+00
   7.6399358e+00
   7.6482838e+00
   7.6566876e+00
   7.6651472e+00
   7.6736625e+00
   7.6822337e+00
   7.6908606e+00
   7.6995434e+00
   7.7082820e+00
   7.7170764e+00
   7.7259266e+00
   7.7348327e+00
   7.7437946e+00
   7.7528124e+00
   7.7618861e+00
   7.7710156e+00
   7.7802011e+00
   7.7894425e+00
   7.7987398e+00
   7.8080931e+00
   7.8175023e+00
   7.8269676e+00
   7.8364888e+00
   7.8460660e+00
   7.8556993e+00
   7.8653886e+00
   7.8751340e+00
   7.8849355e+00
   7.8947931e+00
   7.9047068e+00
   7.9146767e+00
   7.9247028e+00
   7.9347851e+00
   7.9449236e+00
   7.9551183e+00
   7.9653694e+00
   7.9756767e+00
   7.9860404e+00
   7.9964604e+00
   8.0069368e+00
   8.0174696e+00
   8.0280589e+00
   8.0387046e+00
   8.0494069e+00
   8.0601657e+00
   8.0709810e+00
   8.0818529e+00
   8.0927815e+00
   8.1037668e+00
   8.1148087e+00
   8.1259074e+00
   8.1370629e+00
   8.1482751e+00
   8.1595442e+00
   8.1708702e+00
   8.1822532e+00
   8.1936931e+00
   8.2051899e+00
   8.2167439e+00
   8.2283549e+00
   8.2400231e+00
   8.2517484e+00
   8.2635309e+00
   8.2753707e+00
   8.2872678e+00
   8.2992223e+00
   8.3112341e+00
   8.3233034e+00
   8.3354302e+00
   8.3476145e+00
   8.3598564e+00
   8.3721559e+00
   8.3845132e+00
   8.3969281e+00
   8.4094009e+00
   8.4219315e+00
   8.4345200e+00
   8.4471664e+00
   8.4598709e+00
   8.4726334e+00
   8.4854540e+00
   8.4983328e+00
   8.5112698e+00
   8.5242651e+00
   8.5373188e+00
   8.5504308e+00
   8.5636013e+00
   8.5768303e+00
   8.5901179e+00
   8.6034642e+00
   8.6168691e+00
   8.6303329e+00
   8.6438554e+00
   8.6574369e+00
   8.6710773e+00
   8.6847767e+00
   8.6985352e+00
   8.7123529e+00
   8.7262298e+00
   8.7401660e+00
   8.7541616e+00
   8.7682165e+00
   8.7823310e+00
   8.7965051e+00
   8.8107387e+00
   8.8250321e+00
   8.8393853e+00
   8.8537983e+00
   8.8682713e+00
   8.8828042e+00
   8.8973972e+00
   8.9120504e+00
   8.9267637e+00
   8.9415374e+00
   8.9563715e+00
   8.9712660e+00
   8.9862210e+00
   9.0012366e+00
   9.0163129e+00
   9.0314499e+00
   9.0466478e+00
   9.0619066e+00
   9.0772265e+00
   9.0926073e+00
   9.1080494e+00
   9.1235526e+00
   9.1391172e+00
   9.1547432e+00
   9.1704307e+00
   9.1861798e+00
   9.2019905e+00
   9.2178629e+00
   9.2337971e+00
   9.2497933e+00
   9.2658514e+00
   9.2819716e+00
   9.2981540e+00
   9.3143986e+00
   9.3307055e+00
   9.3470749e+00
   9.3635067e+00
   9.3800011e+00
   9.3965583e+00
   9.4131781e+00
   9.4298609e+00
   9.4466065e+00
   9.4634152e+00
   9.4802870e+00
   9.4972221e+00
   9.5142204e+00
   9.5312821e+00
   9.5484072e+00
   9.5655960e+00
   9.5828484e+00
   9.6001645e+00
   9.6175444e+00
   9.6349883e+00
   9.6524962e+00
   9.6700682e+00
   9.6877044e+00
   9.7054049e+00
   9.7231697e+00
   9.7409991e+00
   9.7588929e+00
   9.7768514e+00
   9.7948747e+00
   9.8129628e+00
   9.8311158e+00
   9.8493338e+00
   9.8676169e+00
   9.8859652e+00
   9.9043788e+00
   9.9228578e+00
   9.9414022e+00
   9.9600121e+00
   9.9786878e+00
   9.9974291e+00
   1.0016236e+01
   1.0035109e+01
   1.0054048e+01
   1.0073054e+01
   1.0092125e+01
   1.0111262e+01
   1.0130466e+01
   1.0149737e+01
   1.0169074e+01
   1.0188477e+01
   1.0207947e+01
   1.0227484e+01
   1.0247088e+01
   1.0266759e+01
   1.0286497e+01
   1.0306302e+01
   1.0326174e+01
   1.0346114e+01
   1.0366120e+01
   1.0386195e+01
   1.0406337e+01
   1.0426546e+01
   1.0446823e+01
   1.0467168e+01
   1.0487581e+01
   1.0508062e+01
   1.0528610e+01
   1.0549227e+01
   1.0569912e+01
   1.0590665e+01
   1.0611487e+01
   1.0632377e+01
   1.0653335e+01
   1.0674362e+01
   1.0695457e+01
   1.0716621e+01
   1.0737854e+01
   1.0759156e+01
   1.0780526e+01
   1.0801966e+01
   1.0823474e+01
   1.0845052e+01
   1.0866698e+01
   1.0888414e+01
   1.0910199e+01
   1.0932053e+01
   1.0953977e+01
   1.0975970e+01
   1.0998032e+01
   1.1020164e+01
   1.1042365e+01
   1.1064637e+01
   1.1086977e+01
   1.1109388e+01
   1.1131868e+01
   1.1154418e+01
   1.1177037e+01
   1.1199727e+01
   1.1222486e+01
   1.1245316e+01
   1.1268215e+01
   1.1291185e+01
   1.1314224e+01
   1.1337333e+01
   1.1360513e+01
   1.1383762e+01
   1.1407082e+01
   1.1430472e+01
   1.1453932e+01
   1.1477462e+01
   1.1501062e+01
   1.1524733e+01
   1.1548473e+01
   1.1572284e+01
   1.1596165e+01
   1.1620116e+01
   1.1644138e+01
   1.1668230e+01
   1.1692391e+01
   1.1716623e+01
   1.1740926e+01
   1.1765298e+01
   1.1789740e+01
   1.1814253e+01
   1.1838836e+01
   1.1863488e+01
   1.1888211e+01
   1.1913004e+01
   1.1937866e+01
   1.1962799e+01
   1.1987802e+01
   1.2012874e+01
   1.2038016e+01
   1.2063228e+01
   1.2088509e+01
   1.2113860e+01
   1.2139281e+01
   1.2164771e+01
   1.2190331e+01
   1.2215960e+01
   1.2241658e+01
   1.2267425e+01
   1.2293262e+01
   1.2319167e+01
   1.2345142e+01
   1.2371185e+01
   1.2397297e+01
   1.2423478e+01
   1.2449727e+01
   1.2476044e+01
   1.2502430e+01
   1.2528884e+01
   1.2555406e+01
   1.2581996e+01
   1.2608654e+01
   1.2635379e+01
   1.2662172e+01
   1.2689032e+01
   1.2715960e+01
   1.2742954e+01
   1.2770015e+01
   1.2797143e+01
   1.2824338e+01
   1.2851599e+01
   1.2878926e+01
   1.2906319e+01
   1.2933778e+01
   1.2961303e+01
   1.2988893e+01
   1.3016548e+01
   1.3044268e+01
   1.3072053e+01
   1.3099902e+01
   1.3127816e+01
   1.3155794e+01
   1.3183835e+01
   1.3211941e+01
   1.3240109e+01
   1.3268341e+01
   1.3296635e+01
   1.3324992e+01
   1.3353412e+01
   1.3381893e+01
   1.3410436e+01
   1.3439041e+01
   1.3467706e+01
   1.3496433e+01
   1.3525220e+01
   1.3554067e+01
   1.3582974e+01
   1.3611940e+01
   1.3640966e+01
   1.3670050e+01
   1.3699193e+01
   1.3728394e+01
   1.3757653e+01
   1.3786969e+01
   1.3816343e+01
   1.3845773e+01
   1.3875259e+01
   1.3904801e+01
   1.3934398e+01
   1.3964051e+01
   1.3993758e+01
   1.4023519e+01
   1.4053334e+01
   1.4083203e+01
   1.4113124e+01
   1.4143098e+01
   1.4173123e+01
   1.4203200e+01
   1.4233328e+01
   1.4263507e+01
   1.4293735e+01
   1.4324013e+01
   1.4354341e+01
   1.4384716e+01
   1.4415140e+01
   1.4445611e+01
   1.4476128e+01
   1.4506693e+01
   1.4537303e+01
   1.4567958e+01
   1.4598658e+01
   1.4629402e+01
   1.4660189e+01
   1.4691020e+01
   1.4721893e+01
   1.4752807e+01
   1.4783762e+01
   1.4814758e+01
   1.4845794e+01
   1.4876869e+01
   1.4907983e+01
   1.4939134e+01
   1.4970323e+01
   1.5001548e+01
   1.5032809e+01
   1.5064105e+01
   1.5095435e+01
   1.5126800e+01
   1.5158197e+01
   1.5189627e+01
   1.5221088e+01
   1.5252580e+01
   1.5284102e+01
   1.5315654e+01
   1.5347234e+01
   1.5378842e+01
   1.5410477e+01
   1.5442138e+01
   1.5473825e+01
   1.5505536e+01
   1.5537272e+01
   1.5569030e+01
   1.5600810e+01
   1.5632612e+01
   1.5664434e+01
   1.5696276e+01
   1.5728137e+01
   1.5760016e+01
   1.5791911e+01
   1.5823823e+01
   1.5855750e+01
   1.5887692e+01
   1.5919647e+01
   1.5951615e+01
   1.5983594e+01
   1.6015584e+01
   1.6047584e+01
   1.6079592e+01
   1.6111609e+01
   1.6143632e+01
   1.6175661e+01
   1.6207695e+01
   1.6239734e+01
   1.6271775e+01
   1.6303818e+01
   1.6335863e+01
   1.6367907e+01
   1.6399950e+01
   1.6431991e+01
   1.6464029e+01
   1.6496063e+01
   1.6528092e+01
   1.6560115e+01
   1.6592130e+01
   1.6624137e+01
   1.6656134e+01
   1.6688121e+01
   1.6720097e+01
   1.6752060e+01
   1.6784008e+01
   1.6815943e+01
   1.6847861e+01
   1.6879762e+01
   1.6911644e+01
   1.6943508e+01
   1.6975351e+01
   1.7007172e+01
   1.7038970e+01
   1.7070745e+01
   1.7102494e+01
   1.7134217e+01
   1.7165913e+01
   1.7197580e+01
   1.7229218e+01
   1.7260824e+01
   1.7292398e+01
   1.7323939e+01
   1.7355445e+01
   1.7386916e+01
   1.7418349e+01
   1.7449745e+01
   1.7481101e+01
   1.7512416e+01
   1.7543689e+01
   1.7574920e+01
   1.7606106e+01
   1.7637246e+01
   1.7668340e+01
   1.7699386e+01
   1.7730382e+01
   1.7761327e+01
   1.7792221e+01
   1.7823062e+01
   1.7853848e+01
   1.7884579e+01
   1.7915253e+01
   1.7945868e+01
   1.7976424e+01
   1.8006920e+01
   1.8037353e+01
   1.8067723e+01
   1.8098028e+01
   1.8128267e+01
   1.8158439e+01
   1.8188542e+01
   1.8218575e+01
   1.8248538e+01
   1.8278427e+01
   1.8308243e+01
   1.8337984e+01
   1.8367648e+01
   1.8397234e+01
   1.8426742e+01
   1.8456168e+01
   1.8485513e+01
   1.8514775e+01
   1.8543953e+01
   1.8573044e+01
   1.8602048e+01
   1.8630964e+01
   1.8659790e+01
   1.8688525e+01
   1.8717167e+01
   1.8745716e+01
   1.8774169e+01
   1.8802525e+01
   1.8830783e+01
   1.8858942e+01
   1.8887001e+01
   1.8914957e+01
   1.8942810e+01
   1.8970558e+01
   1.8998199e+01
   1.9025733e+01
   1.9053159e+01
   1.9080474e+01
   1.9107677e+01
   1.9134767e+01
   1.9161743e+01
   1.9188603e+01
   1.9215345e+01
   1.9241969e+01
   1.9268474e+01
   1.9294856e+01
   1.9321116e+01
   1.9347252e+01
   1.9373262e+01
   1.9399146e+01
   1.9424901e+01
   1.9450526e+01
   1.9476020e+01
   1.9501382e+01
   1.9526609e+01
   1.9551702e+01
   1.9576657e+01
   1.9601475e+01
   1.9626153e+01
   1.9650690e+01
   1.9675085e+01
   1.9699336e+01
   1.9723442e+01
   1.9747401e+01
   1.9771212e+01
   1.9794874e+01
   1.9818385e+01
   1.9841744e+01
   1.9864950e+01
   1.9888000e+01
   1.9910894e+01
   1.9933630e+01
   1.9956207e+01
   1.9978623e+01
   2.0000877e+01
   2.0022968e+01
   2.0044893e+01
   2.0066653e+01
   2.0088244e+01
   2.0109667e+01
   2.0130919e+01
   2.0151999e+01
   2.0172905e+01
   2.0193637e+01
   2.0214192e+01
   2.0234570e+01
   2.0254769e+01
   2.0274787e+01
   2.0294623e+01
   2.0314277e+01
   2.0333745e+01
   2.0353027e+01
   2.0372122e+01
   2.0391028e+01
   2.0409743e+01
   2.0428267e+01
   2.0446597e+01
   2.0464733e+01
   2.0482674e+01
   2.0500416e+01
   2.0517960e+01
   2.0535304e+01
   2.0552446e+01
   2.0569386e+01
   2.0586121e+01
   2.0602650e+01
   2.0618972e+01
   2.0635086e+01
   2.0650990e+01
   2.0666683e+01
   2.0682163e+01
   2.0697429e+01
   2.0712480e+01
   2.0727314e+01
   2.0741930e+01
   2.0756327e+01
   2.0770503e+01
   2.0784457e+01
   2.0798188e+01
   2.0811694e+01
   2.0824973e+01
   2.0838026e+01
   2.0850850e+01
   2.0863443e+01
   2.0875806e+01
   2.0887935e+01
   2.0899831e+01
   2.0911492e+01
   2.0922916e+01
   2.0934102e+01
   2.0945049e+01
   2.0955756e+01
   2.0966222e+01
   2.0976444e+01
   2.0986423e+01
   2.0996156e+01
   2.1005643e+01
   2.1014882e+01
   2.1023872e+01
   2.1032612e+01
   2.1041101e+01
   2.1049337e+01
   2.1057320e+01
   2.1065047e+01
   2.1072519e+01
   2.1079734e+01
   2.1086690e+01
   2.1093387e+01
   2.1099823e+01
   2.1105998e+01
   2.1111910e+01
   2.1117558e+01
   2.1122942e+01
   2.1128059e+01
   2.1132909e+01
   2.1137492e+01
   2.1141805e+01
   2.1145848e+01
   2.1149620e+01
   2.1153121e+01
   2.1156347e+01
   2.1159300e+01
   2.1161978e+01
   2.1164380e+01
   2.1166505e+01
   2.1168353e+01
   2.1169921e+01
   2.1171210e+01
   2.1172218e+01
   2.1172946e+01
   2.1173390e+01
   2.1173552e+01
   2.1173430e+01
   2.1173023e+01
   2.1172330e+01
   2.1171352e+01
   2.1170086e+01
   2.1168532e+01
   2.1166689e+01
   2.1164558e+01
   2.1162136e+01
   2.1159423e+01
   2.1156419e+01
   2.1153122e+01
   2.1149533e+01
   2.1145650e+01
   2.1141473e+01
   2.1137001e+01
   2.1132234e+01
   2.1127171e+01
   2.1121811e+01
   2.1116154e+01
   2.1110200e+01
   2.1103947e+01
   2.1097395e+01
   2.1090544e+01
   2.1083393e+01
   2.1075942e+01
   2.1068191e+01
   2.1060137e+01
   2.1051783e+01
   2.1043126e+01
   2.1034166e+01
   2.1024904e+01
   2.1015338e+01
   2.1005469e+01
   2.0995295e+01
   2.0984817e+01
   2.0974035e+01
   2.0962947e+01
   2.0951554e+01
   2.0939855e+01
   2.0927850e+01
   2.0915539e+01
   2.0902921e+01
   2.0889997e+01
   2.0876765e+01
   2.0863226e+01
   2.0849380e+01
   2.0835227e+01
   2.0820765e+01
   2.0805996e+01
   2.0790918e+01
   2.0775532e+01
   2.0759838e+01
   2.0743835e+01
   2.0727523e+01
   2.0710903e+01
   2.0693973e+01
   2.0676735e+01
   2.0659188e+01
   2.0641332e+01
   2.0623166e+01
   2.0604692e+01
   2.0585908e+01
   2.0566816e+01
   2.0547414e+01
   2.0527702e+01
   2.0507682e+01
   2.0487353e+01
   2.0466714e+01
   2.0445767e+01
   2.0424510e+01
   2.0402945e+01
   2.0381071e+01
   2.0358888e+01
   2.0336396e+01
   2.0313596e+01
   2.0290487e+01
   2.0267070e+01
   2.0243345e+01
   2.0219312e+01
   2.0194971e+01
   2.0170322e+01
   2.0145366e+01
   2.0120102e+01
   2.0094531e+01
   2.0068653e+01
   2.0042468e+01
   2.0015977e+01
   1.9989179e+01
   1.9962075e+01
   1.9934664e+01
   1.9906948e+01
   1.9878927e+01
   1.9850600e+01
   1.9821969e+01
   1.9793032e+01
   1.9763791e+01
   1.9734246e+01
   1.9704397e+01
   1.9674244e+01
   1.9643788e+01
   1.9613028e+01
   1.9581966e+01
   1.9550602e+01
   1.9518935e+01
   1.9486966e+01
   1.9454696e+01
   1.9422125e+01
   1.9389253e+01
   1.9356081e+01
   1.9322608e+01
   1.9288835e+01
   1.9254763e+01
   1.9220392e+01
   1.9185723e+01
   1.9150755e+01
   1.9115489e+01
   1.9079925e+01
   1.9044064e+01
   1.9007907e+01
   1.8971453e+01
   1.8934703e+01
   1.8897657e+01
   1.8860317e+01
   1.8822681e+01
   1.8784752e+01
   1.8746528e+01
   1.8708011e+01
   1.8669201e+01
   1.8630098e+01
   1.8590704e+01
   1.8551017e+01
   1.8511040e+01
   1.8470771e+01
   1.8430213e+01
   1.8389364e+01
   1.8348227e+01
   1.8306800e+01
   1.8265085e+01
   1.8223083e+01
   1.8180793e+01
   1.8138216e+01
   1.8095353e+01
   1.8052204e+01
   1.8008770e+01
   1.7965051e+01
   1.7921048e+01
   1.7876761e+01
   1.7832192e+01
   1.7787339e+01
   1.7742205e+01
   1.7696790e+01
   1.7651093e+01
   1.7605117e+01
   1.7558861e+01
   1.7512326e+01
   1.7465512e+01
   1.7418421e+01
   1.7371053e+01
   1.7323408e+01
   1.7275487e+01
   1.7227292e+01
   1.7178821e+01
   1.7130077e+01
   1.7081060e+01
   1.7031770e+01
   1.6982209e+01
   1.6932376e+01
   1.6882274e+01
   1.6831902e+01
   1.6781261e+01
   1.6730352e+01
   1.6679176e+01
   1.6627733e+01
   1.6576025e+01
   1.6524052e+01
   1.6471815e+01
   1.6419315e+01
   1.6366553e+01
   1.6313529e+01
   1.6260246e+01
   1.6206702e+01
   1.6152900e+01
   1.6098841e+01
   1.6044524e+01
   1.5989953e+01
   1.5935126e+01
   1.5880046e+01
   1.5824713e+01
   1.5769129e+01
   1.5713295e+01
   1.5657211e+01
   1.5600879e+01
   1.5544300e+01
   1.5487476e+01
   1.5430407e+01
   1.5373094e+01
   1.5315540e+01
   1.5257744e+01
   1.5199710e+01
   1.5141437e+01
   1.5082928e+01
   1.5024183e+01
   1.4965204e+01
   1.4905994e+01
   1.4846552e+01
   1.4786881e+01
   1.4726982e+01
   1.4666857e+01
   1.4606508e+01
   1.4545935e+01
   1.4485142e+01
   1.4424129e+01
   1.4362899e+01
   1.4301453e+01
   1.4239793e+01
   1.4177922e+01
   1.4115840e+01
   1.4053551e+01
   1.3991055e+01
   1.3928356e+01
   1.3865456e+01
   1.3802356e+01
   1.3739058e+01
   1.3675566e+01
   1.3611881e+01
   1.3548007e+01
   1.3483944e+01
   1.3419696e+01
   1.3355266e+01
   1.3290656e+01
   1.3225868e+01
   1.3160906e+01
   1.3095772e+01
   1.3030469e+01
   1.2965000e+01
   1.2899368e+01
   1.2833576e+01
   1.2767627e+01
   1.2701524e+01
   1.2635271e+01
   1.2568871e+01
   1.2502327e+01
   1.2435642e+01
   1.2368821e+01
   1.2301866e+01
   1.2234781e+01
   1.2167571e+01
   1.2100239e+01
   1.2032788e+01
   1.1965223e+01
   1.1897547e+01
   1.1829766e+01
   1.1761882e+01
   1.1693900e+01
   1.1625825e+01
   1.1557661e+01
   1.1489413e+01
   1.1421084e+01
   1.1352679e+01
   1.1284205e+01
   1.1215664e+01
   1.1147062e+01
   1.1078403e+01
   1.1009694e+01
   1.0940939e+01
   1.0872143e+01
   1.0803311e+01
   1.0734449e+01
   1.0665563e+01
   1.0596657e+01
   1.0527737e+01
   1.0458809e+01
   1.0389878e+01
   1.0320951e+01
   1.0252033e+01
   1.0183130e+01
   1.0114248e+01
   1.0045393e+01
   9.9765720e+00
   9.9077900e+00
   9.8390537e+00
   9.7703693e+00
   9.7017433e+00
   9.6331821e+00
   9.5646922e+00
   9.4962800e+00
   9.4279522e+00
   9.3597154e+00
   9.2915762e+00
   9.2235414e+00
   9.1556177e+00
   9.0878118e+00
   9.0201307e+00
   8.9525811e+00
   8.8851700e+00
   8.8179041e+00
   8.7507905e+00
   8.6838359e+00
   8.6170475e+00
   8.5504320e+00
   8.4839966e+00
   8.4177480e+00
   8.3516932e+00
   8.2858392e+00
   8.2201929e+00
   8.1547612e+00
   8.0895510e+00
   8.0245690e+00
   7.9598222e+00
   7.8953173e+00
   7.8310610e+00
   7.7670601e+00
   7.7033212e+00
   7.6398509e+00
   7.5766558e+00
   7.5137422e+00
   7.4511168e+00
   7.3887856e+00
   7.3267551e+00
   7.2650315e+00
   7.2036207e+00
   7.1425288e+00
   7.0817618e+00
   7.0213254e+00
   6.9612254e+00
   6.9014673e+00
   6.8420567e+00
   6.7829990e+00
   6.7242993e+00
   6.6659629e+00
   6.6079948e+00
   6.5503999e+00
   6.4931829e+00
   6.4363484e+00
   6.3799010e+00
   6.3238450e+00
   6.2681846e+00
   6.2129239e+00
   6.1580667e+00
   6.1036168e+00
   6.0495779e+00
   5.9959534e+00
   5.9427466e+00
   5.8899607e+00
   5.8375986e+00
   5.7856631e+00
   5.7341570e+00
   5.6830827e+00
   5.6324426e+00
   5.5822388e+00
   5.5324734e+00
   5.4831483e+00
   5.4342651e+00
   5.3858254e+00
   5.3378305e+00
   5.2902816e+00
   5.2431799e+00
   5.1965262e+00
   5.1503212e+00
   5.1045655e+00
   5.0592596e+00
   5.0144038e+00
   4.9699981e+00
   4.9260425e+00
   4.8825368e+00
   4.8394808e+00
   4.7968740e+00
   4.7547157e+00
   4.7130052e+00
   4.6717417e+00
   4.6309241e+00
   4.5905514e+00
   4.5506221e+00
   4.5111350e+00
   4.4720885e+00
   4.4334810e+00
   4.3953107e+00
   4.3575758e+00
   4.3202743e+00
   4.2834042e+00
   4.2469632e+00
   4.2109491e+00
   4.1753596e+00
   4.1401921e+00
   4.1054441e+00
   4.0711130e+00
   4.0371960e+00
   4.0036903e+00
   3.9705931e+00
   3.9379014e+00
   3.9056122e+00
   3.8737225e+00
   3.8422290e+00
   3.8111285e+00
   3.7804179e+00
   3.7500938e+00
   3.7201528e+00
   3.6905915e+00
   3.6614065e+00
   3.6325942e+00
   3.6041512e+00
   3.5760739e+00
   3.5483586e+00
   3.5210019e+00
   3.4939999e+00
   3.4673490e+00
   3.4410456e+00
   3.4150859e+00
   3.3894661e+00
   3.3641826e+00
   3.3392316e+00
   3.3146093e+00
   3.2903119e+00
   3.2663357e+00
   3.2426768e+00
   3.2193316e+00
   3.1962962e+00
   3.1735668e+00
   3.1511397e+00
   3.1290112e+00
   3.1071774e+00
   3.0856346e+00
   3.0643791e+00
   3.0434072e+00
   3.0227152e+00
   3.0022993e+00
   2.9821560e+00
   2.9622815e+00
   2.9426723e+00
   2.9233247e+00
   2.9042351e+00
   2.8854000e+00
   2.8668158e+00
   2.8484791e+00
   2.8303863e+00
   2.8125340e+00
   2.7949189e+00
