   5.0949717e-01
   5.0888402e-01
   5.0827174e-01
   5.0766031e-01
   5.0704974e-01
   5.0644002e-01
   5.0583115e-01
   5.0522313e-01
   5.0461597e-01
   5.0400965e-01
   5.0340419e-01
   5.0279956e-01
   5.0219579e-01
   5.0159286e-01
   5.0099077e-01
   5.0038952e-01
   4.9978911e-01
   4.9918954e-01
   4.9859081e-01
   4.9799292e-01
   4.9739586e-01
   4.9679964e-01
   4.9620424e-01
   4.9560968e-01
   4.9501595e-01
   4.9442305e-01
   4.9383098e-01
   4.9323974e-01
   4.9264932e-01
   4.9205972e-01
   4.9147095e-01
   4.9088300e-01
   4.9029587e-01
   4.8970956e-01
   4.8912406e-01
   4.8853939e-01
   4.8795553e-01
   4.8737249e-01
   4.8679025e-01
   4.8620884e-01
   4.8562823e-01
   4.8504843e-01
   4.8446944e-01
   4.8389126e-01
   4.8331388e-01
   4.8273731e-01
   4.8216155e-01
   4.8158658e-01
   4.8101242e-01
   4.8043906e-01
   4.7986650e-01
   4.7929473e-01
   4.7872376e-01
   4.7815359e-01
   4.7758421e-01
   4.7701563e-01
   4.7644784e-01
   4.7588084e-01
   4.7531463e-01
   4.7474920e-01
   4.7418457e-01
   4.7362072e-01
   4.7305766e-01
   4.7249538e-01
   4.7193388e-01
   4.7137317e-01
   4.7081323e-01
   4.7025408e-01
   4.6969570e-01
   4.6913810e-01
   4.6858128e-01
   4.6802523e-01
   4.6746996e-01
   4.6691546e-01
   4.6636173e-01
   4.6580877e-01
   4.6525657e-01
   4.6470515e-01
   4.6415450e-01
   4.6360461e-01
   4.6305548e-01
   4.6250712e-01
   4.6195952e-01
   4.6141268e-01
   4.6086660e-01
   4.6032129e-01
   4.5977672e-01
   4.5923292e-01
   4.5868987e-01
   4.5814758e-01
   4.5760604e-01
   4.5706525e-01
   4.5652522e-01
   4.5598593e-01
   4.5544739e-01
   4.5490961e-01
   4.5437256e-01
   4.5383627e-01
   4.5330072e-01
   4.5276591e-01
   4.5223184e-01
   4.5169852e-01
   4.5116594e-01
   4.5063409e-01
   4.5010299e-01
   4.4957262e-01
   4.4904299e-01
   4.4851409e-01
   4.4798593e-01
   4.4745850e-01
   4.4693180e-01
   4.4640583e-01
   4.4588059e-01
   4.4535608e-01
   4.4483230e-01
   4.4430924e-01
   4.4378691e-01
   4.4326531e-01
   4.4274442e-01
   4.4222426e-01
   4.4170482e-01
   4.4118610e-01
   4.4066810e-01
   4.4015082e-01
   4.3963425e-01
   4.3911840e-01
   4.3860326e-01
   4.3808884e-01
   4.3757513e-01
   4.3706214e-01
   4.3654985e-01
   4.3603827e-01
   4.3552740e-01
   4.3501724e-01
   4.3450779e-01
   4.3399904e-01
   4.3349099e-01
   4.3298365e-01
   4.3247701e-01
   4.3197107e-01
   4.3146583e-01
   4.3096130e-01
   4.3045746e-01
   4.2995431e-01
   4.2945187e-01
   4.2895011e-01
   4.2844906e-01
   4.2794869e-01
   4.2744902e-01
   4.2695004e-01
   4.2645175e-01
   4.2595415e-01
   4.2545723e-01
   4.2496100e-01
   4.2446546e-01
   4.2397061e-01
   4.2347644e-01
   4.2298295e-01
   4.2249014e-01
   4.2199802e-01
   4.2150657e-01
   4.2101581e-01
   4.2052572e-01
   4.2003631e-01
   4.1954757e-01
   4.1905951e-01
   4.1857213e-01
   4.1808541e-01
   4.1759937e-01
   4.1711401e-01
   4.1662931e-01
   4.1614528e-01
   4.1566192e-01
   4.1517922e-01
   4.1469720e-01
   4.1421583e-01
   4.1373514e-01
   4.1325510e-01
   4.1277573e-01
   4.1229702e-01
   4.1181897e-01
   4.1134158e-01
   4.1086485e-01
   4.1038877e-01
   4.0991335e-01
   4.0943859e-01
   4.0896449e-01
   4.0849103e-01
   4.0801823e-01
   4.0754608e-01
   4.0707459e-01
   4.0660374e-01
   4.0613354e-01
   4.0566399e-01
   4.0519509e-01
   4.0472683e-01
   4.0425922e-01
   4.0379225e-01
   4.0332592e-01
   4.0286024e-01
   4.0239520e-01
   4.0193080e-01
   4.0146704e-01
   4.0100392e-01
   4.0054144e-01
   4.0007959e-01
   3.9961838e-01
   3.9915780e-01
   3.9869786e-01
   3.9823855e-01
   3.9777988e-01
   3.9732183e-01
   3.9686442e-01
   3.9640763e-01
   3.9595148e-01
   3.9549595e-01
   3.9504105e-01
   3.9458677e-01
   3.9413312e-01
   3.9368009e-01
   3.9322769e-01
   3.9277590e-01
   3.9232474e-01
   3.9187420e-01
   3.9142428e-01
   3.9097498e-01
   3.9052629e-01
   3.9007823e-01
   3.8963077e-01
   3.8918394e-01
   3.8873771e-01
   3.8829210e-01
   3.8784711e-01
   3.8740272e-01
   3.8695894e-01
   3.8651578e-01
   3.8607322e-01
   3.8563127e-01
   3.8518993e-01
   3.8474919e-01
   3.8430906e-01
   3.8386953e-01
   3.8343061e-01
   3.8299229e-01
   3.8255457e-01
   3.8211745e-01
   3.8168093e-01
   3.8124501e-01
   3.8080969e-01
   3.8037497e-01
   3.7994084e-01
   3.7950731e-01
   3.7907437e-01
   3.7864203e-01
   3.7821028e-01
   3.7777912e-01
   3.7734855e-01
   3.7691858e-01
   3.7648919e-01
   3.7606039e-01
   3.7563218e-01
   3.7520456e-01
   3.7477752e-01
   3.7435107e-01
   3.7392520e-01
   3.7349992e-01
   3.7307522e-01
   3.7265110e-01
   3.7222756e-01
   3.7180461e-01
   3.7138223e-01
   3.7096043e-01
   3.7053921e-01
   3.7011856e-01
   3.6969849e-01
   3.6927900e-01
   3.6886008e-01
   3.6844173e-01
   3.6802396e-01
   3.6760676e-01
   3.6719013e-01
   3.6677407e-01
   3.6635858e-01
   3.6594365e-01
   3.6552930e-01
   3.6511551e-01
   3.6470229e-01
   3.6428963e-01
   3.6387754e-01
   3.6346601e-01
   3.6305505e-01
   3.6264465e-01
   3.6223480e-01
   3.6182552e-01
   3.6141680e-01
   3.6100864e-01
   3.6060103e-01
   3.6019398e-01
   3.5978749e-01
   3.5938155e-01
   3.5897617e-01
   3.5857134e-01
   3.5816707e-01
   3.5776335e-01
   3.5736018e-01
   3.5695756e-01
   3.5655548e-01
   3.5615396e-01
   3.5575299e-01
   3.5535256e-01
   3.5495269e-01
   3.5455335e-01
   3.5415457e-01
   3.5375632e-01
   3.5335862e-01
   3.5296147e-01
   3.5256485e-01
   3.5216878e-01
   3.5177324e-01
   3.5137825e-01
   3.5098379e-01
   3.5058988e-01
   3.5019650e-01
   3.4980365e-01
   3.4941135e-01
   3.4901958e-01
   3.4862834e-01
   3.4823763e-01
   3.4784746e-01
   3.4745782e-01
   3.4706871e-01
   3.4668013e-01
   3.4629208e-01
   3.4590456e-01
   3.4551757e-01
   3.4513111e-01
   3.4474517e-01
   3.4435976e-01
   3.4397487e-01
   3.4359050e-01
   3.4320667e-01
   3.4282335e-01
   3.4244055e-01
   3.4205828e-01
   3.4167653e-01
   3.4129529e-01
   3.4091458e-01
   3.4053438e-01
   3.4015470e-01
   3.3977554e-01
   3.3939689e-01
   3.3901876e-01
   3.3864114e-01
   3.3826404e-01
   3.3788745e-01
   3.3751137e-01
   3.3713581e-01
   3.3676075e-01
   3.3638621e-01
   3.3601217e-01
   3.3563864e-01
   3.3526562e-01
   3.3489311e-01
   3.3452110e-01
   3.3414960e-01
   3.3377861e-01
   3.3340812e-01
   3.3303813e-01
   3.3266864e-01
   3.3229966e-01
   3.3193118e-01
   3.3156320e-01
   3.3119572e-01
   3.3082873e-01
   3.3046225e-01
   3.3009626e-01
   3.2973077e-01
   3.2936578e-01
   3.2900128e-01
   3.2863728e-01
   3.2827377e-01
   3.2791075e-01
   3.2754823e-01
   3.2718620e-01
   3.2682466e-01
   3.2646361e-01
   3.2610305e-01
   3.2574298e-01
   3.2538340e-01
   3.2502430e-01
   3.2466570e-01
   3.2430758e-01
   3.2394994e-01
   3.2359279e-01
   3.2323613e-01
   3.2287994e-01
   3.2252424e-01
   3.2216902e-01
   3.2181429e-01
   3.2146003e-01
   3.2110626e-01
   3.2075296e-01
   3.2040014e-01
   3.2004780e-01
   3.1969594e-01
   3.1934456e-01
   3.1899365e-01
   3.1864321e-01
   3.1829325e-01
   3.1794377e-01
   3.1759475e-01
   3.1724621e-01
   3.1689814e-01
   3.1655054e-01
   3.1620342e-01
   3.1585676e-01
   3.1551057e-01
   3.1516485e-01
   3.1481960e-01
   3.1447481e-01
   3.1413049e-01
   3.1378664e-01
   3.1344325e-01
   3.1310033e-01
   3.1275787e-01
   3.1241587e-01
   3.1207434e-01
   3.1173327e-01
   3.1139265e-01
   3.1105250e-01
   3.1071281e-01
   3.1037358e-01
   3.1003480e-01
   3.0969649e-01
   3.0935863e-01
   3.0902122e-01
   3.0868428e-01
   3.0834778e-01
   3.0801175e-01
   3.0767616e-01
   3.0734103e-01
   3.0700635e-01
   3.0667213e-01
   3.0633835e-01
   3.0600503e-01
   3.0567215e-01
   3.0533973e-01
   3.0500775e-01
   3.0467622e-01
   3.0434514e-01
   3.0401450e-01
   3.0368432e-01
   3.0335457e-01
   3.0302527e-01
   3.0269642e-01
   3.0236801e-01
   3.0204004e-01
   3.0171251e-01
   3.0138543e-01
   3.0105878e-01
   3.0073258e-01
   3.0040682e-01
   3.0008149e-01
   2.9975661e-01
   2.9943216e-01
   2.9910815e-01
   2.9878457e-01
   2.9846143e-01
   2.9813873e-01
   2.9781646e-01
   2.9749462e-01
   2.9717322e-01
   2.9685225e-01
   2.9653172e-01
   2.9621161e-01
   2.9589194e-01
   2.9557269e-01
   2.9525388e-01
   2.9493549e-01
   2.9461754e-01
   2.9430001e-01
   2.9398290e-01
   2.9366623e-01
   2.9334998e-01
   2.9303415e-01
   2.9271876e-01
   2.9240378e-01
   2.9208923e-01
   2.9177510e-01
   2.9146139e-01
   2.9114811e-01
   2.9083525e-01
   2.9052280e-01
   2.9021078e-01
   2.8989918e-01
   2.8958799e-01
   2.8927722e-01
   2.8896687e-01
   2.8865694e-01
   2.8834743e-01
   2.8803832e-01
   2.8772964e-01
   2.8742137e-01
   2.8711351e-01
   2.8680607e-01
   2.8649904e-01
   2.8619242e-01
   2.8588621e-01
   2.8558041e-01
   2.8527503e-01
   2.8497005e-01
   2.8466548e-01
   2.8436133e-01
   2.8405758e-01
   2.8375423e-01
   2.8345130e-01
   2.8314877e-01
   2.8284664e-01
   2.8254492e-01
   2.8224361e-01
   2.8194270e-01
   2.8164219e-01
   2.8134209e-01
   2.8104239e-01
   2.8074308e-01
   2.8044419e-01
   2.8014569e-01
   2.7984759e-01
   2.7954989e-01
   2.7925259e-01
   2.7895568e-01
   2.7865918e-01
   2.7836307e-01
   2.7806736e-01
   2.7777204e-01
   2.7747712e-01
   2.7718260e-01
   2.7688847e-01
   2.7659473e-01
   2.7630138e-01
   2.7600843e-01
   2.7571587e-01
   2.7542370e-01
   2.7513193e-01
   2.7484054e-01
   2.7454954e-01
   2.7425893e-01
   2.7396871e-01
   2.7367888e-01
   2.7338944e-01
   2.7310038e-01
   2.7281171e-01
   2.7252342e-01
   2.7223552e-01
   2.7194801e-01
   2.7166088e-01
   2.7137413e-01
   2.7108776e-01
   2.7080178e-01
   2.7051618e-01
   2.7023096e-01
   2.6994644e-01
   3.0647336e-01
   3.4226044e-01
   3.7735761e-01
   4.1182393e-01
   4.4571410e-01
   4.7907915e-01
   5.1196703e-01
   5.4442314e-01
   5.7649085e-01
   6.0821205e-01
   6.3962799e-01
   6.7078038e-01
   7.0171291e-01
   7.3247334e-01
   7.6311630e-01
   7.9370735e-01
   8.2432859e-01
   8.5508610e-01
   8.8612107e-01
   9.1762569e-01
   9.4986655e-01
   9.8322033e-01
   1.0182314e+00
   1.0557083e+00
   1.0968938e+00
   1.1437859e+00
   1.1997797e+00
   1.2710669e+00
   1.3699207e+00
   1.5231083e+00
   1.7957291e+00
   2.3749333e+00
   3.4176653e+00
   4.0577165e+00
   4.2861253e+00
   4.4667507e+00
   4.6484888e+00
   4.8108886e+00
   4.9405758e+00
   5.0344136e+00
   5.0937893e+00
   5.1216499e+00
   5.1214041e+00
   5.0965177e+00
   5.0503740e+00
   4.9862106e+00
   4.9070673e+00
   4.8157597e+00
   4.7148669e+00
   4.6067229e+00
   4.4603536e+00
   4.3131641e+00
   4.1670627e+00
   4.0249191e+00
   3.8888976e+00
   3.7605863e+00
   3.6410982e+00
   3.5311675e+00
   3.4312237e+00
   3.3414534e+00
   3.2618497e+00
   3.1922621e+00
   3.1324309e+00
   3.0820046e+00
   3.0405790e+00
   3.0077066e+00
   2.9829109e+00
   2.9657042e+00
   2.9555933e+00
   2.9520879e+00
   2.9547038e+00
   2.9629706e+00
   2.9764341e+00
   2.9946560e+00
   3.0172192e+00
   3.0437282e+00
   3.0738062e+00
   3.1070978e+00
   3.1432709e+00
   3.1820138e+00
   3.2230358e+00
   3.2660615e+00
   3.3108390e+00
   3.3571362e+00
   3.4047308e+00
   3.4534234e+00
   3.5030294e+00
   3.5533784e+00
   3.6043108e+00
   3.6556842e+00
   3.7073671e+00
   3.7592395e+00
   3.8111944e+00
   3.8631307e+00
   3.9149608e+00
   3.9666008e+00
   4.0179801e+00
   4.0690307e+00
   4.1196995e+00
   4.1699348e+00
   4.2196899e+00
   4.2689230e+00
   4.3176051e+00
   4.3656991e+00
   4.4131797e+00
   4.4600274e+00
   4.5062257e+00
   4.5517579e+00
   4.5966153e+00
   4.6407863e+00
   4.6842722e+00
   4.7270647e+00
   4.7691587e+00
   4.8105597e+00
   4.8512688e+00
   4.8912864e+00
   4.9306223e+00
   4.9692810e+00
   5.0072716e+00
   5.0446016e+00
   5.0812807e+00
   5.1173185e+00
   5.1527282e+00
   5.1875208e+00
   5.2217067e+00
   5.2552981e+00
   5.2883078e+00
   5.3207473e+00
   5.3526337e+00
   5.3839765e+00
   5.4147932e+00
   5.4450953e+00
   5.4748962e+00
   5.5042086e+00
   5.5330475e+00
   5.5614233e+00
   5.5893530e+00
   5.6168459e+00
   5.6439171e+00
   5.6705784e+00
   5.6968422e+00
   5.7227219e+00
   5.7482293e+00
   5.7733761e+00
   5.7981706e+00
   5.8226318e+00
   5.8467672e+00
   5.8705858e+00
   5.8940993e+00
   5.9173202e+00
   5.9402552e+00
   5.9629155e+00
   5.9853111e+00
   6.0074518e+00
   6.0293461e+00
   6.0510020e+00
   6.0724302e+00
   6.0936388e+00
   6.1146334e+00
   6.1354255e+00
   6.1560191e+00
   6.1764240e+00
   6.1966460e+00
   6.2166936e+00
   6.2365743e+00
   6.2562947e+00
   6.2758595e+00
   6.2952759e+00
   6.3145487e+00
   6.3336828e+00
   6.3526861e+00
   6.3715654e+00
   6.3903237e+00
   6.4089689e+00
   6.4275023e+00
   6.4459301e+00
   6.4642563e+00
   6.4824906e+00
   6.5006335e+00
   6.5186908e+00
   6.5366669e+00
   6.5545631e+00
   6.5723886e+00
   6.5901446e+00
   6.6078330e+00
   6.6254616e+00
   6.6430302e+00
   6.6605476e+00
   6.6780140e+00
   6.6954326e+00
   6.7128096e+00
   6.7301485e+00
   6.7474528e+00
   6.7647239e+00
   6.7819651e+00
   6.7991822e+00
   6.8163773e+00
   6.8335522e+00
   6.8507112e+00
   6.8678603e+00
   6.8850003e+00
   6.9021340e+00
   6.9192663e+00
   6.9364018e+00
   6.9535413e+00
   6.9706856e+00
   6.9878390e+00
   7.0050117e+00
   7.0222024e+00
   7.0394144e+00
   7.0566504e+00
   7.0739156e+00
   7.0912114e+00
   7.1085441e+00
   7.1259161e+00
   7.1433319e+00
   7.1607938e+00
   7.1783053e+00
   7.1958718e+00
   7.2134942e+00
   7.2311805e+00
   7.2489335e+00
   7.2667579e+00
   7.2846560e+00
   7.3026332e+00
   7.3206904e+00
   7.3388333e+00
   7.3570684e+00
   7.3754025e+00
   7.3938384e+00
   7.4123792e+00
   7.4310322e+00
   7.4498019e+00
   7.4686927e+00
   7.4877103e+00
   7.5068577e+00
   7.5261410e+00
   7.5455678e+00
   7.5651396e+00
   7.5848635e+00
   7.6047421e+00
   7.6247834e+00
   7.6449915e+00
   7.6653773e+00
   7.6859380e+00
   7.7066777e+00
   7.7276087e+00
   7.7487277e+00
   7.7700430e+00
   7.7915567e+00
   7.8132719e+00
   7.8351965e+00
   7.8573307e+00
   7.8796756e+00
   7.9022325e+00
   7.9250027e+00
   7.9479906e+00
   7.9711908e+00
   7.9946052e+00
   8.0182341e+00
   8.0420706e+00
   8.0661121e+00
   8.0903594e+00
   8.1148054e+00
   8.1394480e+00
   8.1642751e+00
   8.1892792e+00
   8.2144551e+00
   8.2397930e+00
   8.2652880e+00
   8.2909312e+00
   8.3167094e+00
   8.3426127e+00
   8.3686344e+00
   8.3947619e+00
   8.4209835e+00
   8.4472855e+00
   8.4736571e+00
   8.5000948e+00
   8.5265835e+00
   8.5531111e+00
   8.5796682e+00
   8.6062449e+00
   8.6328272e+00
   8.6594091e+00
   8.6859824e+00
   8.7125416e+00
   8.7390732e+00
   8.7655683e+00
   8.7920198e+00
   8.8184216e+00
   8.8447674e+00
   8.8710497e+00
   8.8972570e+00
   8.9233899e+00
   8.9494422e+00
   8.9754116e+00
   9.0012891e+00
   9.0270724e+00
   9.0527537e+00
   9.0783366e+00
   9.1038142e+00
   9.1291816e+00
   9.1544397e+00
   9.1795825e+00
   9.2046099e+00
   9.2295229e+00
   9.2543202e+00
   9.2790010e+00
   9.3035638e+00
   9.3279994e+00
   9.3523141e+00
   9.3765045e+00
   9.4005720e+00
   9.4245160e+00
   9.4483399e+00
   9.4720460e+00
   9.4956228e+00
   9.5190738e+00
   9.5424076e+00
   9.5656129e+00
   9.5886934e+00
   9.6116511e+00
   9.6344992e+00
   9.6572181e+00
   9.6798164e+00
   9.7022988e+00
   9.7246629e+00
   9.7469049e+00
   9.7690283e+00
   9.7910400e+00
   9.8129359e+00
   9.8347112e+00
   9.8563767e+00
   9.8779293e+00
   9.8993663e+00
   9.9206976e+00
   9.9419176e+00
   9.9630241e+00
   9.9840283e+00
   1.0004928e+01
   1.0025718e+01
   1.0046398e+01
   1.0066976e+01
   1.0087447e+01
   1.0107813e+01
   1.0128082e+01
   1.0148249e+01
   1.0168316e+01
   1.0188285e+01
   1.0208151e+01
   1.0227917e+01
   1.0247585e+01
   1.0267158e+01
   1.0286636e+01
   1.0306016e+01
   1.0325305e+01
   1.0344502e+01
   1.0363605e+01
   1.0382617e+01
   1.0401542e+01
   1.0420371e+01
   1.0439109e+01
   1.0457765e+01
   1.0476330e+01
   1.0494809e+01
   1.0513202e+01
   1.0531506e+01
   1.0549730e+01
   1.0567869e+01
   1.0585923e+01
   1.0603895e+01
   1.0621786e+01
   1.0639592e+01
   1.0657320e+01
   1.0674972e+01
   1.0692540e+01
   1.0710029e+01
   1.0727442e+01
   1.0744776e+01
   1.0762034e+01
   1.0779218e+01
   1.0796326e+01
   1.0813361e+01
   1.0830323e+01
   1.0847210e+01
   1.0864024e+01
   1.0880764e+01
   1.0897434e+01
   1.0914034e+01
   1.0930563e+01
   1.0947022e+01
   1.0963410e+01
   1.0979735e+01
   1.0995991e+01
   1.1012181e+01
   1.1028305e+01
   1.1044365e+01
   1.1060355e+01
   1.1076279e+01
   1.1092138e+01
   1.1107936e+01
   1.1123673e+01
   1.1139344e+01
   1.1154951e+01
   1.1170500e+01
   1.1185987e+01
   1.1201418e+01
   1.1216785e+01
   1.1232096e+01
   1.1247346e+01
   1.1262537e+01
   1.1277672e+01
   1.1292747e+01
   1.1307770e+01
   1.1322734e+01
   1.1337645e+01
   1.1352498e+01
   1.1367298e+01
   1.1382043e+01
   1.1396737e+01
   1.1411375e+01
   1.1425958e+01
   1.1440491e+01
   1.1454974e+01
   1.1469407e+01
   1.1483787e+01
   1.1498116e+01
   1.1512399e+01
   1.1526634e+01
   1.1540822e+01
   1.1554961e+01
   1.1569051e+01
   1.1583092e+01
   1.1597084e+01
   1.1611030e+01
   1.1624930e+01
   1.1638784e+01
   1.1652594e+01
   1.1666360e+01
   1.1680083e+01
   1.1693759e+01
   1.1707391e+01
   1.1720980e+01
   1.1734529e+01
   1.1748032e+01
   1.1761496e+01
   1.1774922e+01
   1.1788303e+01
   1.1801644e+01
   1.1814946e+01
   1.1828203e+01
   1.1841422e+01
   1.1854604e+01
   1.1867747e+01
   1.1880853e+01
   1.1893920e+01
   1.1906949e+01
   1.1919940e+01
   1.1932893e+01
   1.1945807e+01
   1.1958684e+01
   1.1971527e+01
   1.1984334e+01
   1.1997106e+01
   1.2009843e+01
   1.2022544e+01
   1.2035213e+01
   1.2047850e+01
   1.2060450e+01
   1.2073017e+01
   1.2085553e+01
   1.2098052e+01
   1.2110520e+01
   1.2122954e+01
   1.2135355e+01
   1.2147725e+01
   1.2160063e+01
   1.2172369e+01
   1.2184649e+01
   1.2196896e+01
   1.2209110e+01
   1.2221296e+01
   1.2233454e+01
   1.2245580e+01
   1.2257680e+01
   1.2269749e+01
   1.2281791e+01
   1.2293804e+01
   1.2305786e+01
   1.2317741e+01
   1.2329673e+01
   1.2341576e+01
   1.2353450e+01
   1.2365298e+01
   1.2377117e+01
   1.2388909e+01
   1.2400678e+01
   1.2412421e+01
   1.2424135e+01
   1.2435823e+01
   1.2447487e+01
   1.2459126e+01
   1.2470741e+01
   1.2482333e+01
   1.2493900e+01
   1.2505443e+01
   1.2516958e+01
   1.2528448e+01
   1.2539917e+01
   1.2551362e+01
   1.2562783e+01
   1.2574183e+01
   1.2585559e+01
   1.2596912e+01
   1.2608245e+01
   1.2619553e+01
   1.2630840e+01
   1.2642107e+01
   1.2653350e+01
   1.2664571e+01
   1.2675773e+01
   1.2686952e+01
   1.2698111e+01
   1.2709250e+01
   1.2720367e+01
   1.2731464e+01
   1.2742542e+01
   1.2753598e+01
   1.2764632e+01
   1.2775645e+01
   1.2786640e+01
   1.2797614e+01
   1.2808570e+01
   1.2819509e+01
   1.2830428e+01
   1.2841329e+01
   1.2852209e+01
   1.2863069e+01
   1.2873914e+01
   1.2884740e+01
   1.2895547e+01
   1.2906335e+01
   1.2917109e+01
   1.2927864e+01
   1.2938600e+01
   1.2949320e+01
   1.2960021e+01
   1.2970705e+01
   1.2981377e+01
   1.2992031e+01
   1.3002667e+01
   1.3013285e+01
   1.3023885e+01
   1.3034470e+01
   1.3045039e+01
   1.3055593e+01
   1.3066130e+01
   1.3076649e+01
   1.3087156e+01
   1.3097648e+01
   1.3108121e+01
   1.3118577e+01
   1.3129019e+01
   1.3139449e+01
   1.3149861e+01
   1.3160256e+01
   1.3170640e+01
   1.3181012e+01
   1.3191367e+01
   1.3201704e+01
   1.3212027e+01
   1.3222339e+01
   1.3232639e+01
   1.3242922e+01
   1.3253192e+01
   1.3263448e+01
   1.3273689e+01
   1.3283914e+01
   1.3294128e+01
   1.3304329e+01
   1.3314516e+01
   1.3324692e+01
   1.3334854e+01
   1.3345001e+01
   1.3355137e+01
   1.3365259e+01
   1.3375368e+01
   1.3385468e+01
   1.3395554e+01
   1.3405628e+01
   1.3415689e+01
   1.3425737e+01
   1.3435774e+01
   1.3445798e+01
   1.3455812e+01
   1.3465815e+01
   1.3475802e+01
   1.3485777e+01
   1.3495741e+01
   1.3505698e+01
   1.3515639e+01
   1.3525569e+01
   1.3535490e+01
   1.3545399e+01
   1.3555296e+01
   1.3565184e+01
   1.3575059e+01
   1.3584926e+01
   1.3594781e+01
   1.3604625e+01
   1.3614457e+01
   1.3624277e+01
   1.3634087e+01
   1.3643885e+01
   1.3653675e+01
   1.3663452e+01
   1.3673225e+01
   1.3682988e+01
   1.3692738e+01
   1.3702478e+01
   1.3712206e+01
   1.3721925e+01
   1.3731634e+01
   1.3741334e+01
   1.3751023e+01
   1.3760704e+01
   1.3770376e+01
   1.3780039e+01
   1.3789694e+01
   1.3799341e+01
   1.3808975e+01
   1.3818600e+01
   1.3828219e+01
   1.3837828e+01
   1.3847426e+01
   1.3857015e+01
   1.3866596e+01
   1.3876166e+01
   1.3885729e+01
   1.3895285e+01
   1.3904831e+01
   1.3914371e+01
   1.3923901e+01
   1.3933421e+01
   1.3942935e+01
   1.3952441e+01
   1.3961938e+01
   1.3971426e+01
   1.3980906e+01
   1.3990378e+01
   1.3999842e+01
   1.4009299e+01
   1.4018747e+01
   1.4028187e+01
   1.4037618e+01
   1.4047045e+01
   1.4056462e+01
   1.4065872e+01
   1.4075276e+01
   1.4084673e+01
   1.4094060e+01
   1.4103436e+01
   1.4112806e+01
   1.4122170e+01
   1.4131527e+01
   1.4140878e+01
   1.4150221e+01
   1.4159557e+01
   1.4168887e+01
   1.4178211e+01
   1.4187529e+01
   1.4196836e+01
   1.4206143e+01
   1.4215438e+01
   1.4224727e+01
   1.4234008e+01
   1.4243284e+01
   1.4252555e+01
   1.4261816e+01
   1.4271073e+01
   1.4280323e+01
   1.4289566e+01
   1.4298802e+01
   1.4308030e+01
   1.4317252e+01
   1.4326469e+01
   1.4335677e+01
   1.4344882e+01
   1.4354082e+01
   1.4363275e+01
   1.4372463e+01
   1.4381640e+01
   1.4390813e+01
   1.4399982e+01
   1.4409146e+01
   1.4418302e+01
   1.4427453e+01
   1.4436602e+01
   1.4445741e+01
   1.4454879e+01
   1.4464008e+01
   1.4473128e+01
   1.4482244e+01
   1.4491357e+01
   1.4500462e+01
   1.4509563e+01
   1.4518660e+01
   1.4527752e+01
   1.4536835e+01
   1.4545913e+01
   1.4554988e+01
   1.4564062e+01
   1.4573126e+01
   1.4582185e+01
   1.4591240e+01
   1.4600289e+01
   1.4609335e+01
   1.4618371e+01
   1.4627404e+01
   1.4636429e+01
   1.4645455e+01
   1.4654471e+01
   1.4663487e+01
   1.4672499e+01
   1.4681505e+01
   1.4690506e+01
   1.4699501e+01
   1.4708492e+01
   1.4717478e+01
   1.4726460e+01
   1.4735438e+01
   1.4744413e+01
   1.4753379e+01
   1.4762344e+01
   1.4771303e+01
   1.4780257e+01
   1.4789207e+01
   1.4798154e+01
   1.4807098e+01
   1.4816035e+01
   1.4824964e+01
   1.4833889e+01
   1.4842816e+01
   1.4851736e+01
   1.4860656e+01
   1.4869565e+01
   1.4878475e+01
   1.4887381e+01
   1.4896280e+01
   1.4905177e+01
   1.4914069e+01
   1.4922961e+01
   1.4931843e+01
   1.4940725e+01
   1.4949602e+01
   1.4958477e+01
   1.4967344e+01
   1.4976208e+01
   1.4985073e+01
   1.4993929e+01
   1.5002785e+01
   1.5011636e+01
   1.5020485e+01
   1.5029327e+01
   1.5038167e+01
   1.5047001e+01
   1.5055836e+01
   1.5064666e+01
   1.5073490e+01
   1.5082314e+01
   1.5091131e+01
   1.5099942e+01
   1.5108754e+01
   1.5117564e+01
   1.5126371e+01
   1.5135172e+01
   1.5143974e+01
   1.5152768e+01
   1.5161558e+01
   1.5170349e+01
   1.5179139e+01
   1.5187920e+01
   1.5196695e+01
   1.5205472e+01
   1.5214246e+01
   1.5223020e+01
   1.5231787e+01
   1.5240548e+01
   1.5249310e+01
   1.5258069e+01
   1.5266826e+01
   1.5275580e+01
   1.5284328e+01
   1.5293074e+01
   1.5301819e+01
   1.5310560e+01
   1.5319298e+01
   1.5328033e+01
   1.5336766e+01
   1.5345494e+01
   1.5354220e+01
   1.5362944e+01
   1.5371665e+01
   1.5380377e+01
   1.5389092e+01
   1.5397804e+01
   1.5406514e+01
   1.5415217e+01
   1.5423922e+01
   1.5432624e+01
   1.5441324e+01
   1.5450019e+01
   1.5458713e+01
   1.5467405e+01
   1.5476094e+01
   1.5484781e+01
   1.5493467e+01
   1.5502149e+01
   1.5510824e+01
   1.5519502e+01
   1.5528177e+01
   1.5536849e+01
   1.5545516e+01
   1.5554185e+01
   1.5562851e+01
   1.5571510e+01
   1.5580172e+01
   1.5588827e+01
   1.5597479e+01
   1.5606134e+01
   1.5614783e+01
   1.5623434e+01
   1.5632083e+01
   1.5640729e+01
   1.5649368e+01
   1.5658005e+01
   1.5666641e+01
   1.5675276e+01
   1.5683909e+01
   1.5692542e+01
   1.5701172e+01
   1.5709798e+01
   1.5718424e+01
   1.5727048e+01
   1.5735669e+01
   1.5744289e+01
   1.5752906e+01
   1.5761522e+01
   1.5770135e+01
   1.5778745e+01
   1.5787355e+01
   1.5795964e+01
   1.5804570e+01
   1.5813178e+01
   1.5821779e+01
   1.5830380e+01
   1.5838980e+01
   1.5847579e+01
   1.5856179e+01
   1.5864777e+01
   1.5873369e+01
   1.5881961e+01
   1.5890547e+01
   1.5899135e+01
   1.5907721e+01
   1.5916307e+01
   1.5924890e+01
   1.5933469e+01
   1.5942051e+01
   1.5950627e+01
   1.5959204e+01
   1.5967776e+01
   1.5976349e+01
   1.5984917e+01
   1.5993485e+01
   1.6002050e+01
   1.6010617e+01
   1.6019181e+01
   1.6027745e+01
   1.6036313e+01
   1.6044873e+01
   1.6053434e+01
   1.6061993e+01
   1.6070552e+01
   1.6079106e+01
   1.6087661e+01
   1.6096209e+01
   1.6104761e+01
   1.6113308e+01
   1.6121860e+01
   1.6130408e+01
   1.6138959e+01
   1.6147505e+01
   1.6156047e+01
   1.6164585e+01
   1.6173128e+01
   1.6181665e+01
   1.6190206e+01
   1.6198742e+01
   1.6207276e+01
   1.6215809e+01
   1.6224340e+01
   1.6232873e+01
   1.6241403e+01
   1.6249931e+01
   1.6258462e+01
   1.6266989e+01
   1.6275515e+01
   1.6284040e+01
   1.6292561e+01
   1.6301082e+01
   1.6309603e+01
   1.6318124e+01
   1.6326643e+01
   1.6335166e+01
   1.6343687e+01
   1.6352204e+01
   1.6360719e+01
   1.6369237e+01
   1.6377752e+01
   1.6386266e+01
   1.6394778e+01
   1.6403291e+01
   1.6411800e+01
   1.6420312e+01
   1.6428820e+01
   1.6437327e+01
   1.6445832e+01
   1.6454339e+01
   1.6462845e+01
   1.6471351e+01
   1.6479856e+01
   1.6488360e+01
   1.6496865e+01
   1.6505364e+01
   1.6513863e+01
   1.6522361e+01
   1.6530859e+01
   1.6539352e+01
   1.6547848e+01
   1.6556343e+01
   1.6564839e+01
   1.6573337e+01
   1.6581831e+01
   1.6590322e+01
   1.6598819e+01
   1.6607313e+01
   1.6615801e+01
   1.6624287e+01
   1.6632780e+01
   1.6641273e+01
   1.6649761e+01
   1.6658249e+01
   1.6666740e+01
   1.6675226e+01
   1.6683714e+01
   1.6692206e+01
   1.6700695e+01
   1.6709180e+01
   1.6717663e+01
   1.6726149e+01
   1.6734640e+01
   1.6743123e+01
   1.6751609e+01
   1.6760092e+01
   1.6768575e+01
   1.6777060e+01
   1.6785545e+01
   1.6794029e+01
   1.6802512e+01
   1.6810996e+01
   1.6819481e+01
   1.6827960e+01
   1.6836439e+01
   1.6844923e+01
   1.6853408e+01
   1.6861892e+01
   1.6870376e+01
   1.6878854e+01
   1.6887337e+01
   1.6895821e+01
   1.6904301e+01
   1.6912780e+01
   1.6921259e+01
   1.6929736e+01
   1.6938217e+01
   1.6946696e+01
   1.6955180e+01
   1.6963661e+01
   1.6972140e+01
   1.6980626e+01
   1.6989105e+01
   1.6997587e+01
   1.7006070e+01
   1.7014550e+01
   1.7023034e+01
   1.7031517e+01
   1.7039996e+01
   1.7048479e+01
   1.7056958e+01
   1.7065436e+01
   1.7073920e+01
   1.7082401e+01
   1.7090881e+01
   1.7099367e+01
   1.7107852e+01
   1.7116336e+01
   1.7124820e+01
   1.7133301e+01
   1.7141784e+01
   1.7150268e+01
   1.7158750e+01
   1.7167236e+01
   1.7175723e+01
   1.7184211e+01
   1.7192696e+01
   1.7201183e+01
   1.7209673e+01
   1.7218160e+01
   1.7226645e+01
   1.7235137e+01
   1.7243627e+01
   1.7252114e+01
   1.7260606e+01
   1.7269096e+01
   1.7277590e+01
   1.7286084e+01
   1.7294574e+01
   1.7303066e+01
   1.7311558e+01
   1.7320051e+01
   1.7328551e+01
   1.7337046e+01
   1.7345542e+01
   1.7354036e+01
   1.7362534e+01
   1.7371037e+01
   1.7379536e+01
   1.7388037e+01
   1.7396539e+01
   1.7405036e+01
   1.7413544e+01
   1.7422054e+01
   1.7430561e+01
   1.7439074e+01
   1.7447586e+01
   1.7456097e+01
   1.7464613e+01
   1.7473126e+01
   1.7481643e+01
   1.7490156e+01
   1.7498664e+01
   1.7507175e+01
   1.7515693e+01
   1.7524210e+01
   1.7532724e+01
   1.7541242e+01
   1.7549760e+01
   1.7558293e+01
   1.7566825e+01
   1.7575348e+01
   1.7583871e+01
   1.7592395e+01
   1.7600922e+01
   1.7609448e+01
   1.7617977e+01
   1.7626508e+01
   1.7635041e+01
   1.7643575e+01
   1.7652112e+01
   1.7660648e+01
   1.7669181e+01
   1.7677716e+01
   1.7686264e+01
   1.7694809e+01
   1.7703359e+01
   1.7711906e+01
   1.7720453e+01
   1.7728998e+01
   1.7737546e+01
   1.7746106e+01
   1.7754664e+01
   1.7763228e+01
   1.7771788e+01
   1.7780342e+01
   1.7788904e+01
   1.7797467e+01
   1.7806034e+01
   1.7814600e+01
   1.7823171e+01
   1.7831747e+01
   1.7840328e+01
   1.7848902e+01
   1.7857480e+01
   1.7866057e+01
   1.7874636e+01
   1.7883221e+01
   1.7891806e+01
   1.7900394e+01
   1.7908981e+01
   1.7917577e+01
   1.7926174e+01
   1.7934774e+01
   1.7943373e+01
   1.7951972e+01
   1.7960584e+01
   1.7969194e+01
   1.7977815e+01
   1.7986433e+01
   1.7995052e+01
   1.8003666e+01
   1.8012290e+01
   1.8020916e+01
   1.8029541e+01
   1.8038171e+01
   1.8046798e+01
   1.8055433e+01
   1.8064069e+01
   1.8072709e+01
   1.8081355e+01
   1.8089995e+01
   1.8098633e+01
   1.8107287e+01
   1.8115935e+01
   1.8124582e+01
   1.8133240e+01
   1.8141909e+01
   1.8150571e+01
   1.8159240e+01
   1.8167904e+01
   1.8176568e+01
   1.8185238e+01
   1.8193908e+01
   1.8202582e+01
   1.8211265e+01
   1.8219949e+01
   1.8228642e+01
   1.8237341e+01
   1.8246038e+01
   1.8254736e+01
   1.8263442e+01
   1.8272156e+01
   1.8280867e+01
   1.8289582e+01
   1.8298297e+01
   1.8307017e+01
   1.8315744e+01
   1.8324473e+01
   1.8333197e+01
   1.8341930e+01
   1.8350663e+01
   1.8359398e+01
   1.8368155e+01
   1.8376906e+01
   1.8385661e+01
   1.8394417e+01
   1.8403175e+01
   1.8411940e+01
   1.8420711e+01
   1.8429485e+01
   1.8438267e+01
   1.8447040e+01
   1.8455820e+01
   1.8464607e+01
   1.8473405e+01
   1.8482201e+01
   1.8491004e+01
   1.8499812e+01
   1.8508620e+01
   1.8517429e+01
   1.8526252e+01
   1.8535070e+01
   1.8543887e+01
   1.8552716e+01
   1.8561552e+01
   1.8570390e+01
   1.8579230e+01
   1.8588090e+01
   1.8596949e+01
   1.8605809e+01
   1.8614678e+01
   1.8623553e+01
   1.8632420e+01
   1.8641293e+01
   1.8650169e+01
   1.8659055e+01
   1.8667945e+01
   1.8676837e+01
   1.8685737e+01
   1.8694640e+01
   1.8703553e+01
   1.8712467e+01
   1.8721386e+01
   1.8730313e+01
   1.8739243e+01
   1.8748178e+01
   1.8757121e+01
   1.8766065e+01
   1.8775014e+01
   1.8783969e+01
   1.8792935e+01
   1.8801905e+01
   1.8810878e+01
   1.8819861e+01
   1.8828845e+01
   1.8837831e+01
   1.8846830e+01
   1.8855835e+01
   1.8864847e+01
   1.8873861e+01
   1.8882884e+01
   1.8891914e+01
   1.8900947e+01
   1.8909983e+01
   1.8919019e+01
   1.8928072e+01
   1.8937130e+01
   1.8946199e+01
   1.8955268e+01
   1.8964338e+01
   1.8973417e+01
   1.8982502e+01
   1.8991602e+01
   1.9000701e+01
   1.9009811e+01
   1.9018922e+01
   1.9028038e+01
   1.9037159e+01
   1.9046294e+01
   1.9055434e+01
   1.9064581e+01
   1.9073733e+01
   1.9082888e+01
   1.9092052e+01
   1.9101221e+01
   1.9110403e+01
   1.9119589e+01
   1.9128781e+01
   1.9137982e+01
   1.9147188e+01
   1.9156401e+01
   1.9165619e+01
   1.9174849e+01
   1.9184089e+01
   1.9193330e+01
   1.9202579e+01
   1.9211837e+01
   1.9221103e+01
   1.9230373e+01
   1.9239656e+01
   1.9248947e+01
   1.9258239e+01
   1.9267539e+01
   1.9276850e+01
   1.9286167e+01
   1.9295498e+01
   1.9304831e+01
   1.9314172e+01
   1.9323522e+01
   1.9332875e+01
   1.9342244e+01
   1.9351617e+01
   1.9361001e+01
   1.9370392e+01
   1.9379786e+01
   1.9389200e+01
   1.9398616e+01
   1.9408037e+01
   1.9417466e+01
   1.9426905e+01
   1.9436353e+01
   1.9445813e+01
   1.9455286e+01
   1.9464774e+01
   1.9474260e+01
   1.9483753e+01
   1.9493256e+01
   1.9502770e+01
   1.9512288e+01
   1.9521821e+01
   1.9531355e+01
   1.9540899e+01
   1.9550457e+01
   1.9560021e+01
   1.9569594e+01
   1.9579182e+01
   1.9588777e+01
   1.9598381e+01
   1.9607990e+01
   1.9617611e+01
   1.9627236e+01
   1.9636879e+01
   1.9646534e+01
   1.9656205e+01
   1.9665885e+01
   1.9675575e+01
   1.9685266e+01
   1.9694966e+01
   1.9704678e+01
   1.9714400e+01
   1.9724134e+01
   1.9733880e+01
   1.9743631e+01
   1.9753392e+01
   1.9763171e+01
   1.9772959e+01
   1.9782751e+01
   1.9792557e+01
   1.9802372e+01
   1.9812198e+01
   1.9822030e+01
   1.9831878e+01
   1.9841735e+01
   1.9851605e+01
   1.9861494e+01
   1.9871389e+01
   1.9881295e+01
   1.9891221e+01
   1.9901148e+01
   1.9911086e+01
   1.9921033e+01
   1.9930995e+01
   1.9940970e+01
   1.9950954e+01
   1.9960947e+01
   1.9970950e+01
   1.9980965e+01
   1.9990996e+01
   2.0001045e+01
   2.0011100e+01
   2.0021169e+01
   2.0031248e+01
   2.0041334e+01
   2.0051439e+01
   2.0061553e+01
   2.0071680e+01
   2.0081813e+01
   2.0091959e+01
   2.0102117e+01
   2.0112289e+01
   2.0122478e+01
   2.0132687e+01
   2.0142904e+01
   2.0153136e+01
   2.0163379e+01
   2.0173630e+01
   2.0183897e+01
   2.0194185e+01
   2.0204485e+01
   2.0214799e+01
   2.0225117e+01
   2.0235447e+01
   2.0245792e+01
   2.0256148e+01
   2.0266519e+01
   2.0276904e+01
   2.0287311e+01
   2.0297726e+01
   2.0308153e+01
   2.0318598e+01
   2.0329052e+01
   2.0339519e+01
   2.0350013e+01
   2.0360512e+01
   2.0371025e+01
   2.0381558e+01
   2.0392096e+01
   2.0402649e+01
   2.0413216e+01
   2.0423801e+01
   2.0434408e+01
   2.0445034e+01
   2.0455660e+01
   2.0466300e+01
   2.0476955e+01
   2.0487622e+01
   2.0498307e+01
   2.0509007e+01
   2.0519727e+01
   2.0530459e+01
   2.0541205e+01
   2.0551965e+01
   2.0562743e+01
   2.0573541e+01
   2.0584351e+01
   2.0595179e+01
   2.0606024e+01
   2.0616882e+01
   2.0627752e+01
   2.0638645e+01
   2.0649553e+01
   2.0660476e+01
   2.0671410e+01
   2.0682372e+01
   2.0693355e+01
   2.0704344e+01
   2.0715356e+01
   2.0726378e+01
   2.0737411e+01
   2.0748467e+01
   2.0759536e+01
   2.0770623e+01
   2.0781734e+01
   2.0792854e+01
   2.0803993e+01
   2.0815145e+01
   2.0826315e+01
   2.0837504e+01
   2.0848708e+01
   2.0859938e+01
   2.0871178e+01
   2.0882437e+01
   2.0893712e+01
   2.0905006e+01
   2.0916319e+01
   2.0927649e+01
   2.0938993e+01
   2.0950360e+01
   2.0961745e+01
   2.0973146e+01
   2.0984566e+01
   2.0996006e+01
   2.1007466e+01
   2.1018943e+01
   2.1030439e+01
   2.1041951e+01
   2.1053483e+01
   2.1065036e+01
   2.1076604e+01
   2.1088193e+01
   2.1099798e+01
   2.1111423e+01
   2.1123071e+01
   2.1134735e+01
   2.1146422e+01
   2.1158125e+01
   2.1169853e+01
   2.1181598e+01
   2.1193361e+01
   2.1205147e+01
   2.1216956e+01
   2.1228782e+01
   2.1240623e+01
   2.1252489e+01
   2.1264373e+01
   2.1276277e+01
   2.1288200e+01
   2.1300145e+01
   2.1312109e+01
   2.1324095e+01
   2.1336104e+01
   2.1348133e+01
   2.1360184e+01
   2.1372253e+01
   2.1384343e+01
   2.1396455e+01
   2.1408587e+01
   2.1420741e+01
   2.1432916e+01
   2.1445110e+01
   2.1457328e+01
   2.1469568e+01
   2.1481828e+01
   2.1494107e+01
   2.1506411e+01
   2.1518732e+01
   2.1531083e+01
   2.1543450e+01
   2.1555839e+01
   2.1568252e+01
   2.1580688e+01
   2.1593148e+01
   2.1605627e+01
   2.1618128e+01
   2.1630654e+01
   2.1643202e+01
   2.1655774e+01
   2.1668367e+01
   2.1680980e+01
   2.1693615e+01
   2.1706277e+01
   2.1718962e+01
   2.1731670e+01
   2.1744400e+01
   2.1757153e+01
   2.1769931e+01
   2.1782730e+01
   2.1795554e+01
   2.1808402e+01
   2.1821273e+01
   2.1834172e+01
   2.1847089e+01
   2.1860033e+01
   2.1873000e+01
   2.1885991e+01
   2.1899008e+01
   2.1912051e+01
   2.1925117e+01
   2.1938203e+01
   2.1951314e+01
   2.1964450e+01
   2.1977611e+01
   2.1990796e+01
   2.2004005e+01
   2.2017236e+01
   2.2030496e+01
   2.2043781e+01
   2.2057090e+01
   2.2070423e+01
   2.2083781e+01
   2.2097165e+01
   2.2110575e+01
   2.2124010e+01
   2.2137470e+01
   2.2150953e+01
   2.2164465e+01
   2.2178006e+01
   2.2191571e+01
   2.2205160e+01
   2.2218778e+01
   2.2232422e+01
   2.2246089e+01
   2.2259783e+01
   2.2273502e+01
   2.2287249e+01
   2.2301024e+01
   2.2314825e+01
   2.2328651e+01
   2.2342501e+01
   2.2356378e+01
   2.2370284e+01
   2.2384212e+01
   2.2398170e+01
   2.2412156e+01
   2.2426167e+01
   2.2440207e+01
   2.2454274e+01
   2.2468367e+01
   2.2482489e+01
   2.2496634e+01
   2.2510807e+01
   2.2525008e+01
   2.2539236e+01
   2.2553494e+01
   2.2567779e+01
   2.2582090e+01
   2.2596432e+01
   2.2610800e+01
   2.2625193e+01
   2.2639617e+01
   2.2654069e+01
   2.2668548e+01
   2.2683055e+01
   2.2697590e+01
   2.2712152e+01
   2.2726744e+01
   2.2741363e+01
   2.2756010e+01
   2.2770682e+01
   2.2785387e+01
   2.2800122e+01
   2.2814886e+01
   2.2829677e+01
   2.2844496e+01
   2.2859343e+01
   2.2874220e+01
   2.2889127e+01
   2.2904061e+01
   2.2919026e+01
   2.2934016e+01
   2.2949035e+01
   2.2964079e+01
   2.2979156e+01
   2.2994263e+01
   2.3009398e+01
   2.3024567e+01
   2.3039759e+01
   2.3054985e+01
   2.3070235e+01
   2.3085516e+01
   2.3100826e+01
   2.3116166e+01
   2.3131531e+01
   2.3146930e+01
   2.3162356e+01
   2.3177812e+01
   2.3193298e+01
   2.3208815e+01
   2.3224360e+01
   2.3239935e+01
   2.3255540e+01
   2.3271174e+01
   2.3286839e+01
   2.3302531e+01
   2.3318254e+01
   2.3334005e+01
   2.3349788e+01
   2.3365602e+01
   2.3381445e+01
   2.3397316e+01
   2.3413216e+01
   2.3429146e+01
   2.3445103e+01
   2.3461091e+01
   2.3477111e+01
   2.3493161e+01
   2.3509240e+01
   2.3525350e+01
   2.3541489e+01
   2.3557659e+01
   2.3573857e+01
   2.3590081e+01
   2.3606339e+01
   2.3622624e+01
   2.3638940e+01
   2.3655286e+01
   2.3671659e+01
   2.3688065e+01
   2.3704499e+01
   2.3720963e+01
   2.3737459e+01
   2.3753984e+01
   2.3770541e+01
   2.3787123e+01
   2.3803733e+01
   2.3820376e+01
   2.3837047e+01
   2.3853747e+01
   2.3870480e+01
   2.3887236e+01
   2.3904026e+01
   2.3920843e+01
   2.3937690e+01
   2.3954568e+01
   2.3971473e+01
   2.3988406e+01
   2.4005367e+01
   2.4022357e+01
   2.4039377e+01
   2.4056426e+01
   2.4073504e+01
   2.4090611e+01
   2.4107751e+01
   2.4124912e+01
   2.4142101e+01
   2.4159318e+01
   2.4176567e+01
   2.4193842e+01
   2.4211151e+01
   2.4228485e+01
   2.4245844e+01
   2.4263234e+01
   2.4280648e+01
   2.4298089e+01
   2.4315558e+01
   2.4333055e+01
   2.4350579e+01
   2.4368134e+01
   2.4385718e+01
   2.4403326e+01
   2.4420960e+01
   2.4438623e+01
   2.4456310e+01
   2.4474024e+01
   2.4491765e+01
   2.4509532e+01
   2.4527324e+01
   2.4545141e+01
   2.4562985e+01
   2.4580857e+01
   2.4598752e+01
   2.4616672e+01
   2.4634618e+01
   2.4652590e+01
   2.4670589e+01
   2.4688613e+01
   2.4706659e+01
   2.4724730e+01
   2.4742824e+01
   2.4760943e+01
   2.4779085e+01
   2.4797252e+01
   2.4815442e+01
   2.4833654e+01
   2.4851890e+01
   2.4870150e+01
   2.4888433e+01
   2.4906737e+01
   2.4925065e+01
   2.4943415e+01
   2.4961791e+01
   2.4980184e+01
   2.4998598e+01
   2.5017033e+01
   2.5035489e+01
   2.5053967e+01
   2.5072465e+01
   2.5090985e+01
   2.5109524e+01
   2.5128085e+01
   2.5146664e+01
   2.5165261e+01
   2.5183879e+01
   2.5202516e+01
   2.5221171e+01
   2.5239845e+01
   2.5258538e+01
   2.5277248e+01
   2.5295976e+01
   2.5314719e+01
   2.5333481e+01
   2.5352259e+01
   2.5371057e+01
   2.5389868e+01
   2.5408694e+01
   2.5427534e+01
   2.5446391e+01
   2.5465262e+01
   2.5484145e+01
   2.5503042e+01
   2.5521952e+01
   2.5540877e+01
   2.5559814e+01
   2.5578766e+01
   2.5597730e+01
   2.5616708e+01
   2.5635700e+01
   2.5654701e+01
   2.5673707e+01
   2.5692729e+01
   2.5711758e+01
   2.5730799e+01
   2.5749854e+01
   2.5768914e+01
   2.5787979e+01
   2.5807050e+01
   2.5826133e+01
   2.5845222e+01
   2.5864317e+01
   2.5883419e+01
   2.5902533e+01
   2.5921645e+01
   2.5940760e+01
   2.5959879e+01
   2.5979005e+01
   2.5998137e+01
   2.6017272e+01
   2.6036409e+01
   2.6055547e+01
   2.6074686e+01
   2.6093828e+01
   2.6112970e+01
   2.6132115e+01
   2.6151259e+01
   2.6170401e+01
   2.6189543e+01
   2.6208679e+01
   2.6227818e+01
   2.6246948e+01
   2.6266071e+01
   2.6285199e+01
   2.6304319e+01
   2.6323433e+01
   2.6342545e+01
   2.6361648e+01
   2.6380747e+01
   2.6399836e+01
   2.6418916e+01
   2.6437983e+01
   2.6457048e+01
   2.6476101e+01
   2.6495139e+01
   2.6514164e+01
   2.6533183e+01
   2.6552192e+01
   2.6571188e+01
   2.6590176e+01
   2.6609147e+01
   2.6628104e+01
   2.6647044e+01
   2.6665970e+01
   2.6684873e+01
   2.6703758e+01
   2.6722633e+01
   2.6741485e+01
   2.6760327e+01
   2.6779149e+01
   2.6797942e+01
   2.6816709e+01
   2.6835461e+01
   2.6854191e+01
   2.6872896e+01
   2.6891582e+01
   2.6910241e+01
   2.6928873e+01
   2.6947480e+01
   2.6966055e+01
   2.6984611e+01
   2.7003135e+01
   2.7021627e+01
   2.7040095e+01
   2.7058526e+01
   2.7076926e+01
   2.7095294e+01
   2.7113631e+01
   2.7131936e+01
   2.7150209e+01
   2.7168444e+01
   2.7186644e+01
   2.7204805e+01
   2.7222931e+01
   2.7241019e+01
   2.7259069e+01
   2.7277072e+01
   2.7295039e+01
   2.7312976e+01
   2.7330861e+01
   2.7348700e+01
   2.7366499e+01
   2.7384255e+01
   2.7401965e+01
   2.7419623e+01
   2.7437239e+01
   2.7454807e+01
   2.7472330e+01
   2.7489803e+01
   2.7507220e+01
   2.7524590e+01
   2.7541912e+01
   2.7559174e+01
   2.7576383e+01
   2.7593540e+01
   2.7610641e+01
   2.7627681e+01
   2.7644669e+01
   2.7661598e+01
   2.7678465e+01
   2.7695273e+01
   2.7712028e+01
   2.7728719e+01
   2.7745344e+01
   2.7761908e+01
   2.7778410e+01
   2.7794854e+01
   2.7811224e+01
   2.7827528e+01
   2.7843765e+01
   2.7859935e+01
   2.7876038e+01
   2.7892064e+01
   2.7908020e+01
   2.7923899e+01
   2.7939710e+01
   2.7955456e+01
   2.7971119e+01
   2.7986707e+01
   2.8002219e+01
   2.8017654e+01
   2.8033009e+01
   2.8048289e+01
   2.8063488e+01
   2.8078606e+01
   2.8093647e+01
   2.8108602e+01
   2.8123472e+01
   2.8138258e+01
   2.8152956e+01
   2.8167574e+01
   2.8182100e+01
   2.8196544e+01
   2.8210894e+01
   2.8225150e+01
   2.8239320e+01
   2.8253404e+01
   2.8267390e+01
   2.8281278e+01
   2.8295078e+01
   2.8308788e+01
   2.8322395e+01
   2.8335902e+01
   2.8349316e+01
   2.8362635e+01
   2.8375850e+01
   2.8388961e+01
   2.8401980e+01
   2.8414895e+01
   2.8427712e+01
   2.8440415e+01
   2.8453011e+01
   2.8465504e+01
   2.8477893e+01
   2.8490171e+01
   2.8502340e+01
   2.8514406e+01
   2.8526364e+01
   2.8538208e+01
   2.8549938e+01
   2.8561556e+01
   2.8573059e+01
   2.8584445e+01
   2.8595719e+01
   2.8606876e+01
   2.8617917e+01
   2.8628846e+01
   2.8639648e+01
   2.8650329e+01
   2.8660893e+01
   2.8671333e+01
   2.8681654e+01
   2.8691850e+01
   2.8701918e+01
   2.8711868e+01
   2.8721689e+01
   2.8731388e+01
   2.8740956e+01
   2.8750403e+01
   2.8759717e+01
   2.8768900e+01
   2.8777952e+01
   2.8786868e+01
   2.8795654e+01
   2.8804300e+01
   2.8812820e+01
   2.8821200e+01
   2.8829452e+01
   2.8837564e+01
   2.8845536e+01
   2.8853369e+01
   2.8861068e+01
   2.8868627e+01
   2.8876047e+01
   2.8883323e+01
   2.8890467e+01
   2.8897458e+01
   2.8904306e+01
   2.8911008e+01
   2.8917566e+01
   2.8923975e+01
   2.8930241e+01
   2.8936355e+01
   2.8942318e+01
   2.8948134e+01
   2.8953800e+01
   2.8959314e+01
   2.8964675e+01
   2.8969881e+01
   2.8974939e+01
   2.8979839e+01
   2.8984583e+01
   2.8989176e+01
   2.8993613e+01
   2.8997890e+01
   2.9002008e+01
   2.9005976e+01
   2.9009776e+01
   2.9013417e+01
   2.9016893e+01
   2.9020218e+01
   2.9023372e+01
   2.9026363e+01
   2.9029187e+01
   2.9031844e+01
   2.9034332e+01
   2.9036658e+01
   2.9038819e+01
   2.9040813e+01
   2.9042634e+01
   2.9044281e+01
   2.9045757e+01
   2.9047069e+01
   2.9048206e+01
   2.9049173e+01
   2.9049963e+01
   2.9050577e+01
   2.9051018e+01
   2.9051285e+01
   2.9051376e+01
   2.9051296e+01
   2.9051023e+01
   2.9050574e+01
   2.9049945e+01
   2.9049136e+01
   2.9048145e+01
   2.9046976e+01
   2.9045621e+01
   2.9044079e+01
   2.9042358e+01
   2.9040450e+01
   2.9038355e+01
   2.9036075e+01
   2.9033609e+01
   2.9030954e+01
   2.9028111e+01
   2.9025081e+01
   2.9021859e+01
   2.9018445e+01
   2.9014843e+01
   2.9011052e+01
   2.9007067e+01
   2.9002882e+01
   2.8998501e+01
   2.8993928e+01
   2.8989161e+01
   2.8984199e+01
   2.8979038e+01
   2.8973676e+01
   2.8968120e+01
   2.8962361e+01
   2.8956403e+01
   2.8950244e+01
   2.8943887e+01
   2.8937326e+01
   2.8930563e+01
   2.8923599e+01
   2.8916430e+01
   2.8909053e+01
   2.8901473e+01
   2.8893686e+01
   2.8885693e+01
   2.8877496e+01
   2.8869090e+01
   2.8860475e+01
   2.8851652e+01
   2.8842618e+01
   2.8833370e+01
   2.8823914e+01
   2.8814250e+01
   2.8804376e+01
   2.8794287e+01
   2.8783983e+01
   2.8773470e+01
   2.8762739e+01
   2.8751800e+01
   2.8740642e+01
   2.8729268e+01
   2.8717676e+01
   2.8705864e+01
   2.8693837e+01
   2.8681595e+01
   2.8669137e+01
   2.8656456e+01
   2.8643557e+01
   2.8630438e+01
   2.8617098e+01
   2.8603538e+01
   2.8589755e+01
   2.8575745e+01
   2.8561521e+01
   2.8547071e+01
   2.8532396e+01
   2.8517497e+01
   2.8502374e+01
   2.8487028e+01
   2.8471456e+01
   2.8455656e+01
   2.8439628e+01
   2.8423375e+01
   2.8406897e+01
   2.8390192e+01
   2.8373259e+01
   2.8356101e+01
   2.8338715e+01
   2.8321099e+01
   2.8303251e+01
   2.8285172e+01
   2.8266868e+01
   2.8248333e+01
   2.8229567e+01
   2.8210568e+01
   2.8191340e+01
   2.8171884e+01
   2.8152192e+01
   2.8132271e+01
   2.8112116e+01
   2.8091730e+01
   2.8071108e+01
   2.8050256e+01
   2.8029167e+01
   2.8007845e+01
   2.7986287e+01
   2.7964498e+01
   2.7942471e+01
   2.7920215e+01
   2.7897725e+01
   2.7874997e+01
   2.7852037e+01
   2.7828839e+01
   2.7805404e+01
   2.7781737e+01
   2.7757833e+01
   2.7733692e+01
   2.7709314e+01
   2.7684698e+01
   2.7659841e+01
   2.7634753e+01
   2.7609426e+01
   2.7583863e+01
   2.7558063e+01
   2.7532027e+01
   2.7505749e+01
   2.7479232e+01
   2.7452486e+01
   2.7425500e+01
   2.7398271e+01
   2.7370806e+01
   2.7343110e+01
   2.7315168e+01
   2.7286986e+01
   2.7258563e+01
   2.7229905e+01
   2.7201011e+01
   2.7171883e+01
   2.7142511e+01
   2.7112898e+01
   2.7083048e+01
   2.7052961e+01
   2.7022632e+01
   2.6992064e+01
   2.6961260e+01
   2.6930214e+01
   2.6898934e+01
   2.6867415e+01
   2.6835653e+01
   2.6803655e+01
   2.6771418e+01
   2.6738945e+01
   2.6706233e+01
   2.6673283e+01
   2.6640088e+01
   2.6606654e+01
   2.6572983e+01
   2.6539073e+01
   2.6504922e+01
   2.6470529e+01
   2.6435901e+01
   2.6401034e+01
   2.6365930e+01
   2.6330587e+01
   2.6295006e+01
   2.6259185e+01
   2.6223121e+01
   2.6186821e+01
   2.6150283e+01
   2.6113506e+01
   2.6076490e+01
   2.6039237e+01
   2.6001745e+01
   2.5964015e+01
   2.5926046e+01
   2.5887838e+01
   2.5849393e+01
   2.5810707e+01
   2.5771780e+01
   2.5732615e+01
   2.5693214e+01
   2.5653577e+01
   2.5613701e+01
   2.5573589e+01
   2.5533236e+01
   2.5492645e+01
   2.5451815e+01
   2.5410747e+01
   2.5369444e+01
   2.5327901e+01
   2.5286119e+01
   2.5244098e+01
   2.5201837e+01
   2.5159342e+01
   2.5116605e+01
   2.5073634e+01
   2.5030424e+01
   2.4986975e+01
   2.4943290e+01
   2.4899368e+01
   2.4855208e+01
   2.4810808e+01
   2.4766164e+01
   2.4721288e+01
   2.4676175e+01
   2.4630824e+01
   2.4585232e+01
   2.4539406e+01
   2.4493341e+01
   2.4447037e+01
   2.4400496e+01
   2.4353720e+01
   2.4306701e+01
   2.4259444e+01
   2.4211949e+01
   2.4164216e+01
   2.4116245e+01
   2.4068037e+01
   2.4019590e+01
   2.3970904e+01
   2.3921979e+01
   2.3872817e+01
   2.3823419e+01
   2.3773782e+01
   2.3723906e+01
   2.3673792e+01
   2.3623439e+01
   2.3572851e+01
   2.3522023e+01
   2.3470957e+01
   2.3419652e+01
   2.3368108e+01
   2.3316325e+01
   2.3264304e+01
   2.3212042e+01
   2.3159543e+01
   2.3106806e+01
   2.3053829e+01
   2.3000614e+01
   2.2947159e+01
   2.2893466e+01
   2.2839532e+01
   2.2785360e+01
   2.2730951e+01
   2.2676301e+01
   2.2621412e+01
   2.2566281e+01
   2.2510913e+01
   2.2455306e+01
   2.2399459e+01
   2.2343373e+01
   2.2287046e+01
   2.2230479e+01
   2.2173671e+01
   2.2116623e+01
   2.2059335e+01
   2.2001809e+01
   2.1944042e+01
   2.1886036e+01
   2.1827791e+01
   2.1769306e+01
   2.1710580e+01
   2.1651614e+01
   2.1592408e+01
   2.1532964e+01
   2.1473281e+01
   2.1413356e+01
   2.1353190e+01
   2.1292785e+01
   2.1232143e+01
   2.1171259e+01
   2.1110138e+01
   2.1048775e+01
   2.0987172e+01
   2.0925329e+01
   2.0863248e+01
   2.0800926e+01
   2.0738366e+01
   2.0675564e+01
   2.0612526e+01
   2.0549248e+01
   2.0485732e+01
   2.0421979e+01
   2.0357985e+01
   2.0293756e+01
   2.0229289e+01
   2.0164585e+01
   2.0099644e+01
   2.0034465e+01
   1.9969049e+01
   1.9903398e+01
   1.9837508e+01
   1.9771385e+01
   1.9705028e+01
   1.9638435e+01
   1.9571610e+01
   1.9504550e+01
   1.9437257e+01
   1.9369731e+01
   1.9301973e+01
   1.9233983e+01
   1.9165762e+01
   1.9097312e+01
   1.9028631e+01
   1.8959722e+01
   1.8890584e+01
   1.8821218e+01
   1.8751626e+01
   1.8681808e+01
   1.8611766e+01
   1.8541499e+01
   1.8471010e+01
   1.8400298e+01
   1.8329365e+01
   1.8258214e+01
   1.8186844e+01
   1.8115259e+01
   1.8043456e+01
   1.7971437e+01
   1.7899205e+01
   1.7826760e+01
   1.7754107e+01
   1.7681245e+01
   1.7608175e+01
   1.7534899e+01
   1.7461420e+01
   1.7387738e+01
   1.7313856e+01
   1.7239775e+01
   1.7165496e+01
   1.7091023e+01
   1.7016359e+01
   1.6941505e+01
   1.6866460e+01
   1.6791231e+01
   1.6715817e+01
   1.6640225e+01
   1.6564451e+01
   1.6488504e+01
   1.6412381e+01
   1.6336088e+01
   1.6259626e+01
   1.6182999e+01
   1.6106209e+01
   1.6029260e+01
   1.5952155e+01
   1.5874899e+01
   1.5797494e+01
   1.5719943e+01
   1.5642249e+01
   1.5564417e+01
   1.5486450e+01
   1.5408351e+01
   1.5330125e+01
   1.5251777e+01
   1.5173310e+01
   1.5094728e+01
   1.5016035e+01
   1.4937238e+01
   1.4858338e+01
   1.4779342e+01
   1.4700252e+01
   1.4621076e+01
   1.4541816e+01
   1.4462479e+01
   1.4383069e+01
   1.4303591e+01
   1.4224052e+01
   1.4144456e+01
   1.4064809e+01
   1.3985116e+01
   1.3905384e+01
   1.3825617e+01
   1.3745823e+01
   1.3666006e+01
   1.3586173e+01
   1.3506331e+01
   1.3426486e+01
   1.3346643e+01
   1.3266810e+01
   1.3186994e+01
   1.3107199e+01
   1.3027434e+01
   1.2947704e+01
   1.2868018e+01
   1.2788382e+01
   1.2708804e+01
   1.2629290e+01
   1.2549848e+01
   1.2470486e+01
   1.2391209e+01
   1.2312026e+01
   1.2232944e+01
   1.2153972e+01
   1.2075116e+01
   1.1996384e+01
   1.1917784e+01
   1.1839323e+01
   1.1761011e+01
   1.1682853e+01
   1.1604858e+01
   1.1527034e+01
   1.1449390e+01
   1.1371932e+01
   1.1294668e+01
   1.1217608e+01
   1.1140758e+01
   1.1064127e+01
   1.0987722e+01
   1.0911553e+01
   1.0835625e+01
   1.0759947e+01
   1.0684527e+01
   1.0609373e+01
   1.0534494e+01
   1.0459896e+01
   1.0385586e+01
   1.0311574e+01
   1.0237866e+01
   1.0164469e+01
   1.0091392e+01
   1.0018642e+01
   9.9462258e+00
   9.8741504e+00
   9.8024233e+00
   9.7310513e+00
   9.6600413e+00
   9.5894002e+00
   9.5191348e+00
   9.4492519e+00
   9.3797573e+00
   9.3106572e+00
   9.2419580e+00
   9.1736663e+00
   9.1057875e+00
   9.0383276e+00
   8.9712919e+00
   8.9046859e+00
   8.8385155e+00
   8.7727855e+00
   8.7075007e+00
   8.6426661e+00
   8.5782865e+00
   8.5143660e+00
   8.4509091e+00
   8.3879206e+00
   8.3254038e+00
   8.2633629e+00
   8.2018011e+00
   8.1407224e+00
   8.0801298e+00
   8.0200264e+00
   7.9604150e+00
   7.9012987e+00
   7.8426799e+00
   7.7845608e+00
   7.7269436e+00
   7.6698306e+00
   7.6132235e+00
   7.5571239e+00
   7.5015332e+00
   7.4464527e+00
   7.3918838e+00
   7.3378270e+00
   7.2842836e+00
   7.2312539e+00
   7.1787381e+00
   7.1267367e+00
   7.0752498e+00
   7.0242773e+00
   6.9738189e+00
   6.9238745e+00
   6.8744433e+00
   6.8255246e+00
   6.7771175e+00
   6.7292209e+00
   6.6818336e+00
   6.6349546e+00
   6.5885824e+00
   6.5427152e+00
   6.4973515e+00
   6.4524891e+00
   6.4081266e+00
   6.3642616e+00
   6.3208917e+00
   6.2780148e+00
   6.2356288e+00
   6.1937305e+00
   6.1523178e+00
   6.1113874e+00
   6.0709369e+00
   6.0309633e+00
   5.9914634e+00
   5.9524343e+00
   5.9138726e+00
   5.8757749e+00
   5.8381382e+00
   5.8009588e+00
   5.7642333e+00
   5.7279581e+00
   5.6921296e+00
   5.6567442e+00
   5.6217980e+00
   5.5872873e+00
   5.5532083e+00
   5.5195571e+00
   5.4863297e+00
   5.4535221e+00
   5.4211305e+00
   5.3891506e+00
   5.3575783e+00
   5.3264099e+00
   5.2956407e+00
   5.2652670e+00
   5.2352844e+00
   5.2056889e+00
   5.1764760e+00
   5.1476418e+00
   5.1191819e+00
   5.0910923e+00
   5.0633688e+00
   5.0360069e+00
   5.0090025e+00
   4.9823513e+00
   4.9560489e+00
   4.9300912e+00
   4.9044740e+00
   4.8791932e+00
   4.8542446e+00
   4.8296239e+00
   4.8053269e+00
   4.7813497e+00
   4.7576879e+00
   4.7343373e+00
   4.7112941e+00
   4.6885540e+00
   4.6661129e+00
   4.6439669e+00
   4.6221119e+00
   4.6005438e+00
   4.5792590e+00
   4.5582533e+00
   4.5375229e+00
   4.5170638e+00
   4.4968724e+00
   4.4769443e+00
   4.4572764e+00
   4.4378644e+00
   4.4187050e+00
   4.3997943e+00
   4.3811287e+00
   4.3627047e+00
   4.3445186e+00
   4.3265669e+00
   4.3088459e+00
   4.2913523e+00
   4.2740826e+00
   4.2570335e+00
   4.2402015e+00
   4.2235833e+00
   4.2071755e+00
   4.1909751e+00
   4.1749786e+00
   4.1591830e+00
   4.1435852e+00
   4.1281820e+00
   4.1129704e+00
   4.0979473e+00
   4.0831097e+00
   4.0684541e+00
   4.0539788e+00
   4.0396800e+00
   4.0255555e+00
   4.0116021e+00
   3.9978170e+00
   3.9841977e+00
   3.9707414e+00
   3.9574453e+00
   3.9443069e+00
   3.9313235e+00
   3.9184929e+00
   3.9058121e+00
   3.8932791e+00
   3.8808914e+00
   3.8686464e+00
   3.8565418e+00
   3.8445753e+00
   3.8327446e+00
   3.8210472e+00
   3.8094811e+00
   3.7980441e+00
   3.7867342e+00
   3.7755490e+00
   3.7644866e+00
   3.7535448e+00
   3.7427214e+00
   3.7320148e+00
   3.7214229e+00
   3.7109435e+00
   3.7005750e+00
   3.6903154e+00
   3.6801631e+00
   3.6701161e+00
   3.6601725e+00
   3.6503363e+00
   4.0410927e+00
   4.4242356e+00
   4.8004232e+00
   5.1702612e+00
   5.5343121e+00
   5.8930984e+00
   6.2471057e+00
   6.5967855e+00
   6.9425573e+00
   7.2848098e+00
   7.6239043e+00
   7.9601768e+00
   8.2939402e+00
   8.6254880e+00
   8.9550974e+00
   9.2830339e+00
   9.6095557e+00
   9.9349195e+00
   1.0259390e+01
   1.0583244e+01
   1.0906787e+01
   1.1230357e+01
   1.1554346e+01
   1.1879213e+01
   1.2205501e+01
   1.2533860e+01
   1.2865067e+01
   1.3200051e+01
   1.3539919e+01
   1.3885988e+01
   1.4239816e+01
   1.4603232e+01
   1.4978371e+01
   1.5367703e+01
   1.5774058e+01
   1.6200650e+01
   1.6651045e+01
   1.7129093e+01
   1.7638754e+01
   1.8183735e+01
   1.8766775e+01
   1.9388253e+01
   2.0044479e+01
   2.0729082e+01
   2.1431407e+01
   2.2135165e+01
   2.2818897e+01
   2.3458203e+01
   2.4029428e+01
   2.4513483e+01
   2.4542812e+01
   2.4481141e+01
   2.4363304e+01
   2.4198909e+01
   2.3997756e+01
   2.3768955e+01
   2.3520593e+01
   2.3259587e+01
   2.2991689e+01
   2.2721572e+01
   2.2452935e+01
   2.2188635e+01
   2.1930831e+01
   2.1681088e+01
   2.1440488e+01
   2.1209749e+01
   2.0989270e+01
   2.0779223e+01
   2.0579600e+01
   2.0390248e+01
   2.0210917e+01
   2.0041287e+01
   1.9880985e+01
   1.9729615e+01
   1.9586746e+01
   1.9451957e+01
   1.9324811e+01
   1.9204882e+01
   1.9091755e+01
   1.8985030e+01
   1.8884316e+01
   1.8789243e+01
   1.8699462e+01
   1.8614635e+01
   1.8534443e+01
   1.8458593e+01
   1.8386800e+01
   1.8318803e+01
   1.8254344e+01
   1.8193201e+01
   1.8135154e+01
   1.8079998e+01
   1.8027535e+01
   1.7977594e+01
   1.7930004e+01
   1.7884610e+01
   1.7841263e+01
   1.7799829e+01
   1.7760181e+01
   1.7722205e+01
   1.7685790e+01
   1.7650829e+01
   1.7617228e+01
   1.7584897e+01
   1.7553754e+01
   1.7523722e+01
   1.7494731e+01
   1.7466704e+01
   1.7439580e+01
   1.7413306e+01
   1.7387824e+01
   1.7363085e+01
   1.7339040e+01
   1.7315646e+01
   1.7292857e+01
   1.7270640e+01
   1.7248960e+01
   1.7227777e+01
   1.7207066e+01
   1.7186792e+01
   1.7166927e+01
   1.7147450e+01
   1.7128342e+01
   1.7109574e+01
   1.7091125e+01
   1.7072980e+01
   1.7055120e+01
   1.7037528e+01
   1.7020185e+01
   1.7003078e+01
   1.6986197e+01
   1.6969525e+01
   1.6953051e+01
   1.6936764e+01
   1.6920652e+01
   1.6904708e+01
   1.6888923e+01
   1.6873288e+01
   1.6857796e+01
   1.6842438e+01
   1.6827202e+01
   1.6812088e+01
   1.6797088e+01
   1.6782197e+01
   1.6767409e+01
   1.6752720e+01
   1.6738128e+01
   1.6723624e+01
   1.6709206e+01
   1.6694868e+01
   1.6680608e+01
   1.6666425e+01
   1.6652311e+01
   1.6638267e+01
   1.6624286e+01
   1.6610367e+01
   1.6596512e+01
   1.6582716e+01
   1.6568975e+01
   1.6555288e+01
   1.6541658e+01
   1.6528075e+01
   1.6514542e+01
   1.6501054e+01
   1.6487609e+01
   1.6474212e+01
   1.6460856e+01
   1.6447541e+01
   1.6434269e+01
   1.6421036e+01
   1.6407840e+01
   1.6394682e+01
   1.6381564e+01
   1.6368478e+01
   1.6355427e+01
   1.6342414e+01
   1.6329435e+01
   1.6316482e+01
   1.6303561e+01
   1.6290668e+01
   1.6277809e+01
   1.6264978e+01
   1.6252179e+01
   1.6239411e+01
   1.6226668e+01
   1.6213953e+01
   1.6201265e+01
   1.6188605e+01
   1.6175974e+01
   1.6163366e+01
   1.6150784e+01
   1.6138225e+01
   1.6125692e+01
   1.6113184e+01
   1.6100702e+01
   1.6088241e+01
   1.6075804e+01
   1.6063391e+01
   1.6050998e+01
   1.6038631e+01
   1.6026285e+01
   1.6013963e+01
   1.6001662e+01
   1.5989382e+01
   1.5977124e+01
   1.5964892e+01
   1.5952676e+01
   1.5940481e+01
   1.5928306e+01
   1.5916154e+01
   1.5904025e+01
   1.5891914e+01
   1.5879822e+01
   1.5867753e+01
   1.5855701e+01
   1.5843671e+01
   1.5831655e+01
   1.5819658e+01
   1.5807682e+01
   1.5795724e+01
   1.5783785e+01
   1.5771867e+01
   1.5759967e+01
   1.5748083e+01
   1.5736218e+01
   1.5724371e+01
   1.5712543e+01
   1.5700734e+01
   1.5688942e+01
   1.5677168e+01
   1.5665411e+01
   1.5653672e+01
   1.5641951e+01
   1.5630251e+01
   1.5618565e+01
   1.5606900e+01
   1.5595251e+01
   1.5583619e+01
   1.5572002e+01
   1.5560401e+01
   1.5548817e+01
   1.5537251e+01
   1.5525700e+01
   1.5514166e+01
   1.5502651e+01
   1.5491150e+01
   1.5479668e+01
   1.5468201e+01
   1.5456752e+01
   1.5445321e+01
   1.5433904e+01
   1.5422505e+01
   1.5411121e+01
   1.5399753e+01
   1.5388402e+01
   1.5377065e+01
   1.5365745e+01
   1.5354442e+01
   1.5343160e+01
   1.5331890e+01
   1.5320635e+01
   1.5309398e+01
   1.5298174e+01
   1.5286967e+01
   1.5275781e+01
   1.5264609e+01
   1.5253449e+01
   1.5242308e+01
   1.5231182e+01
   1.5220069e+01
   1.5208974e+01
   1.5197894e+01
   1.5186833e+01
   1.5175784e+01
   1.5164755e+01
   1.5153744e+01
   1.5142745e+01
   1.5131762e+01
   1.5120796e+01
   1.5109849e+01
   1.5098916e+01
   1.5087997e+01
   1.5077096e+01
   1.5066212e+01
   1.5055345e+01
   1.5044495e+01
   1.5033658e+01
   1.5022836e+01
   1.5012033e+01
   1.5001242e+01
   1.4990471e+01
   1.4979717e+01
   1.4968980e+01
   1.4958258e+01
   1.4947555e+01
   1.4936869e+01
   1.4926199e+01
   1.4915549e+01
   1.4904915e+01
   1.4894296e+01
   1.4883694e+01
   1.4873105e+01
   1.4862538e+01
   1.4851992e+01
   1.4841459e+01
   1.4830938e+01
   1.4820439e+01
   1.4809957e+01
   1.4799494e+01
   1.4789048e+01
   1.4778619e+01
   1.4768208e+01
   1.4757815e+01
   1.4747441e+01
   1.4737088e+01
   1.4726750e+01
   1.4716432e+01
   1.4706134e+01
   1.4695851e+01
   1.4685589e+01
   1.4675343e+01
   1.4665119e+01
   1.4654911e+01
   1.4644722e+01
   1.4634553e+01
   1.4624401e+01
   1.4614271e+01
   1.4604161e+01
   1.4594070e+01
   1.4583998e+01
   1.4573947e+01
   1.4563917e+01
   1.4553903e+01
   1.4543913e+01
   1.4533942e+01
   1.4523991e+01
   1.4514059e+01
   1.4504147e+01
   1.4494258e+01
   1.4484388e+01
   1.4474538e+01
   1.4464709e+01
   1.4454900e+01
   1.4445111e+01
   1.4435349e+01
   1.4425611e+01
   1.4415892e+01
   1.4406195e+01
   1.4396524e+01
   1.4386870e+01
   1.4377241e+01
   1.4367637e+01
   1.4358057e+01
   1.4348498e+01
   1.4338961e+01
   1.4329445e+01
   1.4319950e+01
   1.4310482e+01
   1.4301041e+01
   1.4291619e+01
   1.4282225e+01
   1.4272851e+01
   1.4263503e+01
   1.4254183e+01
   1.4244884e+01
   1.4235612e+01
   1.4226367e+01
   1.4217145e+01
   1.4207950e+01
   1.4198779e+01
   1.4189634e+01
   1.4180516e+01
   1.4171423e+01
   1.4162357e+01
   1.4153316e+01
   1.4144302e+01
   1.4135317e+01
   1.4126359e+01
   1.4117429e+01
   1.4108527e+01
   1.4099653e+01
   1.4090807e+01
   1.4081989e+01
   1.4073202e+01
   1.4064444e+01
   1.4055711e+01
   1.4047003e+01
   1.4038330e+01
   1.4029689e+01
   1.4021072e+01
   1.4012486e+01
   1.4003933e+01
   1.3995410e+01
   1.3986918e+01
   1.3978455e+01
   1.3970022e+01
   1.3961619e+01
   1.3953250e+01
   1.3944909e+01
   1.3936602e+01
   1.3928331e+01
   1.3920091e+01
   1.3911881e+01
   1.3903704e+01
   1.3895555e+01
   1.3887444e+01
   1.3879366e+01
   1.3871318e+01
   1.3863304e+01
   1.3855327e+01
   1.3847384e+01
   1.3839472e+01
   1.3831597e+01
   1.3823758e+01
   1.3815955e+01
   1.3808187e+01
   1.3800457e+01
   1.3792758e+01
   1.3785098e+01
   1.3777474e+01
   1.3769885e+01
   1.3762330e+01
   1.3754812e+01
   1.3747333e+01
   1.3739894e+01
   1.3732489e+01
   1.3725122e+01
   1.3717793e+01
   1.3710506e+01
   1.3703255e+01
   1.3696044e+01
   1.3688869e+01
   1.3681735e+01
   1.3674637e+01
   1.3667581e+01
   1.3660564e+01
   1.3653586e+01
   1.3646649e+01
   1.3639752e+01
   1.3632899e+01
   1.3626085e+01
   1.3619312e+01
   1.3612573e+01
   1.3605879e+01
   1.3599229e+01
   1.3592622e+01
   1.3586055e+01
   1.3579530e+01
   1.3573051e+01
   1.3566615e+01
   1.3560223e+01
   1.3553871e+01
   1.3547561e+01
   1.3541296e+01
   1.3535070e+01
   1.3528893e+01
   1.3522762e+01
   1.3516673e+01
   1.3510633e+01
   1.3504634e+01
   1.3498680e+01
   1.3492770e+01
   1.3486906e+01
   1.3481089e+01
   1.3475316e+01
   1.3469589e+01
   1.3463907e+01
   1.3458272e+01
   1.3452688e+01
   1.3447147e+01
   1.3441652e+01
   1.3436205e+01
   1.3430806e+01
   1.3425456e+01
   1.3420153e+01
   1.3414897e+01
   1.3409692e+01
   1.3404537e+01
   1.3399426e+01
   1.3394364e+01
   1.3389352e+01
   1.3384392e+01
   1.3379476e+01
   1.3374611e+01
   1.3369797e+01
   1.3365033e+01
   1.3360317e+01
   1.3355647e+01
   1.3351031e+01
   1.3346464e+01
   1.3341950e+01
   1.3337485e+01
   1.3333073e+01
   1.3328712e+01
   1.3324401e+01
   1.3320142e+01
   1.3315933e+01
   1.3311775e+01
   1.3307670e+01
   1.3303616e+01
   1.3299615e+01
   1.3295666e+01
   1.3291768e+01
   1.3287925e+01
   1.3284134e+01
   1.3280394e+01
   1.3276707e+01
   1.3273072e+01
   1.3269489e+01
   1.3265962e+01
   1.3262486e+01
   1.3259064e+01
   1.3255694e+01
   1.3252379e+01
   1.3249117e+01
   1.3245910e+01
   1.3242757e+01
   1.3239655e+01
   1.3236610e+01
   1.3233618e+01
   1.3230679e+01
   1.3227793e+01
   1.3224964e+01
   1.3222189e+01
   1.3219470e+01
   1.3216804e+01
   1.3214195e+01
   1.3211638e+01
   1.3209139e+01
   1.3206692e+01
   1.3204302e+01
   1.3201965e+01
   1.3199684e+01
   1.3197457e+01
   1.3195286e+01
   1.3193171e+01
   1.3191110e+01
   1.3189105e+01
   1.3187154e+01
   1.3185260e+01
   1.3183423e+01
   1.3181639e+01
   1.3179912e+01
   1.3178241e+01
   1.3176626e+01
   1.3175067e+01
   1.3173564e+01
   1.3172115e+01
   1.3170723e+01
   1.3169387e+01
   1.3168106e+01
   1.3166882e+01
   1.3165714e+01
   1.3164603e+01
   1.3163545e+01
   1.3162543e+01
   1.3161597e+01
   1.3160708e+01
   1.3159876e+01
   1.3159100e+01
   1.3158376e+01
   1.3157711e+01
   1.3157101e+01
   1.3156549e+01
   1.3156051e+01
   1.3155610e+01
   1.3155224e+01
   1.3154895e+01
   1.3154621e+01
   1.3154405e+01
   1.3154244e+01
   1.3154138e+01
   1.3154088e+01
   1.3154093e+01
   1.3154154e+01
   1.3154270e+01
   1.3154442e+01
   1.3154672e+01
   1.3154955e+01
   1.3155293e+01
   1.3155687e+01
   1.3156135e+01
   1.3156639e+01
   1.3157199e+01
   1.3157813e+01
   1.3158485e+01
   1.3159210e+01
   1.3159990e+01
   1.3160819e+01
   1.3161703e+01
   1.3162648e+01
   1.3163646e+01
   1.3164700e+01
   1.3165806e+01
   1.3166971e+01
   1.3168192e+01
   1.3169464e+01
   1.3170791e+01
   1.3172173e+01
   1.3173609e+01
   1.3175098e+01
   1.3176643e+01
   1.3178239e+01
   1.3179892e+01
   1.3181595e+01
   1.3183353e+01
   1.3185166e+01
   1.3187035e+01
   1.3188958e+01
   1.3190931e+01
   1.3192962e+01
   1.3195043e+01
   1.3197179e+01
   1.3199365e+01
   1.3201603e+01
   1.3203895e+01
   1.3206239e+01
   1.3208635e+01
   1.3211084e+01
   1.3213590e+01
   1.3216147e+01
   1.3218755e+01
   1.3221414e+01
   1.3224125e+01
   1.3226888e+01
   1.3229705e+01
   1.3232573e+01
   1.3235490e+01
   1.3238459e+01
   1.3241480e+01
   1.3244553e+01
   1.3247677e+01
   1.3250850e+01
   1.3254075e+01
   1.3257351e+01
   1.3260674e+01
   1.3264050e+01
   1.3267476e+01
   1.3270953e+01
   1.3274478e+01
   1.3278054e+01
   1.3281681e+01
   1.3285355e+01
   1.3289077e+01
   1.3292849e+01
   1.3296671e+01
   1.3300542e+01
   1.3304463e+01
   1.3308433e+01
   1.3312451e+01
   1.3316518e+01
   1.3320632e+01
   1.3324794e+01
   1.3329005e+01
   1.3333264e+01
   1.3337570e+01
   1.3341922e+01
   1.3346324e+01
   1.3350773e+01
   1.3355268e+01
   1.3359809e+01
   1.3364399e+01
   1.3369035e+01
   1.3373719e+01
   1.3378450e+01
   1.3383227e+01
   1.3388050e+01
   1.3392919e+01
   1.3397834e+01
   1.3402795e+01
   1.3407801e+01
   1.3412853e+01
   1.3417950e+01
   1.3423096e+01
   1.3428284e+01
   1.3433518e+01
   1.3438795e+01
   1.3444118e+01
   1.3449485e+01
   1.3454897e+01
   1.3460353e+01
   1.3465853e+01
   1.3471396e+01
   1.3476984e+01
   1.3482614e+01
   1.3488288e+01
   1.3494006e+01
   1.3499766e+01
   1.3505570e+01
   1.3511419e+01
   1.3517309e+01
   1.3523242e+01
   1.3529218e+01
   1.3535236e+01
   1.3541296e+01
   1.3547398e+01
   1.3553541e+01
   1.3559724e+01
   1.3565951e+01
   1.3572220e+01
   1.3578530e+01
   1.3584881e+01
   1.3591273e+01
   1.3597705e+01
   1.3604181e+01
   1.3610695e+01
   1.3617248e+01
   1.3623842e+01
   1.3630479e+01
   1.3637155e+01
   1.3643870e+01
   1.3650628e+01
   1.3657422e+01
   1.3664256e+01
   1.3671130e+01
   1.3678043e+01
   1.3684995e+01
   1.3691985e+01
   1.3699013e+01
   1.3706083e+01
   1.3713192e+01
   1.3720338e+01
   1.3727521e+01
   1.3734743e+01
   1.3742003e+01
   1.3749301e+01
   1.3756635e+01
   1.3764009e+01
   1.3771418e+01
   1.3778867e+01
   1.3786353e+01
   1.3793876e+01
   1.3801435e+01
   1.3809030e+01
   1.3816663e+01
   1.3824334e+01
   1.3832039e+01
   1.3839782e+01
   1.3847560e+01
   1.3855375e+01
   1.3863226e+01
   1.3871112e+01
   1.3879033e+01
   1.3886989e+01
   1.3894983e+01
   1.3903012e+01
   1.3911076e+01
   1.3919175e+01
   1.3927308e+01
   1.3935477e+01
   1.3943681e+01
   1.3951920e+01
   1.3960191e+01
   1.3968499e+01
   1.3976838e+01
   1.3985214e+01
   1.3993623e+01
   1.4002068e+01
   1.4010545e+01
   1.4019055e+01
   1.4027599e+01
   1.4036176e+01
   1.4044786e+01
   1.4053431e+01
   1.4062108e+01
   1.4070818e+01
   1.4079562e+01
   1.4088336e+01
   1.4097147e+01
   1.4105987e+01
   1.4114858e+01
   1.4123764e+01
   1.4132702e+01
   1.4141672e+01
   1.4150674e+01
   1.4159707e+01
   1.4168775e+01
   1.4177874e+01
   1.4187005e+01
   1.4196164e+01
   1.4205353e+01
   1.4214576e+01
   1.4223832e+01
   1.4233118e+01
   1.4242436e+01
   1.4251785e+01
   1.4261162e+01
   1.4270571e+01
   1.4280008e+01
   1.4289479e+01
   1.4298979e+01
   1.4308510e+01
   1.4318069e+01
   1.4327662e+01
   1.4337284e+01
   1.4346935e+01
   1.4356617e+01
   1.4366329e+01
   1.4376071e+01
   1.4385841e+01
   1.4395640e+01
   1.4405468e+01
   1.4415327e+01
   1.4425215e+01
   1.4435132e+01
   1.4445078e+01
   1.4455054e+01
   1.4465056e+01
   1.4475090e+01
   1.4485151e+01
   1.4495242e+01
   1.4505363e+01
   1.4515513e+01
   1.4525691e+01
   1.4535896e+01
   1.4546128e+01
   1.4556389e+01
   1.4566680e+01
   1.4576997e+01
   1.4587345e+01
   1.4597719e+01
   1.4608125e+01
   1.4618555e+01
   1.4629011e+01
   1.4639501e+01
   1.4650014e+01
   1.4660553e+01
   1.4671119e+01
   1.4681718e+01
   1.4692347e+01
   1.4702997e+01
   1.4713670e+01
   1.4724378e+01
   1.4735114e+01
   1.4745873e+01
   1.4756655e+01
   1.4767465e+01
   1.4778301e+01
   1.4789167e+01
   1.4800060e+01
   1.4810978e+01
   1.4821924e+01
   1.4832896e+01
   1.4843896e+01
   1.4854923e+01
   1.4865972e+01
   1.4877056e+01
   1.4888159e+01
   1.4899289e+01
   1.4910447e+01
   1.4921629e+01
   1.4932838e+01
   1.4944073e+01
   1.4955334e+01
   1.4966621e+01
   1.4977933e+01
   1.4989278e+01
   1.5000647e+01
   1.5012040e+01
   1.5023457e+01
   1.5034896e+01
   1.5046362e+01
   1.5057857e+01
   1.5069376e+01
   1.5080915e+01
   1.5092485e+01
   1.5104078e+01
   1.5115698e+01
   1.5127343e+01
   1.5139014e+01
   1.5150712e+01
   1.5162434e+01
   1.5174182e+01
   1.5185951e+01
   1.5197746e+01
   1.5209563e+01
   1.5221410e+01
   1.5233281e+01
   1.5245179e+01
   1.5257107e+01
   1.5269057e+01
   1.5281030e+01
   1.5293025e+01
   1.5305050e+01
   1.5317096e+01
   1.5329166e+01
   1.5341261e+01
   1.5353380e+01
   1.5365523e+01
   1.5377693e+01
   1.5389890e+01
   1.5402107e+01
   1.5414346e+01
   1.5426612e+01
   1.5438900e+01
   1.5451215e+01
   1.5463554e+01
   1.5475916e+01
   1.5488302e+01
   1.5500714e+01
   1.5513150e+01
   1.5525609e+01
   1.5538096e+01
   1.5550605e+01
   1.5563134e+01
   1.5575691e+01
   1.5588273e+01
   1.5600878e+01
   1.5613504e+01
   1.5626154e+01
   1.5638827e+01
   1.5651530e+01
   1.5664254e+01
   1.5677001e+01
   1.5689774e+01
   1.5702568e+01
   1.5715385e+01
   1.5728224e+01
   1.5741088e+01
   1.5753976e+01
   1.5766893e+01
   1.5779829e+01
   1.5792793e+01
   1.5805777e+01
   1.5818786e+01
   1.5831820e+01
   1.5844876e+01
   1.5857951e+01
   1.5871052e+01
   1.5884174e+01
   1.5897316e+01
   1.5910485e+01
   1.5923674e+01
   1.5936891e+01
   1.5950128e+01
   1.5963388e+01
   1.5976677e+01
   1.5989984e+01
   1.6003318e+01
   1.6016673e+01
   1.6030049e+01
   1.6043449e+01
   1.6056871e+01
   1.6070316e+01
   1.6083786e+01
   1.6097279e+01
   1.6110796e+01
   1.6124333e+01
   1.6137895e+01
   1.6151482e+01
   1.6165087e+01
   1.6178716e+01
   1.6192365e+01
   1.6206039e+01
   1.6219738e+01
   1.6233458e+01
   1.6247199e+01
   1.6260961e+01
   1.6274747e+01
   1.6288559e+01
   1.6302390e+01
   1.6316242e+01
   1.6330116e+01
   1.6344012e+01
   1.6357935e+01
   1.6371879e+01
   1.6385846e+01
   1.6399834e+01
   1.6413845e+01
   1.6427876e+01
   1.6441929e+01
   1.6456005e+01
   1.6470103e+01
   1.6484223e+01
   1.6498364e+01
   1.6512526e+01
   1.6526714e+01
   1.6540920e+01
   1.6555147e+01
   1.6569395e+01
   1.6583664e+01
   1.6597958e+01
   1.6612273e+01
   1.6626609e+01
   1.6640964e+01
   1.6655340e+01
   1.6669738e+01
   1.6684158e+01
   1.6698599e+01
   1.6713062e+01
   1.6727546e+01
   1.6742050e+01
   1.6756574e+01
   1.6771118e+01
   1.6785685e+01
   1.6800272e+01
   1.6814879e+01
   1.6829507e+01
   1.6844155e+01
   1.6858821e+01
   1.6873508e+01
   1.6888216e+01
   1.6902946e+01
   1.6917697e+01
   1.6932465e+01
   1.6947255e+01
   1.6962063e+01
   1.6976891e+01
   1.6991739e+01
   1.7006607e+01
   1.7021495e+01
   1.7036404e+01
   1.7051331e+01
   1.7066276e+01
   1.7081241e+01
   1.7096225e+01
   1.7111228e+01
   1.7126250e+01
   1.7141291e+01
   1.7156349e+01
   1.7171427e+01
   1.7186523e+01
   1.7201638e+01
   1.7216769e+01
   1.7231919e+01
   1.7247087e+01
   1.7262272e+01
   1.7277474e+01
   1.7292698e+01
   1.7307936e+01
   1.7323192e+01
   1.7338466e+01
   1.7353759e+01
   1.7369066e+01
   1.7384391e+01
   1.7399732e+01
   1.7415090e+01
   1.7430464e+01
   1.7445857e+01
   1.7461265e+01
   1.7476686e+01
   1.7492126e+01
   1.7507582e+01
   1.7523053e+01
   1.7538539e+01
   1.7554040e+01
   1.7569556e+01
   1.7585088e+01
   1.7600635e+01
   1.7616195e+01
   1.7631770e+01
   1.7647360e+01
   1.7662964e+01
   1.7678585e+01
   1.7694218e+01
   1.7709863e+01
   1.7725522e+01
   1.7741193e+01
   1.7756878e+01
   1.7772576e+01
   1.7788286e+01
   1.7804012e+01
   1.7819748e+01
   1.7835496e+01
   1.7851255e+01
   1.7867026e+01
   1.7882809e+01
   1.7898602e+01
   1.7914407e+01
   1.7930223e+01
   1.7946049e+01
   1.7961886e+01
   1.7977733e+01
   1.7993590e+01
   1.8009457e+01
   1.8025331e+01
   1.8041217e+01
   1.8057109e+01
   1.8073012e+01
   1.8088923e+01
   1.8104841e+01
   1.8120766e+01
   1.8136699e+01
   1.8152641e+01
   1.8168589e+01
   1.8184544e+01
   1.8200507e+01
   1.8216474e+01
   1.8232448e+01
   1.8248426e+01
   1.8264410e+01
   1.8280399e+01
   1.8296394e+01
   1.8312394e+01
   1.8328397e+01
   1.8344403e+01
   1.8360413e+01
   1.8376427e+01
   1.8392443e+01
   1.8408461e+01
   1.8424482e+01
   1.8440505e+01
   1.8456531e+01
   1.8472558e+01
   1.8488585e+01
   1.8504615e+01
   1.8520642e+01
   1.8536668e+01
   1.8552692e+01
   1.8568717e+01
   1.8584741e+01
   1.8600763e+01
   1.8616784e+01
   1.8632802e+01
   1.8648817e+01
   1.8664830e+01
   1.8680840e+01
   1.8696846e+01
   1.8712847e+01
   1.8728844e+01
   1.8744835e+01
   1.8760823e+01
   1.8776804e+01
   1.8792778e+01
   1.8808745e+01
   1.8824704e+01
   1.8840655e+01
   1.8856594e+01
   1.8872526e+01
   1.8888450e+01
   1.8904367e+01
   1.8920272e+01
   1.8936167e+01
   1.8952054e+01
   1.8967929e+01
   1.8983790e+01
   1.8999643e+01
   1.9015480e+01
   1.9031301e+01
   1.9047107e+01
   1.9062895e+01
   1.9078678e+01
   1.9094440e+01
   1.9110189e+01
   1.9125920e+01
   1.9141633e+01
   1.9157331e+01
   1.9173011e+01
   1.9188672e+01
   1.9204315e+01
   1.9219937e+01
   1.9235540e+01
   1.9251118e+01
   1.9266682e+01
   1.9282225e+01
   1.9297745e+01
   1.9313240e+01
   1.9328715e+01
   1.9344164e+01
   1.9359593e+01
   1.9374992e+01
   1.9390368e+01
   1.9405723e+01
   1.9421045e+01
   1.9436340e+01
   1.9451610e+01
   1.9466853e+01
   1.9482062e+01
   1.9497243e+01
   1.9512397e+01
   1.9527519e+01
   1.9542610e+01
   1.9557665e+01
   1.9572686e+01
   1.9587679e+01
   1.9602637e+01
   1.9617566e+01
   1.9632455e+01
   1.9647310e+01
   1.9662127e+01
   1.9676909e+01
   1.9691650e+01
   1.9706354e+01
   1.9721015e+01
   1.9735640e+01
   1.9750227e+01
   1.9764775e+01
   1.9779281e+01
   1.9793743e+01
   1.9808166e+01
   1.9822541e+01
   1.9836874e+01
   1.9851161e+01
   1.9865407e+01
   1.9879607e+01
   1.9893756e+01
   1.9907855e+01
   1.9921906e+01
   1.9935909e+01
   1.9949865e+01
   1.9963773e+01
   1.9977630e+01
   1.9991432e+01
   2.0005185e+01
   2.0018890e+01
   2.0032542e+01
   2.0046137e+01
   2.0059673e+01
   2.0073159e+01
   2.0086584e+01
   2.0099954e+01
   2.0113266e+01
   2.0126520e+01
   2.0139714e+01
   2.0152846e+01
   2.0165916e+01
   2.0178929e+01
   2.0191881e+01
   2.0204770e+01
   2.0217597e+01
   2.0230357e+01
   2.0243058e+01
   2.0255692e+01
   2.0268259e+01
   2.0280758e+01
   2.0293191e+01
   2.0305556e+01
   2.0317851e+01
   2.0330078e+01
   2.0342235e+01
   2.0354322e+01
   2.0366338e+01
   2.0378279e+01
   2.0390149e+01
   2.0401941e+01
   2.0413664e+01
   2.0425307e+01
   2.0436877e+01
   2.0448370e+01
   2.0459785e+01
   2.0471124e+01
   2.0482382e+01
   2.0493557e+01
   2.0504657e+01
   2.0515671e+01
   2.0526606e+01
   2.0537460e+01
   2.0548229e+01
   2.0558916e+01
   2.0569522e+01
   2.0580039e+01
   2.0590470e+01
   2.0600811e+01
   2.0611068e+01
   2.0621235e+01
   2.0631316e+01
   2.0641311e+01
   2.0651212e+01
   2.0661020e+01
   2.0670739e+01
   2.0680366e+01
   2.0689902e+01
   2.0699344e+01
   2.0708692e+01
   2.0717947e+01
   2.0727104e+01
   2.0736164e+01
   2.0745126e+01
   2.0753993e+01
   2.0762760e+01
   2.0771429e+01
   2.0779999e+01
   2.0788465e+01
   2.0796830e+01
   2.0805089e+01
   2.0813248e+01
   2.0821309e+01
   2.0829263e+01
   2.0837117e+01
   2.0844864e+01
   2.0852503e+01
   2.0860036e+01
   2.0867462e+01
   2.0874779e+01
   2.0881990e+01
   2.0889091e+01
   2.0896084e+01
   2.0902966e+01
   2.0909737e+01
   2.0916395e+01
   2.0922938e+01
   2.0929371e+01
   2.0935690e+01
   2.0941896e+01
   2.0947986e+01
   2.0953958e+01
   2.0959814e+01
   2.0965549e+01
   2.0971168e+01
   2.0976670e+01
   2.0982055e+01
   2.0987319e+01
   2.0992464e+01
   2.0997491e+01
   2.1002395e+01
   2.1007176e+01
   2.1011831e+01
   2.1016361e+01
   2.1020767e+01
   2.1025050e+01
   2.1029208e+01
   2.1033239e+01
   2.1037142e+01
   2.1040920e+01
   2.1044569e+01
   2.1048090e+01
   2.1051483e+01
   2.1054747e+01
   2.1057877e+01
   2.1060879e+01
   2.1063746e+01
   2.1066480e+01
   2.1069081e+01
   2.1071550e+01
   2.1073886e+01
   2.1076088e+01
   2.1078152e+01
   2.1080078e+01
   2.1081872e+01
   2.1083528e+01
   2.1085047e+01
   2.1086428e+01
   2.1087667e+01
   2.1088765e+01
   2.1089724e+01
   2.1090541e+01
   2.1091218e+01
   2.1091749e+01
   2.1092141e+01
   2.1092392e+01
   2.1092498e+01
   2.1092456e+01
   2.1092268e+01
   2.1091939e+01
   2.1091460e+01
   2.1090839e+01
   2.1090070e+01
   2.1089154e+01
   2.1088088e+01
   2.1086871e+01
   2.1085506e+01
   2.1083992e+01
   2.1082327e+01
   2.1080507e+01
   2.1078539e+01
   2.1076416e+01
   2.1074138e+01
   2.1071714e+01
   2.1069132e+01
   2.1066396e+01
   2.1063504e+01
   2.1060461e+01
   2.1057256e+01
   2.1053893e+01
   2.1050376e+01
   2.1046701e+01
   2.1042867e+01
   2.1038874e+01
   2.1034723e+01
   2.1030410e+01
   2.1025939e+01
   2.1021307e+01
   2.1016515e+01
   2.1011560e+01
   2.1006443e+01
   2.1001160e+01
   2.0995715e+01
   2.0990107e+01
   2.0984333e+01
   2.0978399e+01
   2.0972301e+01
   2.0966034e+01
   2.0959601e+01
   2.0953000e+01
   2.0946235e+01
   2.0939303e+01
   2.0932203e+01
   2.0924934e+01
   2.0917494e+01
   2.0909887e+01
   2.0902115e+01
   2.0894168e+01
   2.0886051e+01
   2.0877761e+01
   2.0869302e+01
   2.0860672e+01
   2.0851874e+01
   2.0842899e+01
   2.0833756e+01
   2.0824437e+01
   2.0814944e+01
   2.0805278e+01
   2.0795436e+01
   2.0785423e+01
   2.0775234e+01
   2.0764870e+01
   2.0754327e+01
   2.0743611e+01
   2.0732718e+01
   2.0721651e+01
   2.0710407e+01
   2.0698983e+01
   2.0687384e+01
   2.0675607e+01
   2.0663656e+01
   2.0651523e+01
   2.0639210e+01
   2.0626726e+01
   2.0614058e+01
   2.0601210e+01
   2.0588186e+01
   2.0574979e+01
   2.0561592e+01
   2.0548027e+01
   2.0534281e+01
   2.0520352e+01
   2.0506240e+01
   2.0491951e+01
   2.0477480e+01
   2.0462829e+01
   2.0447996e+01
   2.0432980e+01
   2.0417786e+01
   2.0402408e+01
   2.0386848e+01
   2.0371108e+01
   2.0355183e+01
   2.0339076e+01
   2.0322787e+01
   2.0306314e+01
   2.0289658e+01
   2.0272818e+01
   2.0255796e+01
   2.0238590e+01
   2.0221200e+01
   2.0203625e+01
   2.0185866e+01
   2.0167926e+01
   2.0149807e+01
   2.0131500e+01
   2.0113006e+01
   2.0094325e+01
   2.0075463e+01
   2.0056417e+01
   2.0037185e+01
   2.0017771e+01
   1.9998171e+01
   1.9978385e+01
   1.9958415e+01
   1.9938260e+01
   1.9917923e+01
   1.9897400e+01
   1.9876691e+01
   1.9855797e+01
   1.9834717e+01
   1.9813455e+01
   1.9792006e+01
   1.9770374e+01
   1.9748559e+01
   1.9726558e+01
   1.9704371e+01
   1.9681997e+01
   1.9659443e+01
   1.9636703e+01
   1.9613776e+01
   1.9590665e+01
   1.9567370e+01
   1.9543890e+01
   1.9520225e+01
   1.9496375e+01
   1.9472339e+01
   1.9448120e+01
   1.9423714e+01
   1.9399125e+01
   1.9374352e+01
   1.9349389e+01
   1.9324247e+01
   1.9298921e+01
   1.9273412e+01
   1.9247717e+01
   1.9221836e+01
   1.9195772e+01
   1.9169523e+01
   1.9143089e+01
   1.9116471e+01
   1.9089667e+01
   1.9062677e+01
   1.9035505e+01
   1.9008150e+01
   1.8980612e+01
   1.8952890e+01
   1.8924985e+01
   1.8896895e+01
   1.8868622e+01
   1.8840163e+01
   1.8811520e+01
   1.8782693e+01
   1.8753682e+01
   1.8724487e+01
   1.8695110e+01
   1.8665549e+01
   1.8635804e+01
   1.8605876e+01
   1.8575768e+01
   1.8545474e+01
   1.8514995e+01
   1.8484336e+01
   1.8453491e+01
   1.8422463e+01
   1.8391252e+01
   1.8359859e+01
   1.8328286e+01
   1.8296525e+01
   1.8264582e+01
   1.8232454e+01
   1.8200146e+01
   1.8167652e+01
   1.8134978e+01
   1.8102120e+01
   1.8069079e+01
   1.8035855e+01
   1.8002455e+01
   1.7968865e+01
   1.7935092e+01
   1.7901131e+01
   1.7866992e+01
   1.7832670e+01
   1.7798168e+01
   1.7763479e+01
   1.7728611e+01
   1.7693557e+01
   1.7658321e+01
   1.7622903e+01
   1.7587300e+01
   1.7551517e+01
   1.7515549e+01
   1.7479400e+01
   1.7443067e+01
   1.7406550e+01
   1.7369853e+01
   1.7332973e+01
   1.7295910e+01
   1.7258662e+01
   1.7221231e+01
   1.7183620e+01
   1.7145825e+01
   1.7107849e+01
   1.7069687e+01
   1.7031343e+01
   1.6992816e+01
   1.6954106e+01
   1.6915214e+01
   1.6876137e+01
   1.6836879e+01
   1.6797436e+01
   1.6757811e+01
   1.6718001e+01
   1.6678008e+01
   1.6637832e+01
   1.6597474e+01
   1.6556930e+01
   1.6516204e+01
   1.6475294e+01
   1.6434201e+01
   1.6392925e+01
   1.6351466e+01
   1.6309821e+01
   1.6267995e+01
   1.6225984e+01
   1.6183789e+01
   1.6141413e+01
   1.6098850e+01
   1.6056104e+01
   1.6013174e+01
   1.5970061e+01
   1.5926764e+01
   1.5883282e+01
   1.5839617e+01
   1.5795768e+01
   1.5751734e+01
   1.5707518e+01
   1.5663116e+01
   1.5618533e+01
   1.5573766e+01
   1.5528816e+01
   1.5483680e+01
   1.5438360e+01
   1.5392860e+01
   1.5347174e+01
   1.5301303e+01
   1.5255250e+01
   1.5209014e+01
   1.5162595e+01
   1.5115992e+01
   1.5069206e+01
   1.5022238e+01
   1.4975086e+01
   1.4927751e+01
   1.4880233e+01
   1.4832534e+01
   1.4784653e+01
   1.4736590e+01
   1.4688345e+01
   1.4639919e+01
   1.4591310e+01
   1.4542522e+01
   1.4493552e+01
   1.4444403e+01
   1.4395071e+01
   1.4345561e+01
   1.4295873e+01
   1.4246005e+01
   1.4195957e+01
   1.4145731e+01
   1.4095327e+01
   1.4044745e+01
   1.3993986e+01
   1.3943050e+01
   1.3891940e+01
   1.3840653e+01
   1.3789192e+01
   1.3737555e+01
   1.3685745e+01
   1.3633763e+01
   1.3581607e+01
   1.3529280e+01
   1.3476781e+01
   1.3424116e+01
   1.3371278e+01
   1.3318270e+01
   1.3265097e+01
   1.3211756e+01
   1.3158249e+01
   1.3104578e+01
   1.3050743e+01
   1.2996747e+01
   1.2942588e+01
   1.2888270e+01
   1.2833792e+01
   1.2779156e+01
   1.2724362e+01
   1.2669414e+01
   1.2614315e+01
   1.2559062e+01
   1.2503659e+01
   1.2448107e+01
   1.2392406e+01
   1.2336559e+01
   1.2280568e+01
   1.2224435e+01
   1.2168163e+01
   1.2111751e+01
   1.2055202e+01
   1.1998518e+01
   1.1941700e+01
   1.1884754e+01
   1.1827678e+01
   1.1770476e+01
   1.1713151e+01
   1.1655705e+01
   1.1598140e+01
   1.1540460e+01
   1.1482666e+01
   1.1424760e+01
   1.1366746e+01
   1.1308627e+01
   1.1250405e+01
   1.1192084e+01
   1.1133668e+01
   1.1075158e+01
   1.1016558e+01
   1.0957871e+01
   1.0899101e+01
   1.0840251e+01
   1.0781325e+01
   1.0722327e+01
   1.0663259e+01
   1.0604127e+01
   1.0544933e+01
   1.0485682e+01
   1.0426376e+01
   1.0367021e+01
   1.0307621e+01
   1.0248180e+01
   1.0188703e+01
   1.0129193e+01
   1.0069656e+01
   1.0010096e+01
   9.9505183e+00
   9.8909259e+00
   9.8313244e+00
   9.7717189e+00
   9.7121149e+00
   9.6525168e+00
   9.5929296e+00
   9.5333588e+00
   9.4738098e+00
   9.4142876e+00
   9.3547971e+00
   9.2953442e+00
   9.2359351e+00
   9.1765743e+00
   9.1172680e+00
   9.0580215e+00
   8.9988407e+00
   8.9397311e+00
   8.8806988e+00
   8.8217501e+00
   8.7628905e+00
   8.7041256e+00
   8.6454618e+00
   8.5869056e+00
   8.5284621e+00
   8.4701377e+00
   8.4119389e+00
   8.3538717e+00
   8.2959421e+00
   8.2381562e+00
   8.1805200e+00
   8.1230400e+00
   8.0657225e+00
   8.0085732e+00
   7.9515982e+00
   7.8948038e+00
   7.8381964e+00
   7.7817819e+00
   7.7255669e+00
   7.6695563e+00
   7.6137570e+00
   7.5581746e+00
   7.5028155e+00
   7.4476848e+00
   7.3927890e+00
   7.3381336e+00
   7.2837245e+00
   7.2295671e+00
   7.1756676e+00
   7.1220310e+00
   7.0686623e+00
   7.0155679e+00
   6.9627527e+00
   6.9102214e+00
   6.8579795e+00
   6.8060322e+00
   6.7543840e+00
   6.7030399e+00
   6.6520048e+00
   6.6012830e+00
   6.5508796e+00
   6.5007982e+00
   6.4510432e+00
   6.4016190e+00
   6.3525295e+00
   6.3037785e+00
   6.2553698e+00
   6.2073070e+00
   6.1595938e+00
   6.1122333e+00
   6.0652286e+00
   6.0185833e+00
   5.9723000e+00
   5.9263817e+00
   5.8808308e+00
   5.8356502e+00
   5.7908422e+00
   5.7464090e+00
   5.7023526e+00
   5.6586749e+00
   5.6153777e+00
   5.5724628e+00
   5.5299317e+00
   5.4877858e+00
   5.4460264e+00
   5.4046546e+00
   5.3636711e+00
   5.3230772e+00
   5.2828734e+00
   5.2430600e+00
   5.2036378e+00
   5.1646070e+00
   5.1259676e+00
   5.0877196e+00
   5.0498631e+00
   5.0123976e+00
   4.9753231e+00
   4.9386387e+00
   4.9023442e+00
   4.8664386e+00
   4.8309213e+00
   4.7957912e+00
   4.7610471e+00
   4.7266880e+00
   4.6927127e+00
   4.6591198e+00
   4.6259078e+00
   4.5930751e+00
   4.5606199e+00
   4.5285408e+00
   4.4968354e+00
   4.4655023e+00
   4.4345394e+00
   4.4039443e+00
   4.3737151e+00
   4.3438494e+00
   4.3143450e+00
   4.2851995e+00
   4.2564106e+00
   4.2279756e+00
   4.1998917e+00
   4.1721567e+00
   4.1447676e+00
   4.1177217e+00
   4.0910162e+00
   4.0646484e+00
   4.0386154e+00
   4.0129142e+00
   3.9875419e+00
   3.9624954e+00
   3.9377718e+00
   3.9133681e+00
   3.8892810e+00
   3.8655075e+00
   3.8420445e+00
   3.8188889e+00
   3.7960373e+00
   3.7734865e+00
   3.7512335e+00
   3.7292749e+00
   3.7076078e+00
   3.6862286e+00
   3.6651340e+00
   3.6443209e+00
   3.6237860e+00
   3.6035260e+00
   3.5835378e+00
   3.5638179e+00
   3.5443631e+00
   3.5251702e+00
   3.5062361e+00
   3.4875574e+00
   3.4691308e+00
   3.4509531e+00
   3.4330211e+00
   3.4153317e+00
   3.3978816e+00
   3.3806676e+00
   3.3636867e+00
   3.3469354e+00
   3.3304108e+00
