   1.9822941e-01
   1.9791209e-01
   1.9759542e-01
   1.9727940e-01
   1.9696402e-01
   1.9664929e-01
   1.9633521e-01
   1.9602177e-01
   1.9570897e-01
   1.9539682e-01
   1.9508530e-01
   1.9477442e-01
   1.9446418e-01
   1.9415457e-01
   1.9384560e-01
   1.9353726e-01
   1.9322955e-01
   1.9292247e-01
   1.9261602e-01
   1.9231020e-01
   1.9200500e-01
   1.9170043e-01
   1.9139649e-01
   1.9109316e-01
   1.9079046e-01
   1.9048838e-01
   1.9018691e-01
   1.8988607e-01
   1.8958584e-01
   1.8928622e-01
   1.8898722e-01
   1.8868883e-01
   1.8839105e-01
   1.8809388e-01
   1.8779731e-01
   1.8750136e-01
   1.8720601e-01
   1.8691127e-01
   1.8661713e-01
   1.8632359e-01
   1.8603065e-01
   1.8573831e-01
   1.8544657e-01
   1.8515543e-01
   1.8486488e-01
   1.8457493e-01
   1.8428557e-01
   1.8399681e-01
   1.8370863e-01
   1.8342105e-01
   1.8313405e-01
   1.8284764e-01
   1.8256182e-01
   1.8227658e-01
   1.8199192e-01
   1.8170785e-01
   1.8142436e-01
   1.8114145e-01
   1.8085912e-01
   1.8057736e-01
   1.8029618e-01
   1.8001558e-01
   1.7973555e-01
   1.7945610e-01
   1.7917721e-01
   1.7889890e-01
   1.7862115e-01
   1.7834398e-01
   1.7806737e-01
   1.7779133e-01
   1.7751585e-01
   1.7724093e-01
   1.7696658e-01
   1.7669279e-01
   1.7641956e-01
   1.7614688e-01
   1.7587477e-01
   1.7560321e-01
   1.7533221e-01
   1.7506176e-01
   1.7479186e-01
   1.7452252e-01
   1.7425372e-01
   1.7398548e-01
   1.7371778e-01
   1.7345064e-01
   1.7318404e-01
   1.7291798e-01
   1.7265247e-01
   1.7238750e-01
   1.7212307e-01
   1.7185918e-01
   1.7159583e-01
   1.7133302e-01
   1.7107075e-01
   1.7080902e-01
   1.7054782e-01
   1.7028715e-01
   1.7002702e-01
   1.6976741e-01
   1.6950834e-01
   1.6924980e-01
   1.6899179e-01
   1.6873430e-01
   1.6847734e-01
   1.6822090e-01
   1.6796499e-01
   1.6770961e-01
   1.6745474e-01
   1.6720039e-01
   1.6694657e-01
   1.6669326e-01
   1.6644047e-01
   1.6618820e-01
   1.6593645e-01
   1.6568520e-01
   1.6543447e-01
   1.6518426e-01
   1.6493455e-01
   1.6468536e-01
   1.6443667e-01
   1.6418849e-01
   1.6394082e-01
   1.6369366e-01
   1.6344700e-01
   1.6320084e-01
   1.6295519e-01
   1.6271003e-01
   1.6246538e-01
   1.6222123e-01
   1.6197758e-01
   1.6173442e-01
   1.6149177e-01
   1.6124960e-01
   1.6100794e-01
   1.6076676e-01
   1.6052608e-01
   1.6028589e-01
   1.6004619e-01
   1.5980698e-01
   1.5956826e-01
   1.5933002e-01
   1.5909228e-01
   1.5885502e-01
   1.5861824e-01
   1.5838194e-01
   1.5814613e-01
   1.5791080e-01
   1.5767595e-01
   1.5744158e-01
   1.5720769e-01
   1.5697428e-01
   1.5674134e-01
   1.5650888e-01
   1.5627689e-01
   1.5604537e-01
   1.5581433e-01
   1.5558376e-01
   1.5535366e-01
   1.5512404e-01
   1.5489487e-01
   1.5466618e-01
   1.5443796e-01
   1.5421020e-01
   1.5398290e-01
   1.5375607e-01
   1.5352970e-01
   1.5330379e-01
   1.5307835e-01
   1.5285336e-01
   1.5262884e-01
   1.5240477e-01
   1.5218116e-01
   1.5195800e-01
   1.5173531e-01
   1.5151306e-01
   1.5129127e-01
   1.5106993e-01
   1.5084904e-01
   1.5062861e-01
   1.5040862e-01
   1.5018908e-01
   1.4996999e-01
   1.4975135e-01
   1.4953316e-01
   1.4931540e-01
   1.4909810e-01
   1.4888123e-01
   1.4866481e-01
   1.4844883e-01
   1.4823329e-01
   1.4801819e-01
   1.4780353e-01
   1.4758931e-01
   1.4737552e-01
   1.4716217e-01
   1.4694926e-01
   1.4673677e-01
   1.4652473e-01
   1.4631311e-01
   1.4610193e-01
   1.4589118e-01
   1.4568085e-01
   1.4547096e-01
   1.4526149e-01
   1.4505245e-01
   1.4484384e-01
   1.4463565e-01
   1.4442789e-01
   1.4422055e-01
   1.4401364e-01
   1.4380714e-01
   1.4360107e-01
   1.4339542e-01
   1.4319018e-01
   1.4298537e-01
   1.4278097e-01
   1.4257699e-01
   1.4237342e-01
   1.4217027e-01
   1.4196753e-01
   1.4176521e-01
   1.4156330e-01
   1.4136180e-01
   1.4116071e-01
   1.4096004e-01
   1.4075977e-01
   1.4055990e-01
   1.4036045e-01
   1.4016140e-01
   1.3996276e-01
   1.3976453e-01
   1.3956669e-01
   1.3936926e-01
   1.3917224e-01
   1.3897561e-01
   1.3877938e-01
   1.3858356e-01
   1.3838813e-01
   1.3819311e-01
   1.3799848e-01
   1.3780424e-01
   1.3761040e-01
   1.3741696e-01
   1.3722391e-01
   1.3703126e-01
   1.3683899e-01
   1.3664712e-01
   1.3645564e-01
   1.3626455e-01
   1.3607385e-01
   1.3588354e-01
   1.3569361e-01
   1.3550407e-01
   1.3531492e-01
   1.3512615e-01
   1.3493777e-01
   1.3474977e-01
   1.3456216e-01
   1.3437492e-01
   1.3418807e-01
   1.3400160e-01
   1.3381551e-01
   1.3362980e-01
   1.3344446e-01
   1.3325951e-01
   1.3307492e-01
   1.3289072e-01
   1.3270689e-01
   1.3252344e-01
   1.3234036e-01
   1.3215765e-01
   1.3197531e-01
   1.3179334e-01
   1.3161175e-01
   1.3143053e-01
   1.3124967e-01
   1.3106918e-01
   1.3088906e-01
   1.3070931e-01
   1.3052992e-01
   1.3035090e-01
   1.3017224e-01
   1.2999395e-01
   1.2981602e-01
   1.2963845e-01
   1.2946124e-01
   1.2928439e-01
   1.2910791e-01
   1.2893178e-01
   1.2875601e-01
   1.2858060e-01
   1.2840554e-01
   1.2823085e-01
   1.2805650e-01
   1.2788252e-01
   1.2770888e-01
   1.2753560e-01
   1.2736268e-01
   1.2719010e-01
   1.2701788e-01
   1.2684600e-01
   1.2667448e-01
   1.2650330e-01
   1.2633248e-01
   1.2616200e-01
   1.2599187e-01
   1.2582208e-01
   1.2565264e-01
   1.2548354e-01
   1.2531479e-01
   1.2514638e-01
   1.2497832e-01
   1.2481060e-01
   1.2464321e-01
   1.2447617e-01
   1.2430947e-01
   1.2414311e-01
   1.2397708e-01
   1.2381139e-01
   1.2364605e-01
   1.2348103e-01
   1.2331635e-01
   1.2315201e-01
   1.2298800e-01
   1.2282433e-01
   1.2266099e-01
   1.2249798e-01
   1.2233530e-01
   1.2217295e-01
   1.2201093e-01
   1.2184925e-01
   1.2168789e-01
   1.2152686e-01
   1.2136616e-01
   1.2120578e-01
   1.2104573e-01
   1.2088600e-01
   1.2072660e-01
   1.2056753e-01
   1.2040878e-01
   1.2025035e-01
   1.2009224e-01
   1.1993445e-01
   1.1977699e-01
   1.1961984e-01
   1.1946302e-01
   1.1930651e-01
   1.1915032e-01
   1.1899445e-01
   1.1883890e-01
   1.1868366e-01
   1.1852874e-01
   1.1837413e-01
   1.1821984e-01
   1.1806586e-01
   1.1791219e-01
   1.1775884e-01
   1.1760580e-01
   1.1745307e-01
   1.1730065e-01
   1.1714854e-01
   1.1699673e-01
   1.1684524e-01
   1.1669406e-01
   1.1654318e-01
   1.1639261e-01
   1.1624234e-01
   1.1609238e-01
   1.1594273e-01
   1.1579338e-01
   1.1564433e-01
   1.1549558e-01
   1.1534714e-01
   1.1519900e-01
   1.1505116e-01
   1.1490362e-01
   1.1475638e-01
   1.1460944e-01
   1.1446280e-01
   1.1431646e-01
   1.1417041e-01
   1.1402466e-01
   1.1387921e-01
   1.1373405e-01
   1.1358918e-01
   1.1344462e-01
   1.1330034e-01
   1.1315636e-01
   1.1301267e-01
   1.1286927e-01
   1.1272616e-01
   1.1258335e-01
   1.1244082e-01
   1.1229859e-01
   1.1215664e-01
   1.1201498e-01
   1.1187361e-01
   1.1173252e-01
   1.1159173e-01
   1.1145121e-01
   1.1131099e-01
   1.1117105e-01
   1.1103139e-01
   1.1089201e-01
   1.1075292e-01
   1.1061412e-01
   1.1047559e-01
   1.1033734e-01
   1.1019938e-01
   1.1006169e-01
   1.0992429e-01
   1.0978716e-01
   1.0965032e-01
   1.0951375e-01
   1.0937745e-01
   1.0924144e-01
   1.0910570e-01
   1.0897024e-01
   1.0883505e-01
   1.0870013e-01
   1.0856549e-01
   1.0843113e-01
   1.0829703e-01
   1.0816321e-01
   1.0802966e-01
   1.0789638e-01
   1.0776337e-01
   1.0763063e-01
   1.0749816e-01
   1.0736596e-01
   1.0723403e-01
   1.0710236e-01
   1.0697097e-01
   1.0683984e-01
   1.0670897e-01
   1.0657837e-01
   1.0644804e-01
   1.0631797e-01
   1.0618816e-01
   1.0605862e-01
   1.0592934e-01
   1.0580033e-01
   1.0567157e-01
   1.0554308e-01
   1.0541485e-01
   1.0528687e-01
   1.0515916e-01
   1.0503171e-01
   1.0490451e-01
   1.0477757e-01
   1.0465089e-01
   1.0452447e-01
   1.0439830e-01
   1.0427239e-01
   1.0414674e-01
   1.0402134e-01
   1.0389619e-01
   1.0377130e-01
   1.0364666e-01
   1.0352228e-01
   1.0339814e-01
   1.0327426e-01
   1.0315063e-01
   1.0302725e-01
   1.0290412e-01
   1.0278124e-01
   1.0265861e-01
   1.0253623e-01
   1.0241410e-01
   1.0229221e-01
   1.0217057e-01
   1.0204918e-01
   1.0192804e-01
   1.0180714e-01
   1.0168648e-01
   1.0156607e-01
   1.0144591e-01
   1.0132598e-01
   1.0120630e-01
   1.0108687e-01
   1.0096767e-01
   1.0084872e-01
   1.0073001e-01
   1.0061154e-01
   1.0049331e-01
   1.0037532e-01
   1.0025757e-01
   1.0014005e-01
   1.0002278e-01
   9.9905742e-02
   9.9788943e-02
   9.9672380e-02
   9.9556053e-02
   9.9439962e-02
   9.9324107e-02
   9.9208486e-02
   9.9093100e-02
   9.8977948e-02
   9.8863029e-02
   9.8748343e-02
   9.8633889e-02
   9.8519668e-02
   9.8405677e-02
   9.8291918e-02
   9.8178390e-02
   9.8065091e-02
   9.7952022e-02
   9.7839183e-02
   9.7726572e-02
   9.7614189e-02
   9.7502034e-02
   9.7390106e-02
   9.7278405e-02
   9.7166930e-02
   9.7055681e-02
   9.6944658e-02
   9.6833859e-02
   9.6723285e-02
   9.6612935e-02
   9.6502809e-02
   9.6392906e-02
   9.6283225e-02
   9.6173767e-02
   9.6064530e-02
   9.5955515e-02
   9.5846720e-02
   9.5738146e-02
   9.5629792e-02
   9.5521657e-02
   9.5413741e-02
   9.5306044e-02
   9.5198565e-02
   9.5091304e-02
   9.4984260e-02
   9.4877433e-02
   9.4770822e-02
   9.4664427e-02
   9.4558248e-02
   9.4452283e-02
   9.4346534e-02
   9.4240998e-02
   9.4135676e-02
   9.4030568e-02
   9.3925672e-02
   9.3820989e-02
   9.3716517e-02
   9.3612257e-02
   9.3508209e-02
   9.3404371e-02
   9.3300743e-02
   9.3197325e-02
   9.3094117e-02
   9.2991117e-02
   9.2888326e-02
   9.2785743e-02
   9.2683368e-02
   9.2581200e-02
   9.2479239e-02
   9.2377484e-02
   9.2275935e-02
   9.2174698e-02
   1.0464170e-01
   1.1681051e-01
   1.2869457e-01
   1.4031540e-01
   1.5169271e-01
   1.6284514e-01
   1.7379143e-01
   1.8454842e-01
   1.9513224e-01
   2.0555856e-01
   2.1584265e-01
   2.2599884e-01
   2.3604276e-01
   2.4599163e-01
   2.5586300e-01
   2.6567984e-01
   2.7546855e-01
   2.8526379e-01
   2.9511171e-01
   3.0507357e-01
   3.1523574e-01
   3.2571926e-01
   3.3669527e-01
   3.4842196e-01
   3.6129442e-01
   3.7594666e-01
   3.9345535e-01
   4.1578511e-01
   4.4682855e-01
   4.9506928e-01
   5.8110299e-01
   7.6399717e-01
   1.0914076e+00
   1.2998411e+00
   1.3978861e+00
   1.4543737e+00
   1.4944102e+00
   1.5261915e+00
   1.5526666e+00
   1.5750113e+00
   1.5937971e+00
   1.6093712e+00
   1.6220042e+00
   1.6319425e+00
   1.6394280e+00
   1.6447125e+00
   1.6480267e+00
   1.6496033e+00
   1.6496572e+00
   1.6483971e+00
   1.6339040e+00
   1.6171404e+00
   1.5987610e+00
   1.5792964e+00
   1.5591742e+00
   1.5387370e+00
   1.5182580e+00
   1.4979512e+00
   1.4779839e+00
   1.4584831e+00
   1.4395472e+00
   1.4212481e+00
   1.4036374e+00
   1.3867523e+00
   1.3706131e+00
   1.3552258e+00
   1.3405965e+00
   1.3267183e+00
   1.3135839e+00
   1.3011786e+00
   1.2894844e+00
   1.2784818e+00
   1.2681495e+00
   1.2584662e+00
   1.2494059e+00
   1.2409463e+00
   1.2330630e+00
   1.2257315e+00
   1.2189292e+00
   1.2126325e+00
   1.2068195e+00
   1.2014662e+00
   1.1965521e+00
   1.1920548e+00
   1.1879544e+00
   1.1842311e+00
   1.1808667e+00
   1.1778421e+00
   1.1751385e+00
   1.1727395e+00
   1.1706298e+00
   1.1687938e+00
   1.1672156e+00
   1.1658816e+00
   1.1647776e+00
   1.1638914e+00
   1.1632093e+00
   1.1627201e+00
   1.1624122e+00
   1.1622749e+00
   1.1622978e+00
   1.1624714e+00
   1.1627856e+00
   1.1632312e+00
   1.1638011e+00
   1.1644867e+00
   1.1652796e+00
   1.1661737e+00
   1.1671621e+00
   1.1682381e+00
   1.1693956e+00
   1.1706287e+00
   1.1719314e+00
   1.1732987e+00
   1.1747264e+00
   1.1762093e+00
   1.1777425e+00
   1.1793222e+00
   1.1809449e+00
   1.1826056e+00
   1.1843017e+00
   1.1860294e+00
   1.1877863e+00
   1.1895690e+00
   1.1913746e+00
   1.1932008e+00
   1.1950455e+00
   1.1969060e+00
   1.1987807e+00
   1.2006666e+00
   1.2025623e+00
   1.2044658e+00
   1.2063760e+00
   1.2082903e+00
   1.2102081e+00
   1.2121281e+00
   1.2140489e+00
   1.2159696e+00
   1.2178893e+00
   1.2198071e+00
   1.2217214e+00
   1.2236318e+00
   1.2255374e+00
   1.2274376e+00
   1.2293314e+00
   1.2312182e+00
   1.2330976e+00
   1.2349685e+00
   1.2368310e+00
   1.2386852e+00
   1.2405304e+00
   1.2423658e+00
   1.2441908e+00
   1.2460060e+00
   1.2478109e+00
   1.2496056e+00
   1.2513893e+00
   1.2531619e+00
   1.2549237e+00
   1.2566736e+00
   1.2584125e+00
   1.2601401e+00
   1.2618562e+00
   1.2635609e+00
   1.2652540e+00
   1.2669358e+00
   1.2686054e+00
   1.2702639e+00
   1.2719106e+00
   1.2735462e+00
   1.2751699e+00
   1.2767825e+00
   1.2783834e+00
   1.2799734e+00
   1.2815519e+00
   1.2831191e+00
   1.2846754e+00
   1.2862206e+00
   1.2877548e+00
   1.2892779e+00
   1.2907906e+00
   1.2922924e+00
   1.2937833e+00
   1.2952639e+00
   1.2967340e+00
   1.2981938e+00
   1.2996432e+00
   1.3010828e+00
   1.3025122e+00
   1.3039316e+00
   1.3053411e+00
   1.3067409e+00
   1.3081311e+00
   1.3095116e+00
   1.3108828e+00
   1.3122445e+00
   1.3135969e+00
   1.3149401e+00
   1.3162743e+00
   1.3175994e+00
   1.3189157e+00
   1.3202231e+00
   1.3215218e+00
   1.3228119e+00
   1.3240935e+00
   1.3253667e+00
   1.3266317e+00
   1.3278885e+00
   1.3291373e+00
   1.3303779e+00
   1.3316105e+00
   1.3328351e+00
   1.3340519e+00
   1.3352611e+00
   1.3364627e+00
   1.3376567e+00
   1.3388434e+00
   1.3400226e+00
   1.3411944e+00
   1.3423591e+00
   1.3435167e+00
   1.3446674e+00
   1.3458111e+00
   1.3469480e+00
   1.3480782e+00
   1.3492020e+00
   1.3503193e+00
   1.3514304e+00
   1.3525354e+00
   1.3536344e+00
   1.3547276e+00
   1.3558152e+00
   1.3568973e+00
   1.3579742e+00
   1.3590460e+00
   1.3601130e+00
   1.3611755e+00
   1.3622337e+00
   1.3632879e+00
   1.3643384e+00
   1.3653855e+00
   1.3664297e+00
   1.3674713e+00
   1.3685108e+00
   1.3695486e+00
   1.3705852e+00
   1.3716212e+00
   1.3726570e+00
   1.3736934e+00
   1.3747309e+00
   1.3757702e+00
   1.3768119e+00
   1.3778568e+00
   1.3789057e+00
   1.3799592e+00
   1.3810182e+00
   1.3820835e+00
   1.3831557e+00
   1.3842357e+00
   1.3853243e+00
   1.3864223e+00
   1.3875303e+00
   1.3886491e+00
   1.3897794e+00
   1.3909218e+00
   1.3920769e+00
   1.3932452e+00
   1.3944273e+00
   1.3956237e+00
   1.3968346e+00
   1.3980605e+00
   1.3993017e+00
   1.4005582e+00
   1.4018304e+00
   1.4031182e+00
   1.4044219e+00
   1.4057413e+00
   1.4070764e+00
   1.4084271e+00
   1.4097933e+00
   1.4111749e+00
   1.4125715e+00
   1.4139830e+00
   1.4154091e+00
   1.4168495e+00
   1.4183038e+00
   1.4197719e+00
   1.4212532e+00
   1.4227474e+00
   1.4242542e+00
   1.4257732e+00
   1.4273040e+00
   1.4288462e+00
   1.4303995e+00
   1.4319633e+00
   1.4335374e+00
   1.4351214e+00
   1.4367149e+00
   1.4383176e+00
   1.4399290e+00
   1.4415488e+00
   1.4431767e+00
   1.4448124e+00
   1.4464555e+00
   1.4481056e+00
   1.4497626e+00
   1.4514260e+00
   1.4530957e+00
   1.4547713e+00
   1.4564526e+00
   1.4581393e+00
   1.4598312e+00
   1.4615280e+00
   1.4632296e+00
   1.4649356e+00
   1.4666460e+00
   1.4683604e+00
   1.4700788e+00
   1.4718009e+00
   1.4735266e+00
   1.4752556e+00
   1.4769879e+00
   1.4787233e+00
   1.4804617e+00
   1.4822029e+00
   1.4839468e+00
   1.4856932e+00
   1.4874421e+00
   1.4891934e+00
   1.4909469e+00
   1.4927025e+00
   1.4944602e+00
   1.4962198e+00
   1.4979814e+00
   1.4997447e+00
   1.5015097e+00
   1.5032763e+00
   1.5050446e+00
   1.5068143e+00
   1.5085855e+00
   1.5103580e+00
   1.5121318e+00
   1.5139070e+00
   1.5156833e+00
   1.5174608e+00
   1.5192394e+00
   1.5210190e+00
   1.5227997e+00
   1.5245814e+00
   1.5263640e+00
   1.5281475e+00
   1.5299319e+00
   1.5317171e+00
   1.5335031e+00
   1.5352898e+00
   1.5370773e+00
   1.5388655e+00
   1.5406544e+00
   1.5424440e+00
   1.5442341e+00
   1.5460249e+00
   1.5478162e+00
   1.5496081e+00
   1.5514006e+00
   1.5531935e+00
   1.5549869e+00
   1.5567809e+00
   1.5585752e+00
   1.5603701e+00
   1.5621653e+00
   1.5639610e+00
   1.5657570e+00
   1.5675534e+00
   1.5693502e+00
   1.5711474e+00
   1.5729449e+00
   1.5747428e+00
   1.5765409e+00
   1.5783394e+00
   1.5801382e+00
   1.5819373e+00
   1.5837367e+00
   1.5855363e+00
   1.5873363e+00
   1.5891365e+00
   1.5909370e+00
   1.5927377e+00
   1.5945387e+00
   1.5963399e+00
   1.5981414e+00
   1.5999432e+00
   1.6017451e+00
   1.6035474e+00
   1.6053498e+00
   1.6071525e+00
   1.6089555e+00
   1.6107586e+00
   1.6125620e+00
   1.6143657e+00
   1.6161696e+00
   1.6179737e+00
   1.6197781e+00
   1.6215827e+00
   1.6233876e+00
   1.6251927e+00
   1.6269981e+00
   1.6288037e+00
   1.6306096e+00
   1.6324158e+00
   1.6342223e+00
   1.6360290e+00
   1.6378360e+00
   1.6396433e+00
   1.6414509e+00
   1.6432588e+00
   1.6450670e+00
   1.6468755e+00
   1.6486843e+00
   1.6504935e+00
   1.6523030e+00
   1.6541128e+00
   1.6559230e+00
   1.6577336e+00
   1.6595445e+00
   1.6613558e+00
   1.6631675e+00
   1.6649796e+00
   1.6667921e+00
   1.6686051e+00
   1.6704184e+00
   1.6722322e+00
   1.6740465e+00
   1.6758612e+00
   1.6776763e+00
   1.6794920e+00
   1.6813081e+00
   1.6831247e+00
   1.6849419e+00
   1.6867596e+00
   1.6885778e+00
   1.6903965e+00
   1.6922158e+00
   1.6940357e+00
   1.6958562e+00
   1.6976772e+00
   1.6994989e+00
   1.7013212e+00
   1.7031441e+00
   1.7049677e+00
   1.7067919e+00
   1.7086167e+00
   1.7104423e+00
   1.7122685e+00
   1.7140955e+00
   1.7159232e+00
   1.7177516e+00
   1.7195807e+00
   1.7214106e+00
   1.7232413e+00
   1.7250727e+00
   1.7269050e+00
   1.7287380e+00
   1.7305719e+00
   1.7324066e+00
   1.7342421e+00
   1.7360785e+00
   1.7379158e+00
   1.7397540e+00
   1.7415930e+00
   1.7434330e+00
   1.7452739e+00
   1.7471158e+00
   1.7489585e+00
   1.7508023e+00
   1.7526470e+00
   1.7544927e+00
   1.7563394e+00
   1.7581872e+00
   1.7600359e+00
   1.7618857e+00
   1.7637366e+00
   1.7655885e+00
   1.7674415e+00
   1.7692956e+00
   1.7711508e+00
   1.7730071e+00
   1.7748646e+00
   1.7767232e+00
   1.7785829e+00
   1.7804439e+00
   1.7823060e+00
   1.7841693e+00
   1.7860338e+00
   1.7878995e+00
   1.7897665e+00
   1.7916347e+00
   1.7935041e+00
   1.7953749e+00
   1.7972469e+00
   1.7991202e+00
   1.8009948e+00
   1.8028707e+00
   1.8047480e+00
   1.8066266e+00
   1.8085065e+00
   1.8103879e+00
   1.8122706e+00
   1.8141547e+00
   1.8160402e+00
   1.8179271e+00
   1.8198155e+00
   1.8217052e+00
   1.8235965e+00
   1.8254892e+00
   1.8273834e+00
   1.8292790e+00
   1.8311762e+00
   1.8330748e+00
   1.8349750e+00
   1.8368767e+00
   1.8387800e+00
   1.8406848e+00
   1.8425912e+00
   1.8444992e+00
   1.8464087e+00
   1.8483198e+00
   1.8502326e+00
   1.8521470e+00
   1.8540630e+00
   1.8559806e+00
   1.8578999e+00
   1.8598209e+00
   1.8617436e+00
   1.8636679e+00
   1.8655939e+00
   1.8675217e+00
   1.8694511e+00
   1.8713823e+00
   1.8733152e+00
   1.8752499e+00
   1.8771864e+00
   1.8791246e+00
   1.8810646e+00
   1.8830064e+00
   1.8849499e+00
   1.8868953e+00
   1.8888426e+00
   1.8907916e+00
   1.8927425e+00
   1.8946953e+00
   1.8966499e+00
   1.8986064e+00
   1.9005648e+00
   1.9025250e+00
   1.9044872e+00
   1.9064513e+00
   1.9084173e+00
   1.9103852e+00
   1.9123551e+00
   1.9143269e+00
   1.9163007e+00
   1.9182765e+00
   1.9202542e+00
   1.9222340e+00
   1.9242157e+00
   1.9261995e+00
   1.9281852e+00
   1.9301730e+00
   1.9321629e+00
   1.9341547e+00
   1.9361487e+00
   1.9381447e+00
   1.9401427e+00
   1.9421429e+00
   1.9441452e+00
   1.9461495e+00
   1.9481560e+00
   1.9501646e+00
   1.9521753e+00
   1.9541882e+00
   1.9562032e+00
   1.9582203e+00
   1.9602397e+00
   1.9622612e+00
   1.9642849e+00
   1.9663107e+00
   1.9683388e+00
   1.9703691e+00
   1.9724016e+00
   1.9744364e+00
   1.9764734e+00
   1.9785126e+00
   1.9805541e+00
   1.9825978e+00
   1.9846438e+00
   1.9866921e+00
   1.9887427e+00
   1.9907956e+00
   1.9928508e+00
   1.9949083e+00
   1.9969681e+00
   1.9990303e+00
   2.0010948e+00
   2.0031616e+00
   2.0052308e+00
   2.0073024e+00
   2.0093763e+00
   2.0114526e+00
   2.0135314e+00
   2.0156125e+00
   2.0176960e+00
   2.0197819e+00
   2.0218703e+00
   2.0239611e+00
   2.0260543e+00
   2.0281500e+00
   2.0302482e+00
   2.0323488e+00
   2.0344518e+00
   2.0365574e+00
   2.0386654e+00
   2.0407760e+00
   2.0428890e+00
   2.0450046e+00
   2.0471227e+00
   2.0492433e+00
   2.0513665e+00
   2.0534922e+00
   2.0556205e+00
   2.0577513e+00
   2.0598847e+00
   2.0620206e+00
   2.0641592e+00
   2.0663004e+00
   2.0684441e+00
   2.0705905e+00
   2.0727395e+00
   2.0748911e+00
   2.0770453e+00
   2.0792022e+00
   2.0813617e+00
   2.0835239e+00
   2.0856888e+00
   2.0878563e+00
   2.0900265e+00
   2.0921995e+00
   2.0943751e+00
   2.0965534e+00
   2.0987344e+00
   2.1009181e+00
   2.1031046e+00
   2.1052938e+00
   2.1074858e+00
   2.1096805e+00
   2.1118779e+00
   2.1140781e+00
   2.1162812e+00
   2.1184869e+00
   2.1206955e+00
   2.1229069e+00
   2.1251211e+00
   2.1273381e+00
   2.1295579e+00
   2.1317805e+00
   2.1340060e+00
   2.1362343e+00
   2.1384655e+00
   2.1406996e+00
   2.1429365e+00
   2.1451762e+00
   2.1474189e+00
   2.1496645e+00
   2.1519129e+00
   2.1541643e+00
   2.1564185e+00
   2.1586757e+00
   2.1609359e+00
   2.1631989e+00
   2.1654649e+00
   2.1677339e+00
   2.1700058e+00
   2.1722807e+00
   2.1745585e+00
   2.1768393e+00
   2.1791232e+00
   2.1814100e+00
   2.1836998e+00
   2.1859926e+00
   2.1882885e+00
   2.1905874e+00
   2.1928893e+00
   2.1951942e+00
   2.1975022e+00
   2.1998133e+00
   2.2021274e+00
   2.2044446e+00
   2.2067649e+00
   2.2090883e+00
   2.2114147e+00
   2.2137443e+00
   2.2160770e+00
   2.2184128e+00
   2.2207517e+00
   2.2230937e+00
   2.2254389e+00
   2.2277872e+00
   2.2301387e+00
   2.2324934e+00
   2.2348512e+00
   2.2372122e+00
   2.2395764e+00
   2.2419437e+00
   2.2443143e+00
   2.2466881e+00
   2.2490651e+00
   2.2514453e+00
   2.2538287e+00
   2.2562154e+00
   2.2586053e+00
   2.2609985e+00
   2.2633949e+00
   2.2657946e+00
   2.2681976e+00
   2.2706038e+00
   2.2730134e+00
   2.2754262e+00
   2.2778423e+00
   2.2802618e+00
   2.2826845e+00
   2.2851106e+00
   2.2875400e+00
   2.2899728e+00
   2.2924089e+00
   2.2948484e+00
   2.2972912e+00
   2.2997374e+00
   2.3021870e+00
   2.3046399e+00
   2.3070963e+00
   2.3095560e+00
   2.3120192e+00
   2.3144858e+00
   2.3169557e+00
   2.3194292e+00
   2.3219060e+00
   2.3243863e+00
   2.3268701e+00
   2.3293573e+00
   2.3318480e+00
   2.3343421e+00
   2.3368397e+00
   2.3393408e+00
   2.3418454e+00
   2.3443536e+00
   2.3468652e+00
   2.3493803e+00
   2.3518990e+00
   2.3544212e+00
   2.3569469e+00
   2.3594762e+00
   2.3620090e+00
   2.3645454e+00
   2.3670854e+00
   2.3696289e+00
   2.3721760e+00
   2.3747267e+00
   2.3772810e+00
   2.3798389e+00
   2.3824005e+00
   2.3849656e+00
   2.3875344e+00
   2.3901068e+00
   2.3926828e+00
   2.3952625e+00
   2.3978459e+00
   2.4004329e+00
   2.4030235e+00
   2.4056179e+00
   2.4082160e+00
   2.4108177e+00
   2.4134231e+00
   2.4160323e+00
   2.4186451e+00
   2.4212617e+00
   2.4238820e+00
   2.4265061e+00
   2.4291339e+00
   2.4317654e+00
   2.4344007e+00
   2.4370398e+00
   2.4396826e+00
   2.4423292e+00
   2.4449796e+00
   2.4476338e+00
   2.4502918e+00
   2.4529536e+00
   2.4556192e+00
   2.4582887e+00
   2.4609620e+00
   2.4636391e+00
   2.4663201e+00
   2.4690049e+00
   2.4716935e+00
   2.4743861e+00
   2.4770825e+00
   2.4797828e+00
   2.4824870e+00
   2.4851951e+00
   2.4879071e+00
   2.4906230e+00
   2.4933428e+00
   2.4960665e+00
   2.4987942e+00
   2.5015258e+00
   2.5042613e+00
   2.5070009e+00
   2.5097443e+00
   2.5124918e+00
   2.5152432e+00
   2.5179986e+00
   2.5207580e+00
   2.5235214e+00
   2.5262888e+00
   2.5290602e+00
   2.5318356e+00
   2.5346150e+00
   2.5373985e+00
   2.5401860e+00
   2.5429776e+00
   2.5457732e+00
   2.5485729e+00
   2.5513767e+00
   2.5541845e+00
   2.5569964e+00
   2.5598125e+00
   2.5626326e+00
   2.5654568e+00
   2.5682851e+00
   2.5711176e+00
   2.5739541e+00
   2.5767948e+00
   2.5796397e+00
   2.5824887e+00
   2.5853419e+00
   2.5881992e+00
   2.5910607e+00
   2.5939263e+00
   2.5967962e+00
   2.5996702e+00
   2.6025485e+00
   2.6054309e+00
   2.6083176e+00
   2.6112085e+00
   2.6141036e+00
   2.6170029e+00
   2.6199065e+00
   2.6228144e+00
   2.6257265e+00
   2.6286428e+00
   2.6315635e+00
   2.6344884e+00
   2.6374176e+00
   2.6403511e+00
   2.6432888e+00
   2.6462309e+00
   2.6491774e+00
   2.6521281e+00
   2.6550831e+00
   2.6580425e+00
   2.6610063e+00
   2.6639744e+00
   2.6669468e+00
   2.6699236e+00
   2.6729048e+00
   2.6758904e+00
   2.6788803e+00
   2.6818747e+00
   2.6848734e+00
   2.6878766e+00
   2.6908841e+00
   2.6938961e+00
   2.6969125e+00
   2.6999334e+00
   2.7029587e+00
   2.7059884e+00
   2.7090226e+00
   2.7120613e+00
   2.7151044e+00
   2.7181521e+00
   2.7212042e+00
   2.7242608e+00
   2.7273219e+00
   2.7303875e+00
   2.7334576e+00
   2.7365322e+00
   2.7396114e+00
   2.7426951e+00
   2.7457834e+00
   2.7488762e+00
   2.7519736e+00
   2.7550755e+00
   2.7581820e+00
   2.7612931e+00
   2.7644088e+00
   2.7675290e+00
   2.7706539e+00
   2.7737834e+00
   2.7769174e+00
   2.7800562e+00
   2.7831995e+00
   2.7863475e+00
   2.7895001e+00
   2.7926574e+00
   2.7958193e+00
   2.7989859e+00
   2.8021572e+00
   2.8053332e+00
   2.8085138e+00
   2.8116991e+00
   2.8148892e+00
   2.8180839e+00
   2.8212834e+00
   2.8244876e+00
   2.8276965e+00
   2.8309101e+00
   2.8341285e+00
   2.8373517e+00
   2.8405796e+00
   2.8438123e+00
   2.8470497e+00
   2.8502920e+00
   2.8535390e+00
   2.8567908e+00
   2.8600474e+00
   2.8633089e+00
   2.8665751e+00
   2.8698462e+00
   2.8731221e+00
   2.8764028e+00
   2.8796884e+00
   2.8829789e+00
   2.8862742e+00
   2.8895744e+00
   2.8928794e+00
   2.8961893e+00
   2.8995041e+00
   2.9028239e+00
   2.9061485e+00
   2.9094780e+00
   2.9128125e+00
   2.9161518e+00
   2.9194961e+00
   2.9228454e+00
   2.9261996e+00
   2.9295587e+00
   2.9329228e+00
   2.9362919e+00
   2.9396660e+00
   2.9430450e+00
   2.9464291e+00
   2.9498181e+00
   2.9532121e+00
   2.9566112e+00
   2.9600153e+00
   2.9634244e+00
   2.9668385e+00
   2.9702577e+00
   2.9736819e+00
   2.9771112e+00
   2.9805455e+00
   2.9839849e+00
   2.9874294e+00
   2.9908790e+00
   2.9943337e+00
   2.9977935e+00
   3.0012584e+00
   3.0047284e+00
   3.0082035e+00
   3.0116838e+00
   3.0151692e+00
   3.0186597e+00
   3.0221554e+00
   3.0256562e+00
   3.0291623e+00
   3.0326735e+00
   3.0361898e+00
   3.0397114e+00
   3.0432382e+00
   3.0467702e+00
   3.0503073e+00
   3.0538497e+00
   3.0573974e+00
   3.0609502e+00
   3.0645083e+00
   3.0680717e+00
   3.0716403e+00
   3.0752142e+00
   3.0787933e+00
   3.0823777e+00
   3.0859675e+00
   3.0895625e+00
   3.0931628e+00
   3.0967684e+00
   3.1003793e+00
   3.1039956e+00
   3.1076172e+00
   3.1112441e+00
   3.1148764e+00
   3.1185140e+00
   3.1221570e+00
   3.1258054e+00
   3.1294591e+00
   3.1331182e+00
   3.1367828e+00
   3.1404527e+00
   3.1441280e+00
   3.1478088e+00
   3.1514949e+00
   3.1551865e+00
   3.1588836e+00
   3.1625860e+00
   3.1662940e+00
   3.1700074e+00
   3.1737262e+00
   3.1774506e+00
   3.1811804e+00
   3.1849157e+00
   3.1886565e+00
   3.1924029e+00
   3.1961547e+00
   3.1999121e+00
   3.2036750e+00
   3.2074434e+00
   3.2112174e+00
   3.2149969e+00
   3.2187820e+00
   3.2225727e+00
   3.2263690e+00
   3.2301708e+00
   3.2339782e+00
   3.2377912e+00
   3.2416099e+00
   3.2454341e+00
   3.2492640e+00
   3.2530995e+00
   3.2569407e+00
   3.2607875e+00
   3.2646400e+00
   3.2684981e+00
   3.2723619e+00
   3.2762314e+00
   3.2801065e+00
   3.2839874e+00
   3.2878740e+00
   3.2917663e+00
   3.2956643e+00
   3.2995680e+00
   3.3034775e+00
   3.3073927e+00
   3.3113137e+00
   3.3152404e+00
   3.3191729e+00
   3.3231112e+00
   3.3270553e+00
   3.3310052e+00
   3.3349608e+00
   3.3389223e+00
   3.3428896e+00
   3.3468627e+00
   3.3508417e+00
   3.3548265e+00
   3.3588172e+00
   3.3628137e+00
   3.3668161e+00
   3.3708244e+00
   3.3748385e+00
   3.3788586e+00
   3.3828845e+00
   3.3869164e+00
   3.3909542e+00
   3.3949979e+00
   3.3990475e+00
   3.4031031e+00
   3.4071646e+00
   3.4112321e+00
   3.4153056e+00
   3.4193851e+00
   3.4234705e+00
   3.4275620e+00
   3.4316594e+00
   3.4357629e+00
   3.4398723e+00
   3.4439879e+00
   3.4481094e+00
   3.4522370e+00
   3.4563707e+00
   3.4605104e+00
   3.4646562e+00
   3.4688081e+00
   3.4729660e+00
   3.4771301e+00
   3.4813003e+00
   3.4854766e+00
   3.4896590e+00
   3.4938476e+00
   3.4980423e+00
   3.5022432e+00
   3.5064502e+00
   3.5106634e+00
   3.5148828e+00
   3.5191084e+00
   3.5233401e+00
   3.5275781e+00
   3.5318223e+00
   3.5360727e+00
   3.5403294e+00
   3.5445923e+00
   3.5488615e+00
   3.5531369e+00
   3.5574186e+00
   3.5617066e+00
   3.5660009e+00
   3.5703014e+00
   3.5746083e+00
   3.5789215e+00
   3.5832411e+00
   3.5875669e+00
   3.5918992e+00
   3.5962377e+00
   3.6005827e+00
   3.6049340e+00
   3.6092917e+00
   3.6136558e+00
   3.6180263e+00
   3.6224032e+00
   3.6267866e+00
   3.6311764e+00
   3.6355726e+00
   3.6399753e+00
   3.6443844e+00
   3.6488000e+00
   3.6532221e+00
   3.6576507e+00
   3.6620858e+00
   3.6665274e+00
   3.6709756e+00
   3.6754302e+00
   3.6798914e+00
   3.6843592e+00
   3.6888335e+00
   3.6933144e+00
   3.6978019e+00
   3.7022960e+00
   3.7067966e+00
   3.7113039e+00
   3.7158179e+00
   3.7203384e+00
   3.7248656e+00
   3.7293994e+00
   3.7339400e+00
   3.7384871e+00
   3.7430410e+00
   3.7476016e+00
   3.7521689e+00
   3.7567429e+00
   3.7613236e+00
   3.7659111e+00
   3.7705053e+00
   3.7751062e+00
   3.7797140e+00
   3.7843285e+00
   3.7889498e+00
   3.7935779e+00
   3.7982129e+00
   3.8028546e+00
   3.8075032e+00
   3.8121587e+00
   3.8168210e+00
   3.8214902e+00
   3.8261662e+00
   3.8308492e+00
   3.8355390e+00
   3.8402358e+00
   3.8449394e+00
   3.8496501e+00
   3.8543676e+00
   3.8590921e+00
   3.8638236e+00
   3.8685621e+00
   3.8733076e+00
   3.8780601e+00
   3.8828196e+00
   3.8875861e+00
   3.8923596e+00
   3.8971402e+00
   3.9019279e+00
   3.9067226e+00
   3.9115245e+00
   3.9163334e+00
   3.9211494e+00
   3.9259726e+00
   3.9308029e+00
   3.9356403e+00
   3.9404849e+00
   3.9453367e+00
   3.9501956e+00
   3.9550618e+00
   3.9599351e+00
   3.9648157e+00
   3.9697035e+00
   3.9745985e+00
   3.9795008e+00
   3.9844104e+00
   3.9893272e+00
   3.9942514e+00
   3.9991828e+00
   4.0041216e+00
   4.0090677e+00
   4.0140211e+00
   4.0189819e+00
   4.0239500e+00
   4.0289256e+00
   4.0339085e+00
   4.0388989e+00
   4.0438966e+00
   4.0489018e+00
   4.0539145e+00
   4.0589346e+00
   4.0639622e+00
   4.0689972e+00
   4.0740398e+00
   4.0790899e+00
   4.0841475e+00
   4.0892126e+00
   4.0942853e+00
   4.0993656e+00
   4.1044534e+00
   4.1095489e+00
   4.1146519e+00
   4.1197626e+00
   4.1248809e+00
   4.1300069e+00
   4.1351405e+00
   4.1402818e+00
   4.1454308e+00
   4.1505875e+00
   4.1557519e+00
   4.1609240e+00
   4.1661039e+00
   4.1712916e+00
   4.1764871e+00
   4.1816903e+00
   4.1869013e+00
   4.1921202e+00
   4.1973469e+00
   4.2025814e+00
   4.2078238e+00
   4.2130741e+00
   4.2183323e+00
   4.2235984e+00
   4.2288724e+00
   4.2341544e+00
   4.2394443e+00
   4.2447421e+00
   4.2500480e+00
   4.2553619e+00
   4.2606837e+00
   4.2660137e+00
   4.2713516e+00
   4.2766976e+00
   4.2820517e+00
   4.2874139e+00
   4.2927842e+00
   4.2981626e+00
   4.3035492e+00
   4.3089439e+00
   4.3143468e+00
   4.3197579e+00
   4.3251772e+00
   4.3306047e+00
   4.3360404e+00
   4.3414844e+00
   4.3469367e+00
   4.3523972e+00
   4.3578661e+00
   4.3633432e+00
   4.3688287e+00
   4.3743226e+00
   4.3798248e+00
   4.3853354e+00
   4.3908545e+00
   4.3963819e+00
   4.4019178e+00
   4.4074621e+00
   4.4130149e+00
   4.4185762e+00
   4.4241460e+00
   4.4297243e+00
   4.4353112e+00
   4.4409066e+00
   4.4465106e+00
   4.4521232e+00
   4.4577444e+00
   4.4633742e+00
   4.4690127e+00
   4.4746598e+00
   4.4803157e+00
   4.4859802e+00
   4.4916534e+00
   4.4973354e+00
   4.5030262e+00
   4.5087257e+00
   4.5144340e+00
   4.5201512e+00
   4.5258771e+00
   4.5316119e+00
   4.5373556e+00
   4.5431082e+00
   4.5488697e+00
   4.5546401e+00
   4.5604194e+00
   4.5662077e+00
   4.5720050e+00
   4.5778113e+00
   4.5836267e+00
   4.5894510e+00
   4.5952845e+00
   4.6011270e+00
   4.6069786e+00
   4.6128394e+00
   4.6187093e+00
   4.6245883e+00
   4.6304765e+00
   4.6363740e+00
   4.6422806e+00
   4.6481965e+00
   4.6541217e+00
   4.6600562e+00
   4.6659999e+00
   4.6719530e+00
   4.6779154e+00
   4.6838873e+00
   4.6898685e+00
   4.6958591e+00
   4.7018591e+00
   4.7078686e+00
   4.7138876e+00
   4.7199160e+00
   4.7259540e+00
   4.7320016e+00
   4.7380586e+00
   4.7441253e+00
   4.7502016e+00
   4.7562875e+00
   4.7623831e+00
   4.7684883e+00
   4.7746032e+00
   4.7807279e+00
   4.7868623e+00
   4.7930064e+00
   4.7991604e+00
   4.8053241e+00
   4.8114977e+00
   4.8176812e+00
   4.8238745e+00
   4.8300777e+00
   4.8362909e+00
   4.8425140e+00
   4.8487470e+00
   4.8549901e+00
   4.8612432e+00
   4.8675063e+00
   4.8737795e+00
   4.8800628e+00
   4.8863562e+00
   4.8926598e+00
   4.8989735e+00
   4.9052974e+00
   4.9116315e+00
   4.9179759e+00
   4.9243305e+00
   4.9306954e+00
   4.9370706e+00
   4.9434562e+00
   4.9498521e+00
   4.9562585e+00
   4.9626752e+00
   4.9691024e+00
   4.9755400e+00
   4.9819882e+00
   4.9884468e+00
   4.9949160e+00
   5.0013958e+00
   5.0078862e+00
   5.0143872e+00
   5.0208989e+00
   5.0274212e+00
   5.0339542e+00
   5.0404980e+00
   5.0470525e+00
   5.0536178e+00
   5.0601939e+00
   5.0667809e+00
   5.0733787e+00
   5.0799874e+00
   5.0866071e+00
   5.0932376e+00
   5.0998792e+00
   5.1065318e+00
   5.1131954e+00
   5.1198701e+00
   5.1265558e+00
   5.1332527e+00
   5.1399607e+00
   5.1466799e+00
   5.1534103e+00
   5.1601520e+00
   5.1669049e+00
   5.1736691e+00
   5.1804446e+00
   5.1872315e+00
   5.1940297e+00
   5.2008394e+00
   5.2076605e+00
   5.2144930e+00
   5.2213371e+00
   5.2281927e+00
   5.2350599e+00
   5.2419386e+00
   5.2488290e+00
   5.2557310e+00
   5.2626447e+00
   5.2695702e+00
   5.2765073e+00
   5.2834563e+00
   5.2904170e+00
   5.2973896e+00
   5.3043741e+00
   5.3113704e+00
   5.3183787e+00
   5.3253990e+00
   5.3324313e+00
   5.3394756e+00
   5.3465319e+00
   5.3536004e+00
   5.3606810e+00
   5.3677737e+00
   5.3748786e+00
   5.3819958e+00
   5.3891252e+00
   5.3962669e+00
   5.4034210e+00
   5.4105874e+00
   5.4177661e+00
   5.4249574e+00
   5.4321610e+00
   5.4393772e+00
   5.4466059e+00
   5.4538472e+00
   5.4611010e+00
   5.4683675e+00
   5.4756467e+00
   5.4829386e+00
   5.4902432e+00
   5.4975606e+00
   5.5048907e+00
   5.5122338e+00
   5.5195897e+00
   5.5269585e+00
   5.5343403e+00
   5.5417350e+00
   5.5491428e+00
   5.5565636e+00
   5.5639975e+00
   5.5714446e+00
   5.5789048e+00
   5.5863783e+00
   5.5938649e+00
   5.6013649e+00
   5.6088781e+00
   5.6164048e+00
   5.6239448e+00
   5.6314982e+00
   5.6390651e+00
   5.6466455e+00
   5.6542394e+00
   5.6618470e+00
   5.6694681e+00
   5.6771029e+00
   5.6847514e+00
   5.6924136e+00
   5.7000896e+00
   5.7077794e+00
   5.7154830e+00
   5.7232006e+00
   5.7309321e+00
   5.7386775e+00
   5.7464369e+00
   5.7542104e+00
   5.7619980e+00
   5.7697997e+00
   5.7776156e+00
   5.7854457e+00
   5.7932900e+00
   5.8011486e+00
   5.8090215e+00
   5.8169088e+00
   5.8248106e+00
   5.8327267e+00
   5.8406574e+00
   5.8486026e+00
   5.8565624e+00
   5.8645368e+00
   5.8725258e+00
   5.8805296e+00
   5.8885481e+00
   5.8965814e+00
   5.9046295e+00
   5.9126924e+00
   5.9207703e+00
   5.9288632e+00
   5.9369710e+00
   5.9450939e+00
   5.9532319e+00
   5.9613850e+00
   5.9695532e+00
   5.9777367e+00
   5.9859354e+00
   5.9941495e+00
   6.0023789e+00
   6.0106236e+00
   6.0188838e+00
   6.0271595e+00
   6.0354507e+00
   6.0437575e+00
   6.0520799e+00
   6.0604179e+00
   6.0687716e+00
   6.0771411e+00
   6.0855264e+00
   6.0939275e+00
   6.1023445e+00
   6.1107774e+00
   6.1192262e+00
   6.1276911e+00
   6.1361721e+00
   6.1446692e+00
   6.1531824e+00
   6.1617118e+00
   6.1702575e+00
   6.1788194e+00
   6.1873977e+00
   6.1959924e+00
   6.2046036e+00
   6.2132312e+00
   6.2218753e+00
   6.2305360e+00
   6.2392133e+00
   6.2479073e+00
   6.2566180e+00
   6.2653455e+00
   6.2740897e+00
   6.2828509e+00
   6.2916289e+00
   6.3004239e+00
   6.3092359e+00
   6.3180649e+00
   6.3269110e+00
   6.3357743e+00
   6.3446548e+00
   6.3535525e+00
   6.3624675e+00
   6.3713998e+00
   6.3803495e+00
   6.3893167e+00
   6.3983013e+00
   6.4073035e+00
   6.4163232e+00
   6.4253606e+00
   6.4344156e+00
   6.4434884e+00
   6.4525790e+00
   6.4616874e+00
   6.4708136e+00
   6.4799578e+00
   6.4891199e+00
   6.4983001e+00
   6.5074983e+00
   6.5167147e+00
   6.5259492e+00
   6.5352020e+00
   6.5444730e+00
   6.5537624e+00
   6.5630701e+00
   6.5723962e+00
   6.5817408e+00
   6.5911039e+00
   6.6004856e+00
   6.6098859e+00
   6.6193048e+00
   6.6287425e+00
   6.6381990e+00
   6.6476742e+00
   6.6571684e+00
   6.6666814e+00
   6.6762134e+00
   6.6857645e+00
   6.6953345e+00
   6.7049238e+00
   6.7145321e+00
   6.7241597e+00
   6.7338066e+00
   6.7434727e+00
   6.7531583e+00
   6.7628632e+00
   6.7725876e+00
   6.7823316e+00
   6.7920950e+00
   6.8018781e+00
   6.8116809e+00
   6.8215034e+00
   6.8313456e+00
   6.8412077e+00
   6.8510896e+00
   6.8609914e+00
   6.8709132e+00
   6.8808550e+00
   6.8908168e+00
   6.9007988e+00
   6.9108009e+00
   6.9208232e+00
   6.9308657e+00
   6.9409286e+00
   6.9510118e+00
   6.9611154e+00
   6.9712395e+00
   6.9813840e+00
   6.9915491e+00
   7.0017348e+00
   7.0119411e+00
   7.0221681e+00
   7.0324158e+00
   7.0426844e+00
   7.0529737e+00
   7.0632839e+00
   7.0736151e+00
   7.0839672e+00
   7.0943403e+00
   7.1047345e+00
   7.1151498e+00
   7.1255863e+00
   7.1360439e+00
   7.1465228e+00
   7.1570230e+00
   7.1675446e+00
   7.1780875e+00
   7.1886518e+00
   7.1992376e+00
   7.2098449e+00
   7.2204738e+00
   7.2311243e+00
   7.2417964e+00
   7.2524903e+00
   7.2632058e+00
   7.2739431e+00
   7.2847023e+00
   7.2954833e+00
   7.3062862e+00
   7.3171110e+00
   7.3279579e+00
   7.3388267e+00
   7.3497176e+00
   7.3606307e+00
   7.3715659e+00
   7.3825232e+00
   7.3935028e+00
   7.4045047e+00
   7.4155288e+00
   7.4265753e+00
   7.4376442e+00
   7.4487354e+00
   7.4598492e+00
   7.4709854e+00
   7.4821442e+00
   7.4933255e+00
   7.5045294e+00
   7.5157559e+00
   7.5270051e+00
   7.5382770e+00
   7.5495716e+00
   7.5608890e+00
   7.5722292e+00
   7.5835922e+00
   7.5949781e+00
   7.6063868e+00
   7.6178185e+00
   7.6292731e+00
   7.6407507e+00
   7.6522513e+00
   7.6637750e+00
   7.6753217e+00
   7.6868915e+00
   7.6984844e+00
   7.7101005e+00
   7.7217397e+00
   7.7334021e+00
   7.7450878e+00
   7.7567967e+00
   7.7685288e+00
   7.7802842e+00
   7.7920629e+00
   7.8038650e+00
   7.8156904e+00
   7.8275391e+00
   7.8394112e+00
   7.8513068e+00
   7.8632257e+00
   7.8751681e+00
   7.8871339e+00
   7.8991232e+00
   7.9111360e+00
   7.9231722e+00
   7.9352320e+00
   7.9473152e+00
   7.9594220e+00
   7.9715523e+00
   7.9837062e+00
   7.9958836e+00
   8.0080845e+00
   8.0203091e+00
   8.0325571e+00
   8.0448288e+00
   8.0571240e+00
   8.0694428e+00
   8.0817852e+00
   8.0941512e+00
   8.1065407e+00
   8.1189539e+00
   8.1313906e+00
   8.1438508e+00
   8.1563346e+00
   8.1688420e+00
   8.1813730e+00
   8.1939275e+00
   8.2065055e+00
   8.2191071e+00
   8.2317321e+00
   8.2443807e+00
   8.2570528e+00
   8.2697484e+00
   8.2824674e+00
   8.2952098e+00
   8.3079757e+00
   8.3207650e+00
   8.3335777e+00
   8.3464138e+00
   8.3592732e+00
   8.3721559e+00
   8.3850619e+00
   8.3979912e+00
   8.4109438e+00
   8.4239195e+00
   8.4369184e+00
   8.4499405e+00
   8.4629857e+00
   8.4760540e+00
   8.4891454e+00
   8.5022597e+00
   8.5153971e+00
   8.5285573e+00
   8.5417405e+00
   8.5549465e+00
   8.5681753e+00
   8.5814269e+00
   8.5947012e+00
   8.6079982e+00
   8.6213178e+00
   8.6346600e+00
   8.6480247e+00
   8.6614118e+00
   8.6748214e+00
   8.6882533e+00
   8.7017075e+00
   8.7151839e+00
   8.7286825e+00
   8.7422033e+00
   8.7557460e+00
   8.7693108e+00
   8.7828974e+00
   8.7965059e+00
   8.8101361e+00
   8.8237881e+00
   8.8374617e+00
   8.8511568e+00
   8.8648734e+00
   8.8786114e+00
   8.8923707e+00
   8.9061512e+00
   8.9199528e+00
   8.9337756e+00
   8.9476192e+00
   8.9614838e+00
   8.9753692e+00
   8.9892752e+00
   9.0032019e+00
   9.0171491e+00
   9.0311166e+00
   9.0451045e+00
   9.0591126e+00
   9.0731408e+00
   9.0871890e+00
   9.1012571e+00
   9.1153450e+00
   9.1294526e+00
   9.1435797e+00
   9.1577263e+00
   9.1718922e+00
   9.1860773e+00
   9.2002815e+00
   9.2145047e+00
   9.2287468e+00
   9.2430076e+00
   9.2572870e+00
   9.2715849e+00
   9.2859011e+00
   9.3002355e+00
   9.3145881e+00
   9.3289585e+00
   9.3433468e+00
   9.3577528e+00
   9.3721763e+00
   9.3866171e+00
   9.4010753e+00
   9.4155505e+00
   9.4300427e+00
   9.4445516e+00
   9.4590773e+00
   9.4736194e+00
   9.4881778e+00
   9.5027525e+00
   9.5173432e+00
   9.5319497e+00
   9.5465719e+00
   9.5612097e+00
   9.5758629e+00
   9.5905312e+00
   9.6052146e+00
   9.6199129e+00
   9.6346258e+00
   9.6493533e+00
   9.6640950e+00
   9.6788510e+00
   9.6936209e+00
   9.7084047e+00
   9.7232020e+00
   9.7380128e+00
   9.7528368e+00
   9.7676739e+00
   9.7825238e+00
   9.7973864e+00
   9.8122615e+00
   9.8271488e+00
   9.8420482e+00
   9.8569596e+00
   9.8718825e+00
   9.8868170e+00
   9.9017627e+00
   9.9167196e+00
   9.9316872e+00
   9.9466655e+00
   9.9616543e+00
   9.9766533e+00
   9.9916623e+00
   1.0006681e+01
   1.0021709e+01
   1.0036747e+01
   1.0051794e+01
   1.0066850e+01
   1.0081914e+01
   1.0096987e+01
   1.0112068e+01
   1.0127157e+01
   1.0142254e+01
   1.0157359e+01
   1.0172471e+01
   1.0187589e+01
   1.0202715e+01
   1.0217848e+01
   1.0232986e+01
   1.0248131e+01
   1.0263282e+01
   1.0278438e+01
   1.0293600e+01
   1.0308766e+01
   1.0323938e+01
   1.0339114e+01
   1.0354295e+01
   1.0369480e+01
   1.0384669e+01
   1.0399861e+01
   1.0415057e+01
   1.0430256e+01
   1.0445457e+01
   1.0460661e+01
   1.0475868e+01
   1.0491076e+01
   1.0506287e+01
   1.0521499e+01
   1.0536712e+01
   1.0551926e+01
   1.0567141e+01
   1.0582356e+01
   1.0597571e+01
   1.0612786e+01
   1.0628001e+01
   1.0643215e+01
   1.0658428e+01
   1.0673640e+01
   1.0688850e+01
   1.0704059e+01
   1.0719265e+01
   1.0734469e+01
   1.0749670e+01
   1.0764868e+01
   1.0780063e+01
   1.0795255e+01
   1.0810442e+01
   1.0825625e+01
   1.0840804e+01
   1.0855978e+01
   1.0871147e+01
   1.0886310e+01
   1.0901468e+01
   1.0916620e+01
   1.0931765e+01
   1.0946904e+01
   1.0962035e+01
   1.0977160e+01
   1.0992277e+01
   1.1007386e+01
   1.1022486e+01
   1.1037578e+01
   1.1052661e+01
   1.1067735e+01
   1.1082800e+01
   1.1097854e+01
   1.1112898e+01
   1.1127932e+01
   1.1142954e+01
   1.1157966e+01
   1.1172966e+01
   1.1187953e+01
   1.1202929e+01
   1.1217892e+01
   1.1232842e+01
   1.1247778e+01
   1.1262701e+01
   1.1277610e+01
   1.1292504e+01
   1.1307383e+01
   1.1322247e+01
   1.1337096e+01
   1.1351929e+01
   1.1366745e+01
   1.1381545e+01
   1.1396328e+01
   1.1411093e+01
   1.1425840e+01
   1.1440569e+01
   1.1455280e+01
   1.1469971e+01
   1.1484643e+01
   1.1499295e+01
   1.1513927e+01
   1.1528539e+01
   1.1543129e+01
   1.1557697e+01
   1.1572244e+01
   1.1586769e+01
   1.1601270e+01
   1.1615749e+01
   1.1630204e+01
   1.1644634e+01
   1.1659041e+01
   1.1673422e+01
   1.1687778e+01
   1.1702108e+01
   1.1716412e+01
   1.1730689e+01
   1.1744938e+01
   1.1759161e+01
   1.1773354e+01
   1.1787520e+01
   1.1801656e+01
   1.1815762e+01
   1.1829838e+01
   1.1843884e+01
   1.1857898e+01
   1.1871881e+01
   1.1885832e+01
   1.1899750e+01
   1.1913635e+01
   1.1927487e+01
   1.1941304e+01
   1.1955086e+01
   1.1968833e+01
   1.1982544e+01
   1.1996219e+01
   1.2009857e+01
   1.2023458e+01
   1.2037021e+01
   1.2050545e+01
   1.2064029e+01
   1.2077474e+01
   1.2090879e+01
   1.2104243e+01
   1.2117566e+01
   1.2130846e+01
   1.2144084e+01
   1.2157278e+01
   1.2170428e+01
   1.2183534e+01
   1.2196595e+01
   1.2209610e+01
   1.2222579e+01
   1.2235501e+01
   1.2248375e+01
   1.2261200e+01
   1.2273977e+01
   1.2286704e+01
   1.2299381e+01
   1.2312007e+01
   1.2324581e+01
   1.2337103e+01
   1.2349572e+01
   1.2361987e+01
   1.2374348e+01
   1.2386654e+01
   1.2398904e+01
   1.2411098e+01
   1.2423234e+01
   1.2435313e+01
   1.2447332e+01
   1.2459293e+01
   1.2471193e+01
   1.2483032e+01
   1.2494810e+01
   1.2506526e+01
   1.2518178e+01
   1.2529766e+01
   1.2541290e+01
   1.2552748e+01
   1.2564140e+01
   1.2575466e+01
   1.2586723e+01
   1.2597912e+01
   1.2609031e+01
   1.2620080e+01
   1.2631058e+01
   1.2641965e+01
   1.2652798e+01
   1.2663559e+01
   1.2674244e+01
   1.2684855e+01
   1.2695390e+01
   1.2705848e+01
   1.2716229e+01
   1.2726531e+01
   1.2736753e+01
   1.2746896e+01
   1.2756957e+01
   1.2766936e+01
   1.2776833e+01
   1.2786645e+01
   1.2796373e+01
   1.2806016e+01
   1.2815572e+01
   1.2825041e+01
   1.2834422e+01
   1.2843714e+01
   1.2852915e+01
   1.2862026e+01
   1.2871045e+01
   1.2879971e+01
   1.2888804e+01
   1.2897541e+01
   1.2906184e+01
   1.2914730e+01
   1.2923178e+01
   1.2931528e+01
   1.2939779e+01
   1.2947929e+01
   1.2955978e+01
   1.2963925e+01
   1.2971769e+01
   1.2979509e+01
   1.2987143e+01
   1.2994672e+01
   1.3002094e+01
   1.3009407e+01
   1.3016611e+01
   1.3023706e+01
   1.3030689e+01
   1.3037561e+01
   1.3044320e+01
   1.3050964e+01
   1.3057494e+01
   1.3063907e+01
   1.3070204e+01
   1.3076383e+01
   1.3082442e+01
   1.3088382e+01
   1.3094200e+01
   1.3099897e+01
   1.3105470e+01
   1.3110919e+01
   1.3116244e+01
   1.3121442e+01
   1.3126512e+01
   1.3131455e+01
   1.3136268e+01
   1.3140951e+01
   1.3145502e+01
   1.3149921e+01
   1.3154207e+01
   1.3158358e+01
   1.3162373e+01
   1.3166252e+01
   1.3169993e+01
   1.3173596e+01
   1.3177058e+01
   1.3180380e+01
   1.3183560e+01
   1.3186596e+01
   1.3189489e+01
   1.3192237e+01
   1.3194838e+01
   1.3197292e+01
   1.3199597e+01
   1.3201753e+01
   1.3203759e+01
   1.3205613e+01
   1.3207314e+01
   1.3208862e+01
   1.3210254e+01
   1.3211491e+01
   1.3212570e+01
   1.3213491e+01
   1.3214253e+01
   1.3214855e+01
   1.3215295e+01
   1.3215572e+01
   1.3215686e+01
   1.3215636e+01
   1.3215419e+01
   1.3215035e+01
   1.3214483e+01
   1.3213762e+01
   1.3212871e+01
   1.3211808e+01
   1.3210573e+01
   1.3209163e+01
   1.3207580e+01
   1.3205820e+01
   1.3203883e+01
   1.3201768e+01
   1.3199474e+01
   1.3197000e+01
   1.3194344e+01
   1.3191505e+01
   1.3188482e+01
   1.3185275e+01
   1.3181882e+01
   1.3178301e+01
   1.3174532e+01
   1.3170574e+01
   1.3166425e+01
   1.3162085e+01
   1.3157552e+01
   1.3152824e+01
   1.3147902e+01
   1.3142784e+01
   1.3137468e+01
   1.3131953e+01
   1.3126239e+01
   1.3120324e+01
   1.3114208e+01
   1.3107888e+01
   1.3101364e+01
   1.3094635e+01
   1.3087699e+01
   1.3080556e+01
   1.3073203e+01
   1.3065641e+01
   1.3057868e+01
   1.3049883e+01
   1.3041684e+01
   1.3033271e+01
   1.3024643e+01
   1.3015798e+01
   1.3006734e+01
   1.2997452e+01
   1.2987950e+01
   1.2978226e+01
   1.2968280e+01
   1.2958111e+01
   1.2947717e+01
   1.2937097e+01
   1.2926250e+01
   1.2915175e+01
   1.2903871e+01
   1.2892337e+01
   1.2880571e+01
   1.2868573e+01
   1.2856341e+01
   1.2843874e+01
   1.2831172e+01
   1.2818232e+01
   1.2805055e+01
   1.2791638e+01
   1.2777981e+01
   1.2764083e+01
   1.2749943e+01
   1.2735558e+01
   1.2720930e+01
   1.2706055e+01
   1.2690934e+01
   1.2675565e+01
   1.2659948e+01
   1.2644080e+01
   1.2627961e+01
   1.2611591e+01
   1.2594967e+01
   1.2578090e+01
   1.2560957e+01
   1.2543568e+01
   1.2525922e+01
   1.2508019e+01
   1.2489856e+01
   1.2471433e+01
   1.2452749e+01
   1.2433803e+01
   1.2414594e+01
   1.2395122e+01
   1.2375384e+01
   1.2355381e+01
   1.2335112e+01
   1.2314575e+01
   1.2293769e+01
   1.2272695e+01
   1.2251350e+01
   1.2229735e+01
   1.2207847e+01
   1.2185687e+01
   1.2163254e+01
   1.2140547e+01
   1.2117565e+01
   1.2094307e+01
   1.2070773e+01
   1.2046962e+01
   1.2022873e+01
   1.1998506e+01
   1.1973860e+01
   1.1948934e+01
   1.1923728e+01
   1.1898241e+01
   1.1872473e+01
   1.1846422e+01
   1.1820090e+01
   1.1793474e+01
   1.1766575e+01
   1.1739392e+01
   1.1711925e+01
   1.1684174e+01
   1.1656137e+01
   1.1627815e+01
   1.1599208e+01
   1.1570315e+01
   1.1541136e+01
   1.1511671e+01
   1.1481919e+01
   1.1451881e+01
   1.1421557e+01
   1.1390946e+01
   1.1360048e+01
   1.1328864e+01
   1.1297394e+01
   1.1265637e+01
   1.1233594e+01
   1.1201266e+01
   1.1168651e+01
   1.1135751e+01
   1.1102567e+01
   1.1069097e+01
   1.1035344e+01
   1.1001307e+01
   1.0966986e+01
   1.0932383e+01
   1.0897499e+01
   1.0862333e+01
   1.0826887e+01
   1.0791161e+01
   1.0755157e+01
   1.0718875e+01
   1.0682317e+01
   1.0645483e+01
   1.0608374e+01
   1.0570992e+01
   1.0533338e+01
   1.0495414e+01
   1.0457220e+01
   1.0418759e+01
   1.0380032e+01
   1.0341040e+01
   1.0301785e+01
   1.0262269e+01
   1.0222494e+01
   1.0182461e+01
   1.0142173e+01
   1.0101633e+01
   1.0060841e+01
   1.0019800e+01
   9.9785131e+00
   9.9369821e+00
   9.8952096e+00
   9.8531982e+00
   9.8109507e+00
   9.7684697e+00
   9.7257582e+00
   9.6828190e+00
   9.6396553e+00
   9.5962702e+00
   9.5526668e+00
   9.5088486e+00
   9.4648189e+00
   9.4205812e+00
   9.3761392e+00
   9.3314966e+00
   9.2866570e+00
   9.2416245e+00
   9.1964030e+00
   9.1509965e+00
   9.1054094e+00
   9.0596457e+00
   9.0137100e+00
   8.9676066e+00
   8.9213402e+00
   8.8749153e+00
   8.8283367e+00
   8.7816093e+00
   8.7347379e+00
   8.6877277e+00
   8.6405837e+00
   8.5933111e+00
   8.5459152e+00
   8.4984014e+00
   8.4507752e+00
   8.4030421e+00
   8.3552077e+00
   8.3072777e+00
   8.2592580e+00
   8.2111543e+00
   8.1629727e+00
   8.1147192e+00
   8.0663998e+00
   8.0180206e+00
   7.9695880e+00
   7.9211081e+00
   7.8725873e+00
   7.8240320e+00
   7.7754486e+00
   7.7268437e+00
   7.6782237e+00
   7.6295953e+00
   7.5809651e+00
   7.5323397e+00
   7.4837258e+00
   7.4351302e+00
   7.3865595e+00
   7.3380206e+00
   7.2895202e+00
   7.2410651e+00
   7.1926622e+00
   7.1443181e+00
   7.0960398e+00
   7.0478340e+00
   6.9997074e+00
   6.9516670e+00
   6.9037194e+00
   6.8558713e+00
   6.8081295e+00
   6.7605007e+00
   6.7129914e+00
   6.6656082e+00
   6.6183578e+00
   6.5712466e+00
   6.5242810e+00
   6.4774675e+00
   6.4308123e+00
   6.3843217e+00
   6.3380019e+00
   6.2918590e+00
   6.2458990e+00
   6.2001278e+00
   6.1545514e+00
   6.1091754e+00
   6.0640055e+00
   6.0190474e+00
   5.9743063e+00
   5.9297877e+00
   5.8854969e+00
   5.8414390e+00
   5.7976189e+00
   5.7540415e+00
   5.7107118e+00
   5.6676341e+00
   5.6248132e+00
   5.5822534e+00
   5.5399590e+00
   5.4979340e+00
   5.4561825e+00
   5.4147083e+00
   5.3735151e+00
   5.3326065e+00
   5.2919860e+00
   5.2516568e+00
   5.2116221e+00
   5.1718849e+00
   5.1324481e+00
   5.0933143e+00
   5.0544862e+00
   5.0159662e+00
   4.9777566e+00
   4.9398595e+00
   4.9022769e+00
   4.8650107e+00
   4.8280625e+00
   4.7914341e+00
   4.7551268e+00
   4.7191418e+00
   4.6834805e+00
   4.6481437e+00
   4.6131324e+00
   4.5784474e+00
   4.5440892e+00
   4.5100583e+00
   4.4763552e+00
   4.4429800e+00
   4.4099330e+00
   4.3772140e+00
   4.3448230e+00
   4.3127597e+00
   4.2810238e+00
   4.2496148e+00
   4.2185322e+00
   4.1877752e+00
   4.1573431e+00
   4.1272351e+00
   4.0974501e+00
   4.0679870e+00
   4.0388448e+00
   4.0100221e+00
   3.9815176e+00
   3.9533298e+00
   3.9254573e+00
   3.8978985e+00
   3.8706516e+00
   3.8437151e+00
   3.8170870e+00
   3.7907654e+00
   3.7647486e+00
   3.7390343e+00
   3.7136207e+00
   3.6885055e+00
   3.6636866e+00
   3.6391617e+00
   3.6149287e+00
   3.5909851e+00
   3.5673287e+00
   3.5439569e+00
   3.5208675e+00
   3.4980578e+00
   3.4755254e+00
   3.4532678e+00
   3.4312824e+00
   3.4095665e+00
   3.3881176e+00
   3.3669330e+00
   3.3460100e+00
   3.3253460e+00
   3.3049383e+00
   3.2847841e+00
   3.2648808e+00
   3.2452255e+00
   3.2258156e+00
   3.2066482e+00
   3.1877207e+00
   3.1690302e+00
   3.1505740e+00
   3.1323493e+00
   3.1143534e+00
   3.0965834e+00
   3.0790367e+00
   3.0617105e+00
   3.0446019e+00
   3.0277084e+00
   3.0110271e+00
   2.9945552e+00
   2.9782902e+00
   2.9622293e+00
   2.9463697e+00
   2.9307089e+00
   2.9152441e+00
   2.8999727e+00
   2.8848920e+00
   2.8699995e+00
   2.8552925e+00
   2.8407685e+00
   2.8264249e+00
   2.8122591e+00
   2.7982687e+00
   2.7844510e+00
   2.7708037e+00
   2.7573243e+00
   2.7440103e+00
   2.7308593e+00
   2.7178689e+00
   2.7050368e+00
   2.6923605e+00
   2.6798379e+00
   2.6674665e+00
   2.6552441e+00
   2.6431684e+00
   2.6312372e+00
   2.6194484e+00
   2.6077996e+00
   2.5962888e+00
   2.5849139e+00
   2.5736727e+00
   2.5625632e+00
   2.5515833e+00
   2.5407309e+00
   2.5300042e+00
   2.5194010e+00
   2.5089195e+00
   2.4985577e+00
   2.4883137e+00
   2.4781857e+00
   2.4681718e+00
   2.4582701e+00
   2.4484789e+00
   2.4387964e+00
   2.4292209e+00
   2.4197506e+00
   2.4103838e+00
   2.4011188e+00
   2.3919540e+00
   2.3828878e+00
   2.3739186e+00
   2.3650447e+00
   2.3562647e+00
   2.3475769e+00
   2.3389799e+00
   2.3304722e+00
   2.3220523e+00
   2.3137188e+00
   2.3054703e+00
   2.2973053e+00
   2.2892225e+00
   2.2812206e+00
   2.2732981e+00
   2.2654538e+00
   2.2576865e+00
   2.2499948e+00
   2.2423774e+00
   2.2348332e+00
   2.2273610e+00
   2.2199595e+00
   2.2126276e+00
   2.2053676e+00
   2.4399856e+00
   2.6685363e+00
   2.8913590e+00
   3.1088342e+00
   3.3213238e+00
   3.5291644e+00
   3.7326681e+00
   3.9321218e+00
   4.1277873e+00
   4.3199052e+00
   4.5086933e+00
   4.6943497e+00
   4.8770538e+00
   5.0569663e+00
   5.2342357e+00
   5.4090011e+00
   5.5813886e+00
   5.7515231e+00
   5.9195298e+00
   6.0855338e+00
   6.2496757e+00
   6.4121080e+00
   6.5730069e+00
   6.7325810e+00
   6.8910786e+00
   7.0487962e+00
   7.2060922e+00
   7.3633941e+00
   7.5212109e+00
   7.6801460e+00
   7.8409103e+00
   8.0043302e+00
   8.1713635e+00
   8.3431045e+00
   8.5207916e+00
   8.7058087e+00
   8.8996644e+00
   9.1039414e+00
   9.3202142e+00
   9.5498579e+00
   9.7937017e+00
   1.0051370e+01
   1.0320518e+01
   1.0597730e+01
   1.0877842e+01
   1.1153472e+01
   1.1415448e+01
   1.1654000e+01
   1.1860442e+01
   1.2028646e+01
   1.1982142e+01
   1.1909479e+01
   1.1813864e+01
   1.1699334e+01
   1.1569860e+01
   1.1429071e+01
   1.1280164e+01
   1.1125860e+01
   1.0968428e+01
   1.0809734e+01
   1.0651274e+01
   1.0494222e+01
   1.0339496e+01
   1.0187786e+01
   1.0039608e+01
   9.8953281e+00
   9.7551945e+00
   9.6193577e+00
   9.4879083e+00
   9.3608709e+00
   9.2382295e+00
   9.1199296e+00
   9.0058986e+00
   8.8960270e+00
   8.7902051e+00
   8.6883251e+00
   8.5902537e+00
   8.4958722e+00
   8.4050434e+00
   8.3176421e+00
   8.2335389e+00
   8.1526115e+00
   8.0747360e+00
   7.9997898e+00
   7.9276650e+00
   7.8582437e+00
   7.7914220e+00
   7.7270915e+00
   7.6651579e+00
   7.6055174e+00
   7.5480789e+00
   7.4927557e+00
   7.4394677e+00
   7.3881253e+00
   7.3386556e+00
   7.2909794e+00
   7.2450271e+00
   7.2007324e+00
   7.1580249e+00
   7.1168464e+00
   7.0771282e+00
   7.0388161e+00
   7.0018583e+00
   6.9661981e+00
   6.9317852e+00
   6.8985690e+00
   6.8665051e+00
   6.8355487e+00
   6.8056546e+00
   6.7767826e+00
   6.7488929e+00
   6.7219475e+00
   6.6959106e+00
   6.6707463e+00
   6.6464180e+00
   6.6228934e+00
   6.6001476e+00
   6.5781484e+00
   6.5568657e+00
   6.5362699e+00
   6.5163389e+00
   6.4970457e+00
   6.4783668e+00
   6.4602787e+00
   6.4427570e+00
   6.4257815e+00
   6.4093315e+00
   6.3933895e+00
   6.3779336e+00
   6.3629463e+00
   6.3484073e+00
   6.3343048e+00
   6.3206203e+00
   6.3073371e+00
   6.2944378e+00
   6.2819127e+00
   6.2697440e+00
   6.2579202e+00
   6.2464289e+00
   6.2352566e+00
   6.2243902e+00
   6.2138213e+00
   6.2035405e+00
   6.1935319e+00
   6.1837869e+00
   6.1742958e+00
   6.1650501e+00
   6.1560407e+00
   6.1472577e+00
   6.1386940e+00
   6.1303397e+00
   6.1221888e+00
   6.1142351e+00
   6.1064700e+00
   6.0988858e+00
   6.0914739e+00
   6.0842302e+00
   6.0771496e+00
   6.0702247e+00
   6.0634502e+00
   6.0568207e+00
   6.0503317e+00
   6.0439756e+00
   6.0377467e+00
   6.0316428e+00
   6.0256584e+00
   6.0197913e+00
   6.0140371e+00
   6.0083892e+00
   6.0028434e+00
   5.9973994e+00
   5.9920507e+00
   5.9867907e+00
   5.9816214e+00
   5.9765367e+00
   5.9715366e+00
   5.9666156e+00
   5.9617715e+00
   5.9570005e+00
   5.9522992e+00
   5.9476671e+00
   5.9431000e+00
   5.9385974e+00
   5.9341552e+00
   5.9297727e+00
   5.9254470e+00
   5.9211747e+00
   5.9169537e+00
   5.9127860e+00
   5.9086673e+00
   5.9045928e+00
   5.9005650e+00
   5.8965816e+00
   5.8926399e+00
   5.8887381e+00
   5.8848725e+00
   5.8810475e+00
   5.8772561e+00
   5.8735015e+00
   5.8697817e+00
   5.8660899e+00
   5.8624301e+00
   5.8587984e+00
   5.8551962e+00
   5.8516210e+00
   5.8480702e+00
   5.8445474e+00
   5.8410474e+00
   5.8375717e+00
   5.8341165e+00
   5.8306853e+00
   5.8272736e+00
   5.8238832e+00
   5.8205081e+00
   5.8171550e+00
   5.8138158e+00
   5.8104973e+00
   5.8071919e+00
   5.8039047e+00
   5.8006302e+00
   5.7973714e+00
   5.7941241e+00
   5.7908924e+00
   5.7876729e+00
   5.7844639e+00
   5.7812688e+00
   5.7780812e+00
   5.7749059e+00
   5.7717395e+00
   5.7685833e+00
   5.7654354e+00
   5.7622990e+00
   5.7591685e+00
   5.7560466e+00
   5.7529296e+00
   5.7498207e+00
   5.7467150e+00
   5.7436198e+00
   5.7405281e+00
   5.7374434e+00
   5.7343612e+00
   5.7312871e+00
   5.7282153e+00
   5.7251511e+00
   5.7220891e+00
   5.7190327e+00
   5.7159790e+00
   5.7129304e+00
   5.7098834e+00
   5.7068414e+00
   5.7037997e+00
   5.7007608e+00
   5.6977251e+00
   5.6946891e+00
   5.6916562e+00
   5.6886242e+00
   5.6855947e+00
   5.6825655e+00
   5.6795371e+00
   5.6765104e+00
   5.6734835e+00
   5.6704569e+00
   5.6674316e+00
   5.6644054e+00
   5.6613793e+00
   5.6583554e+00
   5.6553300e+00
   5.6523046e+00
   5.6492761e+00
   5.6462489e+00
   5.6432181e+00
   5.6401901e+00
   5.6371613e+00
   5.6341283e+00
   5.6310973e+00
   5.6280655e+00
   5.6250289e+00
   5.6219941e+00
   5.6189580e+00
   5.6159167e+00
   5.6128771e+00
   5.6098364e+00
   5.6067949e+00
   5.6037500e+00
   5.6007041e+00
   5.5976548e+00
   5.5946025e+00
   5.5915492e+00
   5.5884924e+00
   5.5854321e+00
   5.5823714e+00
   5.5793054e+00
   5.5762401e+00
   5.5731727e+00
   5.5701030e+00
   5.5670289e+00
   5.5639528e+00
   5.5608743e+00
   5.5577920e+00
   5.5547092e+00
   5.5516221e+00
   5.5485325e+00
   5.5454373e+00
   5.5423422e+00
   5.5392442e+00
   5.5361445e+00
   5.5330414e+00
   5.5299329e+00
   5.5268231e+00
   5.5237070e+00
   5.5205909e+00
   5.5174714e+00
   5.5143501e+00
   5.5112247e+00
   5.5080940e+00
   5.5049628e+00
   5.5018288e+00
   5.4986925e+00
   5.4955524e+00
   5.4924065e+00
   5.4892591e+00
   5.4861050e+00
   5.4829510e+00
   5.4797945e+00
   5.4766360e+00
   5.4734731e+00
   5.4703046e+00
   5.4671356e+00
   5.4639638e+00
   5.4607897e+00
   5.4576119e+00
   5.4544285e+00
   5.4512436e+00
   5.4480521e+00
   5.4448606e+00
   5.4416658e+00
   5.4384693e+00
   5.4352692e+00
   5.4320639e+00
   5.4288573e+00
   5.4256474e+00
   5.4224357e+00
   5.4192181e+00
   5.4160003e+00
   5.4127802e+00
   5.4095575e+00
   5.4063304e+00
   5.4031011e+00
   5.3998686e+00
   5.3966321e+00
   5.3933948e+00
   5.3901518e+00
   5.3869094e+00
   5.3836645e+00
   5.3804134e+00
   5.3771634e+00
   5.3739110e+00
   5.3706528e+00
   5.3673959e+00
   5.3641372e+00
   5.3608733e+00
   5.3576092e+00
   5.3543403e+00
   5.3510726e+00
   5.3478038e+00
   5.3445310e+00
   5.3412574e+00
   5.3379801e+00
   5.3347010e+00
   5.3314203e+00
   5.3281360e+00
   5.3248529e+00
   5.3215662e+00
   5.3182797e+00
   5.3149908e+00
   5.3117023e+00
   5.3084109e+00
   5.3051192e+00
   5.3018244e+00
   5.2985296e+00
   5.2952326e+00
   5.2919343e+00
   5.2886370e+00
   5.2853359e+00
   5.2820354e+00
   5.2787321e+00
   5.2754302e+00
   5.2721265e+00
   5.2688242e+00
   5.2655214e+00
   5.2622188e+00
   5.2589144e+00
   5.2556107e+00
   5.2523062e+00
   5.2490012e+00
   5.2456967e+00
   5.2423905e+00
   5.2390835e+00
   5.2357787e+00
   5.2324720e+00
   5.2291670e+00
   5.2258607e+00
   5.2225565e+00
   5.2192515e+00
   5.2159491e+00
   5.2126463e+00
   5.2093453e+00
   5.2060442e+00
   5.2027427e+00
   5.1994442e+00
   5.1961471e+00
   5.1928490e+00
   5.1895542e+00
   5.1862608e+00
   5.1829687e+00
   5.1796770e+00
   5.1763888e+00
   5.1731010e+00
   5.1698155e+00
   5.1665306e+00
   5.1632505e+00
   5.1599716e+00
   5.1566963e+00
   5.1534192e+00
   5.1501486e+00
   5.1468798e+00
   5.1436103e+00
   5.1403488e+00
   5.1370891e+00
   5.1338295e+00
   5.1305755e+00
   5.1273225e+00
   5.1240757e+00
   5.1208331e+00
   5.1175911e+00
   5.1143520e+00
   5.1111182e+00
   5.1078891e+00
   5.1046660e+00
   5.1014444e+00
   5.0982280e+00
   5.0950161e+00
   5.0918094e+00
   5.0886082e+00
   5.0854102e+00
   5.0822160e+00
   5.0790285e+00
   5.0758442e+00
   5.0726671e+00
   5.0694930e+00
   5.0663256e+00
   5.0631622e+00
   5.0600063e+00
   5.0568515e+00
   5.0537060e+00
   5.0505653e+00
   5.0474306e+00
   5.0443030e+00
   5.0411818e+00
   5.0380654e+00
   5.0349562e+00
   5.0318549e+00
   5.0287599e+00
   5.0256734e+00
   5.0225928e+00
   5.0195194e+00
   5.0164548e+00
   5.0133963e+00
   5.0103449e+00
   5.0073005e+00
   5.0042614e+00
   5.0012324e+00
   4.9982115e+00
   4.9951991e+00
   4.9921936e+00
   4.9891970e+00
   4.9862098e+00
   4.9832335e+00
   4.9802633e+00
   4.9772997e+00
   4.9743470e+00
   4.9714022e+00
   4.9684654e+00
   4.9655399e+00
   4.9626246e+00
   4.9597153e+00
   4.9568207e+00
   4.9539335e+00
   4.9510562e+00
   4.9481881e+00
   4.9453313e+00
   4.9424844e+00
   4.9396474e+00
   4.9368217e+00
   4.9340089e+00
   4.9312048e+00
   4.9284112e+00
   4.9256285e+00
   4.9228573e+00
   4.9200950e+00
   4.9173460e+00
   4.9146117e+00
   4.9118855e+00
   4.9091719e+00
   4.9064708e+00
   4.9037804e+00
   4.9011035e+00
   4.8984373e+00
   4.8957833e+00
   4.8931414e+00
   4.8905147e+00
   4.8878994e+00
   4.8852969e+00
   4.8827052e+00
   4.8801278e+00
   4.8775583e+00
   4.8750061e+00
   4.8724671e+00
   4.8699423e+00
   4.8674299e+00
   4.8649326e+00
   4.8624487e+00
   4.8599796e+00
   4.8575238e+00
   4.8550816e+00
   4.8526560e+00
   4.8502435e+00
   4.8478466e+00
   4.8454638e+00
   4.8430948e+00
   4.8407393e+00
   4.8383976e+00
   4.8360717e+00
   4.8337605e+00
   4.8314659e+00
   4.8291872e+00
   4.8269203e+00
   4.8246694e+00
   4.8224348e+00
   4.8202174e+00
   4.8180145e+00
   4.8158276e+00
   4.8136577e+00
   4.8115057e+00
   4.8093681e+00
   4.8072425e+00
   4.8051376e+00
   4.8030484e+00
   4.8009763e+00
   4.7989201e+00
   4.7968813e+00
   4.7948591e+00
   4.7928530e+00
   4.7908638e+00
   4.7888897e+00
   4.7869341e+00
   4.7849977e+00
   4.7830797e+00
   4.7811779e+00
   4.7792952e+00
   4.7774280e+00
   4.7755777e+00
   4.7737447e+00
   4.7719303e+00
   4.7701345e+00
   4.7683578e+00
   4.7665967e+00
   4.7648549e+00
   4.7631332e+00
   4.7614312e+00
   4.7597478e+00
   4.7580826e+00
   4.7564325e+00
   4.7547996e+00
   4.7531889e+00
   4.7515951e+00
   4.7500221e+00
   4.7484672e+00
   4.7469323e+00
   4.7454131e+00
   4.7439132e+00
   4.7424340e+00
   4.7409737e+00
   4.7395339e+00
   4.7381139e+00
   4.7367113e+00
   4.7353294e+00
   4.7339669e+00
   4.7326246e+00
   4.7312979e+00
   4.7299929e+00
   4.7287099e+00
   4.7274437e+00
   4.7261977e+00
   4.7249731e+00
   4.7237669e+00
   4.7225815e+00
   4.7214171e+00
   4.7202725e+00
   4.7191488e+00
   4.7180425e+00
   4.7169591e+00
   4.7158945e+00
   4.7148536e+00
   4.7138327e+00
   4.7128323e+00
   4.7118517e+00
   4.7108934e+00
   4.7099538e+00
   4.7090348e+00
   4.7081375e+00
   4.7072609e+00
   4.7064051e+00
   4.7055704e+00
   4.7047551e+00
   4.7039607e+00
   4.7031865e+00
   4.7024339e+00
   4.7017024e+00
   4.7009920e+00
   4.7003029e+00
   4.6996359e+00
   4.6989895e+00
   4.6983639e+00
   4.6977595e+00
   4.6971758e+00
   4.6966133e+00
   4.6960723e+00
   4.6955527e+00
   4.6950544e+00
   4.6945792e+00
   4.6941248e+00
   4.6936927e+00
   4.6932808e+00
   4.6928872e+00
   4.6925159e+00
   4.6921684e+00
   4.6918427e+00
   4.6915356e+00
   4.6912526e+00
   4.6909928e+00
   4.6907549e+00
   4.6905382e+00
   4.6903426e+00
   4.6901650e+00
   4.6900112e+00
   4.6898796e+00
   4.6897672e+00
   4.6896798e+00
   4.6896150e+00
   4.6895699e+00
   4.6895481e+00
   4.6895482e+00
   4.6895705e+00
   4.6896154e+00
   4.6896813e+00
   4.6897668e+00
   4.6898751e+00
   4.6900063e+00
   4.6901603e+00
   4.6903351e+00
   4.6905320e+00
   4.6907497e+00
   4.6909906e+00
   4.6912534e+00
   4.6915368e+00
   4.6918413e+00
   4.6921690e+00
   4.6925186e+00
   4.6928882e+00
   4.6932785e+00
   4.6936908e+00
   4.6941260e+00
   4.6945848e+00
   4.6950649e+00
   4.6955653e+00
   4.6960878e+00
   4.6966335e+00
   4.6972030e+00
   4.6977949e+00
   4.6984067e+00
   4.6990409e+00
   4.6996953e+00
   4.7003720e+00
   4.7010688e+00
   4.7017903e+00
   4.7025320e+00
   4.7032976e+00
   4.7040839e+00
   4.7048934e+00
   4.7057241e+00
   4.7065775e+00
   4.7074524e+00
   4.7083496e+00
   4.7092683e+00
   4.7102091e+00
   4.7111717e+00
   4.7121560e+00
   4.7131622e+00
   4.7141899e+00
   4.7152395e+00
   4.7163111e+00
   4.7174045e+00
   4.7185200e+00
   4.7196574e+00
   4.7208167e+00
   4.7219979e+00
   4.7232009e+00
   4.7244259e+00
   4.7256727e+00
   4.7269413e+00
   4.7282317e+00
   4.7295440e+00
   4.7308780e+00
   4.7322338e+00
   4.7336113e+00
   4.7350106e+00
   4.7364316e+00
   4.7378743e+00
   4.7393386e+00
   4.7408246e+00
   4.7423323e+00
   4.7438616e+00
   4.7454125e+00
   4.7469850e+00
   4.7485791e+00
   4.7501947e+00
   4.7518319e+00
   4.7534906e+00
   4.7551709e+00
   4.7568726e+00
   4.7585958e+00
   4.7603405e+00
   4.7621066e+00
   4.7638941e+00
   4.7657031e+00
   4.7675334e+00
   4.7693851e+00
   4.7712582e+00
   4.7731526e+00
   4.7750684e+00
   4.7770055e+00
   4.7789638e+00
   4.7809435e+00
   4.7829444e+00
   4.7849665e+00
   4.7870099e+00
   4.7890745e+00
   4.7911603e+00
   4.7932673e+00
   4.7953955e+00
   4.7975448e+00
   4.7997152e+00
   4.8019068e+00
   4.8041194e+00
   4.8063532e+00
   4.8086080e+00
   4.8108839e+00
   4.8131808e+00
   4.8154988e+00
   4.8178377e+00
   4.8201977e+00
   4.8225786e+00
   4.8249805e+00
   4.8274034e+00
   4.8298472e+00
   4.8323119e+00
   4.8347975e+00
   4.8373040e+00
   4.8398314e+00
   4.8423796e+00
   4.8449487e+00
   4.8475386e+00
   4.8501494e+00
   4.8527810e+00
   4.8554333e+00
   4.8581064e+00
   4.8608003e+00
   4.8635150e+00
   4.8662504e+00
   4.8690065e+00
   4.8717833e+00
   4.8745808e+00
   4.8773990e+00
   4.8802379e+00
   4.8830974e+00
   4.8859776e+00
   4.8888785e+00
   4.8917999e+00
   4.8947420e+00
   4.8977047e+00
   4.9006879e+00
   4.9036918e+00
   4.9067162e+00
   4.9097611e+00
   4.9128266e+00
   4.9159127e+00
   4.9190192e+00
   4.9221463e+00
   4.9252939e+00
   4.9284620e+00
   4.9316505e+00
   4.9348595e+00
   4.9380890e+00
   4.9413390e+00
   4.9446093e+00
   4.9479002e+00
   4.9512114e+00
   4.9545431e+00
   4.9578951e+00
   4.9612676e+00
   4.9646605e+00
   4.9680737e+00
   4.9715073e+00
   4.9749613e+00
   4.9784357e+00
   4.9819304e+00
   4.9854454e+00
   4.9889808e+00
   4.9925366e+00
   4.9961126e+00
   4.9997090e+00
   5.0033257e+00
   5.0069627e+00
   5.0106200e+00
   5.0142976e+00
   5.0179955e+00
   5.0217137e+00
   5.0254522e+00
   5.0292109e+00
   5.0329899e+00
   5.0367892e+00
   5.0406088e+00
   5.0444486e+00
   5.0483087e+00
   5.0521890e+00
   5.0560896e+00
   5.0600105e+00
   5.0639516e+00
   5.0679129e+00
   5.0718945e+00
   5.0758963e+00
   5.0799184e+00
   5.0839607e+00
   5.0880232e+00
   5.0921060e+00
   5.0962090e+00
   5.1003323e+00
   5.1044758e+00
   5.1086395e+00
   5.1128235e+00
   5.1170277e+00
   5.1212521e+00
   5.1254968e+00
   5.1297617e+00
   5.1340468e+00
   5.1383522e+00
   5.1426779e+00
   5.1470238e+00
   5.1513899e+00
   5.1557763e+00
   5.1601829e+00
   5.1646098e+00
   5.1690570e+00
   5.1735244e+00
   5.1780121e+00
   5.1825200e+00
   5.1870483e+00
   5.1915968e+00
   5.1961656e+00
   5.2007546e+00
   5.2053640e+00
   5.2099937e+00
   5.2146437e+00
   5.2193140e+00
   5.2240046e+00
   5.2287156e+00
   5.2334468e+00
   5.2381985e+00
   5.2429704e+00
   5.2477627e+00
   5.2525754e+00
   5.2574084e+00
   5.2622619e+00
   5.2671357e+00
   5.2720299e+00
   5.2769445e+00
   5.2818795e+00
   5.2868349e+00
   5.2918108e+00
   5.2968071e+00
   5.3018238e+00
   5.3068610e+00
   5.3119187e+00
   5.3169969e+00
   5.3220955e+00
   5.3272147e+00
   5.3323544e+00
   5.3375146e+00
   5.3426953e+00
   5.3478966e+00
   5.3531185e+00
   5.3583609e+00
   5.3636239e+00
   5.3689075e+00
   5.3742118e+00
   5.3795366e+00
   5.3848821e+00
   5.3902483e+00
   5.3956352e+00
   5.4010427e+00
   5.4064709e+00
   5.4119198e+00
   5.4173895e+00
   5.4228799e+00
   5.4283911e+00
   5.4339231e+00
   5.4394758e+00
   5.4450494e+00
   5.4506437e+00
   5.4562590e+00
   5.4618951e+00
   5.4675520e+00
   5.4732299e+00
   5.4789286e+00
   5.4846483e+00
   5.4903890e+00
   5.4961506e+00
   5.5019332e+00
   5.5077368e+00
   5.5135614e+00
   5.5194071e+00
   5.5252738e+00
   5.5311616e+00
   5.5370705e+00
   5.5430005e+00
   5.5489516e+00
   5.5549240e+00
   5.5609175e+00
   5.5669321e+00
   5.5729681e+00
   5.5790252e+00
   5.5851036e+00
   5.5912033e+00
   5.5973243e+00
   5.6034667e+00
   5.6096304e+00
   5.6158154e+00
   5.6220219e+00
   5.6282497e+00
   5.6344990e+00
   5.6407698e+00
   5.6470621e+00
   5.6533758e+00
   5.6597111e+00
   5.6660679e+00
   5.6724464e+00
   5.6788464e+00
   5.6852680e+00
   5.6917113e+00
   5.6981763e+00
   5.7046630e+00
   5.7111714e+00
   5.7177015e+00
   5.7242534e+00
   5.7308271e+00
   5.7374226e+00
   5.7440400e+00
   5.7506793e+00
   5.7573404e+00
   5.7640235e+00
   5.7707285e+00
   5.7774555e+00
   5.7842045e+00
   5.7909755e+00
   5.7977685e+00
   5.8045837e+00
   5.8114209e+00
   5.8182803e+00
   5.8251618e+00
   5.8320656e+00
   5.8389915e+00
   5.8459397e+00
   5.8529101e+00
   5.8599028e+00
   5.8669178e+00
   5.8739552e+00
   5.8810150e+00
   5.8880971e+00
   5.8952017e+00
   5.9023287e+00
   5.9094782e+00
   5.9166502e+00
   5.9238448e+00
   5.9310619e+00
   5.9383016e+00
   5.9455639e+00
   5.9528489e+00
   5.9601565e+00
   5.9674868e+00
   5.9748399e+00
   5.9822157e+00
   5.9896143e+00
   5.9970357e+00
   6.0044799e+00
   6.0119470e+00
   6.0194370e+00
   6.0269499e+00
   6.0344857e+00
   6.0420445e+00
   6.0496264e+00
   6.0572312e+00
   6.0648591e+00
   6.0725101e+00
   6.0801842e+00
   6.0878814e+00
   6.0956018e+00
   6.1033453e+00
   6.1111121e+00
   6.1189021e+00
   6.1267154e+00
   6.1345520e+00
   6.1424119e+00
   6.1502952e+00
   6.1582018e+00
   6.1661318e+00
   6.1740853e+00
   6.1820622e+00
   6.1900625e+00
   6.1980864e+00
   6.2061338e+00
   6.2142047e+00
   6.2222992e+00
   6.2304174e+00
   6.2385591e+00
   6.2467245e+00
   6.2549135e+00
   6.2631263e+00
   6.2713628e+00
   6.2796230e+00
   6.2879070e+00
   6.2962147e+00
   6.3045463e+00
   6.3129017e+00
   6.3212810e+00
   6.3296841e+00
   6.3381111e+00
   6.3465621e+00
   6.3550370e+00
   6.3635358e+00
   6.3720587e+00
   6.3806055e+00
   6.3891764e+00
   6.3977713e+00
   6.4063902e+00
   6.4150332e+00
   6.4237004e+00
   6.4323916e+00
   6.4411069e+00
   6.4498465e+00
   6.4586101e+00
   6.4673980e+00
   6.4762100e+00
   6.4850463e+00
   6.4939067e+00
   6.5027915e+00
   6.5117004e+00
   6.5206337e+00
   6.5295912e+00
   6.5385730e+00
   6.5475791e+00
   6.5566095e+00
   6.5656643e+00
   6.5747434e+00
   6.5838468e+00
   6.5929746e+00
   6.6021268e+00
   6.6113033e+00
   6.6205042e+00
   6.6297295e+00
   6.6389792e+00
   6.6482533e+00
   6.6575518e+00
   6.6668747e+00
   6.6762220e+00
   6.6855937e+00
   6.6949899e+00
   6.7044105e+00
   6.7138555e+00
   6.7233249e+00
   6.7328187e+00
   6.7423370e+00
   6.7518797e+00
   6.7614468e+00
   6.7710383e+00
   6.7806542e+00
   6.7902945e+00
   6.7999593e+00
   6.8096484e+00
   6.8193619e+00
   6.8290998e+00
   6.8388620e+00
   6.8486486e+00
   6.8584596e+00
   6.8682949e+00
   6.8781545e+00
   6.8880385e+00
   6.8979467e+00
   6.9078792e+00
   6.9178360e+00
   6.9278170e+00
   6.9378223e+00
   6.9478518e+00
   6.9579054e+00
   6.9679833e+00
   6.9780853e+00
   6.9882114e+00
   6.9983616e+00
   7.0085359e+00
   7.0187343e+00
   7.0289567e+00
   7.0392030e+00
   7.0494734e+00
   7.0597677e+00
   7.0700859e+00
   7.0804279e+00
   7.0907938e+00
   7.1011835e+00
   7.1115970e+00
   7.1220342e+00
   7.1324951e+00
   7.1429797e+00
   7.1534879e+00
   7.1640196e+00
   7.1745749e+00
   7.1851536e+00
   7.1957558e+00
   7.2063814e+00
   7.2170303e+00
   7.2277026e+00
   7.2383980e+00
   7.2491167e+00
   7.2598585e+00
   7.2706233e+00
   7.2814112e+00
   7.2922221e+00
   7.3030559e+00
   7.3139125e+00
   7.3247919e+00
   7.3356940e+00
   7.3466188e+00
   7.3575662e+00
   7.3685361e+00
   7.3795284e+00
   7.3905432e+00
   7.4015803e+00
   7.4126396e+00
   7.4237211e+00
   7.4348246e+00
   7.4459502e+00
   7.4570977e+00
   7.4682671e+00
   7.4794583e+00
   7.4906711e+00
   7.5019055e+00
   7.5131615e+00
   7.5244389e+00
   7.5357376e+00
   7.5470576e+00
   7.5583987e+00
   7.5697609e+00
   7.5811441e+00
   7.5925481e+00
   7.6039729e+00
   7.6154184e+00
   7.6268844e+00
   7.6383709e+00
   7.6498777e+00
   7.6614048e+00
   7.6729521e+00
   7.6845193e+00
   7.6961065e+00
   7.7077135e+00
   7.7193402e+00
   7.7309864e+00
   7.7426521e+00
   7.7543371e+00
   7.7660414e+00
   7.7777647e+00
   7.7895070e+00
   7.8012681e+00
   7.8130479e+00
   7.8248463e+00
   7.8366632e+00
   7.8484983e+00
   7.8603517e+00
   7.8722230e+00
   7.8841123e+00
   7.8960193e+00
   7.9079439e+00
   7.9198860e+00
   7.9318455e+00
   7.9438221e+00
   7.9558157e+00
   7.9678262e+00
   7.9798535e+00
   7.9918973e+00
   8.0039575e+00
   8.0160340e+00
   8.0281266e+00
   8.0402352e+00
   8.0523595e+00
   8.0644994e+00
   8.0766548e+00
   8.0888255e+00
   8.1010112e+00
   8.1132120e+00
   8.1254275e+00
   8.1376576e+00
   8.1499021e+00
   8.1621608e+00
   8.1744336e+00
   8.1867204e+00
   8.1990208e+00
   8.2113347e+00
   8.2236619e+00
   8.2360024e+00
   8.2483557e+00
   8.2607219e+00
   8.2731006e+00
   8.2854917e+00
   8.2978949e+00
   8.3103102e+00
   8.3227373e+00
   8.3351759e+00
   8.3476260e+00
   8.3600872e+00
   8.3725594e+00
   8.3850424e+00
   8.3975360e+00
   8.4100399e+00
   8.4225540e+00
   8.4350780e+00
   8.4476117e+00
   8.4601550e+00
   8.4727075e+00
   8.4852691e+00
   8.4978396e+00
   8.5104186e+00
   8.5230061e+00
   8.5356018e+00
   8.5482054e+00
   8.5608168e+00
   8.5734356e+00
   8.5860617e+00
   8.5986949e+00
   8.6113348e+00
   8.6239813e+00
   8.6366342e+00
   8.6492931e+00
   8.6619578e+00
   8.6746282e+00
   8.6873040e+00
   8.6999848e+00
   8.7126705e+00
   8.7253609e+00
   8.7380556e+00
   8.7507545e+00
   8.7634572e+00
   8.7761635e+00
   8.7888732e+00
   8.8015860e+00
   8.8143016e+00
   8.8270199e+00
   8.8397404e+00
   8.8524630e+00
   8.8651874e+00
   8.8779134e+00
   8.8906405e+00
   8.9033687e+00
   8.9160976e+00
   8.9288269e+00
   8.9415564e+00
   8.9542858e+00
   8.9670148e+00
   8.9797432e+00
   8.9924705e+00
   9.0051967e+00
   9.0179213e+00
   9.0306442e+00
   9.0433649e+00
   9.0560833e+00
   9.0687989e+00
   9.0815116e+00
   9.0942211e+00
   9.1069270e+00
   9.1196290e+00
   9.1323268e+00
   9.1450202e+00
   9.1577088e+00
   9.1703923e+00
   9.1830704e+00
   9.1957428e+00
   9.2084092e+00
   9.2210693e+00
   9.2337227e+00
   9.2463691e+00
   9.2590083e+00
   9.2716398e+00
   9.2842634e+00
   9.2968786e+00
   9.3094853e+00
   9.3220831e+00
   9.3346715e+00
   9.3472504e+00
   9.3598193e+00
   9.3723779e+00
   9.3849258e+00
   9.3974628e+00
   9.4099884e+00
   9.4225023e+00
   9.4350041e+00
   9.4474936e+00
   9.4599702e+00
   9.4724337e+00
   9.4848837e+00
   9.4973199e+00
   9.5097417e+00
   9.5221490e+00
   9.5345412e+00
   9.5469181e+00
   9.5592791e+00
   9.5716240e+00
   9.5839524e+00
   9.5962638e+00
   9.6085579e+00
   9.6208342e+00
   9.6330924e+00
   9.6453320e+00
   9.6575526e+00
   9.6697539e+00
   9.6819354e+00
   9.6940966e+00
   9.7062372e+00
   9.7183567e+00
   9.7304547e+00
   9.7425308e+00
   9.7545845e+00
   9.7666153e+00
   9.7786229e+00
   9.7906068e+00
   9.8025664e+00
   9.8145015e+00
   9.8264114e+00
   9.8382958e+00
   9.8501542e+00
   9.8619860e+00
   9.8737908e+00
   9.8855682e+00
   9.8973176e+00
   9.9090386e+00
   9.9207306e+00
   9.9323932e+00
   9.9440258e+00
   9.9556280e+00
   9.9671992e+00
   9.9787389e+00
   9.9902466e+00
   1.0001722e+01
   1.0013164e+01
   1.0024572e+01
   1.0035947e+01
   1.0047287e+01
   1.0058591e+01
   1.0069860e+01
   1.0081092e+01
   1.0092287e+01
   1.0103445e+01
   1.0114565e+01
   1.0125647e+01
   1.0136689e+01
   1.0147691e+01
   1.0158653e+01
   1.0169574e+01
   1.0180454e+01
   1.0191291e+01
   1.0202085e+01
   1.0212837e+01
   1.0223544e+01
   1.0234206e+01
   1.0244823e+01
   1.0255395e+01
   1.0265920e+01
   1.0276397e+01
   1.0286827e+01
   1.0297208e+01
   1.0307541e+01
   1.0317823e+01
   1.0328055e+01
   1.0338236e+01
   1.0348365e+01
   1.0358442e+01
   1.0368465e+01
   1.0378435e+01
   1.0388350e+01
   1.0398210e+01
   1.0408014e+01
   1.0417761e+01
   1.0427451e+01
   1.0437083e+01
   1.0446656e+01
   1.0456170e+01
   1.0465623e+01
   1.0475015e+01
   1.0484346e+01
   1.0493614e+01
   1.0502819e+01
   1.0511960e+01
   1.0521037e+01
   1.0530048e+01
   1.0538993e+01
   1.0547870e+01
   1.0556680e+01
   1.0565422e+01
   1.0574094e+01
   1.0582696e+01
   1.0591227e+01
   1.0599687e+01
   1.0608074e+01
   1.0616388e+01
   1.0624628e+01
   1.0632792e+01
   1.0640882e+01
   1.0648894e+01
   1.0656830e+01
   1.0664687e+01
   1.0672465e+01
   1.0680164e+01
   1.0687782e+01
   1.0695319e+01
   1.0702773e+01
   1.0710144e+01
   1.0717431e+01
   1.0724634e+01
   1.0731750e+01
   1.0738781e+01
   1.0745723e+01
   1.0752578e+01
   1.0759343e+01
   1.0766019e+01
   1.0772604e+01
   1.0779097e+01
   1.0785497e+01
   1.0791804e+01
   1.0798017e+01
   1.0804135e+01
   1.0810156e+01
   1.0816080e+01
   1.0821907e+01
   1.0827635e+01
   1.0833263e+01
   1.0838790e+01
   1.0844216e+01
   1.0849540e+01
   1.0854761e+01
   1.0859877e+01
   1.0864888e+01
   1.0869793e+01
   1.0874592e+01
   1.0879282e+01
   1.0883864e+01
   1.0888336e+01
   1.0892697e+01
   1.0896947e+01
   1.0901084e+01
   1.0905108e+01
   1.0909018e+01
   1.0912812e+01
   1.0916490e+01
   1.0920051e+01
   1.0923495e+01
   1.0926819e+01
   1.0930023e+01
   1.0933106e+01
   1.0936067e+01
   1.0938905e+01
   1.0941620e+01
   1.0944210e+01
   1.0946675e+01
   1.0949012e+01
   1.0951222e+01
   1.0953304e+01
   1.0955256e+01
   1.0957078e+01
   1.0958768e+01
   1.0960326e+01
   1.0961750e+01
   1.0963040e+01
   1.0964195e+01
   1.0965214e+01
   1.0966095e+01
   1.0966838e+01
   1.0967442e+01
   1.0967906e+01
   1.0968228e+01
   1.0968409e+01
   1.0968446e+01
   1.0968339e+01
   1.0968087e+01
   1.0967689e+01
   1.0967144e+01
   1.0966451e+01
   1.0965609e+01
   1.0964617e+01
   1.0963473e+01
   1.0962178e+01
   1.0960730e+01
   1.0959128e+01
   1.0957370e+01
   1.0955457e+01
   1.0953386e+01
   1.0951158e+01
   1.0948771e+01
   1.0946223e+01
   1.0943515e+01
   1.0940645e+01
   1.0937611e+01
   1.0934414e+01
   1.0931051e+01
   1.0927523e+01
   1.0923827e+01
   1.0919963e+01
   1.0915931e+01
   1.0911728e+01
   1.0907354e+01
   1.0902808e+01
   1.0898089e+01
   1.0893196e+01
   1.0888128e+01
   1.0882883e+01
   1.0877462e+01
   1.0871862e+01
   1.0866083e+01
   1.0860124e+01
   1.0853984e+01
   1.0847661e+01
   1.0841155e+01
   1.0834465e+01
   1.0827590e+01
   1.0820529e+01
   1.0813280e+01
   1.0805843e+01
   1.0798217e+01
   1.0790400e+01
   1.0782392e+01
   1.0774192e+01
   1.0765799e+01
   1.0757211e+01
   1.0748428e+01
   1.0739449e+01
   1.0730272e+01
   1.0720897e+01
   1.0711323e+01
   1.0701548e+01
   1.0691573e+01
   1.0681394e+01
   1.0671013e+01
   1.0660427e+01
   1.0649637e+01
   1.0638639e+01
   1.0627435e+01
   1.0616023e+01
   1.0604401e+01
   1.0592570e+01
   1.0580527e+01
   1.0568272e+01
   1.0555805e+01
   1.0543123e+01
   1.0530227e+01
   1.0517114e+01
   1.0503786e+01
   1.0490239e+01
   1.0476474e+01
   1.0462489e+01
   1.0448284e+01
   1.0433858e+01
   1.0419209e+01
   1.0404337e+01
   1.0389241e+01
   1.0373921e+01
   1.0358375e+01
   1.0342602e+01
   1.0326601e+01
   1.0310373e+01
   1.0293915e+01
   1.0277227e+01
   1.0260309e+01
   1.0243159e+01
   1.0225777e+01
   1.0208161e+01
   1.0190312e+01
   1.0172228e+01
   1.0153908e+01
   1.0135353e+01
   1.0116561e+01
   1.0097531e+01
   1.0078263e+01
   1.0058756e+01
   1.0039009e+01
   1.0019022e+01
   9.9987947e+00
   9.9783257e+00
   9.9576147e+00
   9.9366612e+00
   9.9154645e+00
   9.8940241e+00
   9.8723396e+00
   9.8504104e+00
   9.8282361e+00
   9.8058162e+00
   9.7831503e+00
   9.7602381e+00
   9.7370791e+00
   9.7136730e+00
   9.6900194e+00
   9.6661182e+00
   9.6419689e+00
   9.6175714e+00
   9.5929255e+00
   9.5680310e+00
   9.5428877e+00
   9.5174955e+00
   9.4918544e+00
   9.4659643e+00
   9.4398252e+00
   9.4134370e+00
   9.3867999e+00
   9.3599140e+00
   9.3327794e+00
   9.3053962e+00
   9.2777648e+00
   9.2498852e+00
   9.2217579e+00
   9.1933832e+00
   9.1647614e+00
   9.1358931e+00
   9.1067786e+00
   9.0774185e+00
   9.0478135e+00
   9.0179640e+00
   8.9878708e+00
   8.9575346e+00
   8.9269563e+00
   8.8961366e+00
   8.8650764e+00
   8.8337767e+00
   8.8022385e+00
   8.7704629e+00
   8.7384510e+00
   8.7062039e+00
   8.6737231e+00
   8.6410097e+00
   8.6080651e+00
   8.5748908e+00
   8.5414883e+00
   8.5078593e+00
   8.4740053e+00
   8.4399280e+00
   8.4056293e+00
   8.3711111e+00
   8.3363753e+00
   8.3014238e+00
   8.2662588e+00
   8.2308825e+00
   8.1952972e+00
   8.1595050e+00
   8.1235085e+00
   8.0873101e+00
   8.0509124e+00
   8.0143181e+00
   7.9775298e+00
   7.9405504e+00
   7.9033828e+00
   7.8660300e+00
   7.8284950e+00
   7.7907809e+00
   7.7528911e+00
   7.7148288e+00
   7.6765974e+00
   7.6382005e+00
   7.5996416e+00
   7.5609243e+00
   7.5220525e+00
   7.4830300e+00
   7.4438607e+00
   7.4045486e+00
   7.3650977e+00
   7.3255124e+00
   7.2857968e+00
   7.2459552e+00
   7.2059923e+00
   7.1659123e+00
   7.1257199e+00
   7.0854199e+00
   7.0450169e+00
   7.0045157e+00
   6.9639213e+00
   6.9232387e+00
   6.8824729e+00
   6.8416290e+00
   6.8007121e+00
   6.7597277e+00
   6.7186809e+00
   6.6775772e+00
   6.6364219e+00
   6.5952207e+00
   6.5539790e+00
   6.5127025e+00
   6.4713969e+00
   6.4300677e+00
   6.3887209e+00
   6.3473621e+00
   6.3059971e+00
   6.2646320e+00
   6.2232725e+00
   6.1819245e+00
   6.1405941e+00
   6.0992872e+00
   6.0580097e+00
   6.0167677e+00
   5.9755671e+00
   5.9344140e+00
   5.8933144e+00
   5.8522743e+00
   5.8112997e+00
   5.7703965e+00
   5.7295708e+00
   5.6888286e+00
   5.6481757e+00
   5.6076180e+00
   5.5671615e+00
   5.5268119e+00
   5.4865752e+00
   5.4464570e+00
   5.4064630e+00
   5.3665989e+00
   5.3268703e+00
   5.2872828e+00
   5.2478418e+00
   5.2085528e+00
   5.1694210e+00
   5.1304517e+00
   5.0916502e+00
   5.0530215e+00
   5.0145706e+00
   4.9763025e+00
   4.9382221e+00
   4.9003339e+00
   4.8626428e+00
   4.8251531e+00
   4.7878695e+00
   4.7507961e+00
   4.7139372e+00
   4.6772970e+00
   4.6408793e+00
   4.6046882e+00
   4.5687273e+00
   4.5330002e+00
   4.4975106e+00
   4.4622618e+00
   4.4272571e+00
   4.3924996e+00
   4.3579923e+00
   4.3237381e+00
   4.2897399e+00
   4.2560002e+00
   4.2225215e+00
   4.1893062e+00
   4.1563566e+00
   4.1236748e+00
   4.0912628e+00
   4.0591224e+00
   4.0272554e+00
   3.9956634e+00
   3.9643478e+00
   3.9333101e+00
   3.9025514e+00
   3.8720729e+00
   3.8418754e+00
   3.8119600e+00
   3.7823274e+00
   3.7529780e+00
   3.7239126e+00
   3.6951314e+00
   3.6666347e+00
   3.6384227e+00
   3.6104955e+00
   3.5828530e+00
   3.5554951e+00
   3.5284214e+00
   3.5016317e+00
   3.4751254e+00
   3.4489020e+00
   3.4229610e+00
   3.3973015e+00
   3.3719227e+00
   3.3468237e+00
   3.3220035e+00
   3.2974610e+00
   3.2731951e+00
   3.2492045e+00
   3.2254879e+00
   3.2020440e+00
   3.1788713e+00
   3.1559683e+00
   3.1333334e+00
   3.1109649e+00
   3.0888613e+00
   3.0670206e+00
   3.0454412e+00
   3.0241212e+00
   3.0030586e+00
   2.9822516e+00
   2.9616980e+00
   2.9413960e+00
   2.9213433e+00
   2.9015380e+00
   2.8819778e+00
   2.8626606e+00
   2.8435841e+00
   2.8247462e+00
   2.8061445e+00
   2.7877769e+00
   2.7696409e+00
   2.7517343e+00
   2.7340546e+00
   2.7165996e+00
   2.6993669e+00
   2.6823540e+00
   2.6655585e+00
   2.6489782e+00
   2.6326105e+00
   2.6164529e+00
   2.6005032e+00
   2.5847588e+00
   2.5692173e+00
   2.5538763e+00
   2.5387333e+00
   2.5237859e+00
   2.5090317e+00
   2.4944682e+00
   2.4800930e+00
   2.4659038e+00
   2.4518980e+00
   2.4380734e+00
   2.4244274e+00
   2.4109578e+00
   2.3976621e+00
   2.3845381e+00
