   9.1889645e-02
   9.1666804e-02
   9.1444522e-02
   9.1222795e-02
   9.1001623e-02
   9.0781005e-02
   9.0560939e-02
   9.0341423e-02
   9.0122457e-02
   8.9904038e-02
   8.9686166e-02
   8.9468838e-02
   8.9252055e-02
   8.9035813e-02
   8.8820112e-02
   8.8604951e-02
   8.8390328e-02
   8.8176242e-02
   8.7962691e-02
   8.7749674e-02
   8.7537189e-02
   8.7325236e-02
   8.7113813e-02
   8.6902918e-02
   8.6692551e-02
   8.6482709e-02
   8.6273392e-02
   8.6064598e-02
   8.5856326e-02
   8.5648574e-02
   8.5441342e-02
   8.5234627e-02
   8.5028430e-02
   8.4822747e-02
   8.4617578e-02
   8.4412922e-02
   8.4208777e-02
   8.4005142e-02
   8.3802016e-02
   8.3599397e-02
   8.3397284e-02
   8.3195676e-02
   8.2994572e-02
   8.2793970e-02
   8.2593869e-02
   8.2394267e-02
   8.2195164e-02
   8.1996558e-02
   8.1798448e-02
   8.1600833e-02
   8.1403711e-02
   8.1207081e-02
   8.1010942e-02
   8.0815293e-02
   8.0620132e-02
   8.0425458e-02
   8.0231270e-02
   8.0037566e-02
   7.9844346e-02
   7.9651608e-02
   7.9459351e-02
   7.9267574e-02
   7.9076275e-02
   7.8885454e-02
   7.8695108e-02
   7.8505238e-02
   7.8315841e-02
   7.8126916e-02
   7.7938463e-02
   7.7750480e-02
   7.7562966e-02
   7.7375919e-02
   7.7189339e-02
   7.7003224e-02
   7.6817573e-02
   7.6632385e-02
   7.6447659e-02
   7.6263393e-02
   7.6079586e-02
   7.5896238e-02
   7.5713347e-02
   7.5530912e-02
   7.5348932e-02
   7.5167405e-02
   7.4986330e-02
   7.4805707e-02
   7.4625534e-02
   7.4445810e-02
   7.4266533e-02
   7.4087704e-02
   7.3909320e-02
   7.3731380e-02
   7.3553884e-02
   7.3376830e-02
   7.3200216e-02
   7.3024043e-02
   7.2848309e-02
   7.2673012e-02
   7.2498152e-02
   7.2323727e-02
   7.2149737e-02
   7.1976180e-02
   7.1803055e-02
   7.1630361e-02
   7.1458097e-02
   7.1286262e-02
   7.1114855e-02
   7.0943874e-02
   7.0773319e-02
   7.0603189e-02
   7.0433482e-02
   7.0264197e-02
   7.0095334e-02
   6.9926890e-02
   6.9758866e-02
   6.9591261e-02
   6.9424072e-02
   6.9257299e-02
   6.9090941e-02
   6.8924997e-02
   6.8759466e-02
   6.8594346e-02
   6.8429637e-02
   6.8265338e-02
   6.8101448e-02
   6.7937965e-02
   6.7774888e-02
   6.7612218e-02
   6.7449951e-02
   6.7288089e-02
   6.7126628e-02
   6.6965569e-02
   6.6804911e-02
   6.6644652e-02
   6.6484791e-02
   6.6325328e-02
   6.6166261e-02
   6.6007589e-02
   6.5849312e-02
   6.5691428e-02
   6.5533936e-02
   6.5376836e-02
   6.5220126e-02
   6.5063805e-02
   6.4907873e-02
   6.4752329e-02
   6.4597170e-02
   6.4442397e-02
   6.4288009e-02
   6.4134004e-02
   6.3980382e-02
   6.3827141e-02
   6.3674281e-02
   6.3521800e-02
   6.3369698e-02
   6.3217974e-02
   6.3066626e-02
   6.2915654e-02
   6.2765057e-02
   6.2614834e-02
   6.2464984e-02
   6.2315506e-02
   6.2166399e-02
   6.2017662e-02
   6.1869294e-02
   6.1721294e-02
   6.1573662e-02
   6.1426396e-02
   6.1279495e-02
   6.1132959e-02
   6.0986786e-02
   6.0840976e-02
   6.0695528e-02
   6.0550441e-02
   6.0405714e-02
   6.0261345e-02
   6.0117335e-02
   5.9973682e-02
   5.9830385e-02
   5.9687444e-02
   5.9544857e-02
   5.9402623e-02
   5.9260742e-02
   5.9119213e-02
   5.8978035e-02
   5.8837207e-02
   5.8696728e-02
   5.8556598e-02
   5.8416814e-02
   5.8277378e-02
   5.8138286e-02
   5.7999540e-02
   5.7861137e-02
   5.7723077e-02
   5.7585360e-02
   5.7447984e-02
   5.7310948e-02
   5.7174251e-02
   5.7037893e-02
   5.6901873e-02
   5.6766190e-02
   5.6630844e-02
   5.6495832e-02
   5.6361155e-02
   5.6226811e-02
   5.6092800e-02
   5.5959121e-02
   5.5825773e-02
   5.5692755e-02
   5.5560066e-02
   5.5427706e-02
   5.5295674e-02
   5.5163968e-02
   5.5032589e-02
   5.4901535e-02
   5.4770805e-02
   5.4640399e-02
   5.4510315e-02
   5.4380554e-02
   5.4251113e-02
   5.4121993e-02
   5.3993192e-02
   5.3864710e-02
   5.3736546e-02
   5.3608699e-02
   5.3481169e-02
   5.3353953e-02
   5.3227053e-02
   5.3100466e-02
   5.2974193e-02
   5.2848231e-02
   5.2722581e-02
   5.2597242e-02
   5.2472213e-02
   5.2347493e-02
   5.2223082e-02
   5.2098978e-02
   5.1975181e-02
   5.1851690e-02
   5.1728504e-02
   5.1605622e-02
   5.1483045e-02
   5.1360770e-02
   5.1238798e-02
   5.1117127e-02
   5.0995757e-02
   5.0874686e-02
   5.0753915e-02
   5.0633442e-02
   5.0513267e-02
   5.0393388e-02
   5.0273806e-02
   5.0154520e-02
   5.0035527e-02
   4.9916829e-02
   4.9798424e-02
   4.9680312e-02
   4.9562491e-02
   4.9444961e-02
   4.9327721e-02
   4.9210771e-02
   4.9094109e-02
   4.8977736e-02
   4.8861650e-02
   4.8745850e-02
   4.8630336e-02
   4.8515108e-02
   4.8400163e-02
   4.8285503e-02
   4.8171125e-02
   4.8057030e-02
   4.7943216e-02
   4.7829683e-02
   4.7716431e-02
   4.7603457e-02
   4.7490763e-02
   4.7378346e-02
   4.7266207e-02
   4.7154344e-02
   4.7042757e-02
   4.6931446e-02
   4.6820409e-02
   4.6709646e-02
   4.6599156e-02
   4.6488938e-02
   4.6378992e-02
   4.6269318e-02
   4.6159913e-02
   4.6050779e-02
   4.5941913e-02
   4.5833316e-02
   4.5724986e-02
   4.5616924e-02
   4.5509128e-02
   4.5401597e-02
   4.5294332e-02
   4.5187331e-02
   4.5080593e-02
   4.4974119e-02
   4.4867906e-02
   4.4761956e-02
   4.4656267e-02
   4.4550837e-02
   4.4445668e-02
   4.4340758e-02
   4.4236106e-02
   4.4131711e-02
   4.4027574e-02
   4.3923694e-02
   4.3820069e-02
   4.3716699e-02
   4.3613584e-02
   4.3510722e-02
   4.3408114e-02
   4.3305759e-02
   4.3203655e-02
   4.3101803e-02
   4.3000201e-02
   4.2898850e-02
   4.2797748e-02
   4.2696895e-02
   4.2596290e-02
   4.2495932e-02
   4.2395822e-02
   4.2295957e-02
   4.2196339e-02
   4.2096965e-02
   4.1997836e-02
   4.1898951e-02
   4.1800309e-02
   4.1701910e-02
   4.1603752e-02
   4.1505836e-02
   4.1408161e-02
   4.1310726e-02
   4.1213530e-02
   4.1116574e-02
   4.1019856e-02
   4.0923376e-02
   4.0827132e-02
   4.0731126e-02
   4.0635355e-02
   4.0539820e-02
   4.0444520e-02
   4.0349453e-02
   4.0254621e-02
   4.0160021e-02
   4.0065654e-02
   3.9971519e-02
   3.9877615e-02
   3.9783942e-02
   3.9690498e-02
   3.9597285e-02
   3.9504300e-02
   3.9411544e-02
   3.9319015e-02
   3.9226714e-02
   3.9134639e-02
   3.9042791e-02
   3.8951168e-02
   3.8859770e-02
   3.8768596e-02
   3.8677647e-02
   3.8586920e-02
   3.8496416e-02
   3.8406135e-02
   3.8316074e-02
   3.8226235e-02
   3.8136617e-02
   3.8047218e-02
   3.7958039e-02
   3.7869079e-02
   3.7780336e-02
   3.7691812e-02
   3.7603505e-02
   3.7515414e-02
   3.7427539e-02
   3.7339880e-02
   3.7252436e-02
   3.7165207e-02
   3.7078191e-02
   3.6991389e-02
   3.6904800e-02
   3.6818423e-02
   3.6732257e-02
   3.6646303e-02
   3.6560560e-02
   3.6475027e-02
   3.6389704e-02
   3.6304589e-02
   3.6219684e-02
   3.6134986e-02
   3.6050496e-02
   3.5966213e-02
   3.5882136e-02
   3.5798266e-02
   3.5714601e-02
   3.5631141e-02
   3.5547886e-02
   3.5464834e-02
   3.5381986e-02
   3.5299341e-02
   3.5216898e-02
   3.5134657e-02
   3.5052618e-02
   3.4970779e-02
   3.4889141e-02
   3.4807703e-02
   3.4726464e-02
   3.4645424e-02
   3.4564582e-02
   3.4483939e-02
   3.4403492e-02
   3.4323243e-02
   3.4243190e-02
   3.4163333e-02
   3.4083671e-02
   3.4004204e-02
   3.3924932e-02
   3.3845854e-02
   3.3766969e-02
   3.3688277e-02
   3.3609778e-02
   3.3531471e-02
   3.3453355e-02
   3.3375430e-02
   3.3297696e-02
   3.3220152e-02
   3.3142798e-02
   3.3065633e-02
   3.2988656e-02
   3.2911868e-02
   3.2835267e-02
   3.2758854e-02
   3.2682627e-02
   3.2606587e-02
   3.2530733e-02
   3.2455064e-02
   3.2379580e-02
   3.2304281e-02
   3.2229165e-02
   3.2154233e-02
   3.2079484e-02
   3.2004918e-02
   3.1930534e-02
   3.1856332e-02
   3.1782310e-02
   3.1708470e-02
   3.1634810e-02
   3.1561330e-02
   3.1488030e-02
   3.1414908e-02
   3.1341965e-02
   3.1269200e-02
   3.1196613e-02
   3.1124203e-02
   3.1051970e-02
   3.0979913e-02
   3.0908032e-02
   3.0836326e-02
   3.0764796e-02
   3.0693440e-02
   3.0622258e-02
   3.0551250e-02
   3.0480415e-02
   3.0409753e-02
   3.0339263e-02
   3.0268946e-02
   3.0198799e-02
   3.0128824e-02
   3.0059020e-02
   2.9989386e-02
   2.9919922e-02
   2.9850627e-02
   2.9781501e-02
   2.9712544e-02
   2.9643755e-02
   2.9575133e-02
   2.9506679e-02
   2.9438392e-02
   2.9370271e-02
   2.9302316e-02
   2.9234527e-02
   2.9166903e-02
   2.9099444e-02
   2.9032150e-02
   2.8965019e-02
   2.8898052e-02
   2.8831248e-02
   2.8764607e-02
   2.8698128e-02
   2.8631811e-02
   2.8565656e-02
   2.8499661e-02
   2.8433828e-02
   2.8368155e-02
   2.8302642e-02
   2.8237288e-02
   2.8172093e-02
   2.8107058e-02
   2.8042180e-02
   2.7977461e-02
   2.7912899e-02
   2.7848494e-02
   2.7784246e-02
   2.7720154e-02
   2.7656218e-02
   2.7592438e-02
   2.7528813e-02
   2.7465343e-02
   2.7402028e-02
   2.7338866e-02
   2.7275858e-02
   2.7213004e-02
   2.7150302e-02
   2.7087753e-02
   2.7025355e-02
   2.6963110e-02
   2.6901016e-02
   2.6839073e-02
   2.6777281e-02
   2.6715639e-02
   2.6654146e-02
   2.6592804e-02
   2.6531610e-02
   2.6470565e-02
   2.6409669e-02
   2.6348920e-02
   2.6288319e-02
   2.6227866e-02
   2.6167559e-02
   2.6107399e-02
   2.6047385e-02
   2.5987517e-02
   2.5927794e-02
   2.5868217e-02
   2.5808784e-02
   2.5749495e-02
   2.5690351e-02
   2.5631350e-02
   2.5572492e-02
   2.5513777e-02
   2.5455205e-02
   2.5396775e-02
   2.5338487e-02
   2.5280341e-02
   2.5222336e-02
   2.5164471e-02
   2.5106747e-02
   2.5049163e-02
   2.4991719e-02
   2.4934414e-02
   2.4877248e-02
   2.4820221e-02
   2.4763332e-02
   2.4706582e-02
   2.4649969e-02
   2.4593493e-02
   2.4537154e-02
   2.4480952e-02
   2.4424886e-02
   2.4368984e-02
   2.7632114e-02
   3.0783434e-02
   3.3826671e-02
   3.6767825e-02
   3.9613799e-02
   4.2371745e-02
   4.5047426e-02
   4.7647149e-02
   5.0176778e-02
   5.2641289e-02
   5.5046562e-02
   5.7396648e-02
   5.9698053e-02
   6.1954321e-02
   6.4172490e-02
   6.6357837e-02
   6.8517949e-02
   7.0661369e-02
   7.2799715e-02
   7.4948032e-02
   7.7126719e-02
   7.9363140e-02
   8.1697662e-02
   8.4189080e-02
   8.6927716e-02
   9.0056418e-02
   9.3818115e-02
   9.8655099e-02
   1.0544270e-01
   1.1608222e-01
   1.3516021e-01
   1.7571134e-01
   2.4680506e-01
   2.8971963e-01
   3.1550232e-01
   3.4187383e-01
   3.7257524e-01
   4.0832452e-01
   4.4967395e-01
   4.9718334e-01
   5.5131878e-01
   6.1240045e-01
   6.8059645e-01
   7.5593060e-01
   8.3831669e-01
   9.2755938e-01
   1.0233933e+00
   1.1254929e+00
   1.2334930e+00
   1.3470093e+00
   1.4548540e+00
   1.5570045e+00
   1.6535903e+00
   1.7447351e+00
   1.8305926e+00
   1.9113620e+00
   1.9872820e+00
   2.0586330e+00
   2.1257235e+00
   2.1888787e+00
   2.2484341e+00
   2.3047238e+00
   2.3580817e+00
   2.4088236e+00
   2.4572541e+00
   2.5036600e+00
   2.5483055e+00
   2.5914344e+00
   2.6332754e+00
   2.6740304e+00
   2.7138836e+00
   2.7530015e+00
   2.7915296e+00
   2.8295978e+00
   2.8673219e+00
   2.9048019e+00
   2.9421268e+00
   2.9793693e+00
   3.0165957e+00
   3.0538612e+00
   3.0912137e+00
   3.1286911e+00
   3.1663255e+00
   3.2041436e+00
   3.2421647e+00
   3.2804078e+00
   3.3188852e+00
   3.3576057e+00
   3.3965753e+00
   3.4357972e+00
   3.4752735e+00
   3.5150029e+00
   3.5549846e+00
   3.5952153e+00
   3.6356911e+00
   3.6764067e+00
   3.7173553e+00
   3.7585319e+00
   3.7999298e+00
   3.8415424e+00
   3.8833621e+00
   3.9253823e+00
   3.9675957e+00
   4.0099950e+00
   4.0525735e+00
   4.0953243e+00
   4.1382401e+00
   4.1813146e+00
   4.2245412e+00
   4.2679137e+00
   4.3114258e+00
   4.3550718e+00
   4.3988460e+00
   4.4427428e+00
   4.4867568e+00
   4.5308831e+00
   4.5751167e+00
   4.6194529e+00
   4.6638870e+00
   4.7084150e+00
   4.7530324e+00
   4.7977353e+00
   4.8425198e+00
   4.8873820e+00
   4.9323185e+00
   4.9773258e+00
   5.0224006e+00
   5.0675395e+00
   5.1127393e+00
   5.1579971e+00
   5.2033099e+00
   5.2486748e+00
   5.2940889e+00
   5.3395495e+00
   5.3850543e+00
   5.4306003e+00
   5.4761848e+00
   5.5218056e+00
   5.5674599e+00
   5.6131460e+00
   5.6588610e+00
   5.7046026e+00
   5.7503687e+00
   5.7961571e+00
   5.8419653e+00
   5.8877920e+00
   5.9336339e+00
   5.9794899e+00
   6.0253553e+00
   6.0712305e+00
   6.1171128e+00
   6.1630008e+00
   6.2088900e+00
   6.2547799e+00
   6.3006673e+00
   6.3465523e+00
   6.3924311e+00
   6.4383032e+00
   6.4841643e+00
   6.5300146e+00
   6.5758528e+00
   6.6216760e+00
   6.6674781e+00
   6.7132602e+00
   6.7590206e+00
   6.8047567e+00
   6.8504670e+00
   6.8961497e+00
   6.9418023e+00
   6.9874225e+00
   7.0330081e+00
   7.0785586e+00
   7.1240716e+00
   7.1695443e+00
   7.2149750e+00
   7.2603619e+00
   7.3057032e+00
   7.3509968e+00
   7.3962406e+00
   7.4414322e+00
   7.4865710e+00
   7.5316543e+00
   7.5766805e+00
   7.6216478e+00
   7.6665540e+00
   7.7113974e+00
   7.7561765e+00
   7.8008880e+00
   7.8455318e+00
   7.8901037e+00
   7.9346042e+00
   7.9790310e+00
   8.0233821e+00
   8.0676544e+00
   8.1118482e+00
   8.1559606e+00
   8.1999907e+00
   8.2439362e+00
   8.2877955e+00
   8.3315676e+00
   8.3752493e+00
   8.4188395e+00
   8.4623366e+00
   8.5057383e+00
   8.5490434e+00
   8.5922487e+00
   8.6353556e+00
   8.6783615e+00
   8.7212650e+00
   8.7640643e+00
   8.8067560e+00
   8.8493396e+00
   8.8918135e+00
   8.9341768e+00
   8.9764283e+00
   9.0185643e+00
   9.0605866e+00
   9.1024923e+00
   9.1442801e+00
   9.1859500e+00
   9.2274983e+00
   9.2689259e+00
   9.3102305e+00
   9.3514098e+00
   9.3924634e+00
   9.4333911e+00
   9.4741907e+00
   9.5148608e+00
   9.5554005e+00
   9.5958114e+00
   9.6360905e+00
   9.6762376e+00
   9.7162531e+00
   9.7561344e+00
   9.7958826e+00
   9.8354969e+00
   9.8749770e+00
   9.9143227e+00
   9.9535346e+00
   9.9926131e+00
   1.0031561e+01
   1.0070374e+01
   1.0109056e+01
   1.0147605e+01
   1.0186030e+01
   1.0224323e+01
   1.0262489e+01
   1.0300533e+01
   1.0338452e+01
   1.0376251e+01
   1.0413933e+01
   1.0451498e+01
   1.0488951e+01
   1.0526293e+01
   1.0563528e+01
   1.0600659e+01
   1.0637690e+01
   1.0674621e+01
   1.0711456e+01
   1.0748198e+01
   1.0784852e+01
   1.0821418e+01
   1.0857898e+01
   1.0894296e+01
   1.0930614e+01
   1.0966854e+01
   1.1003016e+01
   1.1039101e+01
   1.1075111e+01
   1.1111047e+01
   1.1146906e+01
   1.1182691e+01
   1.1218400e+01
   1.1254035e+01
   1.1289592e+01
   1.1325071e+01
   1.1360470e+01
   1.1395789e+01
   1.1431030e+01
   1.1466184e+01
   1.1501253e+01
   1.1536235e+01
   1.1571125e+01
   1.1605924e+01
   1.1640631e+01
   1.1675241e+01
   1.1709756e+01
   1.1744168e+01
   1.1778480e+01
   1.1812688e+01
   1.1846790e+01
   1.1880786e+01
   1.1914677e+01
   1.1948453e+01
   1.1982121e+01
   1.2015675e+01
   1.2049115e+01
   1.2082441e+01
   1.2115650e+01
   1.2148741e+01
   1.2181715e+01
   1.2214571e+01
   1.2247306e+01
   1.2279920e+01
   1.2312415e+01
   1.2344788e+01
   1.2377038e+01
   1.2409165e+01
   1.2441176e+01
   1.2473064e+01
   1.2504831e+01
   1.2536477e+01
   1.2568000e+01
   1.2599400e+01
   1.2630680e+01
   1.2661835e+01
   1.2692870e+01
   1.2723784e+01
   1.2754576e+01
   1.2785247e+01
   1.2815801e+01
   1.2846239e+01
   1.2876553e+01
   1.2906751e+01
   1.2936828e+01
   1.2966791e+01
   1.2996635e+01
   1.3026362e+01
   1.3055970e+01
   1.3085467e+01
   1.3114847e+01
   1.3144111e+01
   1.3173258e+01
   1.3202293e+01
   1.3231220e+01
   1.3260033e+01
   1.3288731e+01
   1.3317317e+01
   1.3345796e+01
   1.3374163e+01
   1.3402418e+01
   1.3430567e+01
   1.3458606e+01
   1.3486537e+01
   1.3514359e+01
   1.3542072e+01
   1.3569679e+01
   1.3597180e+01
   1.3624578e+01
   1.3651873e+01
   1.3679060e+01
   1.3706144e+01
   1.3733128e+01
   1.3760006e+01
   1.3786780e+01
   1.3813453e+01
   1.3840027e+01
   1.3866503e+01
   1.3892874e+01
   1.3919145e+01
   1.3945318e+01
   1.3971393e+01
   1.3997369e+01
   1.4023245e+01
   1.4049026e+01
   1.4074710e+01
   1.4100297e+01
   1.4125795e+01
   1.4151193e+01
   1.4176496e+01
   1.4201704e+01
   1.4226818e+01
   1.4251837e+01
   1.4276765e+01
   1.4301601e+01
   1.4326347e+01
   1.4351001e+01
   1.4375561e+01
   1.4400029e+01
   1.4424405e+01
   1.4448693e+01
   1.4472894e+01
   1.4497006e+01
   1.4521028e+01
   1.4544960e+01
   1.4568809e+01
   1.4592566e+01
   1.4616238e+01
   1.4639821e+01
   1.4663316e+01
   1.4686729e+01
   1.4710056e+01
   1.4733295e+01
   1.4756454e+01
   1.4779527e+01
   1.4802518e+01
   1.4825426e+01
   1.4848252e+01
   1.4870997e+01
   1.4893659e+01
   1.4916237e+01
   1.4938735e+01
   1.4961150e+01
   1.4983486e+01
   1.5005742e+01
   1.5027918e+01
   1.5050014e+01
   1.5072035e+01
   1.5093975e+01
   1.5115837e+01
   1.5137620e+01
   1.5159329e+01
   1.5180959e+01
   1.5202514e+01
   1.5223991e+01
   1.5245395e+01
   1.5266725e+01
   1.5287977e+01
   1.5309153e+01
   1.5330257e+01
   1.5351286e+01
   1.5372241e+01
   1.5393123e+01
   1.5413938e+01
   1.5434678e+01
   1.5455343e+01
   1.5475935e+01
   1.5496460e+01
   1.5516914e+01
   1.5537294e+01
   1.5557605e+01
   1.5577848e+01
   1.5598020e+01
   1.5618121e+01
   1.5638153e+01
   1.5658116e+01
   1.5678013e+01
   1.5697844e+01
   1.5717606e+01
   1.5737298e+01
   1.5756923e+01
   1.5776484e+01
   1.5795979e+01
   1.5815406e+01
   1.5834771e+01
   1.5854069e+01
   1.5873300e+01
   1.5892469e+01
   1.5911571e+01
   1.5930612e+01
   1.5949588e+01
   1.5968503e+01
   1.5987354e+01
   1.6006138e+01
   1.6024860e+01
   1.6043522e+01
   1.6062122e+01
   1.6080658e+01
   1.6099132e+01
   1.6117546e+01
   1.6135904e+01
   1.6154201e+01
   1.6172437e+01
   1.6190610e+01
   1.6208722e+01
   1.6226779e+01
   1.6244775e+01
   1.6262711e+01
   1.6280592e+01
   1.6298413e+01
   1.6316177e+01
   1.6333882e+01
   1.6351532e+01
   1.6369123e+01
   1.6386657e+01
   1.6404134e+01
   1.6421560e+01
   1.6438928e+01
   1.6456241e+01
   1.6473495e+01
   1.6490694e+01
   1.6507838e+01
   1.6524928e+01
   1.6541965e+01
   1.6558945e+01
   1.6575871e+01
   1.6592748e+01
   1.6609572e+01
   1.6626337e+01
   1.6643050e+01
   1.6659712e+01
   1.6676320e+01
   1.6692875e+01
   1.6709379e+01
   1.6725830e+01
   1.6742233e+01
   1.6758587e+01
   1.6774885e+01
   1.6791133e+01
   1.6807333e+01
   1.6823479e+01
   1.6839577e+01
   1.6855628e+01
   1.6871625e+01
   1.6887575e+01
   1.6903475e+01
   1.6919323e+01
   1.6935126e+01
   1.6950878e+01
   1.6966582e+01
   1.6982241e+01
   1.6997850e+01
   1.7013414e+01
   1.7028932e+01
   1.7044397e+01
   1.7059819e+01
   1.7075194e+01
   1.7090519e+01
   1.7105800e+01
   1.7121038e+01
   1.7136225e+01
   1.7151366e+01
   1.7166459e+01
   1.7181510e+01
   1.7196518e+01
   1.7211479e+01
   1.7226395e+01
   1.7241265e+01
   1.7256095e+01
   1.7270879e+01
   1.7285619e+01
   1.7300313e+01
   1.7314965e+01
   1.7329574e+01
   1.7344141e+01
   1.7358663e+01
   1.7373145e+01
   1.7387581e+01
   1.7401974e+01
   1.7416324e+01
   1.7430636e+01
   1.7444906e+01
   1.7459133e+01
   1.7473315e+01
   1.7487462e+01
   1.7501564e+01
   1.7515625e+01
   1.7529643e+01
   1.7543624e+01
   1.7557563e+01
   1.7571465e+01
   1.7585324e+01
   1.7599144e+01
   1.7612924e+01
   1.7626666e+01
   1.7640366e+01
   1.7654028e+01
   1.7667649e+01
   1.7681233e+01
   1.7694775e+01
   1.7708281e+01
   1.7721749e+01
   1.7735180e+01
   1.7748573e+01
   1.7761929e+01
   1.7775247e+01
   1.7788526e+01
   1.7801766e+01
   1.7814970e+01
   1.7828137e+01
   1.7841267e+01
   1.7854357e+01
   1.7867415e+01
   1.7880434e+01
   1.7893416e+01
   1.7906361e+01
   1.7919271e+01
   1.7932150e+01
   1.7944990e+01
   1.7957796e+01
   1.7970562e+01
   1.7983295e+01
   1.7995991e+01
   1.8008654e+01
   1.8021281e+01
   1.8033872e+01
   1.8046433e+01
   1.8058955e+01
   1.8071443e+01
   1.8083897e+01
   1.8096321e+01
   1.8108708e+01
   1.8121065e+01
   1.8133385e+01
   1.8145671e+01
   1.8157924e+01
   1.8170143e+01
   1.8182330e+01
   1.8194487e+01
   1.8206609e+01
   1.8218697e+01
   1.8230758e+01
   1.8242783e+01
   1.8254774e+01
   1.8266731e+01
   1.8278665e+01
   1.8290565e+01
   1.8302431e+01
   1.8314266e+01
   1.8326070e+01
   1.8337843e+01
   1.8349584e+01
   1.8361294e+01
   1.8372975e+01
   1.8384627e+01
   1.8396244e+01
   1.8407833e+01
   1.8419393e+01
   1.8430922e+01
   1.8442423e+01
   1.8453889e+01
   1.8465327e+01
   1.8476733e+01
   1.8488113e+01
   1.8499458e+01
   1.8510776e+01
   1.8522065e+01
   1.8533325e+01
   1.8544551e+01
   1.8555748e+01
   1.8566921e+01
   1.8578063e+01
   1.8589178e+01
   1.8600264e+01
   1.8611321e+01
   1.8622351e+01
   1.8633354e+01
   1.8644328e+01
   1.8655275e+01
   1.8666194e+01
   1.8677083e+01
   1.8687946e+01
   1.8698781e+01
   1.8709589e+01
   1.8720371e+01
   1.8731126e+01
   1.8741852e+01
   1.8752552e+01
   1.8763225e+01
   1.8773872e+01
   1.8784493e+01
   1.8795088e+01
   1.8805655e+01
   1.8816197e+01
   1.8826712e+01
   1.8837201e+01
   1.8847665e+01
   1.8858102e+01
   1.8868511e+01
   1.8878897e+01
   1.8889257e+01
   1.8899591e+01
   1.8909900e+01
   1.8920188e+01
   1.8930446e+01
   1.8940679e+01
   1.8950888e+01
   1.8961073e+01
   1.8971234e+01
   1.8981368e+01
   1.8991479e+01
   1.9001565e+01
   1.9011628e+01
   1.9021666e+01
   1.9031679e+01
   1.9041670e+01
   1.9051639e+01
   1.9061583e+01
   1.9071504e+01
   1.9081398e+01
   1.9091269e+01
   1.9101116e+01
   1.9110941e+01
   1.9120745e+01
   1.9130523e+01
   1.9140277e+01
   1.9150009e+01
   1.9159717e+01
   1.9169403e+01
   1.9179067e+01
   1.9188707e+01
   1.9198326e+01
   1.9207924e+01
   1.9217502e+01
   1.9227055e+01
   1.9236587e+01
   1.9246094e+01
   1.9255579e+01
   1.9265047e+01
   1.9274489e+01
   1.9283909e+01
   1.9293309e+01
   1.9302686e+01
   1.9312047e+01
   1.9321381e+01
   1.9330693e+01
   1.9339983e+01
   1.9349252e+01
   1.9358501e+01
   1.9367727e+01
   1.9376934e+01
   1.9386121e+01
   1.9395288e+01
   1.9404433e+01
   1.9413559e+01
   1.9422665e+01
   1.9431751e+01
   1.9440814e+01
   1.9449856e+01
   1.9458883e+01
   1.9467884e+01
   1.9476865e+01
   1.9485829e+01
   1.9494771e+01
   1.9503699e+01
   1.9512603e+01
   1.9521488e+01
   1.9530351e+01
   1.9539197e+01
   1.9548020e+01
   1.9556824e+01
   1.9565612e+01
   1.9574378e+01
   1.9583129e+01
   1.9591860e+01
   1.9600570e+01
   1.9609262e+01
   1.9617934e+01
   1.9626585e+01
   1.9635219e+01
   1.9643841e+01
   1.9652439e+01
   1.9661020e+01
   1.9669582e+01
   1.9678124e+01
   1.9686649e+01
   1.9695156e+01
   1.9703648e+01
   1.9712117e+01
   1.9720571e+01
   1.9729004e+01
   1.9737423e+01
   1.9745821e+01
   1.9754202e+01
   1.9762569e+01
   1.9770918e+01
   1.9779247e+01
   1.9787559e+01
   1.9795852e+01
   1.9804128e+01
   1.9812388e+01
   1.9820632e+01
   1.9828855e+01
   1.9837060e+01
   1.9845254e+01
   1.9853426e+01
   1.9861583e+01
   1.9869722e+01
   1.9877847e+01
   1.9885956e+01
   1.9894043e+01
   1.9902120e+01
   1.9910177e+01
   1.9918215e+01
   1.9926236e+01
   1.9934244e+01
   1.9942234e+01
   1.9950210e+01
   1.9958168e+01
   1.9966111e+01
   1.9974037e+01
   1.9981948e+01
   1.9989847e+01
   1.9997727e+01
   2.0005588e+01
   2.0013440e+01
   2.0021272e+01
   2.0029086e+01
   2.0036888e+01
   2.0044672e+01
   2.0052439e+01
   2.0060195e+01
   2.0067933e+01
   2.0075656e+01
   2.0083367e+01
   2.0091060e+01
   2.0098738e+01
   2.0106400e+01
   2.0114050e+01
   2.0121683e+01
   2.0129299e+01
   2.0136906e+01
   2.0144495e+01
   2.0152067e+01
   2.0159626e+01
   2.0167170e+01
   2.0174697e+01
   2.0182212e+01
   2.0189709e+01
   2.0197196e+01
   2.0204667e+01
   2.0212128e+01
   2.0219571e+01
   2.0226997e+01
   2.0234409e+01
   2.0241814e+01
   2.0249204e+01
   2.0256577e+01
   2.0263933e+01
   2.0271279e+01
   2.0278611e+01
   2.0285928e+01
   2.0293231e+01
   2.0300526e+01
   2.0307802e+01
   2.0315062e+01
   2.0322308e+01
   2.0329541e+01
   2.0336759e+01
   2.0343964e+01
   2.0351158e+01
   2.0358338e+01
   2.0365504e+01
   2.0372658e+01
   2.0379797e+01
   2.0386927e+01
   2.0394048e+01
   2.0401150e+01
   2.0408238e+01
   2.0415316e+01
   2.0422380e+01
   2.0429435e+01
   2.0436474e+01
   2.0443498e+01
   2.0450509e+01
   2.0457507e+01
   2.0464495e+01
   2.0471467e+01
   2.0478425e+01
   2.0485374e+01
   2.0492312e+01
   2.0499235e+01
   2.0506143e+01
   2.0513043e+01
   2.0519931e+01
   2.0526805e+01
   2.0533663e+01
   2.0540513e+01
   2.0547350e+01
   2.0554175e+01
   2.0560988e+01
   2.0567789e+01
   2.0574578e+01
   2.0581355e+01
   2.0588119e+01
   2.0594872e+01
   2.0601613e+01
   2.0608343e+01
   2.0615060e+01
   2.0621765e+01
   2.0628458e+01
   2.0635140e+01
   2.0641809e+01
   2.0648466e+01
   2.0655108e+01
   2.0661744e+01
   2.0668367e+01
   2.0674980e+01
   2.0681579e+01
   2.0688167e+01
   2.0694744e+01
   2.0701310e+01
   2.0707863e+01
   2.0714404e+01
   2.0720934e+01
   2.0727452e+01
   2.0733960e+01
   2.0740458e+01
   2.0746947e+01
   2.0753426e+01
   2.0759891e+01
   2.0766345e+01
   2.0772786e+01
   2.0779218e+01
   2.0785640e+01
   2.0792050e+01
   2.0798452e+01
   2.0804842e+01
   2.0811219e+01
   2.0817585e+01
   2.0823940e+01
   2.0830283e+01
   2.0836616e+01
   2.0842938e+01
   2.0849252e+01
   2.0855557e+01
   2.0861852e+01
   2.0868136e+01
   2.0874409e+01
   2.0880671e+01
   2.0886922e+01
   2.0893161e+01
   2.0899393e+01
   2.0905612e+01
   2.0911823e+01
   2.0918023e+01
   2.0924212e+01
   2.0930389e+01
   2.0936559e+01
   2.0942715e+01
   2.0948859e+01
   2.0954997e+01
   2.0961124e+01
   2.0967242e+01
   2.0973350e+01
   2.0979446e+01
   2.0985534e+01
   2.0991609e+01
   2.0997676e+01
   2.1003733e+01
   2.1009782e+01
   2.1015822e+01
   2.1021849e+01
   2.1027866e+01
   2.1033872e+01
   2.1039870e+01
   2.1045862e+01
   2.1051841e+01
   2.1057811e+01
   2.1063772e+01
   2.1069723e+01
   2.1075663e+01
   2.1081594e+01
   2.1087517e+01
   2.1093432e+01
   2.1099336e+01
   2.1105231e+01
   2.1111115e+01
   2.1116992e+01
   2.1122857e+01
   2.1128717e+01
   2.1134563e+01
   2.1140404e+01
   2.1146231e+01
   2.1152050e+01
   2.1157860e+01
   2.1163657e+01
   2.1169447e+01
   2.1175231e+01
   2.1181002e+01
   2.1186762e+01
   2.1192517e+01
   2.1198264e+01
   2.1204001e+01
   2.1209728e+01
   2.1215446e+01
   2.1221155e+01
   2.1226856e+01
   2.1232549e+01
   2.1238234e+01
   2.1243906e+01
   2.1249570e+01
   2.1255227e+01
   2.1260877e+01
   2.1266513e+01
   2.1272141e+01
   2.1277763e+01
   2.1283376e+01
   2.1288979e+01
   2.1294572e+01
   2.1300157e+01
   2.1305733e+01
   2.1311301e+01
   2.1316861e+01
   2.1322414e+01
   2.1327959e+01
   2.1333493e+01
   2.1339019e+01
   2.1344535e+01
   2.1350045e+01
   2.1355545e+01
   2.1361041e+01
   2.1366527e+01
   2.1372002e+01
   2.1377467e+01
   2.1382924e+01
   2.1388373e+01
   2.1393814e+01
   2.1399248e+01
   2.1404675e+01
   2.1410090e+01
   2.1415493e+01
   2.1420889e+01
   2.1426278e+01
   2.1431659e+01
   2.1437034e+01
   2.1442399e+01
   2.1447758e+01
   2.1453112e+01
   2.1458452e+01
   2.1463786e+01
   2.1469115e+01
   2.1474431e+01
   2.1479738e+01
   2.1485039e+01
   2.1490331e+01
   2.1495614e+01
   2.1500893e+01
   2.1506161e+01
   2.1511423e+01
   2.1516675e+01
   2.1521921e+01
   2.1527158e+01
   2.1532388e+01
   2.1537610e+01
   2.1542821e+01
   2.1548025e+01
   2.1553222e+01
   2.1558410e+01
   2.1563592e+01
   2.1568766e+01
   2.1573934e+01
   2.1579091e+01
   2.1584238e+01
   2.1589383e+01
   2.1594518e+01
   2.1599642e+01
   2.1604759e+01
   2.1609873e+01
   2.1614978e+01
   2.1620074e+01
   2.1625163e+01
   2.1630245e+01
   2.1635319e+01
   2.1640386e+01
   2.1645443e+01
   2.1650493e+01
   2.1655536e+01
   2.1660572e+01
   2.1665601e+01
   2.1670622e+01
   2.1675634e+01
   2.1680639e+01
   2.1685631e+01
   2.1690621e+01
   2.1695604e+01
   2.1700580e+01
   2.1705546e+01
   2.1710501e+01
   2.1715454e+01
   2.1720399e+01
   2.1725335e+01
   2.1730265e+01
   2.1735184e+01
   2.1740100e+01
   2.1745004e+01
   2.1749906e+01
   2.1754799e+01
   2.1759680e+01
   2.1764559e+01
   2.1769430e+01
   2.1774293e+01
   2.1779149e+01
   2.1783999e+01
   2.1788841e+01
   2.1793677e+01
   2.1798505e+01
   2.1803325e+01
   2.1808132e+01
   2.1812933e+01
   2.1817728e+01
   2.1822516e+01
   2.1827296e+01
   2.1832071e+01
   2.1836840e+01
   2.1841600e+01
   2.1846356e+01
   2.1851101e+01
   2.1855838e+01
   2.1860570e+01
   2.1865294e+01
   2.1870017e+01
   2.1874731e+01
   2.1879434e+01
   2.1884134e+01
   2.1888821e+01
   2.1893506e+01
   2.1898185e+01
   2.1902855e+01
   2.1907516e+01
   2.1912173e+01
   2.1916819e+01
   2.1921459e+01
   2.1926098e+01
   2.1930723e+01
   2.1935343e+01
   2.1939955e+01
   2.1944558e+01
   2.1949156e+01
   2.1953745e+01
   2.1958329e+01
   2.1962905e+01
   2.1967477e+01
   2.1972039e+01
   2.1976597e+01
   2.1981149e+01
   2.1985693e+01
   2.1990232e+01
   2.1994760e+01
   2.1999284e+01
   2.2003801e+01
   2.2008315e+01
   2.2012817e+01
   2.2017318e+01
   2.2021807e+01
   2.2026290e+01
   2.2030763e+01
   2.2035228e+01
   2.2039688e+01
   2.2044143e+01
   2.2048591e+01
   2.2053033e+01
   2.2057467e+01
   2.2061893e+01
   2.2066315e+01
   2.2070727e+01
   2.2075131e+01
   2.2079530e+01
   2.2083924e+01
   2.2088309e+01
   2.2092689e+01
   2.2097063e+01
   2.2101429e+01
   2.2105791e+01
   2.2110143e+01
   2.2114490e+01
   2.2118827e+01
   2.2123159e+01
   2.2127484e+01
   2.2131801e+01
   2.2136113e+01
   2.2140419e+01
   2.2144722e+01
   2.2149017e+01
   2.2153299e+01
   2.2157578e+01
   2.2161845e+01
   2.2166109e+01
   2.2170368e+01
   2.2174618e+01
   2.2178867e+01
   2.2183105e+01
   2.2187337e+01
   2.2191560e+01
   2.2195779e+01
   2.2199989e+01
   2.2204196e+01
   2.2208395e+01
   2.2212588e+01
   2.2216774e+01
   2.2220956e+01
   2.2225127e+01
   2.2229291e+01
   2.2233450e+01
   2.2237601e+01
   2.2241745e+01
   2.2245886e+01
   2.2250019e+01
   2.2254143e+01
   2.2258260e+01
   2.2262376e+01
   2.2266482e+01
   2.2270581e+01
   2.2274670e+01
   2.2278755e+01
   2.2282836e+01
   2.2286910e+01
   2.2290974e+01
   2.2295033e+01
   2.2299092e+01
   2.2303140e+01
   2.2307181e+01
   2.2311214e+01
   2.2315241e+01
   2.2319265e+01
   2.2323280e+01
   2.2327293e+01
   2.2331297e+01
   2.2335292e+01
   2.2339284e+01
   2.2343265e+01
   2.2347240e+01
   2.2351211e+01
   2.2355173e+01
   2.2359131e+01
   2.2363081e+01
   2.2367026e+01
   2.2370962e+01
   2.2374895e+01
   2.2378819e+01
   2.2382734e+01
   2.2386645e+01
   2.2390549e+01
   2.2394448e+01
   2.2398345e+01
   2.2402231e+01
   2.2406106e+01
   2.2409982e+01
   2.2413849e+01
   2.2417707e+01
   2.2421560e+01
   2.2425407e+01
   2.2429244e+01
   2.2433072e+01
   2.2436899e+01
   2.2440720e+01
   2.2444534e+01
   2.2448340e+01
   2.2452141e+01
   2.2455931e+01
   2.2459719e+01
   2.2463503e+01
   2.2467281e+01
   2.2471051e+01
   2.2474814e+01
   2.2478573e+01
   2.2482322e+01
   2.2486069e+01
   2.2489803e+01
   2.2493534e+01
   2.2497255e+01
   2.2500972e+01
   2.2504681e+01
   2.2508385e+01
   2.2512085e+01
   2.2515776e+01
   2.2519460e+01
   2.2523138e+01
   2.2526809e+01
   2.2530478e+01
   2.2534134e+01
   2.2537787e+01
   2.2541435e+01
   2.2545075e+01
   2.2548708e+01
   2.2552341e+01
   2.2555963e+01
   2.2559579e+01
   2.2563182e+01
   2.2566777e+01
   2.2570373e+01
   2.2573962e+01
   2.2577546e+01
   2.2581118e+01
   2.2584684e+01
   2.2588249e+01
   2.2591807e+01
   2.2595354e+01
   2.2598893e+01
   2.2602438e+01
   2.2605969e+01
   2.2609496e+01
   2.2613007e+01
   2.2616514e+01
   2.2620021e+01
   2.2623520e+01
   2.2627011e+01
   2.2630497e+01
   2.2633976e+01
   2.2637449e+01
   2.2640920e+01
   2.2644384e+01
   2.2647839e+01
   2.2651282e+01
   2.2654726e+01
   2.2658160e+01
   2.2661593e+01
   2.2665016e+01
   2.2668427e+01
   2.2671838e+01
   2.2675242e+01
   2.2678638e+01
   2.2682026e+01
   2.2685413e+01
   2.2688789e+01
   2.2692157e+01
   2.2695517e+01
   2.2698876e+01
   2.2702225e+01
   2.2705569e+01
   2.2708912e+01
   2.2712241e+01
   2.2715566e+01
   2.2718883e+01
   2.2722192e+01
   2.2725494e+01
   2.2728789e+01
   2.2732078e+01
   2.2735361e+01
   2.2738640e+01
   2.2741915e+01
   2.2745180e+01
   2.2748439e+01
   2.2751699e+01
   2.2754944e+01
   2.2758192e+01
   2.2761423e+01
   2.2764645e+01
   2.2767864e+01
   2.2771078e+01
   2.2774282e+01
   2.2777482e+01
   2.2780679e+01
   2.2783864e+01
   2.2787048e+01
   2.2790221e+01
   2.2793393e+01
   2.2796553e+01
   2.2799708e+01
   2.2802852e+01
   2.2805998e+01
   2.2809132e+01
   2.2812263e+01
   2.2815385e+01
   2.2818502e+01
   2.2821608e+01
   2.2824710e+01
   2.2827805e+01
   2.2830890e+01
   2.2833969e+01
   2.2837045e+01
   2.2840112e+01
   2.2843175e+01
   2.2846228e+01
   2.2849279e+01
   2.2852323e+01
   2.2855360e+01
   2.2858384e+01
   2.2861404e+01
   2.2864423e+01
   2.2867435e+01
   2.2870438e+01
   2.2873436e+01
   2.2876426e+01
   2.2879412e+01
   2.2882384e+01
   2.2885351e+01
   2.2888314e+01
   2.2891270e+01
   2.2894217e+01
   2.2897155e+01
   2.2900085e+01
   2.2903014e+01
   2.2905931e+01
   2.2908849e+01
   2.2911758e+01
   2.2914664e+01
   2.2917557e+01
   2.2920450e+01
   2.2923330e+01
   2.2926209e+01
   2.2929074e+01
   2.2931936e+01
   2.2934791e+01
   2.2937641e+01
   2.2940483e+01
   2.2943314e+01
   2.2946137e+01
   2.2948960e+01
   2.2951774e+01
   2.2954582e+01
   2.2957381e+01
   2.2960172e+01
   2.2962950e+01
   2.2965732e+01
   2.2968503e+01
   2.2971265e+01
   2.2974020e+01
   2.2976768e+01
   2.2979505e+01
   2.2982243e+01
   2.2984974e+01
   2.2987698e+01
   2.2990415e+01
   2.2993127e+01
   2.2995830e+01
   2.2998523e+01
   2.3001210e+01
   2.3003890e+01
   2.3006564e+01
   2.3009234e+01
   2.3011894e+01
   2.3014546e+01
   2.3017191e+01
   2.3019839e+01
   2.3022467e+01
   2.3025090e+01
   2.3027705e+01
   2.3030315e+01
   2.3032919e+01
   2.3035514e+01
   2.3038104e+01
   2.3040688e+01
   2.3043263e+01
   2.3045831e+01
   2.3048394e+01
   2.3050949e+01
   2.3053495e+01
   2.3056035e+01
   2.3058568e+01
   2.3061093e+01
   2.3063610e+01
   2.3066119e+01
   2.3068621e+01
   2.3071117e+01
   2.3073607e+01
   2.3076088e+01
   2.3078561e+01
   2.3081022e+01
   2.3083474e+01
   2.3085927e+01
   2.3088369e+01
   2.3090801e+01
   2.3093234e+01
   2.3095659e+01
   2.3098074e+01
   2.3100483e+01
   2.3102881e+01
   2.3105274e+01
   2.3107660e+01
   2.3110038e+01
   2.3112410e+01
   2.3114773e+01
   2.3117125e+01
   2.3119474e+01
   2.3121814e+01
   2.3124147e+01
   2.3126472e+01
   2.3128791e+01
   2.3131102e+01
   2.3133404e+01
   2.3135701e+01
   2.3137987e+01
   2.3140261e+01
   2.3142534e+01
   2.3144800e+01
   2.3147057e+01
   2.3149307e+01
   2.3151547e+01
   2.3153776e+01
   2.3156000e+01
   2.3158214e+01
   2.3160424e+01
   2.3162623e+01
   2.3164816e+01
   2.3167000e+01
   2.3169185e+01
   2.3171354e+01
   2.3173521e+01
   2.3175678e+01
   2.3177827e+01
   2.3179964e+01
   2.3182095e+01
   2.3184215e+01
   2.3186332e+01
   2.3188438e+01
   2.3190534e+01
   2.3192623e+01
   2.3194704e+01
   2.3196778e+01
   2.3198843e+01
   2.3200906e+01
   2.3202958e+01
   2.3205004e+01
   2.3207042e+01
   2.3209070e+01
   2.3211090e+01
   2.3213099e+01
   2.3215100e+01
   2.3217094e+01
   2.3219079e+01
   2.3221058e+01
   2.3223029e+01
   2.3224992e+01
   2.3226945e+01
   2.3228890e+01
   2.3230824e+01
   2.3232757e+01
   2.3234676e+01
   2.3236583e+01
   2.3238483e+01
   2.3240376e+01
   2.3242266e+01
   2.3244142e+01
   2.3246011e+01
   2.3247869e+01
   2.3249720e+01
   2.3251557e+01
   2.3253391e+01
   2.3255211e+01
   2.3257031e+01
   2.3258841e+01
   2.3260637e+01
   2.3262429e+01
   2.3264208e+01
   2.3265984e+01
   2.3267746e+01
   2.3269505e+01
   2.3271250e+01
   2.3272983e+01
   2.3274709e+01
   2.3276428e+01
   2.3278138e+01
   2.3279837e+01
   2.3281530e+01
   2.3283213e+01
   2.3284884e+01
   2.3286553e+01
   2.3288212e+01
   2.3289856e+01
   2.3291493e+01
   2.3293123e+01
   2.3294739e+01
   2.3296351e+01
   2.3297949e+01
   2.3299539e+01
   2.3301121e+01
   2.3302697e+01
   2.3304258e+01
   2.3305811e+01
   2.3307351e+01
   2.3308881e+01
   2.3310401e+01
   2.3311911e+01
   2.3313412e+01
   2.3314908e+01
   2.3316394e+01
   2.3317872e+01
   2.3319338e+01
   2.3320795e+01
   2.3322244e+01
   2.3323680e+01
   2.3325105e+01
   2.3326524e+01
   2.3327929e+01
   2.3329323e+01
   2.3330711e+01
   2.3332089e+01
   2.3333460e+01
   2.3334814e+01
   2.3336161e+01
   2.3337500e+01
   2.3338827e+01
   2.3340143e+01
   2.3341450e+01
   2.3342742e+01
   2.3344022e+01
   2.3345295e+01
   2.3346562e+01
   2.3347815e+01
   2.3349059e+01
   2.3350291e+01
   2.3351518e+01
   2.3352735e+01
   2.3353936e+01
   2.3355125e+01
   2.3356304e+01
   2.3357472e+01
   2.3358630e+01
   2.3359780e+01
   2.3360917e+01
   2.3362043e+01
   2.3363154e+01
   2.3364261e+01
   2.3365352e+01
   2.3366437e+01
   2.3367507e+01
   2.3368567e+01
   2.3369617e+01
   2.3370655e+01
   2.3371685e+01
   2.3372696e+01
   2.3373704e+01
   2.3374695e+01
   2.3375675e+01
   2.3376649e+01
   2.3377603e+01
   2.3378549e+01
   2.3379481e+01
   2.3380402e+01
   2.3381315e+01
   2.3382213e+01
   2.3383099e+01
   2.3383974e+01
   2.3384836e+01
   2.3385687e+01
   2.3386529e+01
   2.3387356e+01
   2.3388172e+01
   2.3388976e+01
   2.3389767e+01
   2.3390545e+01
   2.3391312e+01
   2.3392066e+01
   2.3392808e+01
   2.3393537e+01
   2.3394254e+01
   2.3394958e+01
   2.3395645e+01
   2.3396326e+01
   2.3396992e+01
   2.3397645e+01
   2.3398286e+01
   2.3398914e+01
   2.3399529e+01
   2.3400126e+01
   2.3400715e+01
   2.3401290e+01
   2.3401850e+01
   2.3402398e+01
   2.3402936e+01
   2.3403461e+01
   2.3403968e+01
   2.3404465e+01
   2.3404949e+01
   2.3405415e+01
   2.3405871e+01
   2.3406314e+01
   2.3406744e+01
   2.3407160e+01
   2.3407561e+01
   2.3407948e+01
   2.3408316e+01
   2.3408681e+01
   2.3409027e+01
   2.3409359e+01
   2.3409675e+01
   2.3409977e+01
   2.3410264e+01
   2.3410537e+01
   2.3410795e+01
   2.3411040e+01
   2.3411272e+01
   2.3411486e+01
   2.3411685e+01
   2.3411865e+01
   2.3412036e+01
   2.3412192e+01
   2.3412332e+01
   2.3412455e+01
   2.3412564e+01
   2.3412658e+01
   2.3412739e+01
   2.3412797e+01
   2.3412847e+01
   2.3412877e+01
   2.3412895e+01
   2.3412904e+01
   2.3412897e+01
   2.3412867e+01
   2.3412822e+01
   2.3412765e+01
   2.3412695e+01
   2.3412601e+01
   2.3412492e+01
   2.3412362e+01
   2.3412229e+01
   2.3412070e+01
   2.3411897e+01
   2.3411701e+01
   2.3411492e+01
   2.3411267e+01
   2.3411023e+01
   2.3410755e+01
   2.3410480e+01
   2.3410180e+01
   2.3409871e+01
   2.3409543e+01
   2.3409198e+01
   2.3408836e+01
   2.3408459e+01
   2.3408065e+01
   2.3407649e+01
   2.3407219e+01
   2.3406778e+01
   2.3406308e+01
   2.3405826e+01
   2.3405320e+01
   2.3404796e+01
   2.3404245e+01
   2.3403685e+01
   2.3403112e+01
   2.3402518e+01
   2.3401910e+01
   2.3401273e+01
   2.3400623e+01
   2.3399952e+01
   2.3399259e+01
   2.3398548e+01
   2.3397817e+01
   2.3397068e+01
   2.3396292e+01
   2.3395501e+01
   2.3394692e+01
   2.3393876e+01
   2.3393028e+01
   2.3392159e+01
   2.3391272e+01
   2.3390371e+01
   2.3389448e+01
   2.3388508e+01
   2.3387539e+01
   2.3386556e+01
   2.3385555e+01
   2.3384523e+01
   2.3383468e+01
   2.3382395e+01
   2.3381292e+01
   2.3380177e+01
   2.3379048e+01
   2.3377895e+01
   2.3376716e+01
   2.3375518e+01
   2.3374300e+01
   2.3373057e+01
   2.3371789e+01
   2.3370510e+01
   2.3369202e+01
   2.3367876e+01
   2.3366523e+01
   2.3365144e+01
   2.3363754e+01
   2.3362336e+01
   2.3360895e+01
   2.3359435e+01
   2.3357948e+01
   2.3356438e+01
   2.3354905e+01
   2.3353345e+01
   2.3351773e+01
   2.3350168e+01
   2.3348533e+01
   2.3346883e+01
   2.3345205e+01
   2.3343508e+01
   2.3341786e+01
   2.3340044e+01
   2.3338273e+01
   2.3336471e+01
   2.3334646e+01
   2.3332798e+01
   2.3330932e+01
   2.3329039e+01
   2.3327121e+01
   2.3325178e+01
   2.3323208e+01
   2.3321219e+01
   2.3319199e+01
   2.3317149e+01
   2.3315078e+01
   2.3312983e+01
   2.3310860e+01
   2.3308712e+01
   2.3306535e+01
   2.3304329e+01
   2.3302098e+01
   2.3299840e+01
   2.3297555e+01
   2.3295243e+01
   2.3292904e+01
   2.3290546e+01
   2.3288156e+01
   2.3285737e+01
   2.3283288e+01
   2.3280814e+01
   2.3278310e+01
   2.3275783e+01
   2.3273224e+01
   2.3270633e+01
   2.3268015e+01
   2.3265371e+01
   2.3262705e+01
   2.3260005e+01
   2.3257276e+01
   2.3254517e+01
   2.3251722e+01
   2.3248908e+01
   2.3246059e+01
   2.3243178e+01
   2.3240271e+01
   2.3237330e+01
   2.3234367e+01
   2.3231371e+01
   2.3228346e+01
   2.3225288e+01
   2.3222198e+01
   2.3219077e+01
   2.3215930e+01
   2.3212756e+01
   2.3209541e+01
   2.3206295e+01
   2.3203025e+01
   2.3199715e+01
   2.3196374e+01
   2.3193004e+01
   2.3189598e+01
   2.3186171e+01
   2.3182699e+01
   2.3179195e+01
   2.3175659e+01
   2.3172089e+01
   2.3168490e+01
   2.3164856e+01
   2.3161189e+01
   2.3157488e+01
   2.3153755e+01
   2.3149988e+01
   2.3146184e+01
   2.3142344e+01
   2.3138471e+01
   2.3134569e+01
   2.3130628e+01
   2.3126660e+01
   2.3122651e+01
   2.3118604e+01
   2.3114523e+01
   2.3110407e+01
   2.3106251e+01
   2.3102067e+01
   2.3097842e+01
   2.3093593e+01
   2.3089301e+01
   2.3084972e+01
   2.3080602e+01
   2.3076199e+01
   2.3071759e+01
   2.3067287e+01
   2.3062776e+01
   2.3058228e+01
   2.3053641e+01
   2.3049014e+01
   2.3044351e+01
   2.3039652e+01
   2.3034916e+01
   2.3030136e+01
   2.3025312e+01
   2.3020460e+01
   2.3015569e+01
   2.3010637e+01
   2.3005662e+01
   2.3000646e+01
   2.2995596e+01
   2.2990508e+01
   2.2985380e+01
   2.2980216e+01
   2.2975015e+01
   2.2969764e+01
   2.2964477e+01
   2.2959149e+01
   2.2953774e+01
   2.2948366e+01
   2.2942916e+01
   2.2937417e+01
   2.2931877e+01
   2.2926294e+01
   2.2920674e+01
   2.2915006e+01
   2.2909304e+01
   2.2903556e+01
   2.2897763e+01
   2.2891929e+01
   2.2886052e+01
   2.2880131e+01
   2.2874166e+01
   2.2868154e+01
   2.2862111e+01
   2.2856016e+01
   2.2849874e+01
   2.2843689e+01
   2.2837458e+01
   2.2831185e+01
   2.2824868e+01
   2.2818504e+01
   2.2812097e+01
   2.2805646e+01
   2.2799151e+01
   2.2792609e+01
   2.2786016e+01
   2.2779374e+01
   2.2772690e+01
   2.2765962e+01
   2.2759181e+01
   2.2752356e+01
   2.2745483e+01
   2.2738566e+01
   2.2731605e+01
   2.2724596e+01
   2.2717534e+01
   2.2710426e+01
   2.2703267e+01
   2.2696060e+01
   2.2688804e+01
   2.2681498e+01
   2.2674142e+01
   2.2666735e+01
   2.2659282e+01
   2.2651778e+01
   2.2644227e+01
   2.2636624e+01
   2.2628970e+01
   2.2621262e+01
   2.2613506e+01
   2.2605702e+01
   2.2597846e+01
   2.2589935e+01
   2.2581974e+01
   2.2573958e+01
   2.2565895e+01
   2.2557780e+01
   2.2549608e+01
   2.2541381e+01
   2.2533105e+01
   2.2524773e+01
   2.2516393e+01
   2.2507955e+01
   2.2499463e+01
   2.2490917e+01
   2.2482318e+01
   2.2473665e+01
   2.2464954e+01
   2.2456190e+01
   2.2447370e+01
   2.2438495e+01
   2.2429564e+01
   2.2420573e+01
   2.2411529e+01
   2.2402428e+01
   2.2393268e+01
   2.2384054e+01
   2.2374782e+01
   2.2365450e+01
   2.2356063e+01
   2.2346616e+01
   2.2337116e+01
   2.2327555e+01
   2.2317935e+01
   2.2308253e+01
   2.2298515e+01
   2.2288715e+01
   2.2278857e+01
   2.2268942e+01
   2.2258965e+01
   2.2248928e+01
   2.2238829e+01
   2.2228672e+01
   2.2218451e+01
   2.2208169e+01
   2.2197824e+01
   2.2187419e+01
   2.2176953e+01
   2.2166422e+01
   2.2155831e+01
   2.2145174e+01
   2.2134457e+01
   2.2123673e+01
   2.2112824e+01
   2.2101913e+01
   2.2090936e+01
   2.2079893e+01
   2.2068790e+01
   2.2057619e+01
   2.2046385e+01
   2.2035082e+01
   2.2023713e+01
   2.2012280e+01
   2.2000781e+01
   2.1989215e+01
   2.1977585e+01
   2.1965883e+01
   2.1954116e+01
   2.1942278e+01
   2.1930374e+01
   2.1918403e+01
   2.1906364e+01
   2.1894253e+01
   2.1882075e+01
   2.1869826e+01
   2.1857505e+01
   2.1845115e+01
   2.1832657e+01
   2.1820127e+01
   2.1807526e+01
   2.1794854e+01
   2.1782112e+01
   2.1769297e+01
   2.1756411e+01
   2.1743450e+01
   2.1730420e+01
   2.1717319e+01
   2.1704143e+01
   2.1690892e+01
   2.1677570e+01
   2.1664171e+01
   2.1650697e+01
   2.1637149e+01
   2.1623526e+01
   2.1609827e+01
   2.1596055e+01
   2.1582206e+01
   2.1568280e+01
   2.1554278e+01
   2.1540200e+01
   2.1526044e+01
   2.1511811e+01
   2.1497501e+01
   2.1483114e+01
   2.1468647e+01
   2.1454101e+01
   2.1439478e+01
   2.1424778e+01
   2.1409995e+01
   2.1395132e+01
   2.1380187e+01
   2.1365163e+01
   2.1350062e+01
   2.1334877e+01
   2.1319613e+01
   2.1304265e+01
   2.1288840e+01
   2.1273326e+01
   2.1257737e+01
   2.1242060e+01
   2.1226302e+01
   2.1210461e+01
   2.1194534e+01
   2.1178522e+01
   2.1162427e+01
   2.1146246e+01
   2.1129981e+01
   2.1113629e+01
   2.1097192e+01
   2.1080670e+01
   2.1064061e+01
   2.1047364e+01
   2.1030582e+01
   2.1013713e+01
   2.0996755e+01
   2.0979711e+01
   2.0962578e+01
   2.0945359e+01
   2.0928048e+01
   2.0910649e+01
   2.0893162e+01
   2.0875585e+01
   2.0857916e+01
   2.0840156e+01
   2.0822305e+01
   2.0804363e+01
   2.0786328e+01
   2.0768203e+01
   2.0749986e+01
   2.0731675e+01
   2.0713273e+01
   2.0694776e+01
   2.0676187e+01
   2.0657506e+01
   2.0638726e+01
   2.0619854e+01
   2.0600886e+01
   2.0581821e+01
   2.0562661e+01
   2.0543407e+01
   2.0524055e+01
   2.0504605e+01
   2.0485053e+01
   2.0465417e+01
   2.0445678e+01
   2.0425841e+01
   2.0405903e+01
   2.0385870e+01
   2.0365737e+01
   2.0345501e+01
   2.0325166e+01
   2.0304730e+01
   2.0284192e+01
   2.0263552e+01
   2.0242814e+01
   2.0221974e+01
   2.0201033e+01
   2.0179990e+01
   2.0158842e+01
   2.0137590e+01
   2.0116230e+01
   2.0094770e+01
   2.0073206e+01
   2.0051539e+01
   2.0029766e+01
   2.0007886e+01
   1.9985895e+01
   1.9963802e+01
   1.9941604e+01
   1.9919302e+01
   1.9896887e+01
   1.9874365e+01
   1.9851735e+01
   1.9828996e+01
   1.9806144e+01
   1.9783191e+01
   1.9760124e+01
   1.9736951e+01
   1.9713661e+01
   1.9690263e+01
   1.9666748e+01
   1.9643118e+01
   1.9619380e+01
   1.9595528e+01
   1.9571564e+01
   1.9547484e+01
   1.9523291e+01
   1.9498988e+01
   1.9474567e+01
   1.9450029e+01
   1.9425379e+01
   1.9400608e+01
   1.9375720e+01
   1.9350715e+01
   1.9325591e+01
   1.9300350e+01
   1.9274986e+01
   1.9249509e+01
   1.9223912e+01
   1.9198193e+01
   1.9172351e+01
   1.9146390e+01
   1.9120307e+01
   1.9094106e+01
   1.9067780e+01
   1.9041329e+01
   1.9014755e+01
   1.8988057e+01
   1.8961240e+01
   1.8934293e+01
   1.8907217e+01
   1.8880018e+01
   1.8852690e+01
   1.8825239e+01
   1.8797660e+01
   1.8769954e+01
   1.8742120e+01
   1.8714160e+01
   1.8686065e+01
   1.8657844e+01
   1.8629489e+01
   1.8601007e+01
   1.8572389e+01
   1.8543639e+01
   1.8514757e+01
   1.8485742e+01
   1.8456594e+01
   1.8427311e+01
   1.8397890e+01
   1.8368334e+01
   1.8338640e+01
   1.8308814e+01
   1.8278851e+01
   1.8248751e+01
   1.8218515e+01
   1.8188136e+01
   1.8157621e+01
   1.8126966e+01
   1.8096167e+01
   1.8065229e+01
   1.8034151e+01
   1.8002928e+01
   1.7971565e+01
   1.7940053e+01
   1.7908402e+01
   1.7876608e+01
   1.7844664e+01
   1.7812575e+01
   1.7780343e+01
   1.7747960e+01
   1.7715432e+01
   1.7682753e+01
   1.7649925e+01
   1.7616949e+01
   1.7583820e+01
   1.7550542e+01
   1.7517110e+01
   1.7483530e+01
   1.7449799e+01
   1.7415916e+01
   1.7381875e+01
   1.7347680e+01
   1.7313328e+01
   1.7278820e+01
   1.7244158e+01
   1.7209339e+01
   1.7174362e+01
   1.7139225e+01
   1.7103930e+01
   1.7068476e+01
   1.7032860e+01
   1.6997084e+01
   1.6961143e+01
   1.6925041e+01
   1.6888776e+01
   1.6852354e+01
   1.6815762e+01
   1.6779004e+01
   1.6742080e+01
   1.6704991e+01
   1.6667738e+01
   1.6630318e+01
   1.6592725e+01
   1.6554959e+01
   1.6517028e+01
   1.6478929e+01
   1.6440659e+01
   1.6402218e+01
   1.6363606e+01
   1.6324816e+01
   1.6285849e+01
   1.6246714e+01
   1.6207405e+01
   1.6167918e+01
   1.6128253e+01
   1.6088412e+01
   1.6048394e+01
   1.6008199e+01
   1.5967823e+01
   1.5927272e+01
   1.5886538e+01
   1.5845624e+01
   1.5804528e+01
   1.5763249e+01
   1.5721790e+01
   1.5680149e+01
   1.5638323e+01
   1.5596313e+01
   1.5554117e+01
   1.5511740e+01
   1.5469176e+01
   1.5426424e+01
   1.5383485e+01
   1.5340356e+01
   1.5297042e+01
   1.5253538e+01
   1.5209844e+01
   1.5165960e+01
   1.5121887e+01
   1.5077626e+01
   1.5033173e+01
   1.4988530e+01
   1.4943694e+01
   1.4898666e+01
   1.4853447e+01
   1.4808033e+01
   1.4762428e+01
   1.4716629e+01
   1.4670635e+01
   1.4624446e+01
   1.4578065e+01
   1.4531486e+01
   1.4484713e+01
   1.4437744e+01
   1.4390581e+01
   1.4343222e+01
   1.4295668e+01
   1.4247918e+01
   1.4199973e+01
   1.4151830e+01
   1.4103493e+01
   1.4054960e+01
   1.4006229e+01
   1.3957301e+01
   1.3908176e+01
   1.3858857e+01
   1.3809345e+01
   1.3759637e+01
   1.3709734e+01
   1.3659632e+01
   1.3609338e+01
   1.3558851e+01
   1.3508168e+01
   1.3457289e+01
   1.3406218e+01
   1.3354959e+01
   1.3303503e+01
   1.3251855e+01
   1.3200017e+01
   1.3147991e+01
   1.3095774e+01
   1.3043367e+01
   1.2990773e+01
   1.2937990e+01
   1.2885023e+01
   1.2831871e+01
   1.2778537e+01
   1.2725019e+01
   1.2671317e+01
   1.2617436e+01
   1.2563374e+01
   1.2509135e+01
   1.2454721e+01
   1.2400131e+01
   1.2345367e+01
   1.2290431e+01
   1.2235323e+01
   1.2180045e+01
   1.2124605e+01
   1.2069000e+01
   1.2013233e+01
   1.1957304e+01
   1.1901216e+01
   1.1844971e+01
   1.1788573e+01
   1.1732022e+01
   1.1675325e+01
   1.1618480e+01
   1.1561490e+01
   1.1504358e+01
   1.1447089e+01
   1.1389683e+01
   1.1332146e+01
   1.1274480e+01
   1.1216686e+01
   1.1158770e+01
   1.1100733e+01
   1.1042581e+01
   1.0984315e+01
   1.0925939e+01
   1.0867458e+01
   1.0808874e+01
   1.0750193e+01
   1.0691417e+01
   1.0632552e+01
   1.0573601e+01
   1.0514570e+01
   1.0455460e+01
   1.0396279e+01
   1.0337028e+01
   1.0277712e+01
   1.0218339e+01
   1.0158912e+01
   1.0099435e+01
   1.0039915e+01
   9.9803544e+00
   9.9207605e+00
   9.8611395e+00
   9.8014929e+00
   9.7418276e+00
   9.6821504e+00
   9.6224681e+00
   9.5627830e+00
   9.5031011e+00
   9.4434288e+00
   9.3837744e+00
   9.3241413e+00
   9.2645372e+00
   9.2049691e+00
   9.1454375e+00
   9.0859538e+00
   9.0265215e+00
   8.9671464e+00
   8.9078366e+00
   8.8485980e+00
   8.7894387e+00
   8.7303624e+00
   8.6713793e+00
   8.6124904e+00
   8.5537044e+00
   8.4950296e+00
   8.4364712e+00
   8.3780369e+00
   8.3197327e+00
   8.2615635e+00
   8.2035381e+00
   8.1456621e+00
   8.0879412e+00
   8.0303828e+00
   7.9729935e+00
   7.9157789e+00
   7.8587486e+00
   7.8019059e+00
   7.7452580e+00
   7.6888115e+00
   7.6325731e+00
   7.5765459e+00
   7.5207383e+00
   7.4651611e+00
   7.4098123e+00
   7.3547001e+00
   7.2998342e+00
   7.2452176e+00
   7.1908580e+00
   7.1367576e+00
   7.0829241e+00
   7.0293636e+00
   6.9760804e+00
   6.9230809e+00
   6.8703694e+00
   6.8179503e+00
   6.7658300e+00
   6.7140113e+00
   6.6624996e+00
   6.6113026e+00
   6.5604222e+00
   6.5098608e+00
   6.4596246e+00
   6.4097172e+00
   6.3601447e+00
   6.3109090e+00
   6.2620138e+00
   6.2134623e+00
   6.1652599e+00
   6.1174064e+00
   6.0699071e+00
   6.0227639e+00
   5.9759807e+00
   5.9295582e+00
   5.8835009e+00
   5.8378115e+00
   5.7924904e+00
   5.7475404e+00
   5.7029626e+00
   5.6587612e+00
   5.6149352e+00
   5.5714871e+00
   5.5284178e+00
   5.4857281e+00
   5.4434203e+00
   5.4014942e+00
   5.3599512e+00
   5.3187919e+00
   5.2780163e+00
   5.2376253e+00
   5.1976175e+00
   5.1579947e+00
   5.1187555e+00
   5.0799010e+00
   5.0414289e+00
   5.0033402e+00
   4.9656342e+00
   4.9283102e+00
   4.8913675e+00
   4.8548046e+00
   4.8186191e+00
   4.7828139e+00
   4.7473839e+00
   4.7123284e+00
   4.6776476e+00
   4.6433382e+00
   4.6093998e+00
   4.5758297e+00
   4.5426261e+00
   4.5097880e+00
   4.4773127e+00
   4.4451985e+00
   4.4134425e+00
   4.3820431e+00
   4.3509978e+00
   4.3203041e+00
   4.2899601e+00
   4.2599620e+00
   4.2303085e+00
   4.2009973e+00
   4.1720239e+00
   4.1433866e+00
   4.1150837e+00
   4.0871110e+00
   4.0594664e+00
   4.0321456e+00
   4.0051467e+00
   3.9784663e+00
   3.9521022e+00
   3.9260512e+00
   3.9003095e+00
   3.8748748e+00
   3.8497444e+00
   3.8249142e+00
   3.8003814e+00
   3.7761424e+00
   3.7521945e+00
   3.7285345e+00
   3.7051595e+00
   3.6820664e+00
   3.6592513e+00
   3.6367109e+00
   3.6144430e+00
   3.5924445e+00
   3.5707103e+00
   3.5492381e+00
   3.5280260e+00
   3.5070693e+00
   3.4863653e+00
   3.4659107e+00
   3.4457028e+00
   3.4257388e+00
   3.4060150e+00
   3.3865273e+00
   3.3672733e+00
   3.3482506e+00
   3.3294565e+00
   3.3108857e+00
   3.2925369e+00
   3.2744059e+00
   3.2564910e+00
   3.2387885e+00
   3.2212961e+00
   3.2040103e+00
   3.1869280e+00
   3.1700468e+00
   3.1533631e+00
   3.1368751e+00
   3.1205796e+00
   3.1044742e+00
   3.0885557e+00
   3.0728214e+00
   3.0572679e+00
   3.0418928e+00
   3.0266941e+00
   3.0116695e+00
   2.9968156e+00
   2.9821301e+00
   2.9676098e+00
   2.9532531e+00
   2.9390571e+00
   2.9250197e+00
   2.9111379e+00
   2.8974099e+00
   2.8838334e+00
   2.8704052e+00
   2.8571236e+00
   2.8439871e+00
   2.8309919e+00
   2.8181366e+00
   2.8054186e+00
   2.7928361e+00
   2.7803878e+00
   2.7680701e+00
   2.7558816e+00
   2.7438211e+00
   2.7318848e+00
   2.7200717e+00
   2.7083796e+00
   2.6968075e+00
   2.6853524e+00
   2.6740127e+00
   2.6627872e+00
   2.6516734e+00
   2.6406700e+00
   2.6297746e+00
   2.6189859e+00
   2.6083024e+00
   2.5977220e+00
   2.5872431e+00
   2.5768646e+00
   2.5665843e+00
   2.5564007e+00
   2.5463123e+00
   2.5363180e+00
   2.5264157e+00
   2.5166043e+00
   2.5068821e+00
   2.4972474e+00
   2.4876995e+00
   2.4782369e+00
   2.4688579e+00
   2.4595655e+00
   2.7199101e+00
   2.9709177e+00
   3.2130637e+00
   3.4469166e+00
   3.6730435e+00
   3.8919904e+00
   4.1042756e+00
   4.3103778e+00
   4.5107373e+00
   4.7057546e+00
   4.8957968e+00
   5.0811950e+00
   5.2622507e+00
   5.4392400e+00
   5.6124122e+00
   5.7819983e+00
   5.9482143e+00
   6.1112658e+00
   6.2713509e+00
   6.4286705e+00
   6.5834299e+00
   6.7358482e+00
   6.8861617e+00
   7.0346361e+00
   7.1815766e+00
   7.3273332e+00
   7.4723047e+00
   7.6169615e+00
   7.7618450e+00
   7.9075834e+00
   8.0549020e+00
   8.2046256e+00
   8.3577015e+00
   8.5151886e+00
   8.6782819e+00
   8.8482825e+00
   9.0265947e+00
   9.2146684e+00
   9.4139136e+00
   9.6254946e+00
   9.8500277e+00
   1.0086895e+01
   1.0333565e+01
   1.0586566e+01
   1.0840831e+01
   1.1089312e+01
   1.1323497e+01
   1.1534630e+01
   1.1715345e+01
   1.1861045e+01
   1.1799462e+01
   1.1723065e+01
   1.1634708e+01
   1.1537919e+01
   1.1436011e+01
   1.1331859e+01
   1.1227841e+01
   1.1125833e+01
   1.1027259e+01
   1.0933150e+01
   1.0844202e+01
   1.0760837e+01
   1.0683265e+01
   1.0611524e+01
   1.0545538e+01
   1.0485126e+01
   1.0430046e+01
   1.0380015e+01
   1.0334725e+01
   1.0293853e+01
   1.0257075e+01
   1.0224071e+01
   1.0194539e+01
   1.0168177e+01
   1.0144706e+01
   1.0123865e+01
   1.0105404e+01
   1.0089103e+01
   1.0074752e+01
   1.0062162e+01
   1.0051154e+01
   1.0041566e+01
   1.0033251e+01
   1.0026083e+01
   1.0019942e+01
   1.0014719e+01
   1.0010316e+01
   1.0006645e+01
   1.0003632e+01
   1.0001199e+01
   9.9992888e+00
   9.9978433e+00
   9.9968094e+00
   9.9961439e+00
   9.9958050e+00
   9.9957566e+00
   9.9959645e+00
   9.9964040e+00
   9.9970478e+00
   9.9978735e+00
   9.9988553e+00
   9.9999821e+00
   1.0001241e+01
   1.0002607e+01
   1.0004079e+01
   1.0005639e+01
   1.0007280e+01
   1.0008993e+01
   1.0010769e+01
   1.0012600e+01
   1.0014483e+01
   1.0016410e+01
   1.0018377e+01
   1.0020381e+01
   1.0022418e+01
   1.0024484e+01
   1.0026573e+01
   1.0028688e+01
   1.0030827e+01
   1.0032986e+01
   1.0035163e+01
   1.0037356e+01
   1.0039569e+01
   1.0041796e+01
   1.0044034e+01
   1.0046290e+01
   1.0048560e+01
   1.0050842e+01
   1.0053134e+01
   1.0055437e+01
   1.0057751e+01
   1.0060079e+01
   1.0062415e+01
   1.0064762e+01
   1.0067119e+01
   1.0069487e+01
   1.0071865e+01
   1.0074253e+01
   1.0076650e+01
   1.0079057e+01
   1.0081475e+01
   1.0083901e+01
   1.0086338e+01
   1.0088785e+01
   1.0091244e+01
   1.0093713e+01
   1.0096187e+01
   1.0098672e+01
   1.0101168e+01
   1.0103676e+01
   1.0106191e+01
   1.0108715e+01
   1.0111249e+01
   1.0113794e+01
   1.0116349e+01
   1.0118915e+01
   1.0121490e+01
   1.0124075e+01
   1.0126671e+01
   1.0129277e+01
   1.0131893e+01
   1.0134519e+01
   1.0137156e+01
   1.0139803e+01
   1.0142462e+01
   1.0145131e+01
   1.0147808e+01
   1.0150496e+01
   1.0153193e+01
   1.0155901e+01
   1.0158620e+01
   1.0161349e+01
   1.0164091e+01
   1.0166843e+01
   1.0169602e+01
   1.0172375e+01
   1.0175157e+01
   1.0177946e+01
   1.0180746e+01
   1.0183560e+01
   1.0186384e+01
   1.0189214e+01
   1.0192056e+01
   1.0194910e+01
   1.0197775e+01
   1.0200647e+01
   1.0203530e+01
   1.0206424e+01
   1.0209327e+01
   1.0212241e+01
   1.0215165e+01
   1.0218101e+01
   1.0221045e+01
   1.0224001e+01
   1.0226967e+01
   1.0229942e+01
   1.0232931e+01
   1.0235927e+01
   1.0238934e+01
   1.0241950e+01
   1.0244978e+01
   1.0248015e+01
   1.0251063e+01
   1.0254121e+01
   1.0257190e+01
   1.0260267e+01
   1.0263355e+01
   1.0266455e+01
   1.0269565e+01
   1.0272684e+01
   1.0275813e+01
   1.0278953e+01
   1.0282107e+01
   1.0285267e+01
   1.0288438e+01
   1.0291619e+01
   1.0294811e+01
   1.0298011e+01
   1.0301221e+01
   1.0304442e+01
   1.0307672e+01
   1.0310914e+01
   1.0314168e+01
   1.0317429e+01
   1.0320702e+01
   1.0323983e+01
   1.0327277e+01
   1.0330578e+01
   1.0333892e+01
   1.0337217e+01
   1.0340550e+01
   1.0343891e+01
   1.0347244e+01
   1.0350608e+01
   1.0353983e+01
   1.0357368e+01
   1.0360762e+01
   1.0364165e+01
   1.0367579e+01
   1.0371003e+01
   1.0374437e+01
   1.0377881e+01
   1.0381336e+01
   1.0384801e+01
   1.0388276e+01
   1.0391765e+01
   1.0395259e+01
   1.0398764e+01
   1.0402279e+01
   1.0405804e+01
   1.0409339e+01
   1.0412885e+01
   1.0416443e+01
   1.0420008e+01
   1.0423584e+01
   1.0427170e+01
   1.0430766e+01
   1.0434373e+01
   1.0437992e+01
   1.0441618e+01
   1.0445254e+01
   1.0448904e+01
   1.0452562e+01
   1.0456230e+01
   1.0459909e+01
   1.0463599e+01
   1.0467298e+01
   1.0471007e+01
   1.0474727e+01
   1.0478456e+01
   1.0482195e+01
   1.0485945e+01
   1.0489704e+01
   1.0493473e+01
   1.0497252e+01
   1.0501039e+01
   1.0504838e+01
   1.0508648e+01
   1.0512466e+01
   1.0516298e+01
   1.0520135e+01
   1.0523984e+01
   1.0527844e+01
   1.0531713e+01
   1.0535596e+01
   1.0539487e+01
   1.0543386e+01
   1.0547298e+01
   1.0551218e+01
   1.0555150e+01
   1.0559092e+01
   1.0563042e+01
   1.0567004e+01
   1.0570977e+01
   1.0574956e+01
   1.0578949e+01
   1.0582951e+01
   1.0586967e+01
   1.0590988e+01
   1.0595024e+01
   1.0599068e+01
   1.0603121e+01
   1.0607186e+01
   1.0611260e+01
   1.0615344e+01
   1.0619440e+01
   1.0623545e+01
   1.0627660e+01
   1.0631785e+01
   1.0635923e+01
   1.0640068e+01
   1.0644227e+01
   1.0648393e+01
   1.0652573e+01
   1.0656764e+01
   1.0660963e+01
   1.0665174e+01
   1.0669393e+01
   1.0673625e+01
   1.0677865e+01
   1.0682117e+01
   1.0686377e+01
   1.0690647e+01
   1.0694929e+01
   1.0699222e+01
   1.0703523e+01
   1.0707834e+01
   1.0712156e+01
   1.0716487e+01
   1.0720831e+01
   1.0725183e+01
   1.0729549e+01
   1.0733927e+01
   1.0738313e+01
   1.0742710e+01
   1.0747117e+01
   1.0751531e+01
   1.0755959e+01
   1.0760395e+01
   1.0764844e+01
   1.0769303e+01
   1.0773772e+01
   1.0778254e+01
   1.0782746e+01
   1.0787248e+01
   1.0791760e+01
   1.0796283e+01
   1.0800817e+01
   1.0805361e+01
   1.0809914e+01
   1.0814479e+01
   1.0819055e+01
   1.0823641e+01
   1.0828238e+01
   1.0832845e+01
   1.0837464e+01
   1.0842093e+01
   1.0846734e+01
   1.0851384e+01
   1.0856045e+01
   1.0860716e+01
   1.0865401e+01
   1.0870094e+01
   1.0874800e+01
   1.0879517e+01
   1.0884246e+01
   1.0888984e+01
   1.0893733e+01
   1.0898493e+01
   1.0903259e+01
   1.0908039e+01
   1.0912830e+01
   1.0917632e+01
   1.0922446e+01
   1.0927269e+01
   1.0932103e+01
   1.0936949e+01
   1.0941804e+01
   1.0946670e+01
   1.0951549e+01
   1.0956437e+01
   1.0961336e+01
   1.0966248e+01
   1.0971165e+01
   1.0976097e+01
   1.0981039e+01
   1.0985994e+01
   1.0990961e+01
   1.0995934e+01
   1.1000921e+01
   1.1005917e+01
   1.1010923e+01
   1.1015942e+01
   1.1020971e+01
   1.1026013e+01
   1.1031062e+01
   1.1036126e+01
   1.1041202e+01
   1.1046288e+01
   1.1051383e+01
   1.1056492e+01
   1.1061611e+01
   1.1066742e+01
   1.1071884e+01
   1.1077034e+01
   1.1082199e+01
   1.1087376e+01
   1.1092563e+01
   1.1097760e+01
   1.1102966e+01
   1.1108188e+01
   1.1113422e+01
   1.1118661e+01
   1.1123916e+01
   1.1129183e+01
   1.1134456e+01
   1.1139743e+01
   1.1145041e+01
   1.1150350e+01
   1.1155671e+01
   1.1161004e+01
   1.1166346e+01
   1.1171704e+01
   1.1177073e+01
   1.1182452e+01
   1.1187840e+01
   1.1193243e+01
   1.1198650e+01
   1.1204073e+01
   1.1209509e+01
   1.1214955e+01
   1.1220410e+01
   1.1225880e+01
   1.1231361e+01
   1.1236855e+01
   1.1242357e+01
   1.1247873e+01
   1.1253401e+01
   1.1258937e+01
   1.1264487e+01
   1.1270046e+01
   1.1275618e+01
   1.1281201e+01
   1.1286795e+01
   1.1292400e+01
   1.1298020e+01
   1.1303651e+01
   1.1309292e+01
   1.1314947e+01
   1.1320614e+01
   1.1326291e+01
   1.1331980e+01
   1.1337681e+01
   1.1343394e+01
   1.1349115e+01
   1.1354848e+01
   1.1360592e+01
   1.1366349e+01
   1.1372121e+01
   1.1377901e+01
   1.1383692e+01
   1.1389496e+01
   1.1395314e+01
   1.1401141e+01
   1.1406979e+01
   1.1412829e+01
   1.1418693e+01
   1.1424567e+01
   1.1430455e+01
   1.1436355e+01
   1.1442266e+01
   1.1448189e+01
   1.1454123e+01
   1.1460066e+01
   1.1466021e+01
   1.1471988e+01
   1.1477967e+01
   1.1483957e+01
   1.1489962e+01
   1.1495974e+01
   1.1501998e+01
   1.1508037e+01
   1.1514088e+01
   1.1520149e+01
   1.1526221e+01
   1.1532304e+01
   1.1538400e+01
   1.1544509e+01
   1.1550631e+01
   1.1556763e+01
   1.1562906e+01
   1.1569062e+01
   1.1575230e+01
   1.1581408e+01
   1.1587600e+01
   1.1593805e+01
   1.1600023e+01
   1.1606250e+01
   1.1612490e+01
   1.1618741e+01
   1.1625002e+01
   1.1631276e+01
   1.1637563e+01
   1.1643858e+01
   1.1650167e+01
   1.1656485e+01
   1.1662819e+01
   1.1669159e+01
   1.1675514e+01
   1.1681882e+01
   1.1688259e+01
   1.1694650e+01
   1.1701050e+01
   1.1707464e+01
   1.1713889e+01
   1.1720327e+01
   1.1726776e+01
   1.1733234e+01
   1.1739704e+01
   1.1746186e+01
   1.1752681e+01
   1.1759188e+01
   1.1765706e+01
   1.1772235e+01
   1.1778776e+01
   1.1785329e+01
   1.1791893e+01
   1.1798468e+01
   1.1805055e+01
   1.1811655e+01
   1.1818265e+01
   1.1824887e+01
   1.1831521e+01
   1.1838163e+01
   1.1844817e+01
   1.1851484e+01
   1.1858162e+01
   1.1864849e+01
   1.1871549e+01
   1.1878262e+01
   1.1884979e+01
   1.1891712e+01
   1.1898454e+01
   1.1905211e+01
   1.1911977e+01
   1.1918756e+01
   1.1925547e+01
   1.1932348e+01
   1.1939160e+01
   1.1945983e+01
   1.1952817e+01
   1.1959663e+01
   1.1966521e+01
   1.1973386e+01
   1.1980264e+01
   1.1987153e+01
   1.1994051e+01
   1.2000962e+01
   1.2007880e+01
   1.2014811e+01
   1.2021754e+01
   1.2028707e+01
   1.2035669e+01
   1.2042645e+01
   1.2049629e+01
   1.2056624e+01
   1.2063629e+01
   1.2070645e+01
   1.2077671e+01
   1.2084710e+01
   1.2091758e+01
   1.2098818e+01
   1.2105884e+01
   1.2112963e+01
   1.2120048e+01
   1.2127145e+01
   1.2134253e+01
   1.2141370e+01
   1.2148498e+01
   1.2155638e+01
   1.2162789e+01
   1.2169949e+01
   1.2177120e+01
   1.2184300e+01
   1.2191489e+01
   1.2198687e+01
   1.2205893e+01
   1.2213111e+01
   1.2220338e+01
   1.2227575e+01
   1.2234822e+01
   1.2242077e+01
   1.2249341e+01
   1.2256616e+01
   1.2263897e+01
   1.2271189e+01
   1.2278493e+01
   1.2285805e+01
   1.2293121e+01
   1.2300449e+01
   1.2307786e+01
   1.2315134e+01
   1.2322490e+01
   1.2329855e+01
   1.2337230e+01
   1.2344611e+01
   1.2352002e+01
   1.2359401e+01
   1.2366808e+01
   1.2374223e+01
   1.2381648e+01
   1.2389082e+01
   1.2396526e+01
   1.2403974e+01
   1.2411433e+01
   1.2418899e+01
   1.2426375e+01
   1.2433852e+01
   1.2441343e+01
   1.2448844e+01
   1.2456352e+01
   1.2463867e+01
   1.2471391e+01
   1.2478921e+01
   1.2486459e+01
   1.2494005e+01
   1.2501558e+01
   1.2509118e+01
   1.2516687e+01
   1.2524261e+01
   1.2531843e+01
   1.2539432e+01
   1.2547023e+01
   1.2554627e+01
   1.2562239e+01
   1.2569856e+01
   1.2577481e+01
   1.2585115e+01
   1.2592754e+01
   1.2600396e+01
   1.2608046e+01
   1.2615703e+01
   1.2623363e+01
   1.2631033e+01
   1.2638710e+01
   1.2646395e+01
   1.2654081e+01
   1.2661776e+01
   1.2669478e+01
   1.2677187e+01
   1.2684901e+01
   1.2692620e+01
   1.2700345e+01
   1.2708076e+01
   1.2715812e+01
   1.2723553e+01
   1.2731299e+01
   1.2739053e+01
   1.2746810e+01
   1.2754571e+01
   1.2762339e+01
   1.2770114e+01
   1.2777892e+01
   1.2785673e+01
   1.2793456e+01
   1.2801248e+01
   1.2809045e+01
   1.2816846e+01
   1.2824652e+01
   1.2832463e+01
   1.2840279e+01
   1.2848098e+01
   1.2855921e+01
   1.2863746e+01
   1.2871578e+01
   1.2879414e+01
   1.2887250e+01
   1.2895094e+01
   1.2902944e+01
   1.2910793e+01
   1.2918647e+01
   1.2926505e+01
   1.2934365e+01
   1.2942230e+01
   1.2950100e+01
   1.2957971e+01
   1.2965846e+01
   1.2973725e+01
   1.2981607e+01
   1.2989492e+01
   1.2997380e+01
   1.3005268e+01
   1.3013159e+01
   1.3021054e+01
   1.3028952e+01
   1.3036850e+01
   1.3044749e+01
   1.3052652e+01
   1.3060558e+01
   1.3068465e+01
   1.3076376e+01
   1.3084290e+01
   1.3092206e+01
   1.3100125e+01
   1.3108047e+01
   1.3115972e+01
   1.3123899e+01
   1.3131828e+01
   1.3139759e+01
   1.3147692e+01
   1.3155627e+01
   1.3163563e+01
   1.3171501e+01
   1.3179440e+01
   1.3187381e+01
   1.3195322e+01
   1.3203265e+01
   1.3211208e+01
   1.3219152e+01
   1.3227097e+01
   1.3235043e+01
   1.3242989e+01
   1.3250935e+01
   1.3258882e+01
   1.3266829e+01
   1.3274776e+01
   1.3282722e+01
   1.3290669e+01
   1.3298616e+01
   1.3306563e+01
   1.3314509e+01
   1.3322454e+01
   1.3330399e+01
   1.3338344e+01
   1.3346288e+01
   1.3354231e+01
   1.3362173e+01
   1.3370114e+01
   1.3378054e+01
   1.3385993e+01
   1.3393931e+01
   1.3401868e+01
   1.3409803e+01
   1.3417737e+01
   1.3425669e+01
   1.3433600e+01
   1.3441529e+01
   1.3449456e+01
   1.3457381e+01
   1.3465305e+01
   1.3473226e+01
   1.3481145e+01
   1.3489063e+01
   1.3496977e+01
   1.3504890e+01
   1.3512800e+01
   1.3520708e+01
   1.3528613e+01
   1.3536516e+01
   1.3544415e+01
   1.3552312e+01
   1.3560207e+01
   1.3568098e+01
   1.3575986e+01
   1.3583871e+01
   1.3591753e+01
   1.3599631e+01
   1.3607507e+01
   1.3615379e+01
   1.3623247e+01
   1.3631112e+01
   1.3638973e+01
   1.3646831e+01
   1.3654684e+01
   1.3662534e+01
   1.3670380e+01
   1.3678222e+01
   1.3686060e+01
   1.3693893e+01
   1.3701723e+01
   1.3709548e+01
   1.3717368e+01
   1.3725184e+01
   1.3732996e+01
   1.3740803e+01
   1.3748606e+01
   1.3756403e+01
   1.3764196e+01
   1.3771984e+01
   1.3779767e+01
   1.3787545e+01
   1.3795317e+01
   1.3803085e+01
   1.3810847e+01
   1.3818604e+01
   1.3826355e+01
   1.3834101e+01
   1.3841842e+01
   1.3849577e+01
   1.3857306e+01
   1.3865029e+01
   1.3872746e+01
   1.3880458e+01
   1.3888164e+01
   1.3895863e+01
   1.3903557e+01
   1.3911244e+01
   1.3918925e+01
   1.3926599e+01
   1.3934267e+01
   1.3941929e+01
   1.3949584e+01
   1.3957233e+01
   1.3964875e+01
   1.3972510e+01
   1.3980138e+01
   1.3987759e+01
   1.3995374e+01
   1.4002981e+01
   1.4010581e+01
   1.4018174e+01
   1.4025760e+01
   1.4033339e+01
   1.4040910e+01
   1.4048474e+01
   1.4056030e+01
   1.4063579e+01
   1.4071120e+01
   1.4078653e+01
   1.4086179e+01
   1.4093697e+01
   1.4101206e+01
   1.4108708e+01
   1.4116202e+01
   1.4123688e+01
   1.4131165e+01
   1.4138635e+01
   1.4146096e+01
   1.4153548e+01
   1.4160993e+01
   1.4168428e+01
   1.4175855e+01
   1.4183274e+01
   1.4190684e+01
   1.4198085e+01
   1.4205477e+01
   1.4212861e+01
   1.4220235e+01
   1.4227601e+01
   1.4234957e+01
   1.4242304e+01
   1.4249642e+01
   1.4256971e+01
   1.4264290e+01
   1.4271601e+01
   1.4278901e+01
   1.4286192e+01
   1.4293474e+01
   1.4300746e+01
   1.4308008e+01
   1.4315260e+01
   1.4322503e+01
   1.4329736e+01
   1.4336958e+01
   1.4344171e+01
   1.4351374e+01
   1.4358566e+01
   1.4365749e+01
   1.4372921e+01
   1.4380083e+01
   1.4387234e+01
   1.4394375e+01
   1.4401506e+01
   1.4408626e+01
   1.4415735e+01
   1.4422833e+01
   1.4429921e+01
   1.4436998e+01
   1.4444065e+01
   1.4451120e+01
   1.4458164e+01
   1.4465198e+01
   1.4472220e+01
   1.4479231e+01
   1.4486231e+01
   1.4493219e+01
   1.4500197e+01
   1.4507162e+01
   1.4514117e+01
   1.4521060e+01
   1.4527991e+01
   1.4534911e+01
   1.4541819e+01
   1.4548715e+01
   1.4555599e+01
   1.4562472e+01
   1.4569333e+01
   1.4576181e+01
   1.4583018e+01
   1.4589842e+01
   1.4596655e+01
   1.4603455e+01
   1.4610243e+01
   1.4617019e+01
   1.4623782e+01
   1.4630533e+01
   1.4637271e+01
   1.4643996e+01
   1.4650710e+01
   1.4657410e+01
   1.4664098e+01
   1.4670773e+01
   1.4677435e+01
   1.4684084e+01
   1.4690720e+01
   1.4697343e+01
   1.4703953e+01
   1.4710550e+01
   1.4717134e+01
   1.4723705e+01
   1.4730262e+01
   1.4736806e+01
   1.4743336e+01
   1.4749853e+01
   1.4756357e+01
   1.4762847e+01
   1.4769323e+01
   1.4775785e+01
   1.4782234e+01
   1.4788669e+01
   1.4795090e+01
   1.4801497e+01
   1.4807891e+01
   1.4814270e+01
   1.4820635e+01
   1.4826986e+01
   1.4833322e+01
   1.4839645e+01
   1.4845953e+01
   1.4852246e+01
   1.4858526e+01
   1.4864790e+01
   1.4871041e+01
   1.4877276e+01
   1.4883497e+01
   1.4889703e+01
   1.4895895e+01
   1.4902071e+01
   1.4908233e+01
   1.4914380e+01
   1.4920512e+01
   1.4926628e+01
   1.4932730e+01
   1.4938816e+01
   1.4944887e+01
   1.4950943e+01
   1.4956984e+01
   1.4963009e+01
   1.4969018e+01
   1.4975012e+01
   1.4980991e+01
   1.4986954e+01
   1.4992901e+01
   1.4998832e+01
   1.5004748e+01
   1.5010647e+01
   1.5016531e+01
   1.5022399e+01
   1.5028250e+01
   1.5034086e+01
   1.5039906e+01
   1.5045709e+01
   1.5051496e+01
   1.5057266e+01
   1.5063020e+01
   1.5068758e+01
   1.5074479e+01
   1.5080184e+01
   1.5085872e+01
   1.5091543e+01
   1.5097198e+01
   1.5102836e+01
   1.5108457e+01
   1.5114060e+01
   1.5119647e+01
   1.5125217e+01
   1.5130770e+01
   1.5136306e+01
   1.5141824e+01
   1.5147325e+01
   1.5152809e+01
   1.5158275e+01
   1.5163724e+01
   1.5169155e+01
   1.5174569e+01
   1.5179965e+01
   1.5185343e+01
   1.5190704e+01
   1.5196046e+01
   1.5201371e+01
   1.5206678e+01
   1.5211967e+01
   1.5217238e+01
   1.5222490e+01
   1.5227724e+01
   1.5232940e+01
   1.5238138e+01
   1.5243317e+01
   1.5248478e+01
   1.5253620e+01
   1.5258744e+01
   1.5263849e+01
   1.5268935e+01
   1.5274003e+01
   1.5279052e+01
   1.5284081e+01
   1.5289092e+01
   1.5294084e+01
   1.5299056e+01
   1.5304010e+01
   1.5308944e+01
   1.5313859e+01
   1.5318754e+01
   1.5323630e+01
   1.5328487e+01
   1.5333323e+01
   1.5338141e+01
   1.5342938e+01
   1.5347716e+01
   1.5352474e+01
   1.5357212e+01
   1.5361930e+01
   1.5366628e+01
   1.5371306e+01
   1.5375964e+01
   1.5380601e+01
   1.5385218e+01
   1.5389815e+01
   1.5394391e+01
   1.5398947e+01
   1.5403482e+01
   1.5407996e+01
   1.5412490e+01
   1.5416963e+01
   1.5421415e+01
   1.5425846e+01
   1.5430256e+01
   1.5434645e+01
   1.5439013e+01
   1.5443359e+01
   1.5447684e+01
   1.5451988e+01
   1.5456270e+01
   1.5460531e+01
   1.5464770e+01
   1.5468988e+01
   1.5473183e+01
   1.5477357e+01
   1.5481509e+01
   1.5485639e+01
   1.5489747e+01
   1.5493833e+01
   1.5497896e+01
   1.5501937e+01
   1.5505956e+01
   1.5509953e+01
   1.5513927e+01
   1.5517878e+01
   1.5521807e+01
   1.5525713e+01
   1.5529596e+01
   1.5533456e+01
   1.5537293e+01
   1.5541107e+01
   1.5544898e+01
   1.5548666e+01
   1.5552410e+01
   1.5556131e+01
   1.5559829e+01
   1.5563503e+01
   1.5567153e+01
   1.5570780e+01
   1.5574383e+01
   1.5577962e+01
   1.5581517e+01
   1.5585048e+01
   1.5588555e+01
   1.5592038e+01
   1.5595496e+01
   1.5598930e+01
   1.5602340e+01
   1.5605725e+01
   1.5609085e+01
   1.5612421e+01
   1.5615732e+01
   1.5619018e+01
   1.5622279e+01
   1.5625515e+01
   1.5628726e+01
   1.5631912e+01
   1.5635072e+01
   1.5638207e+01
   1.5641316e+01
   1.5644400e+01
   1.5647458e+01
   1.5650491e+01
   1.5653497e+01
   1.5656478e+01
   1.5659433e+01
   1.5662361e+01
   1.5665263e+01
   1.5668139e+01
   1.5670989e+01
   1.5673812e+01
   1.5676609e+01
   1.5679378e+01
   1.5682122e+01
   1.5684838e+01
   1.5687527e+01
   1.5690189e+01
   1.5692825e+01
   1.5695432e+01
   1.5698013e+01
   1.5700566e+01
   1.5703092e+01
   1.5705590e+01
   1.5708060e+01
   1.5710503e+01
   1.5712918e+01
   1.5715304e+01
   1.5717663e+01
   1.5719993e+01
   1.5722295e+01
   1.5724569e+01
   1.5726815e+01
   1.5729031e+01
   1.5731219e+01
   1.5733379e+01
   1.5735509e+01
   1.5737610e+01
   1.5739683e+01
   1.5741726e+01
   1.5743740e+01
   1.5745724e+01
   1.5747679e+01
   1.5749605e+01
   1.5751501e+01
   1.5753367e+01
   1.5755203e+01
   1.5757009e+01
   1.5758785e+01
   1.5760531e+01
   1.5762246e+01
   1.5763931e+01
   1.5765586e+01
   1.5767210e+01
   1.5768803e+01
   1.5770366e+01
   1.5771897e+01
   1.5773398e+01
   1.5774867e+01
   1.5776305e+01
   1.5777712e+01
   1.5779087e+01
   1.5780431e+01
   1.5781743e+01
   1.5783023e+01
   1.5784272e+01
   1.5785488e+01
   1.5786673e+01
   1.5787825e+01
   1.5788944e+01
   1.5790032e+01
   1.5791086e+01
   1.5792108e+01
   1.5793098e+01
   1.5794054e+01
   1.5794978e+01
   1.5795868e+01
   1.5796725e+01
   1.5797549e+01
   1.5798339e+01
   1.5799096e+01
   1.5799819e+01
   1.5800508e+01
   1.5801164e+01
   1.5801785e+01
   1.5802372e+01
   1.5802925e+01
   1.5803444e+01
   1.5803928e+01
   1.5804378e+01
   1.5804792e+01
   1.5805173e+01
   1.5805518e+01
   1.5805828e+01
   1.5806103e+01
   1.5806342e+01
   1.5806546e+01
   1.5806715e+01
   1.5806848e+01
   1.5806945e+01
   1.5807007e+01
   1.5807032e+01
   1.5807021e+01
   1.5806974e+01
   1.5806891e+01
   1.5806771e+01
   1.5806614e+01
   1.5806421e+01
   1.5806191e+01
   1.5805924e+01
   1.5805620e+01
   1.5805278e+01
   1.5804899e+01
   1.5804483e+01
   1.5804029e+01
   1.5803538e+01
   1.5803008e+01
   1.5802441e+01
   1.5801835e+01
   1.5801192e+01
   1.5800509e+01
   1.5799789e+01
   1.5799030e+01
   1.5798232e+01
   1.5797395e+01
   1.5796519e+01
   1.5795604e+01
   1.5794650e+01
   1.5793656e+01
   1.5792623e+01
   1.5791550e+01
   1.5790438e+01
   1.5789285e+01
   1.5788093e+01
   1.5786860e+01
   1.5785587e+01
   1.5784274e+01
   1.5782920e+01
   1.5781525e+01
   1.5780089e+01
   1.5778613e+01
   1.5777095e+01
   1.5775536e+01
   1.5773935e+01
   1.5772293e+01
   1.5770610e+01
   1.5768884e+01
   1.5767117e+01
   1.5765307e+01
   1.5763456e+01
   1.5761561e+01
   1.5759625e+01
   1.5757645e+01
   1.5755623e+01
   1.5753558e+01
   1.5751450e+01
   1.5749299e+01
   1.5747104e+01
   1.5744866e+01
   1.5742584e+01
   1.5740258e+01
   1.5737888e+01
   1.5735474e+01
   1.5733016e+01
   1.5730513e+01
   1.5727966e+01
   1.5725374e+01
   1.5722738e+01
   1.5720056e+01
   1.5717329e+01
   1.5714557e+01
   1.5711739e+01
   1.5708876e+01
   1.5705967e+01
   1.5703011e+01
   1.5700010e+01
   1.5696963e+01
   1.5693869e+01
   1.5690729e+01
   1.5687541e+01
   1.5684307e+01
   1.5681026e+01
   1.5677698e+01
   1.5674322e+01
   1.5670899e+01
   1.5667428e+01
   1.5663910e+01
   1.5660343e+01
   1.5656728e+01
   1.5653065e+01
   1.5649353e+01
   1.5645592e+01
   1.5641783e+01
   1.5637925e+01
   1.5634017e+01
   1.5630060e+01
   1.5626054e+01
   1.5621998e+01
   1.5617892e+01
   1.5613736e+01
   1.5609530e+01
   1.5605273e+01
   1.5600966e+01
   1.5596608e+01
   1.5592199e+01
   1.5587739e+01
   1.5583228e+01
   1.5578665e+01
   1.5574051e+01
   1.5569385e+01
   1.5564667e+01
   1.5559897e+01
   1.5555074e+01
   1.5550199e+01
   1.5545272e+01
   1.5540291e+01
   1.5535257e+01
   1.5530170e+01
   1.5525030e+01
   1.5519836e+01
   1.5514588e+01
   1.5509286e+01
   1.5503931e+01
   1.5498520e+01
   1.5493055e+01
   1.5487536e+01
   1.5481961e+01
   1.5476331e+01
   1.5470646e+01
   1.5464906e+01
   1.5459110e+01
   1.5453257e+01
   1.5447349e+01
   1.5441385e+01
   1.5435364e+01
   1.5429286e+01
   1.5423152e+01
   1.5416960e+01
   1.5410711e+01
   1.5404405e+01
   1.5398041e+01
   1.5391619e+01
   1.5385140e+01
   1.5378601e+01
   1.5372005e+01
   1.5365350e+01
   1.5358636e+01
   1.5351863e+01
   1.5345030e+01
   1.5338138e+01
   1.5331187e+01
   1.5324176e+01
   1.5317104e+01
   1.5309973e+01
   1.5302780e+01
   1.5295528e+01
   1.5288214e+01
   1.5280839e+01
   1.5273403e+01
   1.5265905e+01
   1.5258346e+01
   1.5250725e+01
   1.5243041e+01
   1.5235295e+01
   1.5227487e+01
   1.5219616e+01
   1.5211682e+01
   1.5203684e+01
   1.5195624e+01
   1.5187499e+01
   1.5179311e+01
   1.5171059e+01
   1.5162743e+01
   1.5154362e+01
   1.5145916e+01
   1.5137405e+01
   1.5128830e+01
   1.5120189e+01
   1.5111482e+01
   1.5102710e+01
   1.5093872e+01
   1.5084967e+01
   1.5075996e+01
   1.5066959e+01
   1.5057854e+01
   1.5048683e+01
   1.5039444e+01
   1.5030137e+01
   1.5020763e+01
   1.5011321e+01
   1.5001811e+01
   1.4992232e+01
   1.4982585e+01
   1.4972869e+01
   1.4963083e+01
   1.4953229e+01
   1.4943305e+01
   1.4933311e+01
   1.4923247e+01
   1.4913113e+01
   1.4902908e+01
   1.4892633e+01
   1.4882287e+01
   1.4871870e+01
   1.4861381e+01
   1.4850821e+01
   1.4840189e+01
   1.4829484e+01
   1.4818708e+01
   1.4807859e+01
   1.4796937e+01
   1.4785943e+01
   1.4774875e+01
   1.4763733e+01
   1.4752518e+01
   1.4741229e+01
   1.4729866e+01
   1.4718428e+01
   1.4706916e+01
   1.4695329e+01
   1.4683666e+01
   1.4671929e+01
   1.4660115e+01
   1.4648226e+01
   1.4636261e+01
   1.4624219e+01
   1.4612101e+01
   1.4599906e+01
   1.4587634e+01
   1.4575284e+01
   1.4562857e+01
   1.4550352e+01
   1.4537770e+01
   1.4525108e+01
   1.4512368e+01
   1.4499550e+01
   1.4486652e+01
   1.4473674e+01
   1.4460618e+01
   1.4447481e+01
   1.4434264e+01
   1.4420967e+01
   1.4407589e+01
   1.4394131e+01
   1.4380591e+01
   1.4366969e+01
   1.4353266e+01
   1.4339481e+01
   1.4325614e+01
   1.4311665e+01
   1.4297632e+01
   1.4283517e+01
   1.4269318e+01
   1.4255036e+01
   1.4240670e+01
   1.4226219e+01
   1.4211685e+01
   1.4197065e+01
   1.4182361e+01
   1.4167571e+01
   1.4152696e+01
   1.4137735e+01
   1.4122688e+01
   1.4107555e+01
   1.4092335e+01
   1.4077028e+01
   1.4061633e+01
   1.4046152e+01
   1.4030582e+01
   1.4014924e+01
   1.3999178e+01
   1.3983343e+01
   1.3967419e+01
   1.3951406e+01
   1.3935303e+01
   1.3919110e+01
   1.3902827e+01
   1.3886454e+01
   1.3869989e+01
   1.3853433e+01
   1.3836786e+01
   1.3820047e+01
   1.3803216e+01
   1.3786292e+01
   1.3769276e+01
   1.3752167e+01
   1.3734964e+01
   1.3717667e+01
   1.3700277e+01
   1.3682791e+01
   1.3665212e+01
   1.3647537e+01
   1.3629766e+01
   1.3611900e+01
   1.3593938e+01
   1.3575879e+01
   1.3557724e+01
   1.3539472e+01
   1.3521121e+01
   1.3502674e+01
   1.3484127e+01
   1.3465483e+01
   1.3446739e+01
   1.3427896e+01
   1.3408954e+01
   1.3389912e+01
   1.3370769e+01
   1.3351525e+01
   1.3332180e+01
   1.3312734e+01
   1.3293186e+01
   1.3273536e+01
   1.3253783e+01
   1.3233927e+01
   1.3213967e+01
   1.3193904e+01
   1.3173737e+01
   1.3153465e+01
   1.3133088e+01
   1.3112606e+01
   1.3092018e+01
   1.3071323e+01
   1.3050523e+01
   1.3029615e+01
   1.3008599e+01
   1.2987476e+01
   1.2966245e+01
   1.2944905e+01
   1.2923456e+01
   1.2901897e+01
   1.2880229e+01
   1.2858450e+01
   1.2836561e+01
   1.2814560e+01
   1.2792447e+01
   1.2770223e+01
   1.2747886e+01
   1.2725435e+01
   1.2702872e+01
   1.2680195e+01
   1.2657403e+01
   1.2634496e+01
   1.2611475e+01
   1.2588337e+01
   1.2565084e+01
   1.2541714e+01
   1.2518227e+01
   1.2494622e+01
   1.2470900e+01
   1.2447059e+01
   1.2423099e+01
   1.2399020e+01
   1.2374820e+01
   1.2350501e+01
   1.2326061e+01
   1.2301499e+01
   1.2276816e+01
   1.2252010e+01
   1.2227082e+01
   1.2202030e+01
   1.2176855e+01
   1.2151556e+01
   1.2126131e+01
   1.2100582e+01
   1.2074907e+01
   1.2049106e+01
   1.2023179e+01
   1.1997124e+01
   1.1970941e+01
   1.1944631e+01
   1.1918192e+01
   1.1891624e+01
   1.1864926e+01
   1.1838098e+01
   1.1811140e+01
   1.1784050e+01
   1.1756829e+01
   1.1729476e+01
   1.1701990e+01
   1.1674372e+01
   1.1646619e+01
   1.1618733e+01
   1.1590713e+01
   1.1562557e+01
   1.1534266e+01
   1.1505839e+01
   1.1477275e+01
   1.1448575e+01
   1.1419737e+01
   1.1390762e+01
   1.1361648e+01
   1.1332396e+01
   1.1303004e+01
   1.1273472e+01
   1.1243801e+01
   1.1213988e+01
   1.1184035e+01
   1.1153940e+01
   1.1123704e+01
   1.1093325e+01
   1.1062803e+01
   1.1032139e+01
   1.1001330e+01
   1.0970378e+01
   1.0939281e+01
   1.0908040e+01
   1.0876653e+01
   1.0845121e+01
   1.0813443e+01
   1.0781619e+01
   1.0749649e+01
   1.0717531e+01
   1.0685267e+01
   1.0652854e+01
   1.0620294e+01
   1.0587586e+01
   1.0554730e+01
   1.0521725e+01
   1.0488571e+01
   1.0455268e+01
   1.0421816e+01
   1.0388214e+01
   1.0354463e+01
   1.0320561e+01
   1.0286510e+01
   1.0252308e+01
   1.0217957e+01
   1.0183454e+01
   1.0148802e+01
   1.0113999e+01
   1.0079045e+01
   1.0043941e+01
   1.0008687e+01
   9.9732815e+00
   9.9377259e+00
   9.9020201e+00
   9.8661640e+00
   9.8301577e+00
   9.7940016e+00
   9.7576957e+00
   9.7212402e+00
   9.6846355e+00
   9.6478818e+00
   9.6109794e+00
   9.5739287e+00
   9.5367300e+00
   9.4993838e+00
   9.4618905e+00
   9.4242506e+00
   9.3864646e+00
   9.3485331e+00
   9.3104566e+00
   9.2722359e+00
   9.2338715e+00
   9.1953643e+00
   9.1567150e+00
   9.1179244e+00
   9.0789934e+00
   9.0399228e+00
   9.0007137e+00
   8.9613670e+00
   8.9218837e+00
   8.8822651e+00
   8.8425121e+00
   8.8026261e+00
   8.7626083e+00
   8.7224600e+00
   8.6821826e+00
   8.6417774e+00
   8.6012461e+00
   8.5605900e+00
   8.5198109e+00
   8.4789104e+00
   8.4378902e+00
   8.3967521e+00
   8.3554980e+00
   8.3141297e+00
   8.2726493e+00
   8.2310588e+00
   8.1893603e+00
   8.1475559e+00
   8.1056480e+00
   8.0636388e+00
   8.0215308e+00
   7.9793264e+00
   7.9370281e+00
   7.8946384e+00
   7.8521602e+00
   7.8095961e+00
   7.7669489e+00
   7.7242215e+00
   7.6814169e+00
   7.6385381e+00
   7.5955882e+00
   7.5525704e+00
   7.5094879e+00
   7.4663441e+00
   7.4231422e+00
   7.3798859e+00
   7.3365786e+00
   7.2932240e+00
   7.2498256e+00
   7.2063874e+00
   7.1629129e+00
   7.1194063e+00
   7.0758713e+00
   7.0323121e+00
   6.9887327e+00
   6.9451372e+00
   6.9015298e+00
   6.8579149e+00
   6.8142967e+00
   6.7706796e+00
   6.7270681e+00
   6.6834667e+00
   6.6398798e+00
   6.5963121e+00
   6.5527683e+00
   6.5092530e+00
   6.4657709e+00
   6.4223269e+00
   6.3789257e+00
   6.3355721e+00
   6.2922711e+00
   6.2490276e+00
   6.2058464e+00
   6.1627326e+00
   6.1196911e+00
   6.0767269e+00
   6.0338451e+00
   5.9910505e+00
   5.9483484e+00
   5.9057436e+00
   5.8632413e+00
   5.8208464e+00
   5.7785641e+00
   5.7363992e+00
   5.6943568e+00
   5.6524418e+00
   5.6106593e+00
   5.5690142e+00
   5.5275113e+00
   5.4861556e+00
   5.4449519e+00
   5.4039050e+00
   5.3630196e+00
   5.3223004e+00
   5.2817522e+00
   5.2413795e+00
   5.2011868e+00
   5.1611787e+00
   5.1213596e+00
   5.0817338e+00
   5.0423056e+00
   5.0030793e+00
   4.9640589e+00
   4.9252485e+00
   4.8866521e+00
   4.8482735e+00
   4.8101167e+00
   4.7721852e+00
   4.7344827e+00
   4.6970126e+00
   4.6597785e+00
   4.6227836e+00
   4.5860312e+00
   4.5495244e+00
   4.5132661e+00
   4.4772592e+00
   4.4415066e+00
   4.4060110e+00
   4.3707748e+00
   4.3358006e+00
   4.3010907e+00
   4.2666473e+00
   4.2324726e+00
   4.1985685e+00
   4.1649369e+00
   4.1315796e+00
   4.0984982e+00
   4.0656943e+00
   4.0331694e+00
   4.0009246e+00
   3.9689612e+00
   3.9372803e+00
   3.9058828e+00
   3.8747696e+00
   3.8439415e+00
   3.8133990e+00
   3.7831426e+00
   3.7531729e+00
   3.7234900e+00
   3.6940942e+00
   3.6649856e+00
   3.6361642e+00
   3.6076298e+00
   3.5793823e+00
   3.5514214e+00
   3.5237466e+00
   3.4963575e+00
   3.4692534e+00
   3.4424337e+00
   3.4158977e+00
   3.3896445e+00
   3.3636732e+00
   3.3379827e+00
   3.3125720e+00
   3.2874398e+00
   3.2625851e+00
   3.2380064e+00
   3.2137025e+00
   3.1896717e+00
   3.1659127e+00
   3.1424239e+00
   3.1192036e+00
   3.0962502e+00
   3.0735619e+00
   3.0511369e+00
   3.0289733e+00
   3.0070694e+00
   2.9854231e+00
   2.9640325e+00
   2.9428955e+00
   2.9220101e+00
   2.9013742e+00
   2.8809857e+00
   2.8608423e+00
   2.8409419e+00
   2.8212823e+00
   2.8018613e+00
   2.7826764e+00
   2.7637256e+00
   2.7450063e+00
   2.7265164e+00
   2.7082534e+00
   2.6902149e+00
   2.6723987e+00
   2.6548023e+00
   2.6374232e+00
   2.6202592e+00
   2.6033077e+00
   2.5865664e+00
   2.5700327e+00
   2.5537044e+00
   2.5375789e+00
   2.5216538e+00
   2.5059266e+00
   2.4903951e+00
   2.4750566e+00
   2.4599089e+00
   2.4449495e+00
   2.4301759e+00
   2.4155859e+00
   2.4011769e+00
   2.3869467e+00
   2.3728927e+00
   2.3590128e+00
