   1.1669635e-01
   1.1659512e-01
   1.1649430e-01
   1.1639390e-01
   1.1629391e-01
   1.1619434e-01
   1.1609518e-01
   1.1599643e-01
   1.1589808e-01
   1.1580014e-01
   1.1570260e-01
   1.1560547e-01
   1.1550874e-01
   1.1541240e-01
   1.1531646e-01
   1.1522092e-01
   1.1512577e-01
   1.1503101e-01
   1.1493664e-01
   1.1484266e-01
   1.1474907e-01
   1.1465586e-01
   1.1456304e-01
   1.1447060e-01
   1.1437853e-01
   1.1428685e-01
   1.1419554e-01
   1.1410461e-01
   1.1401405e-01
   1.1392386e-01
   1.1383405e-01
   1.1374460e-01
   1.1365552e-01
   1.1356680e-01
   1.1347845e-01
   1.1339046e-01
   1.1330284e-01
   1.1321557e-01
   1.1312866e-01
   1.1304210e-01
   1.1295590e-01
   1.1287005e-01
   1.1278456e-01
   1.1269941e-01
   1.1261461e-01
   1.1253016e-01
   1.1244606e-01
   1.1236230e-01
   1.1227888e-01
   1.1219580e-01
   1.1211307e-01
   1.1203067e-01
   1.1194860e-01
   1.1186688e-01
   1.1178548e-01
   1.1170442e-01
   1.1162369e-01
   1.1154329e-01
   1.1146322e-01
   1.1138347e-01
   1.1130405e-01
   1.1122495e-01
   1.1114618e-01
   1.1106773e-01
   1.1098959e-01
   1.1091178e-01
   1.1083428e-01
   1.1075709e-01
   1.1068022e-01
   1.1060367e-01
   1.1052742e-01
   1.1045149e-01
   1.1037586e-01
   1.1030054e-01
   1.1022553e-01
   1.1015082e-01
   1.1007642e-01
   1.1000232e-01
   1.0992852e-01
   1.0985501e-01
   1.0978181e-01
   1.0970890e-01
   1.0963629e-01
   1.0956398e-01
   1.0949196e-01
   1.0942022e-01
   1.0934878e-01
   1.0927763e-01
   1.0920677e-01
   1.0913620e-01
   1.0906591e-01
   1.0899590e-01
   1.0892618e-01
   1.0885674e-01
   1.0878758e-01
   1.0871870e-01
   1.0865010e-01
   1.0858177e-01
   1.0851373e-01
   1.0844595e-01
   1.0837845e-01
   1.0831123e-01
   1.0824427e-01
   1.0817758e-01
   1.0811117e-01
   1.0804502e-01
   1.0797914e-01
   1.0791352e-01
   1.0784817e-01
   1.0778308e-01
   1.0771825e-01
   1.0765368e-01
   1.0758938e-01
   1.0752533e-01
   1.0746154e-01
   1.0739801e-01
   1.0733473e-01
   1.0727170e-01
   1.0720893e-01
   1.0714641e-01
   1.0708415e-01
   1.0702213e-01
   1.0696036e-01
   1.0689884e-01
   1.0683757e-01
   1.0677654e-01
   1.0671575e-01
   1.0665521e-01
   1.0659492e-01
   1.0653486e-01
   1.0647505e-01
   1.0641547e-01
   1.0635613e-01
   1.0629703e-01
   1.0623817e-01
   1.0617954e-01
   1.0612114e-01
   1.0606298e-01
   1.0600506e-01
   1.0594736e-01
   1.0588989e-01
   1.0583265e-01
   1.0577564e-01
   1.0571886e-01
   1.0566231e-01
   1.0560598e-01
   1.0554987e-01
   1.0549399e-01
   1.0543833e-01
   1.0538289e-01
   1.0532768e-01
   1.0527268e-01
   1.0521790e-01
   1.0516334e-01
   1.0510900e-01
   1.0505487e-01
   1.0500096e-01
   1.0494726e-01
   1.0489377e-01
   1.0484050e-01
   1.0478744e-01
   1.0473459e-01
   1.0468194e-01
   1.0462951e-01
   1.0457729e-01
   1.0452527e-01
   1.0447345e-01
   1.0442185e-01
   1.0437044e-01
   1.0431924e-01
   1.0426825e-01
   1.0421745e-01
   1.0416686e-01
   1.0411646e-01
   1.0406627e-01
   1.0401627e-01
   1.0396647e-01
   1.0391687e-01
   1.0386746e-01
   1.0381824e-01
   1.0376923e-01
   1.0372040e-01
   1.0367177e-01
   1.0362332e-01
   1.0357507e-01
   1.0352701e-01
   1.0347914e-01
   1.0343145e-01
   1.0338396e-01
   1.0333665e-01
   1.0328952e-01
   1.0324258e-01
   1.0319583e-01
   1.0314926e-01
   1.0310287e-01
   1.0305666e-01
   1.0301064e-01
   1.0296479e-01
   1.0291913e-01
   1.0287364e-01
   1.0282833e-01
   1.0278320e-01
   1.0273825e-01
   1.0269347e-01
   1.0264886e-01
   1.0260443e-01
   1.0256018e-01
   1.0251610e-01
   1.0247218e-01
   1.0242845e-01
   1.0238488e-01
   1.0234148e-01
   1.0229825e-01
   1.0225519e-01
   1.0221229e-01
   1.0216957e-01
   1.0212700e-01
   1.0208461e-01
   1.0204238e-01
   1.0200031e-01
   1.0195841e-01
   1.0191667e-01
   1.0187510e-01
   1.0183368e-01
   1.0179242e-01
   1.0175133e-01
   1.0171039e-01
   1.0166962e-01
   1.0162900e-01
   1.0158854e-01
   1.0154823e-01
   1.0150808e-01
   1.0146809e-01
   1.0142825e-01
   1.0138856e-01
   1.0134903e-01
   1.0130965e-01
   1.0127043e-01
   1.0123135e-01
   1.0119243e-01
   1.0115365e-01
   1.0111503e-01
   1.0107655e-01
   1.0103822e-01
   1.0100004e-01
   1.0096201e-01
   1.0092412e-01
   1.0088638e-01
   1.0084878e-01
   1.0081133e-01
   1.0077402e-01
   1.0073686e-01
   1.0069984e-01
   1.0066296e-01
   1.0062622e-01
   1.0058962e-01
   1.0055316e-01
   1.0051684e-01
   1.0048066e-01
   1.0044462e-01
   1.0040872e-01
   1.0037296e-01
   1.0033733e-01
   1.0030183e-01
   1.0026648e-01
   1.0023126e-01
   1.0019617e-01
   1.0016121e-01
   1.0012639e-01
   1.0009171e-01
   1.0005715e-01
   1.0002273e-01
   9.9988432e-02
   9.9954269e-02
   9.9920237e-02
   9.9886333e-02
   9.9852558e-02
   9.9818912e-02
   9.9785393e-02
   9.9752002e-02
   9.9718737e-02
   9.9685598e-02
   9.9652585e-02
   9.9619697e-02
   9.9586933e-02
   9.9554294e-02
   9.9521777e-02
   9.9489384e-02
   9.9457113e-02
   9.9424964e-02
   9.9392937e-02
   9.9361030e-02
   9.9329244e-02
   9.9297577e-02
   9.9266030e-02
   9.9234602e-02
   9.9203292e-02
   9.9172099e-02
   9.9141024e-02
   9.9110066e-02
   9.9079225e-02
   9.9048499e-02
   9.9017888e-02
   9.8987393e-02
   9.8957012e-02
   9.8926744e-02
   9.8896591e-02
   9.8866550e-02
   9.8836621e-02
   9.8806805e-02
   9.8777100e-02
   9.8747506e-02
   9.8718023e-02
   9.8688649e-02
   9.8659386e-02
   9.8630232e-02
   9.8601186e-02
   9.8572249e-02
   9.8543419e-02
   9.8514697e-02
   9.8486082e-02
   9.8457573e-02
   9.8429170e-02
   9.8400873e-02
   9.8372681e-02
   9.8344593e-02
   9.8316610e-02
   9.8288731e-02
   9.8260955e-02
   9.8233282e-02
   9.8205711e-02
   9.8178242e-02
   9.8150875e-02
   9.8123610e-02
   9.8096445e-02
   9.8069380e-02
   9.8042415e-02
   9.8015550e-02
   9.7988784e-02
   9.7962117e-02
   9.7935548e-02
   9.7909076e-02
   9.7882702e-02
   9.7856426e-02
   9.7830245e-02
   9.7804161e-02
   9.7778173e-02
   9.7752280e-02
   9.7726482e-02
   9.7700779e-02
   9.7675170e-02
   9.7649655e-02
   9.7624233e-02
   9.7598905e-02
   9.7573668e-02
   9.7548525e-02
   9.7523473e-02
   9.7498512e-02
   9.7473643e-02
   9.7448864e-02
   9.7424176e-02
   9.7399577e-02
   9.7375068e-02
   9.7350649e-02
   9.7326318e-02
   9.7302075e-02
   9.7277921e-02
   9.7253854e-02
   9.7229875e-02
   9.7205983e-02
   9.7182177e-02
   9.7158458e-02
   9.7134824e-02
   9.7111276e-02
   9.7087813e-02
   9.7064435e-02
   9.7041142e-02
   9.7017933e-02
   9.6994807e-02
   9.6971765e-02
   9.6948805e-02
   9.6925929e-02
   9.6903135e-02
   9.6880423e-02
   9.6857792e-02
   9.6835243e-02
   9.6812775e-02
   9.6790388e-02
   9.6768081e-02
   9.6745854e-02
   9.6723706e-02
   9.6701638e-02
   9.6679649e-02
   9.6657738e-02
   9.6635906e-02
   9.6614152e-02
   9.6592476e-02
   9.6570877e-02
   9.6549354e-02
   9.6527909e-02
   9.6506540e-02
   9.6485247e-02
   9.6464030e-02
   9.6442888e-02
   9.6421822e-02
   9.6400830e-02
   9.6379913e-02
   9.6359070e-02
   9.6338301e-02
   9.6317605e-02
   9.6296983e-02
   9.6276433e-02
   9.6255957e-02
   9.6235552e-02
   9.6215220e-02
   9.6194960e-02
   9.6174771e-02
   9.6154653e-02
   9.6134606e-02
   9.6114629e-02
   9.6094723e-02
   9.6074887e-02
   9.6055121e-02
   9.6035424e-02
   9.6015796e-02
   9.5996237e-02
   9.5976746e-02
   9.5957324e-02
   9.5937969e-02
   9.5918683e-02
   9.5899464e-02
   9.5880312e-02
   9.5861226e-02
   9.5842208e-02
   9.5823255e-02
   9.5804369e-02
   9.5785549e-02
   9.5766794e-02
   9.5748104e-02
   9.5729479e-02
   9.5710919e-02
   9.5692423e-02
   9.5673991e-02
   9.5655624e-02
   9.5637320e-02
   9.5619079e-02
   9.5600901e-02
   9.5582786e-02
   9.5564734e-02
   9.5546744e-02
   9.5528816e-02
   9.5510950e-02
   9.5493145e-02
   9.5475402e-02
   9.5457719e-02
   9.5440098e-02
   9.5422537e-02
   9.5405036e-02
   9.5387596e-02
   9.5370215e-02
   9.5352893e-02
   9.5335631e-02
   9.5318428e-02
   9.5301284e-02
   9.5284198e-02
   9.5267171e-02
   9.5250202e-02
   9.5233290e-02
   9.5216436e-02
   9.5199640e-02
   9.5182901e-02
   9.5166218e-02
   9.5149592e-02
   9.5133023e-02
   9.5116510e-02
   9.5100053e-02
   9.5083651e-02
   9.5067305e-02
   9.5051014e-02
   9.5034779e-02
   9.5018598e-02
   9.5002472e-02
   9.4986400e-02
   9.4970382e-02
   9.4954418e-02
   9.4938508e-02
   9.4922652e-02
   9.4906848e-02
   9.4891098e-02
   9.4875400e-02
   9.4859756e-02
   9.4844163e-02
   9.4828623e-02
   9.4813134e-02
   9.4797698e-02
   9.4782313e-02
   9.4766979e-02
   9.4751697e-02
   9.4736465e-02
   9.4721284e-02
   9.4706154e-02
   9.4691073e-02
   9.4676043e-02
   9.4661063e-02
   9.4646133e-02
   9.4631252e-02
   9.4616420e-02
   9.4601637e-02
   9.4586903e-02
   9.4572218e-02
   9.4557581e-02
   9.4542993e-02
   9.4528452e-02
   9.4513960e-02
   9.4499515e-02
   9.4485118e-02
   9.4470768e-02
   9.4456465e-02
   9.4442209e-02
   9.4428000e-02
   9.4413837e-02
   9.4399720e-02
   9.4385650e-02
   9.4371626e-02
   9.4357647e-02
   9.4343714e-02
   9.4329827e-02
   9.4315984e-02
   9.4302187e-02
   9.4288435e-02
   9.4274727e-02
   9.4261064e-02
   9.4247445e-02
   9.4233870e-02
   9.4220339e-02
   9.4206852e-02
   9.4193408e-02
   9.4180008e-02
   9.4166651e-02
   9.4153337e-02
   9.4140066e-02
   9.4126838e-02
   9.4113652e-02
   9.4100509e-02
   9.4087408e-02
   9.4074349e-02
   9.4061332e-02
   9.4048356e-02
   9.4035422e-02
   9.4022529e-02
   9.4009678e-02
   9.3996867e-02
   9.3984098e-02
   9.3971369e-02
   9.3958680e-02
   9.3946032e-02
   9.3933424e-02
   9.3920856e-02
   9.3908328e-02
   9.3895840e-02
   9.3883391e-02
   9.3871086e-02
   1.0620268e-01
   1.1818206e-01
   1.2982473e-01
   1.4122757e-01
   1.5243298e-01
   1.6348310e-01
   1.7442025e-01
   1.8528746e-01
   1.9612822e-01
   2.0698758e-01
   2.1791186e-01
   2.2895014e-01
   2.4015376e-01
   2.5157821e-01
   2.6328243e-01
   2.7533250e-01
   2.8780152e-01
   3.0077280e-01
   3.1434264e-01
   3.2862651e-01
   3.4376374e-01
   3.5992838e-01
   3.7734614e-01
   3.9631752e-01
   4.1725934e-01
   4.4077127e-01
   4.6775000e-01
   4.9957271e-01
   5.3828187e-01
   5.8600066e-01
   6.3772797e-01
   6.2786269e-01
   3.9057567e-01
   2.4155084e-01
   1.9462656e-01
   1.8544318e-01
   1.9771175e-01
   2.1848288e-01
   2.4226580e-01
   2.6702762e-01
   2.9204828e-01
   3.1709512e-01
   3.4211090e-01
   3.6709566e-01
   3.9206345e-01
   4.1702686e-01
   4.4199328e-01
   4.6696374e-01
   4.9193289e-01
   5.1689042e-01
   5.5996419e-01
   6.0479819e-01
   6.5131487e-01
   6.9882825e-01
   7.4722895e-01
   7.9640524e-01
   8.4624527e-01
   8.9663699e-01
   9.4747020e-01
   9.9863716e-01
   1.0500338e+00
   1.1015601e+00
   1.1531207e+00
   1.2046257e+00
   1.2559900e+00
   1.3071354e+00
   1.3579887e+00
   1.4084830e+00
   1.4585574e+00
   1.5081568e+00
   1.5572322e+00
   1.6057397e+00
   1.6536414e+00
   1.7009041e+00
   1.7474994e+00
   1.7934040e+00
   1.8385982e+00
   1.8830671e+00
   1.9267990e+00
   1.9697859e+00
   2.0120225e+00
   2.0535069e+00
   2.0942394e+00
   2.1342228e+00
   2.1734621e+00
   2.2119639e+00
   2.2497362e+00
   2.2867891e+00
   2.3231334e+00
   2.3587812e+00
   2.3937453e+00
   2.4280398e+00
   2.4616790e+00
   2.4946777e+00
   2.5270511e+00
   2.5588150e+00
   2.5899847e+00
   2.6205767e+00
   2.6506067e+00
   2.6800904e+00
   2.7090432e+00
   2.7374819e+00
   2.7654217e+00
   2.7928778e+00
   2.8198655e+00
   2.8463994e+00
   2.8724943e+00
   2.8981642e+00
   2.9234235e+00
   2.9482858e+00
   2.9727643e+00
   2.9968720e+00
   3.0206214e+00
   3.0440249e+00
   3.0670940e+00
   3.0898407e+00
   3.1122756e+00
   3.1344098e+00
   3.1562542e+00
   3.1778186e+00
   3.1991125e+00
   3.2201456e+00
   3.2409268e+00
   3.2614653e+00
   3.2817695e+00
   3.3018473e+00
   3.3217068e+00
   3.3413555e+00
   3.3608008e+00
   3.3800498e+00
   3.3991090e+00
   3.4179853e+00
   3.4366850e+00
   3.4552141e+00
   3.4735783e+00
   3.4917832e+00
   3.5098345e+00
   3.5277370e+00
   3.5454959e+00
   3.5631162e+00
   3.5806022e+00
   3.5979584e+00
   3.6151891e+00
   3.6322987e+00
   3.6492910e+00
   3.6661698e+00
   3.6829390e+00
   3.6996020e+00
   3.7161626e+00
   3.7326236e+00
   3.7489887e+00
   3.7652605e+00
   3.7814421e+00
   3.7975365e+00
   3.8135463e+00
   3.8294750e+00
   3.8453245e+00
   3.8610975e+00
   3.8767966e+00
   3.8924242e+00
   3.9079827e+00
   3.9234744e+00
   3.9389014e+00
   3.9542659e+00
   3.9695702e+00
   3.9848164e+00
   4.0000062e+00
   4.0151419e+00
   4.0302254e+00
   4.0452587e+00
   4.0602434e+00
   4.0751821e+00
   4.0900758e+00
   4.1049264e+00
   4.1197366e+00
   4.1345074e+00
   4.1492403e+00
   4.1639378e+00
   4.1786015e+00
   4.1932329e+00
   4.2078339e+00
   4.2224061e+00
   4.2369511e+00
   4.2514715e+00
   4.2659682e+00
   4.2804429e+00
   4.2948977e+00
   4.3093348e+00
   4.3237553e+00
   4.3381613e+00
   4.3525543e+00
   4.3669364e+00
   4.3813095e+00
   4.3956755e+00
   4.4100364e+00
   4.4243942e+00
   4.4387510e+00
   4.4531083e+00
   4.4674687e+00
   4.4818341e+00
   4.4962062e+00
   4.5105874e+00
   4.5249803e+00
   4.5393866e+00
   4.5538090e+00
   4.5682496e+00
   4.5827111e+00
   4.5971957e+00
   4.6117059e+00
   4.6262445e+00
   4.6408138e+00
   4.6554170e+00
   4.6700564e+00
   4.6847350e+00
   4.6994557e+00
   4.7142210e+00
   4.7290342e+00
   4.7438983e+00
   4.7588166e+00
   4.7737921e+00
   4.7888283e+00
   4.8039282e+00
   4.8190952e+00
   4.8343328e+00
   4.8496442e+00
   4.8650330e+00
   4.8805025e+00
   4.8960563e+00
   4.9116976e+00
   4.9274301e+00
   4.9432572e+00
   4.9591822e+00
   4.9752086e+00
   4.9913396e+00
   5.0075783e+00
   5.0239278e+00
   5.0403908e+00
   5.0569702e+00
   5.0736682e+00
   5.0904872e+00
   5.1074290e+00
   5.1244952e+00
   5.1416870e+00
   5.1590052e+00
   5.1764502e+00
   5.1940218e+00
   5.2117195e+00
   5.2295420e+00
   5.2474878e+00
   5.2655544e+00
   5.2837389e+00
   5.3020379e+00
   5.3204472e+00
   5.3389621e+00
   5.3575772e+00
   5.3762868e+00
   5.3950843e+00
   5.4139630e+00
   5.4329155e+00
   5.4519342e+00
   5.4710111e+00
   5.4901379e+00
   5.5093064e+00
   5.5285080e+00
   5.5477344e+00
   5.5669769e+00
   5.5862274e+00
   5.6054776e+00
   5.6247196e+00
   5.6439458e+00
   5.6631489e+00
   5.6823218e+00
   5.7014581e+00
   5.7205515e+00
   5.7395962e+00
   5.7585870e+00
   5.7775188e+00
   5.7963873e+00
   5.8151883e+00
   5.8339181e+00
   5.8525736e+00
   5.8711518e+00
   5.8896501e+00
   5.9080664e+00
   5.9263988e+00
   5.9446455e+00
   5.9628054e+00
   5.9808773e+00
   5.9988604e+00
   6.0167540e+00
   6.0345576e+00
   6.0522710e+00
   6.0698941e+00
   6.0874267e+00
   6.1048692e+00
   6.1222216e+00
   6.1394843e+00
   6.1566578e+00
   6.1737424e+00
   6.1907388e+00
   6.2076475e+00
   6.2244692e+00
   6.2412046e+00
   6.2578543e+00
   6.2744190e+00
   6.2908996e+00
   6.3072968e+00
   6.3236112e+00
   6.3398438e+00
   6.3559954e+00
   6.3720666e+00
   6.3880582e+00
   6.4039710e+00
   6.4198059e+00
   6.4355634e+00
   6.4512444e+00
   6.4668497e+00
   6.4823798e+00
   6.4978357e+00
   6.5132178e+00
   6.5285271e+00
   6.5437640e+00
   6.5589293e+00
   6.5740237e+00
   6.5890478e+00
   6.6040021e+00
   6.6188874e+00
   6.6337042e+00
   6.6484531e+00
   6.6631348e+00
   6.6777497e+00
   6.6922984e+00
   6.7067816e+00
   6.7211996e+00
   6.7355531e+00
   6.7498427e+00
   6.7640687e+00
   6.7782317e+00
   6.7923322e+00
   6.8063707e+00
   6.8203477e+00
   6.8342637e+00
   6.8481191e+00
   6.8619144e+00
   6.8756501e+00
   6.8893266e+00
   6.9029443e+00
   6.9165038e+00
   6.9300054e+00
   6.9434497e+00
   6.9568370e+00
   6.9701677e+00
   6.9834423e+00
   6.9966613e+00
   7.0098250e+00
   7.0229338e+00
   7.0359882e+00
   7.0489886e+00
   7.0619354e+00
   7.0748290e+00
   7.0876698e+00
   7.1004582e+00
   7.1131946e+00
   7.1258794e+00
   7.1385130e+00
   7.1510958e+00
   7.1636282e+00
   7.1761105e+00
   7.1885433e+00
   7.2009268e+00
   7.2132614e+00
   7.2255476e+00
   7.2377857e+00
   7.2499760e+00
   7.2621191e+00
   7.2742152e+00
   7.2862647e+00
   7.2982679e+00
   7.3102254e+00
   7.3221374e+00
   7.3340043e+00
   7.3458264e+00
   7.3576042e+00
   7.3693380e+00
   7.3810281e+00
   7.3926750e+00
   7.4042789e+00
   7.4158403e+00
   7.4273594e+00
   7.4388367e+00
   7.4502725e+00
   7.4616671e+00
   7.4730209e+00
   7.4843342e+00
   7.4956074e+00
   7.5068408e+00
   7.5180348e+00
   7.5291896e+00
   7.5403056e+00
   7.5513832e+00
   7.5624227e+00
   7.5734244e+00
   7.5843886e+00
   7.5953157e+00
   7.6062060e+00
   7.6170598e+00
   7.6278773e+00
   7.6386591e+00
   7.6494052e+00
   7.6601161e+00
   7.6707921e+00
   7.6814335e+00
   7.6920405e+00
   7.7026136e+00
   7.7131529e+00
   7.7236587e+00
   7.7341315e+00
   7.7445714e+00
   7.7549788e+00
   7.7653539e+00
   7.7756970e+00
   7.7860085e+00
   7.7962885e+00
   7.8065375e+00
   7.8167556e+00
   7.8269431e+00
   7.8371003e+00
   7.8472275e+00
   7.8573249e+00
   7.8673928e+00
   7.8774316e+00
   7.8874413e+00
   7.8974223e+00
   7.9073749e+00
   7.9172993e+00
   7.9271957e+00
   7.9370645e+00
   7.9469058e+00
   7.9567199e+00
   7.9665071e+00
   7.9762675e+00
   7.9860015e+00
   7.9957092e+00
   8.0053910e+00
   8.0150470e+00
   8.0246774e+00
   8.0342826e+00
   8.0438627e+00
   8.0534179e+00
   8.0629485e+00
   8.0724547e+00
   8.0819367e+00
   8.0913947e+00
   8.1008290e+00
   8.1102397e+00
   8.1196272e+00
   8.1289915e+00
   8.1383328e+00
   8.1476515e+00
   8.1569477e+00
   8.1662216e+00
   8.1754734e+00
   8.1847033e+00
   8.1939114e+00
   8.2030981e+00
   8.2122635e+00
   8.2214077e+00
   8.2305310e+00
   8.2396335e+00
   8.2487155e+00
   8.2577771e+00
   8.2668185e+00
   8.2758399e+00
   8.2848415e+00
   8.2938234e+00
   8.3027858e+00
   8.3117290e+00
   8.3206529e+00
   8.3295580e+00
   8.3384442e+00
   8.3473118e+00
   8.3561609e+00
   8.3649918e+00
   8.3738045e+00
   8.3825993e+00
   8.3913762e+00
   8.4001355e+00
   8.4088773e+00
   8.4176018e+00
   8.4263091e+00
   8.4349994e+00
   8.4436728e+00
   8.4523295e+00
   8.4609696e+00
   8.4695933e+00
   8.4782007e+00
   8.4867920e+00
   8.4953673e+00
   8.5039267e+00
   8.5124705e+00
   8.5209987e+00
   8.5295114e+00
   8.5380089e+00
   8.5464912e+00
   8.5549586e+00
   8.5634110e+00
   8.5718487e+00
   8.5802718e+00
   8.5886804e+00
   8.5970747e+00
   8.6054547e+00
   8.6138207e+00
   8.6221726e+00
   8.6305108e+00
   8.6388352e+00
   8.6471460e+00
   8.6554434e+00
   8.6637274e+00
   8.6719982e+00
   8.6802559e+00
   8.6885006e+00
   8.6967324e+00
   8.7049515e+00
   8.7131579e+00
   8.7213518e+00
   8.7295333e+00
   8.7377025e+00
   8.7458595e+00
   8.7540044e+00
   8.7621373e+00
   8.7702585e+00
   8.7783678e+00
   8.7864655e+00
   8.7945517e+00
   8.8026265e+00
   8.8106899e+00
   8.8187421e+00
   8.8267833e+00
   8.8348134e+00
   8.8428325e+00
   8.8508409e+00
   8.8588386e+00
   8.8668257e+00
   8.8748022e+00
   8.8827684e+00
   8.8907242e+00
   8.8986698e+00
   8.9066053e+00
   8.9145308e+00
   8.9224463e+00
   8.9303520e+00
   8.9382480e+00
   8.9461343e+00
   8.9540110e+00
   8.9618783e+00
   8.9697362e+00
   8.9775848e+00
   8.9854243e+00
   8.9932546e+00
   9.0010758e+00
   9.0088882e+00
   9.0166917e+00
   9.0244864e+00
   9.0322725e+00
   9.0400499e+00
   9.0478189e+00
   9.0555794e+00
   9.0633316e+00
   9.0710756e+00
   9.0788113e+00
   9.0865390e+00
   9.0942587e+00
   9.1019704e+00
   9.1096743e+00
   9.1173704e+00
   9.1250588e+00
   9.1327395e+00
   9.1404128e+00
   9.1480786e+00
   9.1557370e+00
   9.1633881e+00
   9.1710319e+00
   9.1786686e+00
   9.1862982e+00
   9.1939208e+00
   9.2015365e+00
   9.2091453e+00
   9.2167474e+00
   9.2243427e+00
   9.2319314e+00
   9.2395135e+00
   9.2470891e+00
   9.2546582e+00
   9.2622210e+00
   9.2697775e+00
   9.2773278e+00
   9.2848720e+00
   9.2924101e+00
   9.2999421e+00
   9.3074682e+00
   9.3149884e+00
   9.3225028e+00
   9.3300115e+00
   9.3375145e+00
   9.3450118e+00
   9.3525037e+00
   9.3599900e+00
   9.3674709e+00
   9.3749465e+00
   9.3824167e+00
   9.3898818e+00
   9.3973417e+00
   9.4047964e+00
   9.4122462e+00
   9.4196909e+00
   9.4271308e+00
   9.4345657e+00
   9.4419959e+00
   9.4494214e+00
   9.4568422e+00
   9.4642583e+00
   9.4716700e+00
   9.4790771e+00
   9.4864798e+00
   9.4938781e+00
   9.5012721e+00
   9.5086618e+00
   9.5160473e+00
   9.5234287e+00
   9.5308060e+00
   9.5381793e+00
   9.5455486e+00
   9.5529139e+00
   9.5602754e+00
   9.5676331e+00
   9.5749871e+00
   9.5823373e+00
   9.5896839e+00
   9.5970269e+00
   9.6043664e+00
   9.6117024e+00
   9.6190349e+00
   9.6263641e+00
   9.6336900e+00
   9.6410126e+00
   9.6483320e+00
   9.6556482e+00
   9.6629613e+00
   9.6702713e+00
   9.6775783e+00
   9.6848824e+00
   9.6921836e+00
   9.6994819e+00
   9.7067774e+00
   9.7140701e+00
   9.7213601e+00
   9.7286475e+00
   9.7359322e+00
   9.7432144e+00
   9.7504941e+00
   9.7577713e+00
   9.7650461e+00
   9.7723185e+00
   9.7795886e+00
   9.7868565e+00
   9.7941221e+00
   9.8013855e+00
   9.8086468e+00
   9.8159060e+00
   9.8231632e+00
   9.8304184e+00
   9.8376716e+00
   9.8449229e+00
   9.8521724e+00
   9.8594200e+00
   9.8666659e+00
   9.8739101e+00
   9.8811526e+00
   9.8883934e+00
   9.8956327e+00
   9.9028704e+00
   9.9101066e+00
   9.9173414e+00
   9.9245747e+00
   9.9318067e+00
   9.9390373e+00
   9.9462667e+00
   9.9534948e+00
   9.9607217e+00
   9.9679474e+00
   9.9751721e+00
   9.9823956e+00
   9.9896181e+00
   9.9968396e+00
   1.0004060e+01
   1.0011280e+01
   1.0018499e+01
   1.0025716e+01
   1.0032934e+01
   1.0040150e+01
   1.0047366e+01
   1.0054581e+01
   1.0061795e+01
   1.0069009e+01
   1.0076222e+01
   1.0083435e+01
   1.0090647e+01
   1.0097859e+01
   1.0105070e+01
   1.0112281e+01
   1.0119492e+01
   1.0126702e+01
   1.0133912e+01
   1.0141122e+01
   1.0148332e+01
   1.0155541e+01
   1.0162751e+01
   1.0169960e+01
   1.0177170e+01
   1.0184379e+01
   1.0191589e+01
   1.0198798e+01
   1.0206008e+01
   1.0213218e+01
   1.0220427e+01
   1.0227638e+01
   1.0234848e+01
   1.0242059e+01
   1.0249270e+01
   1.0256481e+01
   1.0263693e+01
   1.0270905e+01
   1.0278118e+01
   1.0285331e+01
   1.0292545e+01
   1.0299759e+01
   1.0306974e+01
   1.0314190e+01
   1.0321406e+01
   1.0328623e+01
   1.0335840e+01
   1.0343059e+01
   1.0350278e+01
   1.0357498e+01
   1.0364719e+01
   1.0371940e+01
   1.0379163e+01
   1.0386387e+01
   1.0393611e+01
   1.0400837e+01
   1.0408063e+01
   1.0415291e+01
   1.0422520e+01
   1.0429750e+01
   1.0436981e+01
   1.0444214e+01
   1.0451447e+01
   1.0458682e+01
   1.0465918e+01
   1.0473156e+01
   1.0480395e+01
   1.0487635e+01
   1.0494876e+01
   1.0502119e+01
   1.0509364e+01
   1.0516610e+01
   1.0523858e+01
   1.0531107e+01
   1.0538358e+01
   1.0545610e+01
   1.0552864e+01
   1.0560120e+01
   1.0567377e+01
   1.0574636e+01
   1.0581897e+01
   1.0589160e+01
   1.0596424e+01
   1.0603690e+01
   1.0610959e+01
   1.0618229e+01
   1.0625501e+01
   1.0632775e+01
   1.0640050e+01
   1.0647328e+01
   1.0654608e+01
   1.0661890e+01
   1.0669174e+01
   1.0676461e+01
   1.0683749e+01
   1.0691040e+01
   1.0698332e+01
   1.0705627e+01
   1.0712924e+01
   1.0720224e+01
   1.0727526e+01
   1.0734830e+01
   1.0742136e+01
   1.0749445e+01
   1.0756756e+01
   1.0764069e+01
   1.0771385e+01
   1.0778704e+01
   1.0786025e+01
   1.0793348e+01
   1.0800674e+01
   1.0808003e+01
   1.0815334e+01
   1.0822668e+01
   1.0830004e+01
   1.0837344e+01
   1.0844685e+01
   1.0852030e+01
   1.0859377e+01
   1.0866727e+01
   1.0874080e+01
   1.0881435e+01
   1.0888794e+01
   1.0896155e+01
   1.0903519e+01
   1.0910886e+01
   1.0918256e+01
   1.0925629e+01
   1.0933005e+01
   1.0940384e+01
   1.0947765e+01
   1.0955150e+01
   1.0962538e+01
   1.0969929e+01
   1.0977323e+01
   1.0984720e+01
   1.0992121e+01
   1.0999524e+01
   1.1006931e+01
   1.1014341e+01
   1.1021754e+01
   1.1029170e+01
   1.1036590e+01
   1.1044013e+01
   1.1051439e+01
   1.1058868e+01
   1.1066301e+01
   1.1073738e+01
   1.1081177e+01
   1.1088620e+01
   1.1096067e+01
   1.1103517e+01
   1.1110970e+01
   1.1118427e+01
   1.1125887e+01
   1.1133351e+01
   1.1140819e+01
   1.1148290e+01
   1.1155765e+01
   1.1163243e+01
   1.1170725e+01
   1.1178210e+01
   1.1185699e+01
   1.1193192e+01
   1.1200689e+01
   1.1208189e+01
   1.1215693e+01
   1.1223201e+01
   1.1230713e+01
   1.1238228e+01
   1.1245748e+01
   1.1253271e+01
   1.1260798e+01
   1.1268328e+01
   1.1275863e+01
   1.1283402e+01
   1.1290944e+01
   1.1298491e+01
   1.1306041e+01
   1.1313596e+01
   1.1321154e+01
   1.1328717e+01
   1.1336283e+01
   1.1343854e+01
   1.1351428e+01
   1.1359007e+01
   1.1366590e+01
   1.1374177e+01
   1.1381768e+01
   1.1389363e+01
   1.1396963e+01
   1.1404566e+01
   1.1412174e+01
   1.1419786e+01
   1.1427403e+01
   1.1435023e+01
   1.1442648e+01
   1.1450277e+01
   1.1457911e+01
   1.1465549e+01
   1.1473191e+01
   1.1480837e+01
   1.1488488e+01
   1.1496143e+01
   1.1503803e+01
   1.1511467e+01
   1.1519136e+01
   1.1526809e+01
   1.1534486e+01
   1.1542168e+01
   1.1549855e+01
   1.1557546e+01
   1.1565241e+01
   1.1572941e+01
   1.1580646e+01
   1.1588355e+01
   1.1596069e+01
   1.1603787e+01
   1.1611510e+01
   1.1619238e+01
   1.1626970e+01
   1.1634707e+01
   1.1642449e+01
   1.1650196e+01
   1.1657947e+01
   1.1665703e+01
   1.1673463e+01
   1.1681229e+01
   1.1688999e+01
   1.1696774e+01
   1.1704554e+01
   1.1712338e+01
   1.1720128e+01
   1.1727922e+01
   1.1735721e+01
   1.1743525e+01
   1.1751334e+01
   1.1759148e+01
   1.1766967e+01
   1.1774791e+01
   1.1782619e+01
   1.1790453e+01
   1.1798291e+01
   1.1806135e+01
   1.1813984e+01
   1.1821837e+01
   1.1829696e+01
   1.1837560e+01
   1.1845428e+01
   1.1853302e+01
   1.1861181e+01
   1.1869065e+01
   1.1876954e+01
   1.1884849e+01
   1.1892748e+01
   1.1900653e+01
   1.1908563e+01
   1.1916478e+01
   1.1924398e+01
   1.1932323e+01
   1.1940254e+01
   1.1948190e+01
   1.1956131e+01
   1.1964077e+01
   1.1972029e+01
   1.1979985e+01
   1.1987948e+01
   1.1995915e+01
   1.2003888e+01
   1.2011866e+01
   1.2019850e+01
   1.2027839e+01
   1.2035833e+01
   1.2043833e+01
   1.2051838e+01
   1.2059849e+01
   1.2067865e+01
   1.2075886e+01
   1.2083913e+01
   1.2091945e+01
   1.2099983e+01
   1.2108026e+01
   1.2116075e+01
   1.2124130e+01
   1.2132189e+01
   1.2140255e+01
   1.2148326e+01
   1.2156403e+01
   1.2164485e+01
   1.2172572e+01
   1.2180666e+01
   1.2188765e+01
   1.2196869e+01
   1.2204980e+01
   1.2213095e+01
   1.2221217e+01
   1.2229344e+01
   1.2237477e+01
   1.2245616e+01
   1.2253760e+01
   1.2261910e+01
   1.2270066e+01
   1.2278228e+01
   1.2286395e+01
   1.2294568e+01
   1.2302747e+01
   1.2310932e+01
   1.2319122e+01
   1.2327319e+01
   1.2335521e+01
   1.2343729e+01
   1.2351943e+01
   1.2360163e+01
   1.2368388e+01
   1.2376620e+01
   1.2384857e+01
   1.2393101e+01
   1.2401350e+01
   1.2409605e+01
   1.2417867e+01
   1.2426134e+01
   1.2434407e+01
   1.2442686e+01
   1.2450971e+01
   1.2459262e+01
   1.2467560e+01
   1.2475863e+01
   1.2484172e+01
   1.2492488e+01
   1.2500809e+01
   1.2509136e+01
   1.2517470e+01
   1.2525810e+01
   1.2534155e+01
   1.2542507e+01
   1.2550865e+01
   1.2559230e+01
   1.2567600e+01
   1.2575977e+01
   1.2584359e+01
   1.2592748e+01
   1.2601144e+01
   1.2609545e+01
   1.2617953e+01
   1.2626366e+01
   1.2634787e+01
   1.2643213e+01
   1.2651646e+01
   1.2660085e+01
   1.2668530e+01
   1.2676981e+01
   1.2685439e+01
   1.2693903e+01
   1.2702374e+01
   1.2710851e+01
   1.2719334e+01
   1.2727824e+01
   1.2736320e+01
   1.2744823e+01
   1.2753332e+01
   1.2761847e+01
   1.2770369e+01
   1.2778897e+01
   1.2787432e+01
   1.2795973e+01
   1.2804520e+01
   1.2813075e+01
   1.2821635e+01
   1.2830202e+01
   1.2838776e+01
   1.2847356e+01
   1.2855943e+01
   1.2864537e+01
   1.2873137e+01
   1.2881743e+01
   1.2890356e+01
   1.2898976e+01
   1.2907602e+01
   1.2916236e+01
   1.2924875e+01
   1.2933522e+01
   1.2942175e+01
   1.2950834e+01
   1.2959501e+01
   1.2968174e+01
   1.2976854e+01
   1.2985540e+01
   1.2994234e+01
   1.3002934e+01
   1.3011640e+01
   1.3020354e+01
   1.3029074e+01
   1.3037802e+01
   1.3046536e+01
   1.3055277e+01
   1.3064024e+01
   1.3072779e+01
   1.3081540e+01
   1.3090308e+01
   1.3099084e+01
   1.3107866e+01
   1.3116655e+01
   1.3125450e+01
   1.3134253e+01
   1.3143063e+01
   1.3151880e+01
   1.3160704e+01
   1.3169534e+01
   1.3178372e+01
   1.3187217e+01
   1.3196068e+01
   1.3204927e+01
   1.3213793e+01
   1.3222666e+01
   1.3231546e+01
   1.3240433e+01
   1.3249327e+01
   1.3258228e+01
   1.3267136e+01
   1.3276052e+01
   1.3284974e+01
   1.3293904e+01
   1.3302841e+01
   1.3311785e+01
   1.3320736e+01
   1.3329695e+01
   1.3338660e+01
   1.3347633e+01
   1.3356614e+01
   1.3365601e+01
   1.3374596e+01
   1.3383598e+01
   1.3392607e+01
   1.3401624e+01
   1.3410648e+01
   1.3419679e+01
   1.3428718e+01
   1.3437764e+01
   1.3446817e+01
   1.3455878e+01
   1.3464946e+01
   1.3474021e+01
   1.3483104e+01
   1.3492195e+01
   1.3501293e+01
   1.3510398e+01
   1.3519511e+01
   1.3528631e+01
   1.3537759e+01
   1.3546895e+01
   1.3556038e+01
   1.3565188e+01
   1.3574346e+01
   1.3583512e+01
   1.3592685e+01
   1.3601866e+01
   1.3611054e+01
   1.3620250e+01
   1.3629454e+01
   1.3638665e+01
   1.3647884e+01
   1.3657111e+01
   1.3666346e+01
   1.3675588e+01
   1.3684838e+01
   1.3694095e+01
   1.3703361e+01
   1.3712634e+01
   1.3721915e+01
   1.3731204e+01
   1.3740500e+01
   1.3749805e+01
   1.3759117e+01
   1.3768437e+01
   1.3777765e+01
   1.3787101e+01
   1.3796445e+01
   1.3805796e+01
   1.3815156e+01
   1.3824524e+01
   1.3833899e+01
   1.3843283e+01
   1.3852674e+01
   1.3862074e+01
   1.3871482e+01
   1.3880897e+01
   1.3890321e+01
   1.3899753e+01
   1.3909193e+01
   1.3918641e+01
   1.3928097e+01
   1.3937561e+01
   1.3947033e+01
   1.3956514e+01
   1.3966003e+01
   1.3975500e+01
   1.3985005e+01
   1.3994518e+01
   1.4004040e+01
   1.4013570e+01
   1.4023108e+01
   1.4032655e+01
   1.4042209e+01
   1.4051773e+01
   1.4061344e+01
   1.4070924e+01
   1.4080512e+01
   1.4090109e+01
   1.4099714e+01
   1.4109327e+01
   1.4118949e+01
   1.4128580e+01
   1.4138219e+01
   1.4147866e+01
   1.4157522e+01
   1.4167186e+01
   1.4176859e+01
   1.4186541e+01
   1.4196231e+01
   1.4205930e+01
   1.4215637e+01
   1.4225353e+01
   1.4235078e+01
   1.4244811e+01
   1.4254553e+01
   1.4264304e+01
   1.4274064e+01
   1.4283832e+01
   1.4293609e+01
   1.4303395e+01
   1.4313189e+01
   1.4322993e+01
   1.4332805e+01
   1.4342626e+01
   1.4352456e+01
   1.4362295e+01
   1.4372143e+01
   1.4381999e+01
   1.4391865e+01
   1.4401740e+01
   1.4411623e+01
   1.4421516e+01
   1.4431418e+01
   1.4441329e+01
   1.4451248e+01
   1.4461177e+01
   1.4471115e+01
   1.4481063e+01
   1.4491019e+01
   1.4500984e+01
   1.4510959e+01
   1.4520943e+01
   1.4530936e+01
   1.4540938e+01
   1.4550950e+01
   1.4560971e+01
   1.4571001e+01
   1.4581041e+01
   1.4591090e+01
   1.4601148e+01
   1.4611216e+01
   1.4621293e+01
   1.4631379e+01
   1.4641475e+01
   1.4651581e+01
   1.4661696e+01
   1.4671820e+01
   1.4681954e+01
   1.4692098e+01
   1.4702251e+01
   1.4712414e+01
   1.4722586e+01
   1.4732768e+01
   1.4742960e+01
   1.4753162e+01
   1.4763373e+01
   1.4773594e+01
   1.4783825e+01
   1.4794065e+01
   1.4804315e+01
   1.4814576e+01
   1.4824846e+01
   1.4835125e+01
   1.4845415e+01
   1.4855715e+01
   1.4866025e+01
   1.4876344e+01
   1.4886674e+01
   1.4897014e+01
   1.4907363e+01
   1.4917723e+01
   1.4928093e+01
   1.4938473e+01
   1.4948863e+01
   1.4959263e+01
   1.4969674e+01
   1.4980094e+01
   1.4990525e+01
   1.5000967e+01
   1.5011418e+01
   1.5021880e+01
   1.5032352e+01
   1.5042835e+01
   1.5053327e+01
   1.5063831e+01
   1.5074345e+01
   1.5084869e+01
   1.5095403e+01
   1.5105949e+01
   1.5116504e+01
   1.5127071e+01
   1.5137648e+01
   1.5148235e+01
   1.5158834e+01
   1.5169442e+01
   1.5180062e+01
   1.5190692e+01
   1.5201333e+01
   1.5211985e+01
   1.5222648e+01
   1.5233321e+01
   1.5244006e+01
   1.5254701e+01
   1.5265407e+01
   1.5276124e+01
   1.5286852e+01
   1.5297592e+01
   1.5308342e+01
   1.5319103e+01
   1.5329875e+01
   1.5340659e+01
   1.5351453e+01
   1.5362259e+01
   1.5373076e+01
   1.5383904e+01
   1.5394743e+01
   1.5405594e+01
   1.5416456e+01
   1.5427329e+01
   1.5438214e+01
   1.5449110e+01
   1.5460018e+01
   1.5470937e+01
   1.5481868e+01
   1.5492810e+01
   1.5503763e+01
   1.5514728e+01
   1.5525705e+01
   1.5536694e+01
   1.5547694e+01
   1.5558706e+01
   1.5569729e+01
   1.5580765e+01
   1.5591812e+01
   1.5602871e+01
   1.5613942e+01
   1.5625025e+01
   1.5636119e+01
   1.5647226e+01
   1.5658345e+01
   1.5669475e+01
   1.5680618e+01
   1.5691773e+01
   1.5702940e+01
   1.5714119e+01
   1.5725311e+01
   1.5736514e+01
   1.5747730e+01
   1.5758958e+01
   1.5770198e+01
   1.5781451e+01
   1.5792716e+01
   1.5803994e+01
   1.5815284e+01
   1.5826586e+01
   1.5837902e+01
   1.5849229e+01
   1.5860569e+01
   1.5871922e+01
   1.5883288e+01
   1.5894666e+01
   1.5906057e+01
   1.5917461e+01
   1.5928877e+01
   1.5940306e+01
   1.5951749e+01
   1.5963204e+01
   1.5974672e+01
   1.5986153e+01
   1.5997647e+01
   1.6009154e+01
   1.6020674e+01
   1.6032208e+01
   1.6043754e+01
   1.6055314e+01
   1.6066887e+01
   1.6078473e+01
   1.6090073e+01
   1.6101686e+01
   1.6113312e+01
   1.6124952e+01
   1.6136605e+01
   1.6148271e+01
   1.6159952e+01
   1.6171645e+01
   1.6183353e+01
   1.6195074e+01
   1.6206809e+01
   1.6218557e+01
   1.6230319e+01
   1.6242095e+01
   1.6253885e+01
   1.6265689e+01
   1.6277507e+01
   1.6289339e+01
   1.6301184e+01
   1.6313044e+01
   1.6324918e+01
   1.6336806e+01
   1.6348708e+01
   1.6360624e+01
   1.6372555e+01
   1.6384500e+01
   1.6396459e+01
   1.6408433e+01
   1.6420421e+01
   1.6432423e+01
   1.6444440e+01
   1.6456472e+01
   1.6468518e+01
   1.6480578e+01
   1.6492654e+01
   1.6504744e+01
   1.6516849e+01
   1.6528968e+01
   1.6541103e+01
   1.6553252e+01
   1.6565416e+01
   1.6577595e+01
   1.6589790e+01
   1.6601999e+01
   1.6614223e+01
   1.6626463e+01
   1.6638717e+01
   1.6650987e+01
   1.6663272e+01
   1.6675573e+01
   1.6687889e+01
   1.6700220e+01
   1.6712566e+01
   1.6724929e+01
   1.6737306e+01
   1.6749699e+01
   1.6762108e+01
   1.6774533e+01
   1.6786973e+01
   1.6799429e+01
   1.6811901e+01
   1.6824389e+01
   1.6836892e+01
   1.6849412e+01
   1.6861947e+01
   1.6874499e+01
   1.6887066e+01
   1.6899650e+01
   1.6912250e+01
   1.6924866e+01
   1.6937499e+01
   1.6950147e+01
   1.6962812e+01
   1.6975494e+01
   1.6988192e+01
   1.7000906e+01
   1.7013637e+01
   1.7026385e+01
   1.7039149e+01
   1.7051930e+01
   1.7064728e+01
   1.7077542e+01
   1.7090374e+01
   1.7103222e+01
   1.7116087e+01
   1.7128969e+01
   1.7141869e+01
   1.7154785e+01
   1.7167718e+01
   1.7180669e+01
   1.7193637e+01
   1.7206622e+01
   1.7219624e+01
   1.7232644e+01
   1.7245681e+01
   1.7258736e+01
   1.7271808e+01
   1.7284898e+01
   1.7298006e+01
   1.7311131e+01
   1.7324274e+01
   1.7337435e+01
   1.7350613e+01
   1.7363809e+01
   1.7377024e+01
   1.7390256e+01
   1.7403506e+01
   1.7416775e+01
   1.7430062e+01
   1.7443366e+01
   1.7456689e+01
   1.7470031e+01
   1.7483390e+01
   1.7496768e+01
   1.7510165e+01
   1.7523580e+01
   1.7537013e+01
   1.7550466e+01
   1.7563936e+01
   1.7577426e+01
   1.7590934e+01
   1.7604461e+01
   1.7618007e+01
   1.7631572e+01
   1.7645156e+01
   1.7658759e+01
   1.7672381e+01
   1.7686022e+01
   1.7699682e+01
   1.7713361e+01
   1.7727060e+01
   1.7740778e+01
   1.7754516e+01
   1.7768272e+01
   1.7782049e+01
   1.7795845e+01
   1.7809660e+01
   1.7823495e+01
   1.7837350e+01
   1.7851225e+01
   1.7865119e+01
   1.7879034e+01
   1.7892968e+01
   1.7906922e+01
   1.7920896e+01
   1.7934891e+01
   1.7948905e+01
   1.7962940e+01
   1.7976995e+01
   1.7991070e+01
   1.8005165e+01
   1.8019281e+01
   1.8033417e+01
   1.8047574e+01
   1.8061751e+01
   1.8075949e+01
   1.8090168e+01
   1.8104407e+01
   1.8118668e+01
   1.8132948e+01
   1.8147250e+01
   1.8161573e+01
   1.8175917e+01
   1.8190281e+01
   1.8204667e+01
   1.8219074e+01
   1.8233502e+01
   1.8247952e+01
   1.8262422e+01
   1.8276914e+01
   1.8291428e+01
   1.8305962e+01
   1.8320519e+01
   1.8335097e+01
   1.8349696e+01
   1.8364317e+01
   1.8378960e+01
   1.8393625e+01
   1.8408311e+01
   1.8423019e+01
   1.8437749e+01
   1.8452502e+01
   1.8467276e+01
   1.8482072e+01
   1.8496890e+01
   1.8511731e+01
   1.8526593e+01
   1.8541478e+01
   1.8556386e+01
   1.8571315e+01
   1.8586267e+01
   1.8601242e+01
   1.8616239e+01
   1.8631259e+01
   1.8646301e+01
   1.8661366e+01
   1.8676453e+01
   1.8691564e+01
   1.8706697e+01
   1.8721853e+01
   1.8737032e+01
   1.8752234e+01
   1.8767458e+01
   1.8782706e+01
   1.8797977e+01
   1.8813271e+01
   1.8828589e+01
   1.8843929e+01
   1.8859293e+01
   1.8874680e+01
   1.8890091e+01
   1.8905525e+01
   1.8920982e+01
   1.8936463e+01
   1.8951967e+01
   1.8967495e+01
   1.8983047e+01
   1.8998622e+01
   1.9014221e+01
   1.9029844e+01
   1.9045490e+01
   1.9061161e+01
   1.9076855e+01
   1.9092573e+01
   1.9108315e+01
   1.9124081e+01
   1.9139871e+01
   1.9155686e+01
   1.9171524e+01
   1.9187386e+01
   1.9203273e+01
   1.9219184e+01
   1.9235119e+01
   1.9251079e+01
   1.9267063e+01
   1.9283071e+01
   1.9299103e+01
   1.9315160e+01
   1.9331242e+01
   1.9347348e+01
   1.9363478e+01
   1.9379633e+01
   1.9395813e+01
   1.9412018e+01
   1.9428247e+01
   1.9444500e+01
   1.9460779e+01
   1.9477082e+01
   1.9493410e+01
   1.9509763e+01
   1.9526140e+01
   1.9542543e+01
   1.9558970e+01
   1.9575422e+01
   1.9591899e+01
   1.9608402e+01
   1.9624929e+01
   1.9641481e+01
   1.9658058e+01
   1.9674660e+01
   1.9691287e+01
   1.9707940e+01
   1.9724617e+01
   1.9741320e+01
   1.9758047e+01
   1.9774800e+01
   1.9791578e+01
   1.9808381e+01
   1.9825209e+01
   1.9842063e+01
   1.9858942e+01
   1.9875846e+01
   1.9892775e+01
   1.9909729e+01
   1.9926709e+01
   1.9943714e+01
   1.9960744e+01
   1.9977800e+01
   1.9994881e+01
   2.0011987e+01
   2.0029118e+01
   2.0046274e+01
   2.0063456e+01
   2.0080664e+01
   2.0097896e+01
   2.0115154e+01
   2.0132437e+01
   2.0149745e+01
   2.0167079e+01
   2.0184437e+01
   2.0201821e+01
   2.0219231e+01
   2.0236665e+01
   2.0254125e+01
   2.0271610e+01
   2.0289120e+01
   2.0306655e+01
   2.0324215e+01
   2.0341801e+01
   2.0359412e+01
   2.0377047e+01
   2.0394708e+01
   2.0412394e+01
   2.0430105e+01
   2.0447841e+01
   2.0465602e+01
   2.0483388e+01
   2.0501199e+01
   2.0519034e+01
   2.0536895e+01
   2.0554780e+01
   2.0572690e+01
   2.0590625e+01
   2.0608585e+01
   2.0626569e+01
   2.0644578e+01
   2.0662612e+01
   2.0680670e+01
   2.0698752e+01
   2.0716859e+01
   2.0734991e+01
   2.0753147e+01
   2.0771327e+01
   2.0789531e+01
   2.0807760e+01
   2.0826013e+01
   2.0844289e+01
   2.0862590e+01
   2.0880915e+01
   2.0899264e+01
   2.0917636e+01
   2.0936033e+01
   2.0954453e+01
   2.0972896e+01
   2.0991364e+01
   2.1009855e+01
   2.1028369e+01
   2.1046906e+01
   2.1065467e+01
   2.1084051e+01
   2.1102658e+01
   2.1121288e+01
   2.1139941e+01
   2.1158617e+01
   2.1177316e+01
   2.1196037e+01
   2.1214781e+01
   2.1233548e+01
   2.1252337e+01
   2.1271148e+01
   2.1289981e+01
   2.1308836e+01
   2.1327714e+01
   2.1346613e+01
   2.1365534e+01
   2.1384477e+01
   2.1403441e+01
   2.1422427e+01
   2.1441434e+01
   2.1460462e+01
   2.1479511e+01
   2.1498581e+01
   2.1517672e+01
   2.1536784e+01
   2.1555917e+01
   2.1575070e+01
   2.1594243e+01
   2.1613436e+01
   2.1632650e+01
   2.1651883e+01
   2.1671136e+01
   2.1690409e+01
   2.1709701e+01
   2.1729013e+01
   2.1748344e+01
   2.1767694e+01
   2.1787062e+01
   2.1806450e+01
   2.1825856e+01
   2.1845281e+01
   2.1864723e+01
   2.1884184e+01
   2.1903663e+01
   2.1923160e+01
   2.1942674e+01
   2.1962206e+01
   2.1981755e+01
   2.2001321e+01
   2.2020904e+01
   2.2040504e+01
   2.2060120e+01
   2.2079753e+01
   2.2099401e+01
   2.2119066e+01
   2.2138747e+01
   2.2158443e+01
   2.2178155e+01
   2.2197882e+01
   2.2217624e+01
   2.2237380e+01
   2.2257152e+01
   2.2276937e+01
   2.2296737e+01
   2.2316552e+01
   2.2336379e+01
   2.2356221e+01
   2.2376076e+01
   2.2395944e+01
   2.2415824e+01
   2.2435718e+01
   2.2455624e+01
   2.2475543e+01
   2.2495473e+01
   2.2515415e+01
   2.2535369e+01
   2.2555334e+01
   2.2575311e+01
   2.2595298e+01
   2.2615296e+01
   2.2635304e+01
   2.2655323e+01
   2.2675351e+01
   2.2695390e+01
   2.2715437e+01
   2.2735494e+01
   2.2755560e+01
   2.2775634e+01
   2.2795717e+01
   2.2815808e+01
   2.2835908e+01
   2.2856014e+01
   2.2876128e+01
   2.2896250e+01
   2.2916378e+01
   2.2936513e+01
   2.2956654e+01
   2.2976802e+01
   2.2996955e+01
   2.3017114e+01
   2.3037278e+01
   2.3057447e+01
   2.3077621e+01
   2.3097799e+01
   2.3117982e+01
   2.3138168e+01
   2.3158359e+01
   2.3178552e+01
   2.3198749e+01
   2.3218948e+01
   2.3239150e+01
   2.3259354e+01
   2.3279560e+01
   2.3299768e+01
   2.3319977e+01
   2.3340187e+01
   2.3360398e+01
   2.3380609e+01
   2.3400821e+01
   2.3421032e+01
   2.3441243e+01
   2.3461453e+01
   2.3481663e+01
   2.3501871e+01
   2.3522077e+01
   2.3542282e+01
   2.3562484e+01
   2.3582684e+01
   2.3602881e+01
   2.3623075e+01
   2.3643265e+01
   2.3663452e+01
   2.3683634e+01
   2.3703812e+01
   2.3723986e+01
   2.3744155e+01
   2.3764318e+01
   2.3784476e+01
   2.3804627e+01
   2.3824773e+01
   2.3844912e+01
   2.3865044e+01
   2.3885169e+01
   2.3905286e+01
   2.3925396e+01
   2.3945497e+01
   2.3965590e+01
   2.3985674e+01
   2.4005749e+01
   2.4025814e+01
   2.4045870e+01
   2.4065916e+01
   2.4085951e+01
   2.4105975e+01
   2.4125988e+01
   2.4145990e+01
   2.4165980e+01
   2.4185958e+01
   2.4205924e+01
   2.4225877e+01
   2.4245817e+01
   2.4265743e+01
   2.4285655e+01
   2.4305554e+01
   2.4325438e+01
   2.4345307e+01
   2.4365161e+01
   2.4384999e+01
   2.4404822e+01
   2.4424628e+01
   2.4444418e+01
   2.4464191e+01
   2.4483947e+01
   2.4503685e+01
   2.4523405e+01
   2.4543107e+01
   2.4562790e+01
   2.4582454e+01
   2.4602099e+01
   2.4621724e+01
   2.4641329e+01
   2.4660913e+01
   2.4680476e+01
   2.4700019e+01
   2.4719539e+01
   2.4739038e+01
   2.4758514e+01
   2.4777967e+01
   2.4797398e+01
   2.4816804e+01
   2.4836187e+01
   2.4855545e+01
   2.4874879e+01
   2.4894188e+01
   2.4913471e+01
   2.4932728e+01
   2.4951959e+01
   2.4971163e+01
   2.4990339e+01
   2.5009489e+01
   2.5028610e+01
   2.5047703e+01
   2.5066767e+01
   2.5085801e+01
   2.5104806e+01
   2.5123781e+01
   2.5142725e+01
   2.5161639e+01
   2.5180520e+01
   2.5199370e+01
   2.5218187e+01
   2.5236972e+01
   2.5255723e+01
   2.5274440e+01
   2.5293123e+01
   2.5311771e+01
   2.5330384e+01
   2.5348961e+01
   2.5367502e+01
   2.5386006e+01
   2.5404473e+01
   2.5422902e+01
   2.5441292e+01
   2.5459644e+01
   2.5477957e+01
   2.5496230e+01
   2.5514462e+01
   2.5532653e+01
   2.5550803e+01
   2.5568910e+01
   2.5586975e+01
   2.5604997e+01
   2.5622975e+01
   2.5640909e+01
   2.5658797e+01
   2.5676640e+01
   2.5694437e+01
   2.5712187e+01
   2.5729890e+01
   2.5747545e+01
   2.5765151e+01
   2.5782707e+01
   2.5800214e+01
   2.5817670e+01
   2.5835075e+01
   2.5852428e+01
   2.5869729e+01
   2.5886976e+01
   2.5904169e+01
   2.5921308e+01
   2.5938391e+01
   2.5955418e+01
   2.5972388e+01
   2.5989301e+01
   2.6006155e+01
   2.6022951e+01
   2.6039687e+01
   2.6056362e+01
   2.6072976e+01
   2.6089528e+01
   2.6106017e+01
   2.6122442e+01
   2.6138803e+01
   2.6155098e+01
   2.6171328e+01
   2.6187491e+01
   2.6203586e+01
   2.6219612e+01
   2.6235569e+01
   2.6251455e+01
   2.6267271e+01
   2.6283014e+01
   2.6298684e+01
   2.6314281e+01
   2.6329803e+01
   2.6345249e+01
   2.6360618e+01
   2.6375910e+01
   2.6391124e+01
   2.6406258e+01
   2.6421312e+01
   2.6436284e+01
   2.6451174e+01
   2.6465981e+01
   2.6480703e+01
   2.6495340e+01
   2.6509891e+01
   2.6524355e+01
   2.6538730e+01
   2.6553016e+01
   2.6567211e+01
   2.6581315e+01
   2.6595326e+01
   2.6609244e+01
   2.6623066e+01
   2.6636793e+01
   2.6650423e+01
   2.6663955e+01
   2.6677388e+01
   2.6690721e+01
   2.6703952e+01
   2.6717080e+01
   2.6730105e+01
   2.6743025e+01
   2.6755839e+01
   2.6768545e+01
   2.6781143e+01
   2.6793631e+01
   2.6806009e+01
   2.6818274e+01
   2.6830427e+01
   2.6842464e+01
   2.6854386e+01
   2.6866191e+01
   2.6877877e+01
   2.6889444e+01
   2.6900890e+01
   2.6912214e+01
   2.6923414e+01
   2.6934490e+01
   2.6945439e+01
   2.6956261e+01
   2.6966955e+01
   2.6977518e+01
   2.6987950e+01
   2.6998249e+01
   2.7008413e+01
   2.7018443e+01
   2.7028335e+01
   2.7038089e+01
   2.7047703e+01
   2.7057176e+01
   2.7066507e+01
   2.7075693e+01
   2.7084734e+01
   2.7093628e+01
   2.7102374e+01
   2.7110970e+01
   2.7119414e+01
   2.7127706e+01
   2.7135843e+01
   2.7143824e+01
   2.7151648e+01
   2.7159313e+01
   2.7166818e+01
   2.7174160e+01
   2.7181340e+01
   2.7188354e+01
   2.7195201e+01
   2.7201880e+01
   2.7208389e+01
   2.7214726e+01
   2.7220891e+01
   2.7226880e+01
   2.7232694e+01
   2.7238329e+01
   2.7243784e+01
   2.7249058e+01
   2.7254150e+01
   2.7259056e+01
   2.7263776e+01
   2.7268307e+01
   2.7272649e+01
   2.7276799e+01
   2.7280756e+01
   2.7284518e+01
   2.7288082e+01
   2.7291448e+01
   2.7294614e+01
   2.7297577e+01
   2.7300336e+01
   2.7302889e+01
   2.7305234e+01
   2.7307370e+01
   2.7309294e+01
   2.7311005e+01
   2.7312501e+01
   2.7313779e+01
   2.7314838e+01
   2.7315677e+01
   2.7316292e+01
   2.7316682e+01
   2.7316846e+01
   2.7316781e+01
   2.7316485e+01
   2.7315956e+01
   2.7315192e+01
   2.7314191e+01
   2.7312952e+01
   2.7311471e+01
   2.7309748e+01
   2.7307779e+01
   2.7305563e+01
   2.7303098e+01
   2.7300381e+01
   2.7297411e+01
   2.7294185e+01
   2.7290700e+01
   2.7286956e+01
   2.7282950e+01
   2.7278679e+01
   2.7274141e+01
   2.7269334e+01
   2.7264256e+01
   2.7258905e+01
   2.7253277e+01
   2.7247372e+01
   2.7241186e+01
   2.7234717e+01
   2.7227964e+01
   2.7220922e+01
   2.7213591e+01
   2.7205968e+01
   2.7198050e+01
   2.7189835e+01
   2.7181321e+01
   2.7172505e+01
   2.7163384e+01
   2.7153956e+01
   2.7144219e+01
   2.7134171e+01
   2.7123807e+01
   2.7113127e+01
   2.7102127e+01
   2.7090805e+01
   2.7079159e+01
   2.7067185e+01
   2.7054881e+01
   2.7042245e+01
   2.7029273e+01
   2.7015964e+01
   2.7002314e+01
   2.6988320e+01
   2.6973981e+01
   2.6959293e+01
   2.6944254e+01
   2.6928860e+01
   2.6913110e+01
   2.6897000e+01
   2.6880527e+01
   2.6863689e+01
   2.6846483e+01
   2.6828906e+01
   2.6810955e+01
   2.6792628e+01
   2.6773920e+01
   2.6754831e+01
   2.6735356e+01
   2.6715493e+01
   2.6695238e+01
   2.6674590e+01
   2.6653544e+01
   2.6632098e+01
   2.6610250e+01
   2.6587995e+01
   2.6565331e+01
   2.6542256e+01
   2.6518765e+01
   2.6494857e+01
   2.6470528e+01
   2.6445774e+01
   2.6420593e+01
   2.6394983e+01
   2.6368939e+01
   2.6342459e+01
   2.6315540e+01
   2.6288178e+01
   2.6260371e+01
   2.6232116e+01
   2.6203409e+01
   2.6174247e+01
   2.6144628e+01
   2.6114548e+01
   2.6084004e+01
   2.6052993e+01
   2.6021513e+01
   2.5989559e+01
   2.5957129e+01
   2.5924219e+01
   2.5890828e+01
   2.5856951e+01
   2.5822586e+01
   2.5787729e+01
   2.5752378e+01
   2.5716530e+01
   2.5680181e+01
   2.5643328e+01
   2.5605969e+01
   2.5568101e+01
   2.5529720e+01
   2.5490824e+01
   2.5451410e+01
   2.5411474e+01
   2.5371014e+01
   2.5330028e+01
   2.5288511e+01
   2.5246462e+01
   2.5203878e+01
   2.5160755e+01
   2.5117091e+01
   2.5072884e+01
   2.5028130e+01
   2.4982828e+01
   2.4936973e+01
   2.4890565e+01
   2.4843599e+01
   2.4796075e+01
   2.4747988e+01
   2.4699338e+01
   2.4650120e+01
   2.4600334e+01
   2.4549977e+01
   2.4499045e+01
   2.4447539e+01
   2.4395454e+01
   2.4342789e+01
   2.4289542e+01
   2.4235711e+01
   2.4181294e+01
   2.4126290e+01
   2.4070695e+01
   2.4014509e+01
   2.3957730e+01
   2.3900356e+01
   2.3842386e+01
   2.3783817e+01
   2.3724650e+01
   2.3664882e+01
   2.3604512e+01
   2.3543540e+01
   2.3481963e+01
   2.3419781e+01
   2.3356993e+01
   2.3293598e+01
   2.3229596e+01
   2.3164985e+01
   2.3099766e+01
   2.3033937e+01
   2.2967499e+01
   2.2900450e+01
   2.2832792e+01
   2.2764523e+01
   2.2695644e+01
   2.2626156e+01
   2.2556057e+01
   2.2485350e+01
   2.2414033e+01
   2.2342108e+01
   2.2269576e+01
   2.2196437e+01
   2.2122693e+01
   2.2048344e+01
   2.1973392e+01
   2.1897838e+01
   2.1821683e+01
   2.1744930e+01
   2.1667579e+01
   2.1589634e+01
   2.1511095e+01
   2.1431966e+01
   2.1352248e+01
   2.1271944e+01
   2.1191056e+01
   2.1109588e+01
   2.1027542e+01
   2.0944921e+01
   2.0861729e+01
   2.0777969e+01
   2.0693645e+01
   2.0608759e+01
   2.0523317e+01
   2.0437322e+01
   2.0350779e+01
   2.0263691e+01
   2.0176063e+01
   2.0087901e+01
   1.9999208e+01
   1.9909990e+01
   1.9820253e+01
   1.9730001e+01
   1.9639240e+01
   1.9547976e+01
   1.9456215e+01
   1.9363962e+01
   1.9271225e+01
   1.9178010e+01
   1.9084322e+01
   1.8990170e+01
   1.8895560e+01
   1.8800500e+01
   1.8704996e+01
   1.8609056e+01
   1.8512688e+01
   1.8415900e+01
   1.8318700e+01
   1.8221096e+01
   1.8123096e+01
   1.8024710e+01
   1.7925946e+01
   1.7826813e+01
   1.7727320e+01
   1.7627477e+01
   1.7527292e+01
   1.7426777e+01
   1.7325940e+01
   1.7224791e+01
   1.7123342e+01
   1.7021601e+01
   1.6919581e+01
   1.6817290e+01
   1.6714741e+01
   1.6611944e+01
   1.6508910e+01
   1.6405652e+01
   1.6302179e+01
   1.6198504e+01
   1.6094638e+01
   1.5990594e+01
   1.5886384e+01
   1.5782019e+01
   1.5677512e+01
   1.5572875e+01
   1.5468121e+01
   1.5363262e+01
   1.5258312e+01
   1.5153283e+01
   1.5048188e+01
   1.4943040e+01
   1.4837852e+01
   1.4732638e+01
   1.4627410e+01
   1.4522183e+01
   1.4416970e+01
   1.4311783e+01
   1.4206637e+01
   1.4101546e+01
   1.3996523e+01
   1.3891581e+01
   1.3786734e+01
   1.3681997e+01
   1.3577383e+01
   1.3472905e+01
   1.3368577e+01
   1.3264414e+01
   1.3160428e+01
   1.3056634e+01
   1.2953045e+01
   1.2849675e+01
   1.2746538e+01
   1.2643646e+01
   1.2541013e+01
   1.2438653e+01
   1.2336580e+01
   1.2234805e+01
   1.2133343e+01
   1.2032206e+01
   1.1931407e+01
   1.1830959e+01
   1.1730875e+01
   1.1631167e+01
   1.1531848e+01
   1.1432929e+01
   1.1334423e+01
   1.1236342e+01
   1.1138696e+01
   1.1041499e+01
   1.0944761e+01
   1.0848493e+01
   1.0752706e+01
   1.0657412e+01
   1.0562619e+01
   1.0468340e+01
   1.0374583e+01
   1.0281359e+01
   1.0188676e+01
   1.0096546e+01
   1.0004975e+01
   9.9139744e+00
   9.8235514e+00
   9.7337145e+00
   9.6444719e+00
   9.5558313e+00
   9.4678001e+00
   9.3803856e+00
   9.2935946e+00
   9.2074339e+00
   9.1219097e+00
   9.0370282e+00
   8.9527951e+00
   8.8692159e+00
   8.7862959e+00
   8.7040398e+00
   8.6224524e+00
   8.5415380e+00
   8.4613006e+00
   8.3817439e+00
   8.3028713e+00
   8.2246862e+00
   8.1471913e+00
   8.0703893e+00
   7.9942825e+00
   7.9188728e+00
   7.8441622e+00
   7.7701520e+00
   7.6968434e+00
   7.6242375e+00
   7.5523348e+00
   7.4811359e+00
   7.4106408e+00
   7.3408495e+00
   7.2717616e+00
   7.2033766e+00
   7.1356936e+00
   7.0687116e+00
   7.0024293e+00
   6.9368451e+00
   6.8719574e+00
   6.8077642e+00
   6.7442634e+00
   6.6814525e+00
   6.6193291e+00
   6.5578903e+00
   6.4971333e+00
   6.4370550e+00
   6.3776520e+00
   6.3189209e+00
   6.2608582e+00
   6.2034599e+00
   6.1467222e+00
   6.0906411e+00
   6.0352122e+00
   5.9804313e+00
   5.9262939e+00
   5.8727955e+00
   5.8199312e+00
   5.7676963e+00
   5.7160858e+00
   5.6650948e+00
   5.6147181e+00
   5.5649505e+00
   5.5157867e+00
   5.4672213e+00
   5.4192490e+00
   5.3718642e+00
   5.3250613e+00
   5.2788348e+00
   5.2331788e+00
   5.1880878e+00
   5.1435559e+00
   5.0995774e+00
   5.0561463e+00
   5.0132569e+00
   4.9709032e+00
   4.9290792e+00
   4.8877791e+00
   4.8469969e+00
   4.8067266e+00
   4.7669623e+00
   4.7276980e+00
   4.6889277e+00
   4.6506454e+00
   4.6128452e+00
   4.5755211e+00
   4.5386671e+00
   4.5022774e+00
   4.4663460e+00
   4.4308670e+00
   4.3958346e+00
   4.3612429e+00
   4.3270861e+00
   4.2933585e+00
   4.2600541e+00
   4.2271674e+00
   4.1946926e+00
   4.1626241e+00
   4.1309563e+00
   4.0996837e+00
   4.0688005e+00
   4.0383015e+00
   4.0081811e+00
   3.9784340e+00
   3.9490548e+00
   3.9200382e+00
   3.8913790e+00
   3.8630719e+00
   3.8351118e+00
   3.8074936e+00
   3.7802123e+00
   3.7532629e+00
   3.7266404e+00
   3.7003400e+00
   3.6743568e+00
   3.6486860e+00
   3.6233230e+00
   3.5982630e+00
   3.5735015e+00
   3.5490339e+00
   3.5248558e+00
   3.5009626e+00
   3.4773501e+00
   3.4540138e+00
   3.4309495e+00
   3.4081531e+00
   3.3856203e+00
   3.3633471e+00
   3.3413294e+00
   3.3195633e+00
   3.2980448e+00
   3.2767701e+00
   3.2557353e+00
   3.2349367e+00
   3.2143705e+00
   3.1940332e+00
   3.1739212e+00
   3.1540308e+00
   3.1343586e+00
   3.1149013e+00
   3.0956553e+00
   3.0766174e+00
   3.0577843e+00
   3.0391528e+00
   3.0207196e+00
   3.0024818e+00
   2.9844362e+00
   2.9665797e+00
   2.9489095e+00
   2.9314225e+00
   2.9141160e+00
   2.8969870e+00
   2.8800329e+00
   2.8632508e+00
   2.8466381e+00
   2.8301921e+00
   2.8139102e+00
   2.7977899e+00
   2.7818287e+00
   2.7660240e+00
   2.7503735e+00
   2.7348748e+00
   2.7195255e+00
   2.7043233e+00
   2.6892660e+00
   2.6743514e+00
   2.6595771e+00
   2.6449412e+00
   2.6304415e+00
   2.6160759e+00
   2.6018424e+00
   2.5877389e+00
   2.5737674e+00
   2.8281784e+00
   3.0731118e+00
   3.3090332e+00
   3.5367183e+00
   3.7566656e+00
   3.9693336e+00
   4.1751431e+00
   4.3744808e+00
   4.5677022e+00
   4.7551333e+00
   4.9370746e+00
   5.1138007e+00
   5.2855654e+00
   5.4526035e+00
   5.6151328e+00
   5.7733573e+00
   5.9274710e+00
   6.0776573e+00
   6.2240952e+00
   6.3669620e+00
   6.5064345e+00
   6.6426944e+00
   6.7759274e+00
   6.9063276e+00
   7.0340992e+00
   7.1594530e+00
   7.2826090e+00
   7.4037903e+00
   7.5232170e+00
   7.6410968e+00
   7.7576111e+00
   7.8728921e+00
   7.9869982e+00
   8.0998700e+00
   8.2112789e+00
   8.3207582e+00
   8.4275063e+00
   8.5302685e+00
   8.6271978e+00
   8.7156926e+00
   8.7922681e+00
   8.8525380e+00
   8.8915238e+00
   8.9043184e+00
   8.8867467e+00
   8.8363827e+00
   8.7535742e+00
   8.6418777e+00
   8.5075183e+00
   8.3580192e+00
   8.2961680e+00
   8.2422551e+00
   8.1971851e+00
   8.1611020e+00
   8.1334308e+00
   8.1133556e+00
   8.0999563e+00
   8.0923044e+00
   8.0895185e+00
   8.0907961e+00
   8.0954269e+00
   8.1027947e+00
   8.1123762e+00
   8.1237294e+00
   8.1364879e+00
   8.1503486e+00
   8.1650626e+00
   8.1804278e+00
   8.1962805e+00
   8.2124888e+00
   8.2289468e+00
   8.2455704e+00
   8.2622931e+00
   8.2790627e+00
   8.2958385e+00
   8.3125891e+00
   8.3292906e+00
   8.3459252e+00
   8.3624797e+00
   8.3789448e+00
   8.3953144e+00
   8.4115844e+00
   8.4277527e+00
   8.4438188e+00
   8.4597830e+00
   8.4756465e+00
   8.4914112e+00
   8.5070793e+00
   8.5226533e+00
   8.5381360e+00
   8.5535302e+00
   8.5688388e+00
   8.5840647e+00
   8.5992106e+00
   8.6142793e+00
   8.6292736e+00
   8.6441959e+00
   8.6590487e+00
   8.6738343e+00
   8.6885549e+00
   8.7032126e+00
   8.7178094e+00
   8.7323471e+00
   8.7468275e+00
   8.7612522e+00
   8.7756226e+00
   8.7899403e+00
   8.8042066e+00
   8.8184226e+00
   8.8325896e+00
   8.8467086e+00
   8.8607806e+00
   8.8748066e+00
   8.8887874e+00
   8.9027239e+00
   8.9166167e+00
   8.9304666e+00
   8.9442743e+00
   8.9580402e+00
   8.9717650e+00
   8.9854492e+00
   8.9990932e+00
   9.0126976e+00
   9.0262627e+00
   9.0397888e+00
   9.0532764e+00
   9.0667258e+00
   9.0801372e+00
   9.0935109e+00
   9.1068473e+00
   9.1201465e+00
   9.1334087e+00
   9.1466342e+00
   9.1598231e+00
   9.1729756e+00
   9.1860918e+00
   9.1991720e+00
   9.2122162e+00
   9.2252245e+00
   9.2381972e+00
   9.2511341e+00
   9.2640356e+00
   9.2769016e+00
   9.2897322e+00
   9.3025274e+00
   9.3152875e+00
   9.3280123e+00
   9.3407020e+00
   9.3533566e+00
   9.3659762e+00
   9.3785608e+00
   9.3911103e+00
   9.4036249e+00
   9.4161046e+00
   9.4285494e+00
   9.4409593e+00
   9.4533343e+00
   9.4656744e+00
   9.4779798e+00
   9.4902502e+00
   9.5024859e+00
   9.5146867e+00
   9.5268527e+00
   9.5389838e+00
   9.5510802e+00
   9.5631417e+00
   9.5751684e+00
   9.5871602e+00
   9.5991173e+00
   9.6110394e+00
   9.6229268e+00
   9.6347793e+00
   9.6465969e+00
   9.6583796e+00
   9.6701275e+00
   9.6818404e+00
   9.6935185e+00
   9.7051617e+00
   9.7167699e+00
   9.7283432e+00
   9.7398815e+00
   9.7513849e+00
   9.7628533e+00
   9.7742868e+00
   9.7856852e+00
   9.7970486e+00
   9.8083770e+00
   9.8196704e+00
   9.8309288e+00
   9.8421520e+00
   9.8533402e+00
   9.8644934e+00
   9.8756114e+00
   9.8866943e+00
   9.8977421e+00
   9.9087548e+00
   9.9197323e+00
   9.9306747e+00
   9.9415820e+00
   9.9524540e+00
   9.9632909e+00
   9.9740926e+00
   9.9848591e+00
   9.9955904e+00
   1.0006286e+01
   1.0016947e+01
   1.0027573e+01
   1.0038163e+01
   1.0048718e+01
   1.0059238e+01
   1.0069723e+01
   1.0080172e+01
   1.0090586e+01
   1.0100965e+01
   1.0111308e+01
   1.0121616e+01
   1.0131889e+01
   1.0142127e+01
   1.0152329e+01
   1.0162496e+01
   1.0172628e+01
   1.0182724e+01
   1.0192785e+01
   1.0202811e+01
   1.0212801e+01
   1.0222757e+01
   1.0232676e+01
   1.0242561e+01
   1.0252410e+01
   1.0262224e+01
   1.0272003e+01
   1.0281746e+01
   1.0291454e+01
   1.0301127e+01
   1.0310764e+01
   1.0320366e+01
   1.0329933e+01
   1.0339465e+01
   1.0348962e+01
   1.0358423e+01
   1.0367849e+01
   1.0377240e+01
   1.0386595e+01
   1.0395916e+01
   1.0405201e+01
   1.0414451e+01
   1.0423666e+01
   1.0432846e+01
   1.0441990e+01
   1.0451100e+01
   1.0460174e+01
   1.0469214e+01
   1.0478218e+01
   1.0487187e+01
   1.0496121e+01
   1.0505021e+01
   1.0513885e+01
   1.0522715e+01
   1.0531509e+01
   1.0540269e+01
   1.0548993e+01
   1.0557683e+01
   1.0566338e+01
   1.0574958e+01
   1.0583544e+01
   1.0592095e+01
   1.0600611e+01
   1.0609092e+01
   1.0617539e+01
   1.0625951e+01
   1.0634329e+01
   1.0642672e+01
   1.0650980e+01
   1.0659254e+01
   1.0667494e+01
   1.0675699e+01
   1.0683870e+01
   1.0692007e+01
   1.0700109e+01
   1.0708177e+01
   1.0716211e+01
   1.0724211e+01
   1.0732177e+01
   1.0740108e+01
   1.0748006e+01
   1.0755870e+01
   1.0763700e+01
   1.0771496e+01
   1.0779258e+01
   1.0786986e+01
   1.0794681e+01
   1.0802342e+01
   1.0809970e+01
   1.0817564e+01
   1.0825125e+01
   1.0832652e+01
   1.0840146e+01
   1.0847607e+01
   1.0855034e+01
   1.0862428e+01
   1.0869790e+01
   1.0877118e+01
   1.0884413e+01
   1.0891675e+01
   1.0898905e+01
   1.0906102e+01
   1.0913266e+01
   1.0920398e+01
   1.0927497e+01
   1.0934563e+01
   1.0941598e+01
   1.0948600e+01
   1.0955570e+01
   1.0962507e+01
   1.0969413e+01
   1.0976287e+01
   1.0983129e+01
   1.0989939e+01
   1.0996717e+01
   1.1003464e+01
   1.1010180e+01
   1.1016863e+01
   1.1023516e+01
   1.1030138e+01
   1.1036728e+01
   1.1043287e+01
   1.1049815e+01
   1.1056313e+01
   1.1062780e+01
   1.1069216e+01
   1.1075621e+01
   1.1081997e+01
   1.1088342e+01
   1.1094656e+01
   1.1100941e+01
   1.1107196e+01
   1.1113420e+01
   1.1119615e+01
   1.1125781e+01
   1.1131917e+01
   1.1138023e+01
   1.1144101e+01
   1.1150149e+01
   1.1156168e+01
   1.1162158e+01
   1.1168119e+01
   1.1174052e+01
   1.1179956e+01
   1.1185832e+01
   1.1191680e+01
   1.1197499e+01
   1.1203291e+01
   1.1209054e+01
   1.1214790e+01
   1.1220499e+01
   1.1226180e+01
   1.1231833e+01
   1.1237460e+01
   1.1243059e+01
   1.1248632e+01
   1.1254178e+01
   1.1259697e+01
   1.1265190e+01
   1.1270657e+01
   1.1276098e+01
   1.1281512e+01
   1.1286901e+01
   1.1292265e+01
   1.1297602e+01
   1.1302915e+01
   1.1308202e+01
   1.1313465e+01
   1.1318703e+01
   1.1323916e+01
   1.1329104e+01
   1.1334269e+01
   1.1339409e+01
   1.1344525e+01
   1.1349618e+01
   1.1354686e+01
   1.1359732e+01
   1.1364754e+01
   1.1369753e+01
   1.1374730e+01
   1.1379683e+01
   1.1384614e+01
   1.1389523e+01
   1.1394410e+01
   1.1399275e+01
   1.1404118e+01
   1.1408939e+01
   1.1413740e+01
   1.1418519e+01
   1.1423277e+01
   1.1428014e+01
   1.1432731e+01
   1.1437427e+01
   1.1442103e+01
   1.1446760e+01
   1.1451396e+01
   1.1456013e+01
   1.1460611e+01
   1.1465189e+01
   1.1469749e+01
   1.1474290e+01
   1.1478812e+01
   1.1483317e+01
   1.1487803e+01
   1.1492271e+01
   1.1496722e+01
   1.1501155e+01
   1.1505571e+01
   1.1509970e+01
   1.1514353e+01
   1.1518719e+01
   1.1523068e+01
   1.1527402e+01
   1.1531720e+01
   1.1536022e+01
   1.1540309e+01
   1.1544580e+01
   1.1548837e+01
   1.1553079e+01
   1.1557307e+01
   1.1561520e+01
   1.1565719e+01
   1.1569905e+01
   1.1574077e+01
   1.1578236e+01
   1.1582382e+01
   1.1586515e+01
   1.1590636e+01
   1.1594744e+01
   1.1598840e+01
   1.1602925e+01
   1.1606998e+01
   1.1611059e+01
   1.1615110e+01
   1.1619149e+01
   1.1623179e+01
   1.1627197e+01
   1.1631206e+01
   1.1635205e+01
   1.1639194e+01
   1.1643174e+01
   1.1647145e+01
   1.1651107e+01
   1.1655060e+01
   1.1659006e+01
   1.1662943e+01
   1.1666872e+01
   1.1670794e+01
   1.1674708e+01
   1.1678615e+01
   1.1682516e+01
   1.1686410e+01
   1.1690298e+01
   1.1694180e+01
   1.1698056e+01
   1.1701926e+01
   1.1705791e+01
   1.1709652e+01
   1.1713507e+01
   1.1717358e+01
   1.1721205e+01
   1.1725048e+01
   1.1728887e+01
   1.1732723e+01
   1.1736555e+01
   1.1740385e+01
   1.1744212e+01
   1.1748036e+01
   1.1751859e+01
   1.1755679e+01
   1.1759498e+01
   1.1763316e+01
   1.1767132e+01
   1.1770948e+01
   1.1774763e+01
   1.1778578e+01
   1.1782392e+01
   1.1786207e+01
   1.1790022e+01
   1.1793838e+01
   1.1797655e+01
   1.1801473e+01
   1.1805292e+01
   1.1809113e+01
   1.1812937e+01
   1.1816762e+01
   1.1820590e+01
   1.1824421e+01
   1.1828254e+01
   1.1832091e+01
   1.1835931e+01
   1.1839775e+01
   1.1843623e+01
   1.1847476e+01
   1.1851333e+01
   1.1855194e+01
   1.1859061e+01
   1.1862932e+01
   1.1866810e+01
   1.1870692e+01
   1.1874581e+01
   1.1878477e+01
   1.1882378e+01
   1.1886286e+01
   1.1890202e+01
   1.1894124e+01
   1.1898054e+01
   1.1901991e+01
   1.1905937e+01
   1.1909890e+01
   1.1913852e+01
   1.1917822e+01
   1.1921802e+01
   1.1925790e+01
   1.1929788e+01
   1.1933795e+01
   1.1937812e+01
   1.1941839e+01
   1.1945876e+01
   1.1949924e+01
   1.1953982e+01
   1.1958051e+01
   1.1962131e+01
   1.1966223e+01
   1.1970326e+01
   1.1974441e+01
   1.1978568e+01
   1.1982707e+01
   1.1986858e+01
   1.1991022e+01
   1.1995199e+01
   1.1999389e+01
   1.2003592e+01
   1.2007809e+01
   1.2012039e+01
   1.2016284e+01
   1.2020542e+01
   1.2024814e+01
   1.2029101e+01
   1.2033403e+01
   1.2037720e+01
   1.2042051e+01
   1.2046398e+01
   1.2050761e+01
   1.2055139e+01
   1.2059532e+01
   1.2063942e+01
   1.2068368e+01
   1.2072811e+01
   1.2077270e+01
   1.2081746e+01
   1.2086239e+01
   1.2090748e+01
   1.2095276e+01
   1.2099820e+01
   1.2104382e+01
   1.2108963e+01
   1.2113561e+01
   1.2118177e+01
   1.2122811e+01
   1.2127465e+01
   1.2132136e+01
   1.2136827e+01
   1.2141536e+01
   1.2146265e+01
   1.2151013e+01
   1.2155780e+01
   1.2160567e+01
   1.2165374e+01
   1.2170201e+01
   1.2175047e+01
   1.2179914e+01
   1.2184802e+01
   1.2189709e+01
   1.2194638e+01
   1.2199587e+01
   1.2204557e+01
   1.2209548e+01
   1.2214561e+01
   1.2219594e+01
   1.2224649e+01
   1.2229726e+01
   1.2234824e+01
   1.2239945e+01
   1.2245087e+01
   1.2250251e+01
   1.2255438e+01
   1.2260647e+01
   1.2265878e+01
   1.2271132e+01
   1.2276409e+01
   1.2281708e+01
   1.2287031e+01
   1.2292376e+01
   1.2297745e+01
   1.2303136e+01
   1.2308551e+01
   1.2313990e+01
   1.2319452e+01
   1.2324938e+01
   1.2330448e+01
   1.2335981e+01
   1.2341539e+01
   1.2347120e+01
   1.2352726e+01
   1.2358356e+01
   1.2364010e+01
   1.2369688e+01
   1.2375392e+01
   1.2381119e+01
   1.2386872e+01
   1.2392649e+01
   1.2398451e+01
   1.2404278e+01
   1.2410130e+01
   1.2416007e+01
   1.2421909e+01
   1.2427837e+01
   1.2433790e+01
   1.2439768e+01
   1.2445771e+01
   1.2451800e+01
   1.2457855e+01
   1.2463935e+01
   1.2470041e+01
   1.2476173e+01
   1.2482331e+01
   1.2488515e+01
   1.2494724e+01
   1.2500960e+01
   1.2507221e+01
   1.2513509e+01
   1.2519823e+01
   1.2526163e+01
   1.2532530e+01
   1.2538923e+01
   1.2545342e+01
   1.2551788e+01
   1.2558260e+01
   1.2564758e+01
   1.2571284e+01
   1.2577836e+01
   1.2584414e+01
   1.2591019e+01
   1.2597651e+01
   1.2604310e+01
   1.2610996e+01
   1.2617708e+01
   1.2624447e+01
   1.2631214e+01
   1.2638007e+01
   1.2644827e+01
   1.2651674e+01
   1.2658549e+01
   1.2665450e+01
   1.2672378e+01
   1.2679334e+01
   1.2686317e+01
   1.2693327e+01
   1.2700364e+01
   1.2707428e+01
   1.2714520e+01
   1.2721639e+01
   1.2728785e+01
   1.2735958e+01
   1.2743159e+01
   1.2750387e+01
   1.2757643e+01
   1.2764926e+01
   1.2772236e+01
   1.2779574e+01
   1.2786939e+01
   1.2794332e+01
   1.2801752e+01
   1.2809200e+01
   1.2816675e+01
   1.2824177e+01
   1.2831707e+01
   1.2839265e+01
   1.2846850e+01
   1.2854462e+01
   1.2862102e+01
   1.2869770e+01
   1.2877465e+01
   1.2885188e+01
   1.2892938e+01
   1.2900716e+01
   1.2908521e+01
   1.2916354e+01
   1.2924214e+01
   1.2932102e+01
   1.2940018e+01
   1.2947961e+01
   1.2955931e+01
   1.2963929e+01
   1.2971955e+01
   1.2980008e+01
   1.2988089e+01
   1.2996197e+01
   1.3004333e+01
   1.3012497e+01
   1.3020688e+01
   1.3028906e+01
   1.3037152e+01
   1.3045425e+01
   1.3053726e+01
   1.3062054e+01
   1.3070410e+01
   1.3078794e+01
   1.3087204e+01
   1.3095643e+01
   1.3104108e+01
   1.3112602e+01
   1.3121122e+01
   1.3129670e+01
   1.3138246e+01
   1.3146848e+01
   1.3155478e+01
   1.3164136e+01
   1.3172821e+01
   1.3181533e+01
   1.3190273e+01
   1.3199040e+01
   1.3207834e+01
   1.3216655e+01
   1.3225504e+01
   1.3234380e+01
   1.3243284e+01
   1.3252214e+01
   1.3261172e+01
   1.3270157e+01
   1.3279169e+01
   1.3288209e+01
   1.3297275e+01
   1.3306369e+01
   1.3315490e+01
   1.3324638e+01
   1.3333813e+01
   1.3343015e+01
   1.3352245e+01
   1.3361501e+01
   1.3370784e+01
   1.3380095e+01
   1.3389432e+01
   1.3398797e+01
   1.3408188e+01
   1.3417607e+01
   1.3427052e+01
   1.3436524e+01
   1.3446024e+01
   1.3455550e+01
   1.3465103e+01
   1.3474683e+01
   1.3484290e+01
   1.3493923e+01
   1.3503584e+01
   1.3513271e+01
   1.3522985e+01
   1.3532726e+01
   1.3542493e+01
   1.3552288e+01
   1.3562109e+01
   1.3571956e+01
   1.3581831e+01
   1.3591732e+01
   1.3601660e+01
   1.3611614e+01
   1.3621595e+01
   1.3631603e+01
   1.3641637e+01
   1.3651698e+01
   1.3661786e+01
   1.3671900e+01
   1.3682040e+01
   1.3692207e+01
   1.3702401e+01
   1.3712621e+01
   1.3722867e+01
   1.3733140e+01
   1.3743440e+01
   1.3753766e+01
   1.3764118e+01
   1.3774497e+01
   1.3784902e+01
   1.3795334e+01
   1.3805791e+01
   1.3816276e+01
   1.3826786e+01
   1.3837323e+01
   1.3847886e+01
   1.3858476e+01
   1.3869092e+01
   1.3879734e+01
   1.3890402e+01
   1.3901097e+01
   1.3911817e+01
   1.3922564e+01
   1.3933338e+01
   1.3944137e+01
   1.3954963e+01
   1.3965815e+01
   1.3976693e+01
   1.3987597e+01
   1.3998527e+01
   1.4009484e+01
   1.4020466e+01
   1.4031475e+01
   1.4042510e+01
   1.4053571e+01
   1.4064658e+01
   1.4075771e+01
   1.4086911e+01
   1.4098076e+01
   1.4109267e+01
   1.4120485e+01
   1.4131728e+01
   1.4142998e+01
   1.4154293e+01
   1.4165615e+01
   1.4176963e+01
   1.4188336e+01
   1.4199736e+01
   1.4211162e+01
   1.4222613e+01
   1.4234091e+01
   1.4245595e+01
   1.4257124e+01
   1.4268680e+01
   1.4280261e+01
   1.4291869e+01
   1.4303503e+01
   1.4315162e+01
   1.4326848e+01
   1.4338559e+01
   1.4350297e+01
   1.4362060e+01
   1.4373850e+01
   1.4385665e+01
   1.4397506e+01
   1.4409373e+01
   1.4421267e+01
   1.4433186e+01
   1.4445131e+01
   1.4457102e+01
   1.4469099e+01
   1.4481122e+01
   1.4493171e+01
   1.4505246e+01
   1.4517347e+01
   1.4529474e+01
   1.4541627e+01
   1.4553806e+01
   1.4566011e+01
   1.4578242e+01
   1.4590499e+01
   1.4602781e+01
   1.4615090e+01
   1.4627425e+01
   1.4639786e+01
   1.4652173e+01
   1.4664586e+01
   1.4677025e+01
   1.4689489e+01
   1.4701980e+01
   1.4714497e+01
   1.4727041e+01
   1.4739610e+01
   1.4752205e+01
   1.4764826e+01
   1.4777474e+01
   1.4790147e+01
   1.4802847e+01
   1.4815572e+01
   1.4828324e+01
   1.4841102e+01
   1.4853906e+01
   1.4866736e+01
   1.4879593e+01
   1.4892475e+01
   1.4905384e+01
   1.4918319e+01
   1.4931280e+01
   1.4944267e+01
   1.4957281e+01
   1.4970321e+01
   1.4983387e+01
   1.4996479e+01
   1.5009598e+01
   1.5022743e+01
   1.5035914e+01
   1.5049112e+01
   1.5062336e+01
   1.5075586e+01
   1.5088863e+01
   1.5102166e+01
   1.5115495e+01
   1.5128851e+01
   1.5142234e+01
   1.5155643e+01
   1.5169078e+01
   1.5182540e+01
   1.5196028e+01
   1.5209543e+01
   1.5223084e+01
   1.5236652e+01
   1.5250246e+01
   1.5263867e+01
   1.5277515e+01
   1.5291189e+01
   1.5304890e+01
   1.5318618e+01
   1.5332372e+01
   1.5346153e+01
   1.5359961e+01
   1.5373795e+01
   1.5387657e+01
   1.5401545e+01
   1.5415460e+01
   1.5429401e+01
   1.5443370e+01
   1.5457365e+01
   1.5471388e+01
   1.5485437e+01
   1.5499513e+01
   1.5513616e+01
   1.5527746e+01
   1.5541903e+01
   1.5556088e+01
   1.5570299e+01
   1.5584537e+01
   1.5598802e+01
   1.5613095e+01
   1.5627414e+01
   1.5641761e+01
   1.5656135e+01
   1.5670536e+01
   1.5684965e+01
   1.5699421e+01
   1.5713904e+01
   1.5728414e+01
   1.5742951e+01
   1.5757516e+01
   1.5772109e+01
   1.5786728e+01
   1.5801376e+01
   1.5816050e+01
   1.5830752e+01
   1.5845482e+01
   1.5860239e+01
   1.5875024e+01
   1.5889836e+01
   1.5904676e+01
   1.5919543e+01
   1.5934439e+01
   1.5949361e+01
   1.5964312e+01
   1.5979290e+01
   1.5994296e+01
   1.6009330e+01
   1.6024391e+01
   1.6039481e+01
   1.6054598e+01
   1.6069743e+01
   1.6084916e+01
   1.6100117e+01
   1.6115346e+01
   1.6130603e+01
   1.6145887e+01
   1.6161200e+01
   1.6176541e+01
   1.6191910e+01
   1.6207307e+01
   1.6222732e+01
   1.6238185e+01
   1.6253667e+01
   1.6269177e+01
   1.6284714e+01
   1.6300280e+01
   1.6315875e+01
   1.6331497e+01
   1.6347148e+01
   1.6362827e+01
   1.6378535e+01
   1.6394271e+01
   1.6410035e+01
   1.6425828e+01
   1.6441649e+01
   1.6457499e+01
   1.6473377e+01
   1.6489283e+01
   1.6505218e+01
   1.6521182e+01
   1.6537174e+01
   1.6553195e+01
   1.6569244e+01
   1.6585322e+01
   1.6601429e+01
   1.6617564e+01
   1.6633728e+01
   1.6649920e+01
   1.6666142e+01
   1.6682392e+01
   1.6698670e+01
   1.6714978e+01
   1.6731314e+01
   1.6747679e+01
   1.6764073e+01
   1.6780495e+01
   1.6796947e+01
   1.6813427e+01
   1.6829936e+01
   1.6846474e+01
   1.6863041e+01
   1.6879637e+01
   1.6896261e+01
   1.6912915e+01
   1.6929597e+01
   1.6946308e+01
   1.6963048e+01
   1.6979818e+01
   1.6996616e+01
   1.7013443e+01
   1.7030299e+01
   1.7047184e+01
   1.7064098e+01
   1.7081041e+01
   1.7098012e+01
   1.7115013e+01
   1.7132043e+01
   1.7149102e+01
   1.7166190e+01
   1.7183306e+01
   1.7200452e+01
   1.7217627e+01
   1.7234830e+01
   1.7252063e+01
   1.7269325e+01
   1.7286615e+01
   1.7303935e+01
   1.7321283e+01
   1.7338660e+01
   1.7356067e+01
   1.7373502e+01
   1.7390966e+01
   1.7408459e+01
   1.7425981e+01
   1.7443532e+01
   1.7461111e+01
   1.7478720e+01
   1.7496357e+01
   1.7514023e+01
   1.7531718e+01
   1.7549442e+01
   1.7567194e+01
   1.7584975e+01
   1.7602785e+01
   1.7620623e+01
   1.7638490e+01
   1.7656386e+01
   1.7674311e+01
   1.7692264e+01
   1.7710245e+01
   1.7728255e+01
   1.7746294e+01
   1.7764360e+01
   1.7782456e+01
   1.7800579e+01
   1.7818732e+01
   1.7836912e+01
   1.7855121e+01
   1.7873357e+01
   1.7891622e+01
   1.7909916e+01
   1.7928237e+01
   1.7946586e+01
   1.7964963e+01
   1.7983369e+01
   1.8001802e+01
   1.8020263e+01
   1.8038751e+01
   1.8057268e+01
   1.8075812e+01
   1.8094384e+01
   1.8112983e+01
   1.8131610e+01
   1.8150265e+01
   1.8168946e+01
   1.8187655e+01
   1.8206391e+01
   1.8225155e+01
   1.8243945e+01
   1.8262763e+01
   1.8281607e+01
   1.8300479e+01
   1.8319377e+01
   1.8338302e+01
   1.8357254e+01
   1.8376232e+01
   1.8395236e+01
   1.8414267e+01
   1.8433325e+01
   1.8452408e+01
   1.8471518e+01
   1.8490654e+01
   1.8509815e+01
   1.8529003e+01
   1.8548216e+01
   1.8567455e+01
   1.8586720e+01
   1.8606010e+01
   1.8625325e+01
   1.8644666e+01
   1.8664031e+01
   1.8683422e+01
   1.8702838e+01
   1.8722278e+01
   1.8741743e+01
   1.8761233e+01
   1.8780747e+01
   1.8800285e+01
   1.8819848e+01
   1.8839434e+01
   1.8859045e+01
   1.8878679e+01
   1.8898337e+01
   1.8918019e+01
   1.8937724e+01
   1.8957452e+01
   1.8977204e+01
   1.8996978e+01
   1.9016775e+01
   1.9036595e+01
   1.9056438e+01
   1.9076303e+01
   1.9096190e+01
   1.9116099e+01
   1.9136031e+01
   1.9155984e+01
   1.9175958e+01
   1.9195955e+01
   1.9215972e+01
   1.9236011e+01
   1.9256070e+01
   1.9276151e+01
   1.9296252e+01
   1.9316373e+01
   1.9336515e+01
   1.9356677e+01
   1.9376859e+01
   1.9397060e+01
   1.9417282e+01
   1.9437522e+01
   1.9457782e+01
   1.9478061e+01
   1.9498358e+01
   1.9518674e+01
   1.9539009e+01
   1.9559362e+01
   1.9579733e+01
   1.9600122e+01
   1.9620528e+01
   1.9640952e+01
   1.9661393e+01
   1.9681851e+01
   1.9702326e+01
   1.9722818e+01
   1.9743326e+01
   1.9763850e+01
   1.9784390e+01
   1.9804945e+01
   1.9825517e+01
   1.9846103e+01
   1.9866705e+01
   1.9887321e+01
   1.9907952e+01
   1.9928598e+01
   1.9949258e+01
   1.9969931e+01
   1.9990618e+01
   2.0011319e+01
   2.0032033e+01
   2.0052760e+01
   2.0073499e+01
   2.0094251e+01
   2.0115016e+01
   2.0135792e+01
   2.0156580e+01
   2.0177380e+01
   2.0198191e+01
   2.0219012e+01
   2.0239845e+01
   2.0260688e+01
   2.0281541e+01
   2.0302405e+01
   2.0323278e+01
   2.0344160e+01
   2.0365052e+01
   2.0385952e+01
   2.0406861e+01
   2.0427779e+01
   2.0448705e+01
   2.0469638e+01
   2.0490580e+01
   2.0511528e+01
   2.0532483e+01
   2.0553446e+01
   2.0574414e+01
   2.0595389e+01
   2.0616370e+01
   2.0637357e+01
   2.0658349e+01
   2.0679346e+01
   2.0700347e+01
   2.0721354e+01
   2.0742364e+01
   2.0763378e+01
   2.0784396e+01
   2.0805418e+01
   2.0826442e+01
   2.0847469e+01
   2.0868499e+01
   2.0889531e+01
   2.0910565e+01
   2.0931600e+01
   2.0952637e+01
   2.0973674e+01
   2.0994712e+01
   2.1015751e+01
   2.1036790e+01
   2.1057828e+01
   2.1078866e+01
   2.1099903e+01
   2.1120939e+01
   2.1141974e+01
   2.1163006e+01
   2.1184037e+01
   2.1205065e+01
   2.1226090e+01
   2.1247113e+01
   2.1268132e+01
   2.1289147e+01
   2.1310158e+01
   2.1331165e+01
   2.1352167e+01
   2.1373165e+01
   2.1394157e+01
   2.1415143e+01
   2.1436123e+01
   2.1457098e+01
   2.1478065e+01
   2.1499026e+01
   2.1519979e+01
   2.1540924e+01
   2.1561862e+01
   2.1582791e+01
   2.1603711e+01
   2.1624623e+01
   2.1645525e+01
   2.1666417e+01
   2.1687300e+01
   2.1708172e+01
   2.1729033e+01
   2.1749883e+01
   2.1770721e+01
   2.1791548e+01
   2.1812362e+01
   2.1833164e+01
   2.1853952e+01
   2.1874728e+01
   2.1895489e+01
   2.1916237e+01
   2.1936970e+01
   2.1957688e+01
   2.1978391e+01
   2.1999078e+01
   2.2019749e+01
   2.2040404e+01
   2.2061042e+01
   2.2081663e+01
   2.2102266e+01
   2.2122851e+01
   2.2143417e+01
   2.2163965e+01
   2.2184493e+01
   2.2205001e+01
   2.2225490e+01
   2.2245958e+01
   2.2266404e+01
   2.2286830e+01
   2.2307233e+01
   2.2327614e+01
   2.2347972e+01
   2.2368307e+01
   2.2388618e+01
   2.2408905e+01
   2.2429167e+01
   2.2449405e+01
   2.2469616e+01
   2.2489801e+01
   2.2509960e+01
   2.2530092e+01
   2.2550196e+01
   2.2570272e+01
   2.2590319e+01
   2.2610338e+01
   2.2630326e+01
   2.2650284e+01
   2.2670212e+01
   2.2690108e+01
   2.2709973e+01
   2.2729805e+01
   2.2749604e+01
   2.2769370e+01
   2.2789102e+01
   2.2808799e+01
   2.2828461e+01
   2.2848087e+01
   2.2867677e+01
   2.2887229e+01
   2.2906744e+01
   2.2926221e+01
   2.2945659e+01
   2.2965057e+01
   2.2984416e+01
   2.3003733e+01
   2.3023009e+01
   2.3042243e+01
   2.3061434e+01
   2.3080582e+01
   2.3099685e+01
   2.3118744e+01
   2.3137757e+01
   2.3156724e+01
   2.3175644e+01
   2.3194516e+01
   2.3213340e+01
   2.3232115e+01
   2.3250840e+01
   2.3269514e+01
   2.3288137e+01
   2.3306707e+01
   2.3325225e+01
   2.3343689e+01
   2.3362098e+01
   2.3380452e+01
   2.3398749e+01
   2.3416990e+01
   2.3435173e+01
   2.3453297e+01
   2.3471361e+01
   2.3489365e+01
   2.3507308e+01
   2.3525189e+01
   2.3543006e+01
   2.3560760e+01
   2.3578448e+01
   2.3596071e+01
   2.3613628e+01
   2.3631116e+01
   2.3648537e+01
   2.3665887e+01
   2.3683167e+01
   2.3700376e+01
   2.3717512e+01
   2.3734575e+01
   2.3751563e+01
   2.3768476e+01
   2.3785313e+01
   2.3802072e+01
   2.3818752e+01
   2.3835353e+01
   2.3851874e+01
   2.3868313e+01
   2.3884669e+01
   2.3900941e+01
   2.3917128e+01
   2.3933229e+01
   2.3949244e+01
   2.3965169e+01
   2.3981006e+01
   2.3996752e+01
   2.4012406e+01
   2.4027968e+01
   2.4043436e+01
   2.4058808e+01
   2.4074084e+01
   2.4089263e+01
   2.4104343e+01
   2.4119323e+01
   2.4134201e+01
   2.4148978e+01
   2.4163650e+01
   2.4178218e+01
   2.4192679e+01
   2.4207034e+01
   2.4221279e+01
   2.4235414e+01
   2.4249438e+01
   2.4263350e+01
   2.4277147e+01
   2.4290829e+01
   2.4304395e+01
   2.4317843e+01
   2.4331171e+01
   2.4344378e+01
   2.4357464e+01
   2.4370426e+01
   2.4383263e+01
   2.4395974e+01
   2.4408557e+01
   2.4421011e+01
   2.4433334e+01
   2.4445526e+01
   2.4457584e+01
   2.4469507e+01
   2.4481293e+01
   2.4492942e+01
   2.4504451e+01
   2.4515820e+01
   2.4527045e+01
   2.4538127e+01
   2.4549064e+01
   2.4559853e+01
   2.4570494e+01
   2.4580984e+01
   2.4591323e+01
   2.4601508e+01
   2.4611538e+01
   2.4621412e+01
   2.4631127e+01
   2.4640682e+01
   2.4650076e+01
   2.4659307e+01
   2.4668373e+01
   2.4677272e+01
   2.4686003e+01
   2.4694564e+01
   2.4702953e+01
   2.4711169e+01
   2.4719210e+01
   2.4727073e+01
   2.4734758e+01
   2.4742263e+01
   2.4749585e+01
   2.4756723e+01
   2.4763675e+01
   2.4770440e+01
   2.4777015e+01
   2.4783398e+01
   2.4789588e+01
   2.4795583e+01
   2.4801381e+01
   2.4806980e+01
   2.4812378e+01
   2.4817573e+01
   2.4822563e+01
   2.4827347e+01
   2.4831921e+01
   2.4836285e+01
   2.4840437e+01
   2.4844373e+01
   2.4848093e+01
   2.4851594e+01
   2.4854874e+01
   2.4857931e+01
   2.4860763e+01
   2.4863368e+01
   2.4865744e+01
   2.4867888e+01
   2.4869798e+01
   2.4871473e+01
   2.4872910e+01
   2.4874107e+01
   2.4875061e+01
   2.4875771e+01
   2.4876234e+01
   2.4876449e+01
   2.4876411e+01
   2.4876121e+01
   2.4875574e+01
   2.4874769e+01
   2.4873704e+01
   2.4872375e+01
   2.4870782e+01
   2.4868920e+01
   2.4866789e+01
   2.4864385e+01
   2.4861706e+01
   2.4858750e+01
   2.4855514e+01
   2.4851996e+01
   2.4848193e+01
   2.4844103e+01
   2.4839722e+01
   2.4835050e+01
   2.4830082e+01
   2.4824817e+01
   2.4819252e+01
   2.4813384e+01
   2.4807210e+01
   2.4800729e+01
   2.4793936e+01
   2.4786831e+01
   2.4779409e+01
   2.4771669e+01
   2.4763606e+01
   2.4755220e+01
   2.4746507e+01
   2.4737463e+01
   2.4728088e+01
   2.4718376e+01
   2.4708327e+01
   2.4697936e+01
   2.4687202e+01
   2.4676120e+01
   2.4664689e+01
   2.4652905e+01
   2.4640766e+01
   2.4628268e+01
   2.4615408e+01
   2.4602185e+01
   2.4588594e+01
   2.4574632e+01
   2.4560297e+01
   2.4545586e+01
   2.4530496e+01
   2.4515022e+01
   2.4499164e+01
   2.4482917e+01
   2.4466278e+01
   2.4449244e+01
   2.4431812e+01
   2.4413980e+01
   2.4395743e+01
   2.4377099e+01
   2.4358045e+01
   2.4338577e+01
   2.4318693e+01
   2.4298388e+01
   2.4277661e+01
   2.4256507e+01
   2.4234924e+01
   2.4212908e+01
   2.4190457e+01
   2.4167566e+01
   2.4144234e+01
   2.4120455e+01
   2.4096229e+01
   2.4071550e+01
   2.4046416e+01
   2.4020824e+01
   2.3994770e+01
   2.3968252e+01
   2.3941266e+01
   2.3913808e+01
   2.3885877e+01
   2.3857467e+01
   2.3828577e+01
   2.3799203e+01
   2.3769342e+01
   2.3738991e+01
   2.3708146e+01
   2.3676804e+01
   2.3644963e+01
   2.3612619e+01
   2.3579768e+01
   2.3546409e+01
   2.3512538e+01
   2.3478151e+01
   2.3443246e+01
   2.3407820e+01
   2.3371869e+01
   2.3335391e+01
   2.3298383e+01
   2.3260842e+01
   2.3222764e+01
   2.3184148e+01
   2.3144990e+01
   2.3105287e+01
   2.3065037e+01
   2.3024236e+01
   2.2982883e+01
   2.2940974e+01
   2.2898508e+01
   2.2855480e+01
   2.2811889e+01
   2.2767732e+01
   2.2723007e+01
   2.2677711e+01
   2.2631843e+01
   2.2585399e+01
   2.2538377e+01
   2.2490775e+01
   2.2442592e+01
   2.2393825e+01
   2.2344471e+01
   2.2294530e+01
   2.2243998e+01
   2.2192875e+01
   2.2141158e+01
   2.2088846e+01
   2.2035938e+01
   2.1982431e+01
   2.1928324e+01
   2.1873616e+01
   2.1818306e+01
   2.1762391e+01
   2.1705872e+01
   2.1648748e+01
   2.1591016e+01
   2.1532677e+01
   2.1473729e+01
   2.1414172e+01
   2.1354005e+01
   2.1293228e+01
   2.1231841e+01
   2.1169843e+01
   2.1107233e+01
   2.1044013e+01
   2.0980182e+01
   2.0915741e+01
   2.0850688e+01
   2.0785026e+01
   2.0718754e+01
   2.0651874e+01
   2.0584385e+01
   2.0516289e+01
   2.0447588e+01
   2.0378281e+01
   2.0308371e+01
   2.0237858e+01
   2.0166745e+01
   2.0095034e+01
   2.0022725e+01
   1.9949821e+01
   1.9876325e+01
   1.9802238e+01
   1.9727563e+01
   1.9652303e+01
   1.9576460e+01
   1.9500037e+01
   1.9423038e+01
   1.9345465e+01
   1.9267323e+01
   1.9188614e+01
   1.9109342e+01
   1.9029512e+01
   1.8949126e+01
   1.8868191e+01
   1.8786709e+01
   1.8704685e+01
   1.8622125e+01
   1.8539033e+01
   1.8455414e+01
   1.8371274e+01
   1.8286617e+01
   1.8201450e+01
   1.8115779e+01
   1.8029609e+01
   1.7942946e+01
   1.7855798e+01
   1.7768169e+01
   1.7680068e+01
   1.7591501e+01
   1.7502475e+01
   1.7412998e+01
   1.7323077e+01
   1.7232718e+01
   1.7141932e+01
   1.7050724e+01
   1.6959104e+01
   1.6867080e+01
   1.6774661e+01
   1.6681855e+01
   1.6588670e+01
   1.6495117e+01
   1.6401205e+01
   1.6306942e+01
   1.6212339e+01
   1.6117405e+01
   1.6022150e+01
   1.5926586e+01
   1.5830720e+01
   1.5734565e+01
   1.5638131e+01
   1.5541429e+01
   1.5444470e+01
   1.5347264e+01
   1.5249823e+01
   1.5152159e+01
   1.5054284e+01
   1.4956208e+01
   1.4857944e+01
   1.4759503e+01
   1.4660899e+01
   1.4562142e+01
   1.4463247e+01
   1.4364224e+01
   1.4265087e+01
   1.4165849e+01
   1.4066522e+01
   1.3967119e+01
   1.3867653e+01
   1.3768138e+01
   1.3668587e+01
   1.3569013e+01
   1.3469429e+01
   1.3369849e+01
   1.3270286e+01
   1.3170754e+01
   1.3071267e+01
   1.2971837e+01
   1.2872480e+01
   1.2773208e+01
   1.2674035e+01
   1.2574975e+01
   1.2476041e+01
   1.2377248e+01
   1.2278610e+01
   1.2180138e+01
   1.2081849e+01
   1.1983754e+01
   1.1885868e+01
   1.1788204e+01
   1.1690776e+01
   1.1593597e+01
   1.1496680e+01
   1.1400039e+01
   1.1303686e+01
   1.1207635e+01
   1.1111899e+01
   1.1016490e+01
   1.0921422e+01
   1.0826706e+01
   1.0732355e+01
   1.0638382e+01
   1.0544797e+01
   1.0451615e+01
   1.0358845e+01
   1.0266500e+01
   1.0174591e+01
   1.0083129e+01
   9.9921257e+00
   9.9015910e+00
   9.8115357e+00
   9.7219702e+00
   9.6329045e+00
   9.5443486e+00
   9.4563120e+00
   9.3688041e+00
   9.2818340e+00
   9.1954106e+00
   9.1095423e+00
   9.0242377e+00
   8.9395047e+00
   8.8553511e+00
   8.7717844e+00
   8.6888119e+00
   8.6064405e+00
   8.5246768e+00
   8.4435272e+00
   8.3629978e+00
   8.2830944e+00
   8.2038225e+00
   8.1251873e+00
   8.0471936e+00
   7.9698462e+00
   7.8931493e+00
   7.8171070e+00
   7.7417230e+00
   7.6670008e+00
   7.5929434e+00
   7.5195539e+00
   7.4468346e+00
   7.3747881e+00
   7.3034162e+00
   7.2327207e+00
   7.1627031e+00
   7.0933646e+00
   7.0247060e+00
   6.9567281e+00
   6.8894313e+00
   6.8228156e+00
   6.7568809e+00
   6.6916269e+00
   6.6270530e+00
   6.5631583e+00
   6.4999417e+00
   6.4374019e+00
   6.3755374e+00
   6.3143465e+00
   6.2538270e+00
   6.1939770e+00
   6.1347939e+00
   6.0762752e+00
   6.0184182e+00
   5.9612199e+00
   5.9046772e+00
   5.8487867e+00
   5.7935451e+00
   5.7389486e+00
   5.6849935e+00
   5.6316759e+00
   5.5789916e+00
   5.5269366e+00
   5.4755064e+00
   5.4246965e+00
   5.3745024e+00
   5.3249195e+00
   5.2759428e+00
   5.2275675e+00
   5.1797885e+00
   5.1326009e+00
   5.0859994e+00
   5.0399787e+00
   4.9945335e+00
   4.9496585e+00
   4.9053481e+00
   4.8615968e+00
   4.8183991e+00
   4.7757494e+00
   4.7336419e+00
   4.6920709e+00
   4.6510307e+00
   4.6105156e+00
   4.5705197e+00
   4.5310372e+00
   4.4920622e+00
   4.4535889e+00
   4.4156115e+00
   4.3781239e+00
   4.3411204e+00
   4.3045951e+00
   4.2685421e+00
   4.2329555e+00
   4.1978294e+00
   4.1631580e+00
   4.1289355e+00
   4.0951560e+00
   4.0618137e+00
   4.0289029e+00
   3.9964178e+00
   3.9643527e+00
   3.9327018e+00
   3.9014596e+00
   3.8706203e+00
   3.8401784e+00
   3.8101284e+00
   3.7804646e+00
   3.7511817e+00
   3.7222741e+00
   3.6937366e+00
   3.6655637e+00
   3.6377502e+00
   3.6102907e+00
