   4.8887473e+00
   4.8879539e+00
   4.8871608e+00
   4.8863680e+00
   4.8855756e+00
   4.8847835e+00
   4.8839917e+00
   4.8832002e+00
   4.8824090e+00
   4.8816181e+00
   4.8808276e+00
   4.8800373e+00
   4.8792474e+00
   4.8784578e+00
   4.8776685e+00
   4.8768795e+00
   4.8760909e+00
   4.8753025e+00
   4.8745144e+00
   4.8737267e+00
   4.8729393e+00
   4.8721522e+00
   4.8713654e+00
   4.8705789e+00
   4.8697927e+00
   4.8690068e+00
   4.8682212e+00
   4.8674360e+00
   4.8666510e+00
   4.8658664e+00
   4.8650820e+00
   4.8642980e+00
   4.8635143e+00
   4.8627309e+00
   4.8619478e+00
   4.8611650e+00
   4.8603825e+00
   4.8596003e+00
   4.8588184e+00
   4.8580368e+00
   4.8572555e+00
   4.8564745e+00
   4.8556938e+00
   4.8549135e+00
   4.8541334e+00
   4.8533536e+00
   4.8525741e+00
   4.8517950e+00
   4.8510161e+00
   4.8502376e+00
   4.8494593e+00
   4.8486813e+00
   4.8479037e+00
   4.8471263e+00
   4.8463492e+00
   4.8455725e+00
   4.8447960e+00
   4.8440198e+00
   4.8432439e+00
   4.8424684e+00
   4.8416931e+00
   4.8409181e+00
   4.8401434e+00
   4.8393690e+00
   4.8385949e+00
   4.8378211e+00
   4.8370476e+00
   4.8362744e+00
   4.8355015e+00
   4.8347289e+00
   4.8339566e+00
   4.8331845e+00
   4.8324128e+00
   4.8316413e+00
   4.8308702e+00
   4.8300993e+00
   4.8293287e+00
   4.8285585e+00
   4.8277885e+00
   4.8270188e+00
   4.8262494e+00
   4.8254803e+00
   4.8247114e+00
   4.8239429e+00
   4.8231746e+00
   4.8224067e+00
   4.8216390e+00
   4.8208716e+00
   4.8201045e+00
   4.8193377e+00
   4.8185712e+00
   4.8178050e+00
   4.8170390e+00
   4.8162734e+00
   4.8155080e+00
   4.8147429e+00
   4.8139781e+00
   4.8132136e+00
   4.8124493e+00
   4.8116854e+00
   4.8109217e+00
   4.8101584e+00
   4.8093953e+00
   4.8086324e+00
   4.8078699e+00
   4.8071077e+00
   4.8063457e+00
   4.8055840e+00
   4.8048226e+00
   4.8040615e+00
   4.8033007e+00
   4.8025401e+00
   4.8017798e+00
   4.8010198e+00
   4.8002601e+00
   4.7995007e+00
   4.7987415e+00
   4.7979826e+00
   4.7972240e+00
   4.7964657e+00
   4.7957077e+00
   4.7949499e+00
   4.7941924e+00
   4.7934352e+00
   4.7926783e+00
   4.7919216e+00
   4.7911652e+00
   4.7904091e+00
   4.7896533e+00
   4.7888977e+00
   4.7881424e+00
   4.7873874e+00
   4.7866327e+00
   4.7858783e+00
   4.7851241e+00
   4.7843702e+00
   4.7836165e+00
   4.7828632e+00
   4.7821101e+00
   4.7813573e+00
   4.7806047e+00
   4.7798524e+00
   4.7791004e+00
   4.7783487e+00
   4.7775973e+00
   4.7768461e+00
   4.7760951e+00
   4.7753445e+00
   4.7745941e+00
   4.7738440e+00
   4.7730942e+00
   4.7723446e+00
   4.7715953e+00
   4.7708463e+00
   4.7700975e+00
   4.7693490e+00
   4.7686008e+00
   4.7678528e+00
   4.7671051e+00
   4.7663577e+00
   4.7656106e+00
   4.7648637e+00
   4.7641170e+00
   4.7633707e+00
   4.7626246e+00
   4.7618787e+00
   4.7611332e+00
   4.7603879e+00
   4.7596428e+00
   4.7588981e+00
   4.7581536e+00
   4.7574093e+00
   4.7566653e+00
   4.7559216e+00
   4.7551781e+00
   4.7544349e+00
   4.7536920e+00
   4.7529493e+00
   4.7522069e+00
   4.7514648e+00
   4.7507229e+00
   4.7499813e+00
   4.7492399e+00
   4.7484988e+00
   4.7477580e+00
   4.7470174e+00
   4.7462770e+00
   4.7455370e+00
   4.7447972e+00
   4.7440576e+00
   4.7433183e+00
   4.7425793e+00
   4.7418405e+00
   4.7411020e+00
   4.7403637e+00
   4.7396257e+00
   4.7388880e+00
   4.7381505e+00
   4.7374133e+00
   4.7366763e+00
   4.7359396e+00
   4.7352031e+00
   4.7344669e+00
   4.7337309e+00
   4.7329952e+00
   4.7322598e+00
   4.7315246e+00
   4.7307896e+00
   4.7300550e+00
   4.7293205e+00
   4.7285864e+00
   4.7278524e+00
   4.7271188e+00
   4.7263853e+00
   4.7256522e+00
   4.7249192e+00
   4.7241866e+00
   4.7234542e+00
   4.7227220e+00
   4.7219901e+00
   4.7212584e+00
   4.7205270e+00
   4.7197959e+00
   4.7190649e+00
   4.7183343e+00
   4.7176039e+00
   4.7168737e+00
   4.7161438e+00
   4.7154141e+00
   4.7146847e+00
   4.7139555e+00
   4.7132266e+00
   4.7124979e+00
   4.7117695e+00
   4.7110413e+00
   4.7103134e+00
   4.7095857e+00
   4.7088583e+00
   4.7081311e+00
   4.7074041e+00
   4.7066774e+00
   4.7059510e+00
   4.7052248e+00
   4.7044988e+00
   4.7037731e+00
   4.7030476e+00
   4.7023224e+00
   4.7015974e+00
   4.7008726e+00
   4.7001481e+00
   4.6994239e+00
   4.6986999e+00
   4.6979761e+00
   4.6972525e+00
   4.6965293e+00
   4.6958062e+00
   4.6950834e+00
   4.6943608e+00
   4.6936385e+00
   4.6929164e+00
   4.6921946e+00
   4.6914730e+00
   4.6907516e+00
   4.6900305e+00
   4.6893096e+00
   4.6885890e+00
   4.6878686e+00
   4.6871484e+00
   4.6864285e+00
   4.6857088e+00
   4.6849894e+00
   4.6842702e+00
   4.6835512e+00
   4.6828325e+00
   4.6821140e+00
   4.6813957e+00
   4.6806777e+00
   4.6799599e+00
   4.6792424e+00
   4.6785251e+00
   4.6778080e+00
   4.6770912e+00
   4.6763746e+00
   4.6756582e+00
   4.6749421e+00
   4.6742262e+00
   4.6735105e+00
   4.6727951e+00
   4.6720799e+00
   4.6713649e+00
   4.6706502e+00
   4.6699357e+00
   4.6692215e+00
   4.6685074e+00
   4.6677937e+00
   4.6670801e+00
   4.6663668e+00
   4.6656537e+00
   4.6649408e+00
   4.6642282e+00
   4.6635158e+00
   4.6628036e+00
   4.6620917e+00
   4.6613800e+00
   4.6606685e+00
   4.6599573e+00
   4.6592463e+00
   4.6585355e+00
   4.6578249e+00
   4.6571146e+00
   4.6564045e+00
   4.6556946e+00
   4.6549850e+00
   4.6542756e+00
   4.6535664e+00
   4.6528575e+00
   4.6521488e+00
   4.6514403e+00
   4.6507320e+00
   4.6500240e+00
   4.6493161e+00
   4.6486086e+00
   4.6479012e+00
   4.6471941e+00
   4.6464872e+00
   4.6457805e+00
   4.6450740e+00
   4.6443678e+00
   4.6436618e+00
   4.6429560e+00
   4.6422505e+00
   4.6415452e+00
   4.6408401e+00
   4.6401352e+00
   4.6394305e+00
   4.6387261e+00
   4.6380219e+00
   4.6373179e+00
   4.6366142e+00
   4.6359106e+00
   4.6352073e+00
   4.6345043e+00
   4.6338014e+00
   4.6330987e+00
   4.6323963e+00
   4.6316941e+00
   4.6309922e+00
   4.6302904e+00
   4.6295889e+00
   4.6288876e+00
   4.6281865e+00
   4.6274856e+00
   4.6267849e+00
   4.6260845e+00
   4.6253843e+00
   4.6246843e+00
   4.6239846e+00
   4.6232850e+00
   4.6225857e+00
   4.6218866e+00
   4.6211877e+00
   4.6204890e+00
   4.6197905e+00
   4.6190923e+00
   4.6183943e+00
   4.6176965e+00
   4.6169989e+00
   4.6163015e+00
   4.6156044e+00
   4.6149075e+00
   4.6142108e+00
   4.6135143e+00
   4.6128180e+00
   4.6121219e+00
   4.6114261e+00
   4.6107304e+00
   4.6100350e+00
   4.6093398e+00
   4.6086448e+00
   4.6079501e+00
   4.6072555e+00
   4.6065612e+00
   4.6058670e+00
   4.6051731e+00
   4.6044794e+00
   4.6037859e+00
   4.6030927e+00
   4.6023996e+00
   4.6017068e+00
   4.6010142e+00
   4.6003217e+00
   4.5996295e+00
   4.5989375e+00
   4.5982458e+00
   4.5975542e+00
   4.5968628e+00
   4.5961717e+00
   4.5954808e+00
   4.5947901e+00
   4.5940995e+00
   4.5934093e+00
   4.5927192e+00
   4.5920293e+00
   4.5913396e+00
   4.5906502e+00
   4.5899609e+00
   4.5892719e+00
   4.5885831e+00
   4.5878945e+00
   4.5872061e+00
   4.5865179e+00
   4.5858299e+00
   4.5851421e+00
   4.5844545e+00
   4.5837672e+00
   4.5830800e+00
   4.5823931e+00
   4.5817063e+00
   4.5810198e+00
   4.5803335e+00
   4.5796474e+00
   4.5789615e+00
   4.5782758e+00
   4.5775903e+00
   4.5769050e+00
   4.5762199e+00
   4.5755350e+00
   4.5748504e+00
   4.5741659e+00
   4.5734817e+00
   4.5727976e+00
   4.5721138e+00
   4.5714301e+00
   4.5707467e+00
   4.5700635e+00
   4.5693804e+00
   4.5686976e+00
   4.5680150e+00
   4.5673326e+00
   4.5666504e+00
   4.5659684e+00
   4.5652866e+00
   4.5646050e+00
   4.5639236e+00
   4.5632424e+00
   4.5625614e+00
   4.5618806e+00
   4.5612000e+00
   4.5605196e+00
   4.5598395e+00
   4.5591595e+00
   4.5584797e+00
   4.5578001e+00
   4.5571208e+00
   4.5564416e+00
   4.5557626e+00
   4.5550839e+00
   4.5544053e+00
   4.5537269e+00
   4.5530488e+00
   4.5523708e+00
   4.5516930e+00
   4.5510155e+00
   4.5503381e+00
   4.5496609e+00
   4.5489839e+00
   4.5483072e+00
   4.5476306e+00
   4.5469542e+00
   4.5462781e+00
   4.5456021e+00
   4.5449263e+00
   4.5442507e+00
   4.5435754e+00
   4.5429002e+00
   4.5422252e+00
   4.5415504e+00
   4.5408758e+00
   4.5402014e+00
   4.5395272e+00
   4.5388532e+00
   4.5381794e+00
   4.5375058e+00
   4.5368324e+00
   4.5361592e+00
   4.5354862e+00
   4.5348134e+00
   4.5341407e+00
   4.5334683e+00
   4.5327961e+00
   4.5321240e+00
   4.5314522e+00
   4.5307805e+00
   4.5301091e+00
   4.5294378e+00
   4.5287667e+00
   4.5280959e+00
   4.5274252e+00
   4.5267547e+00
   4.5260844e+00
   4.5254143e+00
   4.5247444e+00
   4.5240747e+00
   4.5234052e+00
   4.5227359e+00
   4.5220667e+00
   4.5213978e+00
   4.5207290e+00
   4.5200605e+00
   4.5193921e+00
   4.5187239e+00
   4.5180560e+00
   4.5173882e+00
   4.5167206e+00
   4.5160532e+00
   4.5153860e+00
   4.5147189e+00
   4.5140521e+00
   4.5133854e+00
   4.5127190e+00
   4.5120527e+00
   4.5113867e+00
   4.5107208e+00
   4.5100551e+00
   4.5093896e+00
   4.5087243e+00
   4.5080591e+00
   4.5073942e+00
   4.5067295e+00
   4.5060649e+00
   4.5054005e+00
   4.5047364e+00
   4.5040724e+00
   4.5034086e+00
   4.5027449e+00
   4.5020815e+00
   4.5014183e+00
   4.5007552e+00
   4.5000924e+00
   4.4994297e+00
   4.4987672e+00
   4.4981049e+00
   4.4974428e+00
   4.4967808e+00
   4.4961191e+00
   4.4954575e+00
   4.4947962e+00
   4.4941350e+00
   4.4934740e+00
   4.4928132e+00
   4.4921525e+00
   4.4914921e+00
   4.4908318e+00
   4.4901718e+00
   4.4895119e+00
   4.4888522e+00
   4.4881926e+00
   4.4875333e+00
   4.4868742e+00
   4.4862152e+00
   4.4855564e+00
   4.4849029e+00
   5.0904987e+00
   5.6830039e+00
   6.2629769e+00
   6.8311999e+00
   7.3883664e+00
   7.9350936e+00
   8.4719339e+00
   8.9993780e+00
   9.5178612e+00
   1.0027771e+01
   1.0529453e+01
   1.1023226e+01
   1.1509398e+01
   1.1988290e+01
   1.2460272e+01
   1.2925795e+01
   1.3385460e+01
   1.3840081e+01
   1.4290789e+01
   1.4739158e+01
   1.5187375e+01
   1.5638475e+01
   1.6096652e+01
   1.6567704e+01
   1.7059574e+01
   1.7582851e+01
   1.8150214e+01
   1.8770187e+01
   1.9411976e+01
   1.9819145e+01
   1.8515613e+01
   9.8597414e+00
   1.1204732e+00
   2.1668429e-01
   1.0433487e-01
   7.6035304e-02
   6.5251040e-02
   5.9672821e-02
   5.6026034e-02
   5.3265842e-02
   5.1017934e-02
   4.9128167e-02
   4.7518879e-02
   4.6141223e-02
   4.4958978e-02
   4.3942771e-02
   4.3067824e-02
   4.2312882e-02
   4.1659571e-02
   4.1091997e-02
   4.4266129e-02
   4.7655028e-02
   5.1251094e-02
   5.5046188e-02
   5.9030790e-02
   6.3193980e-02
   6.7523480e-02
   7.2005784e-02
   7.6626246e-02
   8.1369284e-02
   8.6218507e-02
   9.1156914e-02
   9.6167108e-02
   1.0123146e-01
   1.0633232e-01
   1.1145218e-01
   1.1657388e-01
   1.2168071e-01
   1.2675664e-01
   1.3178634e-01
   1.3675535e-01
   1.4165015e-01
   1.4645827e-01
   1.5116826e-01
   1.5576974e-01
   1.6025350e-01
   1.6461140e-01
   1.6883638e-01
   1.7292250e-01
   1.7686480e-01
   1.8065934e-01
   1.8430313e-01
   1.8779407e-01
   1.9113088e-01
   1.9431304e-01
   1.9734077e-01
   2.0021491e-01
   2.0293690e-01
   2.0550869e-01
   2.0793269e-01
   2.1021171e-01
   2.1234898e-01
   2.1434795e-01
   2.1621235e-01
   2.1794614e-01
   2.1955342e-01
   2.2103843e-01
   2.2240551e-01
   2.2365907e-01
   2.2480353e-01
   2.2584335e-01
   2.2678296e-01
   2.2762675e-01
   2.2837906e-01
   2.2904421e-01
   2.2962639e-01
   2.3012973e-01
   2.3055824e-01
   2.3091583e-01
   2.3120631e-01
   2.3143334e-01
   2.3160052e-01
   2.3171127e-01
   2.3176891e-01
   2.3177665e-01
   2.3173753e-01
   2.3165451e-01
   2.3153041e-01
   2.3136793e-01
   2.3116964e-01
   2.3093803e-01
   2.3067542e-01
   2.3038407e-01
   2.3006611e-01
   2.2972357e-01
   2.2935836e-01
   2.2897234e-01
   2.2856722e-01
   2.2814467e-01
   2.2770623e-01
   2.2725338e-01
   2.2678753e-01
   2.2631000e-01
   2.2582202e-01
   2.2532479e-01
   2.2481941e-01
   2.2430694e-01
   2.2378837e-01
   2.2326462e-01
   2.2273659e-01
   2.2220508e-01
   2.2167090e-01
   2.2113475e-01
   2.2059735e-01
   2.2005933e-01
   2.1952130e-01
   2.1898383e-01
   2.1844746e-01
   2.1791270e-01
   2.1738001e-01
   2.1684984e-01
   2.1632261e-01
   2.1579871e-01
   2.1527850e-01
   2.1476233e-01
   2.1425052e-01
   2.1374337e-01
   2.1324117e-01
   2.1274418e-01
   2.1225264e-01
   2.1176681e-01
   2.1128689e-01
   2.1081310e-01
   2.1034562e-01
   2.0988465e-01
   2.0943035e-01
   2.0898289e-01
   2.0854243e-01
   2.0810910e-01
   2.0768306e-01
   2.0726443e-01
   2.0685333e-01
   2.0644990e-01
   2.0605424e-01
   2.0566646e-01
   2.0528667e-01
   2.0491498e-01
   2.0455149e-01
   2.0419629e-01
   2.0384947e-01
   2.0351115e-01
   2.0318139e-01
   2.0286031e-01
   2.0254798e-01
   2.0224451e-01
   2.0194997e-01
   2.0166448e-01
   2.0138810e-01
   2.0112095e-01
   2.0086312e-01
   2.0061470e-01
   2.0037579e-01
   2.0014649e-01
   1.9992691e-01
   1.9971716e-01
   1.9951735e-01
   1.9932758e-01
   1.9914798e-01
   1.9897868e-01
   1.9881979e-01
   1.9867144e-01
   1.9853378e-01
   1.9840694e-01
   1.9829107e-01
   1.9818632e-01
   1.9809285e-01
   1.9801082e-01
   1.9794040e-01
   1.9788177e-01
   1.9783511e-01
   1.9780061e-01
   1.9777846e-01
   1.9776888e-01
   1.9777207e-01
   1.9778826e-01
   1.9781766e-01
   1.9786051e-01
   1.9791706e-01
   1.9798755e-01
   1.9807224e-01
   1.9817140e-01
   1.9828529e-01
   1.9841419e-01
   1.9855839e-01
   1.9871817e-01
   1.9889384e-01
   1.9908568e-01
   1.9929400e-01
   1.9951910e-01
   1.9976130e-01
   2.0002089e-01
   2.0029817e-01
   2.0059345e-01
   2.0090702e-01
   2.0123915e-01
   2.0159013e-01
   2.0196021e-01
   2.0234963e-01
   2.0275861e-01
   2.0318735e-01
   2.0363602e-01
   2.0410476e-01
   2.0459366e-01
   2.0510279e-01
   2.0563216e-01
   2.0618175e-01
   2.0675147e-01
   2.0734119e-01
   2.0795071e-01
   2.0857978e-01
   2.0922808e-01
   2.0989522e-01
   2.1058077e-01
   2.1128421e-01
   2.1200497e-01
   2.1274242e-01
   2.1349587e-01
   2.1426458e-01
   2.1504776e-01
   2.1584458e-01
   2.1665417e-01
   2.1747565e-01
   2.1830809e-01
   2.1915058e-01
   2.2000218e-01
   2.2086196e-01
   2.2172900e-01
   2.2260240e-01
   2.2348126e-01
   2.2436473e-01
   2.2525199e-01
   2.2614224e-01
   2.2703474e-01
   2.2792878e-01
   2.2882368e-01
   2.2971884e-01
   2.3061366e-01
   2.3150763e-01
   2.3240025e-01
   2.3329107e-01
   2.3417970e-01
   2.3506577e-01
   2.3594896e-01
   2.3682898e-01
   2.3770558e-01
   2.3857854e-01
   2.3944766e-01
   2.4031279e-01
   2.4117378e-01
   2.4203052e-01
   2.4288291e-01
   2.4373089e-01
   2.4457439e-01
   2.4541337e-01
   2.4624781e-01
   2.4707769e-01
   2.4790301e-01
   2.4872378e-01
   2.4954001e-01
   2.5035171e-01
   2.5115893e-01
   2.5196169e-01
   2.5276004e-01
   2.5355401e-01
   2.5434366e-01
   2.5512902e-01
   2.5591016e-01
   2.5668712e-01
   2.5745996e-01
   2.5822873e-01
   2.5899349e-01
   2.5975428e-01
   2.6051118e-01
   2.6126422e-01
   2.6201347e-01
   2.6275897e-01
   2.6350079e-01
   2.6423896e-01
   2.6497355e-01
   2.6570461e-01
   2.6643218e-01
   2.6715631e-01
   2.6787704e-01
   2.6859444e-01
   2.6930853e-01
   2.7001936e-01
   2.7072698e-01
   2.7143143e-01
   2.7213275e-01
   2.7283097e-01
   2.7352614e-01
   2.7421830e-01
   2.7490748e-01
   2.7559372e-01
   2.7627705e-01
   2.7695751e-01
   2.7763514e-01
   2.7830996e-01
   2.7898201e-01
   2.7965133e-01
   2.8031793e-01
   2.8098186e-01
   2.8164315e-01
   2.8230182e-01
   2.8295791e-01
   2.8361144e-01
   2.8426245e-01
   2.8491096e-01
   2.8555700e-01
   2.8620060e-01
   2.8684179e-01
   2.8748059e-01
   2.8811704e-01
   2.8875116e-01
   2.8938297e-01
   2.9001251e-01
   2.9063980e-01
   2.9126487e-01
   2.9188774e-01
   2.9250845e-01
   2.9312702e-01
   2.9374347e-01
   2.9435783e-01
   2.9497013e-01
   2.9558039e-01
   2.9618865e-01
   2.9679492e-01
   2.9739923e-01
   2.9800161e-01
   2.9860209e-01
   2.9920069e-01
   2.9979743e-01
   3.0039235e-01
   3.0098547e-01
   3.0157681e-01
   3.0216640e-01
   3.0275427e-01
   3.0334044e-01
   3.0392494e-01
   3.0450779e-01
   3.0508902e-01
   3.0566866e-01
   3.0624673e-01
   3.0682325e-01
   3.0739826e-01
   3.0797177e-01
   3.0854381e-01
   3.0911441e-01
   3.0968359e-01
   3.1025138e-01
   3.1081780e-01
   3.1138288e-01
   3.1194664e-01
   3.1250911e-01
   3.1307031e-01
   3.1363027e-01
   3.1418900e-01
   3.1474654e-01
   3.1530291e-01
   3.1585813e-01
   3.1641223e-01
   3.1696522e-01
   3.1751714e-01
   3.1806801e-01
   3.1861785e-01
   3.1916669e-01
   3.1971454e-01
   3.2026143e-01
   3.2080739e-01
   3.2135243e-01
   3.2189658e-01
   3.2243987e-01
   3.2298230e-01
   3.2352391e-01
   3.2406472e-01
   3.2460475e-01
   3.2514402e-01
   3.2568255e-01
   3.2622037e-01
   3.2675749e-01
   3.2729394e-01
   3.2782973e-01
   3.2836490e-01
   3.2889945e-01
   3.2943341e-01
   3.2996680e-01
   3.3049963e-01
   3.3103194e-01
   3.3156374e-01
   3.3209504e-01
   3.3262587e-01
   3.3315625e-01
   3.3368619e-01
   3.3421572e-01
   3.3474485e-01
   3.3527360e-01
   3.3580199e-01
   3.3633004e-01
   3.3685776e-01
   3.3738518e-01
   3.3791232e-01
   3.3843918e-01
   3.3896578e-01
   3.3949216e-01
   3.4001831e-01
   3.4054426e-01
   3.4107002e-01
   3.4159561e-01
   3.4212106e-01
   3.4264636e-01
   3.4317155e-01
   3.4369663e-01
   3.4422162e-01
   3.4474653e-01
   3.4527139e-01
   3.4579621e-01
   3.4632100e-01
   3.4684577e-01
   3.4737055e-01
   3.4789534e-01
   3.4842017e-01
   3.4894504e-01
   3.4946997e-01
   3.4999498e-01
   3.5052007e-01
   3.5104526e-01
   3.5157057e-01
   3.5209601e-01
   3.5262159e-01
   3.5314732e-01
   3.5367323e-01
   3.5419931e-01
   3.5472559e-01
   3.5525208e-01
   3.5577878e-01
   3.5630572e-01
   3.5683290e-01
   3.5736033e-01
   3.5788804e-01
   3.5841603e-01
   3.5894430e-01
   3.5947288e-01
   3.6000178e-01
   3.6053101e-01
   3.6106057e-01
   3.6159048e-01
   3.6212075e-01
   3.6265139e-01
   3.6318242e-01
   3.6371384e-01
   3.6424566e-01
   3.6477790e-01
   3.6531056e-01
   3.6584366e-01
   3.6637721e-01
   3.6691121e-01
   3.6744567e-01
   3.6798061e-01
   3.6851604e-01
   3.6905197e-01
   3.6958839e-01
   3.7012534e-01
   3.7066281e-01
   3.7120081e-01
   3.7173935e-01
   3.7227845e-01
   3.7281811e-01
   3.7335834e-01
   3.7389915e-01
   3.7444055e-01
   3.7498255e-01
   3.7552515e-01
   3.7606837e-01
   3.7661221e-01
   3.7715669e-01
   3.7770180e-01
   3.7824757e-01
   3.7879399e-01
   3.7934108e-01
   3.7988884e-01
   3.8043728e-01
   3.8098641e-01
   3.8153625e-01
   3.8208678e-01
   3.8263804e-01
   3.8319001e-01
   3.8374271e-01
   3.8429615e-01
   3.8485033e-01
   3.8540527e-01
   3.8596097e-01
   3.8651743e-01
   3.8707467e-01
   3.8763269e-01
   3.8819150e-01
   3.8875110e-01
   3.8931151e-01
   3.8987273e-01
   3.9043476e-01
   3.9099763e-01
   3.9156132e-01
   3.9212585e-01
   3.9269123e-01
   3.9325746e-01
   3.9382455e-01
   3.9439250e-01
   3.9496133e-01
   3.9553104e-01
   3.9610163e-01
   3.9667312e-01
   3.9724550e-01
   3.9781879e-01
   3.9839299e-01
   3.9896811e-01
   3.9954416e-01
   4.0012113e-01
   4.0069904e-01
   4.0127790e-01
   4.0185771e-01
   4.0243847e-01
   4.0302020e-01
   4.0360289e-01
   4.0418656e-01
   4.0477120e-01
   4.0535684e-01
   4.0594347e-01
   4.0653109e-01
   4.0711972e-01
   4.0770937e-01
   4.0830002e-01
   4.0889170e-01
   4.0948441e-01
   4.1007815e-01
   4.1067294e-01
   4.1126876e-01
   4.1186564e-01
   4.1246358e-01
   4.1306258e-01
   4.1366264e-01
   4.1426379e-01
   4.1486601e-01
   4.1546931e-01
   4.1607371e-01
   4.1667920e-01
   4.1728580e-01
   4.1789350e-01
   4.1850232e-01
   4.1911225e-01
   4.1972331e-01
   4.2033550e-01
   4.2094882e-01
   4.2156328e-01
   4.2217889e-01
   4.2279565e-01
   4.2341357e-01
   4.2403265e-01
   4.2465290e-01
   4.2527431e-01
   4.2589691e-01
   4.2652069e-01
   4.2714566e-01
   4.2777182e-01
   4.2839918e-01
   4.2902775e-01
   4.2965752e-01
   4.3028851e-01
   4.3092072e-01
   4.3155416e-01
   4.3218882e-01
   4.3282472e-01
   4.3346186e-01
   4.3410025e-01
   4.3473989e-01
   4.3538078e-01
   4.3602294e-01
   4.3666636e-01
   4.3731106e-01
   4.3795703e-01
   4.3860428e-01
   4.3925282e-01
   4.3990265e-01
   4.4055378e-01
   4.4120621e-01
   4.4185995e-01
   4.4251500e-01
   4.4317137e-01
   4.4382906e-01
   4.4448808e-01
   4.4514843e-01
   4.4581012e-01
   4.4647316e-01
   4.4713753e-01
   4.4780327e-01
   4.4847036e-01
   4.4913881e-01
   4.4980863e-01
   4.5047982e-01
   4.5115239e-01
   4.5182635e-01
   4.5250169e-01
   4.5317842e-01
   4.5385656e-01
   4.5453609e-01
   4.5521704e-01
   4.5589939e-01
   4.5658317e-01
   4.5726836e-01
   4.5795499e-01
   4.5864304e-01
   4.5933254e-01
   4.6002348e-01
   4.6071586e-01
   4.6140970e-01
   4.6210500e-01
   4.6280176e-01
   4.6349998e-01
   4.6419968e-01
   4.6490086e-01
   4.6560352e-01
   4.6630766e-01
   4.6701330e-01
   4.6772044e-01
   4.6842908e-01
   4.6913923e-01
   4.6985089e-01
   4.7056407e-01
   4.7127877e-01
   4.7199499e-01
   4.7271275e-01
   4.7343205e-01
   4.7415289e-01
   4.7487528e-01
   4.7559922e-01
   4.7632472e-01
   4.7705178e-01
   4.7778041e-01
   4.7851061e-01
   4.7924239e-01
   4.7997575e-01
   4.8071070e-01
   4.8144724e-01
   4.8218538e-01
   4.8292512e-01
   4.8366647e-01
   4.8440944e-01
   4.8515402e-01
   4.8590022e-01
   4.8664805e-01
   4.8739752e-01
   4.8814862e-01
   4.8890137e-01
   4.8965577e-01
   4.9041181e-01
   4.9116952e-01
   4.9192889e-01
   4.9268993e-01
   4.9345264e-01
   4.9421704e-01
   4.9498311e-01
   4.9575088e-01
   4.9652034e-01
   4.9729149e-01
   4.9806436e-01
   4.9883893e-01
   4.9961522e-01
   5.0039322e-01
   5.0117296e-01
   5.0195442e-01
   5.0273761e-01
   5.0352255e-01
   5.0430924e-01
   5.0509767e-01
   5.0588786e-01
   5.0667981e-01
   5.0747353e-01
   5.0826902e-01
   5.0906629e-01
   5.0986534e-01
   5.1066617e-01
   5.1146880e-01
   5.1227323e-01
   5.1307946e-01
   5.1388750e-01
   5.1469735e-01
   5.1550902e-01
   5.1632251e-01
   5.1713784e-01
   5.1795499e-01
   5.1877399e-01
   5.1959484e-01
   5.2041753e-01
   5.2124208e-01
   5.2206849e-01
   5.2289677e-01
   5.2372692e-01
   5.2455895e-01
   5.2539286e-01
   5.2622865e-01
   5.2706634e-01
   5.2790593e-01
   5.2874743e-01
   5.2959083e-01
   5.3043615e-01
   5.3128339e-01
   5.3213255e-01
   5.3298365e-01
   5.3383668e-01
   5.3469165e-01
   5.3554858e-01
   5.3640745e-01
   5.3726828e-01
   5.3813108e-01
   5.3899585e-01
   5.3986259e-01
   5.4073131e-01
   5.4160202e-01
   5.4247472e-01
   5.4334942e-01
   5.4422612e-01
   5.4510483e-01
   5.4598555e-01
   5.4686829e-01
   5.4775306e-01
   5.4863985e-01
   5.4952869e-01
   5.5041956e-01
   5.5131248e-01
   5.5220746e-01
   5.5310449e-01
   5.5400359e-01
   5.5490476e-01
   5.5580800e-01
   5.5671333e-01
   5.5762074e-01
   5.5853024e-01
   5.5944185e-01
   5.6035556e-01
   5.6127137e-01
   5.6218931e-01
   5.6310936e-01
   5.6403154e-01
   5.6495586e-01
   5.6588231e-01
   5.6681091e-01
   5.6774166e-01
   5.6867457e-01
   5.6960964e-01
   5.7054687e-01
   5.7148628e-01
   5.7242787e-01
   5.7337165e-01
   5.7431761e-01
   5.7526578e-01
   5.7621615e-01
   5.7716872e-01
   5.7812351e-01
   5.7908053e-01
   5.8003977e-01
   5.8100124e-01
   5.8196495e-01
   5.8293091e-01
   5.8389912e-01
   5.8486958e-01
   5.8584231e-01
   5.8681731e-01
   5.8779458e-01
   5.8877414e-01
   5.8975598e-01
   5.9074011e-01
   5.9172655e-01
   5.9271529e-01
   5.9370634e-01
   5.9469971e-01
   5.9569541e-01
   5.9669343e-01
   5.9769379e-01
   5.9869650e-01
   5.9970155e-01
   6.0070896e-01
   6.0171873e-01
   6.0273087e-01
   6.0374538e-01
   6.0476227e-01
   6.0578155e-01
   6.0680322e-01
   6.0782729e-01
   6.0885377e-01
   6.0988265e-01
   6.1091396e-01
   6.1194769e-01
   6.1298385e-01
   6.1402245e-01
   6.1506349e-01
   6.1610698e-01
   6.1715293e-01
   6.1820135e-01
   6.1925223e-01
   6.2030559e-01
   6.2136143e-01
   6.2241976e-01
   6.2348058e-01
   6.2454391e-01
   6.2560974e-01
   6.2667810e-01
   6.2774897e-01
   6.2882237e-01
   6.2989831e-01
   6.3097679e-01
   6.3205781e-01
   6.3314140e-01
   6.3422754e-01
   6.3531625e-01
   6.3640754e-01
   6.3750141e-01
   6.3859787e-01
   6.3969692e-01
   6.4079858e-01
   6.4190284e-01
   6.4300973e-01
   6.4411923e-01
   6.4523136e-01
   6.4634613e-01
   6.4746354e-01
   6.4858361e-01
   6.4970633e-01
   6.5083171e-01
   6.5195976e-01
   6.5309050e-01
   6.5422391e-01
   6.5536002e-01
   6.5649883e-01
   6.5764034e-01
   6.5878457e-01
   6.5993152e-01
   6.6108119e-01
   6.6223360e-01
   6.6338875e-01
   6.6454664e-01
   6.6570730e-01
   6.6687071e-01
   6.6803690e-01
   6.6920586e-01
   6.7037761e-01
   6.7155214e-01
   6.7272948e-01
   6.7390962e-01
   6.7509258e-01
   6.7627836e-01
   6.7746696e-01
   6.7865840e-01
   6.7985269e-01
   6.8104982e-01
   6.8224981e-01
   6.8345267e-01
   6.8465839e-01
   6.8586700e-01
   6.8707850e-01
   6.8829289e-01
   6.8951018e-01
   6.9073038e-01
   6.9195350e-01
   6.9317955e-01
   6.9440853e-01
   6.9564044e-01
   6.9687531e-01
   6.9811313e-01
   6.9935392e-01
   7.0059767e-01
   7.0184441e-01
   7.0309413e-01
   7.0434684e-01
   7.0560256e-01
   7.0686129e-01
   7.0812303e-01
   7.0938781e-01
   7.1065561e-01
   7.1192646e-01
   7.1320035e-01
   7.1447730e-01
   7.1575732e-01
   7.1704041e-01
   7.1832658e-01
   7.1961584e-01
   7.2090820e-01
   7.2220366e-01
   7.2350224e-01
   7.2480394e-01
   7.2610877e-01
   7.2741673e-01
   7.2872784e-01
   7.3004211e-01
   7.3135954e-01
   7.3268014e-01
   7.3400392e-01
   7.3533088e-01
   7.3666104e-01
   7.3799441e-01
   7.3933099e-01
   7.4067078e-01
   7.4201381e-01
   7.4336008e-01
   7.4470959e-01
   7.4606236e-01
   7.4741839e-01
   7.4877769e-01
   7.5014027e-01
   7.5150614e-01
   7.5287531e-01
   7.5424778e-01
   7.5562357e-01
   7.5700268e-01
   7.5838513e-01
   7.5977092e-01
   7.6116005e-01
   7.6255255e-01
   7.6394841e-01
   7.6534765e-01
   7.6675027e-01
   7.6815629e-01
   7.6956571e-01
   7.7097855e-01
   7.7239480e-01
   7.7381449e-01
   7.7523761e-01
   7.7666419e-01
   7.7809422e-01
   7.7952771e-01
   7.8096469e-01
   7.8240514e-01
   7.8384909e-01
   7.8529655e-01
   7.8674752e-01
   7.8820201e-01
   7.8966003e-01
   7.9112159e-01
   7.9258670e-01
   7.9405538e-01
   7.9552762e-01
   7.9700344e-01
   7.9848284e-01
   7.9996585e-01
   8.0145246e-01
   8.0294269e-01
   8.0443655e-01
   8.0593404e-01
   8.0743518e-01
   8.0893997e-01
   8.1044843e-01
   8.1196056e-01
   8.1347638e-01
   8.1499589e-01
   8.1651911e-01
   8.1804605e-01
   8.1957670e-01
   8.2111110e-01
   8.2264923e-01
   8.2419113e-01
   8.2573678e-01
   8.2728622e-01
   8.2883943e-01
   8.3039645e-01
   8.3195727e-01
   8.3352190e-01
   8.3509036e-01
   8.3666266e-01
   8.3823880e-01
   8.3981880e-01
   8.4140267e-01
   8.4299042e-01
   8.4458206e-01
   8.4617759e-01
   8.4777704e-01
   8.4938041e-01
   8.5098770e-01
   8.5259894e-01
   8.5421414e-01
   8.5583329e-01
   8.5745642e-01
   8.5908354e-01
   8.6071465e-01
   8.6234977e-01
   8.6398890e-01
   8.6563207e-01
   8.6727927e-01
   8.6893053e-01
   8.7058585e-01
   8.7224524e-01
   8.7390872e-01
   8.7557629e-01
   8.7724797e-01
   8.7892376e-01
   8.8060369e-01
   8.8228776e-01
   8.8397598e-01
   8.8566837e-01
   8.8736493e-01
   8.8906567e-01
   8.9077062e-01
   8.9247978e-01
   8.9419316e-01
   8.9591077e-01
   8.9763263e-01
   8.9935874e-01
   9.0108913e-01
   9.0282380e-01
   9.0456276e-01
   9.0630602e-01
   9.0805360e-01
   9.0980552e-01
   9.1156177e-01
   9.1332238e-01
   9.1508735e-01
   9.1685670e-01
   9.1863044e-01
   9.2040859e-01
   9.2219115e-01
   9.2397813e-01
   9.2576956e-01
   9.2756544e-01
   9.2936579e-01
   9.3117061e-01
   9.3297993e-01
   9.3479375e-01
   9.3661208e-01
   9.3843494e-01
   9.4026235e-01
   9.4209431e-01
   9.4393084e-01
   9.4577195e-01
   9.4761765e-01
   9.4946797e-01
   9.5132290e-01
   9.5318246e-01
   9.5504667e-01
   9.5691555e-01
   9.5878909e-01
   9.6066733e-01
   9.6255026e-01
   9.6443791e-01
   9.6633029e-01
   9.6822741e-01
   9.7012928e-01
   9.7203592e-01
   9.7394735e-01
   9.7586357e-01
   9.7778460e-01
   9.7971046e-01
   9.8164116e-01
   9.8357671e-01
   9.8551713e-01
   9.8746243e-01
   9.8941262e-01
   9.9136772e-01
   9.9332775e-01
   9.9529272e-01
   9.9726264e-01
   9.9923753e-01
   1.0012174e+00
   1.0032023e+00
   1.0051922e+00
   1.0071871e+00
   1.0091870e+00
   1.0111920e+00
   1.0132021e+00
   1.0152173e+00
   1.0172375e+00
   1.0192629e+00
   1.0212934e+00
   1.0233291e+00
   1.0253699e+00
   1.0274159e+00
   1.0294671e+00
   1.0315235e+00
   1.0335852e+00
   1.0356521e+00
   1.0377242e+00
   1.0398016e+00
   1.0418843e+00
   1.0439723e+00
   1.0460656e+00
   1.0481643e+00
   1.0502683e+00
   1.0523776e+00
   1.0544924e+00
   1.0566126e+00
   1.0587382e+00
   1.0608692e+00
   1.0630057e+00
   1.0651476e+00
   1.0672950e+00
   1.0694479e+00
   1.0716064e+00
   1.0737704e+00
   1.0759399e+00
   1.0781150e+00
   1.0802957e+00
   1.0824820e+00
   1.0846739e+00
   1.0868715e+00
   1.0890747e+00
   1.0912836e+00
   1.0934981e+00
   1.0957184e+00
   1.0979444e+00
   1.1001762e+00
   1.1024137e+00
   1.1046570e+00
   1.1069061e+00
   1.1091611e+00
   1.1114218e+00
   1.1136884e+00
   1.1159609e+00
   1.1182393e+00
   1.1205236e+00
   1.1228138e+00
   1.1251100e+00
   1.1274121e+00
   1.1297202e+00
   1.1320343e+00
   1.1343545e+00
   1.1366806e+00
   1.1390129e+00
   1.1413512e+00
   1.1436957e+00
   1.1460462e+00
   1.1484029e+00
   1.1507657e+00
   1.1531348e+00
   1.1555100e+00
   1.1578915e+00
   1.1602792e+00
   1.1626731e+00
   1.1650733e+00
   1.1674799e+00
   1.1698927e+00
   1.1723119e+00
   1.1747375e+00
   1.1771694e+00
   1.1796078e+00
   1.1820525e+00
   1.1845038e+00
   1.1869615e+00
   1.1894256e+00
   1.1918963e+00
   1.1943735e+00
   1.1968573e+00
   1.1993477e+00
   1.2018446e+00
   1.2043482e+00
   1.2068584e+00
   1.2093753e+00
   1.2118988e+00
   1.2144291e+00
   1.2169661e+00
   1.2195098e+00
   1.2220603e+00
   1.2246177e+00
   1.2271818e+00
   1.2297528e+00
   1.2323306e+00
   1.2349154e+00
   1.2375070e+00
   1.2401056e+00
   1.2427112e+00
   1.2453237e+00
   1.2479433e+00
   1.2505698e+00
   1.2532035e+00
   1.2558442e+00
   1.2584920e+00
   1.2611470e+00
   1.2638091e+00
   1.2664783e+00
   1.2691548e+00
   1.2718385e+00
   1.2745295e+00
   1.2772277e+00
   1.2799333e+00
   1.2826461e+00
   1.2853664e+00
   1.2880940e+00
   1.2908290e+00
   1.2935714e+00
   1.2963213e+00
   1.2990787e+00
   1.3018436e+00
   1.3046160e+00
   1.3073960e+00
   1.3101836e+00
   1.3129787e+00
   1.3157816e+00
   1.3185921e+00
   1.3214103e+00
   1.3242362e+00
   1.3270699e+00
   1.3299113e+00
   1.3327606e+00
   1.3356177e+00
   1.3384826e+00
   1.3413555e+00
   1.3442362e+00
   1.3471250e+00
   1.3500217e+00
   1.3529264e+00
   1.3558391e+00
   1.3587599e+00
   1.3616888e+00
   1.3646258e+00
   1.3675709e+00
   1.3705243e+00
   1.3734858e+00
   1.3764556e+00
   1.3794337e+00
   1.3824200e+00
   1.3854147e+00
   1.3884178e+00
   1.3914292e+00
   1.3944491e+00
   1.3974774e+00
   1.4005142e+00
   1.4035596e+00
   1.4066135e+00
   1.4096759e+00
   1.4127470e+00
   1.4158267e+00
   1.4189151e+00
   1.4220122e+00
   1.4251181e+00
   1.4282327e+00
   1.4313561e+00
   1.4344884e+00
   1.4376295e+00
   1.4407796e+00
   1.4439386e+00
   1.4471065e+00
   1.4502835e+00
   1.4534695e+00
   1.4566646e+00
   1.4598688e+00
   1.4630822e+00
   1.4663047e+00
   1.4695365e+00
   1.4727775e+00
   1.4760278e+00
   1.4792874e+00
   1.4825564e+00
   1.4858348e+00
   1.4891226e+00
   1.4924199e+00
   1.4957266e+00
   1.4990430e+00
   1.5023689e+00
   1.5057044e+00
   1.5090496e+00
   1.5124044e+00
   1.5157690e+00
   1.5191434e+00
   1.5225275e+00
   1.5259215e+00
   1.5293254e+00
   1.5327392e+00
   1.5361630e+00
   1.5395968e+00
   1.5430406e+00
   1.5464945e+00
   1.5499585e+00
   1.5534327e+00
   1.5569170e+00
   1.5604116e+00
   1.5639165e+00
   1.5674318e+00
   1.5709573e+00
   1.5744933e+00
   1.5780398e+00
   1.5815967e+00
   1.5851641e+00
   1.5887422e+00
   1.5923308e+00
   1.5959301e+00
   1.5995401e+00
   1.6031609e+00
   1.6067924e+00
   1.6104348e+00
   1.6140881e+00
   1.6177523e+00
   1.6214274e+00
   1.6251136e+00
   1.6288108e+00
   1.6325192e+00
   1.6362386e+00
   1.6399693e+00
   1.6437112e+00
   1.6474644e+00
   1.6512290e+00
   1.6550049e+00
   1.6587923e+00
   1.6625911e+00
   1.6664015e+00
   1.6702234e+00
   1.6740570e+00
   1.6779022e+00
   1.6817591e+00
   1.6856278e+00
   1.6895084e+00
   1.6934008e+00
   1.6973051e+00
   1.7012214e+00
   1.7051497e+00
   1.7090901e+00
   1.7130426e+00
   1.7170073e+00
   1.7209842e+00
   1.7249733e+00
   1.7289749e+00
   1.7329887e+00
   1.7370151e+00
   1.7410539e+00
   1.7451053e+00
   1.7491692e+00
   1.7532458e+00
   1.7573351e+00
   1.7614372e+00
   1.7655521e+00
   1.7696799e+00
   1.7738206e+00
   1.7779743e+00
   1.7821410e+00
   1.7863208e+00
   1.7905138e+00
   1.7947200e+00
   1.7989394e+00
   1.8031722e+00
   1.8074184e+00
   1.8116780e+00
   1.8159512e+00
   1.8202379e+00
   1.8245382e+00
   1.8288522e+00
   1.8331799e+00
   1.8375215e+00
   1.8418769e+00
   1.8462463e+00
   1.8506297e+00
   1.8550271e+00
   1.8594386e+00
   1.8638644e+00
   1.8683043e+00
   1.8727586e+00
   1.8772273e+00
   1.8817104e+00
   1.8862080e+00
   1.8907201e+00
   1.8952469e+00
   1.8997885e+00
   1.9043447e+00
   1.9089159e+00
   1.9135019e+00
   1.9181029e+00
   1.9227189e+00
   1.9273501e+00
   1.9319964e+00
   1.9366580e+00
   1.9413349e+00
   1.9460272e+00
   1.9507350e+00
   1.9554583e+00
   1.9601972e+00
   1.9649518e+00
   1.9697221e+00
   1.9745082e+00
   1.9793103e+00
   1.9841283e+00
   1.9889624e+00
   1.9938125e+00
   1.9986789e+00
   2.0035616e+00
   2.0084606e+00
   2.0133760e+00
   2.0183079e+00
   2.0232564e+00
   2.0282216e+00
   2.0332035e+00
   2.0382022e+00
   2.0432178e+00
   2.0482504e+00
   2.0533001e+00
   2.0583669e+00
   2.0634509e+00
   2.0685522e+00
   2.0736709e+00
   2.0788071e+00
   2.0839608e+00
   2.0891321e+00
   2.0943212e+00
   2.0995281e+00
   2.1047528e+00
   2.1099956e+00
   2.1152564e+00
   2.1205354e+00
   2.1258326e+00
   2.1311481e+00
   2.1364821e+00
   2.1418345e+00
   2.1472056e+00
   2.1525953e+00
   2.1580039e+00
   2.1634313e+00
   2.1688776e+00
   2.1743430e+00
   2.1798276e+00
   2.1853314e+00
   2.1908546e+00
   2.1963972e+00
   2.2019593e+00
   2.2075410e+00
   2.2131425e+00
   2.2187638e+00
   2.2244050e+00
   2.2300662e+00
   2.2357476e+00
   2.2414492e+00
   2.2471711e+00
   2.2529134e+00
   2.2586762e+00
   2.2644597e+00
   2.2702639e+00
   2.2760889e+00
   2.2819349e+00
   2.2878019e+00
   2.2936901e+00
   2.2995995e+00
   2.3055303e+00
   2.3114825e+00
   2.3174563e+00
   2.3234519e+00
   2.3294692e+00
   2.3355084e+00
   2.3415697e+00
   2.3476531e+00
   2.3537587e+00
   2.3598867e+00
   2.3660372e+00
   2.3722103e+00
   2.3784061e+00
   2.3846247e+00
   2.3908662e+00
   2.3971308e+00
   2.4034186e+00
   2.4097297e+00
   2.4160642e+00
   2.4224222e+00
   2.4288039e+00
   2.4352094e+00
   2.4416388e+00
   2.4480922e+00
   2.4545697e+00
   2.4610716e+00
   2.4675978e+00
   2.4741486e+00
   2.4807241e+00
   2.4873243e+00
   2.4939495e+00
   2.5005997e+00
   2.5072751e+00
   2.5139758e+00
   2.5207019e+00
   2.5274537e+00
   2.5342311e+00
   2.5410345e+00
   2.5478638e+00
   2.5547192e+00
   2.5616009e+00
   2.5685090e+00
   2.5754436e+00
   2.5824049e+00
   2.5893931e+00
   2.5964082e+00
   2.6034504e+00
   2.6105199e+00
   2.6176168e+00
   2.6247413e+00
   2.6318934e+00
   2.6390734e+00
   2.6462814e+00
   2.6535175e+00
   2.6607819e+00
   2.6680748e+00
   2.6753962e+00
   2.6827464e+00
   2.6901256e+00
   2.6975338e+00
   2.7049712e+00
   2.7124380e+00
   2.7199343e+00
   2.7274603e+00
   2.7350162e+00
   2.7426021e+00
   2.7502182e+00
   2.7578646e+00
   2.7655416e+00
   2.7732492e+00
   2.7809877e+00
   2.7887572e+00
   2.7965578e+00
   2.8043899e+00
   2.8122534e+00
   2.8201487e+00
   2.8280758e+00
   2.8360349e+00
   2.8440263e+00
   2.8520501e+00
   2.8601065e+00
   2.8681956e+00
   2.8763177e+00
   2.8844728e+00
   2.8926613e+00
   2.9008833e+00
   2.9091389e+00
   2.9174284e+00
   2.9257519e+00
   2.9341097e+00
   2.9425018e+00
   2.9509286e+00
   2.9593902e+00
   2.9678868e+00
   2.9764186e+00
   2.9849857e+00
   2.9935884e+00
   3.0022270e+00
   3.0109015e+00
   3.0196121e+00
   3.0283592e+00
   3.0371428e+00
   3.0459633e+00
   3.0548207e+00
   3.0637153e+00
   3.0726474e+00
   3.0816170e+00
   3.0906245e+00
   3.0996700e+00
   3.1087538e+00
   3.1178761e+00
   3.1270370e+00
   3.1362369e+00
   3.1454758e+00
   3.1547541e+00
   3.1640720e+00
   3.1734296e+00
   3.1828273e+00
   3.1922652e+00
   3.2017435e+00
   3.2112626e+00
   3.2208225e+00
   3.2304236e+00
   3.2400661e+00
   3.2497502e+00
   3.2594762e+00
   3.2692442e+00
   3.2790546e+00
   3.2889076e+00
   3.2988033e+00
   3.3087421e+00
   3.3187242e+00
   3.3287498e+00
   3.3388192e+00
   3.3489327e+00
   3.3590904e+00
   3.3692926e+00
   3.3795397e+00
   3.3898318e+00
   3.4001692e+00
   3.4105521e+00
   3.4209809e+00
   3.4314557e+00
   3.4419768e+00
   3.4525446e+00
   3.4631592e+00
   3.4738210e+00
   3.4845301e+00
   3.4952869e+00
   3.5060917e+00
   3.5169447e+00
   3.5278461e+00
   3.5387963e+00
   3.5497956e+00
   3.5608442e+00
   3.5719424e+00
   3.5830904e+00
   3.5942886e+00
   3.6055373e+00
   3.6168367e+00
   3.6281872e+00
   3.6395889e+00
   3.6510423e+00
   3.6625476e+00
   3.6741051e+00
   3.6857151e+00
   3.6973778e+00
   3.7090937e+00
   3.7208630e+00
   3.7326859e+00
   3.7445629e+00
   3.7564942e+00
   3.7684801e+00
   3.7805210e+00
   3.7926171e+00
   3.8047687e+00
   3.8169763e+00
   3.8292400e+00
   3.8415602e+00
   3.8539373e+00
   3.8663716e+00
   3.8788633e+00
   3.8914128e+00
   3.9040204e+00
   3.9166866e+00
   3.9294115e+00
   3.9421955e+00
   3.9550390e+00
   3.9679423e+00
   3.9809058e+00
   3.9939297e+00
   4.0070144e+00
   4.0201603e+00
   4.0333677e+00
   4.0466370e+00
   4.0599684e+00
   4.0733624e+00
   4.0868193e+00
   4.1003395e+00
   4.1139233e+00
   4.1275710e+00
   4.1412831e+00
   4.1550599e+00
   4.1689017e+00
   4.1828090e+00
   4.1967820e+00
   4.2108212e+00
   4.2249269e+00
   4.2390995e+00
   4.2533394e+00
   4.2676469e+00
   4.2820224e+00
   4.2964663e+00
   4.3109790e+00
   4.3255608e+00
   4.3402122e+00
   4.3549335e+00
   4.3697251e+00
   4.3845875e+00
   4.3995209e+00
   4.4145258e+00
   4.4296026e+00
   4.4447516e+00
   4.4599733e+00
   4.4752681e+00
   4.4906364e+00
   4.5060785e+00
   4.5215949e+00
   4.5371860e+00
   4.5528522e+00
   4.5685938e+00
   4.5844114e+00
   4.6003053e+00
   4.6162759e+00
   4.6323237e+00
   4.6484491e+00
   4.6646524e+00
   4.6809341e+00
   4.6972947e+00
   4.7137345e+00
   4.7302540e+00
   4.7468536e+00
   4.7635337e+00
   4.7802948e+00
   4.7971372e+00
   4.8140615e+00
   4.8310681e+00
   4.8481573e+00
   4.8653297e+00
   4.8825856e+00
   4.8999256e+00
   4.9173500e+00
   4.9348593e+00
   4.9524539e+00
   4.9701343e+00
   4.9879010e+00
   5.0057543e+00
   5.0236948e+00
   5.0417228e+00
   5.0598389e+00
   5.0780435e+00
   5.0963370e+00
   5.1147199e+00
   5.1331927e+00
   5.1517558e+00
   5.1704097e+00
   5.1891548e+00
   5.2079916e+00
   5.2269206e+00
   5.2459422e+00
   5.2650569e+00
   5.2842652e+00
   5.3035675e+00
   5.3229644e+00
   5.3424562e+00
   5.3620434e+00
   5.3817266e+00
   5.4015062e+00
   5.4213826e+00
   5.4413564e+00
   5.4614280e+00
   5.4815980e+00
   5.5018667e+00
   5.5222346e+00
   5.5427024e+00
   5.5632703e+00
   5.5839390e+00
   5.6047088e+00
   5.6255803e+00
   5.6465540e+00
   5.6676303e+00
   5.6888098e+00
   5.7100929e+00
   5.7314800e+00
   5.7529718e+00
   5.7745687e+00
   5.7962712e+00
   5.8180797e+00
   5.8399948e+00
   5.8620169e+00
   5.8841466e+00
   5.9063843e+00
   5.9287305e+00
   5.9511858e+00
   5.9737506e+00
   5.9964254e+00
   6.0192107e+00
   6.0421070e+00
   6.0651148e+00
   6.0882347e+00
   6.1114670e+00
   6.1348123e+00
   6.1582711e+00
   6.1818439e+00
   6.2055311e+00
   6.2293334e+00
   6.2532511e+00
   6.2772849e+00
   6.3014351e+00
   6.3257023e+00
   6.3500869e+00
   6.3745896e+00
   6.3992107e+00
   6.4239508e+00
   6.4488104e+00
   6.4737899e+00
   6.4988900e+00
   6.5241110e+00
   6.5494535e+00
   6.5749180e+00
   6.6005049e+00
   6.6262149e+00
   6.6520483e+00
   6.6780057e+00
   6.7040876e+00
   6.7302944e+00
   6.7566268e+00
   6.7830851e+00
   6.8096699e+00
   6.8363817e+00
   6.8632209e+00
   6.8901881e+00
   6.9172838e+00
   6.9445085e+00
   6.9718626e+00
   6.9993467e+00
   7.0269613e+00
   7.0547069e+00
   7.0825839e+00
   7.1105929e+00
   7.1387343e+00
   7.1670087e+00
   7.1954165e+00
   7.2239583e+00
   7.2526346e+00
   7.2814458e+00
   7.3103924e+00
   7.3394750e+00
   7.3686940e+00
   7.3980499e+00
   7.4275432e+00
   7.4571745e+00
   7.4869442e+00
   7.5168528e+00
   7.5469008e+00
   7.5770887e+00
   7.6074169e+00
   7.6378861e+00
   7.6684966e+00
   7.6992491e+00
   7.7301438e+00
   7.7611815e+00
   7.7923625e+00
   7.8236873e+00
   7.8551565e+00
   7.8867705e+00
   7.9185298e+00
   7.9504350e+00
   7.9824864e+00
   8.0146847e+00
   8.0470302e+00
   8.0795235e+00
   8.1121651e+00
   8.1449555e+00
   8.1778952e+00
   8.2109845e+00
   8.2442242e+00
   8.2776146e+00
   8.3111561e+00
   8.3448495e+00
   8.3786950e+00
   8.4126932e+00
   8.4468447e+00
   8.4811498e+00
   8.5156091e+00
   8.5502231e+00
   8.5849922e+00
   8.6199170e+00
   8.6549980e+00
   8.6902356e+00
   8.7256303e+00
   8.7611826e+00
   8.7968931e+00
   8.8327622e+00
   8.8687904e+00
   8.9049782e+00
   8.9413261e+00
   8.9778345e+00
   9.0145041e+00
   9.0513352e+00
   9.0883284e+00
   9.1254841e+00
   9.1628029e+00
   9.2002853e+00
   9.2379317e+00
   9.2757426e+00
   9.3137185e+00
   9.3518600e+00
   9.3901674e+00
   9.4286414e+00
   9.4672824e+00
   9.5060908e+00
   9.5450673e+00
   9.5842122e+00
   9.6235261e+00
   9.6630094e+00
   9.7026627e+00
   9.7424864e+00
   9.7824810e+00
   9.8226471e+00
   9.8629850e+00
   9.9034954e+00
   9.9441786e+00
   9.9850352e+00
   1.0026066e+01
   1.0067270e+01
   1.0108650e+01
   1.0150205e+01
   1.0191935e+01
   1.0233842e+01
   1.0275926e+01
   1.0318187e+01
   1.0360625e+01
   1.0403242e+01
   1.0446037e+01
   1.0489012e+01
   1.0532165e+01
   1.0575499e+01
   1.0619014e+01
   1.0662709e+01
   1.0706586e+01
   1.0750644e+01
   1.0794885e+01
   1.0839308e+01
   1.0883915e+01
   1.0928705e+01
   1.0973679e+01
   1.1018838e+01
   1.1064182e+01
   1.1109711e+01
   1.1155425e+01
   1.1201326e+01
   1.1247413e+01
   1.1293687e+01
   1.1340148e+01
   1.1386797e+01
   1.1433635e+01
   1.1480660e+01
   1.1527874e+01
   1.1575278e+01
   1.1622871e+01
   1.1670654e+01
   1.1718627e+01
   1.1766790e+01
   1.1815145e+01
   1.1863690e+01
   1.1912427e+01
   1.1961355e+01
   1.2010476e+01
   1.2059789e+01
   1.2109294e+01
   1.2158992e+01
   1.2208883e+01
   1.2258967e+01
   1.2309245e+01
   1.2359716e+01
   1.2410382e+01
   1.2461241e+01
   1.2512294e+01
   1.2563541e+01
   1.2614983e+01
   1.2666620e+01
   1.2718451e+01
   1.2770476e+01
   1.2822697e+01
   1.2875112e+01
   1.2927722e+01
   1.2980527e+01
   1.3033527e+01
   1.3086722e+01
   1.3140111e+01
   1.3193695e+01
   1.3247474e+01
   1.3301448e+01
   1.3355615e+01
   1.3409978e+01
   1.3464534e+01
   1.3519284e+01
   1.3574228e+01
   1.3629366e+01
   1.3684697e+01
   1.3740221e+01
   1.3795937e+01
   1.3851846e+01
   1.3907947e+01
   1.3964240e+01
   1.4020724e+01
   1.4077399e+01
   1.4134264e+01
   1.4191319e+01
   1.4248563e+01
   1.4305997e+01
   1.4363619e+01
   1.4421428e+01
   1.4479424e+01
   1.4537607e+01
   1.4595976e+01
   1.4654530e+01
   1.4713268e+01
   1.4772190e+01
   1.4831294e+01
   1.4890581e+01
   1.4950048e+01
   1.5009696e+01
   1.5069522e+01
   1.5129527e+01
   1.5189709e+01
   1.5250068e+01
   1.5310601e+01
   1.5371309e+01
   1.5432189e+01
   1.5493241e+01
   1.5554464e+01
   1.5615856e+01
   1.5677416e+01
   1.5739142e+01
   1.5801034e+01
   1.5863089e+01
   1.5925307e+01
   1.5987686e+01
   1.6050224e+01
   1.6112920e+01
   1.6175773e+01
   1.6238780e+01
   1.6301940e+01
   1.6365252e+01
   1.6428713e+01
   1.6492321e+01
   1.6556076e+01
   1.6619975e+01
   1.6684015e+01
   1.6748196e+01
   1.6812515e+01
   1.6876971e+01
   1.6941560e+01
   1.7006281e+01
   1.7071132e+01
   1.7136111e+01
   1.7201215e+01
   1.7266442e+01
   1.7331790e+01
   1.7397256e+01
   1.7462838e+01
   1.7528534e+01
   1.7594340e+01
   1.7660255e+01
   1.7726276e+01
   1.7792400e+01
   1.7858625e+01
   1.7924948e+01
   1.7991366e+01
   1.8057876e+01
   1.8124475e+01
   1.8191161e+01
   1.8257931e+01
   1.8324782e+01
   1.8391710e+01
   1.8458713e+01
   1.8525787e+01
   1.8592930e+01
   1.8660138e+01
   1.8727409e+01
   1.8794737e+01
   1.8862122e+01
   1.8929558e+01
   1.8997043e+01
   1.9064573e+01
   1.9132146e+01
   1.9199756e+01
   1.9267401e+01
   1.9335077e+01
   1.9402781e+01
   1.9470508e+01
   1.9538255e+01
   1.9606019e+01
   1.9673795e+01
   1.9741580e+01
   1.9809370e+01
   1.9877160e+01
   1.9944947e+01
   2.0012727e+01
   2.0080495e+01
   2.0148249e+01
   2.0215983e+01
   2.0283693e+01
   2.0351375e+01
   2.0419026e+01
   2.0486639e+01
   2.0554213e+01
   2.0621741e+01
   2.0689219e+01
   2.0756644e+01
   2.0824011e+01
   2.0891314e+01
   2.0958550e+01
   2.1025714e+01
   2.1092801e+01
   2.1159807e+01
   2.1226727e+01
   2.1293556e+01
   2.1360290e+01
   2.1426923e+01
   2.1493451e+01
   2.1559869e+01
   2.1626172e+01
   2.1692355e+01
   2.1758413e+01
   2.1824341e+01
   2.1890135e+01
   2.1955788e+01
   2.2021296e+01
   2.2086654e+01
   2.2151856e+01
   2.2216898e+01
   2.2281774e+01
   2.2346479e+01
   2.2411007e+01
   2.2475354e+01
   2.2539513e+01
   2.2603480e+01
   2.2667249e+01
   2.2730815e+01
   2.2794172e+01
   2.2857314e+01
   2.2920237e+01
   2.2982934e+01
   2.3045400e+01
   2.3107630e+01
   2.3169617e+01
   2.3231357e+01
   2.3292843e+01
   2.3354070e+01
   2.3415032e+01
   2.3475723e+01
   2.3536137e+01
   2.3596270e+01
   2.3656114e+01
   2.3715664e+01
   2.3774915e+01
   2.3833859e+01
   2.3892493e+01
   2.3950808e+01
   2.4008801e+01
   2.4066463e+01
   2.4123791e+01
   2.4180777e+01
   2.4237416e+01
   2.4293701e+01
   2.4349627e+01
   2.4405188e+01
   2.4460377e+01
   2.4515188e+01
   2.4569616e+01
   2.4623654e+01
   2.4677296e+01
   2.4730536e+01
   2.4783367e+01
   2.4835785e+01
   2.4887781e+01
   2.4939351e+01
   2.4990489e+01
   2.5041187e+01
   2.5091440e+01
   2.5141241e+01
   2.5190585e+01
   2.5239465e+01
   2.5287875e+01
   2.5335809e+01
   2.5383260e+01
   2.5430222e+01
   2.5476690e+01
   2.5522656e+01
   2.5568115e+01
   2.5613060e+01
   2.5657486e+01
   2.5701385e+01
   2.5744752e+01
   2.5787581e+01
   2.5829865e+01
   2.5871598e+01
   2.5912774e+01
   2.5953387e+01
   2.5993430e+01
   2.6032898e+01
   2.6071784e+01
   2.6110082e+01
   2.6147786e+01
   2.6184890e+01
   2.6221387e+01
   2.6257272e+01
   2.6292539e+01
   2.6327181e+01
   2.6361192e+01
   2.6394567e+01
   2.6427299e+01
   2.6459382e+01
   2.6490811e+01
   2.6521579e+01
   2.6551680e+01
   2.6581110e+01
   2.6609860e+01
   2.6637927e+01
   2.6665303e+01
   2.6691984e+01
   2.6717963e+01
   2.6743234e+01
   2.6767793e+01
   2.6791632e+01
   2.6814747e+01
   2.6837132e+01
   2.6858782e+01
   2.6879690e+01
   2.6899851e+01
   2.6919260e+01
   2.6937911e+01
   2.6955800e+01
   2.6972919e+01
   2.6989265e+01
   2.7004832e+01
   2.7019614e+01
   2.7033607e+01
   2.7046806e+01
   2.7059204e+01
   2.7070798e+01
   2.7081582e+01
   2.7091551e+01
   2.7100701e+01
   2.7109026e+01
   2.7116521e+01
   2.7123183e+01
   2.7129006e+01
   2.7133986e+01
   2.7138117e+01
   2.7141397e+01
   2.7143820e+01
   2.7145381e+01
   2.7146077e+01
   2.7145904e+01
   2.7144856e+01
   2.7142931e+01
   2.7140123e+01
   2.7136430e+01
   2.7131846e+01
   2.7126369e+01
   2.7119995e+01
   2.7112720e+01
   2.7104540e+01
   2.7095452e+01
   2.7085453e+01
   2.7074538e+01
   2.7062706e+01
   2.7049952e+01
   2.7036274e+01
   2.7021669e+01
   2.7006134e+01
   2.6989665e+01
   2.6972262e+01
   2.6953919e+01
   2.6934636e+01
   2.6914410e+01
   2.6893239e+01
   2.6871119e+01
   2.6848050e+01
   2.6824030e+01
   2.6799055e+01
   2.6773126e+01
   2.6746239e+01
   2.6718394e+01
   2.6689588e+01
   2.6659822e+01
   2.6629093e+01
   2.6597400e+01
   2.6564743e+01
   2.6531120e+01
   2.6496532e+01
   2.6460977e+01
   2.6424454e+01
   2.6386965e+01
   2.6348508e+01
   2.6309083e+01
   2.6268692e+01
   2.6227332e+01
   2.6185007e+01
   2.6141715e+01
   2.6097457e+01
   2.6052235e+01
   2.6006049e+01
   2.5958900e+01
   2.5910790e+01
   2.5861721e+01
   2.5811693e+01
   2.5760708e+01
   2.5708770e+01
   2.5655878e+01
   2.5602037e+01
   2.5547248e+01
   2.5491514e+01
   2.5434837e+01
   2.5377222e+01
   2.5318670e+01
   2.5259185e+01
   2.5198771e+01
   2.5137431e+01
   2.5075170e+01
   2.5011991e+01
   2.4947898e+01
   2.4882897e+01
   2.4816991e+01
   2.4750186e+01
   2.4682487e+01
   2.4613898e+01
   2.4544426e+01
   2.4474075e+01
   2.4402853e+01
   2.4330764e+01
   2.4257816e+01
   2.4184014e+01
   2.4109366e+01
   2.4033878e+01
   2.3957558e+01
   2.3880412e+01
   2.3802450e+01
   2.3723677e+01
   2.3644102e+01
   2.3563735e+01
   2.3482582e+01
   2.3400653e+01
   2.3317956e+01
   2.3234502e+01
   2.3150299e+01
   2.3065356e+01
   2.2979684e+01
   2.2893293e+01
   2.2806193e+01
   2.2718394e+01
   2.2629908e+01
   2.2540745e+01
   2.2450917e+01
   2.2360434e+01
   2.2269309e+01
   2.2177554e+01
   2.2085180e+01
   2.1992200e+01
   2.1898626e+01
   2.1804472e+01
   2.1709750e+01
   2.1614473e+01
   2.1518655e+01
   2.1422310e+01
   2.1325451e+01
   2.1228092e+01
   2.1130248e+01
   2.1031932e+01
   2.0933161e+01
   2.0833948e+01
   2.0734308e+01
   2.0634257e+01
   2.0533810e+01
   2.0432982e+01
   2.0331790e+01
   2.0230249e+01
   2.0128375e+01
   2.0026184e+01
   1.9923693e+01
   1.9820918e+01
   1.9717875e+01
   1.9614582e+01
   1.9511055e+01
   1.9407311e+01
   1.9303367e+01
   1.9199240e+01
   1.9094948e+01
   1.8990508e+01
   1.8885936e+01
   1.8781251e+01
   1.8676470e+01
   1.8571610e+01
   1.8466690e+01
   1.8361726e+01
   1.8256736e+01
   1.8151738e+01
   1.8046750e+01
   1.7941789e+01
   1.7836872e+01
   1.7732017e+01
   1.7627242e+01
   1.7522564e+01
   1.7418000e+01
   1.7313568e+01
   1.7209285e+01
   1.7105168e+01
   1.7001234e+01
   1.6897500e+01
   1.6793983e+01
   1.6690699e+01
   1.6587666e+01
   1.6484898e+01
   1.6382414e+01
   1.6280228e+01
   1.6178356e+01
   1.6076815e+01
   1.5975619e+01
   1.5874785e+01
   1.5774326e+01
   1.5674258e+01
   1.5574595e+01
   1.5475352e+01
   1.5376543e+01
   1.5278181e+01
   1.5180281e+01
   1.5082855e+01
   1.4985917e+01
   1.4889479e+01
   1.4793554e+01
   1.4698154e+01
   1.4603291e+01
   1.4508976e+01
   1.4415221e+01
   1.4322036e+01
   1.4229433e+01
   1.4137421e+01
   1.4046011e+01
   1.3955212e+01
   1.3865033e+01
   1.3775484e+01
   1.3686573e+01
   1.3598308e+01
   1.3510698e+01
   1.3423750e+01
   1.3337471e+01
   1.3251868e+01
   1.3166949e+01
   1.3082718e+01
   1.2999183e+01
   1.2916348e+01
   1.2834220e+01
   1.2752802e+01
   1.2672100e+01
   1.2592118e+01
   1.2512859e+01
   1.2434328e+01
   1.2356528e+01
   1.2279461e+01
   1.2203131e+01
   1.2127540e+01
   1.2052689e+01
   1.1978582e+01
   1.1905218e+01
   1.1832599e+01
   1.1760727e+01
   1.1689602e+01
   1.1619223e+01
   1.1549592e+01
   1.1480708e+01
   1.1412571e+01
   1.1345179e+01
   1.1278532e+01
   1.1212629e+01
   1.1147468e+01
   1.1083048e+01
   1.1019366e+01
   1.0956421e+01
   1.0894211e+01
   1.0832732e+01
   1.0771982e+01
   1.0711958e+01
   1.0652657e+01
   1.0594076e+01
   1.0536211e+01
   1.0479059e+01
   1.0422615e+01
   1.0366877e+01
   1.0311839e+01
   1.0257498e+01
   1.0203849e+01
   1.0150888e+01
   1.0098609e+01
   1.0047010e+01
   9.9960830e+00
   9.9458249e+00
   9.8962302e+00
   9.8472937e+00
   9.7990102e+00
   9.7513742e+00
   9.7043803e+00
   9.6580231e+00
   9.6122968e+00
   9.5671960e+00
   9.5227148e+00
   9.4788475e+00
   9.4355882e+00
   9.3929312e+00
   9.3508704e+00
   9.3093999e+00
   9.2685137e+00
   9.2282058e+00
   9.1884701e+00
   9.1493006e+00
   9.1106911e+00
   9.0726356e+00
   9.0351279e+00
   8.9981618e+00
   8.9617313e+00
   8.9258301e+00
   8.8904522e+00
   8.8555914e+00
   8.8212415e+00
   8.7873964e+00
   8.7540500e+00
   8.7211962e+00
   8.6888289e+00
   8.6569419e+00
   8.6255294e+00
   8.5945851e+00
   8.5641032e+00
   8.5340776e+00
   8.5045024e+00
   8.4753716e+00
   8.4466794e+00
   8.4184199e+00
   8.3905873e+00
   8.3631758e+00
   8.3361797e+00
   8.3095931e+00
   8.2834106e+00
   8.2576264e+00
   8.2322350e+00
   8.2072308e+00
   8.1826084e+00
   8.1583622e+00
   8.1344869e+00
   8.1109771e+00
   8.0878275e+00
   8.0650329e+00
   8.0425881e+00
   8.0204878e+00
   7.9987270e+00
   7.9773007e+00
   7.9562038e+00
   7.9354313e+00
   7.9149784e+00
   7.8948402e+00
   7.8750120e+00
   7.8554889e+00
   7.8362663e+00
   7.8173396e+00
   7.7987041e+00
   7.7803554e+00
   7.7622890e+00
   7.7445004e+00
   7.7269852e+00
   7.7097393e+00
   7.6927582e+00
   7.6760378e+00
   7.6595740e+00
   7.6433626e+00
   7.6273995e+00
   7.6116809e+00
   7.5962027e+00
   7.5809611e+00
   7.5659521e+00
   7.5511721e+00
   7.5366173e+00
   7.5222840e+00
   7.5081686e+00
   7.4942674e+00
   7.4805770e+00
   7.4670939e+00
   7.4538146e+00
   7.4407358e+00
   7.4278540e+00
   7.4151661e+00
   7.4026688e+00
   7.3903588e+00
   7.3782331e+00
   7.3662886e+00
   7.3545221e+00
   7.3429307e+00
   7.3315227e+00
   8.1144904e+00
   8.8809078e+00
   9.6315877e+00
   1.0367423e+01
   1.1089192e+01
   1.1797571e+01
   1.2493139e+01
   1.3176378e+01
   1.3847673e+01
   1.4507315e+01
   1.5155495e+01
   1.5792310e+01
   1.6417764e+01
   1.7031764e+01
   1.7634125e+01
   1.8224574e+01
   1.8802745e+01
   1.9368189e+01
   1.9920369e+01
   2.0458670e+01
   2.0982398e+01
   2.1490771e+01
   2.1982926e+01
   2.2457901e+01
   2.2914616e+01
   2.3351845e+01
   2.3768162e+01
   2.4161873e+01
   2.4530912e+01
   2.4872713e+01
   2.5184012e+01
   2.5460610e+01
   2.5697041e+01
   2.5886162e+01
   2.6018634e+01
   2.6082295e+01
   2.6061459e+01
   2.5936227e+01
   2.5682034e+01
   2.5269884e+01
   2.4668133e+01
   2.3847352e+01
   2.2789075e+01
   2.1491896e+01
   1.9980010e+01
   1.8308582e+01
   1.6559058e+01
   1.4823479e+01
   1.3183665e+01
   1.1695451e+01
   1.1053363e+01
   1.0517607e+01
   1.0076954e+01
   9.7174167e+00
   9.4256344e+00
   9.1897647e+00
   8.9996253e+00
   8.8466481e+00
   8.7237150e+00
   8.6249511e+00
   8.5455516e+00
   8.4815984e+00
   8.4299124e+00
   8.3879183e+00
   8.3535382e+00
   8.3250991e+00
   8.3012568e+00
   8.2809350e+00
   8.2632753e+00
   8.2475948e+00
   8.2333526e+00
   8.2201228e+00
   8.2075717e+00
   8.1954398e+00
   8.1835273e+00
   8.1716818e+00
   8.1597893e+00
   8.1477656e+00
   8.1355507e+00
   8.1231030e+00
   8.1103961e+00
   8.0974147e+00
   8.0841523e+00
   8.0706092e+00
   8.0567907e+00
   8.0427056e+00
   8.0283656e+00
   8.0137840e+00
   7.9989752e+00
   7.9839544e+00
   7.9687368e+00
   7.9533377e+00
   7.9377722e+00
   7.9220548e+00
   7.9061996e+00
   7.8902200e+00
   7.8741288e+00
   7.8579379e+00
   7.8416588e+00
   7.8253020e+00
   7.8088774e+00
   7.7923944e+00
   7.7758615e+00
   7.7592866e+00
   7.7426772e+00
   7.7260402e+00
   7.7093817e+00
   7.6927075e+00
   7.6760231e+00
   7.6593333e+00
   7.6426426e+00
   7.6259551e+00
   7.6092745e+00
   7.5926042e+00
   7.5759474e+00
   7.5593070e+00
   7.5426854e+00
   7.5260850e+00
   7.5095080e+00
   7.4929561e+00
   7.4764312e+00
   7.4599348e+00
   7.4434682e+00
   7.4270326e+00
   7.4106292e+00
   7.3942589e+00
   7.3779226e+00
   7.3616209e+00
   7.3453545e+00
   7.3291240e+00
   7.3129298e+00
   7.2967723e+00
   7.2806518e+00
   7.2645686e+00
   7.2485228e+00
   7.2325147e+00
   7.2165443e+00
   7.2006116e+00
   7.1847166e+00
   7.1688594e+00
   7.1530399e+00
   7.1372579e+00
   7.1215134e+00
   7.1058061e+00
   7.0901360e+00
   7.0745029e+00
   7.0589065e+00
   7.0433466e+00
   7.0278229e+00
   7.0123353e+00
   6.9968834e+00
   6.9814671e+00
   6.9660859e+00
   6.9507396e+00
   6.9354280e+00
   6.9201507e+00
   6.9049073e+00
   6.8896977e+00
   6.8745215e+00
   6.8593783e+00
   6.8442679e+00
   6.8291899e+00
   6.8141441e+00
   6.7991300e+00
   6.7841474e+00
   6.7691959e+00
   6.7542753e+00
   6.7393852e+00
   6.7245253e+00
   6.7096952e+00
   6.6948948e+00
   6.6801236e+00
   6.6653814e+00
   6.6506678e+00
   6.6359826e+00
   6.6213254e+00
   6.6066960e+00
   6.5920941e+00
   6.5775194e+00
   6.5629715e+00
   6.5484503e+00
   6.5339555e+00
   6.5194867e+00
   6.5050437e+00
   6.4906262e+00
   6.4762340e+00
   6.4618668e+00
   6.4475244e+00
   6.4332066e+00
   6.4189130e+00
   6.4046434e+00
   6.3903976e+00
   6.3761755e+00
   6.3619766e+00
   6.3478008e+00
   6.3336480e+00
   6.3195178e+00
   6.3054101e+00
   6.2913247e+00
   6.2772613e+00
   6.2632198e+00
   6.2491999e+00
   6.2352016e+00
   6.2212245e+00
   6.2072685e+00
   6.1933334e+00
   6.1794191e+00
   6.1655253e+00
   6.1516520e+00
   6.1377989e+00
   6.1239659e+00
   6.1101528e+00
   6.0963595e+00
   6.0825858e+00
   6.0688316e+00
   6.0550967e+00
   6.0413811e+00
   6.0276845e+00
   6.0140068e+00
   6.0003480e+00
   5.9867079e+00
   5.9730863e+00
   5.9594832e+00
   5.9458984e+00
   5.9323318e+00
   5.9187834e+00
   5.9052530e+00
   5.8917405e+00
   5.8782458e+00
   5.8647689e+00
   5.8513096e+00
   5.8378678e+00
   5.8244436e+00
   5.8110367e+00
   5.7976471e+00
   5.7842748e+00
   5.7709196e+00
   5.7575815e+00
   5.7442605e+00
   5.7309564e+00
   5.7176693e+00
   5.7043989e+00
   5.6911454e+00
   5.6779087e+00
   5.6646886e+00
   5.6514852e+00
   5.6382984e+00
   5.6251282e+00
   5.6119745e+00
   5.5988373e+00
   5.5857166e+00
   5.5726123e+00
   5.5595245e+00
   5.5464530e+00
   5.5333979e+00
   5.5203591e+00
   5.5073367e+00
   5.4943305e+00
   5.4813407e+00
   5.4683672e+00
   5.4554100e+00
   5.4424690e+00
   5.4295444e+00
   5.4166360e+00
   5.4037439e+00
   5.3908681e+00
   5.3780086e+00
   5.3651653e+00
   5.3523384e+00
   5.3395279e+00
   5.3267337e+00
   5.3139558e+00
   5.3011943e+00
   5.2884493e+00
   5.2757206e+00
   5.2630085e+00
   5.2503128e+00
   5.2376336e+00
   5.2249710e+00
   5.2123249e+00
   5.1996955e+00
   5.1870827e+00
   5.1744866e+00
   5.1619073e+00
   5.1493448e+00
   5.1367990e+00
   5.1242702e+00
   5.1117583e+00
   5.0992633e+00
   5.0867854e+00
   5.0743246e+00
   5.0618809e+00
   5.0494544e+00
   5.0370451e+00
   5.0246532e+00
   5.0122787e+00
   4.9999216e+00
   4.9875820e+00
   4.9752601e+00
   4.9629557e+00
   4.9506691e+00
   4.9384003e+00
   4.9261494e+00
   4.9139164e+00
   4.9017014e+00
   4.8895045e+00
   4.8773258e+00
   4.8651654e+00
   4.8530233e+00
   4.8408997e+00
   4.8287945e+00
   4.8167080e+00
   4.8046402e+00
   4.7925911e+00
   4.7805609e+00
   4.7685497e+00
   4.7565575e+00
   4.7445845e+00
   4.7326307e+00
   4.7206963e+00
   4.7087813e+00
   4.6968859e+00
   4.6850101e+00
   4.6731540e+00
   4.6613178e+00
   4.6495015e+00
   4.6377053e+00
   4.6259293e+00
   4.6141735e+00
   4.6024381e+00
   4.5907232e+00
   4.5790288e+00
   4.5673552e+00
   4.5557024e+00
   4.5440705e+00
   4.5324597e+00
   4.5208700e+00
   4.5093015e+00
   4.4977545e+00
   4.4862289e+00
   4.4747250e+00
   4.4632428e+00
   4.4517825e+00
   4.4403441e+00
   4.4289279e+00
   4.4175338e+00
   4.4061621e+00
   4.3948129e+00
   4.3834862e+00
   4.3721822e+00
   4.3609011e+00
   4.3496429e+00
   4.3384078e+00
   4.3271959e+00
   4.3160073e+00
   4.3048421e+00
   4.2937006e+00
   4.2825828e+00
   4.2714887e+00
   4.2604187e+00
   4.2493728e+00
   4.2383510e+00
   4.2273536e+00
   4.2163807e+00
   4.2054324e+00
   4.1945089e+00
   4.1836102e+00
   4.1727365e+00
   4.1618879e+00
   4.1510646e+00
   4.1402667e+00
   4.1294943e+00
   4.1187475e+00
   4.1080265e+00
   4.0973315e+00
   4.0866625e+00
   4.0760196e+00
   4.0654031e+00
   4.0548130e+00
   4.0442495e+00
   4.0337126e+00
   4.0232026e+00
   4.0127196e+00
   4.0022636e+00
   3.9918349e+00
   3.9814335e+00
   3.9710596e+00
   3.9607133e+00
   3.9503948e+00
   3.9401041e+00
   3.9298414e+00
   3.9196068e+00
   3.9094006e+00
   3.8992227e+00
   3.8890733e+00
   3.8789525e+00
   3.8688605e+00
   3.8587975e+00
   3.8487634e+00
   3.8387585e+00
   3.8287828e+00
   3.8188366e+00
   3.8089199e+00
   3.7990328e+00
   3.7891755e+00
   3.7793481e+00
   3.7695507e+00
   3.7597835e+00
   3.7500465e+00
   3.7403399e+00
   3.7306637e+00
   3.7210183e+00
   3.7114035e+00
   3.7018196e+00
   3.6922667e+00
   3.6827448e+00
   3.6732542e+00
   3.6637949e+00
   3.6543670e+00
   3.6449707e+00
   3.6356060e+00
   3.6262731e+00
   3.6169720e+00
   3.6077030e+00
   3.5984661e+00
   3.5892614e+00
   3.5800889e+00
   3.5709490e+00
   3.5618415e+00
   3.5527667e+00
   3.5437246e+00
   3.5347153e+00
   3.5257390e+00
   3.5167957e+00
   3.5078856e+00
   3.4990087e+00
   3.4901652e+00
   3.4813550e+00
   3.4725784e+00
   3.4638354e+00
   3.4551262e+00
   3.4464507e+00
   3.4378091e+00
   3.4292016e+00
   3.4206281e+00
   3.4120887e+00
   3.4035836e+00
   3.3951129e+00
   3.3866765e+00
   3.3782747e+00
   3.3699074e+00
   3.3615748e+00
   3.3532769e+00
   3.3450139e+00
   3.3367857e+00
   3.3285925e+00
   3.3204344e+00
   3.3123113e+00
   3.3042235e+00
   3.2961709e+00
   3.2881537e+00
   3.2801718e+00
   3.2722254e+00
   3.2643145e+00
   3.2564392e+00
   3.2485996e+00
   3.2407956e+00
   3.2330274e+00
   3.2252951e+00
   3.2175987e+00
   3.2099381e+00
   3.2023136e+00
   3.1947252e+00
   3.1871728e+00
   3.1796566e+00
   3.1721765e+00
   3.1647328e+00
   3.1573253e+00
   3.1499541e+00
   3.1426194e+00
   3.1353210e+00
   3.1280591e+00
   3.1208338e+00
   3.1136449e+00
   3.1064926e+00
   3.0993770e+00
   3.0922980e+00
   3.0852556e+00
   3.0782500e+00
   3.0712811e+00
   3.0643490e+00
   3.0574537e+00
   3.0505951e+00
   3.0437735e+00
   3.0369887e+00
   3.0302407e+00
   3.0235297e+00
   3.0168556e+00
   3.0102185e+00
   3.0036183e+00
   2.9970551e+00
   2.9905288e+00
   2.9840396e+00
   2.9775874e+00
   2.9711722e+00
   2.9647940e+00
   2.9584528e+00
   2.9521487e+00
   2.9458817e+00
   2.9396517e+00
   2.9334587e+00
   2.9273028e+00
   2.9211839e+00
   2.9151021e+00
   2.9090573e+00
   2.9030495e+00
   2.8970788e+00
   2.8911451e+00
   2.8852485e+00
   2.8793888e+00
   2.8735661e+00
   2.8677804e+00
   2.8620317e+00
   2.8563199e+00
   2.8506451e+00
   2.8450072e+00
   2.8394062e+00
   2.8338421e+00
   2.8283149e+00
   2.8228245e+00
   2.8173709e+00
   2.8119542e+00
   2.8065742e+00
   2.8012309e+00
   2.7959244e+00
   2.7906546e+00
   2.7854214e+00
   2.7802249e+00
   2.7750650e+00
   2.7699417e+00
   2.7648549e+00
   2.7598046e+00
   2.7547908e+00
   2.7498135e+00
   2.7448725e+00
   2.7399679e+00
   2.7350996e+00
   2.7302677e+00
   2.7254719e+00
   2.7207124e+00
   2.7159890e+00
   2.7113018e+00
   2.7066506e+00
   2.7020355e+00
   2.6974564e+00
   2.6929132e+00
   2.6884058e+00
   2.6839344e+00
   2.6794987e+00
   2.6750988e+00
   2.6707346e+00
   2.6664060e+00
   2.6621131e+00
   2.6578556e+00
   2.6536337e+00
   2.6494472e+00
   2.6452961e+00
   2.6411803e+00
   2.6370998e+00
   2.6330545e+00
   2.6290444e+00
   2.6250694e+00
   2.6211294e+00
   2.6172244e+00
   2.6133544e+00
   2.6095192e+00
   2.6057188e+00
   2.6019532e+00
   2.5982223e+00
   2.5945259e+00
   2.5908642e+00
   2.5872369e+00
   2.5836441e+00
   2.5800857e+00
   2.5765616e+00
   2.5730717e+00
   2.5696160e+00
   2.5661945e+00
   2.5628069e+00
   2.5594534e+00
   2.5561338e+00
   2.5528480e+00
   2.5495961e+00
   2.5463778e+00
   2.5431932e+00
   2.5400422e+00
   2.5369248e+00
   2.5338407e+00
   2.5307901e+00
   2.5277727e+00
   2.5247886e+00
   2.5218377e+00
   2.5189199e+00
   2.5160351e+00
   2.5131833e+00
   2.5103644e+00
   2.5075784e+00
   2.5048250e+00
   2.5021044e+00
   2.4994164e+00
   2.4967609e+00
   2.4941380e+00
   2.4915474e+00
   2.4889892e+00
   2.4864632e+00
   2.4839694e+00
   2.4815078e+00
   2.4790782e+00
   2.4766806e+00
   2.4743149e+00
   2.4719810e+00
   2.4696790e+00
   2.4674086e+00
   2.4651698e+00
   2.4629627e+00
   2.4607870e+00
   2.4586427e+00
   2.4565298e+00
   2.4544482e+00
   2.4523977e+00
   2.4503784e+00
   2.4483902e+00
   2.4464330e+00
   2.4445067e+00
   2.4426113e+00
   2.4407467e+00
   2.4389128e+00
   2.4371096e+00
   2.4353369e+00
   2.4335948e+00
   2.4318831e+00
   2.4302018e+00
   2.4285508e+00
   2.4269301e+00
   2.4253395e+00
   2.4237791e+00
   2.4222487e+00
   2.4207482e+00
   2.4192777e+00
   2.4178371e+00
   2.4164262e+00
   2.4150451e+00
   2.4136936e+00
   2.4123716e+00
   2.4110792e+00
   2.4098163e+00
   2.4085828e+00
   2.4073786e+00
   2.4062036e+00
   2.4050579e+00
   2.4039413e+00
   2.4028538e+00
   2.4017953e+00
   2.4007658e+00
   2.3997651e+00
   2.3987933e+00
   2.3978503e+00
   2.3969360e+00
   2.3960504e+00
   2.3951933e+00
   2.3943649e+00
   2.3935648e+00
   2.3927933e+00
   2.3920500e+00
   2.3913351e+00
   2.3906485e+00
   2.3899900e+00
   2.3893597e+00
   2.3887575e+00
   2.3881834e+00
   2.3876372e+00
   2.3871189e+00
   2.3866285e+00
   2.3861660e+00
   2.3857312e+00
   2.3853241e+00
   2.3849448e+00
   2.3845930e+00
   2.3842688e+00
   2.3839721e+00
   2.3837029e+00
   2.3834611e+00
   2.3832468e+00
   2.3830597e+00
   2.3828999e+00
   2.3827674e+00
   2.3826620e+00
   2.3825838e+00
   2.3825327e+00
   2.3825087e+00
   2.3825116e+00
   2.3825416e+00
   2.3825985e+00
   2.3826823e+00
   2.3827929e+00
   2.3829303e+00
   2.3830945e+00
   2.3832855e+00
   2.3835031e+00
   2.3837474e+00
   2.3840183e+00
   2.3843158e+00
   2.3846398e+00
   2.3849904e+00
   2.3853674e+00
   2.3857708e+00
   2.3862007e+00
   2.3866569e+00
   2.3871395e+00
   2.3876484e+00
   2.3881836e+00
   2.3887450e+00
   2.3893326e+00
   2.3899465e+00
   2.3905864e+00
   2.3912526e+00
   2.3919448e+00
   2.3926631e+00
   2.3934075e+00
   2.3941779e+00
   2.3949743e+00
   2.3957967e+00
   2.3966450e+00
   2.3975193e+00
   2.3984195e+00
   2.3993456e+00
   2.4002975e+00
   2.4012754e+00
   2.4022790e+00
   2.4033085e+00
   2.4043637e+00
   2.4054448e+00
   2.4065516e+00
   2.4076841e+00
   2.4088424e+00
   2.4100264e+00
   2.4112361e+00
   2.4124715e+00
   2.4137326e+00
   2.4150194e+00
   2.4163318e+00
   2.4176698e+00
   2.4190335e+00
   2.4204229e+00
   2.4218378e+00
   2.4232784e+00
   2.4247446e+00
   2.4262363e+00
   2.4277537e+00
   2.4292967e+00
   2.4308653e+00
   2.4324594e+00
   2.4340792e+00
   2.4357245e+00
   2.4373954e+00
   2.4390919e+00
   2.4408140e+00
   2.4425616e+00
   2.4443349e+00
   2.4461338e+00
   2.4479582e+00
   2.4498082e+00
   2.4516839e+00
   2.4535852e+00
   2.4555121e+00
   2.4574646e+00
   2.4594427e+00
   2.4614465e+00
   2.4634760e+00
   2.4655311e+00
   2.4676119e+00
   2.4697184e+00
   2.4718505e+00
   2.4740084e+00
   2.4761921e+00
   2.4784015e+00
   2.4806366e+00
   2.4828975e+00
   2.4851842e+00
   2.4874968e+00
   2.4898352e+00
   2.4921994e+00
   2.4945895e+00
   2.4970055e+00
   2.4994474e+00
   2.5019153e+00
   2.5044091e+00
   2.5069289e+00
   2.5094748e+00
   2.5120467e+00
   2.5146446e+00
   2.5172687e+00
   2.5199189e+00
   2.5225953e+00
   2.5252978e+00
   2.5280266e+00
   2.5307816e+00
   2.5335629e+00
   2.5363705e+00
   2.5392045e+00
   2.5420649e+00
   2.5449517e+00
   2.5478650e+00
   2.5508048e+00
   2.5537711e+00
   2.5567640e+00
   2.5597835e+00
   2.5628297e+00
   2.5659026e+00
   2.5690023e+00
   2.5721287e+00
   2.5752820e+00
   2.5784622e+00
   2.5816693e+00
   2.5849034e+00
   2.5881645e+00
   2.5914527e+00
   2.5947680e+00
   2.5981105e+00
   2.6014803e+00
   2.6048773e+00
   2.6083017e+00
   2.6117534e+00
   2.6152326e+00
   2.6187393e+00
   2.6222736e+00
   2.6258355e+00
   2.6294251e+00
   2.6330424e+00
   2.6366876e+00
   2.6403606e+00
   2.6440615e+00
   2.6477904e+00
   2.6515474e+00
   2.6553325e+00
   2.6591457e+00
   2.6629873e+00
   2.6668571e+00
   2.6707554e+00
   2.6746821e+00
   2.6786374e+00
   2.6826213e+00
   2.6866338e+00
   2.6906752e+00
   2.6947453e+00
   2.6988444e+00
   2.7029724e+00
   2.7071295e+00
   2.7113158e+00
   2.7155313e+00
   2.7197761e+00
   2.7240503e+00
   2.7283539e+00
   2.7326871e+00
   2.7370500e+00
   2.7414426e+00
   2.7458650e+00
   2.7503173e+00
   2.7547996e+00
   2.7593120e+00
   2.7638545e+00
   2.7684273e+00
   2.7730305e+00
   2.7776642e+00
   2.7823284e+00
   2.7870232e+00
   2.7917488e+00
   2.7965053e+00
   2.8012927e+00
   2.8061111e+00
   2.8109607e+00
   2.8158415e+00
   2.8207537e+00
   2.8256974e+00
   2.8306726e+00
   2.8356795e+00
   2.8407182e+00
   2.8457888e+00
   2.8508914e+00
   2.8560261e+00
   2.8611931e+00
   2.8663923e+00
   2.8716241e+00
   2.8768884e+00
   2.8821855e+00
   2.8875153e+00
   2.8928781e+00
   2.8982739e+00
   2.9037029e+00
   2.9091653e+00
   2.9146610e+00
   2.9201903e+00
   2.9257533e+00
   2.9313501e+00
   2.9369808e+00
   2.9426456e+00
   2.9483446e+00
   2.9540780e+00
   2.9598458e+00
   2.9656482e+00
   2.9714853e+00
   2.9773574e+00
   2.9832644e+00
   2.9892066e+00
   2.9951842e+00
   3.0011971e+00
   3.0072457e+00
   3.0133300e+00
   3.0194502e+00
   3.0256064e+00
   3.0317988e+00
   3.0380275e+00
   3.0442927e+00
   3.0505946e+00
   3.0569332e+00
   3.0633088e+00
   3.0697215e+00
   3.0761715e+00
   3.0826588e+00
   3.0891838e+00
   3.0957465e+00
   3.1023472e+00
   3.1089859e+00
   3.1156629e+00
   3.1223783e+00
   3.1291322e+00
   3.1359250e+00
   3.1427566e+00
   3.1496274e+00
   3.1565374e+00
   3.1634869e+00
   3.1704760e+00
   3.1775050e+00
   3.1845739e+00
   3.1916830e+00
   3.1988325e+00
   3.2060225e+00
   3.2132533e+00
   3.2205249e+00
   3.2278377e+00
   3.2351918e+00
   3.2425874e+00
   3.2500246e+00
   3.2575038e+00
   3.2650250e+00
   3.2725885e+00
   3.2801945e+00
   3.2878432e+00
   3.2955348e+00
   3.3032694e+00
   3.3110474e+00
   3.3188688e+00
   3.3267340e+00
   3.3346431e+00
   3.3425963e+00
   3.3505939e+00
   3.3586360e+00
   3.3667230e+00
   3.3748549e+00
   3.3830321e+00
   3.3912547e+00
   3.3995230e+00
   3.4078371e+00
   3.4161974e+00
   3.4246041e+00
   3.4330573e+00
   3.4415573e+00
   3.4501044e+00
   3.4586988e+00
   3.4673407e+00
   3.4760303e+00
   3.4847679e+00
   3.4935538e+00
   3.5023882e+00
   3.5112713e+00
   3.5202033e+00
   3.5291846e+00
   3.5382153e+00
   3.5472958e+00
   3.5564263e+00
   3.5656069e+00
   3.5748381e+00
   3.5841200e+00
   3.5934530e+00
   3.6028372e+00
   3.6122729e+00
   3.6217604e+00
   3.6313000e+00
   3.6408920e+00
   3.6505365e+00
   3.6602339e+00
   3.6699845e+00
   3.6797885e+00
   3.6896462e+00
   3.6995579e+00
   3.7095239e+00
   3.7195445e+00
   3.7296198e+00
   3.7397503e+00
   3.7499362e+00
   3.7601778e+00
   3.7704755e+00
   3.7808294e+00
   3.7912399e+00
   3.8017072e+00
   3.8122318e+00
   3.8228138e+00
   3.8334537e+00
   3.8441516e+00
   3.8549079e+00
   3.8657230e+00
   3.8765970e+00
   3.8875304e+00
   3.8985235e+00
   3.9095765e+00
   3.9206897e+00
   3.9318636e+00
   3.9430984e+00
   3.9543945e+00
   3.9657521e+00
   3.9771716e+00
   3.9886533e+00
   4.0001976e+00
   4.0118048e+00
   4.0234752e+00
   4.0352092e+00
   4.0470071e+00
   4.0588692e+00
   4.0707959e+00
   4.0827875e+00
   4.0948444e+00
   4.1069669e+00
   4.1191553e+00
   4.1314101e+00
   4.1437316e+00
   4.1561200e+00
   4.1685759e+00
   4.1810995e+00
   4.1936912e+00
   4.2063513e+00
   4.2190803e+00
   4.2318785e+00
   4.2447462e+00
   4.2576839e+00
   4.2706919e+00
   4.2837705e+00
   4.2969202e+00
   4.3101413e+00
   4.3234342e+00
   4.3367993e+00
   4.3502369e+00
   4.3637475e+00
   4.3773314e+00
   4.3909891e+00
   4.4047209e+00
   4.4185271e+00
   4.4324083e+00
   4.4463647e+00
   4.4603968e+00
   4.4745050e+00
   4.4886897e+00
   4.5029512e+00
   4.5172900e+00
   4.5317066e+00
   4.5462012e+00
   4.5607743e+00
   4.5754263e+00
   4.5901576e+00
   4.6049687e+00
   4.6198599e+00
   4.6348317e+00
   4.6498844e+00
   4.6650186e+00
   4.6802346e+00
   4.6955328e+00
   4.7109137e+00
   4.7263776e+00
   4.7419251e+00
   4.7575565e+00
   4.7732723e+00
   4.7890730e+00
   4.8049588e+00
   4.8209303e+00
   4.8369880e+00
   4.8531322e+00
   4.8693633e+00
   4.8856819e+00
   4.9020884e+00
   4.9185831e+00
   4.9351666e+00
   4.9518394e+00
   4.9686017e+00
   4.9854542e+00
   5.0023972e+00
   5.0194311e+00
   5.0365566e+00
   5.0537739e+00
   5.0710836e+00
   5.0884860e+00
   5.1059818e+00
   5.1235713e+00
   5.1412549e+00
   5.1590332e+00
   5.1769066e+00
   5.1948755e+00
   5.2129405e+00
   5.2311019e+00
   5.2493604e+00
   5.2677162e+00
   5.2861699e+00
   5.3047220e+00
   5.3233729e+00
   5.3421231e+00
   5.3609731e+00
   5.3799233e+00
   5.3989743e+00
   5.4181264e+00
   5.4373802e+00
   5.4567361e+00
   5.4761946e+00
   5.4957562e+00
   5.5154214e+00
   5.5351906e+00
   5.5550644e+00
   5.5750432e+00
   5.5951274e+00
   5.6153176e+00
   5.6356143e+00
   5.6560178e+00
   5.6765288e+00
   5.6971477e+00
   5.7178750e+00
   5.7387111e+00
   5.7596566e+00
   5.7807119e+00
   5.8018775e+00
   5.8231540e+00
   5.8445417e+00
   5.8660412e+00
   5.8876529e+00
   5.9093775e+00
   5.9312152e+00
   5.9531667e+00
   5.9752324e+00
   5.9974128e+00
   6.0197084e+00
   6.0421197e+00
   6.0646472e+00
   6.0872913e+00
   6.1100526e+00
   6.1329315e+00
   6.1559286e+00
   6.1790443e+00
   6.2022791e+00
   6.2256335e+00
   6.2491080e+00
   6.2727031e+00
   6.2964193e+00
   6.3202570e+00
   6.3442168e+00
   6.3682992e+00
   6.3925045e+00
   6.4168335e+00
   6.4412864e+00
   6.4658639e+00
   6.4905663e+00
   6.5153943e+00
   6.5403483e+00
   6.5654287e+00
   6.5906361e+00
   6.6159709e+00
   6.6414337e+00
   6.6670250e+00
   6.6927451e+00
   6.7185947e+00
   6.7445742e+00
   6.7706841e+00
   6.7969249e+00
   6.8232971e+00
   6.8498011e+00
   6.8764375e+00
   6.9032068e+00
   6.9301094e+00
   6.9571458e+00
   6.9843165e+00
   7.0116220e+00
   7.0390628e+00
   7.0666394e+00
   7.0943523e+00
   7.1222019e+00
   7.1501888e+00
   7.1783134e+00
   7.2065762e+00
   7.2349778e+00
   7.2635185e+00
   7.2921989e+00
   7.3210195e+00
   7.3499807e+00
   7.3790831e+00
   7.4083272e+00
   7.4377133e+00
   7.4672420e+00
   7.4969139e+00
   7.5267293e+00
   7.5566888e+00
   7.5867928e+00
   7.6170419e+00
   7.6474365e+00
   7.6779771e+00
   7.7086642e+00
   7.7394983e+00
   7.7704798e+00
   7.8016093e+00
   7.8328873e+00
   7.8643141e+00
   7.8958904e+00
   7.9276166e+00
   7.9594931e+00
   7.9915205e+00
   8.0236993e+00
   8.0560299e+00
   8.0885128e+00
   8.1211485e+00
   8.1539375e+00
   8.1868803e+00
   8.2199773e+00
   8.2532291e+00
   8.2866360e+00
   8.3201987e+00
   8.3539176e+00
   8.3877932e+00
   8.4218259e+00
   8.4560162e+00
   8.4903647e+00
   8.5248717e+00
   8.5595379e+00
   8.5943635e+00
   8.6293493e+00
   8.6644955e+00
   8.6998028e+00
   8.7352715e+00
   8.7709022e+00
   8.8066953e+00
   8.8426513e+00
   8.8787707e+00
   8.9150539e+00
   8.9515015e+00
   8.9881139e+00
   9.0248915e+00
   9.0618349e+00
   9.0989445e+00
   9.1362208e+00
   9.1736642e+00
   9.2112752e+00
   9.2490542e+00
   9.2870018e+00
   9.3251184e+00
   9.3634044e+00
   9.4018604e+00
   9.4404866e+00
   9.4792837e+00
   9.5182520e+00
   9.5573920e+00
   9.5967041e+00
   9.6361888e+00
   9.6758464e+00
   9.7156776e+00
   9.7556825e+00
   9.7958618e+00
   9.8362158e+00
   9.8767449e+00
   9.9174495e+00
   9.9583301e+00
   9.9993870e+00
   1.0040621e+01
   1.0082032e+01
   1.0123620e+01
   1.0165386e+01
   1.0207331e+01
   1.0249454e+01
   1.0291756e+01
   1.0334238e+01
   1.0376899e+01
   1.0419741e+01
   1.0462763e+01
   1.0505966e+01
   1.0549349e+01
   1.0592915e+01
   1.0636661e+01
   1.0680590e+01
   1.0724702e+01
   1.0768995e+01
   1.0813472e+01
   1.0858132e+01
   1.0902975e+01
   1.0948001e+01
   1.0993212e+01
   1.1038607e+01
   1.1084185e+01
   1.1129949e+01
   1.1175897e+01
   1.1222029e+01
   1.1268347e+01
   1.1314850e+01
   1.1361538e+01
   1.1408411e+01
   1.1455470e+01
   1.1502714e+01
   1.1550144e+01
   1.1597760e+01
   1.1645561e+01
   1.1693548e+01
   1.1741721e+01
   1.1790079e+01
   1.1838623e+01
   1.1887353e+01
   1.1936268e+01
   1.1985369e+01
   1.2034656e+01
   1.2084127e+01
   1.2133784e+01
   1.2183625e+01
   1.2233651e+01
   1.2283862e+01
   1.2334257e+01
   1.2384836e+01
   1.2435599e+01
   1.2486546e+01
   1.2537675e+01
   1.2588988e+01
   1.2640483e+01
   1.2692160e+01
   1.2744018e+01
   1.2796058e+01
   1.2848278e+01
   1.2900679e+01
   1.2953259e+01
   1.3006018e+01
   1.3058956e+01
   1.3112072e+01
   1.3165365e+01
   1.3218835e+01
   1.3272480e+01
   1.3326301e+01
   1.3380296e+01
   1.3434464e+01
   1.3488806e+01
   1.3543319e+01
   1.3598003e+01
   1.3652858e+01
   1.3707881e+01
   1.3763073e+01
   1.3818432e+01
   1.3873957e+01
   1.3929647e+01
   1.3985501e+01
   1.4041517e+01
   1.4097695e+01
   1.4154034e+01
   1.4210531e+01
   1.4267186e+01
   1.4323998e+01
   1.4380964e+01
   1.4438084e+01
   1.4495357e+01
   1.4552780e+01
   1.4610352e+01
   1.4668071e+01
   1.4725937e+01
   1.4783947e+01
   1.4842100e+01
   1.4900393e+01
   1.4958826e+01
   1.5017397e+01
   1.5076102e+01
   1.5134942e+01
   1.5193913e+01
   1.5253015e+01
   1.5312244e+01
   1.5371598e+01
   1.5431077e+01
   1.5490677e+01
   1.5550397e+01
   1.5610234e+01
   1.5670185e+01
   1.5730250e+01
   1.5790425e+01
   1.5850708e+01
   1.5911097e+01
   1.5971589e+01
   1.6032182e+01
   1.6092873e+01
   1.6153660e+01
   1.6214539e+01
   1.6275510e+01
   1.6336567e+01
   1.6397710e+01
   1.6458935e+01
   1.6520239e+01
   1.6581620e+01
   1.6643075e+01
   1.6704600e+01
   1.6766193e+01
   1.6827850e+01
   1.6889569e+01
   1.6951347e+01
   1.7013180e+01
   1.7075065e+01
   1.7136999e+01
   1.7198979e+01
   1.7261001e+01
   1.7323062e+01
   1.7385159e+01
   1.7447288e+01
   1.7509445e+01
   1.7571628e+01
   1.7633833e+01
   1.7696055e+01
   1.7758292e+01
   1.7820540e+01
   1.7882795e+01
   1.7945053e+01
   1.8007310e+01
   1.8069564e+01
   1.8131809e+01
   1.8194042e+01
   1.8256259e+01
   1.8318456e+01
   1.8380629e+01
   1.8442774e+01
   1.8504886e+01
   1.8566963e+01
   1.8628999e+01
   1.8690990e+01
   1.8752932e+01
   1.8814821e+01
   1.8876653e+01
   1.8938423e+01
   1.9000126e+01
   1.9061759e+01
   1.9123317e+01
   1.9184795e+01
   1.9246188e+01
   1.9307494e+01
   1.9368706e+01
   1.9429820e+01
   1.9490831e+01
   1.9551735e+01
   1.9612527e+01
   1.9673203e+01
   1.9733756e+01
   1.9794184e+01
   1.9854480e+01
   1.9914640e+01
   1.9974660e+01
   2.0034533e+01
   2.0094255e+01
   2.0153821e+01
   2.0213227e+01
   2.0272466e+01
   2.0331535e+01
   2.0390427e+01
   2.0449137e+01
   2.0507661e+01
   2.0565994e+01
   2.0624129e+01
   2.0682062e+01
   2.0739788e+01
   2.0797301e+01
   2.0854596e+01
   2.0911667e+01
   2.0968510e+01
   2.1025118e+01
   2.1081486e+01
   2.1137610e+01
   2.1193483e+01
   2.1249099e+01
   2.1304455e+01
   2.1359543e+01
   2.1414358e+01
   2.1468895e+01
   2.1523148e+01
   2.1577112e+01
   2.1630781e+01
   2.1684149e+01
   2.1737211e+01
   2.1789961e+01
   2.1842392e+01
   2.1894501e+01
   2.1946280e+01
   2.1997725e+01
   2.2048828e+01
   2.2099586e+01
   2.2149991e+01
   2.2200038e+01
   2.2249721e+01
   2.2299035e+01
   2.2347973e+01
   2.2396530e+01
   2.2444700e+01
   2.2492476e+01
   2.2539854e+01
   2.2586827e+01
   2.2633390e+01
   2.2679536e+01
   2.2725260e+01
   2.2770556e+01
   2.2815417e+01
   2.2859838e+01
   2.2903814e+01
   2.2947337e+01
   2.2990403e+01
   2.3033006e+01
   2.3075138e+01
   2.3116795e+01
   2.3157971e+01
   2.3198660e+01
   2.3238855e+01
   2.3278551e+01
   2.3317743e+01
   2.3356423e+01
   2.3394587e+01
   2.3432228e+01
   2.3469341e+01
   2.3505919e+01
   2.3541958e+01
   2.3577450e+01
   2.3612390e+01
   2.3646773e+01
   2.3680593e+01
   2.3713843e+01
   2.3746518e+01
   2.3778613e+01
   2.3810121e+01
   2.3841036e+01
   2.3871354e+01
   2.3901068e+01
   2.3930173e+01
   2.3958663e+01
   2.3986532e+01
   2.4013775e+01
   2.4040387e+01
   2.4066361e+01
   2.4091692e+01
   2.4116375e+01
   2.4140403e+01
   2.4163773e+01
   2.4186478e+01
   2.4208512e+01
   2.4229871e+01
   2.4250550e+01
   2.4270542e+01
   2.4289842e+01
   2.4308446e+01
   2.4326348e+01
   2.4343543e+01
   2.4360026e+01
   2.4375792e+01
   2.4390835e+01
   2.4405151e+01
   2.4418735e+01
   2.4431582e+01
   2.4443686e+01
   2.4455044e+01
   2.4465650e+01
   2.4475499e+01
   2.4484588e+01
   2.4492910e+01
   2.4500463e+01
   2.4507240e+01
   2.4513239e+01
   2.4518453e+01
   2.4522880e+01
   2.4526513e+01
   2.4529351e+01
   2.4531387e+01
   2.4532618e+01
   2.4533041e+01
   2.4532650e+01
   2.4531442e+01
   2.4529413e+01
   2.4526560e+01
   2.4522878e+01
   2.4518364e+01
   2.4513014e+01
   2.4506825e+01
   2.4499793e+01
   2.4491915e+01
   2.4483188e+01
   2.4473608e+01
   2.4463172e+01
   2.4451878e+01
   2.4439722e+01
   2.4426701e+01
   2.4412813e+01
   2.4398055e+01
   2.4382424e+01
   2.4365917e+01
   2.4348533e+01
   2.4330268e+01
   2.4311122e+01
   2.4291090e+01
   2.4270172e+01
   2.4248366e+01
   2.4225669e+01
   2.4202080e+01
   2.4177597e+01
   2.4152219e+01
   2.4125944e+01
   2.4098771e+01
   2.4070698e+01
   2.4041726e+01
   2.4011852e+01
   2.3981075e+01
   2.3949396e+01
   2.3916813e+01
   2.3883326e+01
   2.3848934e+01
   2.3813638e+01
   2.3777437e+01
   2.3740331e+01
   2.3702321e+01
   2.3663406e+01
   2.3623588e+01
   2.3582866e+01
   2.3541241e+01
   2.3498715e+01
   2.3455288e+01
   2.3410961e+01
   2.3365736e+01
   2.3319614e+01
   2.3272596e+01
   2.3224686e+01
   2.3175883e+01
   2.3126191e+01
   2.3075612e+01
   2.3024147e+01
   2.2971801e+01
   2.2918574e+01
   2.2864471e+01
   2.2809494e+01
   2.2753647e+01
   2.2696933e+01
   2.2639356e+01
   2.2580919e+01
   2.2521626e+01
   2.2461482e+01
   2.2400491e+01
   2.2338658e+01
   2.2275986e+01
   2.2212482e+01
   2.2148150e+01
   2.2082995e+01
   2.2017023e+01
   2.1950240e+01
   2.1882652e+01
   2.1814265e+01
   2.1745084e+01
   2.1675117e+01
   2.1604371e+01
   2.1532852e+01
   2.1460567e+01
   2.1387524e+01
   2.1313730e+01
   2.1239194e+01
   2.1163923e+01
   2.1087925e+01
   2.1011209e+01
   2.0933784e+01
   2.0855658e+01
   2.0776841e+01
   2.0697341e+01
   2.0617169e+01
   2.0536335e+01
   2.0454847e+01
   2.0372717e+01
   2.0289954e+01
   2.0206570e+01
   2.0122576e+01
   2.0037982e+01
   1.9952799e+01
   1.9867040e+01
   1.9780716e+01
   1.9693839e+01
   1.9606421e+01
   1.9518474e+01
   1.9430011e+01
   1.9341045e+01
   1.9251589e+01
   1.9161656e+01
   1.9071260e+01
   1.8980413e+01
   1.8889130e+01
   1.8797425e+01
   1.8705311e+01
   1.8612804e+01
   1.8519917e+01
   1.8426666e+01
   1.8333065e+01
   1.8239128e+01
   1.8144872e+01
   1.8050312e+01
   1.7955462e+01
   1.7860339e+01
   1.7764958e+01
   1.7669335e+01
   1.7573486e+01
   1.7477427e+01
   1.7381175e+01
   1.7284745e+01
   1.7188153e+01
   1.7091417e+01
   1.6994552e+01
   1.6897576e+01
   1.6800504e+01
   1.6703354e+01
   1.6606143e+01
   1.6508886e+01
   1.6411601e+01
   1.6314304e+01
   1.6217012e+01
   1.6119743e+01
   1.6022512e+01
   1.5925337e+01
   1.5828233e+01
   1.5731219e+01
   1.5634309e+01
   1.5537521e+01
   1.5440872e+01
   1.5344377e+01
   1.5248053e+01
   1.5151915e+01
   1.5055981e+01
   1.4960265e+01
   1.4864784e+01
   1.4769553e+01
   1.4674588e+01
   1.4579904e+01
   1.4485515e+01
   1.4391438e+01
   1.4297687e+01
   1.4204275e+01
   1.4111219e+01
   1.4018531e+01
   1.3926226e+01
   1.3834317e+01
   1.3742818e+01
   1.3651742e+01
   1.3561101e+01
   1.3470910e+01
   1.3381179e+01
   1.3291921e+01
   1.3203148e+01
   1.3114871e+01
   1.3027102e+01
   1.2939852e+01
   1.2853131e+01
   1.2766950e+01
   1.2681318e+01
   1.2596246e+01
   1.2511743e+01
   1.2427818e+01
   1.2344479e+01
   1.2261736e+01
   1.2179596e+01
   1.2098068e+01
   1.2017158e+01
   1.1936874e+01
   1.1857222e+01
   1.1778210e+01
   1.1699843e+01
   1.1622128e+01
   1.1545069e+01
   1.1468672e+01
   1.1392942e+01
   1.1317883e+01
   1.1243500e+01
   1.1169797e+01
   1.1096776e+01
   1.1024442e+01
   1.0952797e+01
   1.0881845e+01
   1.0811587e+01
   1.0742026e+01
   1.0673162e+01
   1.0604999e+01
   1.0537537e+01
   1.0470777e+01
   1.0404720e+01
   1.0339366e+01
   1.0274715e+01
   1.0210767e+01
   1.0147522e+01
   1.0084979e+01
   1.0023138e+01
   9.9619965e+00
   9.9015541e+00
   9.8418092e+00
   9.7827598e+00
   9.7244041e+00
   9.6667398e+00
   9.6097646e+00
   9.5534759e+00
   9.4978710e+00
   9.4429468e+00
   9.3887004e+00
   9.3351283e+00
   9.2822272e+00
   9.2299935e+00
   9.1784234e+00
   9.1275131e+00
   9.0772584e+00
   9.0276552e+00
   8.9786992e+00
   8.9303861e+00
   8.8827112e+00
   8.8356699e+00
   8.7892575e+00
   8.7434692e+00
   8.6982999e+00
   8.6537447e+00
   8.6097985e+00
   8.5664560e+00
   8.5237120e+00
   8.4815612e+00
   8.4399982e+00
   8.3990174e+00
   8.3586135e+00
   8.3187808e+00
   8.2795138e+00
   8.2408067e+00
   8.2026540e+00
   8.1650498e+00
   8.1279885e+00
   8.0914642e+00
   8.0554712e+00
   8.0200037e+00
   7.9850558e+00
   7.9506216e+00
   7.9166954e+00
   7.8832713e+00
   7.8503434e+00
   7.8179059e+00
   7.7859528e+00
   7.7544785e+00
   7.7234770e+00
   7.6929424e+00
   7.6628691e+00
   7.6332511e+00
