   5.2031263e-01
   5.1966548e-01
   5.1901914e-01
   5.1837363e-01
   5.1772893e-01
   5.1708506e-01
   5.1644200e-01
   5.1579976e-01
   5.1515833e-01
   5.1451772e-01
   5.1387792e-01
   5.1323894e-01
   5.1260077e-01
   5.1196341e-01
   5.1132685e-01
   5.1069111e-01
   5.1005617e-01
   5.0942204e-01
   5.0878871e-01
   5.0815619e-01
   5.0752447e-01
   5.0689355e-01
   5.0626344e-01
   5.0563412e-01
   5.0500560e-01
   5.0437788e-01
   5.0375096e-01
   5.0312483e-01
   5.0249950e-01
   5.0187496e-01
   5.0125121e-01
   5.0062825e-01
   5.0000608e-01
   4.9938471e-01
   4.9876412e-01
   4.9814432e-01
   4.9752530e-01
   4.9690707e-01
   4.9628962e-01
   4.9567296e-01
   4.9505708e-01
   4.9444198e-01
   4.9382766e-01
   4.9321411e-01
   4.9260135e-01
   4.9198936e-01
   4.9137815e-01
   4.9076771e-01
   4.9015805e-01
   4.8954916e-01
   4.8894104e-01
   4.8833369e-01
   4.8772712e-01
   4.8712131e-01
   4.8651627e-01
   4.8591199e-01
   4.8530848e-01
   4.8470574e-01
   4.8410376e-01
   4.8350254e-01
   4.8290208e-01
   4.8230238e-01
   4.8170345e-01
   4.8110527e-01
   4.8050785e-01
   4.7991119e-01
   4.7931528e-01
   4.7872012e-01
   4.7812572e-01
   4.7753208e-01
   4.7693918e-01
   4.7634704e-01
   4.7575564e-01
   4.7516499e-01
   4.7457510e-01
   4.7398594e-01
   4.7339754e-01
   4.7280988e-01
   4.7222296e-01
   4.7163678e-01
   4.7105135e-01
   4.7046666e-01
   4.6988270e-01
   4.6929949e-01
   4.6871702e-01
   4.6813528e-01
   4.6755427e-01
   4.6697401e-01
   4.6639447e-01
   4.6581567e-01
   4.6523760e-01
   4.6466027e-01
   4.6408366e-01
   4.6350778e-01
   4.6293263e-01
   4.6235821e-01
   4.6178452e-01
   4.6121155e-01
   4.6063930e-01
   4.6006778e-01
   4.5949698e-01
   4.5892690e-01
   4.5835754e-01
   4.5778891e-01
   4.5722099e-01
   4.5665379e-01
   4.5608730e-01
   4.5552154e-01
   4.5495648e-01
   4.5439215e-01
   4.5382852e-01
   4.5326561e-01
   4.5270341e-01
   4.5214191e-01
   4.5158113e-01
   4.5102106e-01
   4.5046169e-01
   4.4990303e-01
   4.4934508e-01
   4.4878783e-01
   4.4823129e-01
   4.4767544e-01
   4.4712030e-01
   4.4656587e-01
   4.4601213e-01
   4.4545909e-01
   4.4490675e-01
   4.4435510e-01
   4.4380416e-01
   4.4325391e-01
   4.4270435e-01
   4.4215549e-01
   4.4160732e-01
   4.4105984e-01
   4.4051305e-01
   4.3996696e-01
   4.3942155e-01
   4.3887683e-01
   4.3833280e-01
   4.3778946e-01
   4.3724680e-01
   4.3670482e-01
   4.3616353e-01
   4.3562293e-01
   4.3508300e-01
   4.3454376e-01
   4.3400520e-01
   4.3346731e-01
   4.3293011e-01
   4.3239358e-01
   4.3185773e-01
   4.3132255e-01
   4.3078805e-01
   4.3025423e-01
   4.2972108e-01
   4.2918860e-01
   4.2865679e-01
   4.2812565e-01
   4.2759518e-01
   4.2706538e-01
   4.2653625e-01
   4.2600779e-01
   4.2547999e-01
   4.2495286e-01
   4.2442639e-01
   4.2390059e-01
   4.2337545e-01
   4.2285097e-01
   4.2232715e-01
   4.2180399e-01
   4.2128150e-01
   4.2075966e-01
   4.2023847e-01
   4.1971795e-01
   4.1919808e-01
   4.1867886e-01
   4.1816030e-01
   4.1764240e-01
   4.1712514e-01
   4.1660854e-01
   4.1609259e-01
   4.1557729e-01
   4.1506263e-01
   4.1454863e-01
   4.1403527e-01
   4.1352256e-01
   4.1301050e-01
   4.1249908e-01
   4.1198830e-01
   4.1147817e-01
   4.1096868e-01
   4.1045983e-01
   4.0995163e-01
   4.0944406e-01
   4.0893713e-01
   4.0843084e-01
   4.0792519e-01
   4.0742017e-01
   4.0691579e-01
   4.0641205e-01
   4.0590894e-01
   4.0540646e-01
   4.0490461e-01
   4.0440340e-01
   4.0390281e-01
   4.0340286e-01
   4.0290354e-01
   4.0240484e-01
   4.0190677e-01
   4.0140933e-01
   4.0091252e-01
   4.0041633e-01
   3.9992076e-01
   3.9942582e-01
   3.9893150e-01
   3.9843780e-01
   3.9794473e-01
   3.9745227e-01
   3.9696043e-01
   3.9646921e-01
   3.9597861e-01
   3.9548863e-01
   3.9499926e-01
   3.9451051e-01
   3.9402237e-01
   3.9353485e-01
   3.9304794e-01
   3.9256164e-01
   3.9207595e-01
   3.9159088e-01
   3.9110641e-01
   3.9062256e-01
   3.9013931e-01
   3.8965667e-01
   3.8917463e-01
   3.8869320e-01
   3.8821238e-01
   3.8773216e-01
   3.8725255e-01
   3.8677353e-01
   3.8629512e-01
   3.8581731e-01
   3.8534010e-01
   3.8486350e-01
   3.8438749e-01
   3.8391207e-01
   3.8343726e-01
   3.8296304e-01
   3.8248942e-01
   3.8201639e-01
   3.8154396e-01
   3.8107212e-01
   3.8060087e-01
   3.8013022e-01
   3.7966015e-01
   3.7919068e-01
   3.7872180e-01
   3.7825350e-01
   3.7778580e-01
   3.7731868e-01
   3.7685215e-01
   3.7638620e-01
   3.7592084e-01
   3.7545606e-01
   3.7499187e-01
   3.7452826e-01
   3.7406523e-01
   3.7360278e-01
   3.7314091e-01
   3.7267963e-01
   3.7221892e-01
   3.7175879e-01
   3.7129924e-01
   3.7084026e-01
   3.7038187e-01
   3.6992404e-01
   3.6946679e-01
   3.6901012e-01
   3.6855402e-01
   3.6809849e-01
   3.6764353e-01
   3.6718914e-01
   3.6673533e-01
   3.6628208e-01
   3.6582940e-01
   3.6537729e-01
   3.6492575e-01
   3.6447477e-01
   3.6402436e-01
   3.6357451e-01
   3.6312523e-01
   3.6267651e-01
   3.6222836e-01
   3.6178076e-01
   3.6133373e-01
   3.6088726e-01
   3.6044135e-01
   3.5999600e-01
   3.5955121e-01
   3.5910697e-01
   3.5866329e-01
   3.5822017e-01
   3.5777760e-01
   3.5733559e-01
   3.5689414e-01
   3.5645323e-01
   3.5601288e-01
   3.5557308e-01
   3.5513383e-01
   3.5469514e-01
   3.5425699e-01
   3.5381939e-01
   3.5338234e-01
   3.5294584e-01
   3.5250989e-01
   3.5207448e-01
   3.5163962e-01
   3.5120530e-01
   3.5077153e-01
   3.5033830e-01
   3.4990561e-01
   3.4947347e-01
   3.4904187e-01
   3.4861080e-01
   3.4818028e-01
   3.4775030e-01
   3.4732086e-01
   3.4689195e-01
   3.4646358e-01
   3.4603575e-01
   3.4560846e-01
   3.4518169e-01
   3.4475547e-01
   3.4432978e-01
   3.4390462e-01
   3.4347999e-01
   3.4305590e-01
   3.4263233e-01
   3.4220930e-01
   3.4178680e-01
   3.4136482e-01
   3.4094338e-01
   3.4052246e-01
   3.4010207e-01
   3.3968221e-01
   3.3926287e-01
   3.3884405e-01
   3.3842576e-01
   3.3800800e-01
   3.3759076e-01
   3.3717404e-01
   3.3675784e-01
   3.3634216e-01
   3.3592700e-01
   3.3551236e-01
   3.3509825e-01
   3.3468464e-01
   3.3427156e-01
   3.3385900e-01
   3.3344695e-01
   3.3303541e-01
   3.3262439e-01
   3.3221389e-01
   3.3180390e-01
   3.3139442e-01
   3.3098546e-01
   3.3057700e-01
   3.3016906e-01
   3.2976163e-01
   3.2935471e-01
   3.2894829e-01
   3.2854239e-01
   3.2813699e-01
   3.2773210e-01
   3.2732772e-01
   3.2692384e-01
   3.2652047e-01
   3.2611760e-01
   3.2571523e-01
   3.2531337e-01
   3.2491201e-01
   3.2451116e-01
   3.2411080e-01
   3.2371095e-01
   3.2331159e-01
   3.2291274e-01
   3.2251438e-01
   3.2211652e-01
   3.2171916e-01
   3.2132230e-01
   3.2092593e-01
   3.2053006e-01
   3.2013468e-01
   3.1973980e-01
   3.1934541e-01
   3.1895151e-01
   3.1855811e-01
   3.1816520e-01
   3.1777277e-01
   3.1738084e-01
   3.1698940e-01
   3.1659845e-01
   3.1620799e-01
   3.1581801e-01
   3.1542852e-01
   3.1503952e-01
   3.1465101e-01
   3.1426298e-01
   3.1387544e-01
   3.1348837e-01
   3.1310180e-01
   3.1271570e-01
   3.1233009e-01
   3.1194496e-01
   3.1156032e-01
   3.1117615e-01
   3.1079246e-01
   3.1040925e-01
   3.1002652e-01
   3.0964427e-01
   3.0926249e-01
   3.0888120e-01
   3.0850038e-01
   3.0812003e-01
   3.0774016e-01
   3.0736076e-01
   3.0698184e-01
   3.0660339e-01
   3.0622542e-01
   3.0584791e-01
   3.0547088e-01
   3.0509432e-01
   3.0471822e-01
   3.0434260e-01
   3.0396745e-01
   3.0359276e-01
   3.0321854e-01
   3.0284479e-01
   3.0247151e-01
   3.0209869e-01
   3.0172634e-01
   3.0135445e-01
   3.0098303e-01
   3.0061207e-01
   3.0024157e-01
   2.9987154e-01
   2.9950197e-01
   2.9913286e-01
   2.9876421e-01
   2.9839602e-01
   2.9802829e-01
   2.9766101e-01
   2.9729420e-01
   2.9692785e-01
   2.9656195e-01
   2.9619650e-01
   2.9583152e-01
   2.9546699e-01
   2.9510291e-01
   2.9473929e-01
   2.9437612e-01
   2.9401341e-01
   2.9365115e-01
   2.9328934e-01
   2.9292798e-01
   2.9256707e-01
   2.9220661e-01
   2.9184660e-01
   2.9148704e-01
   2.9112793e-01
   2.9076927e-01
   2.9041105e-01
   2.9005328e-01
   2.8969596e-01
   2.8933908e-01
   2.8898265e-01
   2.8862667e-01
   2.8827112e-01
   2.8791602e-01
   2.8756136e-01
   2.8720715e-01
   2.8685338e-01
   2.8650004e-01
   2.8614715e-01
   2.8579470e-01
   2.8544269e-01
   2.8509111e-01
   2.8473998e-01
   2.8438928e-01
   2.8403902e-01
   2.8368920e-01
   2.8333981e-01
   2.8299086e-01
   2.8264234e-01
   2.8229426e-01
   2.8194661e-01
   2.8159939e-01
   2.8125261e-01
   2.8090626e-01
   2.8056034e-01
   2.8021485e-01
   2.7986979e-01
   2.7952517e-01
   2.7918097e-01
   2.7883720e-01
   2.7849386e-01
   2.7815095e-01
   2.7780846e-01
   2.7746640e-01
   2.7712477e-01
   2.7678356e-01
   2.7644278e-01
   2.7610242e-01
   2.7576249e-01
   2.7542298e-01
   2.7508389e-01
   2.7474523e-01
   2.7440698e-01
   2.7406916e-01
   2.7373176e-01
   2.7339478e-01
   2.7305822e-01
   2.7272208e-01
   2.7238636e-01
   2.7205105e-01
   2.7171616e-01
   2.7138169e-01
   2.7104764e-01
   2.7071400e-01
   2.7038078e-01
   2.7004797e-01
   2.6971558e-01
   2.6938360e-01
   2.6905204e-01
   2.6872088e-01
   2.6839014e-01
   2.6805982e-01
   2.6772990e-01
   2.6740039e-01
   2.6707130e-01
   2.6674261e-01
   2.6641433e-01
   2.6608646e-01
   2.6575900e-01
   2.6543195e-01
   2.6510530e-01
   2.6477906e-01
   2.6445323e-01
   2.6412780e-01
   2.6380278e-01
   2.6347816e-01
   2.6315395e-01
   2.6283014e-01
   2.6250673e-01
   2.6218372e-01
   2.6186112e-01
   2.6153892e-01
   2.6121712e-01
   2.6089572e-01
   2.6057472e-01
   2.6025411e-01
   2.5993420e-01
   2.9404698e-01
   3.2718285e-01
   3.5938645e-01
   3.9072159e-01
   4.2124097e-01
   4.5099360e-01
   4.8002542e-01
   5.0837796e-01
   5.3609039e-01
   5.6319944e-01
   5.8974027e-01
   6.1574699e-01
   6.4125358e-01
   6.6629671e-01
   6.9091564e-01
   7.1515690e-01
   7.3907583e-01
   7.6274302e-01
   7.8624882e-01
   8.0971455e-01
   8.3330226e-01
   8.5723551e-01
   8.8182705e-01
   9.0752353e-01
   9.3498270e-01
   9.6520450e-01
   9.9976300e-01
   1.0412156e+00
   1.0936913e+00
   1.1627012e+00
   1.2454541e+00
   1.2435385e+00
   8.1731451e-01
   5.0348846e-01
   3.9479383e-01
   3.5675610e-01
   3.4188818e-01
   3.3502424e-01
   3.3131274e-01
   3.2904973e-01
   3.2761263e-01
   3.2675834e-01
   3.2637691e-01
   3.2640430e-01
   3.2679412e-01
   3.2750629e-01
   3.2850418e-01
   3.2975359e-01
   3.3122255e-01
   3.3288139e-01
   3.4530876e-01
   3.5804845e-01
   3.7105090e-01
   3.8426898e-01
   3.9766053e-01
   4.1118629e-01
   4.2480929e-01
   4.3849512e-01
   4.5221138e-01
   4.6592803e-01
   4.7961748e-01
   4.9325389e-01
   5.0681394e-01
   5.2027620e-01
   5.3362148e-01
   5.4683243e-01
   5.5989357e-01
   5.7279149e-01
   5.8551410e-01
   5.9805128e-01
   6.1039451e-01
   6.2253631e-01
   6.3447113e-01
   6.4619419e-01
   6.5770207e-01
   6.6899253e-01
   6.8006405e-01
   6.9091625e-01
   7.0154959e-01
   7.1196502e-01
   7.2216413e-01
   7.3214947e-01
   7.4192363e-01
   7.5148974e-01
   7.6085132e-01
   7.7001263e-01
   7.7897817e-01
   7.8775229e-01
   7.9633922e-01
   8.0474352e-01
   8.1297078e-01
   8.2102593e-01
   8.2891370e-01
   8.3663917e-01
   8.4420741e-01
   8.5162350e-01
   8.5889249e-01
   8.6601938e-01
   8.7300934e-01
   8.7986680e-01
   8.8659674e-01
   8.9320399e-01
   8.9969282e-01
   9.0606796e-01
   9.1233384e-01
   9.1849472e-01
   9.2455462e-01
   9.3051763e-01
   9.3638776e-01
   9.4216872e-01
   9.4786429e-01
   9.5347806e-01
   9.5901347e-01
   9.6447388e-01
   9.6986256e-01
   9.7518266e-01
   9.8043701e-01
   9.8562863e-01
   9.9076035e-01
   9.9583491e-01
   1.0008549e+00
   1.0058229e+00
   1.0107412e+00
   1.0156122e+00
   1.0204381e+00
   1.0252212e+00
   1.0299634e+00
   1.0346668e+00
   1.0393332e+00
   1.0439646e+00
   1.0485626e+00
   1.0531290e+00
   1.0576655e+00
   1.0621735e+00
   1.0666546e+00
   1.0711102e+00
   1.0755418e+00
   1.0799506e+00
   1.0843380e+00
   1.0887051e+00
   1.0930532e+00
   1.0973833e+00
   1.1016967e+00
   1.1059943e+00
   1.1102772e+00
   1.1145464e+00
   1.1188027e+00
   1.1230470e+00
   1.1272804e+00
   1.1315035e+00
   1.1357172e+00
   1.1399224e+00
   1.1441196e+00
   1.1483098e+00
   1.1524935e+00
   1.1566715e+00
   1.1608445e+00
   1.1650130e+00
   1.1691778e+00
   1.1733394e+00
   1.1774983e+00
   1.1816553e+00
   1.1858108e+00
   1.1899654e+00
   1.1941196e+00
   1.1982740e+00
   1.2024291e+00
   1.2065853e+00
   1.2107432e+00
   1.2149033e+00
   1.2190660e+00
   1.2232319e+00
   1.2274013e+00
   1.2315748e+00
   1.2357528e+00
   1.2399357e+00
   1.2441241e+00
   1.2483183e+00
   1.2525189e+00
   1.2567263e+00
   1.2609409e+00
   1.2651632e+00
   1.2693936e+00
   1.2736326e+00
   1.2778806e+00
   1.2821382e+00
   1.2864057e+00
   1.2906837e+00
   1.2949726e+00
   1.2992729e+00
   1.3035851e+00
   1.3079097e+00
   1.3122471e+00
   1.3165980e+00
   1.3209628e+00
   1.3253420e+00
   1.3297362e+00
   1.3341459e+00
   1.3385717e+00
   1.3430142e+00
   1.3474739e+00
   1.3519515e+00
   1.3564475e+00
   1.3609627e+00
   1.3654975e+00
   1.3700528e+00
   1.3746291e+00
   1.3792272e+00
   1.3838477e+00
   1.3884914e+00
   1.3931591e+00
   1.3978514e+00
   1.4025692e+00
   1.4073133e+00
   1.4120845e+00
   1.4168837e+00
   1.4217116e+00
   1.4265692e+00
   1.4314574e+00
   1.4363771e+00
   1.4413292e+00
   1.4463147e+00
   1.4513345e+00
   1.4563897e+00
   1.4614813e+00
   1.4666102e+00
   1.4717774e+00
   1.4769841e+00
   1.4822312e+00
   1.4875198e+00
   1.4928508e+00
   1.4982254e+00
   1.5036445e+00
   1.5091090e+00
   1.5146201e+00
   1.5201785e+00
   1.5257851e+00
   1.5314409e+00
   1.5371465e+00
   1.5429026e+00
   1.5487100e+00
   1.5545690e+00
   1.5604802e+00
   1.5664439e+00
   1.5724602e+00
   1.5785292e+00
   1.5846509e+00
   1.5908250e+00
   1.5970510e+00
   1.6033286e+00
   1.6096568e+00
   1.6160348e+00
   1.6224615e+00
   1.6289357e+00
   1.6354559e+00
   1.6420205e+00
   1.6486278e+00
   1.6552758e+00
   1.6619627e+00
   1.6686862e+00
   1.6754441e+00
   1.6822341e+00
   1.6890539e+00
   1.6959011e+00
   1.7027732e+00
   1.7096680e+00
   1.7165829e+00
   1.7235156e+00
   1.7304640e+00
   1.7374257e+00
   1.7443987e+00
   1.7513808e+00
   1.7583703e+00
   1.7653652e+00
   1.7723638e+00
   1.7793645e+00
   1.7863660e+00
   1.7933667e+00
   1.8003655e+00
   1.8073612e+00
   1.8143527e+00
   1.8213392e+00
   1.8283198e+00
   1.8352938e+00
   1.8422605e+00
   1.8492194e+00
   1.8561700e+00
   1.8631118e+00
   1.8700445e+00
   1.8769678e+00
   1.8838814e+00
   1.8907852e+00
   1.8976790e+00
   1.9045627e+00
   1.9114362e+00
   1.9182995e+00
   1.9251526e+00
   1.9319953e+00
   1.9388279e+00
   1.9456503e+00
   1.9524626e+00
   1.9592649e+00
   1.9660572e+00
   1.9728397e+00
   1.9796125e+00
   1.9863756e+00
   1.9931292e+00
   1.9998734e+00
   2.0066083e+00
   2.0133341e+00
   2.0200509e+00
   2.0267587e+00
   2.0334578e+00
   2.0401483e+00
   2.0468302e+00
   2.0535037e+00
   2.0601689e+00
   2.0668260e+00
   2.0734750e+00
   2.0801160e+00
   2.0867493e+00
   2.0933748e+00
   2.0999927e+00
   2.1066031e+00
   2.1132060e+00
   2.1198017e+00
   2.1263901e+00
   2.1329714e+00
   2.1395457e+00
   2.1461129e+00
   2.1526734e+00
   2.1592270e+00
   2.1657739e+00
   2.1723142e+00
   2.1788479e+00
   2.1853751e+00
   2.1918959e+00
   2.1984104e+00
   2.2049186e+00
   2.2114206e+00
   2.2179164e+00
   2.2244062e+00
   2.2308900e+00
   2.2373678e+00
   2.2438397e+00
   2.2503058e+00
   2.2567662e+00
   2.2632208e+00
   2.2696698e+00
   2.2761132e+00
   2.2825511e+00
   2.2889835e+00
   2.2954104e+00
   2.3018320e+00
   2.3082483e+00
   2.3146594e+00
   2.3210653e+00
   2.3274660e+00
   2.3338616e+00
   2.3402522e+00
   2.3466379e+00
   2.3530186e+00
   2.3593945e+00
   2.3657655e+00
   2.3721318e+00
   2.3784934e+00
   2.3848504e+00
   2.3912027e+00
   2.3975506e+00
   2.4038939e+00
   2.4102329e+00
   2.4165674e+00
   2.4228977e+00
   2.4292236e+00
   2.4355454e+00
   2.4418631e+00
   2.4481766e+00
   2.4544861e+00
   2.4607916e+00
   2.4670932e+00
   2.4733909e+00
   2.4796848e+00
   2.4859750e+00
   2.4922614e+00
   2.4985442e+00
   2.5048233e+00
   2.5110990e+00
   2.5173711e+00
   2.5236399e+00
   2.5299052e+00
   2.5361672e+00
   2.5424260e+00
   2.5486815e+00
   2.5549339e+00
   2.5611832e+00
   2.5674294e+00
   2.5736727e+00
   2.5799130e+00
   2.5861504e+00
   2.5923850e+00
   2.5986168e+00
   2.6048459e+00
   2.6110723e+00
   2.6172961e+00
   2.6235173e+00
   2.6297361e+00
   2.6359523e+00
   2.6421662e+00
   2.6483777e+00
   2.6545869e+00
   2.6607938e+00
   2.6669986e+00
   2.6732011e+00
   2.6794016e+00
   2.6856001e+00
   2.6917965e+00
   2.6979910e+00
   2.7041836e+00
   2.7103744e+00
   2.7165633e+00
   2.7227505e+00
   2.7289360e+00
   2.7351199e+00
   2.7413021e+00
   2.7474828e+00
   2.7536620e+00
   2.7598397e+00
   2.7660160e+00
   2.7721909e+00
   2.7783644e+00
   2.7845368e+00
   2.7907078e+00
   2.7968777e+00
   2.8030464e+00
   2.8092141e+00
   2.8153806e+00
   2.8215462e+00
   2.8277108e+00
   2.8338744e+00
   2.8400372e+00
   2.8461991e+00
   2.8523602e+00
   2.8585206e+00
   2.8646802e+00
   2.8708392e+00
   2.8769975e+00
   2.8831552e+00
   2.8893123e+00
   2.8954690e+00
   2.9016251e+00
   2.9077808e+00
   2.9139362e+00
   2.9200911e+00
   2.9262457e+00
   2.9324000e+00
   2.9385541e+00
   2.9447079e+00
   2.9508616e+00
   2.9570151e+00
   2.9631685e+00
   2.9693218e+00
   2.9754751e+00
   2.9816284e+00
   2.9877817e+00
   2.9939351e+00
   3.0000885e+00
   3.0062421e+00
   3.0123959e+00
   3.0185498e+00
   3.0247040e+00
   3.0308584e+00
   3.0370132e+00
   3.0431682e+00
   3.0493236e+00
   3.0554794e+00
   3.0616356e+00
   3.0677922e+00
   3.0739493e+00
   3.0801070e+00
   3.0862651e+00
   3.0924238e+00
   3.0985831e+00
   3.1047431e+00
   3.1109036e+00
   3.1170649e+00
   3.1232268e+00
   3.1293895e+00
   3.1355530e+00
   3.1417172e+00
   3.1478822e+00
   3.1540481e+00
   3.1602149e+00
   3.1663825e+00
   3.1725510e+00
   3.1787205e+00
   3.1848910e+00
   3.1910624e+00
   3.1972349e+00
   3.2034084e+00
   3.2095830e+00
   3.2157587e+00
   3.2219354e+00
   3.2281133e+00
   3.2342924e+00
   3.2404727e+00
   3.2466541e+00
   3.2528368e+00
   3.2590207e+00
   3.2652060e+00
   3.2713925e+00
   3.2775803e+00
   3.2837694e+00
   3.2899600e+00
   3.2961519e+00
   3.3023452e+00
   3.3085399e+00
   3.3147361e+00
   3.3209337e+00
   3.3271328e+00
   3.3333334e+00
   3.3395356e+00
   3.3457393e+00
   3.3519445e+00
   3.3581514e+00
   3.3643598e+00
   3.3705699e+00
   3.3767816e+00
   3.3829949e+00
   3.3892100e+00
   3.3954267e+00
   3.4016452e+00
   3.4078653e+00
   3.4140873e+00
   3.4203110e+00
   3.4265365e+00
   3.4327637e+00
   3.4389929e+00
   3.4452238e+00
   3.4514566e+00
   3.4576913e+00
   3.4639279e+00
   3.4701663e+00
   3.4764067e+00
   3.4826490e+00
   3.4888933e+00
   3.4951396e+00
   3.5013878e+00
   3.5076381e+00
   3.5138903e+00
   3.5201446e+00
   3.5264010e+00
   3.5326594e+00
   3.5389199e+00
   3.5451825e+00
   3.5514472e+00
   3.5577140e+00
   3.5639830e+00
   3.5702541e+00
   3.5765274e+00
   3.5828029e+00
   3.5890805e+00
   3.5953604e+00
   3.6016425e+00
   3.6079269e+00
   3.6142135e+00
   3.6205024e+00
   3.6267935e+00
   3.6330870e+00
   3.6393827e+00
   3.6456808e+00
   3.6519812e+00
   3.6582840e+00
   3.6645891e+00
   3.6708967e+00
   3.6772066e+00
   3.6835189e+00
   3.6898336e+00
   3.6961507e+00
   3.7024703e+00
   3.7087924e+00
   3.7151169e+00
   3.7214439e+00
   3.7277734e+00
   3.7341053e+00
   3.7404398e+00
   3.7467769e+00
   3.7531164e+00
   3.7594585e+00
   3.7658032e+00
   3.7721505e+00
   3.7785003e+00
   3.7848528e+00
   3.7912078e+00
   3.7975655e+00
   3.8039258e+00
   3.8102887e+00
   3.8166544e+00
   3.8230226e+00
   3.8293936e+00
   3.8357672e+00
   3.8421436e+00
   3.8485227e+00
   3.8549044e+00
   3.8612890e+00
   3.8676762e+00
   3.8740662e+00
   3.8804590e+00
   3.8868546e+00
   3.8932530e+00
   3.8996541e+00
   3.9060581e+00
   3.9124649e+00
   3.9188745e+00
   3.9252869e+00
   3.9317022e+00
   3.9381204e+00
   3.9445414e+00
   3.9509654e+00
   3.9573922e+00
   3.9638219e+00
   3.9702545e+00
   3.9766900e+00
   3.9831285e+00
   3.9895699e+00
   3.9960143e+00
   4.0024616e+00
   4.0089119e+00
   4.0153652e+00
   4.0218215e+00
   4.0282808e+00
   4.0347431e+00
   4.0412084e+00
   4.0476767e+00
   4.0541481e+00
   4.0606225e+00
   4.0670999e+00
   4.0735805e+00
   4.0800641e+00
   4.0865508e+00
   4.0930406e+00
   4.0995334e+00
   4.1060294e+00
   4.1125286e+00
   4.1190308e+00
   4.1255362e+00
   4.1320447e+00
   4.1385564e+00
   4.1450712e+00
   4.1515893e+00
   4.1581105e+00
   4.1646349e+00
   4.1711625e+00
   4.1776933e+00
   4.1842273e+00
   4.1907645e+00
   4.1973050e+00
   4.2038487e+00
   4.2103957e+00
   4.2169459e+00
   4.2234994e+00
   4.2300562e+00
   4.2366162e+00
   4.2431796e+00
   4.2497462e+00
   4.2563162e+00
   4.2628894e+00
   4.2694660e+00
   4.2760460e+00
   4.2826292e+00
   4.2892158e+00
   4.2958058e+00
   4.3023991e+00
   4.3089958e+00
   4.3155959e+00
   4.3221994e+00
   4.3288063e+00
   4.3354165e+00
   4.3420302e+00
   4.3486473e+00
   4.3552678e+00
   4.3618918e+00
   4.3685192e+00
   4.3751500e+00
   4.3817843e+00
   4.3884221e+00
   4.3950634e+00
   4.4017081e+00
   4.4083563e+00
   4.4150080e+00
   4.4216632e+00
   4.4283219e+00
   4.4349841e+00
   4.4416499e+00
   4.4483191e+00
   4.4549919e+00
   4.4616683e+00
   4.4683482e+00
   4.4750317e+00
   4.4817187e+00
   4.4884093e+00
   4.4951035e+00
   4.5018013e+00
   4.5085026e+00
   4.5152076e+00
   4.5219161e+00
   4.5286283e+00
   4.5353441e+00
   4.5420636e+00
   4.5487866e+00
   4.5555133e+00
   4.5622437e+00
   4.5689777e+00
   4.5757154e+00
   4.5824567e+00
   4.5892017e+00
   4.5959504e+00
   4.6027028e+00
   4.6094588e+00
   4.6162186e+00
   4.6229821e+00
   4.6297493e+00
   4.6365202e+00
   4.6432948e+00
   4.6500732e+00
   4.6568553e+00
   4.6636411e+00
   4.6704307e+00
   4.6772240e+00
   4.6840212e+00
   4.6908220e+00
   4.6976267e+00
   4.7044351e+00
   4.7112474e+00
   4.7180634e+00
   4.7248832e+00
   4.7317068e+00
   4.7385342e+00
   4.7453655e+00
   4.7522006e+00
   4.7590395e+00
   4.7658822e+00
   4.7727288e+00
   4.7795792e+00
   4.7864334e+00
   4.7932916e+00
   4.8001535e+00
   4.8070194e+00
   4.8138891e+00
   4.8207627e+00
   4.8276402e+00
   4.8345216e+00
   4.8414069e+00
   4.8482961e+00
   4.8551892e+00
   4.8620862e+00
   4.8689871e+00
   4.8758919e+00
   4.8828007e+00
   4.8897134e+00
   4.8966300e+00
   4.9035506e+00
   4.9104751e+00
   4.9174036e+00
   4.9243361e+00
   4.9312725e+00
   4.9382129e+00
   4.9451572e+00
   4.9521056e+00
   4.9590579e+00
   4.9660142e+00
   4.9729745e+00
   4.9799388e+00
   4.9869071e+00
   4.9938794e+00
   5.0008558e+00
   5.0078361e+00
   5.0148205e+00
   5.0218089e+00
   5.0288013e+00
   5.0357978e+00
   5.0427983e+00
   5.0498029e+00
   5.0568115e+00
   5.0638242e+00
   5.0708409e+00
   5.0778617e+00
   5.0848866e+00
   5.0919155e+00
   5.0989486e+00
   5.1059857e+00
   5.1130269e+00
   5.1200721e+00
   5.1271215e+00
   5.1341750e+00
   5.1412326e+00
   5.1482943e+00
   5.1553601e+00
   5.1624300e+00
   5.1695041e+00
   5.1765823e+00
   5.1836646e+00
   5.1907510e+00
   5.1978416e+00
   5.2049363e+00
   5.2120352e+00
   5.2191382e+00
   5.2262454e+00
   5.2333567e+00
   5.2404722e+00
   5.2475919e+00
   5.2547157e+00
   5.2618437e+00
   5.2689759e+00
   5.2761123e+00
   5.2832528e+00
   5.2903975e+00
   5.2975465e+00
   5.3046996e+00
   5.3118569e+00
   5.3190184e+00
   5.3261842e+00
   5.3333541e+00
   5.3405283e+00
   5.3477066e+00
   5.3548892e+00
   5.3620761e+00
   5.3692671e+00
   5.3764624e+00
   5.3836619e+00
   5.3908656e+00
   5.3980736e+00
   5.4052858e+00
   5.4125023e+00
   5.4197231e+00
   5.4269480e+00
   5.4341773e+00
   5.4414108e+00
   5.4486485e+00
   5.4558906e+00
   5.4631369e+00
   5.4703874e+00
   5.4776423e+00
   5.4849014e+00
   5.4921648e+00
   5.4994325e+00
   5.5067045e+00
   5.5139807e+00
   5.5212613e+00
   5.5285462e+00
   5.5358353e+00
   5.5431288e+00
   5.5504265e+00
   5.5577286e+00
   5.5650349e+00
   5.5723456e+00
   5.5796606e+00
   5.5869799e+00
   5.5943036e+00
   5.6016315e+00
   5.6089638e+00
   5.6163004e+00
   5.6236413e+00
   5.6309866e+00
   5.6383362e+00
   5.6456901e+00
   5.6530484e+00
   5.6604110e+00
   5.6677780e+00
   5.6751493e+00
   5.6825250e+00
   5.6899050e+00
   5.6972893e+00
   5.7046780e+00
   5.7120711e+00
   5.7194685e+00
   5.7268703e+00
   5.7342765e+00
   5.7416870e+00
   5.7491019e+00
   5.7565211e+00
   5.7639448e+00
   5.7713728e+00
   5.7788051e+00
   5.7862419e+00
   5.7936830e+00
   5.8011285e+00
   5.8085784e+00
   5.8160327e+00
   5.8234914e+00
   5.8309544e+00
   5.8384219e+00
   5.8458937e+00
   5.8533699e+00
   5.8608506e+00
   5.8683356e+00
   5.8758250e+00
   5.8833188e+00
   5.8908170e+00
   5.8983196e+00
   5.9058267e+00
   5.9133381e+00
   5.9208539e+00
   5.9283742e+00
   5.9358988e+00
   5.9434279e+00
   5.9509614e+00
   5.9584993e+00
   5.9660416e+00
   5.9735883e+00
   5.9811395e+00
   5.9886950e+00
   5.9962550e+00
   6.0038194e+00
   6.0113882e+00
   6.0189615e+00
   6.0265392e+00
   6.0341213e+00
   6.0417078e+00
   6.0492988e+00
   6.0568941e+00
   6.0644940e+00
   6.0720982e+00
   6.0797069e+00
   6.0873200e+00
   6.0949376e+00
   6.1025596e+00
   6.1101860e+00
   6.1178168e+00
   6.1254521e+00
   6.1330919e+00
   6.1407360e+00
   6.1483846e+00
   6.1560377e+00
   6.1636952e+00
   6.1713571e+00
   6.1790235e+00
   6.1866943e+00
   6.1943696e+00
   6.2020493e+00
   6.2097335e+00
   6.2174221e+00
   6.2251152e+00
   6.2328127e+00
   6.2405146e+00
   6.2482210e+00
   6.2559318e+00
   6.2636471e+00
   6.2713669e+00
   6.2790911e+00
   6.2868197e+00
   6.2945528e+00
   6.3022904e+00
   6.3100324e+00
   6.3177788e+00
   6.3255297e+00
   6.3332851e+00
   6.3410449e+00
   6.3488091e+00
   6.3565778e+00
   6.3643510e+00
   6.3721286e+00
   6.3799107e+00
   6.3876972e+00
   6.3954882e+00
   6.4032837e+00
   6.4110835e+00
   6.4188879e+00
   6.4266967e+00
   6.4345099e+00
   6.4423276e+00
   6.4501498e+00
   6.4579764e+00
   6.4658075e+00
   6.4736430e+00
   6.4814830e+00
   6.4893274e+00
   6.4971763e+00
   6.5050296e+00
   6.5128874e+00
   6.5207497e+00
   6.5286164e+00
   6.5364875e+00
   6.5443631e+00
   6.5522432e+00
   6.5601277e+00
   6.5680167e+00
   6.5759101e+00
   6.5838079e+00
   6.5917103e+00
   6.5996170e+00
   6.6075282e+00
   6.6154439e+00
   6.6233640e+00
   6.6312886e+00
   6.6392176e+00
   6.6471511e+00
   6.6550890e+00
   6.6630313e+00
   6.6709781e+00
   6.6789294e+00
   6.6868851e+00
   6.6948452e+00
   6.7028098e+00
   6.7107788e+00
   6.7187523e+00
   6.7267302e+00
   6.7347126e+00
   6.7426994e+00
   6.7506907e+00
   6.7586863e+00
   6.7666865e+00
   6.7746910e+00
   6.7827000e+00
   6.7907135e+00
   6.7987314e+00
   6.8067537e+00
   6.8147804e+00
   6.8228116e+00
   6.8308472e+00
   6.8388873e+00
   6.8469318e+00
   6.8549807e+00
   6.8630341e+00
   6.8710919e+00
   6.8791541e+00
   6.8872207e+00
   6.8952918e+00
   6.9033673e+00
   6.9114472e+00
   6.9195316e+00
   6.9276203e+00
   6.9357135e+00
   6.9438111e+00
   6.9519132e+00
   6.9600196e+00
   6.9681305e+00
   6.9762458e+00
   6.9843655e+00
   6.9924897e+00
   7.0006182e+00
   7.0087512e+00
   7.0168886e+00
   7.0250304e+00
   7.0331766e+00
   7.0413272e+00
   7.0494822e+00
   7.0576417e+00
   7.0658055e+00
   7.0739737e+00
   7.0821464e+00
   7.0903234e+00
   7.0985049e+00
   7.1066908e+00
   7.1148810e+00
   7.1230757e+00
   7.1312748e+00
   7.1394782e+00
   7.1476861e+00
   7.1558983e+00
   7.1641150e+00
   7.1723360e+00
   7.1805614e+00
   7.1887913e+00
   7.1970255e+00
   7.2052641e+00
   7.2135071e+00
   7.2217544e+00
   7.2300062e+00
   7.2382623e+00
   7.2465228e+00
   7.2547877e+00
   7.2630570e+00
   7.2713307e+00
   7.2796087e+00
   7.2878911e+00
   7.2961779e+00
   7.3044691e+00
   7.3127646e+00
   7.3210645e+00
   7.3293688e+00
   7.3376774e+00
   7.3459904e+00
   7.3543078e+00
   7.3626295e+00
   7.3709556e+00
   7.3792861e+00
   7.3876209e+00
   7.3959601e+00
   7.4043036e+00
   7.4126515e+00
   7.4210038e+00
   7.4293604e+00
   7.4377213e+00
   7.4460866e+00
   7.4544563e+00
   7.4628303e+00
   7.4712086e+00
   7.4795913e+00
   7.4879783e+00
   7.4963697e+00
   7.5047655e+00
   7.5131655e+00
   7.5215699e+00
   7.5299787e+00
   7.5383917e+00
   7.5468091e+00
   7.5552309e+00
   7.5636570e+00
   7.5720874e+00
   7.5805221e+00
   7.5889612e+00
   7.5974046e+00
   7.6058523e+00
   7.6143043e+00
   7.6227607e+00
   7.6312214e+00
   7.6396864e+00
   7.6481557e+00
   7.6566293e+00
   7.6651073e+00
   7.6735896e+00
   7.6820761e+00
   7.6905670e+00
   7.6990622e+00
   7.7075618e+00
   7.7160656e+00
   7.7245737e+00
   7.7330861e+00
   7.7416029e+00
   7.7501239e+00
   7.7586493e+00
   7.7671789e+00
   7.7757128e+00
   7.7842511e+00
   7.7927936e+00
   7.8013404e+00
   7.8098916e+00
   7.8184470e+00
   7.8270067e+00
   7.8355707e+00
   7.8441390e+00
   7.8527115e+00
   7.8612884e+00
   7.8698695e+00
   7.8784550e+00
   7.8870447e+00
   7.8956386e+00
   7.9042369e+00
   7.9128395e+00
   7.9214463e+00
   7.9300574e+00
   7.9386727e+00
   7.9472924e+00
   7.9559163e+00
   7.9645445e+00
   7.9731770e+00
   7.9818137e+00
   7.9904547e+00
   7.9990999e+00
   8.0077495e+00
   8.0164033e+00
   8.0250613e+00
   8.0337236e+00
   8.0423902e+00
   8.0510610e+00
   8.0597361e+00
   8.0684155e+00
   8.0770991e+00
   8.0857870e+00
   8.0944791e+00
   8.1031754e+00
   8.1118761e+00
   8.1205809e+00
   8.1292901e+00
   8.1380034e+00
   8.1467211e+00
   8.1554429e+00
   8.1641690e+00
   8.1728994e+00
   8.1816340e+00
   8.1903729e+00
   8.1991159e+00
   8.2078633e+00
   8.2166148e+00
   8.2253707e+00
   8.2341307e+00
   8.2428950e+00
   8.2516635e+00
   8.2604363e+00
   8.2692133e+00
   8.2779945e+00
   8.2867800e+00
   8.2955697e+00
   8.3043636e+00
   8.3131617e+00
   8.3219641e+00
   8.3307707e+00
   8.3395816e+00
   8.3483967e+00
   8.3572160e+00
   8.3660395e+00
   8.3748673e+00
   8.3836992e+00
   8.3925354e+00
   8.4013759e+00
   8.4102205e+00
   8.4190694e+00
   8.4279225e+00
   8.4367798e+00
   8.4456414e+00
   8.4545071e+00
   8.4633771e+00
   8.4722513e+00
   8.4811298e+00
   8.4900124e+00
   8.4988993e+00
   8.5077903e+00
   8.5166856e+00
   8.5255851e+00
   8.5344889e+00
   8.5433968e+00
   8.5523090e+00
   8.5612254e+00
   8.5701460e+00
   8.5790708e+00
   8.5879998e+00
   8.5969330e+00
   8.6058705e+00
   8.6148121e+00
   8.6237580e+00
   8.6327081e+00
   8.6416624e+00
   8.6506209e+00
   8.6595837e+00
   8.6685506e+00
   8.6775218e+00
   8.6864972e+00
   8.6954767e+00
   8.7044605e+00
   8.7134486e+00
   8.7224408e+00
   8.7314372e+00
   8.7404379e+00
   8.7494427e+00
   8.7584518e+00
   8.7674651e+00
   8.7764826e+00
   8.7855043e+00
   8.7945303e+00
   8.8035604e+00
   8.8125948e+00
   8.8216333e+00
   8.8306761e+00
   8.8397231e+00
   8.8487744e+00
   8.8578298e+00
   8.8668894e+00
   8.8759533e+00
   8.8850214e+00
   8.8940937e+00
   8.9031702e+00
   8.9122510e+00
   8.9213359e+00
   8.9304251e+00
   8.9395185e+00
   8.9486161e+00
   8.9577180e+00
   8.9668240e+00
   8.9759343e+00
   8.9850488e+00
   8.9941676e+00
   9.0032905e+00
   9.0124177e+00
   9.0215491e+00
   9.0306847e+00
   9.0398246e+00
   9.0489687e+00
   9.0581170e+00
   9.0672696e+00
   9.0764263e+00
   9.0855873e+00
   9.0947526e+00
   9.1039221e+00
   9.1130958e+00
   9.1222737e+00
   9.1314559e+00
   9.1406424e+00
   9.1498330e+00
   9.1590279e+00
   9.1682271e+00
   9.1774305e+00
   9.1866381e+00
   9.1958500e+00
   9.2050661e+00
   9.2142865e+00
   9.2235112e+00
   9.2327400e+00
   9.2419732e+00
   9.2512106e+00
   9.2604522e+00
   9.2696981e+00
   9.2789483e+00
   9.2882027e+00
   9.2974614e+00
   9.3067243e+00
   9.3159915e+00
   9.3252630e+00
   9.3345387e+00
   9.3438187e+00
   9.3531030e+00
   9.3623916e+00
   9.3716844e+00
   9.3809815e+00
   9.3902829e+00
   9.3995886e+00
   9.4088986e+00
   9.4182128e+00
   9.4275313e+00
   9.4368541e+00
   9.4461812e+00
   9.4555126e+00
   9.4648483e+00
   9.4741883e+00
   9.4835326e+00
   9.4928812e+00
   9.5022341e+00
   9.5115913e+00
   9.5209528e+00
   9.5303186e+00
   9.5396888e+00
   9.5490632e+00
   9.5584420e+00
   9.5678251e+00
   9.5772125e+00
   9.5866042e+00
   9.5960003e+00
   9.6054007e+00
   9.6148054e+00
   9.6242145e+00
   9.6336279e+00
   9.6430456e+00
   9.6524677e+00
   9.6618942e+00
   9.6713249e+00
   9.6807601e+00
   9.6901996e+00
   9.6996434e+00
   9.7090916e+00
   9.7185442e+00
   9.7280011e+00
   9.7374624e+00
   9.7469281e+00
   9.7563982e+00
   9.7658726e+00
   9.7753514e+00
   9.7848346e+00
   9.7943222e+00
   9.8038142e+00
   9.8133106e+00
   9.8228113e+00
   9.8323165e+00
   9.8418261e+00
   9.8513401e+00
   9.8608585e+00
   9.8703813e+00
   9.8799085e+00
   9.8894402e+00
   9.8989763e+00
   9.9085168e+00
   9.9180617e+00
   9.9276111e+00
   9.9371649e+00
   9.9467231e+00
   9.9562859e+00
   9.9658530e+00
   9.9754246e+00
   9.9850007e+00
   9.9945812e+00
   1.0004166e+01
   1.0013756e+01
   1.0023350e+01
   1.0032948e+01
   1.0042551e+01
   1.0052158e+01
   1.0061770e+01
   1.0071387e+01
   1.0081007e+01
   1.0090633e+01
   1.0100263e+01
   1.0109897e+01
   1.0119536e+01
   1.0129179e+01
   1.0138827e+01
   1.0148480e+01
   1.0158137e+01
   1.0167798e+01
   1.0177464e+01
   1.0187135e+01
   1.0196810e+01
   1.0206490e+01
   1.0216174e+01
   1.0225863e+01
   1.0235556e+01
   1.0245254e+01
   1.0254957e+01
   1.0264664e+01
   1.0274376e+01
   1.0284092e+01
   1.0293813e+01
   1.0303538e+01
   1.0313269e+01
   1.0323003e+01
   1.0332743e+01
   1.0342487e+01
   1.0352235e+01
   1.0361988e+01
   1.0371746e+01
   1.0381509e+01
   1.0391276e+01
   1.0401047e+01
   1.0410824e+01
   1.0420605e+01
   1.0430391e+01
   1.0440181e+01
   1.0449976e+01
   1.0459776e+01
   1.0469580e+01
   1.0479389e+01
   1.0489203e+01
   1.0499022e+01
   1.0508845e+01
   1.0518673e+01
   1.0528505e+01
   1.0538343e+01
   1.0548185e+01
   1.0558032e+01
   1.0567883e+01
   1.0577740e+01
   1.0587601e+01
   1.0597466e+01
   1.0607337e+01
   1.0617212e+01
   1.0627092e+01
   1.0636977e+01
   1.0646867e+01
   1.0656761e+01
   1.0666660e+01
   1.0676564e+01
   1.0686473e+01
   1.0696386e+01
   1.0706305e+01
   1.0716228e+01
   1.0726156e+01
   1.0736089e+01
   1.0746027e+01
   1.0755969e+01
   1.0765916e+01
   1.0775869e+01
   1.0785826e+01
   1.0795788e+01
   1.0805754e+01
   1.0815726e+01
   1.0825702e+01
   1.0835684e+01
   1.0845670e+01
   1.0855661e+01
   1.0865657e+01
   1.0875658e+01
   1.0885664e+01
   1.0895675e+01
   1.0905691e+01
   1.0915711e+01
   1.0925737e+01
   1.0935767e+01
   1.0945803e+01
   1.0955843e+01
   1.0965889e+01
   1.0975939e+01
   1.0985994e+01
   1.0996054e+01
   1.1006120e+01
   1.1016190e+01
   1.1026265e+01
   1.1036345e+01
   1.1046430e+01
   1.1056520e+01
   1.1066615e+01
   1.1076716e+01
   1.1086821e+01
   1.1096931e+01
   1.1107046e+01
   1.1117166e+01
   1.1127292e+01
   1.1137422e+01
   1.1147557e+01
   1.1157698e+01
   1.1167843e+01
   1.1177994e+01
   1.1188150e+01
   1.1198310e+01
   1.1208476e+01
   1.1218647e+01
   1.1228823e+01
   1.1239004e+01
   1.1249190e+01
   1.1259381e+01
   1.1269577e+01
   1.1279779e+01
   1.1289985e+01
   1.1300197e+01
   1.1310414e+01
   1.1320636e+01
   1.1330863e+01
   1.1341095e+01
   1.1351332e+01
   1.1361575e+01
   1.1371822e+01
   1.1382075e+01
   1.1392333e+01
   1.1402596e+01
   1.1412865e+01
   1.1423138e+01
   1.1433417e+01
   1.1443700e+01
   1.1453989e+01
   1.1464284e+01
   1.1474583e+01
   1.1484887e+01
   1.1495197e+01
   1.1505512e+01
   1.1515832e+01
   1.1526158e+01
   1.1536488e+01
   1.1546824e+01
   1.1557165e+01
   1.1567511e+01
   1.1577862e+01
   1.1588219e+01
   1.1598581e+01
   1.1608948e+01
   1.1619320e+01
   1.1629698e+01
   1.1640081e+01
   1.1650469e+01
   1.1660862e+01
   1.1671261e+01
   1.1681664e+01
   1.1692073e+01
   1.1702488e+01
   1.1712907e+01
   1.1723332e+01
   1.1733762e+01
   1.1744197e+01
   1.1754638e+01
   1.1765083e+01
   1.1775534e+01
   1.1785991e+01
   1.1796452e+01
   1.1806919e+01
   1.1817391e+01
   1.1827868e+01
   1.1838351e+01
   1.1848839e+01
   1.1859332e+01
   1.1869830e+01
   1.1880333e+01
   1.1890842e+01
   1.1901356e+01
   1.1911876e+01
   1.1922400e+01
   1.1932930e+01
   1.1943465e+01
   1.1954005e+01
   1.1964551e+01
   1.1975102e+01
   1.1985658e+01
   1.1996219e+01
   1.2006785e+01
   1.2017357e+01
   1.2027934e+01
   1.2038516e+01
   1.2049104e+01
   1.2059696e+01
   1.2070294e+01
   1.2080897e+01
   1.2091505e+01
   1.2102119e+01
   1.2112737e+01
   1.2123361e+01
   1.2133990e+01
   1.2144624e+01
   1.2155264e+01
   1.2165908e+01
   1.2176558e+01
   1.2187213e+01
   1.2197872e+01
   1.2208538e+01
   1.2219208e+01
   1.2229883e+01
   1.2240564e+01
   1.2251249e+01
   1.2261940e+01
   1.2272636e+01
   1.2283336e+01
   1.2294042e+01
   1.2304753e+01
   1.2315469e+01
   1.2326190e+01
   1.2336916e+01
   1.2347648e+01
   1.2358384e+01
   1.2369125e+01
   1.2379871e+01
   1.2390622e+01
   1.2401378e+01
   1.2412139e+01
   1.2422905e+01
   1.2433676e+01
   1.2444452e+01
   1.2455233e+01
   1.2466018e+01
   1.2476809e+01
   1.2487604e+01
   1.2498404e+01
   1.2509209e+01
   1.2520019e+01
   1.2530833e+01
   1.2541653e+01
   1.2552477e+01
   1.2563306e+01
   1.2574139e+01
   1.2584977e+01
   1.2595820e+01
   1.2606668e+01
   1.2617520e+01
   1.2628377e+01
   1.2639238e+01
   1.2650104e+01
   1.2660975e+01
   1.2671850e+01
   1.2682730e+01
   1.2693614e+01
   1.2704503e+01
   1.2715396e+01
   1.2726293e+01
   1.2737195e+01
   1.2748101e+01
   1.2759012e+01
   1.2769927e+01
   1.2780846e+01
   1.2791770e+01
   1.2802697e+01
   1.2813629e+01
   1.2824565e+01
   1.2835506e+01
   1.2846450e+01
   1.2857398e+01
   1.2868351e+01
   1.2879308e+01
   1.2890268e+01
   1.2901233e+01
   1.2912201e+01
   1.2923173e+01
   1.2934150e+01
   1.2945130e+01
   1.2956114e+01
   1.2967101e+01
   1.2978092e+01
   1.2989087e+01
   1.3000086e+01
   1.3011088e+01
   1.3022094e+01
   1.3033104e+01
   1.3044116e+01
   1.3055133e+01
   1.3066152e+01
   1.3077175e+01
   1.3088202e+01
   1.3099231e+01
   1.3110264e+01
   1.3121300e+01
   1.3132339e+01
   1.3143382e+01
   1.3154427e+01
   1.3165475e+01
   1.3176527e+01
   1.3187581e+01
   1.3198638e+01
   1.3209698e+01
   1.3220760e+01
   1.3231825e+01
   1.3242893e+01
   1.3253964e+01
   1.3265037e+01
   1.3276112e+01
   1.3287190e+01
   1.3298270e+01
   1.3309353e+01
   1.3320438e+01
   1.3331525e+01
   1.3342614e+01
   1.3353705e+01
   1.3364798e+01
   1.3375893e+01
   1.3386990e+01
   1.3398089e+01
   1.3409190e+01
   1.3420292e+01
   1.3431396e+01
   1.3442501e+01
   1.3453608e+01
   1.3464716e+01
   1.3475826e+01
   1.3486937e+01
   1.3498049e+01
   1.3509162e+01
   1.3520277e+01
   1.3531392e+01
   1.3542508e+01
   1.3553625e+01
   1.3564743e+01
   1.3575861e+01
   1.3586980e+01
   1.3598099e+01
   1.3609219e+01
   1.3620339e+01
   1.3631460e+01
   1.3642580e+01
   1.3653701e+01
   1.3664822e+01
   1.3675943e+01
   1.3687063e+01
   1.3698183e+01
   1.3709303e+01
   1.3720422e+01
   1.3731541e+01
   1.3742659e+01
   1.3753777e+01
   1.3764894e+01
   1.3776009e+01
   1.3787124e+01
   1.3798238e+01
   1.3809350e+01
   1.3820461e+01
   1.3831571e+01
   1.3842679e+01
   1.3853786e+01
   1.3864891e+01
   1.3875994e+01
   1.3887095e+01
   1.3898194e+01
   1.3909291e+01
   1.3920385e+01
   1.3931478e+01
   1.3942567e+01
   1.3953655e+01
   1.3964739e+01
   1.3975821e+01
   1.3986899e+01
   1.3997975e+01
   1.4009048e+01
   1.4020117e+01
   1.4031183e+01
   1.4042245e+01
   1.4053303e+01
   1.4064358e+01
   1.4075409e+01
   1.4086456e+01
   1.4097499e+01
   1.4108537e+01
   1.4119571e+01
   1.4130601e+01
   1.4141626e+01
   1.4152646e+01
   1.4163661e+01
   1.4174671e+01
   1.4185676e+01
   1.4196676e+01
   1.4207670e+01
   1.4218658e+01
   1.4229641e+01
   1.4240618e+01
   1.4251589e+01
   1.4262553e+01
   1.4273512e+01
   1.4284463e+01
   1.4295409e+01
   1.4306347e+01
   1.4317279e+01
   1.4328204e+01
   1.4339121e+01
   1.4350031e+01
   1.4360934e+01
   1.4371829e+01
   1.4382716e+01
   1.4393596e+01
   1.4404467e+01
   1.4415330e+01
   1.4426184e+01
   1.4437031e+01
   1.4447868e+01
   1.4458696e+01
   1.4469516e+01
   1.4480326e+01
   1.4491127e+01
   1.4501918e+01
   1.4512700e+01
   1.4523472e+01
   1.4534234e+01
   1.4544986e+01
   1.4555727e+01
   1.4566458e+01
   1.4577178e+01
   1.4587887e+01
   1.4598586e+01
   1.4609273e+01
   1.4619949e+01
   1.4630613e+01
   1.4641266e+01
   1.4651907e+01
   1.4662536e+01
   1.4673153e+01
   1.4683757e+01
   1.4694349e+01
   1.4704928e+01
   1.4715494e+01
   1.4726047e+01
   1.4736587e+01
   1.4747113e+01
   1.4757626e+01
   1.4768125e+01
   1.4778610e+01
   1.4789081e+01
   1.4799537e+01
   1.4809979e+01
   1.4820407e+01
   1.4830819e+01
   1.4841217e+01
   1.4851599e+01
   1.4861966e+01
   1.4872317e+01
   1.4882652e+01
   1.4892972e+01
   1.4903275e+01
   1.4913562e+01
   1.4923832e+01
   1.4934086e+01
   1.4944322e+01
   1.4954542e+01
   1.4964745e+01
   1.4974929e+01
   1.4985097e+01
   1.4995246e+01
   1.5005377e+01
   1.5015491e+01
   1.5025585e+01
   1.5035661e+01
   1.5045719e+01
   1.5055757e+01
   1.5065776e+01
   1.5075776e+01
   1.5085756e+01
   1.5095716e+01
   1.5105657e+01
   1.5115577e+01
   1.5125477e+01
   1.5135357e+01
   1.5145215e+01
   1.5155053e+01
   1.5164870e+01
   1.5174665e+01
   1.5184439e+01
   1.5194191e+01
   1.5203921e+01
   1.5213630e+01
   1.5223315e+01
   1.5232979e+01
   1.5242619e+01
   1.5252237e+01
   1.5261832e+01
   1.5271403e+01
   1.5280951e+01
   1.5290475e+01
   1.5299976e+01
   1.5309452e+01
   1.5318904e+01
   1.5328332e+01
   1.5337734e+01
   1.5347112e+01
   1.5356465e+01
   1.5365793e+01
   1.5375095e+01
   1.5384371e+01
   1.5393622e+01
   1.5402846e+01
   1.5412044e+01
   1.5421216e+01
   1.5430360e+01
   1.5439478e+01
   1.5448569e+01
   1.5457632e+01
   1.5466668e+01
   1.5475676e+01
   1.5484656e+01
   1.5493608e+01
   1.5502532e+01
   1.5511427e+01
   1.5520293e+01
   1.5529130e+01
   1.5537937e+01
   1.5546716e+01
   1.5555464e+01
   1.5564183e+01
   1.5572871e+01
   1.5581530e+01
   1.5590157e+01
   1.5598754e+01
   1.5607320e+01
   1.5615855e+01
   1.5624358e+01
   1.5632829e+01
   1.5641269e+01
   1.5649676e+01
   1.5658051e+01
   1.5666394e+01
   1.5674703e+01
   1.5682980e+01
   1.5691223e+01
   1.5699433e+01
   1.5707609e+01
   1.5715751e+01
   1.5723858e+01
   1.5731931e+01
   1.5739970e+01
   1.5747973e+01
   1.5755941e+01
   1.5763874e+01
   1.5771771e+01
   1.5779632e+01
   1.5787457e+01
   1.5795245e+01
   1.5802996e+01
   1.5810711e+01
   1.5818388e+01
   1.5826027e+01
   1.5833629e+01
   1.5841192e+01
   1.5848718e+01
   1.5856204e+01
   1.5863652e+01
   1.5871061e+01
   1.5878430e+01
   1.5885759e+01
   1.5893048e+01
   1.5900297e+01
   1.5907506e+01
   1.5914673e+01
   1.5921799e+01
   1.5928884e+01
   1.5935927e+01
   1.5942928e+01
   1.5949886e+01
   1.5956802e+01
   1.5963675e+01
   1.5970504e+01
   1.5977290e+01
   1.5984032e+01
   1.5990729e+01
   1.5997382e+01
   1.6003990e+01
   1.6010553e+01
   1.6017070e+01
   1.6023541e+01
   1.6029966e+01
   1.6036345e+01
   1.6042676e+01
   1.6048960e+01
   1.6055197e+01
   1.6061385e+01
   1.6067526e+01
   1.6073617e+01
   1.6079660e+01
   1.6085653e+01
   1.6091596e+01
   1.6097489e+01
   1.6103332e+01
   1.6109123e+01
   1.6114864e+01
   1.6120552e+01
   1.6126189e+01
   1.6131773e+01
   1.6137305e+01
   1.6142783e+01
   1.6148208e+01
   1.6153579e+01
   1.6158895e+01
   1.6164156e+01
   1.6169363e+01
   1.6174513e+01
   1.6179608e+01
   1.6184646e+01
   1.6189627e+01
   1.6194551e+01
   1.6199418e+01
   1.6204226e+01
   1.6208975e+01
   1.6213666e+01
   1.6218297e+01
   1.6222869e+01
   1.6227380e+01
   1.6231830e+01
   1.6236219e+01
   1.6240546e+01
   1.6244811e+01
   1.6249014e+01
   1.6253154e+01
   1.6257230e+01
   1.6261243e+01
   1.6265190e+01
   1.6269074e+01
   1.6272891e+01
   1.6276643e+01
   1.6280329e+01
   1.6283948e+01
   1.6287499e+01
   1.6290983e+01
   1.6294399e+01
   1.6297746e+01
   1.6301024e+01
   1.6304233e+01
   1.6307371e+01
   1.6310438e+01
   1.6313435e+01
   1.6316359e+01
   1.6319212e+01
   1.6321992e+01
   1.6324699e+01
   1.6327332e+01
   1.6329891e+01
   1.6332375e+01
   1.6334784e+01
   1.6337118e+01
   1.6339375e+01
   1.6341555e+01
   1.6343659e+01
   1.6345684e+01
   1.6347631e+01
   1.6349500e+01
   1.6351289e+01
   1.6352998e+01
   1.6354626e+01
   1.6356174e+01
   1.6357640e+01
   1.6359025e+01
   1.6360326e+01
   1.6361545e+01
   1.6362680e+01
   1.6363731e+01
   1.6364697e+01
   1.6365578e+01
   1.6366373e+01
   1.6367082e+01
   1.6367703e+01
   1.6368238e+01
   1.6368684e+01
   1.6369042e+01
   1.6369310e+01
   1.6369489e+01
   1.6369578e+01
   1.6369575e+01
   1.6369482e+01
   1.6369296e+01
   1.6369018e+01
   1.6368647e+01
   1.6368183e+01
   1.6367624e+01
   1.6366970e+01
   1.6366221e+01
   1.6365376e+01
   1.6364434e+01
   1.6363396e+01
   1.6362259e+01
   1.6361025e+01
   1.6359691e+01
   1.6358259e+01
   1.6356726e+01
   1.6355092e+01
   1.6353358e+01
   1.6351521e+01
   1.6349582e+01
   1.6347540e+01
   1.6345395e+01
   1.6343145e+01
   1.6340791e+01
   1.6338331e+01
   1.6335765e+01
   1.6333093e+01
   1.6330313e+01
   1.6327426e+01
   1.6324430e+01
   1.6321325e+01
   1.6318111e+01
   1.6314786e+01
   1.6311350e+01
   1.6307803e+01
   1.6304143e+01
   1.6300371e+01
   1.6296485e+01
   1.6292486e+01
   1.6288371e+01
   1.6284141e+01
   1.6279795e+01
   1.6275333e+01
   1.6270753e+01
   1.6266056e+01
   1.6261240e+01
   1.6256304e+01
   1.6251249e+01
   1.6246073e+01
   1.6240776e+01
   1.6235358e+01
   1.6229816e+01
   1.6224152e+01
   1.6218363e+01
   1.6212451e+01
   1.6206412e+01
   1.6200248e+01
   1.6193958e+01
   1.6187540e+01
   1.6180994e+01
   1.6174319e+01
   1.6167516e+01
   1.6160582e+01
   1.6153517e+01
   1.6146321e+01
   1.6138993e+01
   1.6131531e+01
   1.6123937e+01
   1.6116207e+01
   1.6108343e+01
   1.6100343e+01
   1.6092207e+01
   1.6083933e+01
   1.6075522e+01
   1.6066971e+01
   1.6058281e+01
   1.6049451e+01
   1.6040480e+01
   1.6031368e+01
   1.6022112e+01
   1.6012714e+01
   1.6003171e+01
   1.5993484e+01
   1.5983651e+01
   1.5973672e+01
   1.5963546e+01
   1.5953271e+01
   1.5942849e+01
   1.5932276e+01
   1.5921553e+01
   1.5910679e+01
   1.5899654e+01
   1.5888475e+01
   1.5877143e+01
   1.5865657e+01
   1.5854015e+01
   1.5842217e+01
   1.5830263e+01
   1.5818150e+01
   1.5805879e+01
   1.5793449e+01
   1.5780859e+01
   1.5768107e+01
   1.5755193e+01
   1.5742117e+01
   1.5728877e+01
   1.5715472e+01
   1.5701902e+01
   1.5688165e+01
   1.5674261e+01
   1.5660190e+01
   1.5645949e+01
   1.5631538e+01
   1.5616956e+01
   1.5602202e+01
   1.5587276e+01
   1.5572177e+01
   1.5556902e+01
   1.5541453e+01
   1.5525827e+01
   1.5510023e+01
   1.5494042e+01
   1.5477881e+01
   1.5461540e+01
   1.5445018e+01
   1.5428314e+01
   1.5411427e+01
   1.5394356e+01
   1.5377100e+01
   1.5359658e+01
   1.5342029e+01
   1.5324212e+01
   1.5306207e+01
   1.5288011e+01
   1.5269625e+01
   1.5251047e+01
   1.5232276e+01
   1.5213311e+01
   1.5194152e+01
   1.5174796e+01
   1.5155244e+01
   1.5135493e+01
   1.5115544e+01
   1.5095395e+01
   1.5075045e+01
   1.5054493e+01
   1.5033738e+01
   1.5012779e+01
   1.4991615e+01
   1.4970244e+01
   1.4948667e+01
   1.4926882e+01
   1.4904887e+01
   1.4882682e+01
   1.4860266e+01
   1.4837637e+01
   1.4814795e+01
   1.4791739e+01
   1.4768467e+01
   1.4744979e+01
   1.4721273e+01
   1.4697349e+01
   1.4673205e+01
   1.4648840e+01
   1.4624254e+01
   1.4599445e+01
   1.4574412e+01
   1.4549155e+01
   1.4523671e+01
   1.4497961e+01
   1.4472023e+01
   1.4445857e+01
   1.4419460e+01
   1.4392832e+01
   1.4365973e+01
   1.4338881e+01
   1.4311554e+01
   1.4283993e+01
   1.4256197e+01
   1.4228163e+01
   1.4199892e+01
   1.4171382e+01
   1.4142632e+01
   1.4113641e+01
   1.4084409e+01
   1.4054935e+01
   1.4025217e+01
   1.3995255e+01
   1.3965048e+01
   1.3934595e+01
   1.3903895e+01
   1.3872948e+01
   1.3841751e+01
   1.3810306e+01
   1.3778610e+01
   1.3746664e+01
   1.3714465e+01
   1.3682015e+01
   1.3649311e+01
   1.3616353e+01
   1.3583140e+01
   1.3549673e+01
   1.3515949e+01
   1.3481969e+01
   1.3447732e+01
   1.3413238e+01
   1.3378485e+01
   1.3343473e+01
   1.3308202e+01
   1.3272672e+01
   1.3236881e+01
   1.3200830e+01
   1.3164518e+01
   1.3127944e+01
   1.3091110e+01
   1.3054013e+01
   1.3016654e+01
   1.2979033e+01
   1.2941150e+01
   1.2903004e+01
   1.2864596e+01
   1.2825925e+01
   1.2786992e+01
   1.2747795e+01
   1.2708337e+01
   1.2668616e+01
   1.2628633e+01
   1.2588388e+01
   1.2547882e+01
   1.2507115e+01
   1.2466086e+01
   1.2424798e+01
   1.2383249e+01
   1.2341441e+01
   1.2299375e+01
   1.2257051e+01
   1.2214469e+01
   1.2171632e+01
   1.2128538e+01
   1.2085191e+01
   1.2041590e+01
   1.1997736e+01
   1.1953632e+01
   1.1909277e+01
   1.1864674e+01
   1.1819823e+01
   1.1774727e+01
   1.1729387e+01
   1.1683804e+01
   1.1637980e+01
   1.1591917e+01
   1.1545617e+01
   1.1499081e+01
   1.1452312e+01
   1.1405313e+01
   1.1358084e+01
   1.1310629e+01
   1.1262950e+01
   1.1215049e+01
   1.1166929e+01
   1.1118593e+01
   1.1070043e+01
   1.1021283e+01
   1.0972315e+01
   1.0923143e+01
   1.0873769e+01
   1.0824197e+01
   1.0774431e+01
   1.0724473e+01
   1.0674328e+01
   1.0623999e+01
   1.0573490e+01
   1.0522805e+01
   1.0471947e+01
   1.0420922e+01
   1.0369733e+01
   1.0318385e+01
   1.0266881e+01
   1.0215227e+01
   1.0163428e+01
   1.0111487e+01
   1.0059410e+01
   1.0007202e+01
   9.9548681e+00
   9.9024129e+00
   9.8498420e+00
   9.7971607e+00
   9.7443745e+00
   9.6914889e+00
   9.6385096e+00
   9.5854424e+00
   9.5322930e+00
   9.4790673e+00
   9.4257715e+00
   9.3724116e+00
   9.3189937e+00
   9.2655241e+00
   9.2120091e+00
   9.1584552e+00
   9.1048688e+00
   9.0512565e+00
   8.9976248e+00
   8.9439805e+00
   8.8903303e+00
   8.8366809e+00
   8.7830393e+00
   8.7294122e+00
   8.6758066e+00
   8.6222295e+00
   8.5686878e+00
   8.5151887e+00
   8.4617391e+00
   8.4083462e+00
   8.3550170e+00
   8.3017587e+00
   8.2485783e+00
   8.1954831e+00
   8.1424801e+00
   8.0895765e+00
   8.0367793e+00
   7.9840956e+00
   7.9315326e+00
   7.8790973e+00
   7.8267966e+00
   7.7746376e+00
   7.7226273e+00
   7.6707724e+00
   7.6190800e+00
   7.5675566e+00
   7.5162092e+00
   7.4650443e+00
   7.4140686e+00
   7.3632886e+00
   7.3127107e+00
   7.2623413e+00
   7.2121867e+00
   7.1622531e+00
   7.1125465e+00
   7.0630730e+00
   7.0138385e+00
   6.9648486e+00
   6.9161092e+00
   6.8676257e+00
   6.8194036e+00
   6.7714482e+00
   6.7237646e+00
   6.6763580e+00
   6.6292333e+00
   6.5823953e+00
   6.5358486e+00
   6.4895977e+00
   6.4436471e+00
   6.3980010e+00
   6.3526634e+00
   6.3076383e+00
   6.2629296e+00
   6.2185407e+00
   6.1744754e+00
   6.1307369e+00
   6.0873283e+00
   6.0442529e+00
   6.0015133e+00
   5.9591125e+00
   5.9170530e+00
   5.8753371e+00
   5.8339673e+00
   5.7929456e+00
   5.7522739e+00
   5.7119542e+00
   5.6719881e+00
   5.6323771e+00
   5.5931226e+00
   5.5542259e+00
   5.5156879e+00
   5.4775098e+00
   5.4396922e+00
   5.4022358e+00
   5.3651411e+00
   5.3284086e+00
   5.2920385e+00
   5.2560309e+00
   5.2203858e+00
   5.1851031e+00
   5.1501824e+00
   5.1156235e+00
   5.0814258e+00
   5.0475887e+00
   5.0141114e+00
   4.9809932e+00
   4.9482330e+00
   4.9158298e+00
   4.8837825e+00
   4.8520897e+00
   4.8207501e+00
   4.7897624e+00
   4.7591248e+00
   4.7288358e+00
   4.6988937e+00
   4.6692966e+00
   4.6400427e+00
   4.6111301e+00
   4.5825566e+00
   4.5543202e+00
   4.5264188e+00
   4.4988500e+00
   4.4716117e+00
   4.4447014e+00
   4.4181167e+00
   4.3918552e+00
   4.3659143e+00
   4.3402915e+00
   4.3149842e+00
   4.2899898e+00
   4.2653055e+00
   4.2409286e+00
   4.2168563e+00
   4.1930859e+00
   4.1696146e+00
   4.1464394e+00
   4.1235575e+00
   4.1009661e+00
   4.0786620e+00
   4.0566426e+00
   4.0349046e+00
   4.0134453e+00
   3.9922616e+00
   3.9713505e+00
   3.9507089e+00
   3.9303340e+00
   3.9102226e+00
   3.8903717e+00
   3.8707784e+00
   3.8514395e+00
   3.8323520e+00
   3.8135130e+00
   3.7949194e+00
   3.7765681e+00
   3.7584562e+00
   3.7405807e+00
   3.7229385e+00
   3.7055267e+00
   3.6883423e+00
   3.6713824e+00
   3.6546440e+00
   3.6381241e+00
   3.6218199e+00
   3.6057284e+00
   3.5898467e+00
   3.5741721e+00
   3.5587015e+00
   3.5434323e+00
   3.5283616e+00
   3.5134866e+00
   3.4988045e+00
   3.4843126e+00
   3.4700081e+00
   3.4558884e+00
   3.4419508e+00
   3.4281926e+00
   3.4146112e+00
   3.4012040e+00
   3.3879684e+00
   3.3749018e+00
   3.3620017e+00
   3.3492657e+00
   3.3366912e+00
   3.3242757e+00
   3.3120170e+00
   3.2999124e+00
   3.2879598e+00
   3.2761566e+00
   3.2645007e+00
   3.2529897e+00
   3.2416214e+00
   3.2303935e+00
   3.2193038e+00
   3.2083501e+00
   3.1975302e+00
   3.1868422e+00
   3.1762837e+00
   3.1658528e+00
   3.1555475e+00
   3.1453656e+00
   3.1353052e+00
   3.1253644e+00
   3.1155411e+00
   3.1058335e+00
   3.0962398e+00
   3.0867579e+00
   3.0773862e+00
   3.0681227e+00
   3.0589658e+00
   3.0499136e+00
   3.0409644e+00
   3.0321166e+00
   3.0233684e+00
   3.0147181e+00
   3.0061642e+00
   2.9977051e+00
   2.9893391e+00
   2.9810647e+00
   2.9728803e+00
   2.9647845e+00
   2.9567758e+00
   2.9488527e+00
   2.9410137e+00
   2.9332575e+00
   2.9255826e+00
   2.9179877e+00
   2.9104758e+00
   3.2106305e+00
   3.5023500e+00
   3.7860727e+00
   4.0623420e+00
   4.3315979e+00
   4.5942424e+00
   4.8506423e+00
   5.1011303e+00
   5.3460081e+00
   5.5855461e+00
   5.8199874e+00
   6.0495486e+00
   6.2744228e+00
   6.4947810e+00
   6.7107741e+00
   6.9225383e+00
   7.1301928e+00
   7.3338492e+00
   7.5336114e+00
   7.7295825e+00
   7.9218644e+00
   8.1105668e+00
   8.2958096e+00
   8.4777282e+00
   8.6564760e+00
   8.8322298e+00
   9.0051864e+00
   9.1755675e+00
   9.3436150e+00
   9.5095824e+00
   9.6737262e+00
   9.8362861e+00
   9.9974583e+00
   1.0157357e+01
   1.0315961e+01
   1.0473036e+01
   1.0628030e+01
   1.0779938e+01
   1.0927113e+01
   1.1067054e+01
   1.1196168e+01
   1.1309584e+01
   1.1401303e+01
   1.1465108e+01
   1.1495137e+01
   1.1486993e+01
   1.1439069e+01
   1.1353425e+01
   1.1235610e+01
   1.1093387e+01
   1.1019910e+01
   1.0952539e+01
   1.0892718e+01
   1.0840706e+01
   1.0796290e+01
   1.0758912e+01
   1.0727832e+01
   1.0702245e+01
   1.0681355e+01
   1.0664413e+01
   1.0650748e+01
   1.0639771e+01
   1.0630974e+01
   1.0623933e+01
   1.0618288e+01
   1.0613747e+01
   1.0610066e+01
   1.0607047e+01
   1.0604535e+01
   1.0602398e+01
   1.0600535e+01
   1.0598866e+01
   1.0597326e+01
   1.0595866e+01
   1.0594447e+01
   1.0593040e+01
   1.0591621e+01
   1.0590175e+01
   1.0588690e+01
   1.0587156e+01
   1.0585569e+01
   1.0583925e+01
   1.0582224e+01
   1.0580463e+01
   1.0578643e+01
   1.0576767e+01
   1.0574837e+01
   1.0572854e+01
   1.0570822e+01
   1.0568742e+01
   1.0566619e+01
   1.0564454e+01
   1.0562251e+01
   1.0560012e+01
   1.0557740e+01
   1.0555438e+01
   1.0553106e+01
   1.0550750e+01
   1.0548369e+01
   1.0545967e+01
   1.0543545e+01
   1.0541105e+01
   1.0538649e+01
   1.0536178e+01
   1.0533694e+01
   1.0531198e+01
   1.0528691e+01
   1.0526175e+01
   1.0523651e+01
   1.0521119e+01
   1.0518580e+01
   1.0516037e+01
   1.0513488e+01
   1.0510935e+01
   1.0508378e+01
   1.0505820e+01
   1.0503258e+01
   1.0500694e+01
   1.0498128e+01
   1.0495562e+01
   1.0492995e+01
   1.0490428e+01
   1.0487861e+01
   1.0485294e+01
   1.0482728e+01
   1.0480164e+01
   1.0477600e+01
   1.0475038e+01
   1.0472477e+01
   1.0469918e+01
   1.0467361e+01
   1.0464805e+01
   1.0462252e+01
   1.0459701e+01
   1.0457152e+01
   1.0454605e+01
   1.0452061e+01
   1.0449519e+01
   1.0446979e+01
   1.0444442e+01
   1.0441907e+01
   1.0439374e+01
   1.0436845e+01
   1.0434317e+01
   1.0431792e+01
   1.0429269e+01
   1.0426748e+01
   1.0424230e+01
   1.0421715e+01
   1.0419201e+01
   1.0416690e+01
   1.0414181e+01
   1.0411673e+01
   1.0409167e+01
   1.0406663e+01
   1.0404162e+01
   1.0401662e+01
   1.0399165e+01
   1.0396669e+01
   1.0394175e+01
   1.0391683e+01
   1.0389192e+01
   1.0386704e+01
   1.0384217e+01
   1.0381731e+01
   1.0379247e+01
   1.0376764e+01
   1.0374283e+01
   1.0371803e+01
   1.0369324e+01
   1.0366847e+01
   1.0364370e+01
   1.0361895e+01
   1.0359421e+01
   1.0356947e+01
   1.0354475e+01
   1.0352003e+01
   1.0349533e+01
   1.0347062e+01
   1.0344593e+01
   1.0342124e+01
   1.0339656e+01
   1.0337187e+01
   1.0334720e+01
   1.0332253e+01
   1.0329786e+01
   1.0327319e+01
   1.0324852e+01
   1.0322384e+01
   1.0319917e+01
   1.0317449e+01
   1.0314982e+01
   1.0312514e+01
   1.0310047e+01
   1.0307579e+01
   1.0305111e+01
   1.0302642e+01
   1.0300173e+01
   1.0297704e+01
   1.0295234e+01
   1.0292764e+01
   1.0290293e+01
   1.0287822e+01
   1.0285350e+01
   1.0282877e+01
   1.0280403e+01
   1.0277929e+01
   1.0275454e+01
   1.0272978e+01
   1.0270501e+01
   1.0268023e+01
   1.0265543e+01
   1.0263064e+01
   1.0260582e+01
   1.0258100e+01
   1.0255616e+01
   1.0253131e+01
   1.0250645e+01
   1.0248158e+01
   1.0245669e+01
   1.0243177e+01
   1.0240684e+01
   1.0238190e+01
   1.0235694e+01
   1.0233197e+01
   1.0230698e+01
   1.0228197e+01
   1.0225695e+01
   1.0223191e+01
   1.0220686e+01
   1.0218178e+01
   1.0215669e+01
   1.0213158e+01
   1.0210646e+01
   1.0208131e+01
   1.0205615e+01
   1.0203096e+01
   1.0200576e+01
   1.0198054e+01
   1.0195530e+01
   1.0193003e+01
   1.0190475e+01
   1.0187945e+01
   1.0185412e+01
   1.0182878e+01
   1.0180341e+01
   1.0177802e+01
   1.0175262e+01
   1.0172718e+01
   1.0170173e+01
   1.0167625e+01
   1.0165076e+01
   1.0162523e+01
   1.0159970e+01
   1.0157413e+01
   1.0154852e+01
   1.0152290e+01
   1.0149725e+01
   1.0147158e+01
   1.0144589e+01
   1.0142017e+01
   1.0139443e+01
   1.0136866e+01
   1.0134287e+01
   1.0131706e+01
   1.0129122e+01
   1.0126536e+01
   1.0123948e+01
   1.0121357e+01
   1.0118763e+01
   1.0116168e+01
   1.0113570e+01
   1.0110969e+01
   1.0108366e+01
   1.0105761e+01
   1.0103153e+01
   1.0100543e+01
   1.0097930e+01
   1.0095315e+01
   1.0092697e+01
   1.0090078e+01
   1.0087455e+01
   1.0084831e+01
   1.0082203e+01
   1.0079574e+01
   1.0076942e+01
   1.0074309e+01
   1.0071672e+01
   1.0069033e+01
   1.0066392e+01
   1.0063747e+01
   1.0061100e+01
   1.0058451e+01
   1.0055799e+01
   1.0053145e+01
   1.0050489e+01
   1.0047830e+01
   1.0045169e+01
   1.0042506e+01
   1.0039841e+01
   1.0037173e+01
   1.0034504e+01
   1.0031834e+01
   1.0029162e+01
   1.0026487e+01
   1.0023810e+01
   1.0021132e+01
   1.0018451e+01
   1.0015768e+01
   1.0013083e+01
   1.0010396e+01
   1.0007707e+01
   1.0005016e+01
   1.0002323e+01
   9.9996281e+00
   9.9969314e+00
   9.9942330e+00
   9.9915327e+00
   9.9888307e+00
   9.9861269e+00
   9.9834215e+00
   9.9807145e+00
   9.9780058e+00
   9.9752957e+00
   9.9725855e+00
   9.9698747e+00
   9.9671625e+00
   9.9644488e+00
   9.9617339e+00
   9.9590177e+00
   9.9563002e+00
   9.9535815e+00
   9.9508617e+00
   9.9481409e+00
   9.9454189e+00
   9.9426960e+00
   9.9399722e+00
   9.9372474e+00
   9.9345219e+00
   9.9317956e+00
   9.9290686e+00
   9.9263409e+00
   9.9236126e+00
   9.9208838e+00
   9.9181545e+00
   9.9154248e+00
   9.9126948e+00
   9.9099661e+00
   9.9072380e+00
   9.9045098e+00
   9.9017815e+00
   9.8990531e+00
   9.8963248e+00
   9.8935967e+00
   9.8908687e+00
   9.8881410e+00
   9.8854136e+00
   9.8826867e+00
   9.8799602e+00
   9.8772343e+00
   9.8745090e+00
   9.8717844e+00
   9.8690606e+00
   9.8663377e+00
   9.8636158e+00
   9.8608949e+00
   9.8581751e+00
   9.8554565e+00
   9.8527391e+00
   9.8500232e+00
   9.8473104e+00
   9.8445998e+00
   9.8418910e+00
   9.8391839e+00
   9.8364785e+00
   9.8337751e+00
   9.8310737e+00
   9.8283743e+00
   9.8256771e+00
   9.8229822e+00
   9.8202896e+00
   9.8175995e+00
   9.8149120e+00
   9.8122271e+00
   9.8095450e+00
   9.8068657e+00
   9.8041894e+00
   9.8015161e+00
   9.7988460e+00
   9.7961791e+00
   9.7935156e+00
   9.7908556e+00
   9.7881991e+00
   9.7855480e+00
   9.7829015e+00
   9.7802589e+00
   9.7776203e+00
   9.7749859e+00
   9.7723556e+00
   9.7697297e+00
   9.7671082e+00
   9.7644913e+00
   9.7618791e+00
   9.7592717e+00
   9.7566691e+00
   9.7540716e+00
   9.7514792e+00
   9.7488921e+00
   9.7463104e+00
   9.7437341e+00
   9.7411635e+00
   9.7385985e+00
   9.7360395e+00
   9.7334864e+00
   9.7309394e+00
   9.7283986e+00
   9.7258659e+00
   9.7233404e+00
   9.7208215e+00
   9.7183094e+00
   9.7158041e+00
   9.7133057e+00
   9.7108145e+00
   9.7083304e+00
   9.7058538e+00
   9.7033846e+00
   9.7009230e+00
   9.6984692e+00
   9.6960232e+00
   9.6935853e+00
   9.6911554e+00
   9.6887339e+00
   9.6863207e+00
   9.6839161e+00
   9.6815202e+00
   9.6791330e+00
   9.6767548e+00
   9.6743857e+00
   9.6720257e+00
   9.6696768e+00
   9.6673381e+00
   9.6650090e+00
   9.6626897e+00
   9.6603803e+00
   9.6580808e+00
   9.6557916e+00
   9.6535126e+00
   9.6512441e+00
   9.6489861e+00
   9.6467388e+00
   9.6445024e+00
   9.6422770e+00
   9.6400627e+00
   9.6378596e+00
   9.6356680e+00
   9.6334879e+00
   9.6313195e+00
   9.6291629e+00
   9.6270183e+00
   9.6248858e+00
   9.6227655e+00
   9.6206576e+00
   9.6185622e+00
   9.6164811e+00
   9.6144134e+00
   9.6123588e+00
   9.6103172e+00
   9.6082889e+00
   9.6062739e+00
   9.6042724e+00
   9.6022845e+00
   9.6003104e+00
   9.5983503e+00
   9.5964042e+00
   9.5944722e+00
   9.5925546e+00
   9.5906515e+00
   9.5887630e+00
   9.5868892e+00
   9.5850303e+00
   9.5831865e+00
   9.5813578e+00
   9.5795444e+00
   9.5777464e+00
   9.5759640e+00
   9.5741973e+00
   9.5724479e+00
   9.5707152e+00
   9.5689987e+00
   9.5672983e+00
   9.5656144e+00
   9.5639469e+00
   9.5622961e+00
   9.5606621e+00
   9.5590450e+00
   9.5574449e+00
   9.5558620e+00
   9.5542964e+00
   9.5527482e+00
   9.5512176e+00
   9.5497047e+00
   9.5482096e+00
   9.5467325e+00
   9.5452735e+00
   9.5438326e+00
   9.5424101e+00
   9.5410060e+00
   9.5396206e+00
   9.5382538e+00
   9.5369072e+00
   9.5355802e+00
   9.5342723e+00
   9.5329836e+00
   9.5317141e+00
   9.5304642e+00
   9.5292337e+00
   9.5280230e+00
   9.5268320e+00
   9.5256609e+00
   9.5245099e+00
   9.5233790e+00
   9.5222683e+00
   9.5211780e+00
   9.5201082e+00
   9.5190589e+00
   9.5180304e+00
   9.5170227e+00
   9.5160359e+00
   9.5150701e+00
   9.5141254e+00
   9.5132020e+00
   9.5123000e+00
   9.5114206e+00
   9.5105633e+00
   9.5097277e+00
   9.5089139e+00
   9.5081219e+00
   9.5073519e+00
   9.5066039e+00
   9.5058775e+00
   9.5051736e+00
   9.5044916e+00
   9.5038329e+00
   9.5031962e+00
   9.5025819e+00
   9.5019913e+00
   9.5014230e+00
   9.5008786e+00
   9.5003573e+00
   9.4998583e+00
   9.4993824e+00
   9.4989306e+00
   9.4985014e+00
   9.4980965e+00
   9.4977151e+00
   9.4973579e+00
   9.4970233e+00
   9.4967125e+00
   9.4964261e+00
   9.4961630e+00
   9.4959245e+00
   9.4957098e+00
   9.4955197e+00
   9.4953544e+00
   9.4952123e+00
   9.4950944e+00
   9.4950013e+00
   9.4949333e+00
   9.4948891e+00
   9.4948699e+00
   9.4948751e+00
   9.4949053e+00
   9.4949607e+00
   9.4950414e+00
   9.4951459e+00
   9.4952751e+00
   9.4954296e+00
   9.4956096e+00
   9.4958151e+00
   9.4960461e+00
   9.4963027e+00
   9.4965838e+00
   9.4968910e+00
   9.4972235e+00
   9.4975815e+00
   9.4979652e+00
   9.4983746e+00
   9.4988098e+00
   9.4992694e+00
   9.4997543e+00
   9.5002650e+00
   9.5008017e+00
   9.5013642e+00
   9.5019528e+00
   9.5025673e+00
   9.5032079e+00
   9.5038746e+00
   9.5045674e+00
   9.5052864e+00
   9.5060315e+00
   9.5068029e+00
   9.5076004e+00
   9.5084242e+00
   9.5092743e+00
   9.5101507e+00
   9.5110535e+00
   9.5119815e+00
   9.5129355e+00
   9.5139158e+00
   9.5149226e+00
   9.5159558e+00
   9.5170155e+00
   9.5181016e+00
   9.5192143e+00
   9.5203534e+00
   9.5215191e+00
   9.5227113e+00
   9.5239301e+00
   9.5251755e+00
   9.5264474e+00
   9.5277458e+00
   9.5290709e+00
   9.5304226e+00
   9.5318000e+00
   9.5332036e+00
   9.5346338e+00
   9.5360907e+00
   9.5375741e+00
   9.5390842e+00
   9.5406209e+00
   9.5421843e+00
   9.5437743e+00
   9.5453909e+00
   9.5470341e+00
   9.5487039e+00
   9.5504001e+00
   9.5521229e+00
   9.5538717e+00
   9.5556469e+00
   9.5574486e+00
   9.5592768e+00
   9.5611315e+00
   9.5630128e+00
   9.5649205e+00
   9.5668548e+00
   9.5688156e+00
   9.5708028e+00
   9.5728165e+00
   9.5748566e+00
   9.5769232e+00
   9.5790162e+00
   9.5811356e+00
   9.5832814e+00
   9.5854536e+00
   9.5876521e+00
   9.5898769e+00
   9.5921281e+00
   9.5944055e+00
   9.5967093e+00
   9.5990393e+00
   9.6013955e+00
   9.6037779e+00
   9.6061865e+00
   9.6086213e+00
   9.6110822e+00
   9.6135692e+00
   9.6160823e+00
   9.6186215e+00
   9.6211867e+00
   9.6237779e+00
   9.6263951e+00
   9.6290383e+00
   9.6317073e+00
   9.6344023e+00
   9.6371231e+00
   9.6398698e+00
   9.6426422e+00
   9.6454405e+00
   9.6482644e+00
   9.6511141e+00
   9.6539894e+00
   9.6568904e+00
   9.6598170e+00
   9.6627692e+00
   9.6657468e+00
   9.6687500e+00
   9.6717787e+00
   9.6748328e+00
   9.6779122e+00
   9.6810171e+00
   9.6841472e+00
   9.6873026e+00
   9.6904833e+00
   9.6936891e+00
   9.6969201e+00
   9.7001763e+00
   9.7034575e+00
   9.7067638e+00
   9.7100950e+00
   9.7134513e+00
   9.7168324e+00
   9.7202384e+00
   9.7236693e+00
   9.7271249e+00
   9.7306053e+00
   9.7341105e+00
   9.7376402e+00
   9.7411946e+00
   9.7447736e+00
   9.7483771e+00
   9.7520051e+00
   9.7556576e+00
   9.7593344e+00
   9.7630356e+00
   9.7667611e+00
   9.7705109e+00
   9.7742849e+00
   9.7780831e+00
   9.7819054e+00
   9.7857517e+00
   9.7896221e+00
   9.7935165e+00
   9.7974349e+00
   9.8013771e+00
   9.8053431e+00
   9.8093330e+00
   9.8133466e+00
   9.8173839e+00
   9.8214449e+00
   9.8255295e+00
   9.8296376e+00
   9.8337692e+00
   9.8379243e+00
   9.8421028e+00
   9.8463047e+00
   9.8505299e+00
   9.8547783e+00
   9.8590500e+00
   9.8633448e+00
   9.8676627e+00
   9.8720037e+00
   9.8763677e+00
   9.8807547e+00
   9.8851645e+00
   9.8895973e+00
   9.8940528e+00
   9.8985312e+00
   9.9030322e+00
   9.9075559e+00
   9.9121022e+00
   9.9166711e+00
   9.9212625e+00
   9.9258763e+00
   9.9305126e+00
   9.9351712e+00
   9.9398521e+00
   9.9445553e+00
   9.9492807e+00
   9.9540282e+00
   9.9587979e+00
   9.9635896e+00
   9.9684033e+00
   9.9732390e+00
   9.9780965e+00
   9.9829759e+00
   9.9878772e+00
   9.9928001e+00
   9.9977448e+00
   1.0002711e+01
   1.0007699e+01
   1.0012708e+01
   1.0017739e+01
   1.0022792e+01
   1.0027866e+01
   1.0032961e+01
   1.0038077e+01
   1.0043215e+01
   1.0048374e+01
   1.0053554e+01
   1.0058755e+01
   1.0063977e+01
   1.0069220e+01
   1.0074484e+01
   1.0079769e+01
   1.0085074e+01
   1.0090401e+01
   1.0095748e+01
   1.0101116e+01
   1.0106505e+01
   1.0111914e+01
   1.0117344e+01
   1.0122794e+01
   1.0128264e+01
   1.0133755e+01
   1.0139267e+01
   1.0144798e+01
   1.0150350e+01
   1.0155922e+01
   1.0161514e+01
   1.0167127e+01
   1.0172759e+01
   1.0178411e+01
   1.0184084e+01
   1.0189776e+01
   1.0195488e+01
   1.0201219e+01
   1.0206971e+01
   1.0212742e+01
   1.0218533e+01
   1.0224343e+01
   1.0230173e+01
   1.0236023e+01
   1.0241892e+01
   1.0247780e+01
   1.0253688e+01
   1.0259615e+01
   1.0265561e+01
   1.0271527e+01
   1.0277511e+01
   1.0283515e+01
   1.0289538e+01
   1.0295580e+01
   1.0301641e+01
   1.0307721e+01
   1.0313819e+01
   1.0319937e+01
   1.0326073e+01
   1.0332228e+01
   1.0338402e+01
   1.0344594e+01
   1.0350805e+01
   1.0357035e+01
   1.0363283e+01
   1.0369549e+01
   1.0375834e+01
   1.0382138e+01
   1.0388459e+01
   1.0394799e+01
   1.0401157e+01
   1.0407534e+01
   1.0413928e+01
   1.0420341e+01
   1.0426772e+01
   1.0433221e+01
   1.0439687e+01
   1.0446172e+01
   1.0452674e+01
   1.0459195e+01
   1.0465733e+01
   1.0472289e+01
   1.0478862e+01
   1.0485454e+01
   1.0492063e+01
   1.0498689e+01
   1.0505333e+01
   1.0511994e+01
   1.0518673e+01
   1.0525370e+01
   1.0532083e+01
   1.0538814e+01
   1.0545563e+01
   1.0552328e+01
   1.0559111e+01
   1.0565911e+01
   1.0572728e+01
   1.0579562e+01
   1.0586413e+01
   1.0593281e+01
   1.0600166e+01
   1.0607068e+01
   1.0613987e+01
   1.0620922e+01
   1.0627875e+01
   1.0634844e+01
   1.0641829e+01
   1.0648832e+01
   1.0655851e+01
   1.0662886e+01
   1.0669939e+01
   1.0677007e+01
   1.0684092e+01
   1.0691194e+01
   1.0698311e+01
   1.0705446e+01
   1.0712596e+01
   1.0719763e+01
   1.0726946e+01
   1.0734145e+01
   1.0741360e+01
   1.0748591e+01
   1.0755838e+01
   1.0763102e+01
   1.0770381e+01
   1.0777676e+01
   1.0784987e+01
   1.0792314e+01
   1.0799657e+01
   1.0807016e+01
   1.0814390e+01
   1.0821780e+01
   1.0829185e+01
   1.0836607e+01
   1.0844044e+01
   1.0851496e+01
   1.0858964e+01
   1.0866447e+01
   1.0873946e+01
   1.0881460e+01
   1.0888989e+01
   1.0896534e+01
   1.0904094e+01
   1.0911669e+01
   1.0919260e+01
   1.0926866e+01
   1.0934486e+01
   1.0942122e+01
   1.0949773e+01
   1.0957439e+01
   1.0965120e+01
   1.0972815e+01
   1.0980526e+01
   1.0988251e+01
   1.0995992e+01
   1.1003747e+01
   1.1011517e+01
   1.1019301e+01
   1.1027100e+01
   1.1034914e+01
   1.1042742e+01
   1.1050585e+01
   1.1058443e+01
   1.1066315e+01
   1.1074201e+01
   1.1082102e+01
   1.1090017e+01
   1.1097946e+01
   1.1105890e+01
   1.1113847e+01
   1.1121820e+01
   1.1129806e+01
   1.1137806e+01
   1.1145821e+01
   1.1153849e+01
   1.1161892e+01
   1.1169948e+01
   1.1178019e+01
   1.1186103e+01
   1.1194201e+01
   1.1202313e+01
   1.1210439e+01
   1.1218578e+01
   1.1226731e+01
   1.1234898e+01
   1.1243079e+01
   1.1251273e+01
   1.1259480e+01
   1.1267701e+01
   1.1275936e+01
   1.1284184e+01
   1.1292445e+01
   1.1300720e+01
   1.1309008e+01
   1.1317309e+01
   1.1325624e+01
   1.1333951e+01
   1.1342292e+01
   1.1350646e+01
   1.1359013e+01
   1.1367393e+01
   1.1375786e+01
   1.1384192e+01
   1.1392611e+01
   1.1401042e+01
   1.1409487e+01
   1.1417944e+01
   1.1426414e+01
   1.1434897e+01
   1.1443392e+01
   1.1451900e+01
   1.1460420e+01
   1.1468953e+01
   1.1477498e+01
   1.1486056e+01
   1.1494626e+01
   1.1503209e+01
   1.1511804e+01
   1.1520411e+01
   1.1529030e+01
   1.1537661e+01
   1.1546305e+01
   1.1554961e+01
   1.1563628e+01
   1.1572308e+01
   1.1580999e+01
   1.1589703e+01
   1.1598418e+01
   1.1607145e+01
   1.1615884e+01
   1.1624634e+01
   1.1633396e+01
   1.1642170e+01
   1.1650955e+01
   1.1659752e+01
   1.1668560e+01
   1.1677380e+01
   1.1686211e+01
   1.1695053e+01
   1.1703906e+01
   1.1712771e+01
   1.1721647e+01
   1.1730533e+01
   1.1739431e+01
   1.1748340e+01
   1.1757260e+01
   1.1766191e+01
   1.1775132e+01
   1.1784084e+01
   1.1793047e+01
   1.1802021e+01
   1.1811005e+01
   1.1820000e+01
   1.1829005e+01
   1.1838021e+01
   1.1847047e+01
   1.1856083e+01
   1.1865130e+01
   1.1874187e+01
   1.1883254e+01
   1.1892331e+01
   1.1901418e+01
   1.1910515e+01
   1.1919622e+01
   1.1928739e+01
   1.1937865e+01
   1.1947002e+01
   1.1956147e+01
   1.1965303e+01
   1.1974468e+01
   1.1983642e+01
   1.1992826e+01
   1.2002019e+01
   1.2011221e+01
   1.2020433e+01
   1.2029654e+01
   1.2038883e+01
   1.2048122e+01
   1.2057370e+01
   1.2066626e+01
   1.2075891e+01
   1.2085165e+01
   1.2094448e+01
   1.2103739e+01
   1.2113038e+01
   1.2122346e+01
   1.2131662e+01
   1.2140987e+01
   1.2150319e+01
   1.2159660e+01
   1.2169009e+01
   1.2178365e+01
   1.2187730e+01
   1.2197102e+01
   1.2206482e+01
   1.2215870e+01
   1.2225265e+01
   1.2234668e+01
   1.2244078e+01
   1.2253495e+01
   1.2262919e+01
   1.2272351e+01
   1.2281789e+01
   1.2291235e+01
   1.2300687e+01
   1.2310146e+01
   1.2319612e+01
   1.2329084e+01
   1.2338563e+01
   1.2348048e+01
   1.2357540e+01
   1.2367037e+01
   1.2376541e+01
   1.2386051e+01
   1.2395567e+01
   1.2405088e+01
   1.2414615e+01
   1.2424148e+01
   1.2433687e+01
   1.2443230e+01
   1.2452780e+01
   1.2462334e+01
   1.2471893e+01
   1.2481458e+01
   1.2491027e+01
   1.2500601e+01
   1.2510180e+01
   1.2519763e+01
   1.2529351e+01
   1.2538944e+01
   1.2548540e+01
   1.2558141e+01
   1.2567745e+01
   1.2577354e+01
   1.2586966e+01
   1.2596582e+01
   1.2606202e+01
   1.2615825e+01
   1.2625451e+01
   1.2635080e+01
   1.2644713e+01
   1.2654349e+01
   1.2663987e+01
   1.2673628e+01
   1.2683272e+01
   1.2692918e+01
   1.2702567e+01
   1.2712217e+01
   1.2721870e+01
   1.2731525e+01
   1.2741181e+01
   1.2750840e+01
   1.2760500e+01
   1.2770161e+01
   1.2779823e+01
   1.2789487e+01
   1.2799152e+01
   1.2808818e+01
   1.2818484e+01
   1.2828151e+01
   1.2837818e+01
   1.2847486e+01
   1.2857154e+01
   1.2866822e+01
   1.2876490e+01
   1.2886158e+01
   1.2895825e+01
   1.2905491e+01
   1.2915157e+01
   1.2924823e+01
   1.2934487e+01
   1.2944150e+01
   1.2953812e+01
   1.2963472e+01
   1.2973131e+01
   1.2982787e+01
   1.2992443e+01
   1.3002095e+01
   1.3011746e+01
   1.3021395e+01
   1.3031040e+01
   1.3040683e+01
   1.3050324e+01
   1.3059961e+01
   1.3069595e+01
   1.3079226e+01
   1.3088853e+01
   1.3098476e+01
   1.3108096e+01
   1.3117712e+01
   1.3127323e+01
   1.3136930e+01
   1.3146533e+01
   1.3156130e+01
   1.3165723e+01
   1.3175311e+01
   1.3184894e+01
   1.3194471e+01
   1.3204043e+01
   1.3213609e+01
   1.3223169e+01
   1.3232723e+01
   1.3242271e+01
   1.3251812e+01
   1.3261347e+01
   1.3270875e+01
   1.3280395e+01
   1.3289909e+01
   1.3299415e+01
   1.3308914e+01
   1.3318405e+01
   1.3327888e+01
   1.3337363e+01
   1.3346830e+01
   1.3356288e+01
   1.3365738e+01
   1.3375179e+01
   1.3384610e+01
   1.3394033e+01
   1.3403446e+01
   1.3412849e+01
   1.3422243e+01
   1.3431627e+01
   1.3441000e+01
   1.3450363e+01
   1.3459716e+01
   1.3469057e+01
   1.3478388e+01
   1.3487708e+01
   1.3497016e+01
   1.3506313e+01
   1.3515598e+01
   1.3524871e+01
   1.3534132e+01
   1.3543381e+01
   1.3552617e+01
   1.3561840e+01
   1.3571051e+01
   1.3580248e+01
   1.3589432e+01
   1.3598602e+01
   1.3607759e+01
   1.3616902e+01
   1.3626030e+01
   1.3635145e+01
   1.3644244e+01
   1.3653329e+01
   1.3662400e+01
   1.3671454e+01
   1.3680494e+01
   1.3689518e+01
   1.3698526e+01
   1.3707518e+01
   1.3716494e+01
   1.3725454e+01
   1.3734397e+01
   1.3743323e+01
   1.3752233e+01
   1.3761125e+01
   1.3769999e+01
   1.3778856e+01
   1.3787695e+01
   1.3796516e+01
   1.3805319e+01
   1.3814104e+01
   1.3822869e+01
   1.3831616e+01
   1.3840344e+01
   1.3849052e+01
   1.3857741e+01
   1.3866410e+01
   1.3875059e+01
   1.3883688e+01
   1.3892297e+01
   1.3900885e+01
   1.3909452e+01
   1.3917998e+01
   1.3926523e+01
   1.3935027e+01
   1.3943508e+01
   1.3951968e+01
   1.3960406e+01
   1.3968822e+01
   1.3977215e+01
   1.3985585e+01
   1.3993932e+01
   1.4002257e+01
   1.4010557e+01
   1.4018834e+01
   1.4027087e+01
   1.4035317e+01
   1.4043521e+01
   1.4051702e+01
   1.4059857e+01
   1.4067988e+01
   1.4076093e+01
   1.4084173e+01
   1.4092227e+01
   1.4100256e+01
   1.4108258e+01
   1.4116234e+01
   1.4124183e+01
   1.4132106e+01
   1.4140001e+01
   1.4147869e+01
   1.4155710e+01
   1.4163523e+01
   1.4171308e+01
   1.4179065e+01
   1.4186793e+01
   1.4194493e+01
   1.4202164e+01
   1.4209805e+01
   1.4217417e+01
   1.4225000e+01
   1.4232552e+01
   1.4240074e+01
   1.4247566e+01
   1.4255027e+01
   1.4262458e+01
   1.4269857e+01
   1.4277224e+01
   1.4284560e+01
   1.4291865e+01
   1.4299136e+01
   1.4306376e+01
   1.4313582e+01
   1.4320756e+01
   1.4327896e+01
   1.4335003e+01
   1.4342076e+01
   1.4349115e+01
   1.4356120e+01
   1.4363090e+01
   1.4370025e+01
   1.4376925e+01
   1.4383789e+01
   1.4390618e+01
   1.4397411e+01
   1.4404167e+01
   1.4410887e+01
   1.4417569e+01
   1.4424215e+01
   1.4430823e+01
   1.4437393e+01
   1.4443926e+01
   1.4450419e+01
   1.4456874e+01
   1.4463290e+01
   1.4469667e+01
   1.4476004e+01
   1.4482301e+01
   1.4488558e+01
   1.4494774e+01
   1.4500950e+01
   1.4507084e+01
   1.4513176e+01
   1.4519227e+01
   1.4525235e+01
   1.4531201e+01
   1.4537124e+01
   1.4543003e+01
   1.4548839e+01
   1.4554631e+01
   1.4560379e+01
   1.4566082e+01
   1.4571740e+01
   1.4577352e+01
   1.4582919e+01
   1.4588440e+01
   1.4593915e+01
   1.4599342e+01
   1.4604723e+01
   1.4610056e+01
   1.4615340e+01
   1.4620577e+01
   1.4625765e+01
   1.4630904e+01
   1.4635993e+01
   1.4641032e+01
   1.4646022e+01
   1.4650960e+01
   1.4655848e+01
   1.4660684e+01
   1.4665468e+01
   1.4670200e+01
   1.4674879e+01
   1.4679506e+01
   1.4684078e+01
   1.4688597e+01
   1.4693062e+01
   1.4697471e+01
   1.4701826e+01
   1.4706125e+01
   1.4710368e+01
   1.4714554e+01
   1.4718684e+01
   1.4722756e+01
   1.4726771e+01
   1.4730727e+01
   1.4734625e+01
   1.4738464e+01
   1.4742243e+01
   1.4745962e+01
   1.4749620e+01
   1.4753218e+01
   1.4756754e+01
   1.4760229e+01
   1.4763641e+01
   1.4766991e+01
   1.4770277e+01
   1.4773500e+01
   1.4776658e+01
   1.4779752e+01
   1.4782781e+01
   1.4785744e+01
   1.4788641e+01
   1.4791472e+01
   1.4794236e+01
   1.4796932e+01
   1.4799560e+01
   1.4802120e+01
   1.4804610e+01
   1.4807032e+01
   1.4809383e+01
   1.4811664e+01
   1.4813874e+01
   1.4816013e+01
   1.4818079e+01
   1.4820073e+01
   1.4821995e+01
   1.4823843e+01
   1.4825616e+01
   1.4827316e+01
   1.4828940e+01
   1.4830489e+01
   1.4831962e+01
   1.4833359e+01
   1.4834678e+01
   1.4835920e+01
   1.4837084e+01
   1.4838169e+01
   1.4839175e+01
   1.4840102e+01
   1.4840948e+01
   1.4841714e+01
   1.4842398e+01
   1.4843001e+01
   1.4843522e+01
   1.4843959e+01
   1.4844314e+01
   1.4844584e+01
   1.4844770e+01
   1.4844872e+01
   1.4844887e+01
   1.4844817e+01
   1.4844660e+01
   1.4844416e+01
   1.4844084e+01
   1.4843665e+01
   1.4843156e+01
   1.4842558e+01
   1.4841870e+01
   1.4841092e+01
   1.4840223e+01
   1.4839263e+01
   1.4838210e+01
   1.4837065e+01
   1.4835826e+01
   1.4834494e+01
   1.4833068e+01
   1.4831546e+01
   1.4829929e+01
   1.4828217e+01
   1.4826407e+01
   1.4824501e+01
   1.4822497e+01
   1.4820394e+01
   1.4818193e+01
   1.4815892e+01
   1.4813491e+01
   1.4810989e+01
   1.4808387e+01
   1.4805682e+01
   1.4802876e+01
   1.4799966e+01
   1.4796953e+01
   1.4793835e+01
   1.4790613e+01
   1.4787285e+01
   1.4783852e+01
   1.4780312e+01
   1.4776665e+01
   1.4772910e+01
   1.4769047e+01
   1.4765075e+01
   1.4760993e+01
   1.4756802e+01
   1.4752499e+01
   1.4748085e+01
   1.4743559e+01
   1.4738920e+01
   1.4734168e+01
   1.4729302e+01
   1.4724321e+01
   1.4719226e+01
   1.4714014e+01
   1.4708686e+01
   1.4703241e+01
   1.4697678e+01
   1.4691997e+01
   1.4686197e+01
   1.4680277e+01
   1.4674236e+01
   1.4668075e+01
   1.4661792e+01
   1.4655386e+01
   1.4648858e+01
   1.4642206e+01
   1.4635429e+01
   1.4628528e+01
   1.4621501e+01
   1.4614347e+01
   1.4607066e+01
   1.4599657e+01
   1.4592120e+01
   1.4584454e+01
   1.4576658e+01
   1.4568731e+01
   1.4560673e+01
   1.4552483e+01
   1.4544160e+01
   1.4535704e+01
   1.4527113e+01
   1.4518388e+01
   1.4509527e+01
   1.4500530e+01
   1.4491395e+01
   1.4482123e+01
   1.4472712e+01
   1.4463162e+01
   1.4453471e+01
   1.4443640e+01
   1.4433667e+01
   1.4423551e+01
   1.4413293e+01
   1.4402890e+01
   1.4392343e+01
   1.4381650e+01
   1.4370811e+01
   1.4359825e+01
   1.4348691e+01
   1.4337408e+01
   1.4325976e+01
   1.4314394e+01
   1.4302660e+01
   1.4290774e+01
   1.4278736e+01
   1.4266544e+01
   1.4254198e+01
   1.4241696e+01
   1.4229038e+01
   1.4216224e+01
   1.4203251e+01
   1.4190120e+01
   1.4176829e+01
   1.4163378e+01
   1.4149766e+01
   1.4135992e+01
   1.4122055e+01
   1.4107953e+01
   1.4093688e+01
   1.4079256e+01
   1.4064658e+01
   1.4049893e+01
   1.4034959e+01
   1.4019856e+01
   1.4004583e+01
   1.3989139e+01
   1.3973523e+01
   1.3957734e+01
   1.3941771e+01
   1.3925634e+01
   1.3909321e+01
   1.3892831e+01
   1.3876164e+01
   1.3859318e+01
   1.3842293e+01
   1.3825087e+01
   1.3807701e+01
   1.3790131e+01
   1.3772379e+01
   1.3754443e+01
   1.3736321e+01
   1.3718013e+01
   1.3699518e+01
   1.3680835e+01
   1.3661963e+01
   1.3642901e+01
   1.3623648e+01
   1.3604202e+01
   1.3584564e+01
   1.3564732e+01
   1.3544705e+01
   1.3524482e+01
   1.3504062e+01
   1.3483444e+01
   1.3462627e+01
   1.3441610e+01
   1.3420392e+01
   1.3398972e+01
   1.3377350e+01
   1.3355523e+01
   1.3333492e+01
   1.3311254e+01
   1.3288810e+01
   1.3266158e+01
   1.3243296e+01
   1.3220225e+01
   1.3196943e+01
   1.3173450e+01
   1.3149743e+01
   1.3125823e+01
   1.3101688e+01
   1.3077337e+01
   1.3052769e+01
   1.3027984e+01
   1.3002980e+01
   1.2977756e+01
   1.2952312e+01
   1.2926646e+01
   1.2900758e+01
   1.2874646e+01
   1.2848311e+01
   1.2821750e+01
   1.2794963e+01
   1.2767948e+01
   1.2740706e+01
   1.2713236e+01
   1.2685535e+01
   1.2657604e+01
   1.2629442e+01
   1.2601048e+01
   1.2572421e+01
   1.2543559e+01
   1.2514464e+01
   1.2485133e+01
   1.2455566e+01
   1.2425762e+01
   1.2395720e+01
   1.2365440e+01
   1.2334922e+01
   1.2304163e+01
   1.2273165e+01
   1.2241925e+01
   1.2210444e+01
   1.2178721e+01
   1.2146755e+01
   1.2114546e+01
   1.2082094e+01
   1.2049397e+01
   1.2016456e+01
   1.1983269e+01
   1.1949837e+01
   1.1916160e+01
   1.1882236e+01
   1.1848066e+01
   1.1813649e+01
   1.1778985e+01
   1.1744074e+01
   1.1708916e+01
   1.1673511e+01
   1.1637858e+01
   1.1601957e+01
   1.1565809e+01
   1.1529414e+01
   1.1492771e+01
   1.1455881e+01
   1.1418745e+01
   1.1381361e+01
   1.1343731e+01
   1.1305855e+01
   1.1267733e+01
   1.1229365e+01
   1.1190753e+01
   1.1151897e+01
   1.1112797e+01
   1.1073454e+01
   1.1033869e+01
   1.0994043e+01
   1.0953976e+01
   1.0913670e+01
   1.0873124e+01
   1.0832342e+01
   1.0791323e+01
   1.0750069e+01
   1.0708581e+01
   1.0666861e+01
   1.0624909e+01
   1.0582728e+01
   1.0540319e+01
   1.0497684e+01
   1.0454824e+01
   1.0411741e+01
   1.0368438e+01
   1.0324916e+01
   1.0281177e+01
   1.0237224e+01
   1.0193059e+01
   1.0148684e+01
   1.0104102e+01
   1.0059314e+01
   1.0014325e+01
   9.9691360e+00
   9.9237506e+00
   9.8781716e+00
   9.8324019e+00
   9.7864448e+00
   9.7403035e+00
   9.6939812e+00
   9.6474815e+00
   9.6008079e+00
   9.5539639e+00
   9.5069535e+00
   9.4597803e+00
   9.4124483e+00
   9.3649616e+00
   9.3173244e+00
   9.2695409e+00
   9.2216154e+00
   9.1735524e+00
   9.1253565e+00
   9.0770323e+00
   9.0285847e+00
   8.9800183e+00
   8.9313383e+00
   8.8825496e+00
   8.8336575e+00
   8.7846671e+00
   8.7355839e+00
   8.6864132e+00
   8.6371605e+00
   8.5878316e+00
   8.5384320e+00
   8.4889676e+00
   8.4394443e+00
   8.3898679e+00
   8.3402445e+00
   8.2905803e+00
   8.2408813e+00
   8.1911538e+00
   8.1414041e+00
   8.0916387e+00
   8.0418638e+00
   7.9920860e+00
   7.9423119e+00
   7.8925479e+00
   7.8428008e+00
   7.7930772e+00
   7.7433839e+00
   7.6937274e+00
   7.6441147e+00
   7.5945525e+00
   7.5450475e+00
   7.4956068e+00
   7.4462369e+00
   7.3969449e+00
   7.3477376e+00
   7.2986217e+00
   7.2496042e+00
   7.2006918e+00
   7.1518913e+00
   7.1032096e+00
   7.0546533e+00
   7.0062291e+00
   6.9579438e+00
   6.9098040e+00
   6.8618163e+00
   6.8139872e+00
   6.7663231e+00
   6.7188306e+00
   6.6715159e+00
   6.6243853e+00
   6.5774451e+00
   6.5307013e+00
   6.4841599e+00
   6.4378271e+00
   6.3917085e+00
   6.3458100e+00
   6.3001371e+00
   6.2546956e+00
   6.2094907e+00
   6.1645279e+00
   6.1198123e+00
   6.0753491e+00
   6.0311432e+00
   5.9871995e+00
   5.9435226e+00
   5.9001173e+00
   5.8569879e+00
   5.8141387e+00
   5.7715740e+00
   5.7292978e+00
   5.6873141e+00
   5.6456264e+00
   5.6042386e+00
   5.5631540e+00
   5.5223760e+00
   5.4819077e+00
   5.4417522e+00
   5.4019123e+00
   5.3623909e+00
   5.3231905e+00
   5.2843134e+00
   5.2457621e+00
   5.2075386e+00
   5.1696450e+00
   5.1320830e+00
   5.0948543e+00
   5.0579606e+00
   5.0214032e+00
   4.9851834e+00
   4.9493022e+00
   4.9137608e+00
   4.8785598e+00
   4.8437000e+00
   4.8091820e+00
   4.7750062e+00
   4.7411729e+00
   4.7076823e+00
   4.6745344e+00
   4.6417291e+00
   4.6092663e+00
   4.5771456e+00
   4.5453665e+00
   4.5139286e+00
   4.4828311e+00
   4.4520733e+00
   4.4216543e+00
   4.3915731e+00
   4.3618286e+00
   4.3324196e+00
   4.3033449e+00
   4.2746031e+00
   4.2461927e+00
   4.2181121e+00
   4.1903598e+00
   4.1629340e+00
   4.1358329e+00
   4.1090547e+00
   4.0825974e+00
   4.0564591e+00
   4.0306376e+00
   4.0051309e+00
   3.9799366e+00
   3.9550527e+00
   3.9304767e+00
   3.9062063e+00
   3.8822392e+00
   3.8585727e+00
   3.8352046e+00
   3.8121321e+00
   3.7893528e+00
   3.7668640e+00
   3.7446631e+00
   3.7227473e+00
   3.7011140e+00
   3.6797605e+00
   3.6586840e+00
   3.6378816e+00
   3.6173506e+00
   3.5970883e+00
   3.5770916e+00
   3.5573578e+00
   3.5378841e+00
   3.5186674e+00
   3.4997050e+00
   3.4809940e+00
   3.4625315e+00
   3.4443145e+00
   3.4263402e+00
   3.4086056e+00
   3.3911079e+00
   3.3738442e+00
   3.3568115e+00
   3.3400070e+00
   3.3234278e+00
   3.3070711e+00
   3.2909338e+00
   3.2750133e+00
   3.2593066e+00
