   7.7514110e-01
   7.7474376e-01
   7.7434665e-01
   7.7394977e-01
   7.7355312e-01
   7.7315670e-01
   7.7276050e-01
   7.7236454e-01
   7.7196881e-01
   7.7157331e-01
   7.7117804e-01
   7.7078299e-01
   7.7038817e-01
   7.6999359e-01
   7.6959923e-01
   7.6920510e-01
   7.6881119e-01
   7.6841752e-01
   7.6802407e-01
   7.6763085e-01
   7.6723786e-01
   7.6684509e-01
   7.6645256e-01
   7.6606024e-01
   7.6566816e-01
   7.6527630e-01
   7.6488467e-01
   7.6449326e-01
   7.6410208e-01
   7.6371113e-01
   7.6332040e-01
   7.6292989e-01
   7.6253961e-01
   7.6214956e-01
   7.6175973e-01
   7.6137013e-01
   7.6098075e-01
   7.6059159e-01
   7.6020266e-01
   7.5981395e-01
   7.5942547e-01
   7.5903721e-01
   7.5864917e-01
   7.5826136e-01
   7.5787377e-01
   7.5748640e-01
   7.5709926e-01
   7.5671233e-01
   7.5632563e-01
   7.5593916e-01
   7.5555290e-01
   7.5516687e-01
   7.5478106e-01
   7.5439547e-01
   7.5401010e-01
   7.5362495e-01
   7.5324002e-01
   7.5285532e-01
   7.5247083e-01
   7.5208657e-01
   7.5170252e-01
   7.5131870e-01
   7.5093510e-01
   7.5055171e-01
   7.5016855e-01
   7.4978560e-01
   7.4940288e-01
   7.4902037e-01
   7.4863808e-01
   7.4825602e-01
   7.4787417e-01
   7.4749253e-01
   7.4711112e-01
   7.4672993e-01
   7.4634895e-01
   7.4596819e-01
   7.4558765e-01
   7.4520733e-01
   7.4482722e-01
   7.4444733e-01
   7.4406766e-01
   7.4368820e-01
   7.4330897e-01
   7.4292994e-01
   7.4255114e-01
   7.4217255e-01
   7.4179418e-01
   7.4141602e-01
   7.4103808e-01
   7.4066035e-01
   7.4028284e-01
   7.3990554e-01
   7.3952846e-01
   7.3915160e-01
   7.3877495e-01
   7.3839851e-01
   7.3802229e-01
   7.3764628e-01
   7.3727049e-01
   7.3689491e-01
   7.3651954e-01
   7.3614439e-01
   7.3576945e-01
   7.3539473e-01
   7.3502021e-01
   7.3464591e-01
   7.3427183e-01
   7.3389795e-01
   7.3352429e-01
   7.3315084e-01
   7.3277761e-01
   7.3240458e-01
   7.3203177e-01
   7.3165917e-01
   7.3128678e-01
   7.3091460e-01
   7.3054263e-01
   7.3017088e-01
   7.2979933e-01
   7.2942800e-01
   7.2905687e-01
   7.2868596e-01
   7.2831526e-01
   7.2794476e-01
   7.2757448e-01
   7.2720441e-01
   7.2683454e-01
   7.2646489e-01
   7.2609544e-01
   7.2572621e-01
   7.2535718e-01
   7.2498836e-01
   7.2461976e-01
   7.2425136e-01
   7.2388316e-01
   7.2351518e-01
   7.2314740e-01
   7.2277984e-01
   7.2241248e-01
   7.2204532e-01
   7.2167838e-01
   7.2131164e-01
   7.2094511e-01
   7.2057879e-01
   7.2021267e-01
   7.1984676e-01
   7.1948106e-01
   7.1911556e-01
   7.1875027e-01
   7.1838519e-01
   7.1802031e-01
   7.1765564e-01
   7.1729117e-01
   7.1692691e-01
   7.1656285e-01
   7.1619900e-01
   7.1583536e-01
   7.1547192e-01
   7.1510868e-01
   7.1474565e-01
   7.1438282e-01
   7.1402020e-01
   7.1365778e-01
   7.1329557e-01
   7.1293356e-01
   7.1257175e-01
   7.1221015e-01
   7.1184875e-01
   7.1148755e-01
   7.1112656e-01
   7.1076577e-01
   7.1040518e-01
   7.1004480e-01
   7.0968461e-01
   7.0932463e-01
   7.0896486e-01
   7.0860528e-01
   7.0824591e-01
   7.0788673e-01
   7.0752776e-01
   7.0716899e-01
   7.0681043e-01
   7.0645206e-01
   7.0609390e-01
   7.0573593e-01
   7.0537817e-01
   7.0502061e-01
   7.0466324e-01
   7.0430608e-01
   7.0394912e-01
   7.0359236e-01
   7.0323579e-01
   7.0287943e-01
   7.0252327e-01
   7.0216731e-01
   7.0181154e-01
   7.0145598e-01
   7.0110061e-01
   7.0074545e-01
   7.0039048e-01
   7.0003571e-01
   6.9968114e-01
   6.9932677e-01
   6.9897259e-01
   6.9861861e-01
   6.9826484e-01
   6.9791126e-01
   6.9755787e-01
   6.9720469e-01
   6.9685170e-01
   6.9649891e-01
   6.9614631e-01
   6.9579392e-01
   6.9544172e-01
   6.9508971e-01
   6.9473790e-01
   6.9438629e-01
   6.9403488e-01
   6.9368366e-01
   6.9333264e-01
   6.9298181e-01
   6.9263118e-01
   6.9228074e-01
   6.9193050e-01
   6.9158046e-01
   6.9123061e-01
   6.9088095e-01
   6.9053149e-01
   6.9018222e-01
   6.8983315e-01
   6.8948428e-01
   6.8913559e-01
   6.8878710e-01
   6.8843881e-01
   6.8809071e-01
   6.8774280e-01
   6.8739509e-01
   6.8704757e-01
   6.8670024e-01
   6.8635311e-01
   6.8600617e-01
   6.8565942e-01
   6.8531286e-01
   6.8496650e-01
   6.8462033e-01
   6.8427435e-01
   6.8392857e-01
   6.8358297e-01
   6.8323757e-01
   6.8289236e-01
   6.8254735e-01
   6.8220252e-01
   6.8185788e-01
   6.8151344e-01
   6.8116919e-01
   6.8082512e-01
   6.8048125e-01
   6.8013757e-01
   6.7979408e-01
   6.7945078e-01
   6.7910767e-01
   6.7876476e-01
   6.7842203e-01
   6.7807949e-01
   6.7773714e-01
   6.7739498e-01
   6.7705301e-01
   6.7671123e-01
   6.7636964e-01
   6.7602823e-01
   6.7568702e-01
   6.7534600e-01
   6.7500516e-01
   6.7466451e-01
   6.7432405e-01
   6.7398378e-01
   6.7364370e-01
   6.7330381e-01
   6.7296410e-01
   6.7262458e-01
   6.7228525e-01
   6.7194611e-01
   6.7160715e-01
   6.7126838e-01
   6.7092980e-01
   6.7059141e-01
   6.7025320e-01
   6.6991518e-01
   6.6957734e-01
   6.6923970e-01
   6.6890223e-01
   6.6856496e-01
   6.6822787e-01
   6.6789097e-01
   6.6755425e-01
   6.6721772e-01
   6.6688137e-01
   6.6654521e-01
   6.6620924e-01
   6.6587345e-01
   6.6553784e-01
   6.6520242e-01
   6.6486718e-01
   6.6453213e-01
   6.6419727e-01
   6.6386259e-01
   6.6352809e-01
   6.6319377e-01
   6.6285965e-01
   6.6252570e-01
   6.6219194e-01
   6.6185836e-01
   6.6152497e-01
   6.6119176e-01
   6.6085873e-01
   6.6052588e-01
   6.6019322e-01
   6.5986074e-01
   6.5952845e-01
   6.5919633e-01
   6.5886440e-01
   6.5853265e-01
   6.5820109e-01
   6.5786971e-01
   6.5753850e-01
   6.5720748e-01
   6.5687665e-01
   6.5654599e-01
   6.5621551e-01
   6.5588522e-01
   6.5555511e-01
   6.5522518e-01
   6.5489543e-01
   6.5456586e-01
   6.5423647e-01
   6.5390726e-01
   6.5357823e-01
   6.5324939e-01
   6.5292072e-01
   6.5259223e-01
   6.5226393e-01
   6.5193580e-01
   6.5160785e-01
   6.5128009e-01
   6.5095250e-01
   6.5062509e-01
   6.5029786e-01
   6.4997081e-01
   6.4964394e-01
   6.4931725e-01
   6.4899074e-01
   6.4866440e-01
   6.4833825e-01
   6.4801227e-01
   6.4768647e-01
   6.4736085e-01
   6.4703541e-01
   6.4671015e-01
   6.4638506e-01
   6.4606015e-01
   6.4573542e-01
   6.4541087e-01
   6.4508649e-01
   6.4476229e-01
   6.4443827e-01
   6.4411442e-01
   6.4379075e-01
   6.4346726e-01
   6.4314395e-01
   6.4282081e-01
   6.4249785e-01
   6.4217506e-01
   6.4185245e-01
   6.4153002e-01
   6.4120776e-01
   6.4088568e-01
   6.4056377e-01
   6.4024204e-01
   6.3992049e-01
   6.3959911e-01
   6.3927791e-01
   6.3895688e-01
   6.3863602e-01
   6.3831534e-01
   6.3799484e-01
   6.3767451e-01
   6.3735435e-01
   6.3703437e-01
   6.3671456e-01
   6.3639493e-01
   6.3607547e-01
   6.3575619e-01
   6.3543708e-01
   6.3511814e-01
   6.3479938e-01
   6.3448079e-01
   6.3416237e-01
   6.3384413e-01
   6.3352606e-01
   6.3320816e-01
   6.3289043e-01
   6.3257288e-01
   6.3225550e-01
   6.3193830e-01
   6.3162126e-01
   6.3130440e-01
   6.3098771e-01
   6.3067119e-01
   6.3035485e-01
   6.3003867e-01
   6.2972267e-01
   6.2940684e-01
   6.2909118e-01
   6.2877569e-01
   6.2846038e-01
   6.2814523e-01
   6.2783026e-01
   6.2751545e-01
   6.2720082e-01
   6.2688636e-01
   6.2657207e-01
   6.2625795e-01
   6.2594400e-01
   6.2563022e-01
   6.2531661e-01
   6.2500317e-01
   6.2468990e-01
   6.2437680e-01
   6.2406387e-01
   6.2375111e-01
   6.2343852e-01
   6.2312609e-01
   6.2281384e-01
   6.2250176e-01
   6.2218984e-01
   6.2187810e-01
   6.2156652e-01
   6.2125511e-01
   6.2094387e-01
   6.2063280e-01
   6.2032190e-01
   6.2001116e-01
   6.1970060e-01
   6.1939020e-01
   6.1907997e-01
   6.1876990e-01
   6.1846001e-01
   6.1815028e-01
   6.1784072e-01
   6.1753133e-01
   6.1722210e-01
   6.1691304e-01
   6.1660415e-01
   6.1629543e-01
   6.1598687e-01
   6.1567848e-01
   6.1537025e-01
   6.1506219e-01
   6.1475430e-01
   6.1444658e-01
   6.1413902e-01
   6.1383162e-01
   6.1352440e-01
   6.1321734e-01
   6.1291044e-01
   6.1260371e-01
   6.1229714e-01
   6.1199075e-01
   6.1168451e-01
   6.1137844e-01
   6.1107254e-01
   6.1076680e-01
   6.1046123e-01
   6.1015582e-01
   6.0985057e-01
   6.0954549e-01
   6.0924057e-01
   6.0893582e-01
   6.0863124e-01
   6.0832681e-01
   6.0802255e-01
   6.0771846e-01
   6.0741453e-01
   6.0711076e-01
   6.0680715e-01
   6.0650371e-01
   6.0620043e-01
   6.0589732e-01
   6.0559437e-01
   6.0529158e-01
   6.0498895e-01
   6.0468649e-01
   6.0438419e-01
   6.0408205e-01
   6.0378008e-01
   6.0347827e-01
   6.0317662e-01
   6.0287513e-01
   6.0257380e-01
   6.0227264e-01
   6.0197164e-01
   6.0167080e-01
   6.0137012e-01
   6.0106960e-01
   6.0076925e-01
   6.0046905e-01
   6.0016902e-01
   5.9986915e-01
   5.9956943e-01
   5.9926988e-01
   5.9897050e-01
   5.9867127e-01
   5.9837220e-01
   5.9807329e-01
   5.9777454e-01
   5.9747596e-01
   5.9717753e-01
   5.9687926e-01
   5.9658116e-01
   5.9628321e-01
   5.9598542e-01
   5.9568780e-01
   5.9539033e-01
   5.9509302e-01
   5.9479587e-01
   5.9449888e-01
   5.9420205e-01
   5.9390538e-01
   5.9360887e-01
   5.9331252e-01
   5.9301632e-01
   5.9272028e-01
   5.9242441e-01
   5.9212869e-01
   5.9183313e-01
   5.9153772e-01
   5.9124248e-01
   5.9094739e-01
   5.9065246e-01
   5.9035769e-01
   5.9006308e-01
   5.8976863e-01
   5.8947433e-01
   5.8918019e-01
   5.8888621e-01
   5.8859238e-01
   5.8829871e-01
   5.8800520e-01
   5.8771184e-01
   5.8741865e-01
   5.8712561e-01
   5.8683272e-01
   5.8653999e-01
   5.8624742e-01
   5.8595501e-01
   5.8566275e-01
   5.8537065e-01
   5.8507870e-01
   5.8478691e-01
   5.8449527e-01
   5.8420379e-01
   5.8391306e-01
   6.5228927e-01
   7.1672568e-01
   7.7743268e-01
   8.3463238e-01
   8.8852655e-01
   9.3929936e-01
   9.8711914e-01
   1.0321399e+00
   1.0745031e+00
   1.1143383e+00
   1.1517657e+00
   1.1868967e+00
   1.2198361e+00
   1.2506832e+00
   1.2795334e+00
   1.3064801e+00
   1.3316159e+00
   1.3550337e+00
   1.3768280e+00
   1.3970944e+00
   1.4159292e+00
   1.4334250e+00
   1.4496626e+00
   1.4646928e+00
   1.4784948e+00
   1.4908783e+00
   1.5012366e+00
   1.5078665e+00
   1.5059056e+00
   1.4805096e+00
   1.3835013e+00
   1.0656120e+00
   5.2178918e-01
   2.9727922e-01
   2.2950521e-01
   2.0490668e-01
   1.9483910e-01
   1.9093365e-01
   1.8983285e-01
   1.9011384e-01
   1.9119581e-01
   1.9283872e-01
   1.9493184e-01
   1.9741213e-01
   2.0023418e-01
   2.0335952e-01
   2.0675318e-01
   2.1038259e-01
   2.1421719e-01
   2.1822854e-01
   2.2949563e-01
   2.4121217e-01
   2.5334371e-01
   2.6534443e-01
   2.7719275e-01
   2.8886947e-01
   3.0035738e-01
   3.1164109e-01
   3.2270685e-01
   3.3354251e-01
   3.4413732e-01
   3.5448198e-01
   3.6456854e-01
   3.7439034e-01
   3.8394198e-01
   3.9321927e-01
   4.0221915e-01
   4.1093967e-01
   4.1937984e-01
   4.2753982e-01
   4.3542045e-01
   4.4302362e-01
   4.5035185e-01
   4.5740846e-01
   4.6419736e-01
   4.7072305e-01
   4.7699053e-01
   4.8300528e-01
   4.8877314e-01
   4.9430030e-01
   4.9959319e-01
   5.0465851e-01
   5.0950312e-01
   5.1413396e-01
   5.1855819e-01
   5.2278280e-01
   5.2681502e-01
   5.3066204e-01
   5.3433091e-01
   5.3782859e-01
   5.4116205e-01
   5.4433811e-01
   5.4736344e-01
   5.5024468e-01
   5.5298822e-01
   5.5560039e-01
   5.5808721e-01
   5.6045461e-01
   5.6270828e-01
   5.6485399e-01
   5.6689699e-01
   5.6884258e-01
   5.7069578e-01
   5.7246145e-01
   5.7414417e-01
   5.7574858e-01
   5.7727887e-01
   5.7873917e-01
   5.8013355e-01
   5.8146572e-01
   5.8273941e-01
   5.8395805e-01
   5.8512504e-01
   5.8624358e-01
   5.8731669e-01
   5.8834723e-01
   5.8933805e-01
   5.9029174e-01
   5.9121091e-01
   5.9209791e-01
   5.9295503e-01
   5.9378443e-01
   5.9458825e-01
   5.9536848e-01
   5.9612684e-01
   5.9686525e-01
   5.9758534e-01
   5.9828875e-01
   5.9897690e-01
   5.9965145e-01
   6.0031358e-01
   6.0096463e-01
   6.0160582e-01
   6.0223832e-01
   6.0286324e-01
   6.0348167e-01
   6.0409455e-01
   6.0470291e-01
   6.0530753e-01
   6.0590922e-01
   6.0650879e-01
   6.0710702e-01
   6.0770468e-01
   6.0830232e-01
   6.0890062e-01
   6.0950016e-01
   6.1010152e-01
   6.1070519e-01
   6.1131175e-01
   6.1192158e-01
   6.1253513e-01
   6.1315278e-01
   6.1377515e-01
   6.1440236e-01
   6.1503489e-01
   6.1567303e-01
   6.1631713e-01
   6.1696749e-01
   6.1762431e-01
   6.1828786e-01
   6.1895848e-01
   6.1963640e-01
   6.2032178e-01
   6.2101488e-01
   6.2171585e-01
   6.2242489e-01
   6.2314218e-01
   6.2386796e-01
   6.2460228e-01
   6.2534535e-01
   6.2609727e-01
   6.2685829e-01
   6.2762853e-01
   6.2840802e-01
   6.2919691e-01
   6.2999531e-01
   6.3080343e-01
   6.3162134e-01
   6.3244915e-01
   6.3328695e-01
   6.3413485e-01
   6.3499294e-01
   6.3586146e-01
   6.3674036e-01
   6.3762980e-01
   6.3852984e-01
   6.3944062e-01
   6.4036224e-01
   6.4129481e-01
   6.4223839e-01
   6.4319317e-01
   6.4415923e-01
   6.4513670e-01
   6.4612563e-01
   6.4712621e-01
   6.4813855e-01
   6.4916268e-01
   6.5019881e-01
   6.5124702e-01
   6.5230752e-01
   6.5338041e-01
   6.5446583e-01
   6.5556401e-01
   6.5667503e-01
   6.5779907e-01
   6.5893629e-01
   6.6008687e-01
   6.6125093e-01
   6.6242875e-01
   6.6362049e-01
   6.6482634e-01
   6.6604657e-01
   6.6728128e-01
   6.6853073e-01
   6.6979517e-01
   6.7107486e-01
   6.7237001e-01
   6.7368083e-01
   6.7500772e-01
   6.7635082e-01
   6.7771046e-01
   6.7908683e-01
   6.8048028e-01
   6.8189108e-01
   6.8331950e-01
   6.8476585e-01
   6.8623040e-01
   6.8771342e-01
   6.8921523e-01
   6.9073613e-01
   6.9227639e-01
   6.9383630e-01
   6.9541610e-01
   6.9701607e-01
   6.9863644e-01
   7.0027743e-01
   7.0193923e-01
   7.0362203e-01
   7.0532596e-01
   7.0705113e-01
   7.0879760e-01
   7.1056540e-01
   7.1235450e-01
   7.1416481e-01
   7.1599620e-01
   7.1784847e-01
   7.1972135e-01
   7.2161449e-01
   7.2352749e-01
   7.2545984e-01
   7.2741100e-01
   7.2938030e-01
   7.3136703e-01
   7.3337038e-01
   7.3538949e-01
   7.3742341e-01
   7.3947114e-01
   7.4153162e-01
   7.4360373e-01
   7.4568631e-01
   7.4777819e-01
   7.4987815e-01
   7.5198496e-01
   7.5409740e-01
   7.5621424e-01
   7.5833429e-01
   7.6045634e-01
   7.6257926e-01
   7.6470193e-01
   7.6682327e-01
   7.6894227e-01
   7.7105797e-01
   7.7316947e-01
   7.7527591e-01
   7.7737652e-01
   7.7947057e-01
   7.8155741e-01
   7.8363644e-01
   7.8570713e-01
   7.8776899e-01
   7.8982161e-01
   7.9186461e-01
   7.9389767e-01
   7.9592052e-01
   7.9793293e-01
   7.9993471e-01
   8.0192571e-01
   8.0390582e-01
   8.0587493e-01
   8.0783301e-01
   8.0978001e-01
   8.1171593e-01
   8.1364078e-01
   8.1555459e-01
   8.1745740e-01
   8.1934927e-01
   8.2123028e-01
   8.2310050e-01
   8.2496004e-01
   8.2680898e-01
   8.2864744e-01
   8.3047552e-01
   8.3229334e-01
   8.3410101e-01
   8.3589866e-01
   8.3768641e-01
   8.3946439e-01
   8.4123270e-01
   8.4299149e-01
   8.4474087e-01
   8.4648097e-01
   8.4821190e-01
   8.4993379e-01
   8.5164677e-01
   8.5335093e-01
   8.5504639e-01
   8.5673328e-01
   8.5841170e-01
   8.6008177e-01
   8.6174358e-01
   8.6339725e-01
   8.6504287e-01
   8.6668055e-01
   8.6831039e-01
   8.6993248e-01
   8.7154691e-01
   8.7315378e-01
   8.7475318e-01
   8.7634519e-01
   8.7792990e-01
   8.7950741e-01
   8.8107777e-01
   8.8264109e-01
   8.8419744e-01
   8.8574689e-01
   8.8728952e-01
   8.8882541e-01
   8.9035463e-01
   8.9187726e-01
   8.9339335e-01
   8.9490299e-01
   8.9640623e-01
   8.9790316e-01
   8.9939382e-01
   9.0087830e-01
   9.0235665e-01
   9.0382893e-01
   9.0529521e-01
   9.0675555e-01
   9.0821001e-01
   9.0965865e-01
   9.1110153e-01
   9.1253871e-01
   9.1397025e-01
   9.1539619e-01
   9.1681661e-01
   9.1823155e-01
   9.1964108e-01
   9.2104524e-01
   9.2244409e-01
   9.2383769e-01
   9.2522608e-01
   9.2660933e-01
   9.2798748e-01
   9.2936059e-01
   9.3072870e-01
   9.3209188e-01
   9.3345016e-01
   9.3480360e-01
   9.3615226e-01
   9.3749617e-01
   9.3883539e-01
   9.4016997e-01
   9.4149996e-01
   9.4282540e-01
   9.4414635e-01
   9.4546284e-01
   9.4677493e-01
   9.4808266e-01
   9.4938609e-01
   9.5068524e-01
   9.5198018e-01
   9.5327095e-01
   9.5455758e-01
   9.5584013e-01
   9.5711865e-01
   9.5839316e-01
   9.5966372e-01
   9.6093037e-01
   9.6219315e-01
   9.6345211e-01
   9.6470729e-01
   9.6595872e-01
   9.6720645e-01
   9.6845052e-01
   9.6969097e-01
   9.7092785e-01
   9.7216118e-01
   9.7339102e-01
   9.7461739e-01
   9.7584034e-01
   9.7705991e-01
   9.7827613e-01
   9.7948904e-01
   9.8069869e-01
   9.8190509e-01
   9.8310830e-01
   9.8430835e-01
   9.8550528e-01
   9.8669911e-01
   9.8788989e-01
   9.8907764e-01
   9.9026241e-01
   9.9144423e-01
   9.9262313e-01
   9.9379915e-01
   9.9497231e-01
   9.9614265e-01
   9.9731020e-01
   9.9847500e-01
   9.9963708e-01
   1.0007965e+00
   1.0019532e+00
   1.0031073e+00
   1.0042587e+00
   1.0054077e+00
   1.0065540e+00
   1.0076979e+00
   1.0088393e+00
   1.0099782e+00
   1.0111147e+00
   1.0122487e+00
   1.0133805e+00
   1.0145098e+00
   1.0156369e+00
   1.0167616e+00
   1.0178841e+00
   1.0190043e+00
   1.0201224e+00
   1.0212382e+00
   1.0223519e+00
   1.0234634e+00
   1.0245728e+00
   1.0256802e+00
   1.0267854e+00
   1.0278886e+00
   1.0289898e+00
   1.0300890e+00
   1.0311862e+00
   1.0322815e+00
   1.0333748e+00
   1.0344662e+00
   1.0355557e+00
   1.0366434e+00
   1.0377292e+00
   1.0388131e+00
   1.0398953e+00
   1.0409757e+00
   1.0420543e+00
   1.0431312e+00
   1.0442063e+00
   1.0452797e+00
   1.0463515e+00
   1.0474215e+00
   1.0484900e+00
   1.0495567e+00
   1.0506219e+00
   1.0516854e+00
   1.0527474e+00
   1.0538078e+00
   1.0548667e+00
   1.0559240e+00
   1.0569798e+00
   1.0580341e+00
   1.0590870e+00
   1.0601383e+00
   1.0611882e+00
   1.0622367e+00
   1.0632837e+00
   1.0643294e+00
   1.0653736e+00
   1.0664165e+00
   1.0674580e+00
   1.0684982e+00
   1.0695370e+00
   1.0705745e+00
   1.0716107e+00
   1.0726456e+00
   1.0736792e+00
   1.0747116e+00
   1.0757427e+00
   1.0767725e+00
   1.0778012e+00
   1.0788286e+00
   1.0798548e+00
   1.0808798e+00
   1.0819036e+00
   1.0829263e+00
   1.0839478e+00
   1.0849682e+00
   1.0859874e+00
   1.0870055e+00
   1.0880225e+00
   1.0890384e+00
   1.0900533e+00
   1.0910670e+00
   1.0920796e+00
   1.0930912e+00
   1.0941018e+00
   1.0951113e+00
   1.0961198e+00
   1.0971273e+00
   1.0981337e+00
   1.0991392e+00
   1.1001437e+00
   1.1011472e+00
   1.1021497e+00
   1.1031513e+00
   1.1041519e+00
   1.1051515e+00
   1.1061503e+00
   1.1071481e+00
   1.1081450e+00
   1.1091409e+00
   1.1101360e+00
   1.1111302e+00
   1.1121235e+00
   1.1131159e+00
   1.1141075e+00
   1.1150982e+00
   1.1160880e+00
   1.1170770e+00
   1.1180651e+00
   1.1190525e+00
   1.1200390e+00
   1.1210246e+00
   1.1220095e+00
   1.1229936e+00
   1.1239769e+00
   1.1249594e+00
   1.1259411e+00
   1.1269220e+00
   1.1279022e+00
   1.1288816e+00
   1.1298602e+00
   1.1308381e+00
   1.1318153e+00
   1.1327917e+00
   1.1337674e+00
   1.1347424e+00
   1.1357166e+00
   1.1366902e+00
   1.1376630e+00
   1.1386352e+00
   1.1396066e+00
   1.1405774e+00
   1.1415475e+00
   1.1425169e+00
   1.1434856e+00
   1.1444537e+00
   1.1454211e+00
   1.1463879e+00
   1.1473540e+00
   1.1483194e+00
   1.1492843e+00
   1.1502484e+00
   1.1512120e+00
   1.1521750e+00
   1.1531373e+00
   1.1540990e+00
   1.1550601e+00
   1.1560206e+00
   1.1569805e+00
   1.1579398e+00
   1.1588985e+00
   1.1598566e+00
   1.1608142e+00
   1.1617712e+00
   1.1627276e+00
   1.1636834e+00
   1.1646387e+00
   1.1655934e+00
   1.1665476e+00
   1.1675012e+00
   1.1684543e+00
   1.1694068e+00
   1.1703588e+00
   1.1713102e+00
   1.1722612e+00
   1.1732116e+00
   1.1741615e+00
   1.1751108e+00
   1.1760597e+00
   1.1770080e+00
   1.1779559e+00
   1.1789032e+00
   1.1798501e+00
   1.1807964e+00
   1.1817423e+00
   1.1826877e+00
   1.1836326e+00
   1.1845770e+00
   1.1855209e+00
   1.1864644e+00
   1.1874074e+00
   1.1883499e+00
   1.1892920e+00
   1.1902336e+00
   1.1911748e+00
   1.1921155e+00
   1.1930557e+00
   1.1939955e+00
   1.1949349e+00
   1.1958738e+00
   1.1968124e+00
   1.1977504e+00
   1.1986881e+00
   1.1996253e+00
   1.2005621e+00
   1.2014985e+00
   1.2024344e+00
   1.2033700e+00
   1.2043051e+00
   1.2052398e+00
   1.2061741e+00
   1.2071081e+00
   1.2080416e+00
   1.2089747e+00
   1.2099075e+00
   1.2108398e+00
   1.2117718e+00
   1.2127034e+00
   1.2136346e+00
   1.2145654e+00
   1.2154958e+00
   1.2164259e+00
   1.2173556e+00
   1.2182849e+00
   1.2192139e+00
   1.2201425e+00
   1.2210708e+00
   1.2219986e+00
   1.2229262e+00
   1.2238534e+00
   1.2247802e+00
   1.2257067e+00
   1.2266328e+00
   1.2275587e+00
   1.2284841e+00
   1.2294093e+00
   1.2303340e+00
   1.2312585e+00
   1.2321827e+00
   1.2331065e+00
   1.2340299e+00
   1.2349531e+00
   1.2358760e+00
   1.2367985e+00
   1.2377207e+00
   1.2386426e+00
   1.2395642e+00
   1.2404855e+00
   1.2414065e+00
   1.2423271e+00
   1.2432475e+00
   1.2441676e+00
   1.2450874e+00
   1.2460068e+00
   1.2469260e+00
   1.2478449e+00
   1.2487636e+00
   1.2496819e+00
   1.2505999e+00
   1.2515177e+00
   1.2524352e+00
   1.2533524e+00
   1.2542693e+00
   1.2551860e+00
   1.2561024e+00
   1.2570185e+00
   1.2579344e+00
   1.2588500e+00
   1.2597653e+00
   1.2606804e+00
   1.2615952e+00
   1.2625097e+00
   1.2634240e+00
   1.2643381e+00
   1.2652519e+00
   1.2661654e+00
   1.2670788e+00
   1.2679918e+00
   1.2689046e+00
   1.2698172e+00
   1.2707296e+00
   1.2716417e+00
   1.2725535e+00
   1.2734652e+00
   1.2743766e+00
   1.2752878e+00
   1.2761987e+00
   1.2771094e+00
   1.2780199e+00
   1.2789302e+00
   1.2798403e+00
   1.2807501e+00
   1.2816598e+00
   1.2825692e+00
   1.2834784e+00
   1.2843874e+00
   1.2852961e+00
   1.2862047e+00
   1.2871131e+00
   1.2880213e+00
   1.2889292e+00
   1.2898370e+00
   1.2907446e+00
   1.2916519e+00
   1.2925591e+00
   1.2934661e+00
   1.2943729e+00
   1.2952795e+00
   1.2961859e+00
   1.2970922e+00
   1.2979982e+00
   1.2989041e+00
   1.2998097e+00
   1.3007153e+00
   1.3016206e+00
   1.3025257e+00
   1.3034307e+00
   1.3043355e+00
   1.3052402e+00
   1.3061446e+00
   1.3070489e+00
   1.3079531e+00
   1.3088570e+00
   1.3097608e+00
   1.3106645e+00
   1.3115680e+00
   1.3124713e+00
   1.3133745e+00
   1.3142775e+00
   1.3151804e+00
   1.3160831e+00
   1.3169857e+00
   1.3178881e+00
   1.3187904e+00
   1.3196925e+00
   1.3205945e+00
   1.3214963e+00
   1.3223980e+00
   1.3232996e+00
   1.3242010e+00
   1.3251023e+00
   1.3260035e+00
   1.3269045e+00
   1.3278054e+00
   1.3287062e+00
   1.3296068e+00
   1.3305073e+00
   1.3314077e+00
   1.3323080e+00
   1.3332082e+00
   1.3341082e+00
   1.3350081e+00
   1.3359079e+00
   1.3368076e+00
   1.3377071e+00
   1.3386066e+00
   1.3395059e+00
   1.3404052e+00
   1.3413043e+00
   1.3422033e+00
   1.3431022e+00
   1.3440011e+00
   1.3448998e+00
   1.3457984e+00
   1.3466969e+00
   1.3475953e+00
   1.3484936e+00
   1.3493919e+00
   1.3502900e+00
   1.3511881e+00
   1.3520860e+00
   1.3529839e+00
   1.3538817e+00
   1.3547794e+00
   1.3556770e+00
   1.3565745e+00
   1.3574720e+00
   1.3583694e+00
   1.3592666e+00
   1.3601639e+00
   1.3610610e+00
   1.3619581e+00
   1.3628551e+00
   1.3637520e+00
   1.3646489e+00
   1.3655457e+00
   1.3664424e+00
   1.3673391e+00
   1.3682357e+00
   1.3691322e+00
   1.3700287e+00
   1.3709252e+00
   1.3718215e+00
   1.3727178e+00
   1.3736141e+00
   1.3745103e+00
   1.3754065e+00
   1.3763026e+00
   1.3771987e+00
   1.3780947e+00
   1.3789906e+00
   1.3798866e+00
   1.3807825e+00
   1.3816783e+00
   1.3825741e+00
   1.3834699e+00
   1.3843656e+00
   1.3852613e+00
   1.3861570e+00
   1.3870526e+00
   1.3879482e+00
   1.3888438e+00
   1.3897394e+00
   1.3906349e+00
   1.3915304e+00
   1.3924259e+00
   1.3933213e+00
   1.3942168e+00
   1.3951122e+00
   1.3960076e+00
   1.3969030e+00
   1.3977984e+00
   1.3986937e+00
   1.3995891e+00
   1.4004845e+00
   1.4013798e+00
   1.4022751e+00
   1.4031705e+00
   1.4040658e+00
   1.4049611e+00
   1.4058564e+00
   1.4067518e+00
   1.4076471e+00
   1.4085424e+00
   1.4094378e+00
   1.4103331e+00
   1.4112285e+00
   1.4121239e+00
   1.4130193e+00
   1.4139147e+00
   1.4148101e+00
   1.4157055e+00
   1.4166010e+00
   1.4174964e+00
   1.4183919e+00
   1.4192875e+00
   1.4201830e+00
   1.4210786e+00
   1.4219742e+00
   1.4228698e+00
   1.4237655e+00
   1.4246612e+00
   1.4255569e+00
   1.4264527e+00
   1.4273485e+00
   1.4282443e+00
   1.4291402e+00
   1.4300361e+00
   1.4309321e+00
   1.4318281e+00
   1.4327242e+00
   1.4336203e+00
   1.4345164e+00
   1.4354127e+00
   1.4363089e+00
   1.4372053e+00
   1.4381016e+00
   1.4389981e+00
   1.4398946e+00
   1.4407912e+00
   1.4416878e+00
   1.4425845e+00
   1.4434813e+00
   1.4443781e+00
   1.4452750e+00
   1.4461720e+00
   1.4470690e+00
   1.4479661e+00
   1.4488634e+00
   1.4497606e+00
   1.4506580e+00
   1.4515554e+00
   1.4524530e+00
   1.4533506e+00
   1.4542483e+00
   1.4551461e+00
   1.4560440e+00
   1.4569420e+00
   1.4578400e+00
   1.4587382e+00
   1.4596365e+00
   1.4605349e+00
   1.4614333e+00
   1.4623319e+00
   1.4632306e+00
   1.4641294e+00
   1.4650283e+00
   1.4659273e+00
   1.4668264e+00
   1.4677257e+00
   1.4686250e+00
   1.4695245e+00
   1.4704241e+00
   1.4713238e+00
   1.4722236e+00
   1.4731236e+00
   1.4740237e+00
   1.4749239e+00
   1.4758243e+00
   1.4767248e+00
   1.4776254e+00
   1.4785261e+00
   1.4794270e+00
   1.4803281e+00
   1.4812293e+00
   1.4821306e+00
   1.4830321e+00
   1.4839337e+00
   1.4848354e+00
   1.4857374e+00
   1.4866395e+00
   1.4875417e+00
   1.4884441e+00
   1.4893466e+00
   1.4902494e+00
   1.4911522e+00
   1.4920553e+00
   1.4929585e+00
   1.4938619e+00
   1.4947654e+00
   1.4956692e+00
   1.4965731e+00
   1.4974772e+00
   1.4983814e+00
   1.4992859e+00
   1.5001905e+00
   1.5010954e+00
   1.5020004e+00
   1.5029056e+00
   1.5038110e+00
   1.5047166e+00
   1.5056224e+00
   1.5065284e+00
   1.5074345e+00
   1.5083409e+00
   1.5092475e+00
   1.5101544e+00
   1.5110614e+00
   1.5119686e+00
   1.5128761e+00
   1.5137837e+00
   1.5146916e+00
   1.5155997e+00
   1.5165080e+00
   1.5174166e+00
   1.5183254e+00
   1.5192344e+00
   1.5201436e+00
   1.5210531e+00
   1.5219628e+00
   1.5228728e+00
   1.5237830e+00
   1.5246934e+00
   1.5256041e+00
   1.5265150e+00
   1.5274262e+00
   1.5283377e+00
   1.5292494e+00
   1.5301613e+00
   1.5310735e+00
   1.5319860e+00
   1.5328988e+00
   1.5338118e+00
   1.5347251e+00
   1.5356386e+00
   1.5365524e+00
   1.5374665e+00
   1.5383809e+00
   1.5392956e+00
   1.5402105e+00
   1.5411258e+00
   1.5420413e+00
   1.5429571e+00
   1.5438732e+00
   1.5447896e+00
   1.5457064e+00
   1.5466234e+00
   1.5475407e+00
   1.5484583e+00
   1.5493762e+00
   1.5502945e+00
   1.5512131e+00
   1.5521319e+00
   1.5530511e+00
   1.5539706e+00
   1.5548905e+00
   1.5558107e+00
   1.5567312e+00
   1.5576520e+00
   1.5585732e+00
   1.5594947e+00
   1.5604165e+00
   1.5613387e+00
   1.5622613e+00
   1.5631842e+00
   1.5641074e+00
   1.5650310e+00
   1.5659550e+00
   1.5668793e+00
   1.5678040e+00
   1.5687290e+00
   1.5696544e+00
   1.5705802e+00
   1.5715064e+00
   1.5724329e+00
   1.5733598e+00
   1.5742871e+00
   1.5752148e+00
   1.5761428e+00
   1.5770713e+00
   1.5780002e+00
   1.5789294e+00
   1.5798591e+00
   1.5807891e+00
   1.5817196e+00
   1.5826504e+00
   1.5835817e+00
   1.5845134e+00
   1.5854455e+00
   1.5863781e+00
   1.5873110e+00
   1.5882444e+00
   1.5891782e+00
   1.5901124e+00
   1.5910471e+00
   1.5919822e+00
   1.5929178e+00
   1.5938538e+00
   1.5947902e+00
   1.5957271e+00
   1.5966645e+00
   1.5976023e+00
   1.5985406e+00
   1.5994793e+00
   1.6004185e+00
   1.6013582e+00
   1.6022983e+00
   1.6032389e+00
   1.6041800e+00
   1.6051216e+00
   1.6060637e+00
   1.6070062e+00
   1.6079493e+00
   1.6088928e+00
   1.6098368e+00
   1.6107814e+00
   1.6117264e+00
   1.6126720e+00
   1.6136180e+00
   1.6145646e+00
   1.6155117e+00
   1.6164593e+00
   1.6174074e+00
   1.6183561e+00
   1.6193053e+00
   1.6202550e+00
   1.6212053e+00
   1.6221561e+00
   1.6231075e+00
   1.6240594e+00
   1.6250118e+00
   1.6259649e+00
   1.6269184e+00
   1.6278726e+00
   1.6288273e+00
   1.6297825e+00
   1.6307384e+00
   1.6316948e+00
   1.6326518e+00
   1.6336094e+00
   1.6345675e+00
   1.6355263e+00
   1.6364856e+00
   1.6374456e+00
   1.6384061e+00
   1.6393673e+00
   1.6403291e+00
   1.6412914e+00
   1.6422544e+00
   1.6432180e+00
   1.6441823e+00
   1.6451471e+00
   1.6461126e+00
   1.6470788e+00
   1.6480455e+00
   1.6490129e+00
   1.6499810e+00
   1.6509497e+00
   1.6519190e+00
   1.6528890e+00
   1.6538597e+00
   1.6548310e+00
   1.6558030e+00
   1.6567757e+00
   1.6577491e+00
   1.6587231e+00
   1.6596978e+00
   1.6606732e+00
   1.6616493e+00
   1.6626261e+00
   1.6636036e+00
   1.6645818e+00
   1.6655607e+00
   1.6665403e+00
   1.6675206e+00
   1.6685016e+00
   1.6694834e+00
   1.6704659e+00
   1.6714491e+00
   1.6724331e+00
   1.6734178e+00
   1.6744032e+00
   1.6753894e+00
   1.6763763e+00
   1.6773640e+00
   1.6783525e+00
   1.6793417e+00
   1.6803317e+00
   1.6813225e+00
   1.6823140e+00
   1.6833063e+00
   1.6842994e+00
   1.6852933e+00
   1.6862880e+00
   1.6872835e+00
   1.6882797e+00
   1.6892768e+00
   1.6902747e+00
   1.6912734e+00
   1.6922730e+00
   1.6932733e+00
   1.6942745e+00
   1.6952765e+00
   1.6962793e+00
   1.6972830e+00
   1.6982876e+00
   1.6992929e+00
   1.7002992e+00
   1.7013063e+00
   1.7023142e+00
   1.7033230e+00
   1.7043327e+00
   1.7053433e+00
   1.7063547e+00
   1.7073671e+00
   1.7083803e+00
   1.7093944e+00
   1.7104094e+00
   1.7114253e+00
   1.7124421e+00
   1.7134599e+00
   1.7144785e+00
   1.7154981e+00
   1.7165186e+00
   1.7175400e+00
   1.7185624e+00
   1.7195857e+00
   1.7206099e+00
   1.7216351e+00
   1.7226613e+00
   1.7236884e+00
   1.7247164e+00
   1.7257455e+00
   1.7267755e+00
   1.7278065e+00
   1.7288384e+00
   1.7298714e+00
   1.7309054e+00
   1.7319403e+00
   1.7329762e+00
   1.7340132e+00
   1.7350512e+00
   1.7360901e+00
   1.7371301e+00
   1.7381712e+00
   1.7392132e+00
   1.7402563e+00
   1.7413004e+00
   1.7423456e+00
   1.7433919e+00
   1.7444391e+00
   1.7454875e+00
   1.7465369e+00
   1.7475874e+00
   1.7486389e+00
   1.7496916e+00
   1.7507453e+00
   1.7518001e+00
   1.7528560e+00
   1.7539130e+00
   1.7549712e+00
   1.7560304e+00
   1.7570907e+00
   1.7581522e+00
   1.7592148e+00
   1.7602785e+00
   1.7613434e+00
   1.7624094e+00
   1.7634766e+00
   1.7645449e+00
   1.7656144e+00
   1.7666850e+00
   1.7677568e+00
   1.7688298e+00
   1.7699039e+00
   1.7709793e+00
   1.7720558e+00
   1.7731335e+00
   1.7742125e+00
   1.7752926e+00
   1.7763740e+00
   1.7774565e+00
   1.7785403e+00
   1.7796254e+00
   1.7807116e+00
   1.7817991e+00
   1.7828879e+00
   1.7839779e+00
   1.7850691e+00
   1.7861616e+00
   1.7872554e+00
   1.7883505e+00
   1.7894468e+00
   1.7905444e+00
   1.7916433e+00
   1.7927435e+00
   1.7938451e+00
   1.7949479e+00
   1.7960520e+00
   1.7971575e+00
   1.7982642e+00
   1.7993723e+00
   1.8004818e+00
   1.8015926e+00
   1.8027047e+00
   1.8038182e+00
   1.8049330e+00
   1.8060493e+00
   1.8071668e+00
   1.8082858e+00
   1.8094062e+00
   1.8105279e+00
   1.8116510e+00
   1.8127756e+00
   1.8139015e+00
   1.8150289e+00
   1.8161577e+00
   1.8172879e+00
   1.8184195e+00
   1.8195526e+00
   1.8206871e+00
   1.8218231e+00
   1.8229605e+00
   1.8240994e+00
   1.8252398e+00
   1.8263816e+00
   1.8275249e+00
   1.8286697e+00
   1.8298160e+00
   1.8309638e+00
   1.8321132e+00
   1.8332640e+00
   1.8344163e+00
   1.8355702e+00
   1.8367256e+00
   1.8378825e+00
   1.8390410e+00
   1.8402011e+00
   1.8413627e+00
   1.8425258e+00
   1.8436906e+00
   1.8448569e+00
   1.8460248e+00
   1.8471943e+00
   1.8483653e+00
   1.8495380e+00
   1.8507123e+00
   1.8518883e+00
   1.8530658e+00
   1.8542450e+00
   1.8554258e+00
   1.8566083e+00
   1.8577924e+00
   1.8589781e+00
   1.8601656e+00
   1.8613547e+00
   1.8625455e+00
   1.8637379e+00
   1.8649321e+00
   1.8661279e+00
   1.8673255e+00
   1.8685248e+00
   1.8697258e+00
   1.8709285e+00
   1.8721330e+00
   1.8733392e+00
   1.8745471e+00
   1.8757569e+00
   1.8769683e+00
   1.8781816e+00
   1.8793966e+00
   1.8806134e+00
   1.8818320e+00
   1.8830524e+00
   1.8842746e+00
   1.8854986e+00
   1.8867244e+00
   1.8879521e+00
   1.8891816e+00
   1.8904129e+00
   1.8916461e+00
   1.8928812e+00
   1.8941181e+00
   1.8953569e+00
   1.8965975e+00
   1.8978401e+00
   1.8990845e+00
   1.9003309e+00
   1.9015791e+00
   1.9028293e+00
   1.9040814e+00
   1.9053355e+00
   1.9065914e+00
   1.9078494e+00
   1.9091093e+00
   1.9103711e+00
   1.9116349e+00
   1.9129007e+00
   1.9141685e+00
   1.9154383e+00
   1.9167101e+00
   1.9179839e+00
   1.9192597e+00
   1.9205375e+00
   1.9218174e+00
   1.9230994e+00
   1.9243833e+00
   1.9256694e+00
   1.9269575e+00
   1.9282476e+00
   1.9295399e+00
   1.9308343e+00
   1.9321307e+00
   1.9334293e+00
   1.9347300e+00
   1.9360328e+00
   1.9373377e+00
   1.9386448e+00
   1.9399540e+00
   1.9412654e+00
   1.9425790e+00
   1.9438947e+00
   1.9452127e+00
   1.9465328e+00
   1.9478551e+00
   1.9491796e+00
   1.9505064e+00
   1.9518353e+00
   1.9531666e+00
   1.9545000e+00
   1.9558357e+00
   1.9571737e+00
   1.9585139e+00
   1.9598565e+00
   1.9612013e+00
   1.9625484e+00
   1.9638978e+00
   1.9652495e+00
   1.9666036e+00
   1.9679600e+00
   1.9693187e+00
   1.9706798e+00
   1.9720433e+00
   1.9734091e+00
   1.9747773e+00
   1.9761479e+00
   1.9775209e+00
   1.9788963e+00
   1.9802741e+00
   1.9816543e+00
   1.9830370e+00
   1.9844221e+00
   1.9858097e+00
   1.9871997e+00
   1.9885922e+00
   1.9899872e+00
   1.9913847e+00
   1.9927847e+00
   1.9941872e+00
   1.9955922e+00
   1.9969998e+00
   1.9984099e+00
   1.9998226e+00
   2.0012378e+00
   2.0026555e+00
   2.0040759e+00
   2.0054989e+00
   2.0069244e+00
   2.0083526e+00
   2.0097834e+00
   2.0112168e+00
   2.0126528e+00
   2.0140915e+00
   2.0155329e+00
   2.0169769e+00
   2.0184237e+00
   2.0198731e+00
   2.0213252e+00
   2.0227800e+00
   2.0242376e+00
   2.0256979e+00
   2.0271609e+00
   2.0286267e+00
   2.0300952e+00
   2.0315666e+00
   2.0330407e+00
   2.0345176e+00
   2.0359973e+00
   2.0374799e+00
   2.0389652e+00
   2.0404534e+00
   2.0419445e+00
   2.0434384e+00
   2.0449352e+00
   2.0464349e+00
   2.0479375e+00
   2.0494430e+00
   2.0509514e+00
   2.0524627e+00
   2.0539770e+00
   2.0554942e+00
   2.0570144e+00
   2.0585375e+00
   2.0600637e+00
   2.0615928e+00
   2.0631249e+00
   2.0646601e+00
   2.0661983e+00
   2.0677395e+00
   2.0692838e+00
   2.0708312e+00
   2.0723816e+00
   2.0739352e+00
   2.0754918e+00
   2.0770515e+00
   2.0786144e+00
   2.0801804e+00
   2.0817496e+00
   2.0833219e+00
   2.0848973e+00
   2.0864760e+00
   2.0880579e+00
   2.0896430e+00
   2.0912313e+00
   2.0928228e+00
   2.0944176e+00
   2.0960156e+00
   2.0976169e+00
   2.0992215e+00
   2.1008294e+00
   2.1024406e+00
   2.1040551e+00
   2.1056729e+00
   2.1072941e+00
   2.1089187e+00
   2.1105466e+00
   2.1121779e+00
   2.1138126e+00
   2.1154507e+00
   2.1170922e+00
   2.1187372e+00
   2.1203856e+00
   2.1220375e+00
   2.1236929e+00
   2.1253517e+00
   2.1270140e+00
   2.1286799e+00
   2.1303493e+00
   2.1320222e+00
   2.1336987e+00
   2.1353787e+00
   2.1370624e+00
   2.1387496e+00
   2.1404404e+00
   2.1421349e+00
   2.1438330e+00
   2.1455347e+00
   2.1472401e+00
   2.1489492e+00
   2.1506620e+00
   2.1523785e+00
   2.1540987e+00
   2.1558226e+00
   2.1575503e+00
   2.1592817e+00
   2.1610169e+00
   2.1627559e+00
   2.1644987e+00
   2.1662453e+00
   2.1679958e+00
   2.1697501e+00
   2.1715082e+00
   2.1732703e+00
   2.1750362e+00
   2.1768060e+00
   2.1785798e+00
   2.1803574e+00
   2.1821391e+00
   2.1839247e+00
   2.1857142e+00
   2.1875078e+00
   2.1893054e+00
   2.1911069e+00
   2.1929126e+00
   2.1947222e+00
   2.1965360e+00
   2.1983538e+00
   2.2001757e+00
   2.2020018e+00
   2.2038319e+00
   2.2056663e+00
   2.2075047e+00
   2.2093474e+00
   2.2111942e+00
   2.2130452e+00
   2.2149005e+00
   2.2167600e+00
   2.2186237e+00
   2.2204917e+00
   2.2223640e+00
   2.2242406e+00
   2.2261215e+00
   2.2280068e+00
   2.2298964e+00
   2.2317903e+00
   2.2336886e+00
   2.2355914e+00
   2.2374985e+00
   2.2394101e+00
   2.2413261e+00
   2.2432465e+00
   2.2451715e+00
   2.2471009e+00
   2.2490348e+00
   2.2509733e+00
   2.2529163e+00
   2.2548638e+00
   2.2568160e+00
   2.2587727e+00
   2.2607340e+00
   2.2627000e+00
   2.2646706e+00
   2.2666458e+00
   2.2686257e+00
   2.2706104e+00
   2.2725997e+00
   2.2745937e+00
   2.2765925e+00
   2.2785961e+00
   2.2806044e+00
   2.2826175e+00
   2.2846354e+00
   2.2866582e+00
   2.2886858e+00
   2.2907182e+00
   2.2927555e+00
   2.2947978e+00
   2.2968449e+00
   2.2988970e+00
   2.3009540e+00
   2.3030160e+00
   2.3050829e+00
   2.3071549e+00
   2.3092319e+00
   2.3113139e+00
   2.3134010e+00
   2.3154931e+00
   2.3175904e+00
   2.3196927e+00
   2.3218002e+00
   2.3239128e+00
   2.3260305e+00
   2.3281535e+00
   2.3302816e+00
   2.3324149e+00
   2.3345535e+00
   2.3366973e+00
   2.3388464e+00
   2.3410008e+00
   2.3431605e+00
   2.3453255e+00
   2.3474958e+00
   2.3496715e+00
   2.3518526e+00
   2.3540390e+00
   2.3562309e+00
   2.3584282e+00
   2.3606309e+00
   2.3628392e+00
   2.3650529e+00
   2.3672721e+00
   2.3694968e+00
   2.3717270e+00
   2.3739629e+00
   2.3762043e+00
   2.3784512e+00
   2.3807038e+00
   2.3829621e+00
   2.3852260e+00
   2.3874955e+00
   2.3897707e+00
   2.3920517e+00
   2.3943383e+00
   2.3966307e+00
   2.3989289e+00
   2.4012328e+00
   2.4035426e+00
   2.4058581e+00
   2.4081795e+00
   2.4105068e+00
   2.4128399e+00
   2.4151789e+00
   2.4175238e+00
   2.4198746e+00
   2.4222314e+00
   2.4245941e+00
   2.4269628e+00
   2.4293375e+00
   2.4317183e+00
   2.4341051e+00
   2.4364979e+00
   2.4388968e+00
   2.4413018e+00
   2.4437129e+00
   2.4461301e+00
   2.4485535e+00
   2.4509830e+00
   2.4534188e+00
   2.4558607e+00
   2.4583088e+00
   2.4607632e+00
   2.4632239e+00
   2.4656908e+00
   2.4681640e+00
   2.4706435e+00
   2.4731294e+00
   2.4756216e+00
   2.4781202e+00
   2.4806251e+00
   2.4831365e+00
   2.4856542e+00
   2.4881785e+00
   2.4907091e+00
   2.4932463e+00
   2.4957899e+00
   2.4983400e+00
   2.5008967e+00
   2.5034599e+00
   2.5060297e+00
   2.5086060e+00
   2.5111890e+00
   2.5137785e+00
   2.5163747e+00
   2.5189775e+00
   2.5215871e+00
   2.5242032e+00
   2.5268261e+00
   2.5294557e+00
   2.5320921e+00
   2.5347352e+00
   2.5373850e+00
   2.5400417e+00
   2.5427051e+00
   2.5453754e+00
   2.5480525e+00
   2.5507365e+00
   2.5534273e+00
   2.5561250e+00
   2.5588296e+00
   2.5615411e+00
   2.5642596e+00
   2.5669850e+00
   2.5697174e+00
   2.5724567e+00
   2.5752031e+00
   2.5779564e+00
   2.5807168e+00
   2.5834843e+00
   2.5862588e+00
   2.5890403e+00
   2.5918290e+00
   2.5946248e+00
   2.5974276e+00
   2.6002376e+00
   2.6030548e+00
   2.6058791e+00
   2.6087106e+00
   2.6115493e+00
   2.6143952e+00
   2.6172484e+00
   2.6201087e+00
   2.6229763e+00
   2.6258512e+00
   2.6287333e+00
   2.6316227e+00
   2.6345195e+00
   2.6374235e+00
   2.6403349e+00
   2.6432536e+00
   2.6461797e+00
   2.6491131e+00
   2.6520539e+00
   2.6550021e+00
   2.6579578e+00
   2.6609208e+00
   2.6638912e+00
   2.6668691e+00
   2.6698545e+00
   2.6728473e+00
   2.6758475e+00
   2.6788553e+00
   2.6818706e+00
   2.6848933e+00
   2.6879236e+00
   2.6909614e+00
   2.6940068e+00
   2.6970597e+00
   2.7001201e+00
   2.7031881e+00
   2.7062637e+00
   2.7093469e+00
   2.7124377e+00
   2.7155361e+00
   2.7186421e+00
   2.7217557e+00
   2.7248769e+00
   2.7280058e+00
   2.7311424e+00
   2.7342866e+00
   2.7374384e+00
   2.7405979e+00
   2.7437651e+00
   2.7469400e+00
   2.7501226e+00
   2.7533129e+00
   2.7565109e+00
   2.7597166e+00
   2.7629300e+00
   2.7661511e+00
   2.7693800e+00
   2.7726166e+00
   2.7758610e+00
   2.7791131e+00
   2.7823729e+00
   2.7856405e+00
   2.7889159e+00
   2.7921990e+00
   2.7954899e+00
   2.7987886e+00
   2.8020951e+00
   2.8054093e+00
   2.8087313e+00
   2.8120612e+00
   2.8153988e+00
   2.8187442e+00
   2.8220974e+00
   2.8254584e+00
   2.8288272e+00
   2.8322039e+00
   2.8355883e+00
   2.8389806e+00
   2.8423806e+00
   2.8457885e+00
   2.8492042e+00
   2.8526277e+00
   2.8560590e+00
   2.8594982e+00
   2.8629451e+00
   2.8663999e+00
   2.8698625e+00
   2.8733329e+00
   2.8768112e+00
   2.8802972e+00
   2.8837911e+00
   2.8872928e+00
   2.8908024e+00
   2.8943197e+00
   2.8978449e+00
   2.9013779e+00
   2.9049187e+00
   2.9084673e+00
   2.9120237e+00
   2.9155879e+00
   2.9191600e+00
   2.9227398e+00
   2.9263275e+00
   2.9299230e+00
   2.9335262e+00
   2.9371373e+00
   2.9407562e+00
   2.9443828e+00
   2.9480173e+00
   2.9516595e+00
   2.9553096e+00
   2.9589674e+00
   2.9626330e+00
   2.9663064e+00
   2.9699875e+00
   2.9736764e+00
   2.9773731e+00
   2.9810776e+00
   2.9847898e+00
   2.9885098e+00
   2.9922375e+00
   2.9959730e+00
   2.9997162e+00
   3.0034672e+00
   3.0072259e+00
   3.0109923e+00
   3.0147665e+00
   3.0185484e+00
   3.0223381e+00
   3.0261354e+00
   3.0299405e+00
   3.0337533e+00
   3.0375738e+00
   3.0414020e+00
   3.0452380e+00
   3.0490816e+00
   3.0529329e+00
   3.0567919e+00
   3.0606586e+00
   3.0645330e+00
   3.0684151e+00
   3.0723049e+00
   3.0762023e+00
   3.0801074e+00
   3.0840202e+00
   3.0879406e+00
   3.0918687e+00
   3.0958045e+00
   3.0997479e+00
   3.1036990e+00
   3.1076578e+00
   3.1116242e+00
   3.1155982e+00
   3.1195799e+00
   3.1235692e+00
   3.1275662e+00
   3.1315708e+00
   3.1355831e+00
   3.1396030e+00
   3.1436305e+00
   3.1476657e+00
   3.1517085e+00
   3.1557589e+00
   3.1598170e+00
   3.1638827e+00
   3.1679560e+00
   3.1720370e+00
   3.1761256e+00
   3.1802218e+00
   3.1843256e+00
   3.1884371e+00
   3.1925562e+00
   3.1966829e+00
   3.2008173e+00
   3.2049593e+00
   3.2091089e+00
   3.2132662e+00
   3.2174311e+00
   3.2216037e+00
   3.2257838e+00
   3.2299717e+00
   3.2341671e+00
   3.2383702e+00
   3.2425810e+00
   3.2467994e+00
   3.2510254e+00
   3.2552591e+00
   3.2595005e+00
   3.2637495e+00
   3.2680062e+00
   3.2722706e+00
   3.2765426e+00
   3.2808223e+00
   3.2851097e+00
   3.2894048e+00
   3.2937075e+00
   3.2980180e+00
   3.3023361e+00
   3.3066619e+00
   3.3109955e+00
   3.3153367e+00
   3.3196857e+00
   3.3240423e+00
   3.3284067e+00
   3.3327789e+00
   3.3371587e+00
   3.3415463e+00
   3.3459416e+00
   3.3503447e+00
   3.3547555e+00
   3.3591741e+00
   3.3636004e+00
   3.3680345e+00
   3.3724763e+00
   3.3769260e+00
   3.3813834e+00
   3.3858486e+00
   3.3903216e+00
   3.3948023e+00
   3.3992909e+00
   3.4037872e+00
   3.4082914e+00
   3.4128034e+00
   3.4173231e+00
   3.4218507e+00
   3.4263861e+00
   3.4309293e+00
   3.4354804e+00
   3.4400392e+00
   3.4446059e+00
   3.4491804e+00
   3.4537627e+00
   3.4583529e+00
   3.4629509e+00
   3.4675567e+00
   3.4721704e+00
   3.4767919e+00
   3.4814212e+00
   3.4860583e+00
   3.4907033e+00
   3.4953561e+00
   3.5000167e+00
   3.5046851e+00
   3.5093614e+00
   3.5140454e+00
   3.5187373e+00
   3.5234369e+00
   3.5281444e+00
   3.5328596e+00
   3.5375827e+00
   3.5423134e+00
   3.5470520e+00
   3.5517983e+00
   3.5565524e+00
   3.5613142e+00
   3.5660837e+00
   3.5708609e+00
   3.5756458e+00
   3.5804384e+00
   3.5852387e+00
   3.5900466e+00
   3.5948622e+00
   3.5996854e+00
   3.6045162e+00
   3.6093546e+00
   3.6142005e+00
   3.6190540e+00
   3.6239150e+00
   3.6287835e+00
   3.6336595e+00
   3.6385429e+00
   3.6434338e+00
   3.6483320e+00
   3.6532377e+00
   3.6581506e+00
   3.6630709e+00
   3.6679985e+00
   3.6729333e+00
   3.6778753e+00
   3.6828245e+00
   3.6877808e+00
   3.6927443e+00
   3.6977148e+00
   3.7026924e+00
   3.7076769e+00
   3.7126684e+00
   3.7176669e+00
   3.7226721e+00
   3.7276842e+00
   3.7327031e+00
   3.7377287e+00
   3.7427609e+00
   3.7477998e+00
   3.7528453e+00
   3.7578973e+00
   3.7629557e+00
   3.7680206e+00
   3.7730918e+00
   3.7781693e+00
   3.7832531e+00
   3.7883430e+00
   3.7934391e+00
   3.7985412e+00
   3.8036493e+00
   3.8087633e+00
   3.8138832e+00
   3.8190088e+00
   3.8241402e+00
   3.8292772e+00
   3.8344199e+00
   3.8395680e+00
   3.8447215e+00
   3.8498804e+00
   3.8550445e+00
   3.8602139e+00
   3.8653883e+00
   3.8705678e+00
   3.8757522e+00
   3.8809415e+00
   3.8861356e+00
   3.8913343e+00
   3.8965377e+00
   3.9017455e+00
   3.9069578e+00
   3.9121744e+00
   3.9173953e+00
   3.9226202e+00
   3.9278493e+00
   3.9330822e+00
   3.9383190e+00
   3.9435595e+00
   3.9488037e+00
   3.9540514e+00
   3.9593026e+00
   3.9645570e+00
   3.9698147e+00
   3.9750755e+00
   3.9803393e+00
   3.9856059e+00
   3.9908754e+00
   3.9961475e+00
   4.0014221e+00
   4.0066992e+00
   4.0119786e+00
   4.0172602e+00
   4.0225438e+00
   4.0278294e+00
   4.0331168e+00
   4.0384059e+00
   4.0436966e+00
   4.0489887e+00
   4.0542822e+00
   4.0595768e+00
   4.0648725e+00
   4.0701691e+00
   4.0754665e+00
   4.0807645e+00
   4.0860631e+00
   4.0913621e+00
   4.0966612e+00
   4.1019605e+00
   4.1072598e+00
   4.1125588e+00
   4.1178575e+00
   4.1231558e+00
   4.1284534e+00
   4.1337503e+00
   4.1390462e+00
   4.1443410e+00
   4.1496346e+00
   4.1549269e+00
   4.1602175e+00
   4.1655065e+00
   4.1707937e+00
   4.1760788e+00
   4.1813617e+00
   4.1866423e+00
   4.1919204e+00
   4.1971959e+00
   4.2024684e+00
   4.2077380e+00
   4.2130044e+00
   4.2182675e+00
   4.2235270e+00
   4.2287828e+00
   4.2340347e+00
   4.2392826e+00
   4.2445263e+00
   4.2497655e+00
   4.2550002e+00
   4.2602300e+00
   4.2654549e+00
   4.2706746e+00
   4.2758890e+00
   4.2810978e+00
   4.2863009e+00
   4.2914980e+00
   4.2966891e+00
   4.3018738e+00
   4.3070520e+00
   4.3122234e+00
   4.3173879e+00
   4.3225453e+00
   4.3276953e+00
   4.3328378e+00
   4.3379725e+00
   4.3430992e+00
   4.3482177e+00
   4.3533278e+00
   4.3584292e+00
   4.3635218e+00
   4.3686053e+00
   4.3736794e+00
   4.3787441e+00
   4.3837989e+00
   4.3888438e+00
   4.3938784e+00
   4.3989025e+00
   4.4039159e+00
   4.4089184e+00
   4.4139096e+00
   4.4188894e+00
   4.4238574e+00
   4.4288135e+00
   4.4337574e+00
   4.4386888e+00
   4.4436075e+00
   4.4485132e+00
   4.4534056e+00
   4.4582845e+00
   4.4631496e+00
   4.4680006e+00
   4.4728373e+00
   4.4776594e+00
   4.4824665e+00
   4.4872584e+00
   4.4920348e+00
   4.4967955e+00
   4.5015401e+00
   4.5062683e+00
   4.5109798e+00
   4.5156744e+00
   4.5203517e+00
   4.5250114e+00
   4.5296532e+00
   4.5342767e+00
   4.5388817e+00
   4.5434679e+00
   4.5480348e+00
   4.5525822e+00
   4.5571098e+00
   4.5616171e+00
   4.5661039e+00
   4.5705698e+00
   4.5750145e+00
   4.5794375e+00
   4.5838386e+00
   4.5882174e+00
   4.5925736e+00
   4.5969066e+00
   4.6012163e+00
   4.6055021e+00
   4.6097638e+00
   4.6140009e+00
   4.6182130e+00
   4.6223998e+00
   4.6265608e+00
   4.6306956e+00
   4.6348039e+00
   4.6388852e+00
   4.6429391e+00
   4.6469652e+00
   4.6509630e+00
   4.6549321e+00
   4.6588721e+00
   4.6627826e+00
   4.6666630e+00
   4.6705130e+00
   4.6743320e+00
   4.6781197e+00
   4.6818755e+00
   4.6855990e+00
   4.6892897e+00
   4.6929471e+00
   4.6965707e+00
   4.7001600e+00
   4.7037146e+00
   4.7072339e+00
   4.7107173e+00
   4.7141645e+00
   4.7175748e+00
   4.7209478e+00
   4.7242829e+00
   4.7275795e+00
   4.7308371e+00
   4.7340552e+00
   4.7372331e+00
   4.7403704e+00
   4.7434665e+00
   4.7465207e+00
   4.7495324e+00
   4.7525012e+00
   4.7554264e+00
   4.7583073e+00
   4.7611434e+00
   4.7639341e+00
   4.7666787e+00
   4.7693765e+00
   4.7720271e+00
   4.7746296e+00
   4.7771834e+00
   4.7796880e+00
   4.7821425e+00
   4.7845464e+00
   4.7868990e+00
   4.7891994e+00
   4.7914472e+00
   4.7936415e+00
   4.7957816e+00
   4.7978669e+00
   4.7998965e+00
   4.8018698e+00
   4.8037860e+00
   4.8056443e+00
   4.8074441e+00
   4.8091844e+00
   4.8108646e+00
   4.8124838e+00
   4.8140413e+00
   4.8155363e+00
   4.8169679e+00
   4.8183354e+00
   4.8196379e+00
   4.8208746e+00
   4.8220446e+00
   4.8231471e+00
   4.8241812e+00
   4.8251461e+00
   4.8260409e+00
   4.8268647e+00
   4.8276166e+00
   4.8282958e+00
   4.8289012e+00
   4.8294321e+00
   4.8298875e+00
   4.8302664e+00
   4.8305679e+00
   4.8307912e+00
   4.8309351e+00
   4.8309988e+00
   4.8309812e+00
   4.8308815e+00
   4.8306986e+00
   4.8304316e+00
   4.8300794e+00
   4.8296410e+00
   4.8291154e+00
   4.8285017e+00
   4.8277987e+00
   4.8270054e+00
   4.8261209e+00
   4.8251440e+00
   4.8240737e+00
   4.8229090e+00
   4.8216488e+00
   4.8202920e+00
   4.8188375e+00
   4.8172843e+00
   4.8156313e+00
   4.8138774e+00
   4.8120215e+00
   4.8100625e+00
   4.8079993e+00
   4.8058309e+00
   4.8035561e+00
   4.8011737e+00
   4.7986828e+00
   4.7960822e+00
   4.7933707e+00
   4.7905474e+00
   4.7876110e+00
   4.7845604e+00
   4.7813946e+00
   4.7781124e+00
   4.7747128e+00
   4.7711947e+00
   4.7675568e+00
   4.7637982e+00
   4.7599178e+00
   4.7559144e+00
   4.7517871e+00
   4.7475347e+00
   4.7431561e+00
   4.7386503e+00
   4.7340164e+00
   4.7292531e+00
   4.7243596e+00
   4.7193348e+00
   4.7141776e+00
   4.7088872e+00
   4.7034626e+00
   4.6979027e+00
   4.6922067e+00
   4.6863737e+00
   4.6804026e+00
   4.6742928e+00
   4.6680432e+00
   4.6616531e+00
   4.6551216e+00
   4.6484480e+00
   4.6416315e+00
   4.6346713e+00
   4.6275668e+00
   4.6203173e+00
   4.6129221e+00
   4.6053806e+00
   4.5976923e+00
   4.5898565e+00
   4.5818728e+00
   4.5737407e+00
   4.5654597e+00
   4.5570295e+00
   4.5484498e+00
   4.5397201e+00
   4.5308403e+00
   4.5218101e+00
   4.5126294e+00
   4.5032979e+00
   4.4938158e+00
   4.4841828e+00
   4.4743991e+00
   4.4644648e+00
   4.4543799e+00
   4.4441447e+00
   4.4337594e+00
   4.4232244e+00
   4.4125400e+00
   4.4017066e+00
   4.3907247e+00
   4.3795950e+00
   4.3683180e+00
   4.3568943e+00
   4.3453249e+00
   4.3336104e+00
   4.3217518e+00
   4.3097501e+00
   4.2976062e+00
   4.2853213e+00
   4.2728965e+00
   4.2603332e+00
   4.2476325e+00
   4.2347959e+00
   4.2218248e+00
   4.2087209e+00
   4.1954856e+00
   4.1821207e+00
   4.1686279e+00
   4.1550091e+00
   4.1412660e+00
   4.1274008e+00
   4.1134155e+00
   4.0993121e+00
   4.0850928e+00
   4.0707599e+00
   4.0563158e+00
   4.0417627e+00
   4.0271032e+00
   4.0123398e+00
   3.9974750e+00
   3.9825115e+00
   3.9674521e+00
   3.9522994e+00
   3.9370564e+00
   3.9217258e+00
   3.9063107e+00
   3.8908140e+00
   3.8752388e+00
   3.8595882e+00
   3.8438652e+00
   3.8280732e+00
   3.8122152e+00
   3.7962946e+00
   3.7803146e+00
   3.7642787e+00
   3.7481901e+00
   3.7320522e+00
   3.7158685e+00
   3.6996425e+00
   3.6833775e+00
   3.6670770e+00
   3.6507446e+00
   3.6343838e+00
   3.6179980e+00
   3.6015909e+00
   3.5851658e+00
   3.5687264e+00
   3.5522762e+00
   3.5358186e+00
   3.5193572e+00
   3.5028956e+00
   3.4864370e+00
   3.4699851e+00
   3.4535433e+00
   3.4371150e+00
   3.4207036e+00
   3.4043124e+00
   3.3879448e+00
   3.3716041e+00
   3.3552936e+00
   3.3390164e+00
   3.3227758e+00
   3.3065750e+00
   3.2904169e+00
   3.2743048e+00
   3.2582415e+00
   3.2422300e+00
   3.2262733e+00
   3.2103741e+00
   3.1945353e+00
   3.1787596e+00
   3.1630496e+00
   3.1474080e+00
   3.1318372e+00
   3.1163399e+00
   3.1009184e+00
   3.0855751e+00
   3.0703122e+00
   3.0551319e+00
   3.0400365e+00
   3.0250280e+00
   3.0101084e+00
   2.9952797e+00
   2.9805437e+00
   2.9659022e+00
   2.9513570e+00
   2.9369098e+00
   2.9225621e+00
   2.9083155e+00
   2.8941714e+00
   2.8801312e+00
   2.8661962e+00
   2.8523676e+00
   2.8386468e+00
   2.8250346e+00
   2.8115323e+00
   2.7981408e+00
   2.7848610e+00
   2.7716937e+00
   2.7586397e+00
   2.7456998e+00
   2.7328745e+00
   2.7201646e+00
   2.7075705e+00
   2.6950928e+00
   2.6827317e+00
   2.6704877e+00
   2.6583612e+00
   2.6463523e+00
   2.6344612e+00
   2.6226881e+00
   2.6110331e+00
   2.5994962e+00
   2.5880774e+00
   2.5767767e+00
   2.5655940e+00
   2.5545291e+00
   2.5435818e+00
   2.5327519e+00
   2.5220392e+00
   2.5114433e+00
   2.5009638e+00
   2.4906004e+00
   2.4803527e+00
   2.4702202e+00
   2.4602025e+00
   2.4502989e+00
   2.4405089e+00
   2.4308320e+00
   2.4212676e+00
   2.4118149e+00
   2.4024734e+00
   2.3932424e+00
   2.3841210e+00
   2.3751087e+00
   2.3662047e+00
   2.3574081e+00
   2.3487181e+00
   2.3401341e+00
   2.3316550e+00
   2.3232801e+00
   2.3150085e+00
   2.3068394e+00
   2.2987717e+00
   2.2908047e+00
   2.2829374e+00
   2.2751689e+00
   2.2674983e+00
   2.2599245e+00
   2.2524467e+00
   2.2450639e+00
   2.2377751e+00
   2.2305793e+00
   2.2234756e+00
   2.2164630e+00
   2.2095405e+00
   2.2027070e+00
   2.1959617e+00
   2.1893035e+00
   2.1827313e+00
   2.1762443e+00
   2.1698414e+00
   2.1635216e+00
   2.1572840e+00
   2.1511274e+00
   2.1450510e+00
   2.1390537e+00
   2.1331345e+00
   2.1272925e+00
   2.1215267e+00
   2.1158360e+00
   2.1102196e+00
   2.1046764e+00
   2.0992054e+00
   2.0938058e+00
   2.0884765e+00
   2.0832167e+00
   2.0780252e+00
   2.0729014e+00
   2.0678440e+00
   2.0628524e+00
   2.0579255e+00
   2.0530624e+00
   2.0482622e+00
   2.0435241e+00
   2.0388471e+00
   2.0342303e+00
   2.0296729e+00
   2.0251740e+00
   2.0207328e+00
   2.0163484e+00
   2.0120199e+00
   2.0077466e+00
   2.0035276e+00
   1.9993620e+00
   1.9952491e+00
   1.9911881e+00
   1.9871782e+00
   1.9832186e+00
   1.9793085e+00
   1.9754471e+00
   1.9716338e+00
   1.9678678e+00
   1.9641482e+00
   1.9604745e+00
   1.9568459e+00
   1.9532616e+00
   1.9497210e+00
   1.9462233e+00
   1.9427680e+00
   1.9393542e+00
   1.9359814e+00
   1.9326489e+00
   1.9293585e+00
   2.1010777e+00
   2.2626296e+00
   2.4145843e+00
   2.5574931e+00
   2.6918601e+00
   2.8181439e+00
   2.9367617e+00
   3.0480932e+00
   3.1524839e+00
   3.2502490e+00
   3.3416756e+00
   3.4270257e+00
   3.5065383e+00
   3.5804334e+00
   3.6489133e+00
   3.7121651e+00
   3.7703616e+00
   3.8236643e+00
   3.8722246e+00
   3.9161827e+00
   3.9556707e+00
   3.9908115e+00
   4.0217175e+00
   4.0484896e+00
   4.0712158e+00
   4.0899668e+00
   4.1047922e+00
   4.1157146e+00
   4.1227227e+00
   4.1257640e+00
   4.1247339e+00
   4.1194642e+00
   4.1097091e+00
   4.0951315e+00
   4.0752839e+00
   4.0495942e+00
   4.0173503e+00
   3.9776920e+00
   3.9296207e+00
   3.8720413e+00
   3.8038691e+00
   3.7242608e+00
   3.6329560e+00
   3.5302505e+00
   3.4172807e+00
   3.2962681e+00
   3.1704508e+00
   3.0436749e+00
   2.9197232e+00
   2.8016604e+00
   2.7484308e+00
   2.7027838e+00
   2.6642887e+00
   2.6321672e+00
   2.6055824e+00
   2.5837229e+00
   2.5658403e+00
   2.5512677e+00
   2.5394250e+00
   2.5298143e+00
   2.5220157e+00
   2.5156783e+00
   2.5105114e+00
   2.5062757e+00
   2.5027756e+00
   2.4998518e+00
   2.4973755e+00
   2.4952427e+00
   2.4933701e+00
   2.4916913e+00
   2.4901532e+00
   2.4887141e+00
   2.4873412e+00
   2.4860089e+00
   2.4846974e+00
   2.4833917e+00
   2.4820804e+00
   2.4807551e+00
   2.4794099e+00
   2.4780404e+00
   2.4766440e+00
   2.4752191e+00
   2.4737650e+00
   2.4722816e+00
   2.4707694e+00
   2.4692291e+00
   2.4676618e+00
   2.4660688e+00
   2.4644515e+00
   2.4628112e+00
   2.4611496e+00
   2.4594679e+00
   2.4577678e+00
   2.4560505e+00
   2.4543175e+00
   2.4525700e+00
   2.4508094e+00
   2.4490367e+00
   2.4472531e+00
   2.4454597e+00
   2.4436573e+00
   2.4418470e+00
   2.4400295e+00
   2.4382056e+00
   2.4363761e+00
   2.4345417e+00
   2.4327030e+00
   2.4308605e+00
   2.4290148e+00
   2.4271665e+00
   2.4253158e+00
   2.4234633e+00
   2.4216093e+00
   2.4197542e+00
   2.4178984e+00
   2.4160419e+00
   2.4141853e+00
   2.4123286e+00
   2.4104722e+00
   2.4086162e+00
   2.4067607e+00
   2.4049060e+00
   2.4030522e+00
   2.4011995e+00
   2.3993478e+00
   2.3974975e+00
   2.3956484e+00
   2.3938008e+00
   2.3919547e+00
   2.3901102e+00
   2.3882672e+00
   2.3864259e+00
   2.3845863e+00
   2.3827485e+00
   2.3809124e+00
   2.3790781e+00
   2.3772455e+00
   2.3754148e+00
   2.3735859e+00
   2.3717588e+00
   2.3699335e+00
   2.3681100e+00
   2.3662883e+00
   2.3644684e+00
   2.3626503e+00
   2.3608340e+00
   2.3590194e+00
   2.3572065e+00
   2.3553954e+00
   2.3535859e+00
   2.3517781e+00
   2.3499720e+00
   2.3481675e+00
   2.3463645e+00
   2.3445632e+00
   2.3427633e+00
   2.3409650e+00
   2.3391682e+00
   2.3373728e+00
   2.3355788e+00
   2.3337862e+00
   2.3319950e+00
   2.3302051e+00
   2.3284165e+00
   2.3266292e+00
   2.3248431e+00
   2.3230582e+00
   2.3212745e+00
   2.3194919e+00
   2.3177105e+00
   2.3159301e+00
   2.3141508e+00
   2.3123725e+00
   2.3105951e+00
   2.3088188e+00
   2.3070433e+00
   2.3052688e+00
   2.3034951e+00
   2.3017223e+00
   2.2999502e+00
   2.2981790e+00
   2.2964085e+00
   2.2946387e+00
   2.2928696e+00
   2.2911012e+00
   2.2893334e+00
   2.2875662e+00
   2.2857996e+00
   2.2840336e+00
   2.2822681e+00
   2.2805031e+00
   2.2787385e+00
   2.2769744e+00
   2.2752108e+00
   2.2734475e+00
   2.2716847e+00
   2.2699222e+00
   2.2681600e+00
   2.2663981e+00
   2.2646365e+00
   2.2628752e+00
   2.2611141e+00
   2.2593533e+00
   2.2575926e+00
   2.2558321e+00
   2.2540718e+00
   2.2523116e+00
   2.2505515e+00
   2.2487915e+00
   2.2470316e+00
   2.2452717e+00
   2.2435119e+00
   2.2417521e+00
   2.2399923e+00
   2.2382325e+00
   2.2364727e+00
   2.2347128e+00
   2.2329529e+00
   2.2311928e+00
   2.2294327e+00
   2.2276725e+00
   2.2259121e+00
   2.2241516e+00
   2.2223909e+00
   2.2206301e+00
   2.2188691e+00
   2.2171078e+00
   2.2153464e+00
   2.2135848e+00
   2.2118229e+00
   2.2100607e+00
   2.2082983e+00
   2.2065357e+00
   2.2047727e+00
   2.2030095e+00
   2.2012459e+00
   2.1994820e+00
   2.1977179e+00
   2.1959533e+00
   2.1941885e+00
   2.1924233e+00
   2.1906577e+00
   2.1888917e+00
   2.1871254e+00
   2.1853587e+00
   2.1835916e+00
   2.1818241e+00
   2.1800563e+00
   2.1782879e+00
   2.1765192e+00
   2.1747501e+00
   2.1729805e+00
   2.1712105e+00
   2.1694401e+00
   2.1676692e+00
   2.1658978e+00
   2.1641261e+00
   2.1623538e+00
   2.1605811e+00
   2.1588080e+00
   2.1570344e+00
   2.1552603e+00
   2.1534857e+00
   2.1517107e+00
   2.1499352e+00
   2.1481593e+00
   2.1463828e+00
   2.1446059e+00
   2.1428285e+00
   2.1410507e+00
   2.1392724e+00
   2.1374935e+00
   2.1357143e+00
   2.1339345e+00
   2.1321543e+00
   2.1303736e+00
   2.1285925e+00
   2.1268109e+00
   2.1250288e+00
   2.1232463e+00
   2.1214633e+00
   2.1196799e+00
   2.1178960e+00
   2.1161117e+00
   2.1143269e+00
   2.1125417e+00
   2.1107561e+00
   2.1089700e+00
   2.1071835e+00
   2.1053967e+00
   2.1036094e+00
   2.1018217e+00
   2.1000336e+00
   2.0982451e+00
   2.0964563e+00
   2.0946670e+00
   2.0928775e+00
   2.0910875e+00
   2.0892972e+00
   2.0875066e+00
   2.0857156e+00
   2.0839243e+00
   2.0821327e+00
   2.0803409e+00
   2.0785487e+00
   2.0767562e+00
   2.0749634e+00
   2.0731704e+00
   2.0713772e+00
   2.0695837e+00
   2.0677900e+00
   2.0659961e+00
   2.0642019e+00
   2.0624076e+00
   2.0606131e+00
   2.0588184e+00
   2.0570236e+00
   2.0552287e+00
   2.0534336e+00
   2.0516384e+00
   2.0498431e+00
   2.0480478e+00
   2.0462524e+00
   2.0444569e+00
   2.0426614e+00
   2.0408659e+00
   2.0390704e+00
   2.0372748e+00
   2.0354794e+00
   2.0336839e+00
   2.0318886e+00
   2.0300933e+00
   2.0282981e+00
   2.0265030e+00
   2.0247081e+00
   2.0229133e+00
   2.0211187e+00
   2.0193243e+00
   2.0175301e+00
   2.0157361e+00
   2.0139424e+00
   2.0121490e+00
   2.0103558e+00
   2.0085630e+00
   2.0067704e+00
   2.0049783e+00
   2.0031865e+00
   2.0013951e+00
   1.9996041e+00
   1.9978136e+00
   1.9960235e+00
   1.9942339e+00
   1.9924448e+00
   1.9906562e+00
   1.9888682e+00
   1.9870808e+00
   1.9852939e+00
   1.9835077e+00
   1.9817221e+00
   1.9799372e+00
   1.9781530e+00
   1.9763696e+00
   1.9745868e+00
   1.9728048e+00
   1.9710237e+00
   1.9692433e+00
   1.9674638e+00
   1.9656852e+00
   1.9639075e+00
   1.9621307e+00
   1.9603548e+00
   1.9585800e+00
   1.9568061e+00
   1.9550333e+00
   1.9532615e+00
   1.9514908e+00
   1.9497213e+00
   1.9479529e+00
   1.9461856e+00
   1.9444196e+00
   1.9426548e+00
   1.9408912e+00
   1.9391290e+00
   1.9373681e+00
   1.9356085e+00
   1.9338503e+00
   1.9320935e+00
   1.9303381e+00
   1.9285842e+00
   1.9268318e+00
   1.9250809e+00
   1.9233316e+00
   1.9215839e+00
   1.9198378e+00
   1.9180934e+00
   1.9163506e+00
   1.9146095e+00
   1.9128702e+00
   1.9111327e+00
   1.9093970e+00
   1.9076631e+00
   1.9059311e+00
   1.9042010e+00
   1.9024729e+00
   1.9007467e+00
   1.8990225e+00
   1.8973004e+00
   1.8955803e+00
   1.8938623e+00
   1.8921465e+00
   1.8904328e+00
   1.8887213e+00
   1.8870121e+00
   1.8853051e+00
   1.8836004e+00
   1.8818981e+00
   1.8801981e+00
   1.8785006e+00
   1.8768054e+00
   1.8751128e+00
   1.8734226e+00
   1.8717350e+00
   1.8700499e+00
   1.8683675e+00
   1.8666877e+00
   1.8650106e+00
   1.8633362e+00
   1.8616645e+00
   1.8599956e+00
   1.8583295e+00
   1.8566663e+00
   1.8550059e+00
   1.8533485e+00
   1.8516940e+00
   1.8500425e+00
   1.8483940e+00
   1.8467485e+00
   1.8451062e+00
   1.8434670e+00
   1.8418309e+00
   1.8401980e+00
   1.8385684e+00
   1.8369420e+00
   1.8353189e+00
   1.8336991e+00
   1.8320828e+00
   1.8304698e+00
   1.8288602e+00
   1.8272541e+00
   1.8256515e+00
   1.8240524e+00
   1.8224569e+00
   1.8208651e+00
   1.8192768e+00
   1.8176922e+00
   1.8161114e+00
   1.8145343e+00
   1.8129609e+00
   1.8113914e+00
   1.8098257e+00
   1.8082638e+00
   1.8067059e+00
   1.8051520e+00
   1.8036020e+00
   1.8020560e+00
   1.8005140e+00
   1.7989762e+00
   1.7974424e+00
   1.7959128e+00
   1.7943873e+00
   1.7928661e+00
   1.7913491e+00
   1.7898364e+00
   1.7883279e+00
   1.7868239e+00
   1.7853241e+00
   1.7838288e+00
   1.7823379e+00
   1.7808515e+00
   1.7793696e+00
   1.7778921e+00
   1.7764193e+00
   1.7749510e+00
   1.7734874e+00
   1.7720284e+00
   1.7705740e+00
   1.7691244e+00
   1.7676795e+00
   1.7662394e+00
   1.7648041e+00
   1.7633736e+00
   1.7619480e+00
   1.7605273e+00
   1.7591114e+00
   1.7577005e+00
   1.7562946e+00
   1.7548937e+00
   1.7534978e+00
   1.7521070e+00
   1.7507212e+00
   1.7493406e+00
   1.7479651e+00
   1.7465948e+00
   1.7452296e+00
   1.7438697e+00
   1.7425150e+00
   1.7411656e+00
   1.7398215e+00
   1.7384827e+00
   1.7371493e+00
   1.7358212e+00
   1.7344985e+00
   1.7331813e+00
   1.7318695e+00
   1.7305631e+00
   1.7292623e+00
   1.7279670e+00
   1.7266772e+00
   1.7253930e+00
   1.7241143e+00
   1.7228413e+00
   1.7215739e+00
   1.7203122e+00
   1.7190561e+00
   1.7178058e+00
   1.7165611e+00
   1.7153222e+00
   1.7140891e+00
   1.7128617e+00
   1.7116402e+00
   1.7104245e+00
   1.7092146e+00
   1.7080105e+00
   1.7068124e+00
   1.7056201e+00
   1.7044338e+00
   1.7032534e+00
   1.7020790e+00
   1.7009105e+00
   1.6997480e+00
   1.6985916e+00
   1.6974411e+00
   1.6962967e+00
   1.6951584e+00
   1.6940261e+00
   1.6928999e+00
   1.6917798e+00
   1.6906659e+00
   1.6895580e+00
   1.6884564e+00
   1.6873609e+00
   1.6862715e+00
   1.6851884e+00
   1.6841115e+00
   1.6830407e+00
   1.6819763e+00
   1.6809180e+00
   1.6798660e+00
   1.6788203e+00
   1.6777809e+00
   1.6767478e+00
   1.6757210e+00
   1.6747004e+00
   1.6736863e+00
   1.6726784e+00
   1.6716769e+00
   1.6706818e+00
   1.6696930e+00
   1.6687106e+00
   1.6677346e+00
   1.6667650e+00
   1.6658018e+00
   1.6648450e+00
   1.6638946e+00
   1.6629507e+00
   1.6620132e+00
   1.6610821e+00
   1.6601575e+00
   1.6592394e+00
   1.6583277e+00
   1.6574225e+00
   1.6565237e+00
   1.6556315e+00
   1.6547457e+00
   1.6538664e+00
   1.6529937e+00
   1.6521274e+00
   1.6512676e+00
   1.6504144e+00
   1.6495677e+00
   1.6487275e+00
   1.6478938e+00
   1.6470666e+00
   1.6462460e+00
   1.6454319e+00
   1.6446244e+00
   1.6438233e+00
   1.6430289e+00
   1.6422409e+00
   1.6414596e+00
   1.6406847e+00
   1.6399164e+00
   1.6391547e+00
   1.6383995e+00
   1.6376509e+00
   1.6369088e+00
   1.6361732e+00
   1.6354443e+00
   1.6347218e+00
   1.6340060e+00
   1.6332966e+00
   1.6325938e+00
   1.6318976e+00
   1.6312079e+00
   1.6305248e+00
   1.6298482e+00
   1.6291782e+00
   1.6285147e+00
   1.6278577e+00
   1.6272073e+00
   1.6265634e+00
   1.6259260e+00
   1.6252952e+00
   1.6246709e+00
   1.6240531e+00
   1.6234418e+00
   1.6228370e+00
   1.6222388e+00
   1.6216471e+00
   1.6210619e+00
   1.6204831e+00
   1.6199109e+00
   1.6193452e+00
   1.6187859e+00
   1.6182331e+00
   1.6176868e+00
   1.6171470e+00
   1.6166137e+00
   1.6160868e+00
   1.6155663e+00
   1.6150523e+00
   1.6145448e+00
   1.6140437e+00
   1.6135490e+00
   1.6130608e+00
   1.6125790e+00
   1.6121036e+00
   1.6116345e+00
   1.6111719e+00
   1.6107157e+00
   1.6102659e+00
   1.6098225e+00
   1.6093854e+00
   1.6089547e+00
   1.6085304e+00
   1.6081124e+00
   1.6077007e+00
   1.6072954e+00
   1.6068964e+00
   1.6065037e+00
   1.6061174e+00
   1.6057373e+00
   1.6053636e+00
   1.6049961e+00
   1.6046349e+00
   1.6042800e+00
   1.6039314e+00
   1.6035890e+00
   1.6032528e+00
   1.6029229e+00
   1.6025992e+00
   1.6022818e+00
   1.6019705e+00
   1.6016655e+00
   1.6013666e+00
   1.6010739e+00
   1.6007874e+00
   1.6005071e+00
   1.6002329e+00
   1.5999649e+00
   1.5997030e+00
   1.5994473e+00
   1.5991976e+00
   1.5989541e+00
   1.5987167e+00
   1.5984853e+00
   1.5982601e+00
   1.5980409e+00
   1.5978278e+00
   1.5976207e+00
   1.5974197e+00
   1.5972247e+00
   1.5970358e+00
   1.5968528e+00
   1.5966759e+00
   1.5965049e+00
   1.5963399e+00
   1.5961810e+00
   1.5960279e+00
   1.5958808e+00
   1.5957397e+00
   1.5956045e+00
   1.5954753e+00
   1.5953519e+00
   1.5952344e+00
   1.5951229e+00
   1.5950172e+00
   1.5949174e+00
   1.5948235e+00
   1.5947354e+00
   1.5946532e+00
   1.5945768e+00
   1.5945062e+00
   1.5944415e+00
   1.5943825e+00
   1.5943294e+00
   1.5942820e+00
   1.5942404e+00
   1.5942046e+00
   1.5941745e+00
   1.5941501e+00
   1.5941316e+00
   1.5941187e+00
   1.5941115e+00
   1.5941101e+00
   1.5941143e+00
   1.5941242e+00
   1.5941399e+00
   1.5941611e+00
   1.5941881e+00
   1.5942206e+00
   1.5942588e+00
   1.5943027e+00
   1.5943521e+00
   1.5944072e+00
   1.5944679e+00
   1.5945341e+00
   1.5946060e+00
   1.5946834e+00
   1.5947663e+00
   1.5948548e+00
   1.5949489e+00
   1.5950485e+00
   1.5951536e+00
   1.5952642e+00
   1.5953803e+00
   1.5955020e+00
   1.5956291e+00
   1.5957617e+00
   1.5958997e+00
   1.5960432e+00
   1.5961922e+00
   1.5963466e+00
   1.5965064e+00
   1.5966717e+00
   1.5968424e+00
   1.5970185e+00
   1.5971999e+00
   1.5973868e+00
   1.5975791e+00
   1.5977767e+00
   1.5979797e+00
   1.5981880e+00
   1.5984017e+00
   1.5986207e+00
   1.5988451e+00
   1.5990748e+00
   1.5993098e+00
   1.5995501e+00
   1.5997957e+00
   1.6000465e+00
   1.6003027e+00
   1.6005642e+00
   1.6008309e+00
   1.6011028e+00
   1.6013801e+00
   1.6016625e+00
   1.6019502e+00
   1.6022432e+00
   1.6025413e+00
   1.6028447e+00
   1.6031533e+00
   1.6034671e+00
   1.6037860e+00
   1.6041102e+00
   1.6044395e+00
   1.6047740e+00
   1.6051137e+00
   1.6054585e+00
   1.6058085e+00
   1.6061637e+00
   1.6065239e+00
   1.6068893e+00
   1.6072599e+00
   1.6076355e+00
   1.6080163e+00
   1.6084022e+00
   1.6087932e+00
   1.6091892e+00
   1.6095904e+00
   1.6099967e+00
   1.6104080e+00
   1.6108244e+00
   1.6112459e+00
   1.6116724e+00
   1.6121040e+00
   1.6125406e+00
   1.6129823e+00
   1.6134291e+00
   1.6138808e+00
   1.6143376e+00
   1.6147995e+00
   1.6152663e+00
   1.6157382e+00
   1.6162150e+00
   1.6166969e+00
   1.6171838e+00
   1.6176757e+00
   1.6181726e+00
   1.6186744e+00
   1.6191813e+00
   1.6196931e+00
   1.6202099e+00
   1.6207317e+00
   1.6212585e+00
   1.6217902e+00
   1.6223269e+00
   1.6228685e+00
   1.6234151e+00
   1.6239667e+00
   1.6245231e+00
   1.6250846e+00
   1.6256510e+00
   1.6262223e+00
   1.6267985e+00
   1.6273797e+00
   1.6279659e+00
   1.6285569e+00
   1.6291529e+00
   1.6297538e+00
   1.6303596e+00
   1.6309703e+00
   1.6315859e+00
   1.6322065e+00
   1.6328320e+00
   1.6334623e+00
   1.6340976e+00
   1.6347378e+00
   1.6353829e+00
   1.6360329e+00
   1.6366877e+00
   1.6373475e+00
   1.6380122e+00
   1.6386818e+00
   1.6393563e+00
   1.6400356e+00
   1.6407199e+00
   1.6414090e+00
   1.6421030e+00
   1.6428019e+00
   1.6435058e+00
   1.6442144e+00
   1.6449280e+00
   1.6456465e+00
   1.6463698e+00
   1.6470981e+00
   1.6478312e+00
   1.6485692e+00
   1.6493121e+00
   1.6500599e+00
   1.6508125e+00
   1.6515701e+00
   1.6523325e+00
   1.6530998e+00
   1.6538720e+00
   1.6546491e+00
   1.6554311e+00
   1.6562179e+00
   1.6570097e+00
   1.6578063e+00
   1.6586078e+00
   1.6594143e+00
   1.6602256e+00
   1.6610418e+00
   1.6618629e+00
   1.6626889e+00
   1.6635198e+00
   1.6643556e+00
   1.6651963e+00
   1.6660419e+00
   1.6668924e+00
   1.6677479e+00
   1.6686082e+00
   1.6694734e+00
   1.6703436e+00
   1.6712186e+00
   1.6720986e+00
   1.6729835e+00
   1.6738734e+00
   1.6747681e+00
   1.6756678e+00
   1.6765724e+00
   1.6774820e+00
   1.6783965e+00
   1.6793159e+00
   1.6802403e+00
   1.6811696e+00
   1.6821039e+00
   1.6830431e+00
   1.6839873e+00
   1.6849364e+00
   1.6858906e+00
   1.6868496e+00
   1.6878137e+00
   1.6887827e+00
   1.6897567e+00
   1.6907357e+00
   1.6917197e+00
   1.6927086e+00
   1.6937026e+00
   1.6947016e+00
   1.6957055e+00
   1.6967145e+00
   1.6977285e+00
   1.6987475e+00
   1.6997715e+00
   1.7008006e+00
   1.7018347e+00
   1.7028738e+00
   1.7039180e+00
   1.7049672e+00
   1.7060215e+00
   1.7070809e+00
   1.7081453e+00
   1.7092147e+00
   1.7102893e+00
   1.7113689e+00
   1.7124536e+00
   1.7135434e+00
   1.7146384e+00
   1.7157384e+00
   1.7168435e+00
   1.7179537e+00
   1.7190691e+00
   1.7201896e+00
   1.7213152e+00
   1.7224460e+00
   1.7235819e+00
   1.7247230e+00
   1.7258692e+00
   1.7270206e+00
   1.7281772e+00
   1.7293390e+00
   1.7305059e+00
   1.7316781e+00
   1.7328554e+00
   1.7340380e+00
   1.7352258e+00
   1.7364188e+00
   1.7376170e+00
   1.7388205e+00
   1.7400292e+00
   1.7412431e+00
   1.7424624e+00
   1.7436869e+00
   1.7449166e+00
   1.7461517e+00
   1.7473921e+00
   1.7486377e+00
   1.7498887e+00
   1.7511449e+00
   1.7524065e+00
   1.7536735e+00
   1.7549457e+00
   1.7562233e+00
   1.7575063e+00
   1.7587946e+00
   1.7600883e+00
   1.7613874e+00
   1.7626919e+00
   1.7640018e+00
   1.7653171e+00
   1.7666378e+00
   1.7679639e+00
   1.7692955e+00
   1.7706325e+00
   1.7719749e+00
   1.7733228e+00
   1.7746762e+00
   1.7760351e+00
   1.7773994e+00
   1.7787693e+00
   1.7801446e+00
   1.7815255e+00
   1.7829119e+00
   1.7843038e+00
   1.7857012e+00
   1.7871042e+00
   1.7885128e+00
   1.7899270e+00
   1.7913467e+00
   1.7927720e+00
   1.7942029e+00
   1.7956394e+00
   1.7970816e+00
   1.7985293e+00
   1.7999827e+00
   1.8014418e+00
   1.8029065e+00
   1.8043768e+00
   1.8058529e+00
   1.8073346e+00
   1.8088220e+00
   1.8103152e+00
   1.8118140e+00
   1.8133186e+00
   1.8148289e+00
   1.8163450e+00
   1.8178668e+00
   1.8193944e+00
   1.8209277e+00
   1.8224669e+00
   1.8240118e+00
   1.8255625e+00
   1.8271191e+00
   1.8286815e+00
   1.8302497e+00
   1.8318238e+00
   1.8334037e+00
   1.8349895e+00
   1.8365811e+00
   1.8381787e+00
   1.8397821e+00
   1.8413915e+00
   1.8430068e+00
   1.8446280e+00
   1.8462551e+00
   1.8478882e+00
   1.8495272e+00
   1.8511723e+00
   1.8528232e+00
   1.8544802e+00
   1.8561432e+00
   1.8578122e+00
   1.8594872e+00
   1.8611682e+00
   1.8628553e+00
   1.8645484e+00
   1.8662476e+00
   1.8679528e+00
   1.8696641e+00
   1.8713816e+00
   1.8731051e+00
   1.8748347e+00
   1.8765704e+00
   1.8783123e+00
   1.8800603e+00
   1.8818144e+00
   1.8835747e+00
   1.8853412e+00
   1.8871139e+00
   1.8888927e+00
   1.8906777e+00
   1.8924690e+00
   1.8942664e+00
   1.8960701e+00
   1.8978800e+00
   1.8996962e+00
   1.9015186e+00
   1.9033472e+00
   1.9051822e+00
   1.9070234e+00
   1.9088709e+00
   1.9107247e+00
   1.9125848e+00
   1.9144512e+00
   1.9163240e+00
   1.9182031e+00
   1.9200885e+00
   1.9219803e+00
   1.9238784e+00
   1.9257829e+00
   1.9276938e+00
   1.9296111e+00
   1.9315347e+00
   1.9334648e+00
   1.9354013e+00
   1.9373442e+00
   1.9392935e+00
   1.9412492e+00
   1.9432114e+00
   1.9451800e+00
   1.9471551e+00
   1.9491367e+00
   1.9511247e+00
   1.9531192e+00
   1.9551202e+00
   1.9571277e+00
   1.9591416e+00
   1.9611621e+00
   1.9631891e+00
   1.9652226e+00
   1.9672627e+00
   1.9693093e+00
   1.9713624e+00
   1.9734220e+00
   1.9754883e+00
   1.9775610e+00
   1.9796404e+00
   1.9817263e+00
   1.9838188e+00
   1.9859178e+00
   1.9880235e+00
   1.9901357e+00
   1.9922546e+00
   1.9943800e+00
   1.9965120e+00
   1.9986507e+00
   2.0007960e+00
   2.0029479e+00
   2.0051064e+00
   2.0072716e+00
   2.0094433e+00
   2.0116218e+00
   2.0138068e+00
   2.0159986e+00
   2.0181969e+00
   2.0204020e+00
   2.0226136e+00
   2.0248320e+00
   2.0270570e+00
   2.0292886e+00
   2.0315270e+00
   2.0337720e+00
   2.0360237e+00
   2.0382820e+00
   2.0405471e+00
   2.0428188e+00
   2.0450972e+00
   2.0473823e+00
   2.0496741e+00
   2.0519725e+00
   2.0542777e+00
   2.0565895e+00
   2.0589081e+00
   2.0612333e+00
   2.0635653e+00
   2.0659039e+00
   2.0682492e+00
   2.0706012e+00
   2.0729599e+00
   2.0753254e+00
   2.0776975e+00
   2.0800763e+00
   2.0824618e+00
   2.0848540e+00
   2.0872529e+00
   2.0896585e+00
   2.0920708e+00
   2.0944898e+00
   2.0969155e+00
   2.0993478e+00
   2.1017869e+00
   2.1042327e+00
   2.1066851e+00
   2.1091442e+00
   2.1116101e+00
   2.1140826e+00
   2.1165617e+00
   2.1190476e+00
   2.1215401e+00
   2.1240393e+00
   2.1265452e+00
   2.1290578e+00
   2.1315770e+00
   2.1341029e+00
   2.1366354e+00
   2.1391746e+00
   2.1417205e+00
   2.1442730e+00
   2.1468322e+00
   2.1493980e+00
   2.1519704e+00
   2.1545495e+00
   2.1571353e+00
   2.1597276e+00
   2.1623266e+00
   2.1649322e+00
   2.1675445e+00
   2.1701633e+00
   2.1727888e+00
   2.1754208e+00
   2.1780595e+00
   2.1807048e+00
   2.1833567e+00
   2.1860151e+00
   2.1886802e+00
   2.1913518e+00
   2.1940300e+00
   2.1967148e+00
   2.1994062e+00
   2.2021041e+00
   2.2048086e+00
   2.2075196e+00
   2.2102372e+00
   2.2129614e+00
   2.2156921e+00
   2.2184293e+00
   2.2211731e+00
   2.2239233e+00
   2.2266802e+00
   2.2294435e+00
   2.2322134e+00
   2.2349897e+00
   2.2377726e+00
   2.2405620e+00
   2.2433578e+00
   2.2461602e+00
   2.2489691e+00
   2.2517844e+00
   2.2546062e+00
   2.2574345e+00
   2.2602693e+00
   2.2631105e+00
   2.2659582e+00
   2.2688124e+00
   2.2716730e+00
   2.2745401e+00
   2.2774136e+00
   2.2802936e+00
   2.2831800e+00
   2.2860729e+00
   2.2889722e+00
   2.2918779e+00
   2.2947900e+00
   2.2977086e+00
   2.3006336e+00
   2.3035650e+00
   2.3065028e+00
   2.3094470e+00
   2.3123977e+00
   2.3153547e+00
   2.3183182e+00
   2.3212881e+00
   2.3242643e+00
   2.3272470e+00
   2.3302360e+00
   2.3332315e+00
   2.3362333e+00
   2.3392415e+00
   2.3422561e+00
   2.3452771e+00
   2.3483045e+00
   2.3513383e+00
   2.3543784e+00
   2.3574250e+00
   2.3604779e+00
   2.3635372e+00
   2.3666028e+00
   2.3696749e+00
   2.3727533e+00
   2.3758381e+00
   2.3789292e+00
   2.3820268e+00
   2.3851307e+00
   2.3882409e+00
   2.3913576e+00
   2.3944806e+00
   2.3976100e+00
   2.4007458e+00
   2.4038879e+00
   2.4070364e+00
   2.4101913e+00
   2.4133526e+00
   2.4165202e+00
   2.4196942e+00
   2.4228746e+00
   2.4260613e+00
   2.4292544e+00
   2.4324539e+00
   2.4356598e+00
   2.4388720e+00
   2.4420906e+00
   2.4453156e+00
   2.4485470e+00
   2.4517847e+00
   2.4550288e+00
   2.4582793e+00
   2.4615361e+00
   2.4647993e+00
   2.4680689e+00
   2.4713449e+00
   2.4746272e+00
   2.4779160e+00
   2.4812110e+00
   2.4845125e+00
   2.4878203e+00
   2.4911345e+00
   2.4944550e+00
   2.4977819e+00
   2.5011152e+00
   2.5044548e+00
   2.5078008e+00
   2.5111532e+00
   2.5145119e+00
   2.5178769e+00
   2.5212483e+00
   2.5246260e+00
   2.5280101e+00
   2.5314005e+00
   2.5347972e+00
   2.5382003e+00
   2.5416096e+00
   2.5450253e+00
   2.5484473e+00
   2.5518756e+00
   2.5553102e+00
   2.5587510e+00
   2.5621982e+00
   2.5656516e+00
   2.5691113e+00
   2.5725772e+00
   2.5760493e+00
   2.5795277e+00
   2.5830123e+00
   2.5865032e+00
   2.5900002e+00
   2.5935034e+00
   2.5970127e+00
   2.6005283e+00
   2.6040499e+00
   2.6075777e+00
   2.6111116e+00
   2.6146516e+00
   2.6181977e+00
   2.6217498e+00
   2.6253080e+00
   2.6288722e+00
   2.6324424e+00
   2.6360186e+00
   2.6396007e+00
   2.6431888e+00
   2.6467828e+00
   2.6503827e+00
   2.6539885e+00
   2.6576001e+00
   2.6612175e+00
   2.6648407e+00
   2.6684697e+00
   2.6721044e+00
   2.6757448e+00
   2.6793909e+00
   2.6830426e+00
   2.6866999e+00
   2.6903628e+00
   2.6940313e+00
   2.6977052e+00
   2.7013847e+00
   2.7050695e+00
   2.7087598e+00
   2.7124554e+00
   2.7161563e+00
   2.7198626e+00
   2.7235740e+00
   2.7272907e+00
   2.7310125e+00
   2.7347394e+00
   2.7384713e+00
   2.7422083e+00
   2.7459503e+00
   2.7496971e+00
   2.7534489e+00
   2.7572054e+00
   2.7609667e+00
   2.7647328e+00
   2.7685035e+00
   2.7722788e+00
   2.7760586e+00
   2.7798430e+00
   2.7836318e+00
   2.7874249e+00
   2.7912224e+00
   2.7950242e+00
   2.7988301e+00
   2.8026402e+00
   2.8064543e+00
   2.8102725e+00
   2.8140946e+00
   2.8179205e+00
   2.8217503e+00
   2.8255838e+00
   2.8294209e+00
   2.8332617e+00
   2.8371060e+00
   2.8409537e+00
   2.8448048e+00
   2.8486592e+00
   2.8525168e+00
   2.8563776e+00
   2.8602414e+00
   2.8641083e+00
   2.8679780e+00
   2.8718506e+00
   2.8757259e+00
   2.8796038e+00
   2.8834844e+00
   2.8873674e+00
   2.8912529e+00
   2.8951406e+00
   2.8990306e+00
   2.9029228e+00
   2.9068169e+00
   2.9107131e+00
   2.9146111e+00
   2.9185109e+00
   2.9224123e+00
   2.9263153e+00
   2.9302199e+00
   2.9341258e+00
   2.9380330e+00
   2.9419413e+00
   2.9458508e+00
   2.9497613e+00
   2.9536726e+00
   2.9575847e+00
   2.9614976e+00
   2.9654109e+00
   2.9693248e+00
   2.9732390e+00
   2.9771534e+00
   2.9810680e+00
   2.9849826e+00
   2.9888971e+00
   2.9928114e+00
   2.9967254e+00
   3.0006390e+00
   3.0045520e+00
   3.0084644e+00
   3.0123760e+00
   3.0162867e+00
   3.0201964e+00
   3.0241049e+00
   3.0280122e+00
   3.0319181e+00
   3.0358225e+00
   3.0397252e+00
   3.0436262e+00
   3.0475253e+00
   3.0514223e+00
   3.0553173e+00
   3.0592099e+00
   3.0631001e+00
   3.0669878e+00
   3.0708727e+00
   3.0747549e+00
   3.0786341e+00
   3.0825102e+00
   3.0863831e+00
   3.0902525e+00
   3.0941185e+00
   3.0979808e+00
   3.1018393e+00
   3.1056938e+00
   3.1095442e+00
   3.1133904e+00
   3.1172321e+00
   3.1210693e+00
   3.1249018e+00
   3.1287295e+00
   3.1325521e+00
   3.1363695e+00
   3.1401816e+00
   3.1439882e+00
   3.1477891e+00
   3.1515842e+00
   3.1553733e+00
   3.1591563e+00
   3.1629330e+00
   3.1667031e+00
   3.1704666e+00
   3.1742233e+00
   3.1779729e+00
   3.1817154e+00
   3.1854505e+00
   3.1891780e+00
   3.1928978e+00
   3.1966097e+00
   3.2003135e+00
   3.2040091e+00
   3.2076961e+00
   3.2113745e+00
   3.2150441e+00
   3.2187046e+00
   3.2223558e+00
   3.2259976e+00
   3.2296298e+00
   3.2332521e+00
   3.2368644e+00
   3.2404664e+00
   3.2440579e+00
   3.2476388e+00
   3.2512087e+00
   3.2547676e+00
   3.2583151e+00
   3.2618511e+00
   3.2653754e+00
   3.2688876e+00
   3.2723876e+00
   3.2758752e+00
   3.2793501e+00
   3.2828121e+00
   3.2862609e+00
   3.2896963e+00
   3.2931181e+00
   3.2965261e+00
   3.2999199e+00
   3.3032993e+00
   3.3066641e+00
   3.3100140e+00
   3.3133488e+00
   3.3166681e+00
   3.3199718e+00
   3.3232596e+00
   3.3265311e+00
   3.3297862e+00
   3.3330245e+00
   3.3362458e+00
   3.3394498e+00
   3.3426362e+00
   3.3458046e+00
   3.3489549e+00
   3.3520867e+00
   3.3551998e+00
   3.3582937e+00
   3.3613683e+00
   3.3644232e+00
   3.3674580e+00
   3.3704726e+00
   3.3734665e+00
   3.3764394e+00
   3.3793911e+00
   3.3823211e+00
   3.3852291e+00
   3.3881149e+00
   3.3909780e+00
   3.3938181e+00
   3.3966349e+00
   3.3994280e+00
   3.4021970e+00
   3.4049416e+00
   3.4076614e+00
   3.4103561e+00
   3.4130253e+00
   3.4156685e+00
   3.4182854e+00
   3.4208757e+00
   3.4234389e+00
   3.4259746e+00
   3.4284824e+00
   3.4309620e+00
   3.4334128e+00
   3.4358346e+00
   3.4382268e+00
   3.4405890e+00
   3.4429209e+00
   3.4452219e+00
   3.4474917e+00
   3.4497298e+00
   3.4519356e+00
   3.4541089e+00
   3.4562491e+00
   3.4583557e+00
   3.4604283e+00
   3.4624664e+00
   3.4644695e+00
   3.4664372e+00
   3.4683689e+00
   3.4702641e+00
   3.4721223e+00
   3.4739431e+00
   3.4757259e+00
   3.4774701e+00
   3.4791753e+00
   3.4808409e+00
   3.4824664e+00
   3.4840512e+00
   3.4855948e+00
   3.4870966e+00
   3.4885561e+00
   3.4899727e+00
   3.4913458e+00
   3.4926748e+00
   3.4939591e+00
   3.4951982e+00
   3.4963914e+00
   3.4975382e+00
   3.4986379e+00
   3.4996899e+00
   3.5006936e+00
   3.5016484e+00
   3.5025535e+00
   3.5034084e+00
   3.5042124e+00
   3.5049649e+00
   3.5056651e+00
   3.5063125e+00
   3.5069063e+00
   3.5074459e+00
   3.5079305e+00
   3.5083595e+00
   3.5087321e+00
   3.5090477e+00
   3.5093056e+00
   3.5095050e+00
   3.5096451e+00
   3.5097253e+00
   3.5097449e+00
   3.5097030e+00
   3.5095989e+00
   3.5094319e+00
   3.5092011e+00
   3.5089059e+00
   3.5085454e+00
   3.5081189e+00
   3.5076256e+00
   3.5070647e+00
   3.5064353e+00
   3.5057367e+00
   3.5049682e+00
   3.5041287e+00
   3.5032176e+00
   3.5022341e+00
   3.5011772e+00
   3.5000462e+00
   3.4988403e+00
   3.4975585e+00
   3.4962001e+00
   3.4947642e+00
   3.4932500e+00
   3.4916566e+00
   3.4899832e+00
   3.4882288e+00
   3.4863927e+00
   3.4844740e+00
   3.4824719e+00
   3.4803854e+00
   3.4782137e+00
   3.4759560e+00
   3.4736114e+00
   3.4711790e+00
   3.4686580e+00
   3.4660476e+00
   3.4633468e+00
   3.4605548e+00
   3.4576708e+00
   3.4546939e+00
   3.4516234e+00
   3.4484583e+00
   3.4451978e+00
   3.4418411e+00
   3.4383875e+00
   3.4348360e+00
   3.4311859e+00
   3.4274364e+00
   3.4235867e+00
   3.4196361e+00
   3.4155838e+00
   3.4114290e+00
   3.4071710e+00
   3.4028091e+00
   3.3983426e+00
   3.3937708e+00
   3.3890930e+00
   3.3843085e+00
   3.3794168e+00
   3.3744172e+00
   3.3693090e+00
   3.3640918e+00
   3.3587649e+00
   3.3533279e+00
   3.3477802e+00
   3.3421213e+00
   3.3363507e+00
   3.3304681e+00
   3.3244731e+00
   3.3183652e+00
   3.3121441e+00
   3.3058095e+00
   3.2993611e+00
   3.2927987e+00
   3.2861220e+00
   3.2793309e+00
   3.2724253e+00
   3.2654050e+00
   3.2582700e+00
   3.2510202e+00
   3.2436558e+00
   3.2361766e+00
   3.2285829e+00
   3.2208748e+00
   3.2130525e+00
   3.2051163e+00
   3.1970663e+00
   3.1889031e+00
   3.1806268e+00
   3.1722381e+00
   3.1637373e+00
   3.1551251e+00
   3.1464020e+00
   3.1375686e+00
   3.1286257e+00
   3.1195740e+00
   3.1104144e+00
   3.1011476e+00
   3.0917746e+00
   3.0822965e+00
   3.0727142e+00
   3.0630288e+00
   3.0532414e+00
   3.0433534e+00
   3.0333659e+00
   3.0232803e+00
   3.0130979e+00
   3.0028203e+00
   2.9924488e+00
   2.9819850e+00
   2.9714306e+00
   2.9607872e+00
   2.9500565e+00
   2.9392404e+00
   2.9283405e+00
   2.9173589e+00
   2.9062974e+00
   2.8951581e+00
   2.8839429e+00
   2.8726539e+00
   2.8612933e+00
   2.8498633e+00
   2.8383660e+00
   2.8268038e+00
   2.8151789e+00
   2.8034938e+00
   2.7917507e+00
   2.7799521e+00
   2.7681005e+00
   2.7561983e+00
   2.7442482e+00
   2.7322525e+00
   2.7202140e+00
   2.7081352e+00
   2.6960187e+00
   2.6838673e+00
   2.6716835e+00
   2.6594700e+00
   2.6472296e+00
   2.6349650e+00
   2.6226788e+00
   2.6103739e+00
   2.5980529e+00
   2.5857185e+00
   2.5733736e+00
   2.5610208e+00
   2.5486628e+00
   2.5363024e+00
   2.5239423e+00
   2.5115852e+00
   2.4992338e+00
   2.4868907e+00
   2.4745586e+00
   2.4622401e+00
   2.4499378e+00
   2.4376544e+00
   2.4253922e+00
   2.4131540e+00
   2.4009422e+00
   2.3887592e+00
   2.3766075e+00
   2.3644894e+00
   2.3524073e+00
   2.3403636e+00
   2.3283605e+00
   2.3164002e+00
   2.3044850e+00
   2.2926169e+00
   2.2807981e+00
   2.2690306e+00
   2.2573165e+00
   2.2456576e+00
   2.2340558e+00
   2.2225132e+00
   2.2110313e+00
   2.1996120e+00
   2.1882569e+00
   2.1769678e+00
   2.1657461e+00
   2.1545935e+00
   2.1435113e+00
   2.1325011e+00
   2.1215642e+00
   2.1107018e+00
   2.0999153e+00
   2.0892058e+00
   2.0785746e+00
   2.0680226e+00
   2.0575509e+00
   2.0471606e+00
   2.0368524e+00
   2.0266274e+00
   2.0164863e+00
   2.0064299e+00
   1.9964590e+00
   1.9865741e+00
   1.9767759e+00
   1.9670649e+00
   1.9574418e+00
   1.9479069e+00
   1.9384607e+00
   1.9291035e+00
   1.9198357e+00
   1.9106576e+00
   1.9015693e+00
   1.8925712e+00
   1.8836633e+00
   1.8748458e+00
   1.8661187e+00
   1.8574820e+00
   1.8489359e+00
   1.8404801e+00
   1.8321147e+00
   1.8238396e+00
   1.8156545e+00
   1.8075593e+00
   1.7995538e+00
   1.7916378e+00
   1.7838109e+00
   1.7760729e+00
   1.7684234e+00
   1.7608621e+00
   1.7533886e+00
   1.7460024e+00
   1.7387033e+00
   1.7314906e+00
   1.7243639e+00
   1.7173227e+00
   1.7103666e+00
   1.7034949e+00
   1.6967070e+00
   1.6900025e+00
   1.6833808e+00
   1.6768411e+00
   1.6703829e+00
   1.6640056e+00
   1.6577085e+00
   1.6514910e+00
   1.6453523e+00
   1.6392918e+00
   1.6333088e+00
   1.6274025e+00
   1.6215724e+00
