   5.3523565e-01
   5.3443031e-01
   5.3362623e-01
   5.3282341e-01
   5.3202184e-01
   5.3122153e-01
   5.3042247e-01
   5.2962466e-01
   5.2882810e-01
   5.2803278e-01
   5.2723871e-01
   5.2644588e-01
   5.2565429e-01
   5.2486393e-01
   5.2407482e-01
   5.2328693e-01
   5.2250028e-01
   5.2171486e-01
   5.2093067e-01
   5.2014770e-01
   5.1936596e-01
   5.1858544e-01
   5.1780614e-01
   5.1702806e-01
   5.1625120e-01
   5.1547555e-01
   5.1470111e-01
   5.1392788e-01
   5.1315586e-01
   5.1238505e-01
   5.1161544e-01
   5.1084704e-01
   5.1007983e-01
   5.0931383e-01
   5.0854902e-01
   5.0778541e-01
   5.0702299e-01
   5.0626177e-01
   5.0550173e-01
   5.0474288e-01
   5.0398521e-01
   5.0322873e-01
   5.0247344e-01
   5.0171932e-01
   5.0096638e-01
   5.0021461e-01
   4.9946402e-01
   4.9871461e-01
   4.9796636e-01
   4.9721928e-01
   4.9647337e-01
   4.9572863e-01
   4.9498505e-01
   4.9424263e-01
   4.9350137e-01
   4.9276126e-01
   4.9202231e-01
   4.9128452e-01
   4.9054788e-01
   4.8981239e-01
   4.8907805e-01
   4.8834485e-01
   4.8761280e-01
   4.8688189e-01
   4.8615213e-01
   4.8542350e-01
   4.8469601e-01
   4.8396966e-01
   4.8324444e-01
   4.8252035e-01
   4.8179740e-01
   4.8107557e-01
   4.8035487e-01
   4.7963529e-01
   4.7891684e-01
   4.7819951e-01
   4.7748329e-01
   4.7676820e-01
   4.7605422e-01
   4.7534136e-01
   4.7462961e-01
   4.7391897e-01
   4.7320944e-01
   4.7250101e-01
   4.7179369e-01
   4.7108748e-01
   4.7038237e-01
   4.6967835e-01
   4.6897544e-01
   4.6827362e-01
   4.6757290e-01
   4.6687327e-01
   4.6617473e-01
   4.6547728e-01
   4.6478093e-01
   4.6408565e-01
   4.6339146e-01
   4.6269836e-01
   4.6200633e-01
   4.6131539e-01
   4.6062552e-01
   4.5993673e-01
   4.5924901e-01
   4.5856237e-01
   4.5787679e-01
   4.5719229e-01
   4.5650885e-01
   4.5582648e-01
   4.5514517e-01
   4.5446493e-01
   4.5378574e-01
   4.5310762e-01
   4.5243055e-01
   4.5175454e-01
   4.5107958e-01
   4.5040568e-01
   4.4973282e-01
   4.4906102e-01
   4.4839026e-01
   4.4772055e-01
   4.4705188e-01
   4.4638425e-01
   4.4571767e-01
   4.4505212e-01
   4.4438761e-01
   4.4372414e-01
   4.4306170e-01
   4.4240029e-01
   4.4173992e-01
   4.4108057e-01
   4.4042225e-01
   4.3976496e-01
   4.3910869e-01
   4.3845345e-01
   4.3779922e-01
   4.3714602e-01
   4.3649383e-01
   4.3584266e-01
   4.3519250e-01
   4.3454336e-01
   4.3389523e-01
   4.3324810e-01
   4.3260199e-01
   4.3195688e-01
   4.3131278e-01
   4.3066968e-01
   4.3002758e-01
   4.2938649e-01
   4.2874639e-01
   4.2810729e-01
   4.2746918e-01
   4.2683207e-01
   4.2619595e-01
   4.2556083e-01
   4.2492669e-01
   4.2429354e-01
   4.2366137e-01
   4.2303019e-01
   4.2239999e-01
   4.2177078e-01
   4.2114254e-01
   4.2051528e-01
   4.1988900e-01
   4.1926369e-01
   4.1863936e-01
   4.1801600e-01
   4.1739361e-01
   4.1677219e-01
   4.1615174e-01
   4.1553225e-01
   4.1491373e-01
   4.1429617e-01
   4.1367957e-01
   4.1306393e-01
   4.1244925e-01
   4.1183553e-01
   4.1122276e-01
   4.1061095e-01
   4.1000009e-01
   4.0939018e-01
   4.0878122e-01
   4.0817320e-01
   4.0756614e-01
   4.0696002e-01
   4.0635484e-01
   4.0575060e-01
   4.0514730e-01
   4.0454494e-01
   4.0394352e-01
   4.0334304e-01
   4.0274349e-01
   4.0214487e-01
   4.0154719e-01
   4.0095043e-01
   4.0035460e-01
   3.9975971e-01
   3.9916573e-01
   3.9857268e-01
   3.9798055e-01
   3.9738935e-01
   3.9679906e-01
   3.9620969e-01
   3.9562124e-01
   3.9503370e-01
   3.9444708e-01
   3.9386137e-01
   3.9327658e-01
   3.9269269e-01
   3.9210971e-01
   3.9152763e-01
   3.9094646e-01
   3.9036620e-01
   3.8978684e-01
   3.8920838e-01
   3.8863082e-01
   3.8805415e-01
   3.8747839e-01
   3.8690352e-01
   3.8632954e-01
   3.8575645e-01
   3.8518426e-01
   3.8461296e-01
   3.8404254e-01
   3.8347301e-01
   3.8290437e-01
   3.8233661e-01
   3.8176974e-01
   3.8120374e-01
   3.8063863e-01
   3.8007439e-01
   3.7951104e-01
   3.7894855e-01
   3.7838694e-01
   3.7782621e-01
   3.7726635e-01
   3.7670735e-01
   3.7614923e-01
   3.7559197e-01
   3.7503558e-01
   3.7448005e-01
   3.7392539e-01
   3.7337159e-01
   3.7281865e-01
   3.7226657e-01
   3.7171535e-01
   3.7116498e-01
   3.7061547e-01
   3.7006682e-01
   3.6951901e-01
   3.6897206e-01
   3.6842596e-01
   3.6788071e-01
   3.6733630e-01
   3.6679274e-01
   3.6625002e-01
   3.6570815e-01
   3.6516712e-01
   3.6462693e-01
   3.6408758e-01
   3.6354907e-01
   3.6301139e-01
   3.6247455e-01
   3.6193854e-01
   3.6140337e-01
   3.6086902e-01
   3.6033551e-01
   3.5980283e-01
   3.5927097e-01
   3.5873994e-01
   3.5820973e-01
   3.5768035e-01
   3.5715179e-01
   3.5662405e-01
   3.5609713e-01
   3.5557103e-01
   3.5504575e-01
   3.5452128e-01
   3.5399763e-01
   3.5347479e-01
   3.5295276e-01
   3.5243154e-01
   3.5191113e-01
   3.5139153e-01
   3.5087274e-01
   3.5035475e-01
   3.4983757e-01
   3.4932119e-01
   3.4880561e-01
   3.4829083e-01
   3.4777686e-01
   3.4726367e-01
   3.4675129e-01
   3.4623970e-01
   3.4572891e-01
   3.4521891e-01
   3.4470970e-01
   3.4420128e-01
   3.4369365e-01
   3.4318681e-01
   3.4268075e-01
   3.4217548e-01
   3.4167100e-01
   3.4116730e-01
   3.4066438e-01
   3.4016224e-01
   3.3966088e-01
   3.3916029e-01
   3.3866049e-01
   3.3816146e-01
   3.3766320e-01
   3.3716572e-01
   3.3666901e-01
   3.3617308e-01
   3.3567791e-01
   3.3518351e-01
   3.3468987e-01
   3.3419700e-01
   3.3370490e-01
   3.3321356e-01
   3.3272299e-01
   3.3223317e-01
   3.3174412e-01
   3.3125582e-01
   3.3076828e-01
   3.3028150e-01
   3.2979547e-01
   3.2931020e-01
   3.2882568e-01
   3.2834191e-01
   3.2785889e-01
   3.2737662e-01
   3.2689510e-01
   3.2641433e-01
   3.2593430e-01
   3.2545501e-01
   3.2497647e-01
   3.2449868e-01
   3.2402162e-01
   3.2354530e-01
   3.2306973e-01
   3.2259489e-01
   3.2212078e-01
   3.2164741e-01
   3.2117478e-01
   3.2070288e-01
   3.2023171e-01
   3.1976127e-01
   3.1929156e-01
   3.1882258e-01
   3.1835433e-01
   3.1788680e-01
   3.1742000e-01
   3.1695392e-01
   3.1648856e-01
   3.1602393e-01
   3.1556002e-01
   3.1509682e-01
   3.1463435e-01
   3.1417259e-01
   3.1371154e-01
   3.1325121e-01
   3.1279160e-01
   3.1233270e-01
   3.1187451e-01
   3.1141703e-01
   3.1096026e-01
   3.1050419e-01
   3.1004884e-01
   3.0959419e-01
   3.0914024e-01
   3.0868700e-01
   3.0823446e-01
   3.0778262e-01
   3.0733149e-01
   3.0688105e-01
   3.0643131e-01
   3.0598227e-01
   3.0553392e-01
   3.0508627e-01
   3.0463931e-01
   3.0419304e-01
   3.0374747e-01
   3.0330259e-01
   3.0285839e-01
   3.0241489e-01
   3.0197207e-01
   3.0152994e-01
   3.0108849e-01
   3.0064773e-01
   3.0020765e-01
   2.9976825e-01
   2.9932954e-01
   2.9889150e-01
   2.9845414e-01
   2.9801746e-01
   2.9758146e-01
   2.9714613e-01
   2.9671147e-01
   2.9627749e-01
   2.9584419e-01
   2.9541155e-01
   2.9497958e-01
   2.9454828e-01
   2.9411766e-01
   2.9368769e-01
   2.9325840e-01
   2.9282977e-01
   2.9240180e-01
   2.9197449e-01
   2.9154785e-01
   2.9112187e-01
   2.9069655e-01
   2.9027189e-01
   2.8984788e-01
   2.8942453e-01
   2.8900184e-01
   2.8857980e-01
   2.8815842e-01
   2.8773769e-01
   2.8731761e-01
   2.8689818e-01
   2.8647940e-01
   2.8606127e-01
   2.8564378e-01
   2.8522695e-01
   2.8481076e-01
   2.8439521e-01
   2.8398030e-01
   2.8356604e-01
   2.8315242e-01
   2.8273944e-01
   2.8232710e-01
   2.8191540e-01
   2.8150434e-01
   2.8109391e-01
   2.8068412e-01
   2.8027496e-01
   2.7986644e-01
   2.7945855e-01
   2.7905129e-01
   2.7864466e-01
   2.7823866e-01
   2.7783329e-01
   2.7742854e-01
   2.7702443e-01
   2.7662093e-01
   2.7621807e-01
   2.7581582e-01
   2.7541420e-01
   2.7501320e-01
   2.7461283e-01
   2.7421307e-01
   2.7381393e-01
   2.7341541e-01
   2.7301750e-01
   2.7262021e-01
   2.7222354e-01
   2.7182748e-01
   2.7143203e-01
   2.7103719e-01
   2.7064297e-01
   2.7024936e-01
   2.6985635e-01
   2.6946395e-01
   2.6907216e-01
   2.6868098e-01
   2.6829040e-01
   2.6790043e-01
   2.6751106e-01
   2.6712229e-01
   2.6673413e-01
   2.6634656e-01
   2.6595959e-01
   2.6557323e-01
   2.6518746e-01
   2.6480229e-01
   2.6441771e-01
   2.6403373e-01
   2.6365034e-01
   2.6326755e-01
   2.6288535e-01
   2.6250374e-01
   2.6212272e-01
   2.6174229e-01
   2.6136244e-01
   2.6098319e-01
   2.6060452e-01
   2.6022644e-01
   2.5984894e-01
   2.5947203e-01
   2.5909570e-01
   2.5871995e-01
   2.5834479e-01
   2.5797020e-01
   2.5759619e-01
   2.5722277e-01
   2.5684991e-01
   2.5647764e-01
   2.5610594e-01
   2.5573482e-01
   2.5536427e-01
   2.5499429e-01
   2.5462489e-01
   2.5425606e-01
   2.5388780e-01
   2.5352010e-01
   2.5315298e-01
   2.5278642e-01
   2.5242043e-01
   2.5205501e-01
   2.5169015e-01
   2.5132586e-01
   2.5096213e-01
   2.5059896e-01
   2.5023635e-01
   2.4987430e-01
   2.4951282e-01
   2.4915189e-01
   2.4879152e-01
   2.4843171e-01
   2.4807245e-01
   2.4771375e-01
   2.4735561e-01
   2.4699802e-01
   2.4664098e-01
   2.4628449e-01
   2.4592855e-01
   2.4557317e-01
   2.4521833e-01
   2.4486404e-01
   2.4451030e-01
   2.4415711e-01
   2.4380446e-01
   2.4345236e-01
   2.4310080e-01
   2.4274979e-01
   2.4239932e-01
   2.4204939e-01
   2.4170000e-01
   2.4135115e-01
   2.4100284e-01
   2.4065507e-01
   2.4030784e-01
   2.3996114e-01
   2.3961498e-01
   2.3926935e-01
   2.3892426e-01
   2.3857970e-01
   2.3823567e-01
   2.3789218e-01
   2.3754922e-01
   2.3720678e-01
   2.3686488e-01
   2.3652350e-01
   2.3618265e-01
   2.3584233e-01
   2.3550254e-01
   2.3516327e-01
   2.3482452e-01
   2.3448630e-01
   2.3414860e-01
   2.3381169e-01
   2.6534655e-01
   2.9620356e-01
   3.2642053e-01
   3.5604778e-01
   3.8513217e-01
   4.1371784e-01
   4.4184645e-01
   4.6955748e-01
   4.9688875e-01
   5.2387687e-01
   5.5055780e-01
   5.7696789e-01
   6.0314502e-01
   6.2913046e-01
   6.5497133e-01
   6.8072390e-01
   7.0645823e-01
   7.3226482e-01
   7.5826373e-01
   7.8461821e-01
   8.1155419e-01
   8.3939077e-01
   8.6858820e-01
   8.9983018e-01
   9.3416684e-01
   9.7328579e-01
   1.0200535e+00
   1.0796970e+00
   1.1625747e+00
   1.2912686e+00
   1.5206656e+00
   2.0084323e+00
   2.8855778e+00
   3.4552839e+00
   3.7966879e+00
   4.0994812e+00
   4.3946844e+00
   4.6826312e+00
   4.9615612e+00
   5.2300045e+00
   5.4866961e+00
   5.7305453e+00
   5.9606541e+00
   6.1763431e+00
   6.3771604e+00
   6.5628670e+00
   6.7334090e+00
   6.8889005e+00
   7.0295899e+00
   7.1558415e+00
   7.2146300e+00
   7.2510074e+00
   7.2679494e+00
   7.2681293e+00
   7.2539380e+00
   7.2275017e+00
   7.1907011e+00
   7.1451992e+00
   7.0924508e+00
   7.0337302e+00
   6.9701480e+00
   6.9026659e+00
   6.8321208e+00
   6.7592290e+00
   6.6846112e+00
   6.6087959e+00
   6.5322342e+00
   6.4553110e+00
   6.3783506e+00
   6.3016252e+00
   6.2253645e+00
   6.1497580e+00
   6.0749624e+00
   6.0011052e+00
   5.9282894e+00
   5.8565964e+00
   5.7860897e+00
   5.7168171e+00
   5.6488136e+00
   5.5821024e+00
   5.5166977e+00
   5.4526057e+00
   5.3898256e+00
   5.3283515e+00
   5.2681724e+00
   5.2092741e+00
   5.1516391e+00
   5.0952475e+00
   5.0400775e+00
   4.9861060e+00
   4.9333087e+00
   4.8816603e+00
   4.8311354e+00
   4.7817082e+00
   4.7333526e+00
   4.6860431e+00
   4.6397537e+00
   4.5944591e+00
   4.5501351e+00
   4.5067567e+00
   4.4643002e+00
   4.4227423e+00
   4.3820602e+00
   4.3422319e+00
   4.3032362e+00
   4.2650524e+00
   4.2276600e+00
   4.1910395e+00
   4.1551717e+00
   4.1200393e+00
   4.0856236e+00
   4.0519081e+00
   4.0188755e+00
   3.9865115e+00
   3.9548005e+00
   3.9237274e+00
   3.8932779e+00
   3.8634381e+00
   3.8341953e+00
   3.8055362e+00
   3.7774487e+00
   3.7499207e+00
   3.7229408e+00
   3.6964980e+00
   3.6705812e+00
   3.6451804e+00
   3.6202854e+00
   3.5958863e+00
   3.5719739e+00
   3.5485387e+00
   3.5255724e+00
   3.5030664e+00
   3.4810121e+00
   3.4594020e+00
   3.4382283e+00
   3.4174831e+00
   3.3971589e+00
   3.3772486e+00
   3.3577459e+00
   3.3386440e+00
   3.3199359e+00
   3.3016153e+00
   3.2836760e+00
   3.2661118e+00
   3.2489165e+00
   3.2320851e+00
   3.2156115e+00
   3.1994898e+00
   3.1837152e+00
   3.1682823e+00
   3.1531859e+00
   3.1384207e+00
   3.1239823e+00
   3.1098652e+00
   3.0960647e+00
   3.0825770e+00
   3.0693974e+00
   3.0565208e+00
   3.0439428e+00
   3.0316596e+00
   3.0196664e+00
   3.0079592e+00
   2.9965340e+00
   2.9853871e+00
   2.9745139e+00
   2.9639112e+00
   2.9535747e+00
   2.9435005e+00
   2.9336850e+00
   2.9241255e+00
   2.9148169e+00
   2.9057564e+00
   2.8969402e+00
   2.8883651e+00
   2.8800280e+00
   2.8719251e+00
   2.8640532e+00
   2.8564087e+00
   2.8489890e+00
   2.8417904e+00
   2.8348099e+00
   2.8280451e+00
   2.8214928e+00
   2.8151501e+00
   2.8090134e+00
   2.8030800e+00
   2.7973473e+00
   2.7918120e+00
   2.7864710e+00
   2.7813228e+00
   2.7763625e+00
   2.7715893e+00
   2.7670006e+00
   2.7625930e+00
   2.7583637e+00
   2.7543109e+00
   2.7504318e+00
   2.7467242e+00
   2.7431857e+00
   2.7398133e+00
   2.7366054e+00
   2.7335583e+00
   2.7306709e+00
   2.7279407e+00
   2.7253649e+00
   2.7229424e+00
   2.7206707e+00
   2.7185473e+00
   2.7165700e+00
   2.7147358e+00
   2.7130447e+00
   2.7114937e+00
   2.7100807e+00
   2.7088045e+00
   2.7076615e+00
   2.7066509e+00
   2.7057717e+00
   2.7050208e+00
   2.7043973e+00
   2.7038990e+00
   2.7035242e+00
   2.7032715e+00
   2.7031390e+00
   2.7031253e+00
   2.7032289e+00
   2.7034483e+00
   2.7037814e+00
   2.7042271e+00
   2.7047846e+00
   2.7054521e+00
   2.7062280e+00
   2.7071119e+00
   2.7081025e+00
   2.7091985e+00
   2.7103984e+00
   2.7117014e+00
   2.7131069e+00
   2.7146133e+00
   2.7162208e+00
   2.7179274e+00
   2.7197333e+00
   2.7216381e+00
   2.7236395e+00
   2.7257398e+00
   2.7279351e+00
   2.7302276e+00
   2.7326158e+00
   2.7350995e+00
   2.7376778e+00
   2.7403531e+00
   2.7431237e+00
   2.7459900e+00
   2.7489509e+00
   2.7520078e+00
   2.7551599e+00
   2.7584086e+00
   2.7617530e+00
   2.7651933e+00
   2.7687295e+00
   2.7723611e+00
   2.7760886e+00
   2.7799131e+00
   2.7838328e+00
   2.7878489e+00
   2.7919612e+00
   2.7961691e+00
   2.8004717e+00
   2.8048689e+00
   2.8093603e+00
   2.8139453e+00
   2.8186225e+00
   2.8233911e+00
   2.8282494e+00
   2.8331966e+00
   2.8382321e+00
   2.8433549e+00
   2.8485630e+00
   2.8538550e+00
   2.8592288e+00
   2.8646853e+00
   2.8702202e+00
   2.8758326e+00
   2.8815212e+00
   2.8872839e+00
   2.8931179e+00
   2.8990224e+00
   2.9049956e+00
   2.9110350e+00
   2.9171397e+00
   2.9233077e+00
   2.9295372e+00
   2.9358251e+00
   2.9421697e+00
   2.9485708e+00
   2.9550257e+00
   2.9615320e+00
   2.9680902e+00
   2.9746961e+00
   2.9813486e+00
   2.9880467e+00
   2.9947884e+00
   3.0015717e+00
   3.0083967e+00
   3.0152601e+00
   3.0221614e+00
   3.0290987e+00
   3.0360703e+00
   3.0430746e+00
   3.0501101e+00
   3.0571768e+00
   3.0642750e+00
   3.0713993e+00
   3.0785493e+00
   3.0857255e+00
   3.0929263e+00
   3.1001497e+00
   3.1073952e+00
   3.1146618e+00
   3.1219486e+00
   3.1292561e+00
   3.1365807e+00
   3.1439221e+00
   3.1512800e+00
   3.1586528e+00
   3.1660403e+00
   3.1734420e+00
   3.1808553e+00
   3.1882804e+00
   3.1957171e+00
   3.2031648e+00
   3.2106209e+00
   3.2180866e+00
   3.2255600e+00
   3.2330414e+00
   3.2405305e+00
   3.2480251e+00
   3.2555246e+00
   3.2630291e+00
   3.2705399e+00
   3.2780535e+00
   3.2855714e+00
   3.2930906e+00
   3.3006122e+00
   3.3081362e+00
   3.3156599e+00
   3.3231846e+00
   3.3307094e+00
   3.3382336e+00
   3.3457587e+00
   3.3532813e+00
   3.3608034e+00
   3.3683235e+00
   3.3758416e+00
   3.3833564e+00
   3.3908689e+00
   3.3983790e+00
   3.4058838e+00
   3.4133848e+00
   3.4208819e+00
   3.4283741e+00
   3.4358615e+00
   3.4433432e+00
   3.4508184e+00
   3.4582893e+00
   3.4657546e+00
   3.4732125e+00
   3.4806632e+00
   3.4881075e+00
   3.4955464e+00
   3.5029769e+00
   3.5103990e+00
   3.5178127e+00
   3.5252195e+00
   3.5326188e+00
   3.5400104e+00
   3.5473915e+00
   3.5547638e+00
   3.5621265e+00
   3.5694820e+00
   3.5768269e+00
   3.5841623e+00
   3.5914880e+00
   3.5988035e+00
   3.6061098e+00
   3.6134078e+00
   3.6206946e+00
   3.6279709e+00
   3.6352379e+00
   3.6424951e+00
   3.6497422e+00
   3.6569786e+00
   3.6642041e+00
   3.6714182e+00
   3.6786208e+00
   3.6858116e+00
   3.6929910e+00
   3.7001599e+00
   3.7073178e+00
   3.7144639e+00
   3.7215987e+00
   3.7287223e+00
   3.7358344e+00
   3.7429360e+00
   3.7500255e+00
   3.7571041e+00
   3.7641710e+00
   3.7712262e+00
   3.7782693e+00
   3.7853014e+00
   3.7923215e+00
   3.7993302e+00
   3.8063270e+00
   3.8133121e+00
   3.8202854e+00
   3.8272472e+00
   3.8341972e+00
   3.8411368e+00
   3.8480633e+00
   3.8549784e+00
   3.8618813e+00
   3.8687743e+00
   3.8756556e+00
   3.8825246e+00
   3.8893813e+00
   3.8962265e+00
   3.9030604e+00
   3.9098823e+00
   3.9166927e+00
   3.9234916e+00
   3.9302788e+00
   3.9370544e+00
   3.9438189e+00
   3.9505720e+00
   3.9573129e+00
   3.9640455e+00
   3.9707651e+00
   3.9774733e+00
   3.9841700e+00
   3.9908557e+00
   3.9975301e+00
   4.0041932e+00
   4.0108450e+00
   4.0174854e+00
   4.0241152e+00
   4.0307344e+00
   4.0373425e+00
   4.0439400e+00
   4.0505262e+00
   4.0571017e+00
   4.0636664e+00
   4.0702207e+00
   4.0767648e+00
   4.0832986e+00
   4.0898213e+00
   4.0963340e+00
   4.1028359e+00
   4.1093274e+00
   4.1158085e+00
   4.1222803e+00
   4.1287417e+00
   4.1351932e+00
   4.1416343e+00
   4.1480653e+00
   4.1544867e+00
   4.1608982e+00
   4.1673000e+00
   4.1736921e+00
   4.1800743e+00
   4.1864477e+00
   4.1928116e+00
   4.1991658e+00
   4.2055112e+00
   4.2118470e+00
   4.2181733e+00
   4.2244906e+00
   4.2307996e+00
   4.2370990e+00
   4.2433890e+00
   4.2496700e+00
   4.2559426e+00
   4.2622069e+00
   4.2684630e+00
   4.2747096e+00
   4.2809502e+00
   4.2871812e+00
   4.2934033e+00
   4.2996191e+00
   4.3058244e+00
   4.3120240e+00
   4.3182138e+00
   4.3243949e+00
   4.3305672e+00
   4.3367317e+00
   4.3428880e+00
   4.3490361e+00
   4.3551770e+00
   4.3613102e+00
   4.3674354e+00
   4.3735536e+00
   4.3796642e+00
   4.3857678e+00
   4.3918637e+00
   4.3979529e+00
   4.4040343e+00
   4.4101090e+00
   4.4161761e+00
   4.4222365e+00
   4.4282906e+00
   4.4343370e+00
   4.4403768e+00
   4.4464103e+00
   4.4524376e+00
   4.4584573e+00
   4.4644706e+00
   4.4704777e+00
   4.4764787e+00
   4.4824735e+00
   4.4884622e+00
   4.4944436e+00
   4.5004186e+00
   4.5063878e+00
   4.5123511e+00
   4.5183084e+00
   4.5242598e+00
   4.5302054e+00
   4.5361452e+00
   4.5420792e+00
   4.5480075e+00
   4.5539302e+00
   4.5598472e+00
   4.5657626e+00
   4.5716700e+00
   4.5775737e+00
   4.5834714e+00
   4.5893629e+00
   4.5952490e+00
   4.6011297e+00
   4.6070050e+00
   4.6128752e+00
   4.6187401e+00
   4.6246038e+00
   4.6304601e+00
   4.6363134e+00
   4.6421601e+00
   4.6480046e+00
   4.6538426e+00
   4.6596767e+00
   4.6655053e+00
   4.6713293e+00
   4.6771479e+00
   4.6829614e+00
   4.6887713e+00
   4.6945805e+00
   4.7003838e+00
   4.7061837e+00
   4.7119786e+00
   4.7177696e+00
   4.7235554e+00
   4.7293368e+00
   4.7351151e+00
   4.7408889e+00
   4.7466581e+00
   4.7524245e+00
   4.7581910e+00
   4.7639522e+00
   4.7697106e+00
   4.7754649e+00
   4.7812147e+00
   4.7869606e+00
   4.7927028e+00
   4.7984453e+00
   4.8041819e+00
   4.8099142e+00
   4.8156433e+00
   4.8213731e+00
   4.8270972e+00
   4.8328173e+00
   4.8385342e+00
   4.8442521e+00
   4.8499645e+00
   4.8556730e+00
   4.8613787e+00
   4.8670856e+00
   4.8727870e+00
   4.8784869e+00
   4.8841840e+00
   4.8898773e+00
   4.8955685e+00
   4.9012580e+00
   4.9069444e+00
   4.9126292e+00
   4.9183097e+00
   4.9239879e+00
   4.9296641e+00
   4.9353377e+00
   4.9410132e+00
   4.9466839e+00
   4.9523541e+00
   4.9580197e+00
   4.9636832e+00
   4.9693449e+00
   4.9750042e+00
   4.9806611e+00
   4.9863203e+00
   4.9919754e+00
   4.9976306e+00
   5.0032816e+00
   5.0089328e+00
   5.0145801e+00
   5.0202275e+00
   5.0258714e+00
   5.0315155e+00
   5.0371564e+00
   5.0427976e+00
   5.0484358e+00
   5.0540746e+00
   5.0597103e+00
   5.0653471e+00
   5.0709808e+00
   5.0766160e+00
   5.0822461e+00
   5.0878747e+00
   5.0935019e+00
   5.0991304e+00
   5.1047569e+00
   5.1103854e+00
   5.1160093e+00
   5.1216322e+00
   5.1272538e+00
   5.1328777e+00
   5.1384978e+00
   5.1441169e+00
   5.1497350e+00
   5.1553558e+00
   5.1609731e+00
   5.1665897e+00
   5.1722055e+00
   5.1778246e+00
   5.1834400e+00
   5.1890555e+00
   5.1946703e+00
   5.2002835e+00
   5.2058964e+00
   5.2115091e+00
   5.2171214e+00
   5.2227336e+00
   5.2283457e+00
   5.2339561e+00
   5.2395656e+00
   5.2451762e+00
   5.2507854e+00
   5.2563959e+00
   5.2620050e+00
   5.2676158e+00
   5.2732251e+00
   5.2788364e+00
   5.2844460e+00
   5.2900550e+00
   5.2956642e+00
   5.3012742e+00
   5.3068849e+00
   5.3124949e+00
   5.3181044e+00
   5.3237160e+00
   5.3293267e+00
   5.3349372e+00
   5.3405488e+00
   5.3461604e+00
   5.3517716e+00
   5.3573855e+00
   5.3629987e+00
   5.3686122e+00
   5.3742260e+00
   5.3798401e+00
   5.3854542e+00
   5.3910704e+00
   5.3966869e+00
   5.4023037e+00
   5.4079207e+00
   5.4135387e+00
   5.4191574e+00
   5.4247766e+00
   5.4303965e+00
   5.4360183e+00
   5.4416407e+00
   5.4472636e+00
   5.4528873e+00
   5.4585122e+00
   5.4641378e+00
   5.4697642e+00
   5.4753916e+00
   5.4810206e+00
   5.4866503e+00
   5.4922808e+00
   5.4979121e+00
   5.5035449e+00
   5.5091785e+00
   5.5148137e+00
   5.5204526e+00
   5.5260924e+00
   5.5317314e+00
   5.5373706e+00
   5.5430121e+00
   5.5486556e+00
   5.5543034e+00
   5.5599527e+00
   5.5656012e+00
   5.5712489e+00
   5.5768971e+00
   5.5825486e+00
   5.5882026e+00
   5.5938565e+00
   5.5995117e+00
   5.6051687e+00
   5.6108294e+00
   5.6164893e+00
   5.6221509e+00
   5.6278133e+00
   5.6334765e+00
   5.6391420e+00
   5.6448114e+00
   5.6504818e+00
   5.6561532e+00
   5.6618272e+00
   5.6675024e+00
   5.6731795e+00
   5.6788595e+00
   5.6845440e+00
   5.6902283e+00
   5.6959135e+00
   5.7016005e+00
   5.7072893e+00
   5.7129815e+00
   5.7186752e+00
   5.7243715e+00
   5.7300684e+00
   5.7357677e+00
   5.7414726e+00
   5.7471774e+00
   5.7528830e+00
   5.7585901e+00
   5.7643008e+00
   5.7700144e+00
   5.7757292e+00
   5.7814464e+00
   5.7871650e+00
   5.7928863e+00
   5.7986103e+00
   5.8043377e+00
   5.8100667e+00
   5.8157976e+00
   5.8215299e+00
   5.8272699e+00
   5.8330090e+00
   5.8387527e+00
   5.8444965e+00
   5.8502445e+00
   5.8559931e+00
   5.8617456e+00
   5.8674993e+00
   5.8732568e+00
   5.8790157e+00
   5.8847785e+00
   5.8905428e+00
   5.8963113e+00
   5.9020813e+00
   5.9078559e+00
   5.9136318e+00
   5.9194127e+00
   5.9251948e+00
   5.9309823e+00
   5.9367710e+00
   5.9425590e+00
   5.9483500e+00
   5.9541465e+00
   5.9599450e+00
   5.9657486e+00
   5.9715544e+00
   5.9773661e+00
   5.9831771e+00
   5.9889950e+00
   5.9948128e+00
   6.0006382e+00
   6.0064615e+00
   6.0122883e+00
   6.0181214e+00
   6.0239542e+00
   6.0297950e+00
   6.0356343e+00
   6.0414777e+00
   6.0473214e+00
   6.0531689e+00
   6.0590239e+00
   6.0648797e+00
   6.0707379e+00
   6.0765995e+00
   6.0824693e+00
   6.0883382e+00
   6.0942112e+00
   6.1000854e+00
   6.1059642e+00
   6.1118452e+00
   6.1177307e+00
   6.1236250e+00
   6.1295190e+00
   6.1354152e+00
   6.1413152e+00
   6.1472196e+00
   6.1531265e+00
   6.1590365e+00
   6.1649511e+00
   6.1708680e+00
   6.1767901e+00
   6.1827146e+00
   6.1886444e+00
   6.1945770e+00
   6.2005150e+00
   6.2064563e+00
   6.2124029e+00
   6.2183515e+00
   6.2243045e+00
   6.2302600e+00
   6.2362192e+00
   6.2421845e+00
   6.2481523e+00
   6.2541248e+00
   6.2601003e+00
   6.2660800e+00
   6.2720664e+00
   6.2780563e+00
   6.2840461e+00
   6.2900452e+00
   6.2960449e+00
   6.3020540e+00
   6.3080613e+00
   6.3140754e+00
   6.3200937e+00
   6.3261156e+00
   6.3321404e+00
   6.3381683e+00
   6.3442002e+00
   6.3502435e+00
   6.3562852e+00
   6.3623343e+00
   6.3683853e+00
   6.3744411e+00
   6.3805041e+00
   6.3865711e+00
   6.3926438e+00
   6.3987153e+00
   6.4047948e+00
   6.4108769e+00
   6.4169645e+00
   6.4230570e+00
   6.4291545e+00
   6.4352543e+00
   6.4413600e+00
   6.4474710e+00
   6.4535874e+00
   6.4597066e+00
   6.4658328e+00
   6.4719596e+00
   6.4780907e+00
   6.4842270e+00
   6.4903685e+00
   6.4965154e+00
   6.5026677e+00
   6.5088256e+00
   6.5149891e+00
   6.5211548e+00
   6.5273268e+00
   6.5335039e+00
   6.5396867e+00
   6.5458765e+00
   6.5520674e+00
   6.5582623e+00
   6.5644665e+00
   6.5706713e+00
   6.5768843e+00
   6.5831020e+00
   6.5893270e+00
   6.5955530e+00
   6.6017838e+00
   6.6080219e+00
   6.6142624e+00
   6.6205102e+00
   6.6267602e+00
   6.6330207e+00
   6.6392854e+00
   6.6455551e+00
   6.6518294e+00
   6.6581090e+00
   6.6643914e+00
   6.6706800e+00
   6.6769772e+00
   6.6832779e+00
   6.6895839e+00
   6.6958937e+00
   6.7022099e+00
   6.7085325e+00
   6.7148608e+00
   6.7211925e+00
   6.7275270e+00
   6.7338694e+00
   6.7402168e+00
   6.7465683e+00
   6.7529273e+00
   6.7592938e+00
   6.7656656e+00
   6.7720432e+00
   6.7784231e+00
   6.7848107e+00
   6.7912040e+00
   6.7976039e+00
   6.8040062e+00
   6.8104169e+00
   6.8168314e+00
   6.8232488e+00
   6.8296750e+00
   6.8361080e+00
   6.8425460e+00
   6.8489892e+00
   6.8554360e+00
   6.8618924e+00
   6.8683536e+00
   6.8748187e+00
   6.8812919e+00
   6.8877702e+00
   6.8942520e+00
   6.9007401e+00
   6.9072345e+00
   6.9137354e+00
   6.9202429e+00
   6.9267571e+00
   6.9332781e+00
   6.9398025e+00
   6.9463345e+00
   6.9528714e+00
   6.9594164e+00
   6.9659680e+00
   6.9725245e+00
   6.9790859e+00
   6.9856559e+00
   6.9922307e+00
   6.9988087e+00
   7.0053945e+00
   7.0119885e+00
   7.0185870e+00
   7.0251933e+00
   7.0318054e+00
   7.0384234e+00
   7.0450484e+00
   7.0516754e+00
   7.0583125e+00
   7.0649549e+00
   7.0716061e+00
   7.0782624e+00
   7.0849250e+00
   7.0915908e+00
   7.0982646e+00
   7.1049449e+00
   7.1116347e+00
   7.1183303e+00
   7.1250316e+00
   7.1317389e+00
   7.1384521e+00
   7.1451724e+00
   7.1518970e+00
   7.1586313e+00
   7.1653705e+00
   7.1721181e+00
   7.1788729e+00
   7.1856305e+00
   7.1923962e+00
   7.1991706e+00
   7.2059486e+00
   7.2127355e+00
   7.2195297e+00
   7.2263298e+00
   7.2331400e+00
   7.2399577e+00
   7.2467780e+00
   7.2536059e+00
   7.2604416e+00
   7.2672807e+00
   7.2741303e+00
   7.2809891e+00
   7.2878494e+00
   7.2947174e+00
   7.3015903e+00
   7.3084740e+00
   7.3153620e+00
   7.3222580e+00
   7.3291593e+00
   7.3360723e+00
   7.3429898e+00
   7.3499157e+00
   7.3568461e+00
   7.3637850e+00
   7.3707303e+00
   7.3776854e+00
   7.3846470e+00
   7.3916147e+00
   7.3985885e+00
   7.4055694e+00
   7.4125596e+00
   7.4195566e+00
   7.4265609e+00
   7.4335708e+00
   7.4405898e+00
   7.4476160e+00
   7.4546467e+00
   7.4616885e+00
   7.4687372e+00
   7.4757931e+00
   7.4828571e+00
   7.4899282e+00
   7.4970072e+00
   7.5040928e+00
   7.5111863e+00
   7.5182873e+00
   7.5253955e+00
   7.5325123e+00
   7.5396354e+00
   7.5467662e+00
   7.5539024e+00
   7.5610479e+00
   7.5682010e+00
   7.5753622e+00
   7.5825318e+00
   7.5897085e+00
   7.5968927e+00
   7.6040860e+00
   7.6112853e+00
   7.6184922e+00
   7.6257075e+00
   7.6329304e+00
   7.6401618e+00
   7.6474011e+00
   7.6546480e+00
   7.6619035e+00
   7.6691668e+00
   7.6764366e+00
   7.6837149e+00
   7.6910018e+00
   7.6982955e+00
   7.7055944e+00
   7.7129041e+00
   7.7202204e+00
   7.7275468e+00
   7.7348818e+00
   7.7422240e+00
   7.7495727e+00
   7.7569308e+00
   7.7642963e+00
   7.7716688e+00
   7.7790518e+00
   7.7864430e+00
   7.7938420e+00
   7.8012464e+00
   7.8086632e+00
   7.8160868e+00
   7.8235195e+00
   7.8309612e+00
   7.8384101e+00
   7.8458679e+00
   7.8533345e+00
   7.8608078e+00
   7.8682885e+00
   7.8757800e+00
   7.8832781e+00
   7.8907864e+00
   7.8983021e+00
   7.9058285e+00
   7.9133616e+00
   7.9209032e+00
   7.9284529e+00
   7.9360115e+00
   7.9435794e+00
   7.9511593e+00
   7.9587439e+00
   7.9663360e+00
   7.9739355e+00
   7.9815451e+00
   7.9891668e+00
   7.9967948e+00
   8.0044316e+00
   8.0120765e+00
   8.0197322e+00
   8.0273957e+00
   8.0350683e+00
   8.0427503e+00
   8.0504398e+00
   8.0581357e+00
   8.0658400e+00
   8.0735546e+00
   8.0812773e+00
   8.0890108e+00
   8.0967541e+00
   8.1045045e+00
   8.1122626e+00
   8.1200288e+00
   8.1278053e+00
   8.1355921e+00
   8.1433873e+00
   8.1511918e+00
   8.1590051e+00
   8.1668264e+00
   8.1746557e+00
   8.1824971e+00
   8.1903480e+00
   8.1982073e+00
   8.2060780e+00
   8.2139600e+00
   8.2218481e+00
   8.2297438e+00
   8.2376499e+00
   8.2455630e+00
   8.2534915e+00
   8.2614301e+00
   8.2693779e+00
   8.2773351e+00
   8.2853018e+00
   8.2932737e+00
   8.3012504e+00
   8.3092407e+00
   8.3172408e+00
   8.3252506e+00
   8.3332706e+00
   8.3412976e+00
   8.3493363e+00
   8.3573823e+00
   8.3654417e+00
   8.3735098e+00
   8.3815875e+00
   8.3896739e+00
   8.3977698e+00
   8.4058749e+00
   8.4139906e+00
   8.4221140e+00
   8.4302465e+00
   8.4383920e+00
   8.4465454e+00
   8.4547091e+00
   8.4628830e+00
   8.4710660e+00
   8.4792606e+00
   8.4874643e+00
   8.4956770e+00
   8.5039014e+00
   8.5121366e+00
   8.5203816e+00
   8.5286364e+00
   8.5369011e+00
   8.5451760e+00
   8.5534611e+00
   8.5617565e+00
   8.5700625e+00
   8.5783767e+00
   8.5867015e+00
   8.5950355e+00
   8.6033800e+00
   8.6117359e+00
   8.6201033e+00
   8.6284794e+00
   8.6368646e+00
   8.6452617e+00
   8.6536686e+00
   8.6620847e+00
   8.6705133e+00
   8.6789518e+00
   8.6874005e+00
   8.6958597e+00
   8.7043293e+00
   8.7128098e+00
   8.7213012e+00
   8.7298036e+00
   8.7383150e+00
   8.7468382e+00
   8.7553728e+00
   8.7639169e+00
   8.7724711e+00
   8.7810356e+00
   8.7896105e+00
   8.7981960e+00
   8.8067924e+00
   8.8153997e+00
   8.8240184e+00
   8.8326486e+00
   8.8412907e+00
   8.8499449e+00
   8.8586082e+00
   8.8672834e+00
   8.8759700e+00
   8.8846660e+00
   8.8933734e+00
   8.9020929e+00
   8.9108224e+00
   8.9195638e+00
   8.9283159e+00
   8.9370793e+00
   8.9458542e+00
   8.9546421e+00
   8.9634398e+00
   8.9722490e+00
   8.9810685e+00
   8.9898998e+00
   8.9987418e+00
   9.0075963e+00
   9.0164621e+00
   9.0253409e+00
   9.0342297e+00
   9.0431289e+00
   9.0520399e+00
   9.0609609e+00
   9.0698986e+00
   9.0788446e+00
   9.0878048e+00
   9.0967717e+00
   9.1057504e+00
   9.1147417e+00
   9.1237441e+00
   9.1327588e+00
   9.1417845e+00
   9.1508229e+00
   9.1598736e+00
   9.1689367e+00
   9.1780104e+00
   9.1871014e+00
   9.1961977e+00
   9.2053075e+00
   9.2144264e+00
   9.2235592e+00
   9.2327063e+00
   9.2418633e+00
   9.2510353e+00
   9.2602176e+00
   9.2694093e+00
   9.2786110e+00
   9.2878286e+00
   9.2970630e+00
   9.3063068e+00
   9.3155628e+00
   9.3248299e+00
   9.3341087e+00
   9.3434019e+00
   9.3527058e+00
   9.3620221e+00
   9.3713519e+00
   9.3806925e+00
   9.3900475e+00
   9.3994137e+00
   9.4087925e+00
   9.4181821e+00
   9.4275861e+00
   9.4370012e+00
   9.4464311e+00
   9.4558717e+00
   9.4653283e+00
   9.4747962e+00
   9.4842753e+00
   9.4937669e+00
   9.5032730e+00
   9.5127909e+00
   9.5223221e+00
   9.5318656e+00
   9.5414226e+00
   9.5509927e+00
   9.5605751e+00
   9.5701695e+00
   9.5797787e+00
   9.5894012e+00
   9.5990372e+00
   9.6086879e+00
   9.6183501e+00
   9.6280251e+00
   9.6377168e+00
   9.6474185e+00
   9.6571331e+00
   9.6668611e+00
   9.6766040e+00
   9.6863608e+00
   9.6961304e+00
   9.7059120e+00
   9.7157045e+00
   9.7255144e+00
   9.7353369e+00
   9.7451697e+00
   9.7550186e+00
   9.7648827e+00
   9.7747615e+00
   9.7846547e+00
   9.7945621e+00
   9.8044785e+00
   9.8144140e+00
   9.8243612e+00
   9.8343209e+00
   9.8442958e+00
   9.8542853e+00
   9.8642915e+00
   9.8743107e+00
   9.8843420e+00
   9.8943870e+00
   9.9044462e+00
   9.9145202e+00
   9.9246076e+00
   9.9347118e+00
   9.9448303e+00
   9.9549579e+00
   9.9651025e+00
   9.9752654e+00
   9.9854392e+00
   9.9956260e+00
   1.0005828e+01
   1.0016044e+01
   1.0026274e+01
   1.0036521e+01
   1.0046783e+01
   1.0057058e+01
   1.0067350e+01
   1.0077657e+01
   1.0087976e+01
   1.0098309e+01
   1.0108663e+01
   1.0119027e+01
   1.0129410e+01
   1.0139805e+01
   1.0150213e+01
   1.0160639e+01
   1.0171078e+01
   1.0181536e+01
   1.0192006e+01
   1.0202490e+01
   1.0212990e+01
   1.0223506e+01
   1.0234039e+01
   1.0244585e+01
   1.0255145e+01
   1.0265722e+01
   1.0276316e+01
   1.0286925e+01
   1.0297545e+01
   1.0308183e+01
   1.0318837e+01
   1.0329507e+01
   1.0340191e+01
   1.0350893e+01
   1.0361611e+01
   1.0372342e+01
   1.0383089e+01
   1.0393850e+01
   1.0404632e+01
   1.0415429e+01
   1.0426242e+01
   1.0437072e+01
   1.0447917e+01
   1.0458777e+01
   1.0469656e+01
   1.0480550e+01
   1.0491460e+01
   1.0502389e+01
   1.0513329e+01
   1.0524289e+01
   1.0535267e+01
   1.0546260e+01
   1.0557269e+01
   1.0568295e+01
   1.0579340e+01
   1.0590402e+01
   1.0601478e+01
   1.0612570e+01
   1.0623676e+01
   1.0634802e+01
   1.0645945e+01
   1.0657106e+01
   1.0668283e+01
   1.0679477e+01
   1.0690686e+01
   1.0701915e+01
   1.0713161e+01
   1.0724423e+01
   1.0735699e+01
   1.0746997e+01
   1.0758313e+01
   1.0769647e+01
   1.0781000e+01
   1.0792364e+01
   1.0803750e+01
   1.0815151e+01
   1.0826572e+01
   1.0838010e+01
   1.0849464e+01
   1.0860937e+01
   1.0872427e+01
   1.0883936e+01
   1.0895463e+01
   1.0907006e+01
   1.0918570e+01
   1.0930148e+01
   1.0941751e+01
   1.0953367e+01
   1.0965001e+01
   1.0976654e+01
   1.0988326e+01
   1.1000014e+01
   1.1011721e+01
   1.1023445e+01
   1.1035191e+01
   1.1046956e+01
   1.1058737e+01
   1.1070536e+01
   1.1082355e+01
   1.1094194e+01
   1.1106052e+01
   1.1117929e+01
   1.1129822e+01
   1.1141735e+01
   1.1153670e+01
   1.1165624e+01
   1.1177596e+01
   1.1189587e+01
   1.1201596e+01
   1.1213626e+01
   1.1225675e+01
   1.1237743e+01
   1.1249833e+01
   1.1261943e+01
   1.1274069e+01
   1.1286215e+01
   1.1298382e+01
   1.1310571e+01
   1.1322778e+01
   1.1335003e+01
   1.1347250e+01
   1.1359517e+01
   1.1371807e+01
   1.1384113e+01
   1.1396440e+01
   1.1408785e+01
   1.1421155e+01
   1.1433543e+01
   1.1445954e+01
   1.1458382e+01
   1.1470831e+01
   1.1483302e+01
   1.1495791e+01
   1.1508304e+01
   1.1520834e+01
   1.1533387e+01
   1.1545961e+01
   1.1558554e+01
   1.1571164e+01
   1.1583797e+01
   1.1596453e+01
   1.1609128e+01
   1.1621826e+01
   1.1634547e+01
   1.1647289e+01
   1.1660053e+01
   1.1672840e+01
   1.1685646e+01
   1.1698476e+01
   1.1711326e+01
   1.1724197e+01
   1.1737092e+01
   1.1750011e+01
   1.1762948e+01
   1.1775906e+01
   1.1788888e+01
   1.1801892e+01
   1.1814917e+01
   1.1827965e+01
   1.1841035e+01
   1.1854125e+01
   1.1867241e+01
   1.1880380e+01
   1.1893543e+01
   1.1906731e+01
   1.1919935e+01
   1.1933164e+01
   1.1946415e+01
   1.1959688e+01
   1.1972986e+01
   1.1986307e+01
   1.1999650e+01
   1.2013016e+01
   1.2026402e+01
   1.2039814e+01
   1.2053250e+01
   1.2066713e+01
   1.2080195e+01
   1.2093701e+01
   1.2107229e+01
   1.2120786e+01
   1.2134363e+01
   1.2147965e+01
   1.2161590e+01
   1.2175239e+01
   1.2188912e+01
   1.2202609e+01
   1.2216331e+01
   1.2230076e+01
   1.2243843e+01
   1.2257638e+01
   1.2271453e+01
   1.2285296e+01
   1.2299164e+01
   1.2313057e+01
   1.2326975e+01
   1.2340917e+01
   1.2354882e+01
   1.2368872e+01
   1.2382889e+01
   1.2396932e+01
   1.2410996e+01
   1.2425091e+01
   1.2439208e+01
   1.2453352e+01
   1.2467519e+01
   1.2481711e+01
   1.2495931e+01
   1.2510175e+01
   1.2524443e+01
   1.2538737e+01
   1.2553058e+01
   1.2567405e+01
   1.2581779e+01
   1.2596179e+01
   1.2610605e+01
   1.2625058e+01
   1.2639536e+01
   1.2654042e+01
   1.2668573e+01
   1.2683135e+01
   1.2697726e+01
   1.2712340e+01
   1.2726982e+01
   1.2741648e+01
   1.2756341e+01
   1.2771068e+01
   1.2785817e+01
   1.2800593e+01
   1.2815398e+01
   1.2830228e+01
   1.2845088e+01
   1.2859973e+01
   1.2874887e+01
   1.2889830e+01
   1.2904800e+01
   1.2919798e+01
   1.2934825e+01
   1.2949878e+01
   1.2964958e+01
   1.2980071e+01
   1.2995210e+01
   1.3010379e+01
   1.3025575e+01
   1.3040801e+01
   1.3056054e+01
   1.3071337e+01
   1.3086648e+01
   1.3101986e+01
   1.3117352e+01
   1.3132747e+01
   1.3148172e+01
   1.3163628e+01
   1.3179113e+01
   1.3194628e+01
   1.3210174e+01
   1.3225752e+01
   1.3241355e+01
   1.3256987e+01
   1.3272649e+01
   1.3288341e+01
   1.3304064e+01
   1.3319819e+01
   1.3335602e+01
   1.3351415e+01
   1.3367260e+01
   1.3383134e+01
   1.3399041e+01
   1.3414974e+01
   1.3430942e+01
   1.3446939e+01
   1.3462971e+01
   1.3479034e+01
   1.3495123e+01
   1.3511245e+01
   1.3527396e+01
   1.3543581e+01
   1.3559796e+01
   1.3576045e+01
   1.3592326e+01
   1.3608637e+01
   1.3624979e+01
   1.3641351e+01
   1.3657757e+01
   1.3674193e+01
   1.3690663e+01
   1.3707163e+01
   1.3723699e+01
   1.3740264e+01
   1.3756864e+01
   1.3773498e+01
   1.3790161e+01
   1.3806855e+01
   1.3823587e+01
   1.3840348e+01
   1.3857146e+01
   1.3873974e+01
   1.3890836e+01
   1.3907731e+01
   1.3924661e+01
   1.3941626e+01
   1.3958623e+01
   1.3975653e+01
   1.3992716e+01
   1.4009815e+01
   1.4026944e+01
   1.4044109e+01
   1.4061309e+01
   1.4078541e+01
   1.4095812e+01
   1.4113112e+01
   1.4130447e+01
   1.4147816e+01
   1.4165217e+01
   1.4182659e+01
   1.4200133e+01
   1.4217642e+01
   1.4235183e+01
   1.4252762e+01
   1.4270376e+01
   1.4288025e+01
   1.4305707e+01
   1.4323424e+01
   1.4341179e+01
   1.4358971e+01
   1.4376798e+01
   1.4394656e+01
   1.4412551e+01
   1.4430483e+01
   1.4448449e+01
   1.4466452e+01
   1.4484492e+01
   1.4502570e+01
   1.4520682e+01
   1.4538831e+01
   1.4557017e+01
   1.4575245e+01
   1.4593505e+01
   1.4611803e+01
   1.4630135e+01
   1.4648507e+01
   1.4666917e+01
   1.4685362e+01
   1.4703846e+01
   1.4722366e+01
   1.4740920e+01
   1.4759518e+01
   1.4778149e+01
   1.4796816e+01
   1.4815524e+01
   1.4834268e+01
   1.4853047e+01
   1.4871864e+01
   1.4890718e+01
   1.4909612e+01
   1.4928544e+01
   1.4947515e+01
   1.4966523e+01
   1.4985574e+01
   1.5004663e+01
   1.5023791e+01
   1.5042957e+01
   1.5062163e+01
   1.5081406e+01
   1.5100685e+01
   1.5120003e+01
   1.5139362e+01
   1.5158760e+01
   1.5178195e+01
   1.5197670e+01
   1.5217186e+01
   1.5236741e+01
   1.5256335e+01
   1.5275970e+01
   1.5295640e+01
   1.5315354e+01
   1.5335107e+01
   1.5354901e+01
   1.5374736e+01
   1.5394607e+01
   1.5414518e+01
   1.5434469e+01
   1.5454462e+01
   1.5474495e+01
   1.5494569e+01
   1.5514681e+01
   1.5534836e+01
   1.5555027e+01
   1.5575260e+01
   1.5595533e+01
   1.5615843e+01
   1.5636197e+01
   1.5656595e+01
   1.5677029e+01
   1.5697506e+01
   1.5718027e+01
   1.5738587e+01
   1.5759186e+01
   1.5779828e+01
   1.5800508e+01
   1.5821233e+01
   1.5841998e+01
   1.5862805e+01
   1.5883650e+01
   1.5904537e+01
   1.5925465e+01
   1.5946436e+01
   1.5967451e+01
   1.5988502e+01
   1.6009596e+01
   1.6030733e+01
   1.6051911e+01
   1.6073130e+01
   1.6094394e+01
   1.6115697e+01
   1.6137041e+01
   1.6158422e+01
   1.6179846e+01
   1.6201316e+01
   1.6222827e+01
   1.6244380e+01
   1.6265974e+01
   1.6287605e+01
   1.6309282e+01
   1.6330998e+01
   1.6352755e+01
   1.6374557e+01
   1.6396399e+01
   1.6418284e+01
   1.6440211e+01
   1.6462185e+01
   1.6484196e+01
   1.6506252e+01
   1.6528350e+01
   1.6550488e+01
   1.6572668e+01
   1.6594890e+01
   1.6617154e+01
   1.6639458e+01
   1.6661807e+01
   1.6684197e+01
   1.6706627e+01
   1.6729100e+01
   1.6751616e+01
   1.6774173e+01
   1.6796775e+01
   1.6819416e+01
   1.6842099e+01
   1.6864822e+01
   1.6887589e+01
   1.6910398e+01
   1.6933248e+01
   1.6956142e+01
   1.6979076e+01
   1.7002052e+01
   1.7025068e+01
   1.7048126e+01
   1.7071225e+01
   1.7094367e+01
   1.7117552e+01
   1.7140775e+01
   1.7164045e+01
   1.7187352e+01
   1.7210700e+01
   1.7234092e+01
   1.7257521e+01
   1.7280993e+01
   1.7304504e+01
   1.7328057e+01
   1.7351649e+01
   1.7375285e+01
   1.7398959e+01
   1.7422674e+01
   1.7446429e+01
   1.7470227e+01
   1.7494064e+01
   1.7517939e+01
   1.7541856e+01
   1.7565811e+01
   1.7589805e+01
   1.7613845e+01
   1.7637922e+01
   1.7662042e+01
   1.7686197e+01
   1.7710390e+01
   1.7734623e+01
   1.7758896e+01
   1.7783208e+01
   1.7807560e+01
   1.7831949e+01
   1.7856376e+01
   1.7880842e+01
   1.7905348e+01
   1.7929891e+01
   1.7954475e+01
   1.7979095e+01
   1.8003753e+01
   1.8028450e+01
   1.8053184e+01
   1.8077954e+01
   1.8102762e+01
   1.8127607e+01
   1.8152489e+01
   1.8177406e+01
   1.8202361e+01
   1.8227351e+01
   1.8252376e+01
   1.8277439e+01
   1.8302538e+01
   1.8327672e+01
   1.8352842e+01
   1.8378045e+01
   1.8403286e+01
   1.8428559e+01
   1.8453867e+01
   1.8479208e+01
   1.8504583e+01
   1.8529993e+01
   1.8555437e+01
   1.8580916e+01
   1.8606431e+01
   1.8631978e+01
   1.8657557e+01
   1.8683169e+01
   1.8708811e+01
   1.8734485e+01
   1.8760190e+01
   1.8785926e+01
   1.8811695e+01
   1.8837495e+01
   1.8863326e+01
   1.8889187e+01
   1.8915078e+01
   1.8940999e+01
   1.8966950e+01
   1.8992933e+01
   1.9018941e+01
   1.9044979e+01
   1.9071045e+01
   1.9097138e+01
   1.9123260e+01
   1.9149409e+01
   1.9175585e+01
   1.9201789e+01
   1.9228018e+01
   1.9254274e+01
   1.9280557e+01
   1.9306863e+01
   1.9333200e+01
   1.9359558e+01
   1.9385940e+01
   1.9412344e+01
   1.9438773e+01
   1.9465226e+01
   1.9491701e+01
   1.9518200e+01
   1.9544721e+01
   1.9571262e+01
   1.9597824e+01
   1.9624407e+01
   1.9651014e+01
   1.9677639e+01
   1.9704283e+01
   1.9730950e+01
   1.9757634e+01
   1.9784336e+01
   1.9811056e+01
   1.9837796e+01
   1.9864550e+01
   1.9891320e+01
   1.9918108e+01
   1.9944911e+01
   1.9971732e+01
   1.9998567e+01
   2.0025416e+01
   2.0052280e+01
   2.0079157e+01
   2.0106047e+01
   2.0132951e+01
   2.0159866e+01
   2.0186793e+01
   2.0213731e+01
   2.0240681e+01
   2.0267640e+01
   2.0294612e+01
   2.0321590e+01
   2.0348579e+01
   2.0375575e+01
   2.0402578e+01
   2.0429589e+01
   2.0456607e+01
   2.0483631e+01
   2.0510658e+01
   2.0537692e+01
   2.0564726e+01
   2.0591768e+01
   2.0618811e+01
   2.0645859e+01
   2.0672909e+01
   2.0699958e+01
   2.0727010e+01
   2.0754063e+01
   2.0781116e+01
   2.0808168e+01
   2.0835219e+01
   2.0862267e+01
   2.0889312e+01
   2.0916355e+01
   2.0943392e+01
   2.0970426e+01
   2.0997454e+01
   2.1024477e+01
   2.1051495e+01
   2.1078502e+01
   2.1105505e+01
   2.1132500e+01
   2.1159485e+01
   2.1186462e+01
   2.1213426e+01
   2.1240381e+01
   2.1267325e+01
   2.1294256e+01
   2.1321170e+01
   2.1348076e+01
   2.1374966e+01
   2.1401838e+01
   2.1428698e+01
   2.1455540e+01
   2.1482366e+01
   2.1509173e+01
   2.1535964e+01
   2.1562735e+01
   2.1589484e+01
   2.1616213e+01
   2.1642921e+01
   2.1669609e+01
   2.1696273e+01
   2.1722913e+01
   2.1749529e+01
   2.1776120e+01
   2.1802685e+01
   2.1829223e+01
   2.1855734e+01
   2.1882215e+01
   2.1908669e+01
   2.1935090e+01
   2.1961484e+01
   2.1987846e+01
   2.2014175e+01
   2.2040472e+01
   2.2066734e+01
   2.2092959e+01
   2.2119152e+01
   2.2145305e+01
   2.2171422e+01
   2.2197502e+01
   2.2223545e+01
   2.2249550e+01
   2.2275510e+01
   2.2301431e+01
   2.2327313e+01
   2.2353149e+01
   2.2378941e+01
   2.2404685e+01
   2.2430388e+01
   2.2456043e+01
   2.2481647e+01
   2.2507204e+01
   2.2532711e+01
   2.2558171e+01
   2.2583582e+01
   2.2608939e+01
   2.2634241e+01
   2.2659490e+01
   2.2684685e+01
   2.2709826e+01
   2.2734909e+01
   2.2759935e+01
   2.2784903e+01
   2.2809811e+01
   2.2834659e+01
   2.2859444e+01
   2.2884168e+01
   2.2908829e+01
   2.2933424e+01
   2.2957954e+01
   2.2982417e+01
   2.3006811e+01
   2.3031139e+01
   2.3055397e+01
   2.3079585e+01
   2.3103700e+01
   2.3127744e+01
   2.3151714e+01
   2.3175607e+01
   2.3199424e+01
   2.3223164e+01
   2.3246828e+01
   2.3270414e+01
   2.3293921e+01
   2.3317346e+01
   2.3340688e+01
   2.3363946e+01
   2.3387120e+01
   2.3410210e+01
   2.3433211e+01
   2.3456124e+01
   2.3478948e+01
   2.3501683e+01
   2.3524326e+01
   2.3546877e+01
   2.3569333e+01
   2.3591696e+01
   2.3613959e+01
   2.3636129e+01
   2.3658197e+01
   2.3680164e+01
   2.3702030e+01
   2.3723796e+01
   2.3745458e+01
   2.3767016e+01
   2.3788467e+01
   2.3809808e+01
   2.3831042e+01
   2.3852166e+01
   2.3873180e+01
   2.3894083e+01
   2.3914871e+01
   2.3935544e+01
   2.3956100e+01
   2.3976539e+01
   2.3996860e+01
   2.4017058e+01
   2.4037135e+01
   2.4057088e+01
   2.4076918e+01
   2.4096621e+01
   2.4116196e+01
   2.4135642e+01
   2.4154958e+01
   2.4174145e+01
   2.4193196e+01
   2.4212113e+01
   2.4230895e+01
   2.4249539e+01
   2.4268043e+01
   2.4286406e+01
   2.4304629e+01
   2.4322707e+01
   2.4340640e+01
   2.4358428e+01
   2.4376067e+01
   2.4393557e+01
   2.4410896e+01
   2.4428081e+01
   2.4445113e+01
   2.4461989e+01
   2.4478708e+01
   2.4495267e+01
   2.4511666e+01
   2.4527903e+01
   2.4543975e+01
   2.4559882e+01
   2.4575622e+01
   2.4591193e+01
   2.4606592e+01
   2.4621821e+01
   2.4636875e+01
   2.4651755e+01
   2.4666458e+01
   2.4680982e+01
   2.4695327e+01
   2.4709488e+01
   2.4723467e+01
   2.4737259e+01
   2.4750864e+01
   2.4764277e+01
   2.4777504e+01
   2.4790536e+01
   2.4803373e+01
   2.4816013e+01
   2.4828454e+01
   2.4840697e+01
   2.4852740e+01
   2.4864578e+01
   2.4876211e+01
   2.4887637e+01
   2.4898855e+01
   2.4909862e+01
   2.4920656e+01
   2.4931236e+01
   2.4941599e+01
   2.4951744e+01
   2.4961667e+01
   2.4971371e+01
   2.4980850e+01
   2.4990101e+01
   2.4999128e+01
   2.5007923e+01
   2.5016486e+01
   2.5024819e+01
   2.5032914e+01
   2.5040774e+01
   2.5048393e+01
   2.5055771e+01
   2.5062906e+01
   2.5069795e+01
   2.5076436e+01
   2.5082827e+01
   2.5088968e+01
   2.5094856e+01
   2.5100488e+01
   2.5105863e+01
   2.5110979e+01
   2.5115834e+01
   2.5120427e+01
   2.5124754e+01
   2.5128815e+01
   2.5132608e+01
   2.5136129e+01
   2.5139376e+01
   2.5142347e+01
   2.5145041e+01
   2.5147456e+01
   2.5149589e+01
   2.5151437e+01
   2.5153002e+01
   2.5154280e+01
   2.5155267e+01
   2.5155962e+01
   2.5156364e+01
   2.5156472e+01
   2.5156284e+01
   2.5155796e+01
   2.5155003e+01
   2.5153905e+01
   2.5152502e+01
   2.5150787e+01
   2.5148760e+01
   2.5146421e+01
   2.5143768e+01
   2.5140796e+01
   2.5137506e+01
   2.5133896e+01
   2.5129961e+01
   2.5125696e+01
   2.5121109e+01
   2.5116193e+01
   2.5110943e+01
   2.5105357e+01
   2.5099437e+01
   2.5093178e+01
   2.5086581e+01
   2.5079641e+01
   2.5072352e+01
   2.5064720e+01
   2.5056737e+01
   2.5048405e+01
   2.5039720e+01
   2.5030680e+01
   2.5021284e+01
   2.5011527e+01
   2.5001406e+01
   2.4990924e+01
   2.4980079e+01
   2.4968860e+01
   2.4957272e+01
   2.4945311e+01
   2.4932976e+01
   2.4920267e+01
   2.4907179e+01
   2.4893707e+01
   2.4879855e+01
   2.4865618e+01
   2.4850992e+01
   2.4835978e+01
   2.4820573e+01
   2.4804775e+01
   2.4788584e+01
   2.4771994e+01
   2.4755003e+01
   2.4737610e+01
   2.4719814e+01
   2.4701613e+01
   2.4683003e+01
   2.4663985e+01
   2.4644554e+01
   2.4624706e+01
   2.4604443e+01
   2.4583763e+01
   2.4562663e+01
   2.4541140e+01
   2.4519193e+01
   2.4496820e+01
   2.4474017e+01
   2.4450786e+01
   2.4427123e+01
   2.4403026e+01
   2.4378490e+01
   2.4353517e+01
   2.4328104e+01
   2.4302249e+01
   2.4275953e+01
   2.4249209e+01
   2.4222019e+01
   2.4194379e+01
   2.4166286e+01
   2.4137741e+01
   2.4108744e+01
   2.4079289e+01
   2.4049374e+01
   2.4018999e+01
   2.3988161e+01
   2.3956860e+01
   2.3925093e+01
   2.3892860e+01
   2.3860157e+01
   2.3826983e+01
   2.3793336e+01
   2.3759213e+01
   2.3724612e+01
   2.3689536e+01
   2.3653982e+01
   2.3617946e+01
   2.3581428e+01
   2.3544427e+01
   2.3506940e+01
   2.3468965e+01
   2.3430504e+01
   2.3391552e+01
   2.3352110e+01
   2.3312172e+01
   2.3271741e+01
   2.3230815e+01
   2.3189393e+01
   2.3147473e+01
   2.3105053e+01
   2.3062132e+01
   2.3018710e+01
   2.2974787e+01
   2.2930360e+01
   2.2885427e+01
   2.2839988e+01
   2.2794039e+01
   2.2747586e+01
   2.2700624e+01
   2.2653151e+01
   2.2605168e+01
   2.2556670e+01
   2.2507665e+01
   2.2458144e+01
   2.2408108e+01
   2.2357557e+01
   2.2306494e+01
   2.2254915e+01
   2.2202822e+01
   2.2150211e+01
   2.2097086e+01
   2.2043442e+01
   2.1989281e+01
   2.1934603e+01
   2.1879409e+01
   2.1823694e+01
   2.1767461e+01
   2.1710711e+01
   2.1653442e+01
   2.1595657e+01
   2.1537356e+01
   2.1478538e+01
   2.1419202e+01
   2.1359350e+01
   2.1298982e+01
   2.1238100e+01
   2.1176702e+01
   2.1114793e+01
   2.1052370e+01
   2.0989439e+01
   2.0925994e+01
   2.0862039e+01
   2.0797578e+01
   2.0732608e+01
   2.0667131e+01
   2.0601150e+01
   2.0534667e+01
   2.0467681e+01
   2.0400198e+01
   2.0332218e+01
   2.0263741e+01
   2.0194771e+01
   2.0125309e+01
   2.0055358e+01
   1.9984920e+01
   1.9913999e+01
   1.9842597e+01
   1.9770715e+01
   1.9698357e+01
   1.9625527e+01
   1.9552229e+01
   1.9478462e+01
   1.9404231e+01
   1.9329542e+01
   1.9254395e+01
   1.9178797e+01
   1.9102751e+01
   1.9026260e+01
   1.8949329e+01
   1.8871961e+01
   1.8794163e+01
   1.8715937e+01
   1.8637290e+01
   1.8558225e+01
   1.8478749e+01
   1.8398865e+01
   1.8318580e+01
   1.8237900e+01
   1.8156829e+01
   1.8075372e+01
   1.7993537e+01
   1.7911330e+01
   1.7828756e+01
   1.7745822e+01
   1.7662534e+01
   1.7578900e+01
   1.7494927e+01
   1.7410622e+01
   1.7325991e+01
   1.7241043e+01
   1.7155784e+01
   1.7070222e+01
   1.6984366e+01
   1.6898223e+01
   1.6811802e+01
   1.6725111e+01
   1.6638158e+01
   1.6550953e+01
   1.6463504e+01
   1.6375819e+01
   1.6287909e+01
   1.6199783e+01
   1.6111449e+01
   1.6022919e+01
   1.5934200e+01
   1.5845303e+01
   1.5756239e+01
   1.5667019e+01
   1.5577651e+01
   1.5488146e+01
   1.5398514e+01
   1.5308768e+01
   1.5218915e+01
   1.5128970e+01
   1.5038942e+01
   1.4948843e+01
   1.4858683e+01
   1.4768475e+01
   1.4678229e+01
   1.4587957e+01
   1.4497671e+01
   1.4407382e+01
   1.4317103e+01
   1.4226844e+01
   1.4136618e+01
   1.4046436e+01
   1.3956312e+01
   1.3866256e+01
   1.3776281e+01
   1.3686399e+01
   1.3596622e+01
   1.3506961e+01
   1.3417431e+01
   1.3328041e+01
   1.3238805e+01
   1.3149734e+01
   1.3060841e+01
   1.2972137e+01
   1.2883634e+01
   1.2795345e+01
   1.2707281e+01
   1.2619453e+01
   1.2531875e+01
   1.2444558e+01
   1.2357512e+01
   1.2270749e+01
   1.2184282e+01
   1.2098119e+01
   1.2012275e+01
   1.1926758e+01
   1.1841580e+01
   1.1756751e+01
   1.1672283e+01
   1.1588184e+01
   1.1504467e+01
   1.1421140e+01
   1.1338214e+01
   1.1255699e+01
   1.1173604e+01
   1.1091938e+01
   1.1010710e+01
   1.0929930e+01
   1.0849606e+01
   1.0769745e+01
   1.0690358e+01
   1.0611453e+01
   1.0533035e+01
   1.0455114e+01
   1.0377696e+01
   1.0300790e+01
   1.0224401e+01
   1.0148537e+01
   1.0073203e+01
   9.9984055e+00
   9.9241506e+00
   9.8504449e+00
   9.7772930e+00
   9.7046996e+00
   9.6326696e+00
   9.5612080e+00
   9.4903194e+00
   9.4200075e+00
   9.3502764e+00
   9.2811296e+00
   9.2125705e+00
   9.1446019e+00
   9.0772270e+00
   9.0104481e+00
   8.9442677e+00
   8.8786884e+00
   8.8137113e+00
   8.7493376e+00
   8.6855697e+00
   8.6224091e+00
   8.5598554e+00
   8.4979101e+00
   8.4365727e+00
   8.3758445e+00
   8.3157244e+00
   8.2562130e+00
   8.1973104e+00
   8.1390152e+00
   8.0813266e+00
   8.0242434e+00
   7.9677647e+00
   7.9118893e+00
   7.8566156e+00
   7.8019413e+00
   7.7478643e+00
   7.6943832e+00
   7.6414956e+00
   7.5891988e+00
   7.5374907e+00
   7.4863682e+00
   7.4358286e+00
   7.3858684e+00
   7.3364851e+00
   7.2876750e+00
   7.2394352e+00
   7.1917615e+00
   7.1446506e+00
   7.0980984e+00
   7.0521018e+00
   7.0066564e+00
   6.9617580e+00
   6.9174026e+00
   6.8735859e+00
   6.8303037e+00
   6.7875519e+00
   6.7453255e+00
   6.7036203e+00
   6.6624315e+00
   6.6217547e+00
   6.5815849e+00
   6.5419178e+00
   6.5027481e+00
   6.4640712e+00
   6.4258822e+00
   6.3881759e+00
   6.3509479e+00
   6.3141927e+00
   6.2779057e+00
   6.2420817e+00
   6.2067155e+00
   6.1718021e+00
   6.1373365e+00
   6.1033136e+00
   6.0697283e+00
   6.0365754e+00
   6.0038499e+00
   5.9715466e+00
   5.9396606e+00
   5.9081867e+00
   5.8771197e+00
   5.8464545e+00
   5.8161864e+00
   5.7863097e+00
   5.7568200e+00
   5.7277120e+00
   5.6989808e+00
   5.6706215e+00
   5.6426291e+00
   5.6149988e+00
   5.5877254e+00
   5.5608043e+00
   5.5342305e+00
   5.5079991e+00
   5.4821055e+00
   5.4565448e+00
   5.4313128e+00
   5.4064045e+00
   5.3818153e+00
   5.3575405e+00
   5.3335757e+00
   5.3099165e+00
   5.2865583e+00
   5.2634967e+00
   5.2407271e+00
   5.2182454e+00
   5.1960470e+00
   5.1741279e+00
   5.1524838e+00
   5.1311106e+00
   5.1100045e+00
   5.0891610e+00
   5.0685762e+00
   5.0482462e+00
   5.0281668e+00
   5.0083342e+00
   4.9887445e+00
   4.9693939e+00
   4.9502789e+00
   4.9313955e+00
   4.9127403e+00
   4.8943094e+00
   4.8760994e+00
   4.8581066e+00
   4.8403277e+00
   4.8227592e+00
   4.8053976e+00
   4.7882397e+00
   4.7712823e+00
   4.7545219e+00
   4.7379556e+00
   4.7215799e+00
   4.7053918e+00
   4.6893883e+00
   4.6735664e+00
   4.6579229e+00
   4.6424549e+00
   4.6271596e+00
   4.6120342e+00
   4.5970758e+00
   4.5822818e+00
   4.5676492e+00
   4.5531754e+00
   4.5388578e+00
   4.5246939e+00
   4.5106810e+00
   4.4968163e+00
   4.4830979e+00
   4.4695229e+00
   4.4560891e+00
   4.4427940e+00
   4.4296354e+00
   4.4166109e+00
   4.4037183e+00
   4.3909554e+00
   4.3783199e+00
   4.3658166e+00
   4.8323458e+00
   5.2893438e+00
   5.7374490e+00
   6.1773601e+00
   6.6097318e+00
   7.0351769e+00
   7.4542684e+00
   7.8675417e+00
   8.2754951e+00
   8.6785923e+00
   9.0772644e+00
   9.4719128e+00
   9.8629114e+00
   1.0250612e+01
   1.0635345e+01
   1.1017426e+01
   1.1397165e+01
   1.1774868e+01
   1.2150848e+01
   1.2525438e+01
   1.2898997e+01
   1.3271929e+01
   1.3644699e+01
   1.4017849e+01
   1.4392025e+01
   1.4767993e+01
   1.5146673e+01
   1.5529163e+01
   1.5916770e+01
   1.6311053e+01
   1.6713850e+01
   1.7127325e+01
   1.7554008e+01
   1.7996832e+01
   1.8459172e+01
   1.8944877e+01
   1.9458258e+01
   2.0004024e+01
   2.0587121e+01
   2.1212360e+01
   2.1883667e+01
   2.2602585e+01
   2.3366436e+01
   2.4170142e+01
   2.5004512e+01
   2.5854832e+01
   2.6701461e+01
   2.7522150e+01
   2.8295733e+01
   2.9005658e+01
   2.9218648e+01
   2.9369325e+01
   2.9462203e+01
   2.9504204e+01
   2.9502614e+01
   2.9464398e+01
   2.9395928e+01
   2.9302845e+01
   2.9190027e+01
   2.9061638e+01
   2.8921164e+01
   2.8771497e+01
   2.8615009e+01
   2.8453633e+01
   2.8288929e+01
   2.8122152e+01
   2.7954301e+01
   2.7786165e+01
   2.7618365e+01
   2.7451383e+01
   2.7285589e+01
   2.7121271e+01
   2.6958636e+01
   2.6797842e+01
   2.6638998e+01
   2.6482178e+01
   2.6327427e+01
   2.6174769e+01
   2.6024214e+01
   2.5875754e+01
   2.5729374e+01
   2.5585050e+01
   2.5442756e+01
   2.5302461e+01
   2.5164129e+01
   2.5027724e+01
   2.4893210e+01
   2.4760549e+01
   2.4629702e+01
   2.4500634e+01
   2.4373307e+01
   2.4247687e+01
   2.4123736e+01
   2.4001423e+01
   2.3880714e+01
   2.3761576e+01
   2.3643982e+01
   2.3527899e+01
   2.3413297e+01
   2.3300152e+01
   2.3188435e+01
   2.3078117e+01
   2.2969178e+01
   2.2861591e+01
   2.2755333e+01
   2.2650383e+01
   2.2546717e+01
   2.2444314e+01
   2.2343152e+01
   2.2243211e+01
   2.2144473e+01
   2.2046918e+01
   2.1950527e+01
   2.1855284e+01
   2.1761171e+01
   2.1668167e+01
   2.1576257e+01
   2.1485426e+01
   2.1395659e+01
   2.1306937e+01
   2.1219247e+01
   2.1132575e+01
   2.1046903e+01
   2.0962219e+01
   2.0878509e+01
   2.0795759e+01
   2.0713958e+01
   2.0633088e+01
   2.0553140e+01
   2.0474099e+01
   2.0395950e+01
   2.0318683e+01
   2.0242290e+01
   2.0166756e+01
   2.0092069e+01
   2.0018217e+01
   1.9945188e+01
   1.9872971e+01
   1.9801556e+01
   1.9730932e+01
   1.9661092e+01
   1.9592020e+01
   1.9523712e+01
   1.9456151e+01
   1.9389329e+01
   1.9323240e+01
   1.9257868e+01
   1.9193208e+01
   1.9129250e+01
   1.9065982e+01
   1.9003395e+01
   1.8941483e+01
   1.8880238e+01
   1.8819650e+01
   1.8759707e+01
   1.8700403e+01
   1.8641727e+01
   1.8583675e+01
   1.8526237e+01
   1.8469405e+01
   1.8413171e+01
   1.8357527e+01
   1.8302467e+01
   1.8247980e+01
   1.8194060e+01
   1.8140700e+01
   1.8087890e+01
   1.8035627e+01
   1.7983902e+01
   1.7932706e+01
   1.7882034e+01
   1.7831880e+01
   1.7782234e+01
   1.7733093e+01
   1.7684449e+01
   1.7636293e+01
   1.7588623e+01
   1.7541430e+01
   1.7494707e+01
   1.7448449e+01
   1.7402652e+01
   1.7357306e+01
   1.7312407e+01
   1.7267949e+01
   1.7223927e+01
   1.7180332e+01
   1.7137162e+01
   1.7094410e+01
   1.7052072e+01
   1.7010139e+01
   1.6968608e+01
   1.6927472e+01
   1.6886728e+01
   1.6846369e+01
   1.6806392e+01
   1.6766792e+01
   1.6727561e+01
   1.6688696e+01
   1.6650191e+01
   1.6612043e+01
   1.6574247e+01
   1.6536796e+01
   1.6499689e+01
   1.6462917e+01
   1.6426481e+01
   1.6390372e+01
   1.6354587e+01
   1.6319120e+01
   1.6283973e+01
   1.6249138e+01
   1.6214608e+01
   1.6180382e+01
   1.6146456e+01
   1.6112824e+01
   1.6079479e+01
   1.6046425e+01
   1.6013655e+01
   1.5981164e+01
   1.5948949e+01
   1.5917006e+01
   1.5885332e+01
   1.5853923e+01
   1.5822776e+01
   1.5791887e+01
   1.5761251e+01
   1.5730868e+01
   1.5700731e+01
   1.5670838e+01
   1.5641186e+01
   1.5611772e+01
   1.5582590e+01
   1.5553642e+01
   1.5524922e+01
   1.5496427e+01
   1.5468153e+01
   1.5440099e+01
   1.5412260e+01
   1.5384633e+01
   1.5357220e+01
   1.5330013e+01
   1.5303009e+01
   1.5276207e+01
   1.5249605e+01
   1.5223199e+01
   1.5196987e+01
   1.5170965e+01
   1.5145130e+01
   1.5119480e+01
   1.5094011e+01
   1.5068728e+01
   1.5043620e+01
   1.5018691e+01
   1.4993933e+01
   1.4969347e+01
   1.4944931e+01
   1.4920677e+01
   1.4896590e+01
   1.4872663e+01
   1.4848895e+01
   1.4825283e+01
   1.4801827e+01
   1.4778522e+01
   1.4755369e+01
   1.4732366e+01
   1.4709508e+01
   1.4686794e+01
   1.4664222e+01
   1.4641791e+01
   1.4619498e+01
   1.4597341e+01
   1.4575321e+01
   1.4553433e+01
   1.4531675e+01
   1.4510048e+01
   1.4488544e+01
   1.4467164e+01
   1.4445910e+01
   1.4424778e+01
   1.4403768e+01
   1.4382876e+01
   1.4362099e+01
   1.4341439e+01
   1.4320894e+01
   1.4300459e+01
   1.4280136e+01
   1.4259919e+01
   1.4239812e+01
   1.4219809e+01
   1.4199909e+01
   1.4180113e+01
   1.4160418e+01
   1.4140823e+01
   1.4121327e+01
   1.4101927e+01
   1.4082621e+01
   1.4063411e+01
   1.4044293e+01
   1.4025267e+01
   1.4006331e+01
   1.3987481e+01
   1.3968721e+01
   1.3950049e+01
   1.3931462e+01
   1.3912957e+01
   1.3894534e+01
   1.3876191e+01
   1.3857929e+01
   1.3839747e+01
   1.3821641e+01
   1.3803613e+01
   1.3785660e+01
   1.3767779e+01
   1.3749970e+01
   1.3732237e+01
   1.3714577e+01
   1.3696986e+01
   1.3679467e+01
   1.3662012e+01
   1.3644628e+01
   1.3627309e+01
   1.3610052e+01
   1.3592860e+01
   1.3575733e+01
   1.3558671e+01
   1.3541666e+01
   1.3524722e+01
   1.3507840e+01
   1.3491019e+01
   1.3474254e+01
   1.3457547e+01
   1.3440896e+01
   1.3424299e+01
   1.3407759e+01
   1.3391271e+01
   1.3374837e+01
   1.3358454e+01
   1.3342122e+01
   1.3325841e+01
   1.3309613e+01
   1.3293433e+01
   1.3277301e+01
   1.3261218e+01
   1.3245182e+01
   1.3229193e+01
   1.3213249e+01
   1.3197351e+01
   1.3181498e+01
   1.3165688e+01
   1.3149923e+01
   1.3134202e+01
   1.3118520e+01
   1.3102880e+01
   1.3087282e+01
   1.3071727e+01
   1.3056209e+01
   1.3040729e+01
   1.3025290e+01
   1.3009890e+01
   1.2994526e+01
   1.2979196e+01
   1.2963905e+01
   1.2948652e+01
   1.2933433e+01
   1.2918251e+01
   1.2903102e+01
   1.2887990e+01
   1.2872910e+01
   1.2857865e+01
   1.2842853e+01
   1.2827874e+01
   1.2812924e+01
   1.2798007e+01
   1.2783123e+01
   1.2768268e+01
   1.2753445e+01
   1.2738653e+01
   1.2723888e+01
   1.2709152e+01
   1.2694447e+01
   1.2679769e+01
   1.2665119e+01
   1.2650498e+01
   1.2635904e+01
   1.2621337e+01
   1.2606798e+01
   1.2592287e+01
   1.2577802e+01
   1.2563344e+01
   1.2548910e+01
   1.2534502e+01
   1.2520120e+01
   1.2505765e+01
   1.2491433e+01
   1.2477126e+01
   1.2462845e+01
   1.2448587e+01
   1.2434353e+01
   1.2420142e+01
   1.2405955e+01
   1.2391794e+01
   1.2377656e+01
   1.2363536e+01
   1.2349440e+01
   1.2335370e+01
   1.2321322e+01
   1.2307295e+01
   1.2293290e+01
   1.2279305e+01
   1.2265344e+01
   1.2251404e+01
   1.2237486e+01
   1.2223589e+01
   1.2209714e+01
   1.2195860e+01
   1.2182028e+01
   1.2168217e+01
   1.2154426e+01
   1.2140658e+01
   1.2126909e+01
   1.2113179e+01
   1.2099473e+01
   1.2085786e+01
   1.2072116e+01
   1.2058469e+01
   1.2044843e+01
   1.2031236e+01
   1.2017649e+01
   1.2004084e+01
   1.1990538e+01
   1.1977012e+01
   1.1963505e+01
   1.1950017e+01
   1.1936552e+01
   1.1923105e+01
   1.1909677e+01
   1.1896272e+01
   1.1882885e+01
   1.1869514e+01
   1.1856167e+01
   1.1842840e+01
   1.1829532e+01
   1.1816245e+01
   1.1802977e+01
   1.1789731e+01
   1.1776502e+01
   1.1763297e+01
   1.1750111e+01
   1.1736943e+01
   1.1723792e+01
   1.1710666e+01
   1.1697557e+01
   1.1684470e+01
   1.1671405e+01
   1.1658359e+01
   1.1645335e+01
   1.1632331e+01
   1.1619351e+01
   1.1606387e+01
   1.1593447e+01
   1.1580527e+01
   1.1567626e+01
   1.1554750e+01
   1.1541894e+01
   1.1529057e+01
   1.1516245e+01
   1.1503452e+01
   1.1490681e+01
   1.1477932e+01
   1.1465204e+01
   1.1452503e+01
   1.1439819e+01
   1.1427156e+01
   1.1414519e+01
   1.1401903e+01
   1.1389309e+01
   1.1376738e+01
   1.1364190e+01
   1.1351665e+01
   1.1339166e+01
   1.1326689e+01
   1.1314236e+01
   1.1301806e+01
   1.1289399e+01
   1.1277014e+01
   1.1264655e+01
   1.1252321e+01
   1.1240011e+01
   1.1227725e+01
   1.1215464e+01
   1.1203230e+01
   1.1191019e+01
   1.1178833e+01
   1.1166675e+01
   1.1154541e+01
   1.1142433e+01
   1.1130352e+01
   1.1118296e+01
   1.1106266e+01
   1.1094260e+01
   1.1082283e+01
   1.1070335e+01
   1.1058414e+01
   1.1046520e+01
   1.1034653e+01
   1.1022812e+01
   1.1010999e+01
   1.0999215e+01
   1.0987459e+01
   1.0975732e+01
   1.0964032e+01
   1.0952362e+01
   1.0940722e+01
   1.0929109e+01
   1.0917528e+01
   1.0905975e+01
   1.0894452e+01
   1.0882957e+01
   1.0871493e+01
   1.0860062e+01
   1.0848660e+01
   1.0837290e+01
   1.0825950e+01
   1.0814641e+01
   1.0803364e+01
   1.0792118e+01
   1.0780902e+01
   1.0769719e+01
   1.0758568e+01
   1.0747452e+01
   1.0736368e+01
   1.0725316e+01
   1.0714296e+01
   1.0703310e+01
   1.0692358e+01
   1.0681439e+01
   1.0670556e+01
   1.0659705e+01
   1.0648890e+01
   1.0638107e+01
   1.0627361e+01
   1.0616651e+01
   1.0605973e+01
   1.0595331e+01
   1.0584725e+01
   1.0574156e+01
   1.0563621e+01
   1.0553121e+01
   1.0542658e+01
   1.0532232e+01
   1.0521845e+01
   1.0511495e+01
   1.0501182e+01
   1.0490906e+01
   1.0480665e+01
   1.0470462e+01
   1.0460297e+01
   1.0450170e+01
   1.0440083e+01
   1.0430033e+01
   1.0420021e+01
   1.0410049e+01
   1.0400116e+01
   1.0390220e+01
   1.0380365e+01
   1.0370550e+01
   1.0360775e+01
   1.0351040e+01
   1.0341345e+01
   1.0331691e+01
   1.0322079e+01
   1.0312507e+01
   1.0302975e+01
   1.0293484e+01
   1.0284033e+01
   1.0274625e+01
   1.0265259e+01
   1.0255935e+01
   1.0246653e+01
   1.0237414e+01
   1.0228216e+01
   1.0219060e+01
   1.0209949e+01
   1.0200880e+01
   1.0191855e+01
   1.0182870e+01
   1.0173930e+01
   1.0165033e+01
   1.0156178e+01
   1.0147367e+01
   1.0138601e+01
   1.0129881e+01
   1.0121203e+01
   1.0112571e+01
   1.0103983e+01
   1.0095438e+01
   1.0086941e+01
   1.0078488e+01
   1.0070078e+01
   1.0061715e+01
   1.0053400e+01
   1.0045128e+01
   1.0036903e+01
   1.0028721e+01
   1.0020588e+01
   1.0012500e+01
   1.0004458e+01
   9.9964650e+00
   9.9885157e+00
   9.9806150e+00
   9.9727587e+00
   9.9649489e+00
   9.9571877e+00
   9.9494746e+00
   9.9418081e+00
   9.9341891e+00
   9.9266182e+00
   9.9190932e+00
   9.9116165e+00
   9.9041880e+00
   9.8968049e+00
   9.8894703e+00
   9.8821841e+00
   9.8749470e+00
   9.8677578e+00
   9.8606171e+00
   9.8535236e+00
   9.8464773e+00
   9.8394804e+00
   9.8325316e+00
   9.8256305e+00
   9.8187785e+00
   9.8119767e+00
   9.8052256e+00
   9.7985239e+00
   9.7918714e+00
   9.7852680e+00
   9.7787119e+00
   9.7722046e+00
   9.7657477e+00
   9.7593431e+00
   9.7529867e+00
   9.7466791e+00
   9.7404225e+00
   9.7342164e+00
   9.7280595e+00
   9.7219516e+00
   9.7158916e+00
   9.7098830e+00
   9.7039249e+00
   9.6980180e+00
   9.6921611e+00
   9.6863525e+00
   9.6805953e+00
   9.6748880e+00
   9.6692312e+00
   9.6636259e+00
   9.6580698e+00
   9.6525653e+00
   9.6471113e+00
   9.6417070e+00
   9.6363535e+00
   9.6310469e+00
   9.6257939e+00
   9.6205910e+00
   9.6154395e+00
   9.6103375e+00
   9.6052880e+00
   9.6002874e+00
   9.5953363e+00
   9.5904361e+00
   9.5855873e+00
   9.5807906e+00
   9.5760433e+00
   9.5713486e+00
   9.5667055e+00
   9.5621131e+00
   9.5575693e+00
   9.5530781e+00
   9.5486390e+00
   9.5442507e+00
   9.5399131e+00
   9.5356243e+00
   9.5313862e+00
   9.5271990e+00
   9.5230628e+00
   9.5189774e+00
   9.5149430e+00
   9.5109594e+00
   9.5070266e+00
   9.5031446e+00
   9.4993134e+00
   9.4955330e+00
   9.4918033e+00
   9.4881243e+00
   9.4844959e+00
   9.4809182e+00
   9.4773914e+00
   9.4739151e+00
   9.4704892e+00
   9.4671138e+00
   9.4637888e+00
   9.4605145e+00
   9.4572909e+00
   9.4541179e+00
   9.4509956e+00
   9.4479239e+00
   9.4449027e+00
   9.4419320e+00
   9.4390118e+00
   9.4361421e+00
   9.4333227e+00
   9.4305537e+00
   9.4278350e+00
   9.4251666e+00
   9.4225484e+00
   9.4199804e+00
   9.4174626e+00
   9.4149948e+00
   9.4125771e+00
   9.4102093e+00
   9.4078916e+00
   9.4056237e+00
   9.4034056e+00
   9.4012374e+00
   9.3991189e+00
   9.3970501e+00
   9.3950310e+00
   9.3930614e+00
   9.3911413e+00
   9.3892708e+00
   9.3874496e+00
   9.3856779e+00
   9.3839554e+00
   9.3822821e+00
   9.3806581e+00
   9.3790832e+00
   9.3775574e+00
   9.3760805e+00
   9.3746527e+00
   9.3732737e+00
   9.3719435e+00
   9.3706621e+00
   9.3694294e+00
   9.3682454e+00
   9.3671099e+00
   9.3660229e+00
   9.3649844e+00
   9.3639942e+00
   9.3630524e+00
   9.3621588e+00
   9.3613133e+00
   9.3605160e+00
   9.3597668e+00
   9.3590655e+00
   9.3584121e+00
   9.3578066e+00
   9.3572489e+00
   9.3567388e+00
   9.3562764e+00
   9.3558615e+00
   9.3554942e+00
   9.3551742e+00
   9.3549017e+00
   9.3546764e+00
   9.3544983e+00
   9.3543673e+00
   9.3542835e+00
   9.3542466e+00
   9.3542566e+00
   9.3543135e+00
   9.3544172e+00
   9.3545676e+00
   9.3547647e+00
   9.3550083e+00
   9.3552983e+00
   9.3556349e+00
   9.3560177e+00
   9.3564468e+00
   9.3569222e+00
   9.3574436e+00
   9.3580111e+00
   9.3586246e+00
   9.3592840e+00
   9.3599892e+00
   9.3607402e+00
   9.3615369e+00
   9.3623791e+00
   9.3632670e+00
   9.3642002e+00
   9.3651789e+00
   9.3662029e+00
   9.3672721e+00
   9.3683866e+00
   9.3695461e+00
   9.3707506e+00
   9.3720001e+00
   9.3732944e+00
   9.3746336e+00
   9.3760175e+00
   9.3774461e+00
   9.3789192e+00
   9.3804369e+00
   9.3819990e+00
   9.3836055e+00
   9.3852562e+00
   9.3869512e+00
   9.3886904e+00
   9.3904736e+00
   9.3923008e+00
   9.3941720e+00
   9.3960871e+00
   9.3980459e+00
   9.4000485e+00
   9.4020947e+00
   9.4041845e+00
   9.4063178e+00
   9.4084946e+00
   9.4107148e+00
   9.4129782e+00
   9.4152849e+00
   9.4176348e+00
   9.4200277e+00
   9.4224637e+00
   9.4249427e+00
   9.4274645e+00
   9.4300292e+00
   9.4326366e+00
   9.4352867e+00
   9.4379795e+00
   9.4407148e+00
   9.4434926e+00
   9.4463129e+00
   9.4491755e+00
   9.4520804e+00
   9.4550275e+00
   9.4580168e+00
   9.4610482e+00
   9.4641216e+00
   9.4672371e+00
   9.4703944e+00
   9.4735936e+00
   9.4768346e+00
   9.4801173e+00
   9.4834416e+00
   9.4868076e+00
   9.4902151e+00
   9.4936641e+00
   9.4971546e+00
   9.5006864e+00
   9.5042595e+00
   9.5078738e+00
   9.5115293e+00
   9.5152260e+00
   9.5189637e+00
   9.5227425e+00
   9.5265622e+00
   9.5304228e+00
   9.5343243e+00
   9.5382665e+00
   9.5422495e+00
   9.5462731e+00
   9.5503374e+00
   9.5544423e+00
   9.5585877e+00
   9.5627735e+00
   9.5669998e+00
   9.5712664e+00
   9.5755733e+00
   9.5799205e+00
   9.5843079e+00
   9.5887355e+00
   9.5932031e+00
   9.5977109e+00
   9.6022586e+00
   9.6068463e+00
   9.6114739e+00
   9.6161414e+00
   9.6208487e+00
   9.6255958e+00
   9.6303826e+00
   9.6352091e+00
   9.6400752e+00
   9.6449809e+00
   9.6499262e+00
   9.6549110e+00
   9.6599352e+00
   9.6649989e+00
   9.6701019e+00
   9.6752443e+00
   9.6804260e+00
   9.6856469e+00
   9.6909070e+00
   9.6962064e+00
   9.7015448e+00
   9.7069224e+00
   9.7123390e+00
   9.7177946e+00
   9.7232892e+00
   9.7288228e+00
   9.7343953e+00
   9.7400066e+00
   9.7456568e+00
   9.7513458e+00
   9.7570736e+00
   9.7628401e+00
   9.7686453e+00
   9.7744892e+00
   9.7803718e+00
   9.7862929e+00
   9.7922526e+00
   9.7982509e+00
   9.8042877e+00
   9.8103630e+00
   9.8164767e+00
   9.8226289e+00
   9.8288194e+00
   9.8350484e+00
   9.8413157e+00
   9.8476213e+00
   9.8539652e+00
   9.8603473e+00
   9.8667677e+00
   9.8732264e+00
   9.8797232e+00
   9.8862582e+00
   9.8928313e+00
   9.8994426e+00
   9.9060920e+00
   9.9127794e+00
   9.9195049e+00
   9.9262685e+00
   9.9330700e+00
   9.9399096e+00
   9.9467871e+00
   9.9537026e+00
   9.9606561e+00
   9.9676474e+00
   9.9746767e+00
   9.9817439e+00
   9.9888489e+00
   9.9959918e+00
   1.0003172e+01
   1.0010391e+01
   1.0017647e+01
   1.0024942e+01
   1.0032273e+01
   1.0039643e+01
   1.0047051e+01
   1.0054496e+01
   1.0061979e+01
   1.0069499e+01
   1.0077058e+01
   1.0084654e+01
   1.0092288e+01
   1.0099959e+01
   1.0107668e+01
   1.0115415e+01
   1.0123199e+01
   1.0131021e+01
   1.0138881e+01
   1.0146778e+01
   1.0154713e+01
   1.0162686e+01
   1.0170696e+01
   1.0178744e+01
   1.0186829e+01
   1.0194952e+01
   1.0203113e+01
   1.0211311e+01
   1.0219546e+01
   1.0227820e+01
   1.0236131e+01
   1.0244479e+01
   1.0252865e+01
   1.0261289e+01
   1.0269750e+01
   1.0278248e+01
   1.0286785e+01
   1.0295358e+01
   1.0303970e+01
   1.0312619e+01
   1.0321305e+01
   1.0330029e+01
   1.0338791e+01
   1.0347590e+01
   1.0356427e+01
   1.0365301e+01
   1.0374213e+01
   1.0383163e+01
   1.0392150e+01
   1.0401174e+01
   1.0410237e+01
   1.0419336e+01
   1.0428474e+01
   1.0437649e+01
   1.0446861e+01
   1.0456112e+01
   1.0465400e+01
   1.0474725e+01
   1.0484088e+01
   1.0493489e+01
   1.0502927e+01
   1.0512403e+01
   1.0521917e+01
   1.0531468e+01
   1.0541057e+01
   1.0550684e+01
   1.0560348e+01
   1.0570050e+01
   1.0579790e+01
   1.0589567e+01
   1.0599382e+01
   1.0609235e+01
   1.0619125e+01
   1.0629054e+01
   1.0639020e+01
   1.0649023e+01
   1.0659065e+01
   1.0669144e+01
   1.0679261e+01
   1.0689416e+01
   1.0699609e+01
   1.0709839e+01
   1.0720107e+01
   1.0730414e+01
   1.0740757e+01
   1.0751139e+01
   1.0761559e+01
   1.0772016e+01
   1.0782512e+01
   1.0793045e+01
   1.0803616e+01
   1.0814225e+01
   1.0824872e+01
   1.0835557e+01
   1.0846280e+01
   1.0857040e+01
   1.0867839e+01
   1.0878676e+01
   1.0889550e+01
   1.0900463e+01
   1.0911413e+01
   1.0922402e+01
   1.0933429e+01
   1.0944493e+01
   1.0955596e+01
   1.0966736e+01
   1.0977915e+01
   1.0989132e+01
   1.1000387e+01
   1.1011679e+01
   1.1023010e+01
   1.1034379e+01
   1.1045786e+01
   1.1057231e+01
   1.1068715e+01
   1.1080236e+01
   1.1091796e+01
   1.1103393e+01
   1.1115029e+01
   1.1126703e+01
   1.1138415e+01
   1.1150165e+01
   1.1161953e+01
   1.1173780e+01
   1.1185644e+01
   1.1197547e+01
   1.1209488e+01
   1.1221467e+01
   1.1233484e+01
   1.1245540e+01
   1.1257633e+01
   1.1269765e+01
   1.1281935e+01
   1.1294143e+01
   1.1306389e+01
   1.1318674e+01
   1.1330996e+01
   1.1343357e+01
   1.1355756e+01
   1.1368193e+01
   1.1380668e+01
   1.1393182e+01
   1.1405733e+01
   1.1418323e+01
   1.1430951e+01
   1.1443617e+01
   1.1456321e+01
   1.1469063e+01
   1.1481843e+01
   1.1494661e+01
   1.1507518e+01
   1.1520412e+01
   1.1533345e+01
   1.1546316e+01
   1.1559324e+01
   1.1572371e+01
   1.1585456e+01
   1.1598578e+01
   1.1611739e+01
   1.1624938e+01
   1.1638174e+01
   1.1651449e+01
   1.1664761e+01
   1.1678112e+01
   1.1691500e+01
   1.1704926e+01
   1.1718389e+01
   1.1731891e+01
   1.1745430e+01
   1.1759007e+01
   1.1772622e+01
   1.1786274e+01
   1.1799965e+01
   1.1813692e+01
   1.1827458e+01
   1.1841260e+01
   1.1855101e+01
   1.1868978e+01
   1.1882894e+01
   1.1896846e+01
   1.1910836e+01
   1.1924864e+01
   1.1938928e+01
   1.1953030e+01
   1.1967169e+01
   1.1981345e+01
   1.1995558e+01
   1.2009809e+01
   1.2024096e+01
   1.2038420e+01
   1.2052781e+01
   1.2067179e+01
   1.2081614e+01
   1.2096085e+01
   1.2110593e+01
   1.2125138e+01
   1.2139719e+01
   1.2154337e+01
   1.2168991e+01
   1.2183681e+01
   1.2198408e+01
   1.2213171e+01
   1.2227970e+01
   1.2242805e+01
   1.2257676e+01
   1.2272583e+01
   1.2287526e+01
   1.2302504e+01
   1.2317518e+01
   1.2332568e+01
   1.2347653e+01
   1.2362774e+01
   1.2377929e+01
   1.2393120e+01
   1.2408347e+01
   1.2423608e+01
   1.2438904e+01
   1.2454235e+01
   1.2469601e+01
   1.2485001e+01
   1.2500436e+01
   1.2515905e+01
   1.2531408e+01
   1.2546946e+01
   1.2562518e+01
   1.2578123e+01
   1.2593763e+01
   1.2609436e+01
   1.2625143e+01
   1.2640883e+01
   1.2656656e+01
   1.2672463e+01
   1.2688303e+01
   1.2704176e+01
   1.2720081e+01
   1.2736019e+01
   1.2751990e+01
   1.2767993e+01
   1.2784028e+01
   1.2800095e+01
   1.2816194e+01
   1.2832325e+01
   1.2848488e+01
   1.2864681e+01
   1.2880907e+01
   1.2897163e+01
   1.2913450e+01
   1.2929768e+01
   1.2946117e+01
   1.2962496e+01
   1.2978905e+01
   1.2995344e+01
   1.3011813e+01
   1.3028312e+01
   1.3044841e+01
   1.3061398e+01
   1.3077985e+01
   1.3094601e+01
   1.3111245e+01
   1.3127918e+01
   1.3144619e+01
   1.3161348e+01
   1.3178105e+01
   1.3194890e+01
   1.3211703e+01
   1.3228542e+01
   1.3245409e+01
   1.3262302e+01
   1.3279222e+01
   1.3296168e+01
   1.3313140e+01
   1.3330138e+01
   1.3347161e+01
   1.3364210e+01
   1.3381285e+01
   1.3398383e+01
   1.3415507e+01
   1.3432655e+01
   1.3449827e+01
   1.3467022e+01
   1.3484242e+01
   1.3501484e+01
   1.3518750e+01
   1.3536038e+01
   1.3553349e+01
   1.3570681e+01
   1.3588036e+01
   1.3605412e+01
   1.3622810e+01
   1.3640228e+01
   1.3657668e+01
   1.3675127e+01
   1.3692607e+01
   1.3710107e+01
   1.3727626e+01
   1.3745164e+01
   1.3762721e+01
   1.3780296e+01
   1.3797890e+01
   1.3815501e+01
   1.3833130e+01
   1.3850776e+01
   1.3868439e+01
   1.3886119e+01
   1.3903814e+01
   1.3921526e+01
   1.3939252e+01
   1.3956994e+01
   1.3974751e+01
   1.3992522e+01
   1.4010307e+01
   1.4028106e+01
   1.4045917e+01
   1.4063742e+01
   1.4081579e+01
   1.4099429e+01
   1.4117290e+01
   1.4135162e+01
   1.4153046e+01
   1.4170939e+01
   1.4188843e+01
   1.4206757e+01
   1.4224680e+01
   1.4242612e+01
   1.4260553e+01
   1.4278501e+01
   1.4296457e+01
   1.4314421e+01
   1.4332391e+01
   1.4350368e+01
   1.4368350e+01
   1.4386338e+01
   1.4404331e+01
   1.4422329e+01
   1.4440330e+01
   1.4458336e+01
   1.4476345e+01
   1.4494356e+01
   1.4512370e+01
   1.4530385e+01
   1.4548402e+01
   1.4566420e+01
   1.4584439e+01
   1.4602457e+01
   1.4620475e+01
   1.4638491e+01
   1.4656506e+01
   1.4674519e+01
   1.4692530e+01
   1.4710538e+01
   1.4728542e+01
   1.4746542e+01
   1.4764537e+01
   1.4782527e+01
   1.4800512e+01
   1.4818491e+01
   1.4836463e+01
   1.4854427e+01
   1.4872385e+01
   1.4890333e+01
   1.4908273e+01
   1.4926204e+01
   1.4944125e+01
   1.4962035e+01
   1.4979935e+01
   1.4997823e+01
   1.5015698e+01
   1.5033561e+01
   1.5051411e+01
   1.5069247e+01
   1.5087069e+01
   1.5104875e+01
   1.5122666e+01
   1.5140441e+01
   1.5158199e+01
   1.5175940e+01
   1.5193662e+01
   1.5211367e+01
   1.5229052e+01
   1.5246717e+01
   1.5264362e+01
   1.5281986e+01
   1.5299588e+01
   1.5317168e+01
   1.5334725e+01
   1.5352259e+01
   1.5369768e+01
   1.5387253e+01
   1.5404712e+01
   1.5422145e+01
   1.5439552e+01
   1.5456930e+01
   1.5474281e+01
   1.5491603e+01
   1.5508896e+01
   1.5526159e+01
   1.5543391e+01
   1.5560591e+01
   1.5577760e+01
   1.5594895e+01
   1.5611997e+01
   1.5629065e+01
   1.5646098e+01
   1.5663095e+01
   1.5680056e+01
   1.5696980e+01
   1.5713866e+01
   1.5730714e+01
   1.5747522e+01
   1.5764290e+01
   1.5781018e+01
   1.5797704e+01
   1.5814348e+01
   1.5830949e+01
   1.5847507e+01
   1.5864019e+01
   1.5880487e+01
   1.5896909e+01
   1.5913283e+01
   1.5929611e+01
   1.5945889e+01
   1.5962119e+01
   1.5978299e+01
   1.5994428e+01
   1.6010505e+01
   1.6026530e+01
   1.6042502e+01
   1.6058420e+01
   1.6074283e+01
   1.6090090e+01
   1.6105840e+01
   1.6121534e+01
   1.6137169e+01
   1.6152744e+01
   1.6168260e+01
   1.6183715e+01
   1.6199109e+01
   1.6214440e+01
   1.6229707e+01
   1.6244910e+01
   1.6260048e+01
   1.6275119e+01
   1.6290124e+01
   1.6305060e+01
   1.6319927e+01
   1.6334725e+01
   1.6349452e+01
   1.6364107e+01
   1.6378690e+01
   1.6393199e+01
   1.6407633e+01
   1.6421992e+01
   1.6436274e+01
   1.6450479e+01
   1.6464605e+01
   1.6478652e+01
   1.6492618e+01
   1.6506503e+01
   1.6520305e+01
   1.6534024e+01
   1.6547659e+01
   1.6561208e+01
   1.6574670e+01
   1.6588044e+01
   1.6601330e+01
   1.6614527e+01
   1.6627632e+01
   1.6640645e+01
   1.6653566e+01
   1.6666393e+01
   1.6679124e+01
   1.6691759e+01
   1.6704297e+01
   1.6716737e+01
   1.6729077e+01
   1.6741316e+01
   1.6753454e+01
   1.6765488e+01
   1.6777419e+01
   1.6789244e+01
   1.6800963e+01
   1.6812575e+01
   1.6824078e+01
   1.6835471e+01
   1.6846753e+01
   1.6857922e+01
   1.6868978e+01
   1.6879920e+01
   1.6890746e+01
   1.6901454e+01
   1.6912045e+01
   1.6922516e+01
   1.6932866e+01
   1.6943094e+01
   1.6953199e+01
   1.6963179e+01
   1.6973034e+01
   1.6982762e+01
   1.6992361e+01
   1.7001831e+01
   1.7011170e+01
   1.7020377e+01
   1.7029451e+01
   1.7038389e+01
   1.7047192e+01
   1.7055858e+01
   1.7064384e+01
   1.7072771e+01
   1.7081017e+01
   1.7089120e+01
   1.7097078e+01
   1.7104892e+01
   1.7112559e+01
   1.7120077e+01
   1.7127447e+01
   1.7134665e+01
   1.7141732e+01
   1.7148645e+01
   1.7155402e+01
   1.7162004e+01
   1.7168448e+01
   1.7174733e+01
   1.7180857e+01
   1.7186819e+01
   1.7192618e+01
   1.7198252e+01
   1.7203720e+01
   1.7209021e+01
   1.7214152e+01
   1.7219113e+01
   1.7223902e+01
   1.7228517e+01
   1.7232958e+01
   1.7237222e+01
   1.7241309e+01
   1.7245216e+01
   1.7248943e+01
   1.7252487e+01
   1.7255848e+01
   1.7259024e+01
   1.7262013e+01
   1.7264815e+01
   1.7267426e+01
   1.7269847e+01
   1.7272075e+01
   1.7274108e+01
   1.7275947e+01
   1.7277588e+01
   1.7279031e+01
   1.7280273e+01
   1.7281314e+01
   1.7282152e+01
   1.7282785e+01
   1.7283212e+01
   1.7283431e+01
   1.7283441e+01
   1.7283241e+01
   1.7282828e+01
   1.7282201e+01
   1.7281359e+01
   1.7280300e+01
   1.7279022e+01
   1.7277525e+01
   1.7275806e+01
   1.7273864e+01
   1.7271697e+01
   1.7269304e+01
   1.7266683e+01
   1.7263833e+01
   1.7260752e+01
   1.7257439e+01
   1.7253892e+01
   1.7250110e+01
   1.7246090e+01
   1.7241832e+01
   1.7237333e+01
   1.7232593e+01
   1.7227610e+01
   1.7222381e+01
   1.7216907e+01
   1.7211184e+01
   1.7205212e+01
   1.7198988e+01
   1.7192512e+01
   1.7185782e+01
   1.7178796e+01
   1.7171553e+01
   1.7164051e+01
   1.7156289e+01
   1.7148264e+01
   1.7139976e+01
   1.7131423e+01
   1.7122603e+01
   1.7113515e+01
   1.7104158e+01
   1.7094529e+01
   1.7084627e+01
   1.7074451e+01
   1.7063999e+01
   1.7053269e+01
   1.7042261e+01
   1.7030972e+01
   1.7019401e+01
   1.7007547e+01
   1.6995407e+01
   1.6982981e+01
   1.6970267e+01
   1.6957263e+01
   1.6943968e+01
   1.6930381e+01
   1.6916499e+01
   1.6902322e+01
   1.6887848e+01
   1.6873075e+01
   1.6858002e+01
   1.6842628e+01
   1.6826950e+01
   1.6810969e+01
   1.6794681e+01
   1.6778086e+01
   1.6761182e+01
   1.6743968e+01
   1.6726442e+01
   1.6708603e+01
   1.6690450e+01
   1.6671981e+01
   1.6653194e+01
   1.6634089e+01
   1.6614664e+01
   1.6594917e+01
   1.6574847e+01
   1.6554454e+01
   1.6533735e+01
   1.6512689e+01
   1.6491315e+01
   1.6469612e+01
   1.6447577e+01
   1.6425211e+01
   1.6402512e+01
   1.6379478e+01
   1.6356108e+01
   1.6332401e+01
   1.6308356e+01
   1.6283971e+01
   1.6259246e+01
   1.6234179e+01
   1.6208769e+01
   1.6183015e+01
   1.6156915e+01
   1.6130469e+01
   1.6103676e+01
   1.6076534e+01
   1.6049043e+01
   1.6021200e+01
   1.5993007e+01
   1.5964460e+01
   1.5935560e+01
   1.5906305e+01
   1.5876695e+01
   1.5846728e+01
   1.5816404e+01
   1.5785722e+01
   1.5754681e+01
   1.5723279e+01
   1.5691518e+01
   1.5659395e+01
   1.5626909e+01
   1.5594061e+01
   1.5560850e+01
   1.5527274e+01
   1.5493333e+01
   1.5459028e+01
   1.5424356e+01
   1.5389318e+01
   1.5353913e+01
   1.5318140e+01
   1.5282000e+01
   1.5245492e+01
   1.5208615e+01
   1.5171370e+01
   1.5133755e+01
   1.5095771e+01
   1.5057418e+01
   1.5018696e+01
   1.4979603e+01
   1.4940142e+01
   1.4900310e+01
   1.4860109e+01
   1.4819538e+01
   1.4778598e+01
   1.4737289e+01
   1.4695611e+01
   1.4653565e+01
   1.4611150e+01
   1.4568368e+01
   1.4525218e+01
   1.4481701e+01
   1.4437818e+01
   1.4393570e+01
   1.4348957e+01
   1.4303980e+01
   1.4258640e+01
   1.4212938e+01
   1.4166874e+01
   1.4120450e+01
   1.4073668e+01
   1.4026527e+01
   1.3979030e+01
   1.3931177e+01
   1.3882971e+01
   1.3834412e+01
   1.3785503e+01
   1.3736245e+01
   1.3686639e+01
   1.3636688e+01
   1.3586394e+01
   1.3535758e+01
   1.3484783e+01
   1.3433470e+01
   1.3381823e+01
   1.3329843e+01
   1.3277533e+01
   1.3224895e+01
   1.3171933e+01
   1.3118648e+01
   1.3065045e+01
   1.3011125e+01
   1.2956892e+01
   1.2902349e+01
   1.2847499e+01
   1.2792346e+01
   1.2736893e+01
   1.2681145e+01
   1.2625103e+01
   1.2568773e+01
   1.2512159e+01
   1.2455263e+01
   1.2398092e+01
   1.2340648e+01
   1.2282937e+01
   1.2224962e+01
   1.2166729e+01
   1.2108242e+01
   1.2049506e+01
   1.1990526e+01
   1.1931308e+01
   1.1871856e+01
   1.1812175e+01
   1.1752272e+01
   1.1692152e+01
   1.1631821e+01
   1.1571284e+01
   1.1510548e+01
   1.1449618e+01
   1.1388501e+01
   1.1327203e+01
   1.1265730e+01
   1.1204090e+01
   1.1142288e+01
   1.1080331e+01
   1.1018227e+01
   1.0955983e+01
   1.0893605e+01
   1.0831100e+01
   1.0768477e+01
   1.0705742e+01
   1.0642902e+01
   1.0579967e+01
   1.0516942e+01
   1.0453837e+01
   1.0390658e+01
   1.0327415e+01
   1.0264114e+01
   1.0200765e+01
   1.0137375e+01
   1.0073952e+01
   1.0010506e+01
   9.9470435e+00
   9.8835741e+00
   9.8201060e+00
   9.7566479e+00
   9.6932083e+00
   9.6297960e+00
   9.5664195e+00
   9.5030878e+00
   9.4398094e+00
   9.3765932e+00
   9.3134481e+00
   9.2503827e+00
   9.1874059e+00
   9.1245265e+00
   9.0617534e+00
   8.9990953e+00
   8.9365609e+00
   8.8741591e+00
   8.8118985e+00
   8.7497879e+00
   8.6878359e+00
   8.6260510e+00
   8.5644419e+00
   8.5030170e+00
   8.4417847e+00
   8.3807535e+00
   8.3199315e+00
   8.2593269e+00
   8.1989479e+00
   8.1388025e+00
   8.0788985e+00
   8.0192439e+00
   7.9598463e+00
   7.9007132e+00
   7.8418522e+00
   7.7832706e+00
   7.7249755e+00
   7.6669742e+00
   7.6092735e+00
   7.5518801e+00
   7.4948008e+00
   7.4380421e+00
   7.3816103e+00
   7.3255115e+00
   7.2697518e+00
   7.2143371e+00
   7.1592729e+00
   7.1045650e+00
   7.0502185e+00
   6.9962386e+00
   6.9426304e+00
   6.8893985e+00
   6.8365478e+00
   6.7840825e+00
   6.7320069e+00
   6.6803251e+00
   6.6290409e+00
   6.5781581e+00
   6.5276801e+00
   6.4776103e+00
   6.4279517e+00
   6.3787073e+00
   6.3298799e+00
   6.2814719e+00
   6.2334858e+00
   6.1859237e+00
   6.1387876e+00
   6.0920794e+00
   6.0458006e+00
   5.9999527e+00
   5.9545370e+00
   5.9095545e+00
   5.8650062e+00
   5.8208928e+00
   5.7772148e+00
   5.7339728e+00
   5.6911669e+00
   5.6487971e+00
   5.6068635e+00
   5.5653658e+00
   5.5243035e+00
   5.4836762e+00
   5.4434831e+00
   5.4037235e+00
   5.3643963e+00
   5.3255004e+00
   5.2870346e+00
   5.2489976e+00
   5.2113878e+00
   5.1742036e+00
   5.1374433e+00
   5.1011050e+00
   5.0651867e+00
   5.0296865e+00
   4.9946020e+00
   4.9599311e+00
   4.9256714e+00
   4.8918204e+00
   4.8583756e+00
   4.8253343e+00
   4.7926938e+00
   4.7604513e+00
   4.7286040e+00
   4.6971489e+00
   4.6660830e+00
   4.6354033e+00
   4.6051066e+00
   4.5751897e+00
   4.5456494e+00
   4.5164824e+00
   4.4876854e+00
   4.4592550e+00
   4.4311878e+00
   4.4034803e+00
   4.3761290e+00
   4.3491304e+00
   4.3224809e+00
   4.2961771e+00
   4.2702152e+00
   4.2445916e+00
   4.2193027e+00
   4.1943449e+00
   4.1697144e+00
   4.1454076e+00
   4.1214208e+00
   4.0977503e+00
   4.0743924e+00
   4.0513434e+00
   4.0285995e+00
   4.0061571e+00
   3.9840125e+00
   3.9621620e+00
   3.9406018e+00
   3.9193284e+00
   3.8983379e+00
   3.8776268e+00
   3.8571915e+00
   3.8370282e+00
   3.8171334e+00
   3.7975035e+00
   3.7781348e+00
