   1.0406228e-03
   1.0356266e-03
   1.0306544e-03
   1.0257062e-03
   1.0207819e-03
   1.0158813e-03
   1.0110044e-03
   1.0061509e-03
   1.0013209e-03
   9.9651410e-04
   9.9173051e-04
   9.8696999e-04
   9.8223242e-04
   9.7751770e-04
   9.7282570e-04
   9.6815633e-04
   9.6350947e-04
   9.5888501e-04
   9.5428286e-04
   9.4970289e-04
   9.4514500e-04
   9.4060909e-04
   9.3609505e-04
   9.3160277e-04
   9.2713215e-04
   9.2268309e-04
   9.1825548e-04
   9.1384921e-04
   9.0946420e-04
   9.0510032e-04
   9.0075748e-04
   8.9643559e-04
   8.9213453e-04
   8.8785421e-04
   8.8359453e-04
   8.7935538e-04
   8.7513668e-04
   8.7093831e-04
   8.6676019e-04
   8.6260222e-04
   8.5846429e-04
   8.5434631e-04
   8.5024819e-04
   8.4616983e-04
   8.4211113e-04
   8.3807200e-04
   8.3405235e-04
   8.3005208e-04
   8.2607110e-04
   8.2210931e-04
   8.1816662e-04
   8.1424294e-04
   8.1033819e-04
   8.0645226e-04
   8.0258506e-04
   7.9873652e-04
   7.9490653e-04
   7.9109500e-04
   7.8730186e-04
   7.8352700e-04
   7.7977035e-04
   7.7603181e-04
   7.7231129e-04
   7.6860872e-04
   7.6492400e-04
   7.6125704e-04
   7.5760777e-04
   7.5397609e-04
   7.5036192e-04
   7.4676518e-04
   7.4318578e-04
   7.3962364e-04
   7.3607868e-04
   7.3255081e-04
   7.2903995e-04
   7.2554602e-04
   7.2206894e-04
   7.1860862e-04
   7.1516499e-04
   7.1173796e-04
   7.0832745e-04
   7.0493340e-04
   7.0155570e-04
   6.9819430e-04
   6.9484910e-04
   6.9152003e-04
   6.8820702e-04
   6.8490998e-04
   6.8162883e-04
   6.7836351e-04
   6.7511394e-04
   6.7188003e-04
   6.6866171e-04
   6.6545892e-04
   6.6227157e-04
   6.5909959e-04
   6.5594290e-04
   6.5280143e-04
   6.4967512e-04
   6.4656387e-04
   6.4346763e-04
   6.4038632e-04
   6.3731987e-04
   6.3426820e-04
   6.3123125e-04
   6.2820895e-04
   6.2520121e-04
   6.2220798e-04
   6.1922919e-04
   6.1626475e-04
   6.1331461e-04
   6.1037870e-04
   6.0745695e-04
   6.0454928e-04
   6.0165563e-04
   5.9877594e-04
   5.9591013e-04
   5.9305815e-04
   5.9021991e-04
   5.8739536e-04
   5.8458443e-04
   5.8178706e-04
   5.7900317e-04
   5.7623271e-04
   5.7347561e-04
   5.7073181e-04
   5.6800123e-04
   5.6528382e-04
   5.6257952e-04
   5.5988825e-04
   5.5720997e-04
   5.5454460e-04
   5.5189208e-04
   5.4925235e-04
   5.4662535e-04
   5.4401102e-04
   5.4140930e-04
   5.3882012e-04
   5.3624343e-04
   5.3367916e-04
   5.3112726e-04
   5.2858766e-04
   5.2606031e-04
   5.2354515e-04
   5.2104212e-04
   5.1855115e-04
   5.1607220e-04
   5.1360521e-04
   5.1115010e-04
   5.0870684e-04
   5.0627536e-04
   5.0385561e-04
   5.0144752e-04
   4.9905105e-04
   4.9666613e-04
   4.9429272e-04
   4.9193075e-04
   4.8958017e-04
   4.8724092e-04
   4.8491296e-04
   4.8259622e-04
   4.8029065e-04
   4.7799620e-04
   4.7571282e-04
   4.7344045e-04
   4.7117903e-04
   4.6892852e-04
   4.6668887e-04
   4.6446001e-04
   4.6224190e-04
   4.6003449e-04
   4.5783773e-04
   4.5565155e-04
   4.5347592e-04
   4.5131078e-04
   4.4915609e-04
   4.4701178e-04
   4.4487782e-04
   4.4275414e-04
   4.4064071e-04
   4.3853747e-04
   4.3644437e-04
   4.3436136e-04
   4.3228840e-04
   4.3022544e-04
   4.2817242e-04
   4.2612931e-04
   4.2409605e-04
   4.2207259e-04
   4.2005890e-04
   4.1805491e-04
   4.1606059e-04
   4.1407588e-04
   4.1210075e-04
   4.1013514e-04
   4.0817901e-04
   4.0623231e-04
   4.0429500e-04
   4.0236704e-04
   4.0044837e-04
   3.9853896e-04
   3.9663875e-04
   3.9474771e-04
   3.9286578e-04
   3.9099294e-04
   3.8912912e-04
   3.8727429e-04
   3.8542841e-04
   3.8359143e-04
   3.8176331e-04
   3.7994400e-04
   3.7813347e-04
   3.7633167e-04
   3.7453856e-04
   3.7275410e-04
   3.7097824e-04
   3.6921095e-04
   3.6745218e-04
   3.6570189e-04
   3.6396004e-04
   3.6222660e-04
   3.6050151e-04
   3.5878474e-04
   3.5707625e-04
   3.5537601e-04
   3.5368396e-04
   3.5200007e-04
   3.5032430e-04
   3.4865661e-04
   3.4699697e-04
   3.4534533e-04
   3.4370166e-04
   3.4206591e-04
   3.4043805e-04
   3.3881804e-04
   3.3720585e-04
   3.3560143e-04
   3.3400475e-04
   3.3241576e-04
   3.3083445e-04
   3.2926075e-04
   3.2769465e-04
   3.2613610e-04
   3.2458507e-04
   3.2304151e-04
   3.2150540e-04
   3.1997670e-04
   3.1845538e-04
   3.1694138e-04
   3.1543470e-04
   3.1393527e-04
   3.1244308e-04
   3.1095809e-04
   3.0948025e-04
   3.0800955e-04
   3.0654593e-04
   3.0508938e-04
   3.0363985e-04
   3.0219731e-04
   3.0076173e-04
   2.9933307e-04
   2.9791130e-04
   2.9649639e-04
   2.9508831e-04
   2.9368701e-04
   2.9229247e-04
   2.9090466e-04
   2.8952354e-04
   2.8814908e-04
   2.8678125e-04
   2.8542002e-04
   2.8406535e-04
   2.8271722e-04
   2.8137559e-04
   2.8004043e-04
   2.7871171e-04
   2.7738939e-04
   2.7607346e-04
   2.7476387e-04
   2.7346059e-04
   2.7216360e-04
   2.7087287e-04
   2.6958836e-04
   2.6831005e-04
   2.6703790e-04
   2.6577189e-04
   2.6451199e-04
   2.6325816e-04
   2.6201038e-04
   2.6076861e-04
   2.5953284e-04
   2.5830302e-04
   2.5707914e-04
   2.5586116e-04
   2.5464905e-04
   2.5344279e-04
   2.5224235e-04
   2.5104769e-04
   2.4985880e-04
   2.4867564e-04
   2.4749819e-04
   2.4632642e-04
   2.4516030e-04
   2.4399980e-04
   2.4284490e-04
   2.4169558e-04
   2.4055179e-04
   2.3941352e-04
   2.3828074e-04
   2.3715342e-04
   2.3603155e-04
   2.3491508e-04
   2.3380399e-04
   2.3269827e-04
   2.3159788e-04
   2.3050279e-04
   2.2941299e-04
   2.2832845e-04
   2.2724913e-04
   2.2617502e-04
   2.2510609e-04
   2.2404232e-04
   2.2298367e-04
   2.2193014e-04
   2.2088168e-04
   2.1983828e-04
   2.1879992e-04
   2.1776656e-04
   2.1673818e-04
   2.1571477e-04
   2.1469629e-04
   2.1368272e-04
   2.1267405e-04
   2.1167023e-04
   2.1067126e-04
   2.0967711e-04
   2.0868775e-04
   2.0770316e-04
   2.0672333e-04
   2.0574822e-04
   2.0477781e-04
   2.0381208e-04
   2.0285101e-04
   2.0189457e-04
   2.0094275e-04
   1.9999552e-04
   1.9905286e-04
   1.9811474e-04
   1.9718115e-04
   1.9625207e-04
   1.9532746e-04
   1.9440731e-04
   1.9349160e-04
   1.9258031e-04
   1.9167341e-04
   1.9077089e-04
   1.8987272e-04
   1.8897888e-04
   1.8808935e-04
   1.8720412e-04
   1.8632315e-04
   1.8544643e-04
   1.8457394e-04
   1.8370566e-04
   1.8284157e-04
   1.8198165e-04
   1.8112587e-04
   1.8027422e-04
   1.7942668e-04
   1.7858322e-04
   1.7774384e-04
   1.7690850e-04
   1.7607719e-04
   1.7524989e-04
   1.7442658e-04
   1.7360724e-04
   1.7279186e-04
   1.7198041e-04
   1.7117287e-04
   1.7036922e-04
   1.6956945e-04
   1.6877354e-04
   1.6798147e-04
   1.6719322e-04
   1.6640877e-04
   1.6562811e-04
   1.6485121e-04
   1.6407805e-04
   1.6330863e-04
   1.6254292e-04
   1.6178090e-04
   1.6102255e-04
   1.6026787e-04
   1.5951682e-04
   1.5876940e-04
   1.5802558e-04
   1.5728535e-04
   1.5654869e-04
   1.5581558e-04
   1.5508601e-04
   1.5435996e-04
   1.5363741e-04
   1.5291834e-04
   1.5220274e-04
   1.5149060e-04
   1.5078189e-04
   1.5007660e-04
   1.4937470e-04
   1.4867620e-04
   1.4798106e-04
   1.4728928e-04
   1.4660083e-04
   1.4591571e-04
   1.4523389e-04
   1.4455536e-04
   1.4388010e-04
   1.4320809e-04
   1.4253933e-04
   1.4187380e-04
   1.4121147e-04
   1.4055234e-04
   1.3989639e-04
   1.3924360e-04
   1.3859396e-04
   1.3794745e-04
   1.3730407e-04
   1.3666378e-04
   1.3602659e-04
   1.3539246e-04
   1.3476140e-04
   1.3413338e-04
   1.3350839e-04
   1.3288641e-04
   1.3226744e-04
   1.3165145e-04
   1.3103843e-04
   1.3042836e-04
   1.2982124e-04
   1.2921705e-04
   1.2861577e-04
   1.2801740e-04
   1.2742191e-04
   1.2682929e-04
   1.2623953e-04
   1.2565261e-04
   1.2506853e-04
   1.2448726e-04
   1.2390879e-04
   1.2333312e-04
   1.2276022e-04
   1.2219009e-04
   1.2162270e-04
   1.2105806e-04
   1.2049613e-04
   1.1993692e-04
   1.1938040e-04
   1.1882657e-04
   1.1827541e-04
   1.1772691e-04
   1.1718105e-04
   1.1663783e-04
   1.1609723e-04
   1.1555923e-04
   1.1502383e-04
   1.1449101e-04
   1.1396076e-04
   1.1343307e-04
   1.1290793e-04
   1.1238531e-04
   1.1186522e-04
   1.1134764e-04
   1.1083255e-04
   1.1031995e-04
   1.0980982e-04
   1.0930215e-04
   1.0879693e-04
   1.0829415e-04
   1.0779379e-04
   1.0729584e-04
   1.0680030e-04
   1.0630715e-04
   1.0581637e-04
   1.0532796e-04
   1.0484191e-04
   1.0435821e-04
   1.0387683e-04
   1.0339778e-04
   1.0292104e-04
   1.0244659e-04
   1.0197444e-04
   1.0150456e-04
   1.0103695e-04
   1.0057160e-04
   1.0010849e-04
   9.9647614e-05
   9.9188961e-05
   9.8732520e-05
   9.8278280e-05
   9.7826232e-05
   9.7376364e-05
   9.6928666e-05
   9.6483127e-05
   9.6039737e-05
   9.5598486e-05
   9.5159363e-05
   9.4722358e-05
   9.4287461e-05
   9.3854662e-05
   9.3423950e-05
   9.2995316e-05
   9.2568749e-05
   9.2144239e-05
   9.1721777e-05
   9.1301353e-05
   9.0882957e-05
   9.0466578e-05
   9.0052209e-05
   8.9639837e-05
   8.9229455e-05
   8.8821052e-05
   8.8414619e-05
   8.8010146e-05
   8.7607624e-05
   8.7207044e-05
   8.6808396e-05
   8.6411670e-05
   8.6016858e-05
   8.5623951e-05
   8.5232938e-05
   8.4843812e-05
   8.4456562e-05
   8.4071180e-05
   8.3687657e-05
   8.3305984e-05
   8.2926152e-05
   8.2548151e-05
   8.2171974e-05
   8.1797612e-05
   8.1425055e-05
   8.1054295e-05
   8.0685323e-05
   8.0318131e-05
   7.9952710e-05
   7.9589051e-05
   7.9227147e-05
   7.8866988e-05
   7.8508566e-05
   7.8151873e-05
   7.7796900e-05
   7.7443640e-05
   7.7092083e-05
   7.6742222e-05
   7.6394048e-05
   7.6047554e-05
   7.5702731e-05
   7.5359571e-05
   7.5018066e-05
   7.4678208e-05
   7.4339990e-05
   7.4003403e-05
   7.3668439e-05
   7.3335174e-05
   8.2814847e-05
   9.1989083e-05
   1.0087266e-04
   1.0948367e-04
   1.1783937e-04
   1.2597286e-04
   1.3390726e-04
   1.4166199e-04
   1.4925463e-04
   1.5670180e-04
   1.6401963e-04
   1.7122425e-04
   1.7833221e-04
   1.8536104e-04
   1.9233003e-04
   1.9926113e-04
   2.0618027e-04
   2.1311905e-04
   2.2011717e-04
   2.2722570e-04
   2.3451201e-04
   2.4206699e-04
   2.5001634e-04
   2.5853927e-04
   2.6790021e-04
   2.7850631e-04
   2.9101612e-04
   3.0655641e-04
   3.2715291e-04
   3.5646585e-04
   3.9967390e-04
   4.4663199e-04
   3.8706972e-04
   3.1495136e-04
   2.9760986e-04
   3.2053651e-04
   6.4863527e-04
   5.0797904e-03
   1.0500319e-02
   1.6725738e-02
   2.3393077e-02
   3.0281941e-02
   3.7297230e-02
   4.4400255e-02
   5.1575653e-02
   5.8814856e-02
   6.6112923e-02
   7.3464868e-02
   8.0866064e-02
   8.8312426e-02
   9.6594535e-02
   1.0504269e-01
   1.1365173e-01
   1.2241632e-01
   1.3133044e-01
   1.4019606e-01
   1.4901085e-01
   1.5777437e-01
   1.6648581e-01
   1.7514420e-01
   1.8374884e-01
   1.9229892e-01
   2.0079329e-01
   2.0923160e-01
   2.1761329e-01
   2.2593771e-01
   2.3420463e-01
   2.4241271e-01
   2.5056224e-01
   2.5865323e-01
   2.6668476e-01
   2.7465714e-01
   2.8257028e-01
   2.9042470e-01
   2.9822017e-01
   3.0595736e-01
   3.1363601e-01
   3.2125733e-01
   3.2882170e-01
   3.3632994e-01
   3.4378255e-01
   3.5118081e-01
   3.5852559e-01
   3.6581724e-01
   3.7305658e-01
   3.8024544e-01
   3.8738425e-01
   3.9447430e-01
   4.0151665e-01
   4.0851233e-01
   4.1546280e-01
   4.2236893e-01
   4.2923215e-01
   4.3605326e-01
   4.4283384e-01
   4.4957473e-01
   4.5627742e-01
   4.6294260e-01
   4.6957161e-01
   4.7616561e-01
   4.8272581e-01
   4.8925327e-01
   4.9574870e-01
   5.0221379e-01
   5.0864926e-01
   5.1505551e-01
   5.2143461e-01
   5.2778715e-01
   5.3411376e-01
   5.4041585e-01
   5.4669438e-01
   5.5294991e-01
   5.5918330e-01
   5.6539543e-01
   5.7158713e-01
   5.7775930e-01
   5.8391273e-01
   5.9004817e-01
   5.9616634e-01
   6.0226797e-01
   6.0835373e-01
   6.1442430e-01
   6.2048032e-01
   6.2652242e-01
   6.3255120e-01
   6.3856725e-01
   6.4457114e-01
   6.5056342e-01
   6.5654462e-01
   6.6251525e-01
   6.6847581e-01
   6.7442678e-01
   6.8036862e-01
   6.8630177e-01
   6.9222668e-01
   6.9814375e-01
   7.0405340e-01
   7.0995600e-01
   7.1585194e-01
   7.2174157e-01
   7.2762526e-01
   7.3350333e-01
   7.3937611e-01
   7.4524391e-01
   7.5110705e-01
   7.5696582e-01
   7.6282049e-01
   7.6867135e-01
   7.7451866e-01
   7.8036268e-01
   7.8620366e-01
   7.9204183e-01
   7.9787743e-01
   8.0371069e-01
   8.0954182e-01
   8.1537104e-01
   8.2119855e-01
   8.2702455e-01
   8.3284925e-01
   8.3867282e-01
   8.4449545e-01
   8.5031732e-01
   8.5613861e-01
   8.6195949e-01
   8.6778012e-01
   8.7360068e-01
   8.7942131e-01
   8.8524217e-01
   8.9106343e-01
   8.9688523e-01
   9.0270773e-01
   9.0853106e-01
   9.1435538e-01
   9.2018083e-01
   9.2600755e-01
   9.3183568e-01
   9.3766537e-01
   9.4349675e-01
   9.4932997e-01
   9.5516516e-01
   9.6100245e-01
   9.6684200e-01
   9.7268393e-01
   9.7852839e-01
   9.8437552e-01
   9.9022546e-01
   9.9607835e-01
   1.0019343e+00
   1.0077936e+00
   1.0136562e+00
   1.0195223e+00
   1.0253921e+00
   1.0312658e+00
   1.0371435e+00
   1.0430253e+00
   1.0489114e+00
   1.0548020e+00
   1.0606973e+00
   1.0665974e+00
   1.0725024e+00
   1.0784127e+00
   1.0843283e+00
   1.0902494e+00
   1.0961763e+00
   1.1021092e+00
   1.1080481e+00
   1.1139935e+00
   1.1199453e+00
   1.1259040e+00
   1.1318697e+00
   1.1378426e+00
   1.1438230e+00
   1.1498111e+00
   1.1558072e+00
   1.1618115e+00
   1.1678243e+00
   1.1738459e+00
   1.1798765e+00
   1.1859164e+00
   1.1919660e+00
   1.1980255e+00
   1.2040951e+00
   1.2101753e+00
   1.2162664e+00
   1.2223686e+00
   1.2284822e+00
   1.2346077e+00
   1.2407453e+00
   1.2468953e+00
   1.2530582e+00
   1.2592341e+00
   1.2654235e+00
   1.2716266e+00
   1.2778438e+00
   1.2840754e+00
   1.2903217e+00
   1.2965829e+00
   1.3028593e+00
   1.3091511e+00
   1.3154586e+00
   1.3217820e+00
   1.3281213e+00
   1.3344768e+00
   1.3408485e+00
   1.3472364e+00
   1.3536405e+00
   1.3600609e+00
   1.3664972e+00
   1.3729495e+00
   1.3794175e+00
   1.3859008e+00
   1.3923991e+00
   1.3989120e+00
   1.4054391e+00
   1.4119798e+00
   1.4185334e+00
   1.4250994e+00
   1.4316771e+00
   1.4382657e+00
   1.4448644e+00
   1.4514724e+00
   1.4580889e+00
   1.4647130e+00
   1.4713439e+00
   1.4779806e+00
   1.4846222e+00
   1.4912680e+00
   1.4979171e+00
   1.5045686e+00
   1.5112217e+00
   1.5178756e+00
   1.5245297e+00
   1.5311832e+00
   1.5378354e+00
   1.5444858e+00
   1.5511337e+00
   1.5577787e+00
   1.5644202e+00
   1.5710578e+00
   1.5776911e+00
   1.5843197e+00
   1.5909434e+00
   1.5975617e+00
   1.6041745e+00
   1.6107816e+00
   1.6173827e+00
   1.6239776e+00
   1.6305663e+00
   1.6371487e+00
   1.6437245e+00
   1.6502939e+00
   1.6568566e+00
   1.6634128e+00
   1.6699623e+00
   1.6765051e+00
   1.6830413e+00
   1.6895708e+00
   1.6960938e+00
   1.7026101e+00
   1.7091199e+00
   1.7156232e+00
   1.7221200e+00
   1.7286104e+00
   1.7350944e+00
   1.7415721e+00
   1.7480436e+00
   1.7545089e+00
   1.7609681e+00
   1.7674212e+00
   1.7738683e+00
   1.7803095e+00
   1.7867448e+00
   1.7931743e+00
   1.7995980e+00
   1.8060161e+00
   1.8124285e+00
   1.8188354e+00
   1.8252368e+00
   1.8316327e+00
   1.8380232e+00
   1.8444084e+00
   1.8507883e+00
   1.8571629e+00
   1.8635324e+00
   1.8698967e+00
   1.8762560e+00
   1.8826103e+00
   1.8889595e+00
   1.8953038e+00
   1.9016432e+00
   1.9079778e+00
   1.9143075e+00
   1.9206325e+00
   1.9269528e+00
   1.9332684e+00
   1.9395793e+00
   1.9458856e+00
   1.9521873e+00
   1.9584845e+00
   1.9647772e+00
   1.9710655e+00
   1.9773493e+00
   1.9836287e+00
   1.9899037e+00
   1.9961745e+00
   2.0024409e+00
   2.0087030e+00
   2.0149610e+00
   2.0212147e+00
   2.0274642e+00
   2.0337097e+00
   2.0399510e+00
   2.0461882e+00
   2.0524214e+00
   2.0586505e+00
   2.0648757e+00
   2.0710969e+00
   2.0773142e+00
   2.0835276e+00
   2.0897371e+00
   2.0959428e+00
   2.1021446e+00
   2.1083427e+00
   2.1145370e+00
   2.1207276e+00
   2.1269145e+00
   2.1330977e+00
   2.1392773e+00
   2.1454533e+00
   2.1516257e+00
   2.1577945e+00
   2.1639598e+00
   2.1701216e+00
   2.1762799e+00
   2.1824347e+00
   2.1885862e+00
   2.1947342e+00
   2.2008789e+00
   2.2070203e+00
   2.2131583e+00
   2.2192931e+00
   2.2254246e+00
   2.2315529e+00
   2.2376780e+00
   2.2438000e+00
   2.2499187e+00
   2.2560344e+00
   2.2621470e+00
   2.2682565e+00
   2.2743630e+00
   2.2804664e+00
   2.2865669e+00
   2.2926645e+00
   2.2987591e+00
   2.3048508e+00
   2.3109396e+00
   2.3170255e+00
   2.3231087e+00
   2.3291890e+00
   2.3352666e+00
   2.3413415e+00
   2.3474136e+00
   2.3534830e+00
   2.3595497e+00
   2.3656139e+00
   2.3716753e+00
   2.3777342e+00
   2.3837906e+00
   2.3898443e+00
   2.3958956e+00
   2.4019444e+00
   2.4079907e+00
   2.4140345e+00
   2.4200759e+00
   2.4261150e+00
   2.4321516e+00
   2.4381859e+00
   2.4442179e+00
   2.4502476e+00
   2.4562749e+00
   2.4623001e+00
   2.4683230e+00
   2.4743437e+00
   2.4803621e+00
   2.4863785e+00
   2.4923927e+00
   2.4984047e+00
   2.5044147e+00
   2.5104225e+00
   2.5164284e+00
   2.5224321e+00
   2.5284339e+00
   2.5344337e+00
   2.5404315e+00
   2.5464273e+00
   2.5524212e+00
   2.5584132e+00
   2.5644034e+00
   2.5703916e+00
   2.5763780e+00
   2.5823625e+00
   2.5883453e+00
   2.5943262e+00
   2.6003054e+00
   2.6062828e+00
   2.6122585e+00
   2.6182325e+00
   2.6242048e+00
   2.6301754e+00
   2.6361443e+00
   2.6421116e+00
   2.6480773e+00
   2.6540413e+00
   2.6600038e+00
   2.6659647e+00
   2.6719240e+00
   2.6778818e+00
   2.6838381e+00
   2.6897929e+00
   2.6957462e+00
   2.7016980e+00
   2.7076484e+00
   2.7135973e+00
   2.7195448e+00
   2.7254909e+00
   2.7314356e+00
   2.7373790e+00
   2.7433209e+00
   2.7492616e+00
   2.7552009e+00
   2.7611389e+00
   2.7670756e+00
   2.7730110e+00
   2.7789451e+00
   2.7848780e+00
   2.7908097e+00
   2.7967401e+00
   2.8026693e+00
   2.8085974e+00
   2.8145242e+00
   2.8204499e+00
   2.8263744e+00
   2.8322978e+00
   2.8382200e+00
   2.8441412e+00
   2.8500612e+00
   2.8559801e+00
   2.8618980e+00
   2.8678148e+00
   2.8737306e+00
   2.8796453e+00
   2.8855590e+00
   2.8914717e+00
   2.8973833e+00
   2.9032940e+00
   2.9092038e+00
   2.9151125e+00
   2.9210203e+00
   2.9269272e+00
   2.9328331e+00
   2.9387381e+00
   2.9446422e+00
   2.9505455e+00
   2.9564478e+00
   2.9623493e+00
   2.9682499e+00
   2.9741496e+00
   2.9800485e+00
   2.9859466e+00
   2.9918439e+00
   2.9977403e+00
   3.0036360e+00
   3.0095309e+00
   3.0154250e+00
   3.0213183e+00
   3.0272109e+00
   3.0331028e+00
   3.0389939e+00
   3.0448842e+00
   3.0507739e+00
   3.0566629e+00
   3.0625511e+00
   3.0684387e+00
   3.0743256e+00
   3.0802118e+00
   3.0860974e+00
   3.0919823e+00
   3.0978666e+00
   3.1037503e+00
   3.1096333e+00
   3.1155157e+00
   3.1213975e+00
   3.1272788e+00
   3.1331594e+00
   3.1390395e+00
   3.1449190e+00
   3.1507979e+00
   3.1566763e+00
   3.1625541e+00
   3.1684314e+00
   3.1743082e+00
   3.1801845e+00
   3.1860603e+00
   3.1919355e+00
   3.1978103e+00
   3.2036846e+00
   3.2095584e+00
   3.2154317e+00
   3.2213046e+00
   3.2271770e+00
   3.2330490e+00
   3.2389205e+00
   3.2447917e+00
   3.2506624e+00
   3.2565326e+00
   3.2624025e+00
   3.2682720e+00
   3.2741411e+00
   3.2800098e+00
   3.2858781e+00
   3.2917461e+00
   3.2976137e+00
   3.3034809e+00
   3.3093478e+00
   3.3152144e+00
   3.3210806e+00
   3.3269465e+00
   3.3328121e+00
   3.3386773e+00
   3.3445423e+00
   3.3504070e+00
   3.3562713e+00
   3.3621354e+00
   3.3679992e+00
   3.3738628e+00
   3.3797261e+00
   3.3855891e+00
   3.3914518e+00
   3.3973144e+00
   3.4031767e+00
   3.4090387e+00
   3.4149006e+00
   3.4207622e+00
   3.4266236e+00
   3.4324848e+00
   3.4383458e+00
   3.4442066e+00
   3.4500673e+00
   3.4559277e+00
   3.4617880e+00
   3.4676481e+00
   3.4735080e+00
   3.4793678e+00
   3.4852275e+00
   3.4910870e+00
   3.4969464e+00
   3.5028056e+00
   3.5086647e+00
   3.5145237e+00
   3.5203826e+00
   3.5262414e+00
   3.5321001e+00
   3.5379587e+00
   3.5438172e+00
   3.5496756e+00
   3.5555339e+00
   3.5613922e+00
   3.5672504e+00
   3.5731086e+00
   3.5789667e+00
   3.5848247e+00
   3.5906827e+00
   3.5965407e+00
   3.6023986e+00
   3.6082565e+00
   3.6141144e+00
   3.6199723e+00
   3.6258302e+00
   3.6316880e+00
   3.6375459e+00
   3.6434038e+00
   3.6492617e+00
   3.6551196e+00
   3.6609775e+00
   3.6668355e+00
   3.6726935e+00
   3.6785516e+00
   3.6844096e+00
   3.6902678e+00
   3.6961260e+00
   3.7019842e+00
   3.7078426e+00
   3.7137010e+00
   3.7195594e+00
   3.7254180e+00
   3.7312767e+00
   3.7371354e+00
   3.7429942e+00
   3.7488532e+00
   3.7547122e+00
   3.7605714e+00
   3.7664307e+00
   3.7722901e+00
   3.7781496e+00
   3.7840093e+00
   3.7898691e+00
   3.7957290e+00
   3.8015892e+00
   3.8074494e+00
   3.8133098e+00
   3.8191704e+00
   3.8250311e+00
   3.8308921e+00
   3.8367532e+00
   3.8426144e+00
   3.8484759e+00
   3.8543376e+00
   3.8601994e+00
   3.8660615e+00
   3.8719238e+00
   3.8777863e+00
   3.8836490e+00
   3.8895119e+00
   3.8953750e+00
   3.9012384e+00
   3.9071020e+00
   3.9129659e+00
   3.9188300e+00
   3.9246943e+00
   3.9305589e+00
   3.9364238e+00
   3.9422889e+00
   3.9481543e+00
   3.9540200e+00
   3.9598859e+00
   3.9657521e+00
   3.9716186e+00
   3.9774855e+00
   3.9833526e+00
   3.9892199e+00
   3.9950877e+00
   4.0009557e+00
   4.0068240e+00
   4.0126926e+00
   4.0185616e+00
   4.0244309e+00
   4.0303005e+00
   4.0361705e+00
   4.0420408e+00
   4.0479114e+00
   4.0537824e+00
   4.0596537e+00
   4.0655254e+00
   4.0713975e+00
   4.0772699e+00
   4.0831427e+00
   4.0890159e+00
   4.0948894e+00
   4.1007634e+00
   4.1066377e+00
   4.1125124e+00
   4.1183875e+00
   4.1242630e+00
   4.1301389e+00
   4.1360152e+00
   4.1418920e+00
   4.1477691e+00
   4.1536467e+00
   4.1595247e+00
   4.1654031e+00
   4.1712819e+00
   4.1771612e+00
   4.1830410e+00
   4.1889211e+00
   4.1948017e+00
   4.2006828e+00
   4.2065643e+00
   4.2124463e+00
   4.2183288e+00
   4.2242117e+00
   4.2300951e+00
   4.2359790e+00
   4.2418633e+00
   4.2477482e+00
   4.2536335e+00
   4.2595193e+00
   4.2654056e+00
   4.2712924e+00
   4.2771798e+00
   4.2830676e+00
   4.2889559e+00
   4.2948448e+00
   4.3007341e+00
   4.3066240e+00
   4.3125144e+00
   4.3184054e+00
   4.3242969e+00
   4.3301889e+00
   4.3360814e+00
   4.3419746e+00
   4.3478682e+00
   4.3537624e+00
   4.3596572e+00
   4.3655525e+00
   4.3714484e+00
   4.3773448e+00
   4.3832419e+00
   4.3891395e+00
   4.3950376e+00
   4.4009364e+00
   4.4068357e+00
   4.4127357e+00
   4.4186362e+00
   4.4245373e+00
   4.4304390e+00
   4.4363413e+00
   4.4422443e+00
   4.4481478e+00
   4.4540519e+00
   4.4599567e+00
   4.4658621e+00
   4.4717681e+00
   4.4776747e+00
   4.4835820e+00
   4.4894899e+00
   4.4953984e+00
   4.5013076e+00
   4.5072174e+00
   4.5131279e+00
   4.5190390e+00
   4.5249507e+00
   4.5308632e+00
   4.5367762e+00
   4.5426900e+00
   4.5486044e+00
   4.5545195e+00
   4.5604352e+00
   4.5663517e+00
   4.5722688e+00
   4.5781866e+00
   4.5841050e+00
   4.5900242e+00
   4.5959440e+00
   4.6018646e+00
   4.6077858e+00
   4.6137078e+00
   4.6196304e+00
   4.6255538e+00
   4.6314779e+00
   4.6374026e+00
   4.6433281e+00
   4.6492544e+00
   4.6551813e+00
   4.6611090e+00
   4.6670373e+00
   4.6729665e+00
   4.6788963e+00
   4.6848269e+00
   4.6907582e+00
   4.6966903e+00
   4.7026231e+00
   4.7085567e+00
   4.7144910e+00
   4.7204261e+00
   4.7263619e+00
   4.7322985e+00
   4.7382359e+00
   4.7441740e+00
   4.7501129e+00
   4.7560525e+00
   4.7619929e+00
   4.7679341e+00
   4.7738761e+00
   4.7798189e+00
   4.7857624e+00
   4.7917068e+00
   4.7976519e+00
   4.8035978e+00
   4.8095445e+00
   4.8154920e+00
   4.8214403e+00
   4.8273894e+00
   4.8333393e+00
   4.8392901e+00
   4.8452416e+00
   4.8511939e+00
   4.8571471e+00
   4.8631011e+00
   4.8690558e+00
   4.8750115e+00
   4.8809679e+00
   4.8869252e+00
   4.8928833e+00
   4.8988422e+00
   4.9048020e+00
   4.9107625e+00
   4.9167240e+00
   4.9226863e+00
   4.9286494e+00
   4.9346133e+00
   4.9405782e+00
   4.9465438e+00
   4.9525103e+00
   4.9584777e+00
   4.9644459e+00
   4.9704150e+00
   4.9763850e+00
   4.9823558e+00
   4.9883275e+00
   4.9943000e+00
   5.0002734e+00
   5.0062477e+00
   5.0122229e+00
   5.0181989e+00
   5.0241758e+00
   5.0301536e+00
   5.0361323e+00
   5.0421119e+00
   5.0480923e+00
   5.0540736e+00
   5.0600559e+00
   5.0660390e+00
   5.0720230e+00
   5.0780079e+00
   5.0839937e+00
   5.0899804e+00
   5.0959680e+00
   5.1019565e+00
   5.1079459e+00
   5.1139362e+00
   5.1199275e+00
   5.1259196e+00
   5.1319127e+00
   5.1379066e+00
   5.1439015e+00
   5.1498973e+00
   5.1558940e+00
   5.1618916e+00
   5.1678902e+00
   5.1738897e+00
   5.1798901e+00
   5.1858914e+00
   5.1918937e+00
   5.1978969e+00
   5.2039010e+00
   5.2099061e+00
   5.2159121e+00
   5.2219190e+00
   5.2279269e+00
   5.2339357e+00
   5.2399454e+00
   5.2459561e+00
   5.2519678e+00
   5.2579803e+00
   5.2639939e+00
   5.2700083e+00
   5.2760238e+00
   5.2820401e+00
   5.2880575e+00
   5.2940757e+00
   5.3000950e+00
   5.3061152e+00
   5.3121363e+00
   5.3181584e+00
   5.3241815e+00
   5.3302055e+00
   5.3362305e+00
   5.3422564e+00
   5.3482833e+00
   5.3543112e+00
   5.3603401e+00
   5.3663699e+00
   5.3724007e+00
   5.3784324e+00
   5.3844651e+00
   5.3904988e+00
   5.3965335e+00
   5.4025691e+00
   5.4086057e+00
   5.4146433e+00
   5.4206819e+00
   5.4267214e+00
   5.4327619e+00
   5.4388034e+00
   5.4448459e+00
   5.4508894e+00
   5.4569338e+00
   5.4629792e+00
   5.4690256e+00
   5.4750730e+00
   5.4811214e+00
   5.4871707e+00
   5.4932211e+00
   5.4992724e+00
   5.5053247e+00
   5.5113780e+00
   5.5174323e+00
   5.5234876e+00
   5.5295438e+00
   5.5356011e+00
   5.5416593e+00
   5.5477186e+00
   5.5537788e+00
   5.5598400e+00
   5.5659023e+00
   5.5719655e+00
   5.5780297e+00
   5.5840949e+00
   5.5901611e+00
   5.5962283e+00
   5.6022964e+00
   5.6083656e+00
   5.6144358e+00
   5.6205069e+00
   5.6265791e+00
   5.6326523e+00
   5.6387264e+00
   5.6448016e+00
   5.6508777e+00
   5.6569549e+00
   5.6630330e+00
   5.6691122e+00
   5.6751923e+00
   5.6812735e+00
   5.6873556e+00
   5.6934387e+00
   5.6995229e+00
   5.7056080e+00
   5.7116941e+00
   5.7177812e+00
   5.7238694e+00
   5.7299585e+00
   5.7360486e+00
   5.7421397e+00
   5.7482318e+00
   5.7543250e+00
   5.7604191e+00
   5.7665142e+00
   5.7726103e+00
   5.7787074e+00
   5.7848055e+00
   5.7909046e+00
   5.7970046e+00
   5.8031057e+00
   5.8092078e+00
   5.8153109e+00
   5.8214149e+00
   5.8275200e+00
   5.8336261e+00
   5.8397331e+00
   5.8458411e+00
   5.8519502e+00
   5.8580602e+00
   5.8641712e+00
   5.8702832e+00
   5.8763962e+00
   5.8825102e+00
   5.8886251e+00
   5.8947411e+00
   5.9008580e+00
   5.9069760e+00
   5.9130949e+00
   5.9192148e+00
   5.9253357e+00
   5.9314576e+00
   5.9375804e+00
   5.9437042e+00
   5.9498291e+00
   5.9559549e+00
   5.9620816e+00
   5.9682094e+00
   5.9743381e+00
   5.9804678e+00
   5.9865985e+00
   5.9927302e+00
   5.9988628e+00
   6.0049964e+00
   6.0111310e+00
   6.0172665e+00
   6.0234030e+00
   6.0295405e+00
   6.0356790e+00
   6.0418184e+00
   6.0479588e+00
   6.0541001e+00
   6.0602424e+00
   6.0663857e+00
   6.0725299e+00
   6.0786751e+00
   6.0848212e+00
   6.0909683e+00
   6.0971164e+00
   6.1032654e+00
   6.1094153e+00
   6.1155662e+00
   6.1217181e+00
   6.1278709e+00
   6.1340246e+00
   6.1401793e+00
   6.1463349e+00
   6.1524915e+00
   6.1586490e+00
   6.1648074e+00
   6.1709668e+00
   6.1771271e+00
   6.1832884e+00
   6.1894505e+00
   6.1956136e+00
   6.2017777e+00
   6.2079426e+00
   6.2141085e+00
   6.2202753e+00
   6.2264430e+00
   6.2326116e+00
   6.2387811e+00
   6.2449516e+00
   6.2511230e+00
   6.2572952e+00
   6.2634684e+00
   6.2696425e+00
   6.2758175e+00
   6.2819934e+00
   6.2881702e+00
   6.2943478e+00
   6.3005264e+00
   6.3067059e+00
   6.3128862e+00
   6.3190675e+00
   6.3252496e+00
   6.3314326e+00
   6.3376165e+00
   6.3438012e+00
   6.3499869e+00
   6.3561734e+00
   6.3623607e+00
   6.3685490e+00
   6.3747381e+00
   6.3809281e+00
   6.3871189e+00
   6.3933106e+00
   6.3995031e+00
   6.4056965e+00
   6.4118907e+00
   6.4180858e+00
   6.4242817e+00
   6.4304785e+00
   6.4366761e+00
   6.4428745e+00
   6.4490738e+00
   6.4552739e+00
   6.4614748e+00
   6.4676765e+00
   6.4738791e+00
   6.4800824e+00
   6.4862866e+00
   6.4924916e+00
   6.4986974e+00
   6.5049040e+00
   6.5111114e+00
   6.5173196e+00
   6.5235286e+00
   6.5297384e+00
   6.5359489e+00
   6.5421603e+00
   6.5483724e+00
   6.5545853e+00
   6.5607990e+00
   6.5670134e+00
   6.5732287e+00
   6.5794446e+00
   6.5856614e+00
   6.5918789e+00
   6.5980971e+00
   6.6043161e+00
   6.6105358e+00
   6.6167563e+00
   6.6229775e+00
   6.6291994e+00
   6.6354221e+00
   6.6416455e+00
   6.6478696e+00
   6.6540944e+00
   6.6603200e+00
   6.6665462e+00
   6.6727732e+00
   6.6790008e+00
   6.6852292e+00
   6.6914582e+00
   6.6976879e+00
   6.7039183e+00
   6.7101494e+00
   6.7163812e+00
   6.7226136e+00
   6.7288467e+00
   6.7350805e+00
   6.7413149e+00
   6.7475500e+00
   6.7537857e+00
   6.7600220e+00
   6.7662590e+00
   6.7724967e+00
   6.7787349e+00
   6.7849738e+00
   6.7912133e+00
   6.7974535e+00
   6.8036942e+00
   6.8099355e+00
   6.8161775e+00
   6.8224200e+00
   6.8286631e+00
   6.8349068e+00
   6.8411511e+00
   6.8473960e+00
   6.8536414e+00
   6.8598874e+00
   6.8661339e+00
   6.8723811e+00
   6.8786287e+00
   6.8848769e+00
   6.8911256e+00
   6.8973749e+00
   6.9036247e+00
   6.9098750e+00
   6.9161259e+00
   6.9223772e+00
   6.9286291e+00
   6.9348814e+00
   6.9411342e+00
   6.9473876e+00
   6.9536414e+00
   6.9598957e+00
   6.9661504e+00
   6.9724056e+00
   6.9786613e+00
   6.9849174e+00
   6.9911740e+00
   6.9974310e+00
   7.0036884e+00
   7.0099463e+00
   7.0162046e+00
   7.0224633e+00
   7.0287224e+00
   7.0349819e+00
   7.0412418e+00
   7.0475021e+00
   7.0537628e+00
   7.0600239e+00
   7.0662853e+00
   7.0725471e+00
   7.0788092e+00
   7.0850717e+00
   7.0913345e+00
   7.0975977e+00
   7.1038612e+00
   7.1101250e+00
   7.1163891e+00
   7.1226535e+00
   7.1289183e+00
   7.1351833e+00
   7.1414486e+00
   7.1477142e+00
   7.1539800e+00
   7.1602462e+00
   7.1665125e+00
   7.1727791e+00
   7.1790460e+00
   7.1853131e+00
   7.1915804e+00
   7.1978479e+00
   7.2041157e+00
   7.2103836e+00
   7.2166518e+00
   7.2229201e+00
   7.2291886e+00
   7.2354573e+00
   7.2417261e+00
   7.2479951e+00
   7.2542642e+00
   7.2605335e+00
   7.2668029e+00
   7.2730724e+00
   7.2793420e+00
   7.2856118e+00
   7.2918816e+00
   7.2981515e+00
   7.3044215e+00
   7.3106916e+00
   7.3169617e+00
   7.3232319e+00
   7.3295021e+00
   7.3357723e+00
   7.3420426e+00
   7.3483129e+00
   7.3545832e+00
   7.3608535e+00
   7.3671238e+00
   7.3733940e+00
   7.3796642e+00
   7.3859344e+00
   7.3922046e+00
   7.3984746e+00
   7.4047446e+00
   7.4110146e+00
   7.4172844e+00
   7.4235541e+00
   7.4298238e+00
   7.4360933e+00
   7.4423626e+00
   7.4486319e+00
   7.4549010e+00
   7.4611699e+00
   7.4674387e+00
   7.4737072e+00
   7.4799756e+00
   7.4862438e+00
   7.4925118e+00
   7.4987796e+00
   7.5050471e+00
   7.5113144e+00
   7.5175814e+00
   7.5238481e+00
   7.5301146e+00
   7.5363808e+00
   7.5426467e+00
   7.5489123e+00
   7.5551775e+00
   7.5614425e+00
   7.5677070e+00
   7.5739713e+00
   7.5802351e+00
   7.5864986e+00
   7.5927617e+00
   7.5990244e+00
   7.6052866e+00
   7.6115485e+00
   7.6178099e+00
   7.6240708e+00
   7.6303313e+00
   7.6365913e+00
   7.6428508e+00
   7.6491098e+00
   7.6553683e+00
   7.6616263e+00
   7.6678837e+00
   7.6741406e+00
   7.6803969e+00
   7.6866527e+00
   7.6929078e+00
   7.6991624e+00
   7.7054163e+00
   7.7116696e+00
   7.7179222e+00
   7.7241742e+00
   7.7304256e+00
   7.7366762e+00
   7.7429261e+00
   7.7491754e+00
   7.7554239e+00
   7.7616716e+00
   7.7679186e+00
   7.7741649e+00
   7.7804103e+00
   7.7866550e+00
   7.7928988e+00
   7.7991418e+00
   7.8053840e+00
   7.8116253e+00
   7.8178657e+00
   7.8241053e+00
   7.8303439e+00
   7.8365817e+00
   7.8428185e+00
   7.8490543e+00
   7.8552892e+00
   7.8615231e+00
   7.8677560e+00
   7.8739880e+00
   7.8802188e+00
   7.8864487e+00
   7.8926775e+00
   7.8989052e+00
   7.9051318e+00
   7.9113573e+00
   7.9175817e+00
   7.9238049e+00
   7.9300270e+00
   7.9362479e+00
   7.9424676e+00
   7.9486861e+00
   7.9549034e+00
   7.9611195e+00
   7.9673342e+00
   7.9735478e+00
   7.9797600e+00
   7.9859709e+00
   7.9921804e+00
   7.9983887e+00
   8.0045955e+00
   8.0108010e+00
   8.0170050e+00
   8.0232077e+00
   8.0294089e+00
   8.0356086e+00
   8.0418069e+00
   8.0480037e+00
   8.0541989e+00
   8.0603926e+00
   8.0665848e+00
   8.0727754e+00
   8.0789644e+00
   8.0851518e+00
   8.0913375e+00
   8.0975216e+00
   8.1037041e+00
   8.1098848e+00
   8.1160638e+00
   8.1222411e+00
   8.1284166e+00
   8.1345904e+00
   8.1407624e+00
   8.1469325e+00
   8.1531008e+00
   8.1592673e+00
   8.1654319e+00
   8.1715946e+00
   8.1777553e+00
   8.1839141e+00
   8.1900710e+00
   8.1962258e+00
   8.2023787e+00
   8.2085295e+00
   8.2146782e+00
   8.2208249e+00
   8.2269695e+00
   8.2331119e+00
   8.2392522e+00
   8.2453904e+00
   8.2515263e+00
   8.2576600e+00
   8.2637915e+00
   8.2699208e+00
   8.2760477e+00
   8.2821723e+00
   8.2882946e+00
   8.2944145e+00
   8.3005321e+00
   8.3066472e+00
   8.3127599e+00
   8.3188702e+00
   8.3249779e+00
   8.3310832e+00
   8.3371859e+00
   8.3432861e+00
   8.3493836e+00
   8.3554786e+00
   8.3615709e+00
   8.3676606e+00
   8.3737475e+00
   8.3798318e+00
   8.3859133e+00
   8.3919920e+00
   8.3980679e+00
   8.4041410e+00
   8.4102113e+00
   8.4162787e+00
   8.4223431e+00
   8.4284047e+00
   8.4344632e+00
   8.4405188e+00
   8.4465714e+00
   8.4526209e+00
   8.4586673e+00
   8.4647106e+00
   8.4707508e+00
   8.4767878e+00
   8.4828217e+00
   8.4888523e+00
   8.4948796e+00
   8.5009037e+00
   8.5069244e+00
   8.5129418e+00
   8.5189558e+00
   8.5249665e+00
   8.5309737e+00
   8.5369774e+00
   8.5429776e+00
   8.5489743e+00
   8.5549674e+00
   8.5609569e+00
   8.5669428e+00
   8.5729250e+00
   8.5789036e+00
   8.5848784e+00
   8.5908495e+00
   8.5968167e+00
   8.6027802e+00
   8.6087398e+00
   8.6146955e+00
   8.6206472e+00
   8.6265950e+00
   8.6325389e+00
   8.6384787e+00
   8.6444144e+00
   8.6503460e+00
   8.6562735e+00
   8.6621968e+00
   8.6681160e+00
   8.6740308e+00
   8.6799415e+00
   8.6858477e+00
   8.6917497e+00
   8.6976473e+00
   8.7035404e+00
   8.7094291e+00
   8.7153133e+00
   8.7211929e+00
   8.7270680e+00
   8.7329385e+00
   8.7388043e+00
   8.7446654e+00
   8.7505218e+00
   8.7563735e+00
   8.7622203e+00
   8.7680623e+00
   8.7738994e+00
   8.7797316e+00
   8.7855588e+00
   8.7913811e+00
   8.7971983e+00
   8.8030104e+00
   8.8088174e+00
   8.8146192e+00
   8.8204158e+00
   8.8262072e+00
   8.8319932e+00
   8.8377740e+00
   8.8435493e+00
   8.8493193e+00
   8.8550838e+00
   8.8608427e+00
   8.8665962e+00
   8.8723440e+00
   8.8780862e+00
   8.8838228e+00
   8.8895536e+00
   8.8952786e+00
   8.9009979e+00
   8.9067113e+00
   8.9124187e+00
   8.9181203e+00
   8.9238158e+00
   8.9295053e+00
   8.9351887e+00
   8.9408660e+00
   8.9465370e+00
   8.9522019e+00
   8.9578605e+00
   8.9635128e+00
   8.9691587e+00
   8.9747981e+00
   8.9804312e+00
   8.9860577e+00
   8.9916776e+00
   8.9972909e+00
   9.0028976e+00
   9.0084975e+00
   9.0140907e+00
   9.0196770e+00
   9.0252565e+00
   9.0308291e+00
   9.0363948e+00
   9.0419534e+00
   9.0475049e+00
   9.0530493e+00
   9.0585865e+00
   9.0641166e+00
   9.0696393e+00
   9.0751547e+00
   9.0806627e+00
   9.0861633e+00
   9.0916564e+00
   9.0971419e+00
   9.1026199e+00
   9.1080901e+00
   9.1135527e+00
   9.1190075e+00
   9.1244545e+00
   9.1298936e+00
   9.1353248e+00
   9.1407480e+00
   9.1461631e+00
   9.1515701e+00
   9.1569690e+00
   9.1623596e+00
   9.1677420e+00
   9.1731160e+00
   9.1784817e+00
   9.1838389e+00
   9.1891875e+00
   9.1945277e+00
   9.1998591e+00
   9.2051819e+00
   9.2104960e+00
   9.2158012e+00
   9.2210975e+00
   9.2263850e+00
   9.2316634e+00
   9.2369328e+00
   9.2421930e+00
   9.2474441e+00
   9.2526859e+00
   9.2579184e+00
   9.2631416e+00
   9.2683553e+00
   9.2735596e+00
   9.2787542e+00
   9.2839393e+00
   9.2891146e+00
   9.2942802e+00
   9.2994360e+00
   9.3045819e+00
   9.3097179e+00
   9.3148438e+00
   9.3199597e+00
   9.3250654e+00
   9.3301609e+00
   9.3352461e+00
   9.3403209e+00
   9.3453853e+00
   9.3504393e+00
   9.3554827e+00
   9.3605155e+00
   9.3655375e+00
   9.3705488e+00
   9.3755493e+00
   9.3805389e+00
   9.3855175e+00
   9.3904851e+00
   9.3954415e+00
   9.4003868e+00
   9.4053208e+00
   9.4102435e+00
   9.4151548e+00
   9.4200546e+00
   9.4249429e+00
   9.4298195e+00
   9.4346845e+00
   9.4395377e+00
   9.4443790e+00
   9.4492085e+00
   9.4540259e+00
   9.4588313e+00
   9.4636246e+00
   9.4684056e+00
   9.4731744e+00
   9.4779308e+00
   9.4826748e+00
   9.4874063e+00
   9.4921251e+00
   9.4968313e+00
   9.5015248e+00
   9.5062054e+00
   9.5108732e+00
   9.5155279e+00
   9.5201696e+00
   9.5247982e+00
   9.5294136e+00
   9.5340156e+00
   9.5386043e+00
   9.5431796e+00
   9.5477413e+00
   9.5522894e+00
   9.5568238e+00
   9.5613445e+00
   9.5658513e+00
   9.5703441e+00
   9.5748230e+00
   9.5792877e+00
   9.5837383e+00
   9.5881746e+00
   9.5925966e+00
   9.5970042e+00
   9.6013972e+00
   9.6057757e+00
   9.6101394e+00
   9.6144885e+00
   9.6188226e+00
   9.6231419e+00
   9.6274461e+00
   9.6317353e+00
   9.6360092e+00
   9.6402679e+00
   9.6445113e+00
   9.6487392e+00
   9.6529516e+00
   9.6571484e+00
   9.6613295e+00
   9.6654948e+00
   9.6696442e+00
   9.6737777e+00
   9.6778952e+00
   9.6819965e+00
   9.6860816e+00
   9.6901504e+00
   9.6942029e+00
   9.6982388e+00
   9.7022582e+00
   9.7062609e+00
   9.7102469e+00
   9.7142160e+00
   9.7181682e+00
   9.7221034e+00
   9.7260215e+00
   9.7299225e+00
   9.7338061e+00
   9.7376724e+00
   9.7415212e+00
   9.7453524e+00
   9.7491661e+00
   9.7529619e+00
   9.7567400e+00
   9.7605001e+00
   9.7642423e+00
   9.7679663e+00
   9.7716722e+00
   9.7753598e+00
   9.7790290e+00
   9.7826798e+00
   9.7863120e+00
   9.7899255e+00
   9.7935203e+00
   9.7970963e+00
   9.8006534e+00
   9.8041914e+00
   9.8077104e+00
   9.8112101e+00
   9.8146905e+00
   9.8181516e+00
   9.8215932e+00
   9.8250152e+00
   9.8284175e+00
   9.8318001e+00
   9.8351628e+00
   9.8385056e+00
   9.8418283e+00
   9.8451309e+00
   9.8484133e+00
   9.8516753e+00
   9.8549169e+00
   9.8581381e+00
   9.8613386e+00
   9.8645184e+00
   9.8676774e+00
   9.8708156e+00
   9.8739327e+00
   9.8770288e+00
   9.8801037e+00
   9.8831573e+00
   9.8861896e+00
   9.8892004e+00
   9.8921897e+00
   9.8951573e+00
   9.8981032e+00
   9.9010273e+00
   9.9039295e+00
   9.9068096e+00
   9.9096676e+00
   9.9125034e+00
   9.9153168e+00
   9.9181079e+00
   9.9208765e+00
   9.9236225e+00
   9.9263459e+00
   9.9290464e+00
   9.9317241e+00
   9.9343788e+00
   9.9370104e+00
   9.9396189e+00
   9.9422041e+00
   9.9447660e+00
   9.9473045e+00
   9.9498194e+00
   9.9523107e+00
   9.9547783e+00
   9.9572221e+00
   9.9596419e+00
   9.9620378e+00
   9.9644095e+00
   9.9667571e+00
   9.9690804e+00
   9.9713793e+00
   9.9736538e+00
   9.9759037e+00
   9.9781289e+00
   9.9803294e+00
   9.9825050e+00
   9.9846557e+00
   9.9867814e+00
   9.9888820e+00
   9.9909573e+00
   9.9930074e+00
   9.9950321e+00
   9.9970312e+00
   9.9990048e+00
   1.0000953e+01
   1.0002875e+01
   1.0004771e+01
   1.0006642e+01
   1.0008486e+01
   1.0010304e+01
   1.0012096e+01
   1.0013862e+01
   1.0015601e+01
   1.0017314e+01
   1.0019000e+01
   1.0020660e+01
   1.0022293e+01
   1.0023898e+01
   1.0025478e+01
   1.0027030e+01
   1.0028554e+01
   1.0030052e+01
   1.0031523e+01
   1.0032966e+01
   1.0034381e+01
   1.0035769e+01
   1.0037130e+01
   1.0038462e+01
   1.0039767e+01
   1.0041044e+01
   1.0042293e+01
   1.0043514e+01
   1.0044707e+01
   1.0045871e+01
   1.0047007e+01
   1.0048115e+01
   1.0049195e+01
   1.0050245e+01
   1.0051267e+01
   1.0052261e+01
   1.0053225e+01
   1.0054161e+01
   1.0055067e+01
   1.0055945e+01
   1.0056793e+01
   1.0057612e+01
   1.0058402e+01
   1.0059162e+01
   1.0059893e+01
   1.0060594e+01
   1.0061266e+01
   1.0061908e+01
   1.0062520e+01
   1.0063102e+01
   1.0063655e+01
   1.0064177e+01
   1.0064669e+01
   1.0065131e+01
   1.0065562e+01
   1.0065964e+01
   1.0066335e+01
   1.0066675e+01
   1.0066985e+01
   1.0067264e+01
   1.0067512e+01
   1.0067730e+01
   1.0067916e+01
   1.0068072e+01
   1.0068197e+01
   1.0068290e+01
   1.0068352e+01
   1.0068384e+01
   1.0068383e+01
   1.0068352e+01
   1.0068289e+01
   1.0068194e+01
   1.0068068e+01
   1.0067910e+01
   1.0067720e+01
   1.0067498e+01
   1.0067245e+01
   1.0066959e+01
   1.0066642e+01
   1.0066292e+01
   1.0065911e+01
   1.0065497e+01
   1.0065050e+01
   1.0064572e+01
   1.0064061e+01
   1.0063517e+01
   1.0062941e+01
   1.0062332e+01
   1.0061690e+01
   1.0061016e+01
   1.0060309e+01
   1.0059568e+01
   1.0058795e+01
   1.0057989e+01
   1.0057150e+01
   1.0056277e+01
   1.0055372e+01
   1.0054433e+01
   1.0053461e+01
   1.0052455e+01
   1.0051416e+01
   1.0050343e+01
   1.0049237e+01
   1.0048097e+01
   1.0046923e+01
   1.0045715e+01
   1.0044474e+01
   1.0043199e+01
   1.0041890e+01
   1.0040546e+01
   1.0039169e+01
   1.0037758e+01
   1.0036312e+01
   1.0034832e+01
   1.0033318e+01
   1.0031769e+01
   1.0030186e+01
   1.0028569e+01
   1.0026917e+01
   1.0025230e+01
   1.0023508e+01
   1.0021752e+01
   1.0019962e+01
   1.0018136e+01
   1.0016275e+01
   1.0014380e+01
   1.0012449e+01
   1.0010484e+01
   1.0008483e+01
   1.0006447e+01
   1.0004376e+01
   1.0002269e+01
   1.0000128e+01
   9.9979505e+00
   9.9957379e+00
   9.9934898e+00
   9.9912062e+00
   9.9888869e+00
   9.9865319e+00
   9.9841412e+00
   9.9817148e+00
   9.9792524e+00
   9.9767542e+00
   9.9742201e+00
   9.9716499e+00
   9.9690436e+00
   9.9664013e+00
   9.9637227e+00
   9.9610080e+00
   9.9582569e+00
   9.9554695e+00
   9.9526457e+00
   9.9497854e+00
   9.9468886e+00
   9.9439552e+00
   9.9409852e+00
   9.9379785e+00
   9.9349350e+00
   9.9318547e+00
   9.9287376e+00
   9.9255836e+00
   9.9223925e+00
   9.9191644e+00
   9.9158992e+00
   9.9125969e+00
   9.9092573e+00
   9.9058804e+00
   9.9024662e+00
   9.8990145e+00
   9.8955254e+00
   9.8919988e+00
   9.8884345e+00
   9.8848326e+00
   9.8811930e+00
   9.8775156e+00
   9.8738003e+00
   9.8700471e+00
   9.8662559e+00
   9.8624267e+00
   9.8585593e+00
   9.8546537e+00
   9.8507099e+00
   9.8467278e+00
   9.8427073e+00
   9.8386483e+00
   9.8345508e+00
   9.8304147e+00
   9.8262399e+00
   9.8220263e+00
   9.8177740e+00
   9.8134827e+00
   9.8091525e+00
   9.8047832e+00
   9.8003748e+00
   9.7959272e+00
   9.7914403e+00
   9.7869141e+00
   9.7823485e+00
   9.7777433e+00
   9.7730986e+00
   9.7684142e+00
   9.7636901e+00
   9.7589261e+00
   9.7541222e+00
   9.7492783e+00
   9.7443943e+00
   9.7394702e+00
   9.7345058e+00
   9.7295011e+00
   9.7244560e+00
   9.7193704e+00
   9.7142441e+00
   9.7090772e+00
   9.7038695e+00
   9.6986209e+00
   9.6933314e+00
   9.6880008e+00
   9.6826291e+00
   9.6772161e+00
   9.6717619e+00
   9.6662661e+00
   9.6607289e+00
   9.6551501e+00
   9.6495295e+00
   9.6438671e+00
   9.6381628e+00
   9.6324165e+00
   9.6266281e+00
   9.6207975e+00
   9.6149246e+00
   9.6090093e+00
   9.6030514e+00
   9.5970509e+00
   9.5910077e+00
   9.5849217e+00
   9.5787928e+00
   9.5726208e+00
   9.5664057e+00
   9.5601473e+00
   9.5538456e+00
   9.5475004e+00
   9.5411117e+00
   9.5346793e+00
   9.5282030e+00
   9.5216829e+00
   9.5151188e+00
   9.5085106e+00
   9.5018581e+00
   9.4951613e+00
   9.4884201e+00
   9.4816342e+00
   9.4748037e+00
   9.4679285e+00
   9.4610083e+00
   9.4540431e+00
   9.4470328e+00
   9.4399772e+00
   9.4328763e+00
   9.4257299e+00
   9.4185379e+00
   9.4113002e+00
   9.4040167e+00
   9.3966872e+00
   9.3893117e+00
   9.3818901e+00
   9.3744222e+00
   9.3669078e+00
   9.3593470e+00
   9.3517395e+00
   9.3440853e+00
   9.3363842e+00
   9.3286362e+00
   9.3208410e+00
   9.3129987e+00
   9.3051090e+00
   9.2971719e+00
   9.2891872e+00
   9.2811548e+00
   9.2730747e+00
   9.2649466e+00
   9.2567705e+00
   9.2485463e+00
   9.2402738e+00
   9.2319529e+00
   9.2235836e+00
   9.2151656e+00
   9.2066990e+00
   9.1981835e+00
   9.1896190e+00
   9.1810055e+00
   9.1723428e+00
   9.1636308e+00
   9.1548695e+00
   9.1460586e+00
   9.1371980e+00
   9.1282877e+00
   9.1193276e+00
   9.1103175e+00
   9.1012573e+00
   9.0921469e+00
   9.0829862e+00
   9.0737751e+00
   9.0645134e+00
   9.0552012e+00
   9.0458381e+00
   9.0364242e+00
   9.0269594e+00
   9.0174434e+00
   9.0078763e+00
   8.9982579e+00
   8.9885880e+00
   8.9788667e+00
   8.9690937e+00
   8.9592690e+00
   8.9493925e+00
   8.9394640e+00
   8.9294835e+00
   8.9194508e+00
   8.9093659e+00
   8.8992286e+00
   8.8890388e+00
   8.8787965e+00
   8.8685015e+00
   8.8581537e+00
   8.8477530e+00
   8.8372993e+00
   8.8267925e+00
   8.8162326e+00
   8.8056193e+00
   8.7949527e+00
   8.7842326e+00
   8.7734588e+00
   8.7626314e+00
   8.7517501e+00
   8.7408150e+00
   8.7298258e+00
   8.7187826e+00
   8.7076852e+00
   8.6965334e+00
   8.6853273e+00
   8.6740666e+00
   8.6627514e+00
   8.6513815e+00
   8.6399568e+00
   8.6284772e+00
   8.6169426e+00
   8.6053529e+00
   8.5937080e+00
   8.5820079e+00
   8.5702524e+00
   8.5584414e+00
   8.5465749e+00
   8.5346527e+00
   8.5226747e+00
   8.5106409e+00
   8.4985511e+00
   8.4864052e+00
   8.4742033e+00
   8.4619450e+00
   8.4496305e+00
   8.4372595e+00
   8.4248320e+00
   8.4123479e+00
   8.3998070e+00
   8.3872094e+00
   8.3745548e+00
   8.3618432e+00
   8.3490746e+00
   8.3362487e+00
   8.3233655e+00
   8.3104250e+00
   8.2974270e+00
   8.2843714e+00
   8.2712581e+00
   8.2580871e+00
   8.2448582e+00
   8.2315713e+00
   8.2182264e+00
   8.2048234e+00
   8.1913621e+00
   8.1778424e+00
   8.1642644e+00
   8.1506278e+00
   8.1369325e+00
   8.1231786e+00
   8.1093658e+00
   8.0954941e+00
   8.0815633e+00
   8.0675735e+00
   8.0535245e+00
   8.0394161e+00
   8.0252483e+00
   8.0110211e+00
   7.9967342e+00
   7.9823877e+00
   7.9679813e+00
   7.9535151e+00
   7.9389889e+00
   7.9244025e+00
   7.9097560e+00
   7.8950492e+00
   7.8802821e+00
   7.8654544e+00
   7.8505661e+00
   7.8356172e+00
   7.8206075e+00
   7.8055369e+00
   7.7904053e+00
   7.7752127e+00
   7.7599588e+00
   7.7446437e+00
   7.7292672e+00
   7.7138292e+00
   7.6983297e+00
   7.6827684e+00
   7.6671454e+00
   7.6514605e+00
   7.6357136e+00
   7.6199046e+00
   7.6040334e+00
   7.5881000e+00
   7.5721041e+00
   7.5560458e+00
   7.5399249e+00
   7.5237413e+00
   7.5074949e+00
   7.4911856e+00
   7.4748133e+00
   7.4583779e+00
   7.4418793e+00
   7.4253175e+00
   7.4086922e+00
   7.3920034e+00
   7.3752511e+00
   7.3584350e+00
   7.3415552e+00
   7.3246115e+00
   7.3076037e+00
   7.2905319e+00
   7.2733959e+00
   7.2561956e+00
   7.2389310e+00
   7.2216018e+00
   7.2042081e+00
   7.1867497e+00
   7.1692266e+00
   7.1516385e+00
   7.1339855e+00
   7.1162675e+00
   7.0984843e+00
   7.0806359e+00
   7.0627222e+00
   7.0447430e+00
   7.0266984e+00
   7.0085881e+00
   6.9904122e+00
   6.9721705e+00
   6.9538629e+00
   6.9354894e+00
   6.9170499e+00
   6.8985443e+00
   6.8799725e+00
   6.8613344e+00
   6.8426300e+00
   6.8238591e+00
   6.8050218e+00
   6.7861179e+00
   6.7671474e+00
   6.7481101e+00
   6.7290061e+00
   6.7098352e+00
   6.6905975e+00
   6.6712927e+00
   6.6519210e+00
   6.6324821e+00
   6.6129761e+00
   6.5934029e+00
   6.5737625e+00
   6.5540548e+00
   6.5342797e+00
   6.5144373e+00
   6.4945274e+00
   6.4745501e+00
   6.4545053e+00
   6.4343930e+00
   6.4142132e+00
   6.3939657e+00
   6.3736507e+00
   6.3532681e+00
   6.3328179e+00
   6.3123001e+00
   6.2917146e+00
   6.2710615e+00
   6.2503408e+00
   6.2295525e+00
   6.2086966e+00
   6.1877731e+00
   6.1667821e+00
   6.1457235e+00
   6.1245975e+00
   6.1034040e+00
   6.0821431e+00
   6.0608148e+00
   6.0394193e+00
   6.0179565e+00
   5.9964266e+00
   5.9748296e+00
   5.9531655e+00
   5.9314346e+00
   5.9096368e+00
   5.8877723e+00
   5.8658413e+00
   5.8438437e+00
   5.8217798e+00
   5.7996497e+00
   5.7774535e+00
   5.7551913e+00
   5.7328634e+00
   5.7104699e+00
   5.6880110e+00
   5.6654869e+00
   5.6428978e+00
   5.6202438e+00
   5.5975252e+00
   5.5747423e+00
   5.5518953e+00
   5.5289844e+00
   5.5060098e+00
   5.4829720e+00
   5.4598710e+00
   5.4367074e+00
   5.4134813e+00
   5.3901931e+00
   5.3668431e+00
   5.3434317e+00
   5.3199592e+00
   5.2964261e+00
   5.2728327e+00
   5.2491794e+00
   5.2254666e+00
   5.2016949e+00
   5.1778646e+00
   5.1539762e+00
   5.1300302e+00
   5.1060271e+00
   5.0819674e+00
   5.0578517e+00
   5.0336806e+00
   5.0094545e+00
   4.9851741e+00
   4.9608400e+00
   4.9364529e+00
   4.9120134e+00
   4.8875221e+00
   4.8629797e+00
   4.8383870e+00
   4.8137448e+00
   4.7890536e+00
   4.7643144e+00
   4.7395279e+00
   4.7146950e+00
   4.6898164e+00
   4.6648931e+00
   4.6399260e+00
   4.6149159e+00
   4.5898638e+00
   4.5647707e+00
   4.5396375e+00
   4.5144653e+00
   4.4892551e+00
   4.4640080e+00
   4.4387250e+00
   4.4134073e+00
   4.3880560e+00
   4.3626723e+00
   4.3372574e+00
   4.3118125e+00
   4.2863389e+00
   4.2608378e+00
   4.2353106e+00
   4.2097585e+00
   4.1841830e+00
   4.1585855e+00
   4.1329673e+00
   4.1073299e+00
   4.0816749e+00
   4.0560036e+00
   4.0303177e+00
   4.0046187e+00
   3.9789082e+00
   3.9531879e+00
   3.9274593e+00
   3.9017242e+00
   3.8759843e+00
   3.8502413e+00
   3.8244970e+00
   3.7987532e+00
   3.7730116e+00
   3.7472742e+00
   3.7215429e+00
   3.6958195e+00
   3.6701060e+00
   3.6444043e+00
   3.6187165e+00
   3.5930444e+00
   3.5673903e+00
   3.5417561e+00
   3.5161438e+00
   3.4905557e+00
   3.4649939e+00
   3.4394604e+00
   3.4139576e+00
   3.3884875e+00
   3.3630523e+00
   3.3376544e+00
   3.3122959e+00
   3.2869792e+00
   3.2617065e+00
   3.2364800e+00
   3.2113022e+00
   3.1861753e+00
   3.1611016e+00
   3.1360836e+00
   3.1111235e+00
   3.0862238e+00
   3.0613867e+00
   3.0366147e+00
   3.0119102e+00
   2.9872754e+00
   2.9627129e+00
   2.9382249e+00
   2.9138139e+00
   2.8894821e+00
   2.8652321e+00
   2.8410662e+00
   2.8169866e+00
   2.7929958e+00
   2.7690961e+00
   2.7452899e+00
   2.7215793e+00
   2.6979667e+00
   2.6744545e+00
   2.6510447e+00
   2.6277398e+00
   2.6045418e+00
   2.5814530e+00
   2.5584756e+00
   2.5356116e+00
   2.5128632e+00
   2.4902324e+00
   2.4677214e+00
   2.4453320e+00
   2.4230664e+00
   2.4009264e+00
   2.3789139e+00
   2.3570308e+00
   2.3352790e+00
   2.3136602e+00
   2.2921761e+00
   2.2708285e+00
   2.2496189e+00
   2.2285491e+00
   2.2076205e+00
   2.1868347e+00
   2.1661931e+00
   2.1456972e+00
   2.1253482e+00
   2.1051476e+00
   2.0850965e+00
   2.0651962e+00
   2.0454478e+00
   2.0258523e+00
   2.0064109e+00
   1.9871245e+00
   1.9679940e+00
   1.9490203e+00
   1.9302043e+00
   1.9115466e+00
   1.8930479e+00
   1.8747090e+00
   1.8565304e+00
   1.8385125e+00
   1.8206560e+00
   1.8029611e+00
   1.7854283e+00
   1.7680579e+00
   1.7508500e+00
   1.7338050e+00
   1.7169229e+00
   1.7002038e+00
   1.6836477e+00
   1.6672547e+00
   1.6510246e+00
   1.6349573e+00
   1.6190526e+00
   1.6033103e+00
   1.5877302e+00
   1.5723119e+00
   1.5570549e+00
   1.5419590e+00
   1.5270236e+00
   1.5122483e+00
   1.4976324e+00
   1.4831754e+00
   1.4688766e+00
   1.4547354e+00
   1.4407510e+00
   1.4269227e+00
   1.4132497e+00
   1.3997311e+00
   1.3863662e+00
   1.3731540e+00
   1.3600935e+00
   1.3471839e+00
   1.3344242e+00
   1.3218132e+00
   1.3093501e+00
   1.2970336e+00
   1.2848628e+00
   1.2728365e+00
   1.2609536e+00
   1.2492128e+00
   1.2376131e+00
   1.2261532e+00
   1.2148319e+00
   1.2036480e+00
   1.1926002e+00
   1.1816873e+00
   1.1709080e+00
   1.1602609e+00
   1.1497449e+00
   1.1393585e+00
   1.1291004e+00
   1.1189694e+00
   1.1089641e+00
   1.0990831e+00
   1.0893251e+00
   1.0796888e+00
   1.0701727e+00
   1.0607756e+00
   1.0514960e+00
   1.0423326e+00
   1.0332840e+00
   1.0243489e+00
   1.0155259e+00
   1.0068136e+00
   9.9821072e-01
   9.8971583e-01
   9.8132759e-01
   9.7304466e-01
   9.6486570e-01
   9.5678935e-01
   9.4881429e-01
   9.4093918e-01
   9.3316271e-01
   9.2548355e-01
   9.1790040e-01
   9.1041197e-01
   9.0301695e-01
   8.9571407e-01
   8.8850205e-01
   8.8137963e-01
   8.7434556e-01
   8.6739859e-01
   8.6053748e-01
   8.5376102e-01
   8.4706800e-01
   8.4045721e-01
   8.3392746e-01
   8.2747758e-01
   8.2110639e-01
   8.1481276e-01
   8.0859553e-01
   8.0245357e-01
   7.9638577e-01
   7.9039103e-01
   7.8446824e-01
   7.7861634e-01
   7.7283425e-01
   7.6712092e-01
   7.6147531e-01
   7.5589640e-01
   7.5038316e-01
   7.4493459e-01
   7.3954971e-01
   7.3422754e-01
   7.2896712e-01
   7.2376749e-01
   7.1862771e-01
   7.1354688e-01
   7.0852406e-01
   7.0355837e-01
   6.9864892e-01
   6.9379483e-01
   6.8899524e-01
   6.8424931e-01
   6.7955620e-01
   6.7491509e-01
   6.7032516e-01
   6.6578563e-01
   6.6129570e-01
   6.5685460e-01
   6.5246156e-01
   6.4811584e-01
   6.4381670e-01
   6.3956341e-01
   6.3535526e-01
   6.3119154e-01
   6.2707157e-01
   6.2299465e-01
   6.1896013e-01
   6.1496733e-01
   6.1101563e-01
   6.0710436e-01
   6.0323292e-01
   5.9940068e-01
   5.9560703e-01
   5.9185139e-01
   5.8813317e-01
   5.8445178e-01
   5.8080667e-01
   5.7719728e-01
   5.7362307e-01
   5.7008348e-01
   5.6657801e-01
   5.6310612e-01
   5.5966731e-01
   5.5626108e-01
   5.5288694e-01
   5.4954440e-01
   5.4623299e-01
   5.4295225e-01
   5.3970171e-01
   5.3648092e-01
   5.3328944e-01
   5.3012765e-01
   5.8379983e-01
   6.3577236e-01
   6.8613761e-01
   7.3499206e-01
   7.8242498e-01
   8.2864392e-01
   8.7373774e-01
   9.1778796e-01
   9.6086826e-01
   1.0030456e+00
   1.0443808e+00
   1.0849290e+00
   1.1247403e+00
   1.1638598e+00
   1.2023289e+00
   1.2401860e+00
   1.2774656e+00
   1.3142014e+00
   1.3504257e+00
   1.3861705e+00
   1.4214695e+00
   1.4563570e+00
   1.4908719e+00
   1.5250566e+00
   1.5589602e+00
   1.5926385e+00
   1.6261560e+00
   1.6595857e+00
   1.6930122e+00
   1.7265302e+00
   1.7602458e+00
   1.7942751e+00
   1.8287433e+00
   1.8637789e+00
   1.8995106e+00
   1.9360566e+00
   1.9735093e+00
   2.0119157e+00
   2.0512420e+00
   2.0913284e+00
   2.1318246e+00
   2.1721013e+00
   2.2111968e+00
   2.2479901e+00
   2.2812238e+00
   2.3096166e+00
   2.3321039e+00
   2.3480880e+00
   2.3575827e+00
   2.3611715e+00
   2.3602559e+00
   2.3586029e+00
   2.3566092e+00
   2.3545759e+00
   2.3527141e+00
   2.3510088e+00
   2.3495162e+00
   2.3482555e+00
   2.3472244e+00
   2.3464060e+00
   2.3457775e+00
   2.3453134e+00
   2.3449883e+00
   2.3447796e+00
   2.3446651e+00
   2.3446281e+00
   2.3446522e+00
   2.3447255e+00
   2.3448370e+00
   2.3449783e+00
   2.3451432e+00
   2.3453254e+00
   2.3455211e+00
   2.3457269e+00
   2.3459403e+00
   2.3461588e+00
   2.3463814e+00
   2.3466071e+00
   2.3468339e+00
   2.3470625e+00
   2.3472919e+00
   2.3475232e+00
   2.3477549e+00
   2.3479878e+00
   2.3482213e+00
   2.3484561e+00
   2.3486934e+00
   2.3489316e+00
   2.3491722e+00
   2.3494148e+00
   2.3496595e+00
   2.3499068e+00
   2.3501568e+00
   2.3504096e+00
   2.3506657e+00
   2.3509255e+00
   2.3511893e+00
   2.3514569e+00
   2.3517285e+00
   2.3520044e+00
   2.3522847e+00
   2.3525696e+00
   2.3528594e+00
   2.3531539e+00
   2.3534536e+00
   2.3537585e+00
   2.3540681e+00
   2.3543834e+00
   2.3547039e+00
   2.3550302e+00
   2.3553619e+00
   2.3556995e+00
   2.3560428e+00
   2.3563918e+00
   2.3567465e+00
   2.3571071e+00
   2.3574739e+00
   2.3578469e+00
   2.3582259e+00
   2.3586114e+00
   2.3590025e+00
   2.3594002e+00
   2.3598038e+00
   2.3602138e+00
   2.3606301e+00
   2.3610528e+00
   2.3614819e+00
   2.3619172e+00
   2.3623592e+00
   2.3628076e+00
   2.3632624e+00
   2.3637236e+00
   2.3641913e+00
   2.3646660e+00
   2.3651468e+00
   2.3656346e+00
   2.3661284e+00
   2.3666291e+00
   2.3671371e+00
   2.3676511e+00
   2.3681724e+00
   2.3686995e+00
   2.3692340e+00
   2.3697747e+00
   2.3703220e+00
   2.3708766e+00
   2.3714369e+00
   2.3720042e+00
   2.3725781e+00
   2.3731584e+00
   2.3737460e+00
   2.3743398e+00
   2.3749410e+00
   2.3755482e+00
   2.3761627e+00
   2.3767840e+00
   2.3774117e+00
   2.3780467e+00
   2.3786879e+00
   2.3793360e+00
   2.3799904e+00
   2.3806522e+00
   2.3813203e+00
   2.3819956e+00
   2.3826771e+00
   2.3833662e+00
   2.3840616e+00
   2.3847642e+00
   2.3854732e+00
   2.3861898e+00
   2.3869128e+00
   2.3876428e+00
   2.3883794e+00
   2.3891236e+00
   2.3898740e+00
   2.3906314e+00
   2.3913961e+00
   2.3921672e+00
   2.3929462e+00
   2.3937311e+00
   2.3945235e+00
   2.3953222e+00
   2.3961280e+00
   2.3969413e+00
   2.3977610e+00
   2.3985884e+00
   2.3994219e+00
   2.4002626e+00
   2.4011102e+00
   2.4019648e+00
   2.4028260e+00
   2.4036954e+00
   2.4045708e+00
   2.4054541e+00
   2.4063436e+00
   2.4072410e+00
   2.4081446e+00
   2.4090561e+00
   2.4099738e+00
   2.4108988e+00
   2.4118314e+00
   2.4127703e+00
   2.4137165e+00
   2.4146692e+00
   2.4156299e+00
   2.4165981e+00
   2.4175725e+00
   2.4185545e+00
   2.4195442e+00
   2.4205401e+00
   2.4215435e+00
   2.4225533e+00
   2.4235710e+00
   2.4245956e+00
   2.4256271e+00
   2.4266671e+00
   2.4277136e+00
   2.4287681e+00
   2.4298290e+00
   2.4308978e+00
   2.4319732e+00
   2.4330569e+00
   2.4341472e+00
   2.4352453e+00
   2.4363502e+00
   2.4374631e+00
   2.4385825e+00
   2.4397094e+00
   2.4408440e+00
   2.4419854e+00
   2.4431345e+00
   2.4442903e+00
   2.4454542e+00
   2.4466247e+00
   2.4478035e+00
   2.4489899e+00
   2.4501832e+00
   2.4513843e+00
   2.4525925e+00
   2.4538087e+00
   2.4550319e+00
   2.4562635e+00
   2.4575020e+00
   2.4587491e+00
   2.4600027e+00
   2.4612643e+00
   2.4625331e+00
   2.4638106e+00
   2.4650946e+00
   2.4663866e+00
   2.4676856e+00
   2.4689929e+00
   2.4703075e+00
   2.4716293e+00
   2.4729596e+00
   2.4742969e+00
   2.4756434e+00
   2.4769964e+00
   2.4783575e+00
   2.4797259e+00
   2.4811024e+00
   2.4824870e+00
   2.4838789e+00
   2.4852790e+00
   2.4866865e+00
   2.4881020e+00
   2.4895259e+00
   2.4909568e+00
   2.4923962e+00
   2.4938427e+00
   2.4952977e+00
   2.4967602e+00
   2.4982309e+00
   2.4997095e+00
   2.5011955e+00
   2.5026900e+00
   2.5041925e+00
   2.5057024e+00
   2.5072209e+00
   2.5087474e+00
   2.5102815e+00
   2.5118239e+00
   2.5133745e+00
   2.5149327e+00
   2.5164998e+00
   2.5180743e+00
   2.5196575e+00
   2.5212480e+00
   2.5228475e+00
   2.5244543e+00
   2.5260701e+00
   2.5276932e+00
   2.5293248e+00
   2.5309644e+00
   2.5326119e+00
   2.5342681e+00
   2.5359328e+00
   2.5376052e+00
   2.5392862e+00
   2.5409754e+00
   2.5426722e+00
   2.5443778e+00
   2.5460915e+00
   2.5478131e+00
   2.5495437e+00
   2.5512832e+00
   2.5530303e+00
   2.5547859e+00
   2.5565506e+00
   2.5583227e+00
   2.5601043e+00
   2.5618930e+00
   2.5636904e+00
   2.5654962e+00
   2.5673099e+00
   2.5691328e+00
   2.5709637e+00
   2.5728032e+00
   2.5746506e+00
   2.5765070e+00
   2.5783713e+00
   2.5802447e+00
   2.5821260e+00
   2.5840165e+00
   2.5859149e+00
   2.5878224e+00
   2.5897379e+00
   2.5916625e+00
   2.5935957e+00
   2.5955371e+00
   2.5974875e+00
   2.5994469e+00
   2.6014143e+00
   2.6033905e+00
   2.6053747e+00
   2.6073680e+00
   2.6093699e+00
   2.6113802e+00
   2.6133996e+00
   2.6154282e+00
   2.6174645e+00
   2.6195094e+00
   2.6215633e+00
   2.6236251e+00
   2.6256964e+00
   2.6277767e+00
   2.6298649e+00
   2.6319623e+00
   2.6340677e+00
   2.6361826e+00
   2.6383068e+00
   2.6404389e+00
   2.6425797e+00
   2.6447295e+00
   2.6468874e+00
   2.6490547e+00
   2.6512305e+00
   2.6534144e+00
   2.6556080e+00
   2.6578108e+00
   2.6600215e+00
   2.6622410e+00
   2.6644695e+00
   2.6667076e+00
   2.6689534e+00
   2.6712080e+00
   2.6734718e+00
   2.6757437e+00
   2.6780252e+00
   2.6803153e+00
   2.6826136e+00
   2.6849213e+00
   2.6872375e+00
   2.6895631e+00
   2.6918969e+00
   2.6942398e+00
   2.6965922e+00
   2.6989529e+00
   2.7013222e+00
   2.7037006e+00
   2.7060872e+00
   2.7084832e+00
   2.7108875e+00
   2.7133011e+00
   2.7157233e+00
   2.7181548e+00
   2.7205945e+00
   2.7230434e+00
   2.7255016e+00
   2.7279679e+00
   2.7304431e+00
   2.7329275e+00
   2.7354200e+00
   2.7379218e+00
   2.7404328e+00
   2.7429519e+00
   2.7454800e+00
   2.7480176e+00
   2.7505631e+00
   2.7531177e+00
   2.7556816e+00
   2.7582535e+00
   2.7608344e+00
   2.7634247e+00
   2.7660230e+00
   2.7686306e+00
   2.7712463e+00
   2.7738707e+00
   2.7765044e+00
   2.7791461e+00
   2.7817969e+00
   2.7844566e+00
   2.7871248e+00
   2.7898011e+00
   2.7924872e+00
   2.7951813e+00
   2.7978842e+00
   2.8005961e+00
   2.8033165e+00
   2.8060454e+00
   2.8087834e+00
   2.8115299e+00
   2.8142848e+00
   2.8170488e+00
   2.8198213e+00
   2.8226021e+00
   2.8253919e+00
   2.8281902e+00
   2.8309965e+00
   2.8338124e+00
   2.8366375e+00
   2.8394704e+00
   2.8423118e+00
   2.8451616e+00
   2.8480194e+00
   2.8508866e+00
   2.8537631e+00
   2.8566470e+00
   2.8595398e+00
   2.8624417e+00
   2.8653514e+00
   2.8682702e+00
   2.8711966e+00
   2.8741319e+00
   2.8770753e+00
   2.8800267e+00
   2.8829870e+00
   2.8859557e+00
   2.8889323e+00
   2.8919177e+00
   2.8949114e+00
   2.8979132e+00
   2.9009238e+00
   2.9039426e+00
   2.9069690e+00
   2.9100055e+00
   2.9130490e+00
   2.9161012e+00
   2.9191620e+00
   2.9222305e+00
   2.9253073e+00
   2.9283932e+00
   2.9314861e+00
   2.9345874e+00
   2.9376965e+00
   2.9408146e+00
   2.9439404e+00
   2.9470747e+00
   2.9502174e+00
   2.9533673e+00
   2.9565258e+00
   2.9596921e+00
   2.9628671e+00
   2.9660495e+00
   2.9692401e+00
   2.9724391e+00
   2.9756456e+00
   2.9788602e+00
   2.9820831e+00
   2.9853137e+00
   2.9885522e+00
   2.9917988e+00
   2.9950530e+00
   2.9983156e+00
   3.0015856e+00
   3.0048635e+00
   3.0081494e+00
   3.0114430e+00
   3.0147445e+00
   3.0180540e+00
   3.0213705e+00
   3.0246956e+00
   3.0280279e+00
   3.0313683e+00
   3.0347162e+00
   3.0380717e+00
   3.0414350e+00
   3.0448055e+00
   3.0481848e+00
   3.0515710e+00
   3.0549645e+00
   3.0583655e+00
   3.0617743e+00
   3.0651907e+00
   3.0686144e+00
   3.0720462e+00
   3.0754855e+00
   3.0789317e+00
   3.0823861e+00
   3.0858481e+00
   3.0893166e+00
   3.0927930e+00
   3.0962770e+00
   3.0997677e+00
   3.1032660e+00
   3.1067719e+00
   3.1102847e+00
   3.1138053e+00
   3.1173332e+00
   3.1208678e+00
   3.1244101e+00
   3.1279595e+00
   3.1315156e+00
   3.1350792e+00
   3.1386498e+00
   3.1422277e+00
   3.1458129e+00
   3.1494049e+00
   3.1530038e+00
   3.1566102e+00
   3.1602231e+00
   3.1638431e+00
   3.1674710e+00
   3.1711052e+00
   3.1747466e+00
   3.1783953e+00
   3.1820507e+00
   3.1857128e+00
   3.1893820e+00
   3.1930581e+00
   3.1967409e+00
   3.2004302e+00
   3.2041270e+00
   3.2078302e+00
   3.2115404e+00
   3.2152572e+00
   3.2189808e+00
   3.2227114e+00
   3.2264481e+00
   3.2301919e+00
   3.2339419e+00
   3.2376992e+00
   3.2414628e+00
   3.2452334e+00
   3.2490102e+00
   3.2527939e+00
   3.2565841e+00
   3.2603809e+00
   3.2641839e+00
   3.2679936e+00
   3.2718094e+00
   3.2756322e+00
   3.2794610e+00
   3.2832967e+00
   3.2871385e+00
   3.2909870e+00
   3.2948416e+00
   3.2987029e+00
   3.3025700e+00
   3.3064438e+00
   3.3103238e+00
   3.3142101e+00
   3.3181025e+00
   3.3220014e+00
   3.3259065e+00
   3.3298178e+00
   3.3337352e+00
   3.3376587e+00
   3.3415884e+00
   3.3455242e+00
   3.3494660e+00
   3.3534138e+00
   3.3573674e+00
   3.3613269e+00
   3.3652933e+00
   3.3692660e+00
   3.3732446e+00
   3.3772290e+00
   3.3812191e+00
   3.3852150e+00
   3.3892166e+00
   3.3932240e+00
   3.3972370e+00
   3.4012568e+00
   3.4052826e+00
   3.4093141e+00
   3.4133513e+00
   3.4173940e+00
   3.4214423e+00
   3.4254962e+00
   3.4295557e+00
   3.4336206e+00
   3.4376921e+00
   3.4417694e+00
   3.4458522e+00
   3.4499404e+00
   3.4540341e+00
   3.4581332e+00
   3.4622377e+00
   3.4663476e+00
   3.4704628e+00
   3.4745834e+00
   3.4787101e+00
   3.4828425e+00
   3.4869802e+00
   3.4911232e+00
   3.4952714e+00
   3.4994248e+00
   3.5035834e+00
   3.5077473e+00
   3.5119163e+00
   3.5160911e+00
   3.5202714e+00
   3.5244569e+00
   3.5286474e+00
   3.5328430e+00
   3.5370436e+00
   3.5412493e+00
   3.5454600e+00
   3.5496756e+00
   3.5538969e+00
   3.5581234e+00
   3.5623549e+00
   3.5665909e+00
   3.5708310e+00
   3.5750759e+00
   3.5793258e+00
   3.5835806e+00
   3.5878403e+00
   3.5921049e+00
   3.5963744e+00
   3.6006487e+00
   3.6049279e+00
   3.6092118e+00
   3.6135005e+00
   3.6177940e+00
   3.6220922e+00
   3.6263952e+00
   3.6307028e+00
   3.6350151e+00
   3.6393320e+00
   3.6436535e+00
   3.6479796e+00
   3.6523103e+00
   3.6566456e+00
   3.6609854e+00
   3.6653297e+00
   3.6696784e+00
   3.6740316e+00
   3.6783893e+00
   3.6827513e+00
   3.6871178e+00
   3.6914886e+00
   3.6958637e+00
   3.7002432e+00
   3.7046269e+00
   3.7090149e+00
   3.7134072e+00
   3.7178036e+00
   3.7222043e+00
   3.7266091e+00
   3.7310181e+00
   3.7354312e+00
   3.7398484e+00
   3.7442696e+00
   3.7486949e+00
   3.7531242e+00
   3.7575575e+00
   3.7619948e+00
   3.7664360e+00
   3.7708812e+00
   3.7753302e+00
   3.7797831e+00
   3.7842399e+00
   3.7887005e+00
   3.7931648e+00
   3.7976330e+00
   3.8021049e+00
   3.8065805e+00
   3.8110597e+00
   3.8155427e+00
   3.8200293e+00
   3.8245195e+00
   3.8290133e+00
   3.8335106e+00
   3.8380115e+00
   3.8425159e+00
   3.8470238e+00
   3.8515351e+00
   3.8560498e+00
   3.8605680e+00
   3.8650895e+00
   3.8696144e+00
   3.8741426e+00
   3.8786741e+00
   3.8832088e+00
   3.8877468e+00
   3.8922880e+00
   3.8968324e+00
   3.9013800e+00
   3.9059306e+00
   3.9104844e+00
   3.9150413e+00
   3.9196012e+00
   3.9241641e+00
   3.9287300e+00
   3.9332988e+00
   3.9378706e+00
   3.9424453e+00
   3.9470229e+00
   3.9516033e+00
   3.9561865e+00
   3.9607726e+00
   3.9653613e+00
   3.9699529e+00
   3.9745471e+00
   3.9791440e+00
   3.9837435e+00
   3.9883457e+00
   3.9929504e+00
   3.9975577e+00
   4.0021675e+00
   4.0067799e+00
   4.0113947e+00
   4.0160119e+00
   4.0206315e+00
   4.0252535e+00
   4.0298779e+00
   4.0345046e+00
   4.0391335e+00
   4.0437647e+00
   4.0483982e+00
   4.0530338e+00
   4.0576716e+00
   4.0623116e+00
   4.0669536e+00
   4.0715977e+00
   4.0762439e+00
   4.0808920e+00
   4.0855421e+00
   4.0901942e+00
   4.0948482e+00
   4.0995041e+00
   4.1041618e+00
   4.1088213e+00
   4.1134826e+00
   4.1181457e+00
   4.1228105e+00
   4.1274770e+00
   4.1321451e+00
   4.1368149e+00
   4.1414863e+00
   4.1461592e+00
   4.1508336e+00
   4.1555096e+00
   4.1601869e+00
   4.1648658e+00
   4.1695460e+00
   4.1742275e+00
   4.1789104e+00
   4.1835946e+00
   4.1882800e+00
   4.1929667e+00
   4.1976545e+00
   4.2023435e+00
   4.2070337e+00
   4.2117249e+00
   4.2164171e+00
   4.2211104e+00
   4.2258046e+00
   4.2304998e+00
   4.2351960e+00
   4.2398929e+00
   4.2445908e+00
   4.2492894e+00
   4.2539888e+00
   4.2586889e+00
   4.2633898e+00
   4.2680913e+00
   4.2727934e+00
   4.2774961e+00
   4.2821994e+00
   4.2869031e+00
   4.2916074e+00
   4.2963121e+00
   4.3010172e+00
   4.3057227e+00
   4.3104285e+00
   4.3151346e+00
   4.3198409e+00
   4.3245475e+00
   4.3292543e+00
   4.3339612e+00
   4.3386682e+00
   4.3433752e+00
   4.3480823e+00
   4.3527894e+00
   4.3574965e+00
   4.3622034e+00
   4.3669103e+00
   4.3716169e+00
   4.3763234e+00
   4.3810296e+00
   4.3857356e+00
   4.3904412e+00
   4.3951464e+00
   4.3998513e+00
   4.4045557e+00
   4.4092596e+00
   4.4139631e+00
   4.4186659e+00
   4.4233681e+00
   4.4280697e+00
   4.4327707e+00
   4.4374709e+00
   4.4421703e+00
   4.4468689e+00
   4.4515667e+00
   4.4562635e+00
   4.4609595e+00
   4.4656544e+00
   4.4703484e+00
   4.4750413e+00
   4.4797331e+00
   4.4844237e+00
   4.4891132e+00
   4.4938014e+00
   4.4984883e+00
   4.5031740e+00
   4.5078582e+00
   4.5125411e+00
   4.5172225e+00
   4.5219024e+00
   4.5265808e+00
   4.5312576e+00
   4.5359328e+00
   4.5406063e+00
   4.5452781e+00
   4.5499482e+00
   4.5546164e+00
   4.5592828e+00
   4.5639473e+00
   4.5686098e+00
   4.5732704e+00
   4.5779289e+00
   4.5825854e+00
   4.5872397e+00
   4.5918919e+00
   4.5965418e+00
   4.6011895e+00
   4.6058349e+00
   4.6104779e+00
   4.6151185e+00
   4.6197566e+00
   4.6243922e+00
   4.6290253e+00
   4.6336558e+00
   4.6382837e+00
   4.6429088e+00
   4.6475312e+00
   4.6521508e+00
   4.6567676e+00
   4.6613815e+00
   4.6659924e+00
   4.6706004e+00
   4.6752053e+00
   4.6798071e+00
   4.6844058e+00
   4.6890013e+00
   4.6935935e+00
   4.6981825e+00
   4.7027681e+00
   4.7073503e+00
   4.7119291e+00
   4.7165043e+00
   4.7210761e+00
   4.7256442e+00
   4.7302087e+00
   4.7347694e+00
   4.7393264e+00
   4.7438796e+00
   4.7484290e+00
   4.7529744e+00
   4.7575158e+00
   4.7620533e+00
   4.7665866e+00
   4.7711158e+00
   4.7756409e+00
   4.7801617e+00
   4.7846782e+00
   4.7891903e+00
   4.7936981e+00
   4.7982013e+00
   4.8027001e+00
   4.8071943e+00
   4.8116839e+00
   4.8161688e+00
   4.8206490e+00
   4.8251243e+00
   4.8295948e+00
   4.8340605e+00
   4.8385211e+00
   4.8429767e+00
   4.8474273e+00
   4.8518727e+00
   4.8563129e+00
   4.8607479e+00
   4.8651775e+00
   4.8696018e+00
   4.8740207e+00
   4.8784340e+00
   4.8828419e+00
   4.8872441e+00
   4.8916406e+00
   4.8960315e+00
   4.9004165e+00
   4.9047957e+00
   4.9091690e+00
   4.9135364e+00
   4.9178977e+00
   4.9222529e+00
   4.9266020e+00
   4.9309449e+00
   4.9352815e+00
   4.9396118e+00
   4.9439356e+00
   4.9482531e+00
   4.9525640e+00
   4.9568683e+00
   4.9611660e+00
   4.9654570e+00
   4.9697412e+00
   4.9740186e+00
   4.9782891e+00
   4.9825526e+00
   4.9868091e+00
   4.9910585e+00
   4.9953008e+00
   4.9995358e+00
   5.0037636e+00
   5.0079840e+00
   5.0121970e+00
   5.0164025e+00
   5.0206005e+00
   5.0247909e+00
   5.0289736e+00
   5.0331486e+00
   5.0373157e+00
   5.0414750e+00
   5.0456264e+00
   5.0497697e+00
   5.0539050e+00
   5.0580321e+00
   5.0621510e+00
   5.0662616e+00
   5.0703639e+00
   5.0744578e+00
   5.0785432e+00
   5.0826201e+00
   5.0866883e+00
   5.0907479e+00
   5.0947987e+00
   5.0988406e+00
   5.1028737e+00
   5.1068978e+00
   5.1109129e+00
   5.1149189e+00
   5.1189157e+00
   5.1229032e+00
   5.1268815e+00
   5.1308504e+00
   5.1348098e+00
   5.1387597e+00
   5.1426999e+00
   5.1466306e+00
   5.1505515e+00
   5.1544625e+00
   5.1583637e+00
   5.1622550e+00
   5.1661362e+00
   5.1700073e+00
   5.1738682e+00
   5.1777189e+00
   5.1815593e+00
   5.1853893e+00
   5.1892088e+00
   5.1930178e+00
   5.1968162e+00
   5.2006039e+00
   5.2043809e+00
   5.2081470e+00
   5.2119023e+00
   5.2156465e+00
   5.2193797e+00
   5.2231018e+00
   5.2268127e+00
   5.2305123e+00
   5.2342006e+00
   5.2378775e+00
   5.2415428e+00
   5.2451966e+00
   5.2488387e+00
   5.2524692e+00
   5.2560878e+00
   5.2596946e+00
   5.2632894e+00
   5.2668722e+00
   5.2704429e+00
   5.2740014e+00
   5.2775477e+00
   5.2810816e+00
   5.2846032e+00
   5.2881123e+00
   5.2916088e+00
   5.2950927e+00
   5.2985640e+00
   5.3020224e+00
   5.3054680e+00
   5.3089006e+00
   5.3123203e+00
   5.3157268e+00
   5.3191202e+00
   5.3225004e+00
   5.3258672e+00
   5.3292207e+00
   5.3325607e+00
   5.3358872e+00
   5.3392000e+00
   5.3424992e+00
   5.3457846e+00
   5.3490561e+00
   5.3523137e+00
   5.3555573e+00
   5.3587868e+00
   5.3620022e+00
   5.3652033e+00
   5.3683902e+00
   5.3715626e+00
   5.3747206e+00
   5.3778641e+00
   5.3809929e+00
   5.3841071e+00
   5.3872064e+00
   5.3902910e+00
   5.3933606e+00
   5.3964152e+00
   5.3994548e+00
   5.4024792e+00
   5.4054884e+00
   5.4084822e+00
   5.4114607e+00
   5.4144238e+00
   5.4173713e+00
   5.4203032e+00
   5.4232195e+00
   5.4261199e+00
   5.4290046e+00
   5.4318733e+00
   5.4347261e+00
   5.4375627e+00
   5.4403833e+00
   5.4431877e+00
   5.4459757e+00
   5.4487474e+00
   5.4515027e+00
   5.4542414e+00
   5.4569636e+00
   5.4596691e+00
   5.4623579e+00
   5.4650299e+00
   5.4676850e+00
   5.4703232e+00
   5.4729443e+00
   5.4755483e+00
   5.4781351e+00
   5.4807047e+00
   5.4832570e+00
   5.4857919e+00
   5.4883093e+00
   5.4908091e+00
   5.4932914e+00
   5.4957560e+00
   5.4982028e+00
   5.5006318e+00
   5.5030429e+00
   5.5054360e+00
   5.5078111e+00
   5.5101680e+00
   5.5125068e+00
   5.5148274e+00
   5.5171296e+00
   5.5194134e+00
   5.5216787e+00
   5.5239255e+00
   5.5261537e+00
   5.5283633e+00
   5.5305541e+00
   5.5327261e+00
   5.5348792e+00
   5.5370134e+00
   5.5391285e+00
   5.5412246e+00
   5.5433015e+00
   5.5453592e+00
   5.5473977e+00
   5.5494168e+00
   5.5514164e+00
   5.5533966e+00
   5.5553573e+00
   5.5572983e+00
   5.5592197e+00
   5.5611213e+00
   5.5630031e+00
   5.5648651e+00
   5.5667071e+00
   5.5685292e+00
   5.5703312e+00
   5.5721130e+00
   5.5738747e+00
   5.5756161e+00
   5.5773373e+00
   5.5790381e+00
   5.5807184e+00
   5.5823783e+00
   5.5840176e+00
   5.5856363e+00
   5.5872343e+00
   5.5888116e+00
   5.5903682e+00
   5.5919039e+00
   5.5934187e+00
   5.5949125e+00
   5.5963853e+00
   5.5978371e+00
   5.5992677e+00
   5.6006771e+00
   5.6020653e+00
   5.6034322e+00
   5.6047778e+00
   5.6061020e+00
   5.6074047e+00
   5.6086858e+00
   5.6099455e+00
   5.6111835e+00
   5.6123998e+00
   5.6135944e+00
   5.6147673e+00
   5.6159183e+00
   5.6170474e+00
   5.6181546e+00
   5.6192399e+00
   5.6203031e+00
   5.6213442e+00
   5.6223632e+00
   5.6233601e+00
   5.6243347e+00
   5.6252870e+00
   5.6262171e+00
   5.6271248e+00
   5.6280100e+00
   5.6288728e+00
   5.6297132e+00
   5.6305309e+00
   5.6313261e+00
   5.6320987e+00
   5.6328485e+00
   5.6335757e+00
   5.6342801e+00
   5.6349617e+00
   5.6356204e+00
   5.6362562e+00
   5.6368692e+00
   5.6374591e+00
   5.6380260e+00
   5.6385699e+00
   5.6390907e+00
   5.6395883e+00
   5.6400628e+00
   5.6405141e+00
   5.6409421e+00
   5.6413468e+00
   5.6417282e+00
   5.6420863e+00
   5.6424209e+00
   5.6427322e+00
   5.6430199e+00
   5.6432842e+00
   5.6435249e+00
   5.6437420e+00
   5.6439355e+00
   5.6441054e+00
   5.6442516e+00
   5.6443741e+00
   5.6444729e+00
   5.6445479e+00
   5.6445990e+00
   5.6446264e+00
   5.6446298e+00
   5.6446094e+00
   5.6445650e+00
   5.6444967e+00
   5.6444044e+00
   5.6442880e+00
   5.6441476e+00
   5.6439831e+00
   5.6437945e+00
   5.6435818e+00
   5.6433448e+00
   5.6430837e+00
   5.6427984e+00
   5.6424888e+00
   5.6421549e+00
   5.6417967e+00
   5.6414142e+00
   5.6410073e+00
   5.6405760e+00
   5.6401203e+00
   5.6396402e+00
   5.6391356e+00
   5.6386065e+00
   5.6380529e+00
   5.6374747e+00
   5.6368720e+00
   5.6362447e+00
   5.6355927e+00
   5.6349161e+00
   5.6342149e+00
   5.6334889e+00
   5.6327383e+00
   5.6319628e+00
   5.6311627e+00
   5.6303377e+00
   5.6294879e+00
   5.6286133e+00
   5.6277138e+00
   5.6267894e+00
   5.6258401e+00
   5.6248659e+00
   5.6238667e+00
   5.6228425e+00
   5.6217933e+00
   5.6207191e+00
   5.6196199e+00
   5.6184955e+00
   5.6173461e+00
   5.6161715e+00
   5.6149718e+00
   5.6137469e+00
   5.6124969e+00
   5.6112216e+00
   5.6099210e+00
   5.6085952e+00
   5.6072441e+00
   5.6058677e+00
   5.6044659e+00
   5.6030388e+00
   5.6015862e+00
   5.6001083e+00
   5.5986049e+00
   5.5970760e+00
   5.5955217e+00
   5.5939418e+00
   5.5923364e+00
   5.5907054e+00
   5.5890488e+00
   5.5873666e+00
   5.5856587e+00
   5.5839252e+00
   5.5821660e+00
   5.5803810e+00
   5.5785702e+00
   5.5767337e+00
   5.5748713e+00
   5.5729831e+00
   5.5710691e+00
   5.5691291e+00
   5.5671632e+00
   5.5651713e+00
   5.5631534e+00
   5.5611095e+00
   5.5590395e+00
   5.5569435e+00
   5.5548213e+00
   5.5526729e+00
   5.5504984e+00
   5.5482977e+00
   5.5460707e+00
   5.5438174e+00
   5.5415378e+00
   5.5392319e+00
   5.5368995e+00
   5.5345407e+00
   5.5321555e+00
   5.5297438e+00
   5.5273055e+00
   5.5248407e+00
   5.5223492e+00
   5.5198311e+00
   5.5172864e+00
   5.5147149e+00
   5.5121166e+00
   5.5094916e+00
   5.5068397e+00
   5.5041609e+00
   5.5014552e+00
   5.4987225e+00
   5.4959628e+00
   5.4931761e+00
   5.4903623e+00
   5.4875213e+00
   5.4846532e+00
   5.4817579e+00
   5.4788353e+00
   5.4758854e+00
   5.4729081e+00
   5.4699034e+00
   5.4668713e+00
   5.4638117e+00
   5.4607246e+00
   5.4576098e+00
   5.4544675e+00
   5.4512975e+00
   5.4480997e+00
   5.4448741e+00
   5.4416208e+00
   5.4383395e+00
   5.4350304e+00
   5.4316932e+00
   5.4283281e+00
   5.4249348e+00
   5.4215135e+00
   5.4180639e+00
   5.4145862e+00
   5.4110801e+00
   5.4075457e+00
   5.4039830e+00
   5.4003918e+00
   5.3967721e+00
   5.3931239e+00
   5.3894470e+00
   5.3857416e+00
   5.3820074e+00
   5.3782444e+00
   5.3744527e+00
   5.3706321e+00
   5.3667825e+00
   5.3629040e+00
   5.3589965e+00
   5.3550598e+00
   5.3510941e+00
   5.3470991e+00
   5.3430749e+00
   5.3390213e+00
   5.3349385e+00
   5.3308261e+00
   5.3266844e+00
   5.3225130e+00
   5.3183121e+00
   5.3140816e+00
   5.3098213e+00
   5.3055313e+00
   5.3012115e+00
   5.2968618e+00
   5.2924822e+00
   5.2880726e+00
   5.2836329e+00
   5.2791632e+00
   5.2746633e+00
   5.2701332e+00
   5.2655728e+00
   5.2609821e+00
   5.2563611e+00
   5.2517096e+00
   5.2470276e+00
   5.2423151e+00
   5.2375719e+00
   5.2327982e+00
   5.2279937e+00
   5.2231584e+00
   5.2182923e+00
   5.2133953e+00
   5.2084674e+00
   5.2035085e+00
   5.1985185e+00
   5.1934975e+00
   5.1884453e+00
   5.1833619e+00
   5.1782472e+00
   5.1731012e+00
   5.1679238e+00
   5.1627150e+00
   5.1574747e+00
   5.1522029e+00
   5.1468994e+00
   5.1415644e+00
   5.1361976e+00
   5.1307991e+00
   5.1253688e+00
   5.1199066e+00
   5.1144125e+00
   5.1088865e+00
   5.1033284e+00
   5.0977383e+00
   5.0921160e+00
   5.0864616e+00
   5.0807749e+00
   5.0750560e+00
   5.0693048e+00
   5.0635211e+00
   5.0577051e+00
   5.0518565e+00
   5.0459754e+00
   5.0400618e+00
   5.0341155e+00
   5.0281365e+00
   5.0221248e+00
   5.0160803e+00
   5.0100030e+00
   5.0038928e+00
   4.9977496e+00
   4.9915735e+00
   4.9853643e+00
   4.9791220e+00
   4.9728466e+00
   4.9665381e+00
   4.9601962e+00
   4.9538212e+00
   4.9474127e+00
   4.9409709e+00
   4.9344957e+00
   4.9279870e+00
   4.9214448e+00
   4.9148689e+00
   4.9082595e+00
   4.9016164e+00
   4.8949396e+00
   4.8882290e+00
   4.8814845e+00
   4.8747062e+00
   4.8678940e+00
   4.8610479e+00
   4.8541677e+00
   4.8472534e+00
   4.8403051e+00
   4.8333226e+00
   4.8263059e+00
   4.8192549e+00
   4.8121696e+00
   4.8050500e+00
   4.7978959e+00
   4.7907074e+00
   4.7834844e+00
   4.7762269e+00
   4.7689348e+00
   4.7616080e+00
   4.7542465e+00
   4.7468503e+00
   4.7394192e+00
   4.7319534e+00
   4.7244526e+00
   4.7169169e+00
   4.7093462e+00
   4.7017405e+00
   4.6940997e+00
   4.6864237e+00
   4.6787125e+00
   4.6709661e+00
   4.6631844e+00
   4.6553674e+00
   4.6475150e+00
   4.6396271e+00
   4.6317037e+00
   4.6237448e+00
   4.6157503e+00
   4.6077201e+00
   4.5996542e+00
   4.5915526e+00
   4.5834152e+00
   4.5752419e+00
   4.5670327e+00
   4.5587876e+00
   4.5505064e+00
   4.5421891e+00
   4.5338358e+00
   4.5254463e+00
   4.5170205e+00
   4.5085585e+00
   4.5000601e+00
   4.4915253e+00
   4.4829541e+00
   4.4743464e+00
   4.4657022e+00
   4.4570213e+00
   4.4483038e+00
   4.4395496e+00
   4.4307586e+00
   4.4219308e+00
   4.4130661e+00
   4.4041645e+00
   4.3952259e+00
   4.3862503e+00
   4.3772375e+00
   4.3681876e+00
   4.3591005e+00
   4.3499761e+00
   4.3408144e+00
   4.3316153e+00
   4.3223788e+00
   4.3131047e+00
   4.3037932e+00
   4.2944440e+00
   4.2850571e+00
   4.2756326e+00
   4.2661702e+00
   4.2566701e+00
   4.2471320e+00
   4.2375560e+00
   4.2279420e+00
   4.2182899e+00
   4.2085997e+00
   4.1988714e+00
   4.1891048e+00
   4.1792999e+00
   4.1694567e+00
   4.1595751e+00
   4.1496550e+00
   4.1396964e+00
   4.1296993e+00
   4.1196635e+00
   4.1095890e+00
   4.0994759e+00
   4.0893239e+00
   4.0791331e+00
   4.0689034e+00
   4.0586348e+00
   4.0483271e+00
   4.0379804e+00
   4.0275946e+00
   4.0171696e+00
   4.0067054e+00
   3.9962020e+00
   3.9856592e+00
   3.9750771e+00
   3.9644556e+00
   3.9537946e+00
   3.9430940e+00
   3.9323540e+00
   3.9215743e+00
   3.9107550e+00
   3.8998959e+00
   3.8889972e+00
   3.8780586e+00
   3.8670803e+00
   3.8560620e+00
   3.8450039e+00
   3.8339058e+00
   3.8227677e+00
   3.8115896e+00
   3.8003715e+00
   3.7891132e+00
   3.7778149e+00
   3.7664763e+00
   3.7550976e+00
   3.7436787e+00
   3.7322195e+00
   3.7207201e+00
   3.7091803e+00
   3.6976003e+00
   3.6859799e+00
   3.6743192e+00
   3.6626181e+00
   3.6508766e+00
   3.6390947e+00
   3.6272724e+00
   3.6154098e+00
   3.6035066e+00
   3.5915631e+00
   3.5795792e+00
   3.5675548e+00
   3.5554900e+00
   3.5433848e+00
   3.5312392e+00
   3.5190533e+00
   3.5068270e+00
   3.4945603e+00
   3.4822533e+00
   3.4699060e+00
   3.4575185e+00
   3.4450907e+00
   3.4326228e+00
   3.4201147e+00
   3.4075665e+00
   3.3949782e+00
   3.3823499e+00
   3.3696817e+00
   3.3569736e+00
   3.3442257e+00
   3.3314381e+00
   3.3186108e+00
   3.3057439e+00
   3.2928375e+00
   3.2798917e+00
   3.2669067e+00
   3.2538824e+00
   3.2408190e+00
   3.2277166e+00
   3.2145754e+00
   3.2013954e+00
   3.1881769e+00
   3.1749199e+00
   3.1616246e+00
   3.1482911e+00
   3.1349197e+00
   3.1215104e+00
   3.1080634e+00
   3.0945790e+00
   3.0810573e+00
   3.0674986e+00
   3.0539029e+00
   3.0402707e+00
   3.0266019e+00
   3.0128970e+00
   2.9991562e+00
   2.9853796e+00
   2.9715676e+00
   2.9577204e+00
   2.9438383e+00
   2.9299216e+00
   2.9159706e+00
   2.9019856e+00
   2.8879669e+00
   2.8739149e+00
   2.8598300e+00
   2.8457123e+00
   2.8315624e+00
   2.8173806e+00
   2.8031673e+00
   2.7889229e+00
   2.7746479e+00
   2.7603425e+00
   2.7460074e+00
   2.7316429e+00
   2.7172495e+00
   2.7028277e+00
   2.6883779e+00
   2.6739008e+00
   2.6593968e+00
   2.6448664e+00
   2.6303103e+00
   2.6157289e+00
   2.6011229e+00
   2.5864928e+00
   2.5718394e+00
   2.5571631e+00
   2.5424647e+00
   2.5277448e+00
   2.5130040e+00
   2.4982432e+00
   2.4834630e+00
   2.4686640e+00
   2.4538472e+00
   2.4390132e+00
   2.4241628e+00
   2.4092968e+00
   2.3944161e+00
   2.3795214e+00
   2.3646136e+00
   2.3496936e+00
   2.3347622e+00
   2.3198204e+00
   2.3048691e+00
   2.2899092e+00
   2.2749417e+00
   2.2599676e+00
   2.2449878e+00
   2.2300034e+00
   2.2150153e+00
   2.2000247e+00
   2.1850326e+00
   2.1700401e+00
   2.1550483e+00
   2.1400582e+00
   2.1250711e+00
   2.1100881e+00
   2.0951103e+00
   2.0801389e+00
   2.0651752e+00
   2.0502203e+00
   2.0352755e+00
   2.0203421e+00
   2.0054212e+00
   1.9905141e+00
   1.9756223e+00
   1.9607468e+00
   1.9458891e+00
   1.9310506e+00
   1.9162324e+00
   1.9014361e+00
   1.8866629e+00
   1.8719142e+00
   1.8571914e+00
   1.8424959e+00
   1.8278291e+00
   1.8131925e+00
   1.7985873e+00
   1.7840151e+00
   1.7694773e+00
   1.7549753e+00
   1.7405105e+00
   1.7260844e+00
   1.7116984e+00
   1.6973540e+00
   1.6830526e+00
   1.6687957e+00
   1.6545846e+00
   1.6404209e+00
   1.6263059e+00
   1.6122412e+00
   1.5982281e+00
   1.5842680e+00
   1.5703624e+00
   1.5565127e+00
   1.5427202e+00
   1.5289864e+00
   1.5153126e+00
   1.5017002e+00
   1.4881506e+00
   1.4746650e+00
   1.4612448e+00
   1.4478913e+00
   1.4346058e+00
   1.4213896e+00
   1.4082439e+00
   1.3951699e+00
   1.3821688e+00
   1.3692419e+00
   1.3563903e+00
   1.3436151e+00
   1.3309175e+00
   1.3182985e+00
   1.3057592e+00
   1.2933007e+00
   1.2809239e+00
   1.2686299e+00
   1.2564195e+00
   1.2442938e+00
   1.2322536e+00
   1.2202997e+00
   1.2084330e+00
   1.1966544e+00
   1.1849645e+00
   1.1733641e+00
   1.1618539e+00
   1.1504345e+00
   1.1391067e+00
   1.1278709e+00
   1.1167278e+00
   1.1056779e+00
   1.0947216e+00
   1.0838595e+00
   1.0730919e+00
   1.0624193e+00
   1.0518420e+00
   1.0413603e+00
   1.0309746e+00
   1.0206849e+00
   1.0104917e+00
   1.0003950e+00
   9.9039495e-01
   9.8049173e-01
   9.7068541e-01
   9.6097601e-01
   9.5136356e-01
   9.4184803e-01
   9.3242936e-01
   9.2310749e-01
   9.1388228e-01
   9.0475359e-01
   8.9572125e-01
   8.8678506e-01
   8.7794477e-01
   8.6920013e-01
   8.6055084e-01
   8.5199659e-01
   8.4353702e-01
   8.3517179e-01
   8.2690047e-01
   8.1872267e-01
   8.1063793e-01
   8.0264579e-01
   7.9474575e-01
   7.8693732e-01
   7.7921996e-01
   7.7159312e-01
   7.6405623e-01
   7.5660870e-01
   7.4924992e-01
   7.4197928e-01
   7.3479612e-01
   7.2769981e-01
   7.2068966e-01
   7.1376500e-01
   7.0692512e-01
   7.0016931e-01
   6.9349686e-01
   6.8690704e-01
   6.8039909e-01
   6.7397226e-01
   6.6762580e-01
   6.6135893e-01
   6.5517087e-01
   6.4906084e-01
   6.4302805e-01
   6.3707169e-01
   6.3119097e-01
   6.2538507e-01
   6.1965318e-01
   6.1399450e-01
   6.0840819e-01
   6.0289344e-01
   5.9744942e-01
   5.9207532e-01
   5.8677029e-01
   5.8153353e-01
   5.7636420e-01
   5.7126148e-01
   5.6622454e-01
   5.6125256e-01
   5.5634472e-01
   5.5150020e-01
   5.4671818e-01
   5.4199785e-01
   5.3733839e-01
   5.3273901e-01
   5.2819889e-01
   5.2371724e-01
   5.1929325e-01
   5.1492615e-01
   5.1061515e-01
   5.0635946e-01
   5.0215831e-01
   4.9801093e-01
   4.9391656e-01
   4.8987444e-01
   4.8588382e-01
   4.8194396e-01
   4.7805411e-01
   4.7421356e-01
   4.7042156e-01
