   1.5659735e+00
   1.5643930e+00
   1.5628141e+00
   1.5612369e+00
   1.5596613e+00
   1.5580873e+00
   1.5565150e+00
   1.5549443e+00
   1.5533753e+00
   1.5518078e+00
   1.5502420e+00
   1.5486778e+00
   1.5471152e+00
   1.5455543e+00
   1.5439949e+00
   1.5424372e+00
   1.5408811e+00
   1.5393266e+00
   1.5377737e+00
   1.5362224e+00
   1.5346727e+00
   1.5331246e+00
   1.5315782e+00
   1.5300333e+00
   1.5284900e+00
   1.5269483e+00
   1.5254083e+00
   1.5238698e+00
   1.5223329e+00
   1.5207976e+00
   1.5192639e+00
   1.5177317e+00
   1.5162012e+00
   1.5146722e+00
   1.5131449e+00
   1.5116191e+00
   1.5100948e+00
   1.5085722e+00
   1.5070511e+00
   1.5055316e+00
   1.5040137e+00
   1.5024973e+00
   1.5009826e+00
   1.4994693e+00
   1.4979577e+00
   1.4964476e+00
   1.4949391e+00
   1.4934321e+00
   1.4919267e+00
   1.4904228e+00
   1.4889205e+00
   1.4874197e+00
   1.4859205e+00
   1.4844229e+00
   1.4829268e+00
   1.4814322e+00
   1.4799392e+00
   1.4784477e+00
   1.4769578e+00
   1.4754694e+00
   1.4739825e+00
   1.4724972e+00
   1.4710134e+00
   1.4695312e+00
   1.4680504e+00
   1.4665712e+00
   1.4650936e+00
   1.4636174e+00
   1.4621428e+00
   1.4606697e+00
   1.4591981e+00
   1.4577281e+00
   1.4562595e+00
   1.4547925e+00
   1.4533270e+00
   1.4518630e+00
   1.4504005e+00
   1.4489395e+00
   1.4474801e+00
   1.4460221e+00
   1.4445656e+00
   1.4431107e+00
   1.4416572e+00
   1.4402053e+00
   1.4387548e+00
   1.4373058e+00
   1.4358584e+00
   1.4344124e+00
   1.4329679e+00
   1.4315249e+00
   1.4300834e+00
   1.4286434e+00
   1.4272048e+00
   1.4257678e+00
   1.4243322e+00
   1.4228981e+00
   1.4214655e+00
   1.4200343e+00
   1.4186047e+00
   1.4171765e+00
   1.4157498e+00
   1.4143245e+00
   1.4129007e+00
   1.4114784e+00
   1.4100576e+00
   1.4086382e+00
   1.4072203e+00
   1.4058038e+00
   1.4043888e+00
   1.4029753e+00
   1.4015632e+00
   1.4001525e+00
   1.3987434e+00
   1.3973356e+00
   1.3959293e+00
   1.3945245e+00
   1.3931211e+00
   1.3917192e+00
   1.3903187e+00
   1.3889196e+00
   1.3875220e+00
   1.3861258e+00
   1.3847311e+00
   1.3833378e+00
   1.3819459e+00
   1.3805555e+00
   1.3791665e+00
   1.3777789e+00
   1.3763928e+00
   1.3750080e+00
   1.3736247e+00
   1.3722429e+00
   1.3708624e+00
   1.3694834e+00
   1.3681058e+00
   1.3667296e+00
   1.3653548e+00
   1.3639814e+00
   1.3626095e+00
   1.3612389e+00
   1.3598698e+00
   1.3585021e+00
   1.3571357e+00
   1.3557708e+00
   1.3544073e+00
   1.3530452e+00
   1.3516845e+00
   1.3503252e+00
   1.3489673e+00
   1.3476107e+00
   1.3462556e+00
   1.3449019e+00
   1.3435495e+00
   1.3421986e+00
   1.3408490e+00
   1.3395009e+00
   1.3381541e+00
   1.3368087e+00
   1.3354646e+00
   1.3341220e+00
   1.3327807e+00
   1.3314409e+00
   1.3301023e+00
   1.3287652e+00
   1.3274295e+00
   1.3260951e+00
   1.3247621e+00
   1.3234304e+00
   1.3221001e+00
   1.3207712e+00
   1.3194437e+00
   1.3181175e+00
   1.3167926e+00
   1.3154692e+00
   1.3141471e+00
   1.3128263e+00
   1.3115069e+00
   1.3101889e+00
   1.3088722e+00
   1.3075569e+00
   1.3062429e+00
   1.3049303e+00
   1.3036190e+00
   1.3023090e+00
   1.3010004e+00
   1.2996932e+00
   1.2983873e+00
   1.2970827e+00
   1.2957794e+00
   1.2944775e+00
   1.2931770e+00
   1.2918778e+00
   1.2905799e+00
   1.2892833e+00
   1.2879881e+00
   1.2866942e+00
   1.2854016e+00
   1.2841103e+00
   1.2828204e+00
   1.2815318e+00
   1.2802445e+00
   1.2789585e+00
   1.2776739e+00
   1.2763906e+00
   1.2751085e+00
   1.2738278e+00
   1.2725485e+00
   1.2712704e+00
   1.2699936e+00
   1.2687182e+00
   1.2674440e+00
   1.2661712e+00
   1.2648996e+00
   1.2636294e+00
   1.2623604e+00
   1.2610928e+00
   1.2598265e+00
   1.2585614e+00
   1.2572977e+00
   1.2560353e+00
   1.2547741e+00
   1.2535142e+00
   1.2522557e+00
   1.2509984e+00
   1.2497424e+00
   1.2484877e+00
   1.2472343e+00
   1.2459821e+00
   1.2447313e+00
   1.2434817e+00
   1.2422334e+00
   1.2409864e+00
   1.2397406e+00
   1.2384962e+00
   1.2372530e+00
   1.2360111e+00
   1.2347704e+00
   1.2335310e+00
   1.2322929e+00
   1.2310561e+00
   1.2298205e+00
   1.2285862e+00
   1.2273532e+00
   1.2261214e+00
   1.2248908e+00
   1.2236616e+00
   1.2224336e+00
   1.2212068e+00
   1.2199813e+00
   1.2187571e+00
   1.2175341e+00
   1.2163124e+00
   1.2150919e+00
   1.2138726e+00
   1.2126546e+00
   1.2114379e+00
   1.2102224e+00
   1.2090081e+00
   1.2077951e+00
   1.2065833e+00
   1.2053728e+00
   1.2041635e+00
   1.2029555e+00
   1.2017486e+00
   1.2005430e+00
   1.1993387e+00
   1.1981355e+00
   1.1969336e+00
   1.1957330e+00
   1.1945335e+00
   1.1933353e+00
   1.1921383e+00
   1.1909426e+00
   1.1897480e+00
   1.1885547e+00
   1.1873626e+00
   1.1861717e+00
   1.1849820e+00
   1.1837936e+00
   1.1826063e+00
   1.1814203e+00
   1.1802355e+00
   1.1790519e+00
   1.1778695e+00
   1.1766883e+00
   1.1755083e+00
   1.1743296e+00
   1.1731520e+00
   1.1719756e+00
   1.1708005e+00
   1.1696265e+00
   1.1684537e+00
   1.1672822e+00
   1.1661118e+00
   1.1649426e+00
   1.1637746e+00
   1.1626079e+00
   1.1614423e+00
   1.1602778e+00
   1.1591146e+00
   1.1579526e+00
   1.1567918e+00
   1.1556321e+00
   1.1544736e+00
   1.1533163e+00
   1.1521602e+00
   1.1510053e+00
   1.1498515e+00
   1.1486990e+00
   1.1475476e+00
   1.1463973e+00
   1.1452483e+00
   1.1441004e+00
   1.1429537e+00
   1.1418082e+00
   1.1406638e+00
   1.1395206e+00
   1.1383786e+00
   1.1372377e+00
   1.1360980e+00
   1.1349595e+00
   1.1338221e+00
   1.1326859e+00
   1.1315508e+00
   1.1304169e+00
   1.1292842e+00
   1.1281526e+00
   1.1270221e+00
   1.1258929e+00
   1.1247647e+00
   1.1236377e+00
   1.1225119e+00
   1.1213872e+00
   1.1202637e+00
   1.1191413e+00
   1.1180201e+00
   1.1169000e+00
   1.1157810e+00
   1.1146632e+00
   1.1135465e+00
   1.1124310e+00
   1.1113166e+00
   1.1102033e+00
   1.1090912e+00
   1.1079802e+00
   1.1068703e+00
   1.1057615e+00
   1.1046539e+00
   1.1035475e+00
   1.1024421e+00
   1.1013379e+00
   1.1002348e+00
   1.0991328e+00
   1.0980320e+00
   1.0969322e+00
   1.0958336e+00
   1.0947361e+00
   1.0936398e+00
   1.0925445e+00
   1.0914504e+00
   1.0903574e+00
   1.0892654e+00
   1.0881746e+00
   1.0870850e+00
   1.0859964e+00
   1.0849089e+00
   1.0838225e+00
   1.0827373e+00
   1.0816531e+00
   1.0805701e+00
   1.0794882e+00
   1.0784073e+00
   1.0773276e+00
   1.0762489e+00
   1.0751714e+00
   1.0740949e+00
   1.0730196e+00
   1.0719453e+00
   1.0708722e+00
   1.0698001e+00
   1.0687291e+00
   1.0676592e+00
   1.0665904e+00
   1.0655227e+00
   1.0644561e+00
   1.0633906e+00
   1.0623261e+00
   1.0612627e+00
   1.0602005e+00
   1.0591392e+00
   1.0580791e+00
   1.0570201e+00
   1.0559621e+00
   1.0549052e+00
   1.0538494e+00
   1.0527946e+00
   1.0517410e+00
   1.0506884e+00
   1.0496368e+00
   1.0485864e+00
   1.0475370e+00
   1.0464887e+00
   1.0454414e+00
   1.0443952e+00
   1.0433501e+00
   1.0423060e+00
   1.0412630e+00
   1.0402211e+00
   1.0391802e+00
   1.0381404e+00
   1.0371016e+00
   1.0360639e+00
   1.0350272e+00
   1.0339916e+00
   1.0329571e+00
   1.0319236e+00
   1.0308911e+00
   1.0298597e+00
   1.0288294e+00
   1.0278001e+00
   1.0267718e+00
   1.0257446e+00
   1.0247185e+00
   1.0236934e+00
   1.0226693e+00
   1.0216462e+00
   1.0206242e+00
   1.0196033e+00
   1.0185834e+00
   1.0175645e+00
   1.0165466e+00
   1.0155298e+00
   1.0145140e+00
   1.0134993e+00
   1.0124855e+00
   1.0114729e+00
   1.0104612e+00
   1.0094506e+00
   1.0084410e+00
   1.0074324e+00
   1.0064248e+00
   1.0054183e+00
   1.0044128e+00
   1.0034083e+00
   1.0024048e+00
   1.0014024e+00
   1.0004009e+00
   9.9940053e-01
   9.9840113e-01
   9.9740275e-01
   9.9640538e-01
   9.9540903e-01
   9.9441368e-01
   9.9341935e-01
   9.9242602e-01
   9.9143371e-01
   9.9044240e-01
   9.8945210e-01
   9.8846281e-01
   9.8747451e-01
   9.8648723e-01
   9.8550094e-01
   9.8451566e-01
   9.8353137e-01
   9.8254809e-01
   9.8156580e-01
   9.8058451e-01
   9.7960422e-01
   9.7862492e-01
   9.7764661e-01
   9.7666930e-01
   9.7569298e-01
   9.7471765e-01
   9.7374331e-01
   9.7276996e-01
   9.7179760e-01
   9.7082622e-01
   9.6985583e-01
   9.6888643e-01
   9.6791800e-01
   9.6695056e-01
   9.6598411e-01
   9.6501863e-01
   9.6405413e-01
   9.6309061e-01
   9.6212807e-01
   9.6116650e-01
   9.6020591e-01
   9.5924629e-01
   9.5828765e-01
   9.5732998e-01
   9.5637328e-01
   9.5541755e-01
   9.5446279e-01
   9.5350900e-01
   9.5255618e-01
   9.5160432e-01
   9.5065343e-01
   9.4970350e-01
   9.4875453e-01
   9.4780653e-01
   9.4685949e-01
   9.4591341e-01
   9.4496828e-01
   9.4402412e-01
   9.4308091e-01
   9.4213866e-01
   9.4119737e-01
   9.4025703e-01
   9.3931764e-01
   9.3837920e-01
   9.3744172e-01
   9.3650518e-01
   9.3556960e-01
   9.3463496e-01
   9.3370127e-01
   9.3276853e-01
   9.3183673e-01
   9.3090588e-01
   9.2997597e-01
   9.2904700e-01
   9.2811897e-01
   9.2719189e-01
   9.2626574e-01
   9.2534053e-01
   9.2441626e-01
   9.2349293e-01
   9.2257053e-01
   9.2164907e-01
   9.2072854e-01
   9.1980894e-01
   9.1889027e-01
   9.1797254e-01
   9.1705573e-01
   9.1613985e-01
   9.1522490e-01
   9.1431088e-01
   9.1339778e-01
   9.1248561e-01
   9.1157436e-01
   9.1066404e-01
   9.0975463e-01
   9.0884615e-01
   9.0793859e-01
   9.0703194e-01
   9.0612622e-01
   9.0522141e-01
   9.0431752e-01
   9.0341454e-01
   9.0251248e-01
   9.0161133e-01
   9.0071109e-01
   8.9981177e-01
   8.9891335e-01
   8.9801585e-01
   8.9711925e-01
   8.9622356e-01
   8.9532878e-01
   8.9443491e-01
   8.9354193e-01
   8.9264987e-01
   8.9175972e-01
   1.0124814e+00
   1.1306027e+00
   1.2462369e+00
   1.3595491e+00
   1.4706945e+00
   1.5798204e+00
   1.6870667e+00
   1.7925671e+00
   1.8964504e+00
   1.9988411e+00
   2.0998631e+00
   2.1996417e+00
   2.2983088e+00
   2.3960089e+00
   2.4929087e+00
   2.5892097e+00
   2.6851645e+00
   2.7811018e+00
   2.8774611e+00
   2.9748410e+00
   3.0740732e+00
   3.1763347e+00
   3.2833253e+00
   3.3975706e+00
   3.5229518e+00
   3.6657060e+00
   3.8364291e+00
   4.0544401e+00
   4.3580104e+00
   4.8304914e+00
   5.6740567e+00
   7.4673034e+00
   1.0661495e+01
   1.2501967e+01
   1.2896596e+01
   1.2654314e+01
   1.2181694e+01
   1.1638308e+01
   1.1083026e+01
   1.0537491e+01
   1.0010005e+01
   9.5040700e+00
   9.0213666e+00
   8.5627585e+00
   8.1286786e+00
   7.7192521e+00
   7.3343759e+00
   6.9737427e+00
   6.6368841e+00
   6.3231989e+00
   5.9876127e+00
   5.6843108e+00
   5.4103900e+00
   5.1631698e+00
   4.9402141e+00
   4.7392987e+00
   4.5584174e+00
   4.3957466e+00
   4.2496481e+00
   4.1186410e+00
   4.0013901e+00
   3.8966901e+00
   3.8034534e+00
   3.7206975e+00
   3.6475411e+00
   3.5831799e+00
   3.5268909e+00
   3.4780175e+00
   3.4359648e+00
   3.4001921e+00
   3.3702077e+00
   3.3455638e+00
   3.3258518e+00
   3.3106985e+00
   3.2997622e+00
   3.2927304e+00
   3.2893148e+00
   3.2892503e+00
   3.2922934e+00
   3.2982199e+00
   3.3068220e+00
   3.3179076e+00
   3.3312974e+00
   3.3468258e+00
   3.3643383e+00
   3.3836918e+00
   3.4047511e+00
   3.4273919e+00
   3.4514961e+00
   3.4769543e+00
   3.5036637e+00
   3.5315269e+00
   3.5604528e+00
   3.5903561e+00
   3.6211551e+00
   3.6527749e+00
   3.6851429e+00
   3.7181908e+00
   3.7518544e+00
   3.7860731e+00
   3.8207896e+00
   3.8559490e+00
   3.8914998e+00
   3.9273930e+00
   3.9635818e+00
   4.0000228e+00
   4.0366739e+00
   4.0734956e+00
   4.1104504e+00
   4.1475026e+00
   4.1846184e+00
   4.2217657e+00
   4.2589149e+00
   4.2960366e+00
   4.3331034e+00
   4.3700895e+00
   4.4069709e+00
   4.4437244e+00
   4.4803281e+00
   4.5167618e+00
   4.5530058e+00
   4.5890420e+00
   4.6248532e+00
   4.6604233e+00
   4.6957371e+00
   4.7307808e+00
   4.7655407e+00
   4.8000045e+00
   4.8341607e+00
   4.8679987e+00
   4.9015083e+00
   4.9346804e+00
   4.9675064e+00
   4.9999787e+00
   5.0320900e+00
   5.0638338e+00
   5.0952042e+00
   5.1261952e+00
   5.1568026e+00
   5.1870220e+00
   5.2168504e+00
   5.2462833e+00
   5.2753185e+00
   5.3039541e+00
   5.3321876e+00
   5.3600168e+00
   5.3874411e+00
   5.4144597e+00
   5.4410728e+00
   5.4672796e+00
   5.4930801e+00
   5.5184742e+00
   5.5434640e+00
   5.5680497e+00
   5.5922319e+00
   5.6160127e+00
   5.6393940e+00
   5.6623781e+00
   5.6849665e+00
   5.7071614e+00
   5.7289645e+00
   5.7503801e+00
   5.7714093e+00
   5.7920555e+00
   5.8123228e+00
   5.8322126e+00
   5.8517300e+00
   5.8708770e+00
   5.8896575e+00
   5.9080742e+00
   5.9261314e+00
   5.9438335e+00
   5.9611838e+00
   5.9781846e+00
   5.9948418e+00
   6.0111583e+00
   6.0271372e+00
   6.0427844e+00
   6.0581030e+00
   6.0730969e+00
   6.0877702e+00
   6.1021267e+00
   6.1161708e+00
   6.1299069e+00
   6.1433381e+00
   6.1564676e+00
   6.1693023e+00
   6.1818448e+00
   6.1940991e+00
   6.2060689e+00
   6.2177589e+00
   6.2291732e+00
   6.2403156e+00
   6.2511900e+00
   6.2617992e+00
   6.2721490e+00
   6.2822430e+00
   6.2920843e+00
   6.3016771e+00
   6.3110258e+00
   6.3201340e+00
   6.3290053e+00
   6.3376420e+00
   6.3460504e+00
   6.3542330e+00
   6.3621922e+00
   6.3699339e+00
   6.3774607e+00
   6.3847755e+00
   6.3918829e+00
   6.3987860e+00
   6.4054888e+00
   6.4119943e+00
   6.4183056e+00
   6.4244263e+00
   6.4303601e+00
   6.4361102e+00
   6.4416789e+00
   6.4470716e+00
   6.4522906e+00
   6.4573392e+00
   6.4622206e+00
   6.4669379e+00
   6.4714943e+00
   6.4758939e+00
   6.4801396e+00
   6.4842334e+00
   6.4881791e+00
   6.4919805e+00
   6.4956405e+00
   6.4991640e+00
   6.5025517e+00
   6.5058077e+00
   6.5089369e+00
   6.5119417e+00
   6.5148253e+00
   6.5175919e+00
   6.5202451e+00
   6.5227884e+00
   6.5252251e+00
   6.5275604e+00
   6.5297982e+00
   6.5319419e+00
   6.5339946e+00
   6.5359615e+00
   6.5378467e+00
   6.5396555e+00
   6.5413920e+00
   6.5430613e+00
   6.5446680e+00
   6.5462171e+00
   6.5477132e+00
   6.5491617e+00
   6.5505683e+00
   6.5519376e+00
   6.5532759e+00
   6.5545864e+00
   6.5558760e+00
   6.5571480e+00
   6.5584080e+00
   6.5596613e+00
   6.5609118e+00
   6.5621647e+00
   6.5634238e+00
   6.5646926e+00
   6.5659752e+00
   6.5672753e+00
   6.5685962e+00
   6.5699403e+00
   6.5713108e+00
   6.5727094e+00
   6.5741383e+00
   6.5755989e+00
   6.5770939e+00
   6.5786229e+00
   6.5801877e+00
   6.5817888e+00
   6.5834242e+00
   6.5850962e+00
   6.5868033e+00
   6.5885465e+00
   6.5903249e+00
   6.5921389e+00
   6.5939855e+00
   6.5958655e+00
   6.5977774e+00
   6.5997200e+00
   6.6016926e+00
   6.6036931e+00
   6.6057208e+00
   6.6077739e+00
   6.6098509e+00
   6.6119510e+00
   6.6140734e+00
   6.6162158e+00
   6.6183757e+00
   6.6205520e+00
   6.6227436e+00
   6.6249512e+00
   6.6271713e+00
   6.6294041e+00
   6.6316470e+00
   6.6339005e+00
   6.6361617e+00
   6.6384288e+00
   6.6407028e+00
   6.6429828e+00
   6.6452659e+00
   6.6475527e+00
   6.6498433e+00
   6.6521347e+00
   6.6544269e+00
   6.6567214e+00
   6.6590152e+00
   6.6613090e+00
   6.6635995e+00
   6.6658872e+00
   6.6681728e+00
   6.6704546e+00
   6.6727326e+00
   6.6750074e+00
   6.6772787e+00
   6.6795440e+00
   6.6818054e+00
   6.6840614e+00
   6.6863125e+00
   6.6885587e+00
   6.6907972e+00
   6.6930304e+00
   6.6952576e+00
   6.6974787e+00
   6.6996942e+00
   6.7019011e+00
   6.7041018e+00
   6.7062960e+00
   6.7084825e+00
   6.7106622e+00
   6.7128362e+00
   6.7150020e+00
   6.7171631e+00
   6.7193175e+00
   6.7214668e+00
   6.7236079e+00
   6.7257429e+00
   6.7278712e+00
   6.7299966e+00
   6.7321137e+00
   6.7342241e+00
   6.7363269e+00
   6.7384235e+00
   6.7405141e+00
   6.7426037e+00
   6.7446832e+00
   6.7467586e+00
   6.7488266e+00
   6.7508898e+00
   6.7529491e+00
   6.7550035e+00
   6.7570514e+00
   6.7590970e+00
   6.7611367e+00
   6.7631737e+00
   6.7652067e+00
   6.7672349e+00
   6.7692609e+00
   6.7712827e+00
   6.7733016e+00
   6.7753154e+00
   6.7773267e+00
   6.7793344e+00
   6.7813388e+00
   6.7833411e+00
   6.7853418e+00
   6.7873407e+00
   6.7893372e+00
   6.7913311e+00
   6.7933235e+00
   6.7953132e+00
   6.7973029e+00
   6.7992913e+00
   6.8012794e+00
   6.8032659e+00
   6.8052509e+00
   6.8072358e+00
   6.8092189e+00
   6.8112019e+00
   6.8131861e+00
   6.8151692e+00
   6.8171517e+00
   6.8191341e+00
   6.8211165e+00
   6.8230987e+00
   6.8250817e+00
   6.8270661e+00
   6.8290518e+00
   6.8310384e+00
   6.8330253e+00
   6.8350152e+00
   6.8370055e+00
   6.8389966e+00
   6.8409893e+00
   6.8429848e+00
   6.8449821e+00
   6.8469825e+00
   6.8489840e+00
   6.8509883e+00
   6.8529942e+00
   6.8550026e+00
   6.8570148e+00
   6.8590296e+00
   6.8610477e+00
   6.8630680e+00
   6.8650913e+00
   6.8671193e+00
   6.8691492e+00
   6.8711821e+00
   6.8732197e+00
   6.8752616e+00
   6.8773075e+00
   6.8793573e+00
   6.8814107e+00
   6.8834677e+00
   6.8855281e+00
   6.8875933e+00
   6.8896640e+00
   6.8917377e+00
   6.8938153e+00
   6.8958981e+00
   6.8979852e+00
   6.9000791e+00
   6.9021781e+00
   6.9042814e+00
   6.9063936e+00
   6.9085064e+00
   6.9106250e+00
   6.9127490e+00
   6.9148813e+00
   6.9170158e+00
   6.9191556e+00
   6.9213035e+00
   6.9234552e+00
   6.9256137e+00
   6.9277812e+00
   6.9299516e+00
   6.9321288e+00
   6.9343145e+00
   6.9365029e+00
   6.9386976e+00
   6.9409002e+00
   6.9431082e+00
   6.9453235e+00
   6.9475444e+00
   6.9497736e+00
   6.9520087e+00
   6.9542517e+00
   6.9565004e+00
   6.9587571e+00
   6.9610191e+00
   6.9632893e+00
   6.9655644e+00
   6.9678480e+00
   6.9701369e+00
   6.9724402e+00
   6.9747466e+00
   6.9770633e+00
   6.9793862e+00
   6.9817145e+00
   6.9840495e+00
   6.9863931e+00
   6.9887450e+00
   6.9911037e+00
   6.9934711e+00
   6.9958462e+00
   6.9982280e+00
   7.0006180e+00
   7.0030159e+00
   7.0054250e+00
   7.0078396e+00
   7.0102606e+00
   7.0126919e+00
   7.0151296e+00
   7.0175748e+00
   7.0200286e+00
   7.0224892e+00
   7.0249595e+00
   7.0274379e+00
   7.0299290e+00
   7.0324243e+00
   7.0349281e+00
   7.0374393e+00
   7.0399597e+00
   7.0424880e+00
   7.0450287e+00
   7.0475745e+00
   7.0501284e+00
   7.0526910e+00
   7.0552661e+00
   7.0578468e+00
   7.0604347e+00
   7.0630346e+00
   7.0656410e+00
   7.0682583e+00
   7.0708833e+00
   7.0735173e+00
   7.0761588e+00
   7.0788115e+00
   7.0814738e+00
   7.0841430e+00
   7.0868199e+00
   7.0895079e+00
   7.0922055e+00
   7.0949102e+00
   7.0976224e+00
   7.1003453e+00
   7.1030778e+00
   7.1058179e+00
   7.1085675e+00
   7.1113248e+00
   7.1140922e+00
   7.1168690e+00
   7.1196542e+00
   7.1224484e+00
   7.1252521e+00
   7.1280650e+00
   7.1308868e+00
   7.1337176e+00
   7.1365572e+00
   7.1394057e+00
   7.1422652e+00
   7.1451349e+00
   7.1480117e+00
   7.1508977e+00
   7.1537933e+00
   7.1566988e+00
   7.1596143e+00
   7.1625375e+00
   7.1654700e+00
   7.1684120e+00
   7.1713638e+00
   7.1743251e+00
   7.1772957e+00
   7.1802760e+00
   7.1832655e+00
   7.1862641e+00
   7.1892723e+00
   7.1922895e+00
   7.1953158e+00
   7.1983514e+00
   7.2013960e+00
   7.2044509e+00
   7.2075150e+00
   7.2105876e+00
   7.2136705e+00
   7.2167627e+00
   7.2198644e+00
   7.2229747e+00
   7.2260961e+00
   7.2292266e+00
   7.2323656e+00
   7.2355144e+00
   7.2386739e+00
   7.2418424e+00
   7.2450195e+00
   7.2482061e+00
   7.2514034e+00
   7.2546097e+00
   7.2578244e+00
   7.2610486e+00
   7.2642832e+00
   7.2675270e+00
   7.2707815e+00
   7.2740449e+00
   7.2773174e+00
   7.2805976e+00
   7.2838890e+00
   7.2871904e+00
   7.2905023e+00
   7.2938229e+00
   7.2971543e+00
   7.3004941e+00
   7.3038428e+00
   7.3071990e+00
   7.3105659e+00
   7.3139432e+00
   7.3173313e+00
   7.3207281e+00
   7.3241338e+00
   7.3275497e+00
   7.3309743e+00
   7.3344088e+00
   7.3378521e+00
   7.3413059e+00
   7.3447700e+00
   7.3482429e+00
   7.3517265e+00
   7.3552190e+00
   7.3587206e+00
   7.3622325e+00
   7.3657527e+00
   7.3692830e+00
   7.3728235e+00
   7.3763734e+00
   7.3799334e+00
   7.3835017e+00
   7.3870796e+00
   7.3906685e+00
   7.3942669e+00
   7.3978763e+00
   7.4014931e+00
   7.4051193e+00
   7.4087558e+00
   7.4124021e+00
   7.4160563e+00
   7.4197224e+00
   7.4233962e+00
   7.4270793e+00
   7.4307734e+00
   7.4344786e+00
   7.4381909e+00
   7.4419136e+00
   7.4456457e+00
   7.4493849e+00
   7.4531336e+00
   7.4568947e+00
   7.4606650e+00
   7.4644461e+00
   7.4682371e+00
   7.4720365e+00
   7.4758464e+00
   7.4796664e+00
   7.4834953e+00
   7.4873319e+00
   7.4911785e+00
   7.4950364e+00
   7.4989051e+00
   7.5027825e+00
   7.5066699e+00
   7.5105662e+00
   7.5144722e+00
   7.5183889e+00
   7.5223147e+00
   7.5262491e+00
   7.5301929e+00
   7.5341465e+00
   7.5381099e+00
   7.5420833e+00
   7.5460646e+00
   7.5500562e+00
   7.5540585e+00
   7.5580692e+00
   7.5620908e+00
   7.5661234e+00
   7.5701654e+00
   7.5742167e+00
   7.5782779e+00
   7.5823484e+00
   7.5864299e+00
   7.5905183e+00
   7.5946182e+00
   7.5987273e+00
   7.6028466e+00
   7.6069754e+00
   7.6111119e+00
   7.6152590e+00
   7.6194166e+00
   7.6235843e+00
   7.6277606e+00
   7.6319479e+00
   7.6361447e+00
   7.6403511e+00
   7.6445670e+00
   7.6487927e+00
   7.6530281e+00
   7.6572736e+00
   7.6615291e+00
   7.6657932e+00
   7.6700643e+00
   7.6743485e+00
   7.6786409e+00
   7.6829437e+00
   7.6872573e+00
   7.6915802e+00
   7.6959123e+00
   7.7002541e+00
   7.7046064e+00
   7.7089686e+00
   7.7133411e+00
   7.7177218e+00
   7.7221131e+00
   7.7265129e+00
   7.7309242e+00
   7.7353442e+00
   7.7397757e+00
   7.7442146e+00
   7.7486637e+00
   7.7531231e+00
   7.7575900e+00
   7.7620688e+00
   7.7665551e+00
   7.7710532e+00
   7.7755621e+00
   7.7800788e+00
   7.7846043e+00
   7.7891403e+00
   7.7936880e+00
   7.7982433e+00
   7.8028088e+00
   7.8073839e+00
   7.8119719e+00
   7.8165678e+00
   7.8211763e+00
   7.8257917e+00
   7.8304165e+00
   7.8350516e+00
   7.8396983e+00
   7.8443534e+00
   7.8490194e+00
   7.8536948e+00
   7.8583809e+00
   7.8630744e+00
   7.8677843e+00
   7.8724994e+00
   7.8772231e+00
   7.8819559e+00
   7.8867055e+00
   7.8914600e+00
   7.8962302e+00
   7.9010037e+00
   7.9057866e+00
   7.9105771e+00
   7.9153806e+00
   7.9201954e+00
   7.9250197e+00
   7.9298518e+00
   7.9346960e+00
   7.9395488e+00
   7.9444138e+00
   7.9492863e+00
   7.9541689e+00
   7.9590589e+00
   7.9639627e+00
   7.9688745e+00
   7.9737943e+00
   7.9787230e+00
   7.9836629e+00
   7.9886187e+00
   7.9935836e+00
   7.9985585e+00
   8.0035396e+00
   8.0085294e+00
   8.0135302e+00
   8.0185394e+00
   8.0235606e+00
   8.0285908e+00
   8.0336318e+00
   8.0386846e+00
   8.0437478e+00
   8.0488199e+00
   8.0539004e+00
   8.0589907e+00
   8.0640916e+00
   8.0692037e+00
   8.0743256e+00
   8.0794580e+00
   8.0845979e+00
   8.0897473e+00
   8.0949080e+00
   8.1000743e+00
   8.1052539e+00
   8.1104412e+00
   8.1156403e+00
   8.1208492e+00
   8.1260685e+00
   8.1312982e+00
   8.1365386e+00
   8.1417898e+00
   8.1470520e+00
   8.1523211e+00
   8.1576026e+00
   8.1628909e+00
   8.1681941e+00
   8.1735022e+00
   8.1788246e+00
   8.1841554e+00
   8.1894928e+00
   8.1948470e+00
   8.2002056e+00
   8.2055805e+00
   8.2109599e+00
   8.2163564e+00
   8.2217559e+00
   8.2271695e+00
   8.2325907e+00
   8.2380178e+00
   8.2434632e+00
   8.2489124e+00
   8.2543739e+00
   8.2598519e+00
   8.2653336e+00
   8.2708279e+00
   8.2763311e+00
   8.2818438e+00
   8.2873651e+00
   8.2928938e+00
   8.2984431e+00
   8.3039967e+00
   8.3095619e+00
   8.3151340e+00
   8.3207132e+00
   8.3263044e+00
   8.3319072e+00
   8.3375161e+00
   8.3431395e+00
   8.3487694e+00
   8.3544139e+00
   8.3600660e+00
   8.3657320e+00
   8.3714043e+00
   8.3770922e+00
   8.3827886e+00
   8.3884932e+00
   8.3942075e+00
   8.3999322e+00
   8.4056679e+00
   8.4114144e+00
   8.4171705e+00
   8.4229380e+00
   8.4287176e+00
   8.4345056e+00
   8.4403053e+00
   8.4461112e+00
   8.4519285e+00
   8.4577590e+00
   8.4636036e+00
   8.4694535e+00
   8.4753134e+00
   8.4811882e+00
   8.4870684e+00
   8.4929590e+00
   8.4988585e+00
   8.5047641e+00
   8.5106824e+00
   8.5166116e+00
   8.5225519e+00
   8.5285074e+00
   8.5344682e+00
   8.5404428e+00
   8.5464269e+00
   8.5524161e+00
   8.5584165e+00
   8.5644296e+00
   8.5704490e+00
   8.5764811e+00
   8.5825231e+00
   8.5885798e+00
   8.5946477e+00
   8.6007186e+00
   8.6068027e+00
   8.6128989e+00
   8.6190019e+00
   8.6251160e+00
   8.6312409e+00
   8.6373769e+00
   8.6435183e+00
   8.6496744e+00
   8.6558410e+00
   8.6620198e+00
   8.6682055e+00
   8.6744034e+00
   8.6806125e+00
   8.6868361e+00
   8.6930668e+00
   8.6993051e+00
   8.7055528e+00
   8.7118168e+00
   8.7180869e+00
   8.7243689e+00
   8.7306579e+00
   8.7369605e+00
   8.7432723e+00
   8.7495967e+00
   8.7559254e+00
   8.7622654e+00
   8.7686177e+00
   8.7749822e+00
   8.7813562e+00
   8.7877413e+00
   8.7941410e+00
   8.8005448e+00
   8.8069616e+00
   8.8133877e+00
   8.8198249e+00
   8.8262714e+00
   8.8327302e+00
   8.8391966e+00
   8.8456762e+00
   8.8521654e+00
   8.8586680e+00
   8.8651749e+00
   8.8716964e+00
   8.8782276e+00
   8.8847693e+00
   8.8913237e+00
   8.8978877e+00
   8.9044600e+00
   8.9110472e+00
   8.9176440e+00
   8.9242493e+00
   8.9308652e+00
   8.9374889e+00
   8.9441243e+00
   8.9507727e+00
   8.9574345e+00
   8.9641029e+00
   8.9707756e+00
   8.9774640e+00
   8.9841614e+00
   8.9908710e+00
   8.9975902e+00
   9.0043265e+00
   9.0110697e+00
   9.0178189e+00
   9.0245830e+00
   9.0313554e+00
   9.0381404e+00
   9.0449362e+00
   9.0517432e+00
   9.0585584e+00
   9.0653897e+00
   9.0722268e+00
   9.0790778e+00
   9.0859377e+00
   9.0928089e+00
   9.0996845e+00
   9.1065741e+00
   9.1134749e+00
   9.1203847e+00
   9.1273071e+00
   9.1342358e+00
   9.1411832e+00
   9.1481383e+00
   9.1551023e+00
   9.1620729e+00
   9.1690588e+00
   9.1760587e+00
   9.1830725e+00
   9.1900875e+00
   9.1971151e+00
   9.2041542e+00
   9.2111995e+00
   9.2182573e+00
   9.2253278e+00
   9.2324052e+00
   9.2394959e+00
   9.2466003e+00
   9.2537116e+00
   9.2608356e+00
   9.2679703e+00
   9.2751183e+00
   9.2822736e+00
   9.2894435e+00
   9.2966215e+00
   9.3038094e+00
   9.3110138e+00
   9.3182221e+00
   9.3254435e+00
   9.3326770e+00
   9.3399184e+00
   9.3471658e+00
   9.3544310e+00
   9.3617012e+00
   9.3689893e+00
   9.3762871e+00
   9.3835944e+00
   9.3909137e+00
   9.3982423e+00
   9.4055797e+00
   9.4129331e+00
   9.4202932e+00
   9.4276659e+00
   9.4350476e+00
   9.4424389e+00
   9.4498430e+00
   9.4572564e+00
   9.4646790e+00
   9.4721144e+00
   9.4795617e+00
   9.4870194e+00
   9.4944879e+00
   9.5019675e+00
   9.5094583e+00
   9.5169607e+00
   9.5244714e+00
   9.5319938e+00
   9.5395274e+00
   9.5470725e+00
   9.5546324e+00
   9.5621961e+00
   9.5697742e+00
   9.5773681e+00
   9.5849657e+00
   9.5925763e+00
   9.6001969e+00
   9.6078285e+00
   9.6154710e+00
   9.6231221e+00
   9.6307869e+00
   9.6384629e+00
   9.6461493e+00
   9.6538457e+00
   9.6615568e+00
   9.6692728e+00
   9.6770020e+00
   9.6847452e+00
   9.6924967e+00
   9.7002604e+00
   9.7080324e+00
   9.7158170e+00
   9.7236139e+00
   9.7314222e+00
   9.7392403e+00
   9.7470704e+00
   9.7549101e+00
   9.7627642e+00
   9.7706257e+00
   9.7784998e+00
   9.7863840e+00
   9.7942775e+00
   9.8021807e+00
   9.8100975e+00
   9.8180259e+00
   9.8259667e+00
   9.8339172e+00
   9.8418785e+00
   9.8498528e+00
   9.8578385e+00
   9.8658343e+00
   9.8738406e+00
   9.8818577e+00
   9.8898854e+00
   9.8979241e+00
   9.9059733e+00
   9.9140362e+00
   9.9221081e+00
   9.9301929e+00
   9.9382905e+00
   9.9464008e+00
   9.9545181e+00
   9.9626430e+00
   9.9707812e+00
   9.9789345e+00
   9.9870984e+00
   9.9952711e+00
   1.0003456e+01
   1.0011655e+01
   1.0019864e+01
   1.0028081e+01
   1.0036312e+01
   1.0044554e+01
   1.0052804e+01
   1.0061071e+01
   1.0069344e+01
   1.0077629e+01
   1.0085924e+01
   1.0094233e+01
   1.0102552e+01
   1.0110880e+01
   1.0119219e+01
   1.0127575e+01
   1.0135936e+01
   1.0144311e+01
   1.0152698e+01
   1.0161096e+01
   1.0169504e+01
   1.0177926e+01
   1.0186357e+01
   1.0194798e+01
   1.0203252e+01
   1.0211723e+01
   1.0220201e+01
   1.0228697e+01
   1.0237196e+01
   1.0245707e+01
   1.0254230e+01
   1.0262764e+01
   1.0271308e+01
   1.0279863e+01
   1.0288431e+01
   1.0297010e+01
   1.0305604e+01
   1.0314207e+01
   1.0322820e+01
   1.0331443e+01
   1.0340078e+01
   1.0348727e+01
   1.0357386e+01
   1.0366056e+01
   1.0374737e+01
   1.0383432e+01
   1.0392138e+01
   1.0400855e+01
   1.0409585e+01
   1.0418325e+01
   1.0427077e+01
   1.0435840e+01
   1.0444615e+01
   1.0453402e+01
   1.0462201e+01
   1.0471011e+01
   1.0479830e+01
   1.0488663e+01
   1.0497505e+01
   1.0506362e+01
   1.0515230e+01
   1.0524110e+01
   1.0533001e+01
   1.0541905e+01
   1.0550822e+01
   1.0559748e+01
   1.0568681e+01
   1.0577631e+01
   1.0586593e+01
   1.0595565e+01
   1.0604552e+01
   1.0613549e+01
   1.0622557e+01
   1.0631573e+01
   1.0640608e+01
   1.0649655e+01
   1.0658714e+01
   1.0667786e+01
   1.0676865e+01
   1.0685953e+01
   1.0695057e+01
   1.0704174e+01
   1.0713300e+01
   1.0722437e+01
   1.0731587e+01
   1.0740748e+01
   1.0749921e+01
   1.0759106e+01
   1.0768304e+01
   1.0777516e+01
   1.0786737e+01
   1.0795967e+01
   1.0805207e+01
   1.0814463e+01
   1.0823736e+01
   1.0833020e+01
   1.0842315e+01
   1.0851623e+01
   1.0860944e+01
   1.0870277e+01
   1.0879616e+01
   1.0888967e+01
   1.0898335e+01
   1.0907716e+01
   1.0917104e+01
   1.0926506e+01
   1.0935921e+01
   1.0945343e+01
   1.0954781e+01
   1.0964228e+01
   1.0973687e+01
   1.0983160e+01
   1.0992648e+01
   1.1002146e+01
   1.1011655e+01
   1.1021180e+01
   1.1030716e+01
   1.1040261e+01
   1.1049823e+01
   1.1059399e+01
   1.1068986e+01
   1.1078584e+01
   1.1088194e+01
   1.1097815e+01
   1.1107449e+01
   1.1117095e+01
   1.1126754e+01
   1.1136426e+01
   1.1146111e+01
   1.1155810e+01
   1.1165516e+01
   1.1175236e+01
   1.1184972e+01
   1.1194714e+01
   1.1204473e+01
   1.1214240e+01
   1.1224022e+01
   1.1233814e+01
   1.1243621e+01
   1.1253439e+01
   1.1263273e+01
   1.1273117e+01
   1.1282972e+01
   1.1292844e+01
   1.1302727e+01
   1.1312621e+01
   1.1322526e+01
   1.1332450e+01
   1.1342381e+01
   1.1352326e+01
   1.1362285e+01
   1.1372260e+01
   1.1382245e+01
   1.1392241e+01
   1.1402253e+01
   1.1412274e+01
   1.1422308e+01
   1.1432360e+01
   1.1442418e+01
   1.1452491e+01
   1.1462573e+01
   1.1472669e+01
   1.1482779e+01
   1.1492905e+01
   1.1503041e+01
   1.1513191e+01
   1.1523352e+01
   1.1533528e+01
   1.1543715e+01
   1.1553916e+01
   1.1564131e+01
   1.1574359e+01
   1.1584600e+01
   1.1594855e+01
   1.1605123e+01
   1.1615401e+01
   1.1625694e+01
   1.1635998e+01
   1.1646319e+01
   1.1656651e+01
   1.1666999e+01
   1.1677357e+01
   1.1687731e+01
   1.1698116e+01
   1.1708517e+01
   1.1718930e+01
   1.1729360e+01
   1.1739798e+01
   1.1750255e+01
   1.1760720e+01
   1.1771199e+01
   1.1781689e+01
   1.1792194e+01
   1.1802713e+01
   1.1813244e+01
   1.1823788e+01
   1.1834350e+01
   1.1844922e+01
   1.1855508e+01
   1.1866104e+01
   1.1876717e+01
   1.1887343e+01
   1.1897982e+01
   1.1908639e+01
   1.1919307e+01
   1.1929993e+01
   1.1940687e+01
   1.1951397e+01
   1.1962118e+01
   1.1972855e+01
   1.1983602e+01
   1.1994366e+01
   1.2005140e+01
   1.2015933e+01
   1.2026735e+01
   1.2037556e+01
   1.2048389e+01
   1.2059237e+01
   1.2070096e+01
   1.2080972e+01
   1.2091860e+01
   1.2102764e+01
   1.2113679e+01
   1.2124613e+01
   1.2135557e+01
   1.2146514e+01
   1.2157484e+01
   1.2168472e+01
   1.2179472e+01
   1.2190483e+01
   1.2201517e+01
   1.2212560e+01
   1.2223620e+01
   1.2234691e+01
   1.2245777e+01
   1.2256876e+01
   1.2267993e+01
   1.2279121e+01
   1.2290265e+01
   1.2301422e+01
   1.2312592e+01
   1.2323775e+01
   1.2334974e+01
   1.2346187e+01
   1.2357415e+01
   1.2368659e+01
   1.2379917e+01
   1.2391190e+01
   1.2402478e+01
   1.2413782e+01
   1.2425100e+01
   1.2436436e+01
   1.2447783e+01
   1.2459149e+01
   1.2470527e+01
   1.2481924e+01
   1.2493330e+01
   1.2504753e+01
   1.2516191e+01
   1.2527641e+01
   1.2539108e+01
   1.2550591e+01
   1.2562086e+01
   1.2573600e+01
   1.2585126e+01
   1.2596672e+01
   1.2608228e+01
   1.2619798e+01
   1.2631387e+01
   1.2642989e+01
   1.2654605e+01
   1.2666235e+01
   1.2677886e+01
   1.2689553e+01
   1.2701231e+01
   1.2712923e+01
   1.2724635e+01
   1.2736362e+01
   1.2748100e+01
   1.2759855e+01
   1.2771625e+01
   1.2783409e+01
   1.2795212e+01
   1.2807031e+01
   1.2818864e+01
   1.2830715e+01
   1.2842582e+01
   1.2854460e+01
   1.2866353e+01
   1.2878261e+01
   1.2890190e+01
   1.2902136e+01
   1.2914095e+01
   1.2926068e+01
   1.2938058e+01
   1.2950064e+01
   1.2962085e+01
   1.2974121e+01
   1.2986173e+01
   1.2998240e+01
   1.3010324e+01
   1.3022425e+01
   1.3034542e+01
   1.3046678e+01
   1.3058829e+01
   1.3070997e+01
   1.3083184e+01
   1.3095385e+01
   1.3107601e+01
   1.3119834e+01
   1.3132088e+01
   1.3144356e+01
   1.3156642e+01
   1.3168941e+01
   1.3181258e+01
   1.3193595e+01
   1.3205947e+01
   1.3218315e+01
   1.3230698e+01
   1.3243101e+01
   1.3255522e+01
   1.3267955e+01
   1.3280406e+01
   1.3292874e+01
   1.3305355e+01
   1.3317856e+01
   1.3330376e+01
   1.3342914e+01
   1.3355466e+01
   1.3368034e+01
   1.3380619e+01
   1.3393223e+01
   1.3405846e+01
   1.3418485e+01
   1.3431143e+01
   1.3443818e+01
   1.3456507e+01
   1.3469213e+01
   1.3481938e+01
   1.3494684e+01
   1.3507450e+01
   1.3520231e+01
   1.3533026e+01
   1.3545841e+01
   1.3558672e+01
   1.3571517e+01
   1.3584387e+01
   1.3597271e+01
   1.3610170e+01
   1.3623093e+01
   1.3636033e+01
   1.3648989e+01
   1.3661966e+01
   1.3674958e+01
   1.3687968e+01
   1.3700999e+01
   1.3714048e+01
   1.3727112e+01
   1.3740193e+01
   1.3753297e+01
   1.3766421e+01
   1.3779563e+01
   1.3792723e+01
   1.3805900e+01
   1.3819096e+01
   1.3832307e+01
   1.3845537e+01
   1.3858788e+01
   1.3872054e+01
   1.3885341e+01
   1.3898648e+01
   1.3911972e+01
   1.3925317e+01
   1.3938682e+01
   1.3952065e+01
   1.3965467e+01
   1.3978890e+01
   1.3992329e+01
   1.4005789e+01
   1.4019265e+01
   1.4032758e+01
   1.4046272e+01
   1.4059809e+01
   1.4073365e+01
   1.4086941e+01
   1.4100535e+01
   1.4114149e+01
   1.4127781e+01
   1.4141435e+01
   1.4155109e+01
   1.4168801e+01
   1.4182519e+01
   1.4196253e+01
   1.4210003e+01
   1.4223777e+01
   1.4237568e+01
   1.4251377e+01
   1.4265210e+01
   1.4279063e+01
   1.4292933e+01
   1.4306825e+01
   1.4320737e+01
   1.4334667e+01
   1.4348621e+01
   1.4362598e+01
   1.4376597e+01
   1.4390614e+01
   1.4404650e+01
   1.4418707e+01
   1.4432785e+01
   1.4446881e+01
   1.4461003e+01
   1.4475141e+01
   1.4489297e+01
   1.4503478e+01
   1.4517679e+01
   1.4531903e+01
   1.4546148e+01
   1.4560411e+01
   1.4574703e+01
   1.4589011e+01
   1.4603342e+01
   1.4617691e+01
   1.4632062e+01
   1.4646458e+01
   1.4660873e+01
   1.4675310e+01
   1.4689767e+01
   1.4704247e+01
   1.4718745e+01
   1.4733265e+01
   1.4747811e+01
   1.4762381e+01
   1.4776968e+01
   1.4791579e+01
   1.4806210e+01
   1.4820861e+01
   1.4835540e+01
   1.4850238e+01
   1.4864959e+01
   1.4879708e+01
   1.4894478e+01
   1.4909267e+01
   1.4924078e+01
   1.4938910e+01
   1.4953768e+01
   1.4968644e+01
   1.4983547e+01
   1.4998472e+01
   1.5013424e+01
   1.5028393e+01
   1.5043383e+01
   1.5058402e+01
   1.5073442e+01
   1.5088501e+01
   1.5103590e+01
   1.5118700e+01
   1.5133830e+01
   1.5148988e+01
   1.5164167e+01
   1.5179367e+01
   1.5194591e+01
   1.5209844e+01
   1.5225120e+01
   1.5240417e+01
   1.5255737e+01
   1.5271084e+01
   1.5286455e+01
   1.5301849e+01
   1.5317268e+01
   1.5332711e+01
   1.5348178e+01
   1.5363670e+01
   1.5379186e+01
   1.5394721e+01
   1.5410283e+01
   1.5425868e+01
   1.5441480e+01
   1.5457119e+01
   1.5472781e+01
   1.5488463e+01
   1.5504174e+01
   1.5519908e+01
   1.5535670e+01
   1.5551453e+01
   1.5567267e+01
   1.5583101e+01
   1.5598963e+01
   1.5614847e+01
   1.5630759e+01
   1.5646693e+01
   1.5662656e+01
   1.5678645e+01
   1.5694655e+01
   1.5710695e+01
   1.5726762e+01
   1.5742856e+01
   1.5758975e+01
   1.5775116e+01
   1.5791283e+01
   1.5807475e+01
   1.5823692e+01
   1.5839941e+01
   1.5856214e+01
   1.5872510e+01
   1.5888833e+01
   1.5905183e+01
   1.5921563e+01
   1.5937969e+01
   1.5954396e+01
   1.5970851e+01
   1.5987339e+01
   1.6003849e+01
   1.6020388e+01
   1.6036949e+01
   1.6053542e+01
   1.6070157e+01
   1.6086805e+01
   1.6103476e+01
   1.6120171e+01
   1.6136898e+01
   1.6153654e+01
   1.6170442e+01
   1.6187251e+01
   1.6204088e+01
   1.6220954e+01
   1.6237845e+01
   1.6254766e+01
   1.6271712e+01
   1.6288689e+01
   1.6305694e+01
   1.6322724e+01
   1.6339785e+01
   1.6356874e+01
   1.6373990e+01
   1.6391136e+01
   1.6408306e+01
   1.6425508e+01
   1.6442742e+01
   1.6459998e+01
   1.6477285e+01
   1.6494598e+01
   1.6511937e+01
   1.6529308e+01
   1.6546714e+01
   1.6564143e+01
   1.6581601e+01
   1.6599091e+01
   1.6616608e+01
   1.6634152e+01
   1.6651728e+01
   1.6669334e+01
   1.6686968e+01
   1.6704636e+01
   1.6722328e+01
   1.6740046e+01
   1.6757795e+01
   1.6775577e+01
   1.6793386e+01
   1.6811226e+01
   1.6829097e+01
   1.6847001e+01
   1.6864930e+01
   1.6882887e+01
   1.6900878e+01
   1.6918900e+01
   1.6936951e+01
   1.6955032e+01
   1.6973145e+01
   1.6991290e+01
   1.7009459e+01
   1.7027658e+01
   1.7045891e+01
   1.7064153e+01
   1.7082449e+01
   1.7100775e+01
   1.7119129e+01
   1.7137517e+01
   1.7155935e+01
   1.7174384e+01
   1.7192859e+01
   1.7211370e+01
   1.7229913e+01
   1.7248485e+01
   1.7267089e+01
   1.7285726e+01
   1.7304390e+01
   1.7323086e+01
   1.7341814e+01
   1.7360574e+01
   1.7379362e+01
   1.7398185e+01
   1.7417042e+01
   1.7435925e+01
   1.7454846e+01
   1.7473796e+01
   1.7492777e+01
   1.7511788e+01
   1.7530829e+01
   1.7549909e+01
   1.7569017e+01
   1.7588157e+01
   1.7607327e+01
   1.7626534e+01
   1.7645775e+01
   1.7665051e+01
   1.7684351e+01
   1.7703681e+01
   1.7723050e+01
   1.7742448e+01
   1.7761880e+01
   1.7781345e+01
   1.7800840e+01
   1.7820368e+01
   1.7839931e+01
   1.7859528e+01
   1.7879155e+01
   1.7898815e+01
   1.7918508e+01
   1.7938231e+01
   1.7957989e+01
   1.7977783e+01
   1.7997607e+01
   1.8017467e+01
   1.8037359e+01
   1.8057283e+01
   1.8077240e+01
   1.8097234e+01
   1.8117257e+01
   1.8137316e+01
   1.8157405e+01
   1.8177530e+01
   1.8197685e+01
   1.8217873e+01
   1.8238095e+01
   1.8258349e+01
   1.8278643e+01
   1.8298965e+01
   1.8319319e+01
   1.8339705e+01
   1.8360127e+01
   1.8380580e+01
   1.8401069e+01
   1.8421589e+01
   1.8442149e+01
   1.8462739e+01
   1.8483368e+01
   1.8504023e+01
   1.8524709e+01
   1.8545433e+01
   1.8566191e+01
   1.8586978e+01
   1.8607801e+01
   1.8628659e+01
   1.8649553e+01
   1.8670478e+01
   1.8691439e+01
   1.8712434e+01
   1.8733459e+01
   1.8754519e+01
   1.8775614e+01
   1.8796739e+01
   1.8817904e+01
   1.8839097e+01
   1.8860325e+01
   1.8881584e+01
   1.8902881e+01
   1.8924206e+01
   1.8945571e+01
   1.8966962e+01
   1.8988391e+01
   1.9009847e+01
   1.9031344e+01
   1.9052867e+01
   1.9074432e+01
   1.9096026e+01
   1.9117651e+01
   1.9139314e+01
   1.9161007e+01
   1.9182734e+01
   1.9204500e+01
   1.9226291e+01
   1.9248115e+01
   1.9269975e+01
   1.9291871e+01
   1.9313797e+01
   1.9335757e+01
   1.9357751e+01
   1.9379776e+01
   1.9401833e+01
   1.9423926e+01
   1.9446050e+01
   1.9468208e+01
   1.9490396e+01
   1.9512616e+01
   1.9534871e+01
   1.9557159e+01
   1.9579479e+01
   1.9601834e+01
   1.9624219e+01
   1.9646634e+01
   1.9669081e+01
   1.9691561e+01
   1.9714075e+01
   1.9736621e+01
   1.9759200e+01
   1.9781811e+01
   1.9804450e+01
   1.9827122e+01
   1.9849825e+01
   1.9872560e+01
   1.9895326e+01
   1.9918124e+01
   1.9940955e+01
   1.9963815e+01
   1.9986706e+01
   2.0009630e+01
   2.0032583e+01
   2.0055566e+01
   2.0078583e+01
   2.0101626e+01
   2.0124707e+01
   2.0147812e+01
   2.0170949e+01
   2.0194112e+01
   2.0217303e+01
   2.0240531e+01
   2.0263788e+01
   2.0287072e+01
   2.0310388e+01
   2.0333732e+01
   2.0357106e+01
   2.0380508e+01
   2.0403938e+01
   2.0427400e+01
   2.0450888e+01
   2.0474408e+01
   2.0497952e+01
   2.0521527e+01
   2.0545131e+01
   2.0568761e+01
   2.0592420e+01
   2.0616103e+01
   2.0639815e+01
   2.0663557e+01
   2.0687322e+01
   2.0711116e+01
   2.0734936e+01
   2.0758785e+01
   2.0782661e+01
   2.0806560e+01
   2.0830486e+01
   2.0854438e+01
   2.0878416e+01
   2.0902420e+01
   2.0926446e+01
   2.0950499e+01
   2.0974576e+01
   2.0998676e+01
   2.1022804e+01
   2.1046955e+01
   2.1071129e+01
   2.1095330e+01
   2.1119554e+01
   2.1143804e+01
   2.1168077e+01
   2.1192371e+01
   2.1216688e+01
   2.1241025e+01
   2.1265384e+01
   2.1289767e+01
   2.1314176e+01
   2.1338602e+01
   2.1363048e+01
   2.1387515e+01
   2.1412002e+01
   2.1436514e+01
   2.1461046e+01
   2.1485597e+01
   2.1510169e+01
   2.1534758e+01
   2.1559366e+01
   2.1583994e+01
   2.1608642e+01
   2.1633309e+01
   2.1657994e+01
   2.1682694e+01
   2.1707416e+01
   2.1732153e+01
   2.1756908e+01
   2.1781676e+01
   2.1806465e+01
   2.1831269e+01
   2.1856089e+01
   2.1880925e+01
   2.1905775e+01
   2.1930640e+01
   2.1955519e+01
   2.1980413e+01
   2.2005323e+01
   2.2030246e+01
   2.2055178e+01
   2.2080127e+01
   2.2105090e+01
   2.2130061e+01
   2.2155050e+01
   2.2180047e+01
   2.2205053e+01
   2.2230072e+01
   2.2255105e+01
   2.2280147e+01
   2.2305197e+01
   2.2330259e+01
   2.2355335e+01
   2.2380416e+01
   2.2405508e+01
   2.2430606e+01
   2.2455709e+01
   2.2480825e+01
   2.2505945e+01
   2.2531072e+01
   2.2556206e+01
   2.2581348e+01
   2.2606493e+01
   2.2631644e+01
   2.2656799e+01
   2.2681957e+01
   2.2707121e+01
   2.2732284e+01
   2.2757453e+01
   2.2782628e+01
   2.2807806e+01
   2.2832986e+01
   2.2858169e+01
   2.2883349e+01
   2.2908530e+01
   2.2933713e+01
   2.2958898e+01
   2.2984079e+01
   2.3009262e+01
   2.3034444e+01
   2.3059624e+01
   2.3084798e+01
   2.3109971e+01
   2.3135143e+01
   2.3160314e+01
   2.3185478e+01
   2.3210640e+01
   2.3235795e+01
   2.3260946e+01
   2.3286091e+01
   2.3311230e+01
   2.3336362e+01
   2.3361484e+01
   2.3386602e+01
   2.3411711e+01
   2.3436814e+01
   2.3461905e+01
   2.3486989e+01
   2.3512064e+01
   2.3537126e+01
   2.3562177e+01
   2.3587219e+01
   2.3612247e+01
   2.3637263e+01
   2.3662266e+01
   2.3687258e+01
   2.3712234e+01
   2.3737196e+01
   2.3762145e+01
   2.3787077e+01
   2.3811994e+01
   2.3836894e+01
   2.3861777e+01
   2.3886642e+01
   2.3911492e+01
   2.3936324e+01
   2.3961137e+01
   2.3985932e+01
   2.4010708e+01
   2.4035459e+01
   2.4060193e+01
   2.4084900e+01
   2.4109591e+01
   2.4134256e+01
   2.4158899e+01
   2.4183516e+01
   2.4208110e+01
   2.4232683e+01
   2.4257228e+01
   2.4281747e+01
   2.4306238e+01
   2.4330703e+01
   2.4355142e+01
   2.4379553e+01
   2.4403935e+01
   2.4428288e+01
   2.4452612e+01
   2.4476906e+01
   2.4501166e+01
   2.4525396e+01
   2.4549598e+01
   2.4573764e+01
   2.4597897e+01
   2.4622000e+01
   2.4646063e+01
   2.4670095e+01
   2.4694086e+01
   2.4718045e+01
   2.4741968e+01
   2.4765851e+01
   2.4789697e+01
   2.4813503e+01
   2.4837270e+01
   2.4860998e+01
   2.4884686e+01
   2.4908333e+01
   2.4931934e+01
   2.4955497e+01
   2.4979015e+01
   2.5002488e+01
   2.5025917e+01
   2.5049305e+01
   2.5072646e+01
   2.5095944e+01
   2.5119191e+01
   2.5142392e+01
   2.5165544e+01
   2.5188646e+01
   2.5211701e+01
   2.5234705e+01
   2.5257655e+01
   2.5280553e+01
   2.5303399e+01
   2.5326196e+01
   2.5348936e+01
   2.5371623e+01
   2.5394256e+01
   2.5416830e+01
   2.5439345e+01
   2.5461805e+01
   2.5484211e+01
   2.5506554e+01
   2.5528838e+01
   2.5551062e+01
   2.5573224e+01
   2.5595323e+01
   2.5617362e+01
   2.5639337e+01
   2.5661247e+01
   2.5683092e+01
   2.5704873e+01
   2.5726586e+01
   2.5748231e+01
   2.5769810e+01
   2.5791320e+01
   2.5812758e+01
   2.5834126e+01
   2.5855421e+01
   2.5876646e+01
   2.5897796e+01
   2.5918874e+01
   2.5939875e+01
   2.5960802e+01
   2.5981652e+01
   2.6002427e+01
   2.6023125e+01
   2.6043740e+01
   2.6064279e+01
   2.6084735e+01
   2.6105107e+01
   2.6125397e+01
   2.6145602e+01
   2.6165725e+01
   2.6185760e+01
   2.6205708e+01
   2.6225566e+01
   2.6245341e+01
   2.6265027e+01
   2.6284620e+01
   2.6304121e+01
   2.6323531e+01
   2.6342850e+01
   2.6362073e+01
   2.6381198e+01
   2.6400230e+01
   2.6419164e+01
   2.6437999e+01
   2.6456735e+01
   2.6475373e+01
   2.6493908e+01
   2.6512338e+01
   2.6530667e+01
   2.6548889e+01
   2.6567009e+01
   2.6585021e+01
   2.6602927e+01
   2.6620721e+01
   2.6638410e+01
   2.6655984e+01
   2.6673446e+01
   2.6690794e+01
   2.6708028e+01
   2.6725146e+01
   2.6742147e+01
   2.6759028e+01
   2.6775794e+01
   2.6792441e+01
   2.6808966e+01
   2.6825366e+01
   2.6841643e+01
   2.6857792e+01
   2.6873815e+01
   2.6889710e+01
   2.6905477e+01
   2.6921112e+01
   2.6936619e+01
   2.6951991e+01
   2.6967227e+01
   2.6982331e+01
   2.6997298e+01
   2.7012127e+01
   2.7026817e+01
   2.7041365e+01
   2.7055772e+01
   2.7070035e+01
   2.7084154e+01
   2.7098128e+01
   2.7111954e+01
   2.7125632e+01
   2.7139159e+01
   2.7152538e+01
   2.7165762e+01
   2.7178836e+01
   2.7191750e+01
   2.7204507e+01
   2.7217105e+01
   2.7229544e+01
   2.7241821e+01
   2.7253934e+01
   2.7265887e+01
   2.7277672e+01
   2.7289290e+01
   2.7300740e+01
   2.7312020e+01
   2.7323129e+01
   2.7334067e+01
   2.7344827e+01
   2.7355412e+01
   2.7365818e+01
   2.7376047e+01
   2.7386093e+01
   2.7395955e+01
   2.7405636e+01
   2.7415129e+01
   2.7424438e+01
   2.7433560e+01
   2.7442490e+01
   2.7451229e+01
   2.7459774e+01
   2.7468124e+01
   2.7476278e+01
   2.7484233e+01
   2.7491988e+01
   2.7499541e+01
   2.7506891e+01
   2.7514034e+01
   2.7520971e+01
   2.7527700e+01
   2.7534219e+01
   2.7540527e+01
   2.7546622e+01
   2.7552501e+01
   2.7558166e+01
   2.7563611e+01
   2.7568836e+01
   2.7573841e+01
   2.7578621e+01
   2.7583174e+01
   2.7587501e+01
   2.7591598e+01
   2.7595465e+01
   2.7599097e+01
   2.7602495e+01
   2.7605659e+01
   2.7608583e+01
   2.7611268e+01
   2.7613711e+01
   2.7615912e+01
   2.7617866e+01
   2.7619573e+01
   2.7621029e+01
   2.7622235e+01
   2.7623186e+01
   2.7623886e+01
   2.7624328e+01
   2.7624509e+01
   2.7624431e+01
   2.7624091e+01
   2.7623488e+01
   2.7622616e+01
   2.7621476e+01
   2.7620066e+01
   2.7618382e+01
   2.7616425e+01
   2.7614190e+01
   2.7611679e+01
   2.7608889e+01
   2.7605815e+01
   2.7602457e+01
   2.7598812e+01
   2.7594879e+01
   2.7590655e+01
   2.7586138e+01
   2.7581328e+01
   2.7576221e+01
   2.7570815e+01
   2.7565108e+01
   2.7559098e+01
   2.7552782e+01
   2.7546160e+01
   2.7539227e+01
   2.7531986e+01
   2.7524430e+01
   2.7516556e+01
   2.7508366e+01
   2.7499856e+01
   2.7491022e+01
   2.7481865e+01
   2.7472382e+01
   2.7462571e+01
   2.7452426e+01
   2.7441949e+01
   2.7431135e+01
   2.7419984e+01
   2.7408492e+01
   2.7396659e+01
   2.7384481e+01
   2.7371958e+01
   2.7359084e+01
   2.7345861e+01
   2.7332283e+01
   2.7318347e+01
   2.7304052e+01
   2.7289399e+01
   2.7274381e+01
   2.7258999e+01
   2.7243249e+01
   2.7227133e+01
   2.7210642e+01
   2.7193778e+01
   2.7176536e+01
   2.7158914e+01
   2.7140912e+01
   2.7122524e+01
   2.7103746e+01
   2.7084578e+01
   2.7065022e+01
   2.7045070e+01
   2.7024725e+01
   2.7003980e+01
   2.6982835e+01
   2.6961288e+01
   2.6939331e+01
   2.6916964e+01
   2.6894191e+01
   2.6871005e+01
   2.6847399e+01
   2.6823376e+01
   2.6798935e+01
   2.6774067e+01
   2.6748773e+01
   2.6723049e+01
   2.6696897e+01
   2.6670312e+01
   2.6643291e+01
   2.6615830e+01
   2.6587926e+01
   2.6559580e+01
   2.6530790e+01
   2.6501549e+01
   2.6471860e+01
   2.6441720e+01
   2.6411123e+01
   2.6380067e+01
   2.6348552e+01
   2.6316573e+01
   2.6284128e+01
   2.6251213e+01
   2.6217828e+01
   2.6183970e+01
   2.6149638e+01
   2.6114828e+01
   2.6079536e+01
   2.6043762e+01
   2.6007505e+01
   2.5970759e+01
   2.5933524e+01
   2.5895797e+01
   2.5857572e+01
   2.5818853e+01
   2.5779637e+01
   2.5739920e+01
   2.5699696e+01
   2.5658967e+01
   2.5617731e+01
   2.5575984e+01
   2.5533722e+01
   2.5490943e+01
   2.5447646e+01
   2.5403833e+01
   2.5359494e+01
   2.5314637e+01
   2.5269253e+01
   2.5223341e+01
   2.5176899e+01
   2.5129928e+01
   2.5082422e+01
   2.5034381e+01
   2.4985799e+01
   2.4936679e+01
   2.4887017e+01
   2.4836812e+01
   2.4786065e+01
   2.4734770e+01
   2.4682925e+01
   2.4630532e+01
   2.4577590e+01
   2.4524096e+01
   2.4470048e+01
   2.4415446e+01
   2.4360287e+01
   2.4304568e+01
   2.4248295e+01
   2.4191459e+01
   2.4134062e+01
   2.4076100e+01
   2.4017578e+01
   2.3958494e+01
   2.3898845e+01
   2.3838631e+01
   2.3777854e+01
   2.3716509e+01
   2.3654600e+01
   2.3592123e+01
   2.3529082e+01
   2.3465473e+01
   2.3401295e+01
   2.3336551e+01
   2.3271242e+01
   2.3205367e+01
   2.3138924e+01
   2.3071918e+01
   2.3004346e+01
   2.2936211e+01
   2.2867513e+01
   2.2798255e+01
   2.2728434e+01
   2.2658053e+01
   2.2587113e+01
   2.2515618e+01
   2.2443567e+01
   2.2370965e+01
   2.2297810e+01
   2.2224104e+01
   2.2149854e+01
   2.2075058e+01
   2.1999719e+01
   2.1923842e+01
   2.1847426e+01
   2.1770480e+01
   2.1693004e+01
   2.1615001e+01
   2.1536473e+01
   2.1457430e+01
   2.1377868e+01
   2.1297796e+01
   2.1217216e+01
   2.1136136e+01
   2.1054557e+01
   2.0972483e+01
   2.0889921e+01
   2.0806876e+01
   2.0723354e+01
   2.0639363e+01
   2.0554907e+01
   2.0469991e+01
   2.0384620e+01
   2.0298803e+01
   2.0212545e+01
   2.0125855e+01
   2.0038739e+01
   1.9951204e+01
   1.9863257e+01
   1.9774907e+01
   1.9686162e+01
   1.9597028e+01
   1.9507514e+01
   1.9417633e+01
   1.9327390e+01
   1.9236795e+01
   1.9145857e+01
   1.9054585e+01
   1.8962987e+01
   1.8871076e+01
   1.8778860e+01
   1.8686354e+01
   1.8593562e+01
   1.8500498e+01
   1.8407172e+01
   1.8313595e+01
   1.8219777e+01
   1.8125732e+01
   1.8031473e+01
   1.7937008e+01
   1.7842350e+01
   1.7747515e+01
   1.7652510e+01
   1.7557348e+01
   1.7462042e+01
   1.7366607e+01
   1.7271054e+01
   1.7175397e+01
   1.7079648e+01
   1.6983821e+01
   1.6887930e+01
   1.6791990e+01
   1.6696012e+01
   1.6600010e+01
   1.6503997e+01
   1.6407987e+01
   1.6311995e+01
   1.6216034e+01
   1.6120118e+01
   1.6024262e+01
   1.5928481e+01
   1.5832786e+01
   1.5737194e+01
   1.5641715e+01
   1.5546369e+01
   1.5451166e+01
   1.5356121e+01
   1.5261247e+01
   1.5166557e+01
   1.5072069e+01
   1.4977795e+01
   1.4883747e+01
   1.4789941e+01
   1.4696391e+01
   1.4603107e+01
   1.4510106e+01
   1.4417398e+01
   1.4324998e+01
   1.4232918e+01
   1.4141171e+01
   1.4049770e+01
   1.3958727e+01
   1.3868056e+01
   1.3777767e+01
   1.3687873e+01
   1.3598384e+01
   1.3509313e+01
   1.3420673e+01
   1.3332472e+01
   1.3244720e+01
   1.3157431e+01
   1.3070612e+01
   1.2984277e+01
   1.2898431e+01
   1.2813087e+01
   1.2728254e+01
   1.2643940e+01
   1.2560153e+01
   1.2476903e+01
   1.2394198e+01
   1.2312047e+01
   1.2230456e+01
   1.2149433e+01
   1.2068985e+01
   1.1989117e+01
   1.1909839e+01
   1.1831156e+01
   1.1753072e+01
   1.1675594e+01
   1.1598726e+01
   1.1522473e+01
   1.1446842e+01
   1.1371836e+01
   1.1297459e+01
   1.1223715e+01
   1.1150609e+01
   1.1078143e+01
   1.1006320e+01
   1.0935142e+01
   1.0864613e+01
   1.0794734e+01
   1.0725507e+01
   1.0656933e+01
   1.0589016e+01
   1.0521754e+01
   1.0455149e+01
   1.0389202e+01
   1.0323913e+01
   1.0259282e+01
   1.0195310e+01
   1.0131995e+01
   1.0069337e+01
   1.0007335e+01
   9.9459876e+00
   9.8852937e+00
   9.8252528e+00
   9.7658632e+00
   9.7071218e+00
   9.6490265e+00
   9.5915757e+00
   9.5347665e+00
   9.4785970e+00
   9.4230633e+00
   9.3681636e+00
   9.3138949e+00
   9.2602535e+00
   9.2072358e+00
   9.1548390e+00
   9.1030581e+00
   9.0518908e+00
   9.0013325e+00
   8.9513797e+00
   8.9020276e+00
   8.8532714e+00
   8.8051077e+00
   8.7575322e+00
   8.7105391e+00
   8.6641248e+00
   8.6182834e+00
   8.5730111e+00
   8.5283030e+00
   8.4841541e+00
   8.4405585e+00
   8.3975122e+00
   8.3550103e+00
   8.3130472e+00
   8.2716171e+00
   8.2307149e+00
   8.1903355e+00
   8.1504741e+00
   8.1111250e+00
   8.0722822e+00
   8.0339411e+00
   7.9960958e+00
   7.9587413e+00
   7.9218710e+00
   7.8854795e+00
   7.8495627e+00
   7.8141138e+00
   7.7791288e+00
   7.7446010e+00
   7.7105255e+00
   7.6768958e+00
   7.6437073e+00
   7.6109549e+00
   7.5786316e+00
   7.5467329e+00
   7.5152533e+00
   7.4841875e+00
   7.4535299e+00
   7.4232756e+00
   7.3934190e+00
   7.3639549e+00
   7.3348780e+00
   7.3061836e+00
   7.2778650e+00
   7.2499183e+00
   7.2223371e+00
   7.1951173e+00
   7.1682532e+00
   7.1417411e+00
   7.1155748e+00
   7.0897491e+00
   7.0642602e+00
   7.0391028e+00
   7.0142719e+00
   6.9897630e+00
   6.9655712e+00
   6.9416916e+00
   6.9181196e+00
   6.8948508e+00
   6.8718801e+00
   6.8492037e+00
   6.8268170e+00
   6.8047158e+00
   6.7828951e+00
   6.7613510e+00
   6.7400789e+00
   6.7190745e+00
   6.6983344e+00
   6.6778540e+00
   6.6576296e+00
   6.6376564e+00
   6.6179309e+00
   6.5984489e+00
   6.5792068e+00
   6.5602009e+00
   6.5414273e+00
   6.5228820e+00
   6.5045616e+00
   6.4864622e+00
   6.4685803e+00
   6.4509127e+00
   6.4334557e+00
   6.4162062e+00
   6.3991605e+00
   6.3823153e+00
   6.3656670e+00
   6.3492121e+00
   6.3329479e+00
   6.3168713e+00
   6.3009797e+00
   6.2852695e+00
   6.2697372e+00
   6.2543810e+00
   6.2391968e+00
   6.2241824e+00
   6.2093344e+00
   6.1946504e+00
   6.1801278e+00
   6.1657640e+00
   6.1515652e+00
   6.8126910e+00
   7.4602728e+00
   8.0950367e+00
   8.7178194e+00
   9.3294071e+00
   9.9305457e+00
   1.0521934e+01
   1.1104230e+01
   1.1678043e+01
   1.2243945e+01
   1.2802460e+01
   1.3354079e+01
   1.3899258e+01
   1.4438420e+01
   1.4971961e+01
   1.5500257e+01
   1.6023673e+01
   1.6542570e+01
   1.7057318e+01
   1.7568313e+01
   1.8075982e+01
   1.8580816e+01
   1.9083382e+01
   1.9584354e+01
   2.0084536e+01
   2.0584895e+01
   2.1086594e+01
   2.1591032e+01
   2.2099879e+01
   2.2615121e+01
   2.3139104e+01
   2.3674582e+01
   2.4224764e+01
   2.4793354e+01
   2.5384586e+01
   2.6003247e+01
   2.6654649e+01
   2.7344502e+01
   2.8078671e+01
   2.8862641e+01
   2.9700464e+01
   3.0592728e+01
   3.1534097e+01
   3.2515879e+01
   3.3523788e+01
   3.4536235e+01
   3.5525333e+01
   3.6460327e+01
   3.7312688e+01
   3.8060865e+01
   3.8140236e+01
   3.8133753e+01
   3.8049479e+01
   3.7898431e+01
   3.7691839e+01
   3.7440218e+01
   3.7153008e+01
   3.6838448e+01
   3.6503557e+01
   3.6154231e+01
   3.5795325e+01
   3.5430790e+01
   3.5063801e+01
   3.4696897e+01
   3.4332062e+01
   3.3970854e+01
   3.3614453e+01
   3.3263749e+01
   3.2919391e+01
   3.2581845e+01
   3.2251428e+01
   3.1928338e+01
   3.1612682e+01
   3.1304483e+01
   3.1003722e+01
   3.0710333e+01
   3.0424213e+01
   3.0145242e+01
   2.9873278e+01
   2.9608172e+01
   2.9349759e+01
   2.9097871e+01
   2.8852343e+01
   2.8613009e+01
   2.8379702e+01
   2.8152260e+01
   2.7930510e+01
   2.7714295e+01
   2.7503460e+01
   2.7297850e+01
   2.7097320e+01
   2.6901730e+01
   2.6710937e+01
   2.6524806e+01
   2.6343206e+01
   2.6166009e+01
   2.5993101e+01
   2.5824361e+01
   2.5659664e+01
   2.5498907e+01
   2.5341981e+01
   2.5188779e+01
   2.5039206e+01
   2.4893158e+01
   2.4750545e+01
   2.4611274e+01
   2.4475256e+01
   2.4342403e+01
   2.4212635e+01
   2.4085862e+01
   2.3962011e+01
   2.3841009e+01
   2.3722781e+01
   2.3607250e+01
   2.3494349e+01
   2.3384009e+01
   2.3276168e+01
   2.3170757e+01
   2.3067708e+01
   2.2966973e+01
   2.2868487e+01
   2.2772191e+01
   2.2678033e+01
   2.2585957e+01
   2.2495908e+01
   2.2407839e+01
   2.2321694e+01
   2.2237427e+01
   2.2154991e+01
   2.2074339e+01
   2.1995425e+01
   2.1918210e+01
   2.1842648e+01
   2.1768697e+01
   2.1696318e+01
   2.1625469e+01
   2.1556116e+01
   2.1488218e+01
   2.1421742e+01
   2.1356649e+01
   2.1292903e+01
   2.1230474e+01
   2.1169325e+01
   2.1109433e+01
   2.1050756e+01
   2.0993269e+01
   2.0936943e+01
   2.0881748e+01
   2.0827654e+01
   2.0774639e+01
   2.0722671e+01
   2.0671724e+01
   2.0621774e+01
   2.0572795e+01
   2.0524766e+01
   2.0477663e+01
   2.0431461e+01
   2.0386135e+01
   2.0341668e+01
   2.0298034e+01
   2.0255218e+01
   2.0213196e+01
   2.0171949e+01
   2.0131459e+01
   2.0091705e+01
   2.0052672e+01
   2.0014339e+01
   1.9976690e+01
   1.9939707e+01
   1.9903374e+01
   1.9867674e+01
   1.9832594e+01
   1.9798115e+01
   1.9764224e+01
   1.9730903e+01
   1.9698145e+01
   1.9665925e+01
   1.9634242e+01
   1.9603073e+01
   1.9572413e+01
   1.9542240e+01
   1.9512549e+01
   1.9483326e+01
   1.9454560e+01
   1.9426238e+01
   1.9398349e+01
   1.9370885e+01
   1.9343832e+01
   1.9317181e+01
   1.9290923e+01
   1.9265046e+01
   1.9239541e+01
   1.9214399e+01
   1.9189611e+01
   1.9165167e+01
   1.9141057e+01
   1.9117276e+01
   1.9093816e+01
   1.9070668e+01
   1.9047824e+01
   1.9025275e+01
   1.9003014e+01
   1.8981035e+01
   1.8959327e+01
   1.8937889e+01
   1.8916708e+01
   1.8895780e+01
   1.8875103e+01
   1.8854664e+01
   1.8834461e+01
   1.8814486e+01
   1.8794733e+01
   1.8775199e+01
   1.8755876e+01
   1.8736755e+01
   1.8717838e+01
   1.8699117e+01
   1.8680586e+01
   1.8662240e+01
   1.8644073e+01
   1.8626083e+01
   1.8608263e+01
   1.8590610e+01
   1.8573119e+01
   1.8555788e+01
   1.8538613e+01
   1.8521590e+01
   1.8504712e+01
   1.8487976e+01
   1.8471379e+01
   1.8454918e+01
   1.8438586e+01
   1.8422381e+01
   1.8406304e+01
   1.8390343e+01
   1.8374502e+01
   1.8358774e+01
   1.8343157e+01
   1.8327651e+01
   1.8312249e+01
   1.8296950e+01
   1.8281754e+01
   1.8266654e+01
   1.8251649e+01
   1.8236735e+01
   1.8221907e+01
   1.8207166e+01
   1.8192512e+01
   1.8177938e+01
   1.8163443e+01
   1.8149024e+01
   1.8134681e+01
   1.8120413e+01
   1.8106219e+01
   1.8092089e+01
   1.8078027e+01
   1.8064033e+01
   1.8050099e+01
   1.8036227e+01
   1.8022414e+01
   1.8008658e+01
   1.7994959e+01
   1.7981314e+01
   1.7967721e+01
   1.7954180e+01
   1.7940687e+01
   1.7927240e+01
   1.7913840e+01
   1.7900486e+01
   1.7887176e+01
   1.7873910e+01
   1.7860685e+01
   1.7847500e+01
   1.7834351e+01
   1.7821241e+01
   1.7808165e+01
   1.7795127e+01
   1.7782120e+01
   1.7769142e+01
   1.7756199e+01
   1.7743286e+01
   1.7730402e+01
   1.7717547e+01
   1.7704715e+01
   1.7691914e+01
   1.7679133e+01
   1.7666381e+01
   1.7653652e+01
   1.7640946e+01
   1.7628260e+01
   1.7615596e+01
   1.7602952e+01
   1.7590329e+01
   1.7577722e+01
   1.7565136e+01
   1.7552564e+01
   1.7540013e+01
   1.7527469e+01
   1.7514943e+01
   1.7502433e+01
   1.7489933e+01
   1.7477450e+01
   1.7464979e+01
   1.7452520e+01
   1.7440071e+01
   1.7427629e+01
   1.7415202e+01
   1.7402785e+01
   1.7390378e+01
   1.7377979e+01
   1.7365584e+01
   1.7353202e+01
   1.7340826e+01
   1.7328457e+01
   1.7316095e+01
   1.7303735e+01
   1.7291381e+01
   1.7279035e+01
   1.7266693e+01
   1.7254356e+01
   1.7242021e+01
   1.7229690e+01
   1.7217363e+01
   1.7205037e+01
   1.7192715e+01
   1.7180398e+01
   1.7168084e+01
   1.7155772e+01
   1.7143459e+01
   1.7131150e+01
   1.7118841e+01
   1.7106534e+01
   1.7094228e+01
   1.7081923e+01
   1.7069617e+01
   1.7057313e+01
   1.7045007e+01
   1.7032701e+01
   1.7020394e+01
   1.7008087e+01
   1.6995780e+01
   1.6983474e+01
   1.6971165e+01
   1.6958855e+01
   1.6946542e+01
   1.6934228e+01
   1.6921911e+01
   1.6909593e+01
   1.6897273e+01
   1.6884954e+01
   1.6872631e+01
   1.6860308e+01
   1.6847980e+01
   1.6835648e+01
   1.6823314e+01
   1.6810974e+01
   1.6798637e+01
   1.6786295e+01
   1.6773954e+01
   1.6761610e+01
   1.6749261e+01
   1.6736911e+01
   1.6724556e+01
   1.6712200e+01
   1.6699841e+01
   1.6687478e+01
   1.6675115e+01
   1.6662747e+01
   1.6650377e+01
   1.6638007e+01
   1.6625633e+01
   1.6613256e+01
   1.6600879e+01
   1.6588502e+01
   1.6576122e+01
   1.6563736e+01
   1.6551351e+01
   1.6538965e+01
   1.6526573e+01
   1.6514179e+01
   1.6501784e+01
   1.6489389e+01
   1.6476993e+01
   1.6464595e+01
   1.6452197e+01
   1.6439794e+01
   1.6427392e+01
   1.6414989e+01
   1.6402585e+01
   1.6390179e+01
   1.6377773e+01
   1.6365368e+01
   1.6352962e+01
   1.6340556e+01
   1.6328145e+01
   1.6315736e+01
   1.6303327e+01
   1.6290921e+01
   1.6278516e+01
   1.6266108e+01
   1.6253704e+01
   1.6241300e+01
   1.6228898e+01
   1.6216494e+01
   1.6204095e+01
   1.6191693e+01
   1.6179296e+01
   1.6166897e+01
   1.6154505e+01
   1.6142112e+01
   1.6129725e+01
   1.6117339e+01
   1.6104957e+01
   1.6092579e+01
   1.6080203e+01
   1.6067830e+01
   1.6055466e+01
   1.6043103e+01
   1.6030746e+01
   1.6018392e+01
   1.6006043e+01
   1.5993702e+01
   1.5981363e+01
   1.5969030e+01
   1.5956701e+01
   1.5944381e+01
   1.5932065e+01
   1.5919757e+01
   1.5907455e+01
   1.5895162e+01
   1.5882876e+01
   1.5870597e+01
   1.5858326e+01
   1.5846062e+01
   1.5833806e+01
   1.5821558e+01
   1.5809321e+01
   1.5797089e+01
   1.5784871e+01
   1.5772660e+01
   1.5760462e+01
   1.5748277e+01
   1.5736101e+01
   1.5723932e+01
   1.5711775e+01
   1.5699631e+01
   1.5687497e+01
   1.5675378e+01
   1.5663269e+01
   1.5651173e+01
   1.5639091e+01
   1.5627020e+01
   1.5614964e+01
   1.5602924e+01
   1.5590899e+01
   1.5578885e+01
   1.5566885e+01
   1.5554904e+01
   1.5542940e+01
   1.5530988e+01
   1.5519051e+01
   1.5507132e+01
   1.5495230e+01
   1.5483345e+01
   1.5471478e+01
   1.5459630e+01
   1.5447798e+01
   1.5435987e+01
   1.5424193e+01
   1.5412415e+01
   1.5400659e+01
   1.5388924e+01
   1.5377209e+01
   1.5365514e+01
   1.5353840e+01
   1.5342188e+01
   1.5330558e+01
   1.5318946e+01
   1.5307357e+01
   1.5295790e+01
   1.5284245e+01
   1.5272724e+01
   1.5261226e+01
   1.5249752e+01
   1.5238302e+01
   1.5226879e+01
   1.5215478e+01
   1.5204104e+01
   1.5192756e+01
   1.5181433e+01
   1.5170136e+01
   1.5158863e+01
   1.5147617e+01
   1.5136399e+01
   1.5125210e+01
   1.5114046e+01
   1.5102913e+01
   1.5091810e+01
   1.5080736e+01
   1.5069684e+01
   1.5058668e+01
   1.5047679e+01
   1.5036723e+01
   1.5025799e+01
   1.5014903e+01
   1.5004040e+01
   1.4993204e+01
   1.4982403e+01
   1.4971634e+01
   1.4960897e+01
   1.4950190e+01
   1.4939520e+01
   1.4928882e+01
   1.4918279e+01
   1.4907710e+01
   1.4897175e+01
   1.4886675e+01
   1.4876209e+01
   1.4865780e+01
   1.4855385e+01
   1.4845025e+01
   1.4834704e+01
   1.4824421e+01
   1.4814173e+01
   1.4803966e+01
   1.4793798e+01
   1.4783667e+01
   1.4773572e+01
   1.4763514e+01
   1.4753498e+01
   1.4743521e+01
   1.4733578e+01
   1.4723679e+01
   1.4713822e+01
   1.4704004e+01
   1.4694227e+01
   1.4684492e+01
   1.4674798e+01
   1.4665145e+01
   1.4655533e+01
   1.4645963e+01
   1.4636435e+01
   1.4626952e+01
   1.4617511e+01
   1.4608111e+01
   1.4598758e+01
   1.4589448e+01
   1.4580184e+01
   1.4570962e+01
   1.4561785e+01
   1.4552653e+01
   1.4543567e+01
   1.4534528e+01
   1.4525531e+01
   1.4516583e+01
   1.4507678e+01
   1.4498820e+01
   1.4490011e+01
   1.4481249e+01
   1.4472532e+01
   1.4463866e+01
   1.4455249e+01
   1.4446678e+01
   1.4438152e+01
   1.4429676e+01
   1.4421248e+01
   1.4412872e+01
   1.4404547e+01
   1.4396267e+01
   1.4388036e+01
   1.4379859e+01
   1.4371732e+01
   1.4363656e+01
   1.4355625e+01
   1.4347648e+01
   1.4339723e+01
   1.4331850e+01
   1.4324025e+01
   1.4316254e+01
   1.4308535e+01
   1.4300865e+01
   1.4293249e+01
   1.4285683e+01
   1.4278170e+01
   1.4270712e+01
   1.4263307e+01
   1.4255951e+01
   1.4248654e+01
   1.4241408e+01
   1.4234220e+01
   1.4227081e+01
   1.4219994e+01
   1.4212960e+01
   1.4205981e+01
   1.4199059e+01
   1.4192194e+01
   1.4185384e+01
   1.4178630e+01
   1.4171927e+01
   1.4165280e+01
   1.4158688e+01
   1.4152153e+01
   1.4145673e+01
   1.4139247e+01
   1.4132879e+01
   1.4126566e+01
   1.4120310e+01
   1.4114110e+01
   1.4107969e+01
   1.4101882e+01
   1.4095850e+01
   1.4089874e+01
   1.4083956e+01
   1.4078094e+01
   1.4072291e+01
   1.4066543e+01
   1.4060851e+01
   1.4055215e+01
   1.4049638e+01
   1.4044119e+01
   1.4038659e+01
   1.4033259e+01
   1.4027914e+01
   1.4022627e+01
   1.4017396e+01
   1.4012224e+01
   1.4007108e+01
   1.4002053e+01
   1.3997056e+01
   1.3992117e+01
   1.3987234e+01
   1.3982409e+01
   1.3977644e+01
   1.3972938e+01
   1.3968292e+01
   1.3963705e+01
   1.3959175e+01
   1.3954705e+01
   1.3950293e+01
   1.3945941e+01
   1.3941641e+01
   1.3937405e+01
   1.3933225e+01
   1.3929106e+01
   1.3925045e+01
   1.3921047e+01
   1.3917102e+01
   1.3913221e+01
   1.3909397e+01
   1.3905632e+01
   1.3901924e+01
   1.3898277e+01
   1.3894688e+01
   1.3891158e+01
   1.3887683e+01
   1.3884269e+01
   1.3880914e+01
   1.3877619e+01
   1.3874384e+01
   1.3871209e+01
   1.3868093e+01
   1.3865037e+01
   1.3862039e+01
   1.3859100e+01
   1.3856218e+01
   1.3853395e+01
   1.3850635e+01
   1.3847934e+01
   1.3845287e+01
   1.3842697e+01
   1.3840169e+01
   1.3837703e+01
   1.3835295e+01
   1.3832944e+01
   1.3830653e+01
   1.3828421e+01
   1.3826245e+01
   1.3824129e+01
   1.3822070e+01
   1.3820072e+01
   1.3818131e+01
   1.3816249e+01
   1.3814426e+01
   1.3812661e+01
   1.3810953e+01
   1.3809305e+01
   1.3807714e+01
   1.3806178e+01
   1.3804701e+01
   1.3803283e+01
   1.3801924e+01
   1.3800624e+01
   1.3799382e+01
   1.3798198e+01
   1.3797073e+01
   1.3796006e+01
   1.3794997e+01
   1.3794046e+01
   1.3793154e+01
   1.3792319e+01
   1.3791542e+01
   1.3790822e+01
   1.3790158e+01
   1.3789552e+01
   1.3789002e+01
   1.3788509e+01
   1.3788073e+01
   1.3787694e+01
   1.3787371e+01
   1.3787104e+01
   1.3786895e+01
   1.3786741e+01
   1.3786644e+01
   1.3786603e+01
   1.3786619e+01
   1.3786691e+01
   1.3786818e+01
   1.3787002e+01
   1.3787242e+01
   1.3787538e+01
   1.3787890e+01
   1.3788298e+01
   1.3788761e+01
   1.3789280e+01
   1.3789855e+01
   1.3790485e+01
   1.3791170e+01
   1.3791911e+01
   1.3792708e+01
   1.3793559e+01
   1.3794466e+01
   1.3795428e+01
   1.3796445e+01
   1.3797517e+01
   1.3798644e+01
   1.3799825e+01
   1.3801062e+01
   1.3802352e+01
   1.3803698e+01
   1.3805098e+01
   1.3806552e+01
   1.3808061e+01
   1.3809624e+01
   1.3811241e+01
   1.3812912e+01
   1.3814638e+01
   1.3816417e+01
   1.3818250e+01
   1.3820136e+01
   1.3822077e+01
   1.3824071e+01
   1.3826118e+01
   1.3828219e+01
   1.3830373e+01
   1.3832581e+01
   1.3834841e+01
   1.3837155e+01
   1.3839522e+01
   1.3841941e+01
   1.3844414e+01
   1.3846939e+01
   1.3849517e+01
   1.3852147e+01
   1.3854830e+01
   1.3857566e+01
   1.3860353e+01
   1.3863193e+01
   1.3866085e+01
   1.3869029e+01
   1.3872025e+01
   1.3875073e+01
   1.3878172e+01
   1.3881324e+01
   1.3884527e+01
   1.3887781e+01
   1.3891087e+01
   1.3894445e+01
   1.3897853e+01
   1.3901313e+01
   1.3904824e+01
   1.3908386e+01
   1.3911999e+01
   1.3915663e+01
   1.3919377e+01
   1.3923142e+01
   1.3926958e+01
   1.3930825e+01
   1.3934741e+01
   1.3938708e+01
   1.3942726e+01
   1.3946793e+01
   1.3950911e+01
   1.3955079e+01
   1.3959296e+01
   1.3963564e+01
   1.3967881e+01
   1.3972248e+01
   1.3976664e+01
   1.3981130e+01
   1.3985646e+01
   1.3990211e+01
   1.3994825e+01
   1.3999488e+01
   1.4004200e+01
   1.4008962e+01
   1.4013772e+01
   1.4018632e+01
   1.4023540e+01
   1.4028496e+01
   1.4033502e+01
   1.4038556e+01
   1.4043658e+01
   1.4048809e+01
   1.4054009e+01
   1.4059256e+01
   1.4064552e+01
   1.4069896e+01
   1.4075288e+01
   1.4080728e+01
   1.4086215e+01
   1.4091751e+01
   1.4097334e+01
   1.4102965e+01
   1.4108644e+01
   1.4114370e+01
   1.4120144e+01
   1.4125965e+01
   1.4131833e+01
   1.4137748e+01
   1.4143711e+01
   1.4149721e+01
   1.4155778e+01
   1.4161882e+01
   1.4168032e+01
   1.4174230e+01
   1.4180474e+01
   1.4186765e+01
   1.4193103e+01
   1.4199487e+01
   1.4205918e+01
   1.4212395e+01
   1.4218919e+01
   1.4225489e+01
   1.4232105e+01
   1.4238768e+01
   1.4245476e+01
   1.4252231e+01
   1.4259031e+01
   1.4265878e+01
   1.4272770e+01
   1.4279709e+01
   1.4286693e+01
   1.4293722e+01
   1.4300798e+01
   1.4307919e+01
   1.4315086e+01
   1.4322298e+01
   1.4329555e+01
   1.4336858e+01
   1.4344206e+01
   1.4351600e+01
   1.4359039e+01
   1.4366522e+01
   1.4374051e+01
   1.4381625e+01
   1.4389245e+01
   1.4396909e+01
   1.4404618e+01
   1.4412371e+01
   1.4420170e+01
   1.4428013e+01
   1.4435902e+01
   1.4443834e+01
   1.4451812e+01
   1.4459834e+01
   1.4467900e+01
   1.4476011e+01
   1.4484167e+01
   1.4492366e+01
   1.4500611e+01
   1.4508899e+01
   1.4517232e+01
   1.4525609e+01
   1.4534030e+01
   1.4542495e+01
   1.4551005e+01
   1.4559558e+01
   1.4568156e+01
   1.4576797e+01
   1.4585483e+01
   1.4594212e+01
   1.4602985e+01
   1.4611802e+01
   1.4620663e+01
   1.4629568e+01
   1.4638516e+01
   1.4647508e+01
   1.4656544e+01
   1.4665623e+01
   1.4674746e+01
   1.4683912e+01
   1.4693122e+01
   1.4702376e+01
   1.4711672e+01
   1.4721013e+01
   1.4730397e+01
   1.4739824e+01
   1.4749294e+01
   1.4758808e+01
   1.4768365e+01
   1.4777965e+01
   1.4787609e+01
   1.4797295e+01
   1.4807025e+01
   1.4816798e+01
   1.4826614e+01
   1.4836474e+01
   1.4846376e+01
   1.4856321e+01
   1.4866310e+01
   1.4876341e+01
   1.4886415e+01
   1.4896533e+01
   1.4906693e+01
   1.4916896e+01
   1.4927142e+01
   1.4937431e+01
   1.4947763e+01
   1.4958138e+01
   1.4968555e+01
   1.4979015e+01
   1.4989518e+01
   1.5000064e+01
   1.5010652e+01
   1.5021284e+01
   1.5031957e+01
   1.5042674e+01
   1.5053433e+01
   1.5064235e+01
   1.5075080e+01
   1.5085967e+01
   1.5096897e+01
   1.5107869e+01
   1.5118884e+01
   1.5129942e+01
   1.5141042e+01
   1.5152184e+01
   1.5163369e+01
   1.5174597e+01
   1.5185867e+01
   1.5197180e+01
   1.5208535e+01
   1.5219933e+01
   1.5231373e+01
   1.5242855e+01
   1.5254380e+01
   1.5265948e+01
   1.5277558e+01
   1.5289210e+01
   1.5300905e+01
   1.5312642e+01
   1.5324421e+01
   1.5336243e+01
   1.5348107e+01
   1.5360014e+01
   1.5371963e+01
   1.5383954e+01
   1.5395987e+01
   1.5408063e+01
   1.5420182e+01
   1.5432342e+01
   1.5444545e+01
   1.5456790e+01
   1.5469078e+01
   1.5481408e+01
   1.5493780e+01
   1.5506194e+01
   1.5518651e+01
   1.5531150e+01
   1.5543691e+01
   1.5556275e+01
   1.5568901e+01
   1.5581569e+01
   1.5594279e+01
   1.5607032e+01
   1.5619827e+01
   1.5632664e+01
   1.5645543e+01
   1.5658465e+01
   1.5671429e+01
   1.5684435e+01
   1.5697483e+01
   1.5710574e+01
   1.5723707e+01
   1.5736882e+01
   1.5750099e+01
   1.5763358e+01
   1.5776660e+01
   1.5790004e+01
   1.5803390e+01
   1.5816818e+01
   1.5830289e+01
   1.5843802e+01
   1.5857357e+01
   1.5870954e+01
   1.5884593e+01
   1.5898275e+01
   1.5911998e+01
   1.5925764e+01
   1.5939572e+01
   1.5953423e+01
   1.5967315e+01
   1.5981250e+01
   1.5995226e+01
   1.6009245e+01
   1.6023306e+01
   1.6037410e+01
   1.6051555e+01
   1.6065742e+01
   1.6079972e+01
   1.6094244e+01
   1.6108558e+01
   1.6122914e+01
   1.6137312e+01
   1.6151752e+01
   1.6166235e+01
   1.6180759e+01
   1.6195326e+01
   1.6209934e+01
   1.6224585e+01
   1.6239278e+01
   1.6254012e+01
   1.6268789e+01
   1.6283608e+01
   1.6298469e+01
   1.6313372e+01
   1.6328317e+01
   1.6343304e+01
   1.6358333e+01
   1.6373404e+01
   1.6388517e+01
   1.6403672e+01
   1.6418868e+01
   1.6434107e+01
   1.6449388e+01
   1.6464710e+01
   1.6480075e+01
   1.6495481e+01
   1.6510929e+01
   1.6526419e+01
   1.6541951e+01
   1.6557525e+01
   1.6573140e+01
   1.6588797e+01
   1.6604496e+01
   1.6620237e+01
   1.6636019e+01
   1.6651843e+01
   1.6667709e+01
   1.6683616e+01
   1.6699565e+01
   1.6715555e+01
   1.6731588e+01
   1.6747661e+01
   1.6763776e+01
   1.6779933e+01
   1.6796131e+01
   1.6812370e+01
   1.6828651e+01
   1.6844974e+01
   1.6861337e+01
   1.6877742e+01
   1.6894188e+01
   1.6910676e+01
   1.6927204e+01
   1.6943774e+01
   1.6960385e+01
   1.6977037e+01
   1.6993730e+01
   1.7010464e+01
   1.7027239e+01
   1.7044055e+01
   1.7060912e+01
   1.7077809e+01
   1.7094748e+01
   1.7111727e+01
   1.7128747e+01
   1.7145807e+01
   1.7162908e+01
   1.7180050e+01
   1.7197232e+01
   1.7214455e+01
   1.7231718e+01
   1.7249021e+01
   1.7266364e+01
   1.7283748e+01
   1.7301172e+01
   1.7318636e+01
   1.7336140e+01
   1.7353684e+01
   1.7371268e+01
   1.7388892e+01
   1.7406555e+01
   1.7424258e+01
   1.7442001e+01
   1.7459784e+01
   1.7477605e+01
   1.7495467e+01
   1.7513367e+01
   1.7531307e+01
   1.7549286e+01
   1.7567304e+01
   1.7585361e+01
   1.7603457e+01
   1.7621592e+01
   1.7639765e+01
   1.7657977e+01
   1.7676228e+01
   1.7694517e+01
   1.7712844e+01
   1.7731210e+01
   1.7749614e+01
   1.7768056e+01
   1.7786536e+01
   1.7805054e+01
   1.7823609e+01
   1.7842203e+01
   1.7860833e+01
   1.7879502e+01
   1.7898207e+01
   1.7916950e+01
   1.7935730e+01
   1.7954546e+01
   1.7973400e+01
   1.7992290e+01
   1.8011217e+01
   1.8030181e+01
   1.8049180e+01
   1.8068216e+01
   1.8087288e+01
   1.8106396e+01
   1.8125540e+01
   1.8144719e+01
   1.8163934e+01
   1.8183185e+01
   1.8202470e+01
   1.8221791e+01
   1.8241146e+01
   1.8260537e+01
   1.8279961e+01
   1.8299421e+01
   1.8318915e+01
   1.8338442e+01
   1.8358004e+01
   1.8377600e+01
   1.8397229e+01
   1.8416892e+01
   1.8436588e+01
   1.8456317e+01
   1.8476079e+01
   1.8495874e+01
   1.8515702e+01
   1.8535562e+01
   1.8555454e+01
   1.8575378e+01
   1.8595334e+01
   1.8615321e+01
   1.8635341e+01
   1.8655391e+01
   1.8675472e+01
   1.8695584e+01
   1.8715727e+01
   1.8735900e+01
   1.8756104e+01
   1.8776337e+01
   1.8796600e+01
   1.8816893e+01
   1.8837215e+01
   1.8857566e+01
   1.8877946e+01
   1.8898355e+01
   1.8918792e+01
   1.8939257e+01
   1.8959750e+01
   1.8980271e+01
   1.9000819e+01
   1.9021394e+01
   1.9041997e+01
   1.9062626e+01
   1.9083282e+01
   1.9103963e+01
   1.9124671e+01
   1.9145404e+01
   1.9166163e+01
   1.9186947e+01
   1.9207756e+01
   1.9228589e+01
   1.9249447e+01
   1.9270328e+01
   1.9291234e+01
   1.9312162e+01
   1.9333114e+01
   1.9354089e+01
   1.9375087e+01
   1.9396107e+01
   1.9417148e+01
   1.9438212e+01
   1.9459297e+01
   1.9480403e+01
   1.9501529e+01
   1.9522677e+01
   1.9543844e+01
   1.9565031e+01
   1.9586238e+01
   1.9607464e+01
   1.9628708e+01
   1.9649972e+01
   1.9671253e+01
   1.9692552e+01
   1.9713869e+01
   1.9735203e+01
   1.9756554e+01
   1.9777921e+01
   1.9799305e+01
   1.9820704e+01
   1.9842119e+01
   1.9863549e+01
   1.9884993e+01
   1.9906452e+01
   1.9927925e+01
   1.9949411e+01
   1.9970911e+01
   1.9992424e+01
   2.0013949e+01
   2.0035486e+01
   2.0057035e+01
   2.0078596e+01
   2.0100167e+01
   2.0121749e+01
   2.0143341e+01
   2.0164943e+01
   2.0186555e+01
   2.0208175e+01
   2.0229804e+01
   2.0251441e+01
   2.0273086e+01
   2.0294738e+01
   2.0316398e+01
   2.0338063e+01
   2.0359735e+01
   2.0381413e+01
   2.0403096e+01
   2.0424784e+01
   2.0446476e+01
   2.0468172e+01
   2.0489872e+01
   2.0511575e+01
   2.0533281e+01
   2.0554988e+01
   2.0576698e+01
   2.0598409e+01
   2.0620121e+01
   2.0641833e+01
   2.0663546e+01
   2.0685257e+01
   2.0706968e+01
   2.0728678e+01
   2.0750386e+01
   2.0772091e+01
   2.0793794e+01
   2.0815493e+01
   2.0837188e+01
   2.0858880e+01
   2.0880566e+01
   2.0902248e+01
   2.0923924e+01
   2.0945593e+01
   2.0967256e+01
   2.0988912e+01
   2.1010560e+01
   2.1032200e+01
   2.1053832e+01
   2.1075454e+01
   2.1097067e+01
   2.1118669e+01
   2.1140261e+01
   2.1161842e+01
   2.1183411e+01
   2.1204968e+01
   2.1226512e+01
   2.1248043e+01
   2.1269560e+01
   2.1291062e+01
   2.1312550e+01
   2.1334023e+01
   2.1355479e+01
   2.1376920e+01
   2.1398343e+01
   2.1419748e+01
   2.1441136e+01
   2.1462505e+01
   2.1483855e+01
   2.1505185e+01
   2.1526494e+01
   2.1547783e+01
   2.1569051e+01
   2.1590296e+01
   2.1611519e+01
   2.1632719e+01
   2.1653895e+01
   2.1675047e+01
   2.1696174e+01
   2.1717275e+01
   2.1738350e+01
   2.1759399e+01
   2.1780421e+01
   2.1801415e+01
   2.1822380e+01
   2.1843317e+01
   2.1864223e+01
   2.1885100e+01
   2.1905946e+01
   2.1926760e+01
   2.1947542e+01
   2.1968292e+01
   2.1989008e+01
   2.2009690e+01
   2.2030338e+01
   2.2050951e+01
   2.2071528e+01
   2.2092068e+01
   2.2112571e+01
   2.2133036e+01
   2.2153463e+01
   2.2173851e+01
   2.2194199e+01
   2.2214507e+01
   2.2234773e+01
   2.2254998e+01
   2.2275181e+01
   2.2295320e+01
   2.2315416e+01
   2.2335467e+01
   2.2355473e+01
   2.2375433e+01
   2.2395346e+01
   2.2415212e+01
   2.2435031e+01
   2.2454800e+01
   2.2474520e+01
   2.2494190e+01
   2.2513809e+01
   2.2533377e+01
   2.2552892e+01
   2.2572354e+01
   2.2591763e+01
   2.2611116e+01
   2.2630415e+01
   2.2649657e+01
   2.2668843e+01
   2.2687971e+01
   2.2707040e+01
   2.2726050e+01
   2.2745001e+01
   2.2763890e+01
   2.2782718e+01
   2.2801484e+01
   2.2820186e+01
   2.2838824e+01
   2.2857398e+01
   2.2875906e+01
   2.2894347e+01
   2.2912721e+01
   2.2931027e+01
   2.2949264e+01
   2.2967431e+01
   2.2985527e+01
   2.3003552e+01
   2.3021504e+01
   2.3039383e+01
   2.3057187e+01
   2.3074917e+01
   2.3092570e+01
   2.3110146e+01
   2.3127645e+01
   2.3145065e+01
   2.3162405e+01
   2.3179664e+01
   2.3196842e+01
   2.3213937e+01
   2.3230949e+01
   2.3247876e+01
   2.3264718e+01
   2.3281473e+01
   2.3298141e+01
   2.3314721e+01
   2.3331211e+01
   2.3347611e+01
   2.3363919e+01
   2.3380135e+01
   2.3396258e+01
   2.3412286e+01
   2.3428219e+01
   2.3444055e+01
   2.3459793e+01
   2.3475433e+01
   2.3490973e+01
   2.3506412e+01
   2.3521750e+01
   2.3536984e+01
   2.3552114e+01
   2.3567139e+01
   2.3582058e+01
   2.3596870e+01
   2.3611572e+01
   2.3626165e+01
   2.3640648e+01
   2.3655018e+01
   2.3669275e+01
   2.3683418e+01
   2.3697445e+01
   2.3711356e+01
   2.3725149e+01
   2.3738822e+01
   2.3752376e+01
   2.3765808e+01
   2.3779117e+01
   2.3792302e+01
   2.3805363e+01
   2.3818296e+01
   2.3831103e+01
   2.3843780e+01
   2.3856327e+01
   2.3868742e+01
   2.3881025e+01
   2.3893174e+01
   2.3905187e+01
   2.3917064e+01
   2.3928803e+01
   2.3940403e+01
   2.3951862e+01
   2.3963179e+01
   2.3974353e+01
   2.3985382e+01
   2.3996265e+01
   2.4007001e+01
   2.4017588e+01
   2.4028026e+01
   2.4038311e+01
   2.4048444e+01
   2.4058422e+01
   2.4068245e+01
   2.4077911e+01
   2.4087418e+01
   2.4096765e+01
   2.4105951e+01
   2.4114974e+01
   2.4123832e+01
   2.4132525e+01
   2.4141051e+01
   2.4149407e+01
   2.4157594e+01
   2.4165609e+01
   2.4173451e+01
   2.4181117e+01
   2.4188608e+01
   2.4195921e+01
   2.4203055e+01
   2.4210007e+01
   2.4216778e+01
   2.4223364e+01
   2.4229765e+01
   2.4235979e+01
   2.4242004e+01
   2.4247839e+01
   2.4253483e+01
   2.4258932e+01
   2.4264187e+01
   2.4269245e+01
   2.4274105e+01
   2.4278765e+01
   2.4283223e+01
   2.4287479e+01
   2.4291529e+01
   2.4295373e+01
   2.4299009e+01
   2.4302435e+01
   2.4305649e+01
   2.4308651e+01
   2.4311437e+01
   2.4314007e+01
   2.4316358e+01
   2.4318490e+01
   2.4320400e+01
   2.4322086e+01
   2.4323547e+01
   2.4324781e+01
   2.4325786e+01
   2.4326561e+01
   2.4327103e+01
   2.4327411e+01
   2.4327484e+01
   2.4327319e+01
   2.4326914e+01
   2.4326268e+01
   2.4325379e+01
   2.4324245e+01
   2.4322864e+01
   2.4321235e+01
   2.4319355e+01
   2.4317223e+01
   2.4314837e+01
   2.4312194e+01
   2.4309294e+01
   2.4306134e+01
   2.4302712e+01
   2.4299026e+01
   2.4295075e+01
   2.4290857e+01
   2.4286369e+01
   2.4281609e+01
   2.4276576e+01
   2.4271268e+01
   2.4265683e+01
   2.4259819e+01
   2.4253673e+01
   2.4247244e+01
   2.4240530e+01
   2.4233529e+01
   2.4226239e+01
   2.4218657e+01
   2.4210782e+01
   2.4202612e+01
   2.4194144e+01
   2.4185377e+01
   2.4176309e+01
   2.4166937e+01
   2.4157260e+01
   2.4147275e+01
   2.4136980e+01
   2.4126373e+01
   2.4115452e+01
   2.4104215e+01
   2.4092660e+01
   2.4080785e+01
   2.4068587e+01
   2.4056064e+01
   2.4043215e+01
   2.4030036e+01
   2.4016527e+01
   2.4002684e+01
   2.3988505e+01
   2.3973989e+01
   2.3959134e+01
   2.3943936e+01
   2.3928393e+01
   2.3912504e+01
   2.3896267e+01
   2.3879678e+01
   2.3862737e+01
   2.3845439e+01
   2.3827785e+01
   2.3809770e+01
   2.3791393e+01
   2.3772651e+01
   2.3753543e+01
   2.3734065e+01
   2.3714216e+01
   2.3693994e+01
   2.3673396e+01
   2.3652419e+01
   2.3631062e+01
   2.3609323e+01
   2.3587198e+01
   2.3564686e+01
   2.3541784e+01
   2.3518490e+01
   2.3494801e+01
   2.3470716e+01
   2.3446232e+01
   2.3421347e+01
   2.3396058e+01
   2.3370363e+01
   2.3344260e+01
   2.3317746e+01
   2.3290819e+01
   2.3263477e+01
   2.3235717e+01
   2.3207538e+01
   2.3178936e+01
   2.3149910e+01
   2.3120458e+01
   2.3090576e+01
   2.3060262e+01
   2.3029515e+01
   2.2998332e+01
   2.2966711e+01
   2.2934650e+01
   2.2902145e+01
   2.2869196e+01
   2.2835799e+01
   2.2801953e+01
   2.2767656e+01
   2.2732904e+01
   2.2697697e+01
   2.2662031e+01
   2.2625905e+01
   2.2589316e+01
   2.2552263e+01
   2.2514743e+01
   2.2476754e+01
   2.2438295e+01
   2.2399362e+01
   2.2359954e+01
   2.2320070e+01
   2.2279707e+01
   2.2238862e+01
   2.2197535e+01
   2.2155724e+01
   2.2113426e+01
   2.2070639e+01
   2.2027363e+01
   2.1983594e+01
   2.1939332e+01
   2.1894575e+01
   2.1849321e+01
   2.1803568e+01
   2.1757316e+01
   2.1710562e+01
   2.1663304e+01
   2.1615543e+01
   2.1567275e+01
   2.1518501e+01
   2.1469218e+01
   2.1419425e+01
   2.1369122e+01
   2.1318307e+01
   2.1266980e+01
   2.1215138e+01
   2.1162782e+01
   2.1109910e+01
   2.1056522e+01
   2.1002617e+01
   2.0948195e+01
   2.0893255e+01
   2.0837796e+01
   2.0781818e+01
   2.0725321e+01
   2.0668305e+01
   2.0610770e+01
   2.0552715e+01
   2.0494141e+01
   2.0435048e+01
   2.0375436e+01
   2.0315305e+01
   2.0254657e+01
   2.0193492e+01
   2.0131810e+01
   2.0069612e+01
   2.0006899e+01
   1.9943673e+01
   1.9879934e+01
   1.9815685e+01
   1.9750925e+01
   1.9685658e+01
   1.9619884e+01
   1.9553606e+01
   1.9486826e+01
   1.9419545e+01
   1.9351766e+01
   1.9283492e+01
   1.9214725e+01
   1.9145468e+01
   1.9075723e+01
   1.9005495e+01
   1.8934786e+01
   1.8863599e+01
   1.8791939e+01
   1.8719808e+01
   1.8647212e+01
   1.8574153e+01
   1.8500637e+01
   1.8426668e+01
   1.8352250e+01
   1.8277388e+01
   1.8202088e+01
   1.8126355e+01
   1.8050193e+01
   1.7973609e+01
   1.7896609e+01
   1.7819198e+01
   1.7741383e+01
   1.7663170e+01
   1.7584565e+01
   1.7505576e+01
   1.7426210e+01
   1.7346473e+01
   1.7266374e+01
   1.7185920e+01
   1.7105118e+01
   1.7023977e+01
   1.6942504e+01
   1.6860709e+01
   1.6778600e+01
   1.6696186e+01
   1.6613476e+01
   1.6530479e+01
   1.6447205e+01
   1.6363662e+01
   1.6279862e+01
   1.6195813e+01
   1.6111527e+01
   1.6027013e+01
   1.5942282e+01
   1.5857345e+01
   1.5772213e+01
   1.5686896e+01
   1.5601406e+01
   1.5515754e+01
   1.5429953e+01
   1.5344013e+01
   1.5257946e+01
   1.5171764e+01
   1.5085480e+01
   1.4999105e+01
   1.4912652e+01
   1.4826133e+01
   1.4739561e+01
   1.4652949e+01
   1.4566308e+01
   1.4479653e+01
   1.4392995e+01
   1.4306348e+01
   1.4219725e+01
   1.4133139e+01
   1.4046602e+01
   1.3960128e+01
   1.3873730e+01
   1.3787422e+01
   1.3701216e+01
   1.3615125e+01
   1.3529162e+01
   1.3443342e+01
   1.3357676e+01
   1.3272178e+01
   1.3186860e+01
   1.3101736e+01
   1.3016819e+01
   1.2932121e+01
   1.2847654e+01
   1.2763432e+01
   1.2679467e+01
   1.2595771e+01
   1.2512357e+01
   1.2429235e+01
   1.2346420e+01
   1.2263921e+01
   1.2181751e+01
   1.2099922e+01
   1.2018444e+01
   1.1937329e+01
   1.1856587e+01
   1.1776229e+01
   1.1696266e+01
   1.1616709e+01
   1.1537566e+01
   1.1458848e+01
   1.1380565e+01
   1.1302725e+01
   1.1225339e+01
   1.1148414e+01
   1.1071960e+01
   1.0995985e+01
   1.0920497e+01
   1.0845504e+01
   1.0771014e+01
   1.0697033e+01
   1.0623570e+01
   1.0550630e+01
   1.0478220e+01
   1.0406347e+01
   1.0335016e+01
   1.0264233e+01
   1.0194004e+01
   1.0124333e+01
   1.0055226e+01
   9.9866871e+00
   9.9187204e+00
   9.8513301e+00
   9.7845200e+00
   9.7182934e+00
   9.6526536e+00
   9.5876035e+00
   9.5231458e+00
   9.4592828e+00
   9.3960167e+00
   9.3333494e+00
   9.2712825e+00
   9.2098173e+00
   9.1489550e+00
   9.0886964e+00
   9.0290423e+00
   8.9699929e+00
   8.9115484e+00
   8.8537089e+00
   8.7964740e+00
   8.7398432e+00
   8.6838158e+00
   8.6283909e+00
   8.5735674e+00
   8.5193438e+00
   8.4657188e+00
   8.4126906e+00
   8.3602574e+00
   8.3084170e+00
   8.2571673e+00
   8.2065058e+00
   8.1564300e+00
   8.1069372e+00
   8.0580246e+00
   8.0096890e+00
   7.9619274e+00
   7.9147365e+00
   7.8681129e+00
   7.8220530e+00
   7.7765532e+00
   7.7316098e+00
   7.6872189e+00
   7.6433764e+00
   7.6000784e+00
   7.5573207e+00
   7.5150989e+00
   7.4734089e+00
   7.4322462e+00
   7.3916062e+00
   7.3514845e+00
   7.3118764e+00
   7.2727773e+00
   7.2341824e+00
   7.1960869e+00
   7.1584860e+00
   7.1213748e+00
   7.0847484e+00
   7.0486019e+00
   7.0129302e+00
   6.9777284e+00
   6.9429914e+00
   6.9087141e+00
   6.8748916e+00
   6.8415185e+00
   6.8085900e+00
   6.7761008e+00
   6.7440459e+00
   6.7124200e+00
   6.6812182e+00
   6.6504352e+00
   6.6200659e+00
   6.5901053e+00
   6.5605482e+00
