   6.4100752e-01
   6.4015506e-01
   6.3930375e-01
   6.3845359e-01
   6.3760458e-01
   6.3675672e-01
   6.3591000e-01
   6.3506443e-01
   6.3422001e-01
   6.3337673e-01
   6.3253459e-01
   6.3169359e-01
   6.3085372e-01
   6.3001499e-01
   6.2917740e-01
   6.2834094e-01
   6.2750561e-01
   6.2667141e-01
   6.2583834e-01
   6.2500639e-01
   6.2417557e-01
   6.2334587e-01
   6.2251730e-01
   6.2168984e-01
   6.2086350e-01
   6.2003828e-01
   6.1921418e-01
   6.1839119e-01
   6.1756931e-01
   6.1674854e-01
   6.1592888e-01
   6.1511033e-01
   6.1429289e-01
   6.1347655e-01
   6.1266131e-01
   6.1184718e-01
   6.1103414e-01
   6.1022221e-01
   6.0941137e-01
   6.0860162e-01
   6.0779297e-01
   6.0698541e-01
   6.0617895e-01
   6.0537357e-01
   6.0456928e-01
   6.0376607e-01
   6.0296396e-01
   6.0216292e-01
   6.0136297e-01
   6.0056409e-01
   5.9976630e-01
   5.9896958e-01
   5.9817394e-01
   5.9737937e-01
   5.9658587e-01
   5.9579345e-01
   5.9500209e-01
   5.9421181e-01
   5.9342259e-01
   5.9263444e-01
   5.9184734e-01
   5.9106132e-01
   5.9027635e-01
   5.8949244e-01
   5.8870959e-01
   5.8792780e-01
   5.8714706e-01
   5.8636737e-01
   5.8558874e-01
   5.8481116e-01
   5.8403462e-01
   5.8325914e-01
   5.8248470e-01
   5.8171130e-01
   5.8093895e-01
   5.8016764e-01
   5.7939737e-01
   5.7862814e-01
   5.7785995e-01
   5.7709279e-01
   5.7632667e-01
   5.7556158e-01
   5.7479752e-01
   5.7403449e-01
   5.7327249e-01
   5.7251152e-01
   5.7175157e-01
   5.7099265e-01
   5.7023475e-01
   5.6947788e-01
   5.6872202e-01
   5.6796718e-01
   5.6721336e-01
   5.6646056e-01
   5.6570877e-01
   5.6495799e-01
   5.6420823e-01
   5.6345947e-01
   5.6271173e-01
   5.6196499e-01
   5.6121926e-01
   5.6047453e-01
   5.5973081e-01
   5.5898809e-01
   5.5824637e-01
   5.5750565e-01
   5.5676592e-01
   5.5602720e-01
   5.5528947e-01
   5.5455273e-01
   5.5381698e-01
   5.5308223e-01
   5.5234846e-01
   5.5161568e-01
   5.5088389e-01
   5.5015309e-01
   5.4942327e-01
   5.4869443e-01
   5.4796657e-01
   5.4723970e-01
   5.4651380e-01
   5.4578888e-01
   5.4506493e-01
   5.4434196e-01
   5.4361997e-01
   5.4289894e-01
   5.4217889e-01
   5.4145980e-01
   5.4074168e-01
   5.4002453e-01
   5.3930835e-01
   5.3859312e-01
   5.3787886e-01
   5.3716557e-01
   5.3645323e-01
   5.3574185e-01
   5.3503142e-01
   5.3432196e-01
   5.3361344e-01
   5.3290588e-01
   5.3219928e-01
   5.3149362e-01
   5.3078891e-01
   5.3008515e-01
   5.2938234e-01
   5.2868047e-01
   5.2797955e-01
   5.2727957e-01
   5.2658053e-01
   5.2588243e-01
   5.2518527e-01
   5.2448904e-01
   5.2379376e-01
   5.2309941e-01
   5.2240599e-01
   5.2171350e-01
   5.2102195e-01
   5.2033132e-01
   5.1964162e-01
   5.1895285e-01
   5.1826501e-01
   5.1757809e-01
   5.1689210e-01
   5.1620702e-01
   5.1552287e-01
   5.1483964e-01
   5.1415732e-01
   5.1347592e-01
   5.1279544e-01
   5.1211587e-01
   5.1143722e-01
   5.1075948e-01
   5.1008264e-01
   5.0940672e-01
   5.0873171e-01
   5.0805760e-01
   5.0738440e-01
   5.0671210e-01
   5.0604071e-01
   5.0537021e-01
   5.0470062e-01
   5.0403193e-01
   5.0336414e-01
   5.0269724e-01
   5.0203124e-01
   5.0136613e-01
   5.0070192e-01
   5.0003860e-01
   4.9937617e-01
   4.9871463e-01
   4.9805397e-01
   4.9739421e-01
   4.9673533e-01
   4.9607733e-01
   4.9542022e-01
   4.9476399e-01
   4.9410864e-01
   4.9345417e-01
   4.9280058e-01
   4.9214787e-01
   4.9149604e-01
   4.9084507e-01
   4.9019499e-01
   4.8954577e-01
   4.8889743e-01
   4.8824995e-01
   4.8760335e-01
   4.8695761e-01
   4.8631274e-01
   4.8566874e-01
   4.8502560e-01
   4.8438332e-01
   4.8374190e-01
   4.8310135e-01
   4.8246165e-01
   4.8182281e-01
   4.8118483e-01
   4.8054771e-01
   4.7991144e-01
   4.7927602e-01
   4.7864146e-01
   4.7800775e-01
   4.7737488e-01
   4.7674287e-01
   4.7611170e-01
   4.7548138e-01
   4.7485191e-01
   4.7422328e-01
   4.7359549e-01
   4.7296855e-01
   4.7234244e-01
   4.7171718e-01
   4.7109275e-01
   4.7046916e-01
   4.6984641e-01
   4.6922449e-01
   4.6860341e-01
   4.6798315e-01
   4.6736373e-01
   4.6674514e-01
   4.6612738e-01
   4.6551045e-01
   4.6489435e-01
   4.6427907e-01
   4.6366461e-01
   4.6305098e-01
   4.6243817e-01
   4.6182618e-01
   4.6121502e-01
   4.6060467e-01
   4.5999514e-01
   4.5938642e-01
   4.5877852e-01
   4.5817144e-01
   4.5756517e-01
   4.5695971e-01
   4.5635507e-01
   4.5575123e-01
   4.5514820e-01
   4.5454598e-01
   4.5394457e-01
   4.5334396e-01
   4.5274416e-01
   4.5214516e-01
   4.5154696e-01
   4.5094957e-01
   4.5035297e-01
   4.4975718e-01
   4.4916218e-01
   4.4856798e-01
   4.4797457e-01
   4.4738196e-01
   4.4679014e-01
   4.4619912e-01
   4.4560889e-01
   4.4501944e-01
   4.4443079e-01
   4.4384292e-01
   4.4325584e-01
   4.4266955e-01
   4.4208404e-01
   4.4149932e-01
   4.4091538e-01
   4.4033222e-01
   4.3974984e-01
   4.3916824e-01
   4.3858742e-01
   4.3800738e-01
   4.3742811e-01
   4.3684962e-01
   4.3627190e-01
   4.3569496e-01
   4.3511879e-01
   4.3454338e-01
   4.3396875e-01
   4.3339489e-01
   4.3282180e-01
   4.3224947e-01
   4.3167791e-01
   4.3110711e-01
   4.3053708e-01
   4.2996781e-01
   4.2939930e-01
   4.2883155e-01
   4.2826456e-01
   4.2769833e-01
   4.2713286e-01
   4.2656815e-01
   4.2600419e-01
   4.2544098e-01
   4.2487853e-01
   4.2431683e-01
   4.2375588e-01
   4.2319568e-01
   4.2263623e-01
   4.2207753e-01
   4.2151957e-01
   4.2096236e-01
   4.2040590e-01
   4.1985018e-01
   4.1929520e-01
   4.1874097e-01
   4.1818748e-01
   4.1763473e-01
   4.1708271e-01
   4.1653144e-01
   4.1598090e-01
   4.1543109e-01
   4.1488203e-01
   4.1433369e-01
   4.1378609e-01
   4.1323922e-01
   4.1269309e-01
   4.1214768e-01
   4.1160300e-01
   4.1105905e-01
   4.1051583e-01
   4.0997333e-01
   4.0943156e-01
   4.0889051e-01
   4.0835018e-01
   4.0781058e-01
   4.0727170e-01
   4.0673353e-01
   4.0619609e-01
   4.0565937e-01
   4.0512336e-01
   4.0458807e-01
   4.0405349e-01
   4.0351963e-01
   4.0298648e-01
   4.0245404e-01
   4.0192232e-01
   4.0139130e-01
   4.0086100e-01
   4.0033140e-01
   3.9980251e-01
   3.9927433e-01
   3.9874685e-01
   3.9822008e-01
   3.9769401e-01
   3.9716864e-01
   3.9664397e-01
   3.9612001e-01
   3.9559674e-01
   3.9507418e-01
   3.9455231e-01
   3.9403114e-01
   3.9351066e-01
   3.9299088e-01
   3.9247180e-01
   3.9195340e-01
   3.9143570e-01
   3.9091869e-01
   3.9040237e-01
   3.8988674e-01
   3.8937180e-01
   3.8885755e-01
   3.8834398e-01
   3.8783110e-01
   3.8731890e-01
   3.8680738e-01
   3.8629655e-01
   3.8578640e-01
   3.8527693e-01
   3.8476815e-01
   3.8426004e-01
   3.8375261e-01
   3.8324585e-01
   3.8273977e-01
   3.8223437e-01
   3.8172964e-01
   3.8122559e-01
   3.8072221e-01
   3.8021950e-01
   3.7971746e-01
   3.7921609e-01
   3.7871539e-01
   3.7821536e-01
   3.7771599e-01
   3.7721729e-01
   3.7671926e-01
   3.7622189e-01
   3.7572519e-01
   3.7522914e-01
   3.7473376e-01
   3.7423904e-01
   3.7374498e-01
   3.7325158e-01
   3.7275884e-01
   3.7226675e-01
   3.7177532e-01
   3.7128455e-01
   3.7079443e-01
   3.7030496e-01
   3.6981615e-01
   3.6932799e-01
   3.6884048e-01
   3.6835362e-01
   3.6786741e-01
   3.6738184e-01
   3.6689693e-01
   3.6641266e-01
   3.6592904e-01
   3.6544606e-01
   3.6496373e-01
   3.6448203e-01
   3.6400099e-01
   3.6352058e-01
   3.6304081e-01
   3.6256169e-01
   3.6208320e-01
   3.6160535e-01
   3.6112813e-01
   3.6065156e-01
   3.6017561e-01
   3.5970031e-01
   3.5922563e-01
   3.5875159e-01
   3.5827818e-01
   3.5780540e-01
   3.5733325e-01
   3.5686173e-01
   3.5639084e-01
   3.5592058e-01
   3.5545094e-01
   3.5498193e-01
   3.5451355e-01
   3.5404578e-01
   3.5357865e-01
   3.5311213e-01
   3.5264624e-01
   3.5218096e-01
   3.5171631e-01
   3.5125227e-01
   3.5078886e-01
   3.5032606e-01
   3.4986388e-01
   3.4940231e-01
   3.4894136e-01
   3.4848102e-01
   3.4802130e-01
   3.4756218e-01
   3.4710368e-01
   3.4664579e-01
   3.4618851e-01
   3.4573184e-01
   3.4527578e-01
   3.4482032e-01
   3.4436548e-01
   3.4391123e-01
   3.4345760e-01
   3.4300456e-01
   3.4255213e-01
   3.4210030e-01
   3.4164908e-01
   3.4119845e-01
   3.4074843e-01
   3.4029900e-01
   3.3985017e-01
   3.3940194e-01
   3.3895431e-01
   3.3850727e-01
   3.3806083e-01
   3.3761498e-01
   3.3716973e-01
   3.3672507e-01
   3.3628100e-01
   3.3583752e-01
   3.3539463e-01
   3.3495234e-01
   3.3451063e-01
   3.3406951e-01
   3.3362897e-01
   3.3318902e-01
   3.3274966e-01
   3.3231089e-01
   3.3187269e-01
   3.3143508e-01
   3.3099805e-01
   3.3056161e-01
   3.3012574e-01
   3.2969046e-01
   3.2925575e-01
   3.2882162e-01
   3.2838807e-01
   3.2795510e-01
   3.2752271e-01
   3.2709088e-01
   3.2665964e-01
   3.2622896e-01
   3.2579886e-01
   3.2536934e-01
   3.2494038e-01
   3.2451200e-01
   3.2408418e-01
   3.2365693e-01
   3.2323026e-01
   3.2280415e-01
   3.2237860e-01
   3.2195363e-01
   3.2152921e-01
   3.2110537e-01
   3.2068208e-01
   3.2025936e-01
   3.1983720e-01
   3.1941561e-01
   3.1899457e-01
   3.1857409e-01
   3.1815418e-01
   3.1773482e-01
   3.1731602e-01
   3.1689778e-01
   3.1648009e-01
   3.1606296e-01
   3.1564638e-01
   3.1523036e-01
   3.1481489e-01
   3.1439997e-01
   3.1398560e-01
   3.1357179e-01
   3.1315852e-01
   3.1274581e-01
   3.1233364e-01
   3.1192202e-01
   3.1151095e-01
   3.1110043e-01
   3.1069045e-01
   3.1028101e-01
   3.0987212e-01
   3.0946378e-01
   3.0905598e-01
   3.0864871e-01
   3.0824200e-01
   3.0783582e-01
   3.0743018e-01
   3.0702508e-01
   3.0662052e-01
   3.0621649e-01
   3.0581301e-01
   3.0541006e-01
   3.0500799e-01
   3.4597946e-01
   3.8603533e-01
   4.2522472e-01
   4.6362472e-01
   5.0129686e-01
   5.3829915e-01
   5.7468508e-01
   6.1050565e-01
   6.4580845e-01
   6.8063963e-01
   7.1504343e-01
   7.4906504e-01
   7.8275037e-01
   8.1614935e-01
   8.4931856e-01
   8.8232588e-01
   9.1525379e-01
   9.4821027e-01
   9.8133841e-01
   1.0148296e+00
   1.0489499e+00
   1.0840713e+00
   1.1207261e+00
   1.1596969e+00
   1.2021683e+00
   1.2500099e+00
   1.3063159e+00
   1.3765053e+00
   1.4705807e+00
   1.6072157e+00
   1.8132923e+00
   1.9974483e+00
   1.2166966e+00
   5.6390307e-01
   3.7766447e-01
   3.1835686e-01
   2.9912987e-01
   2.9385563e-01
   2.9384862e-01
   2.9609359e-01
   2.9950930e-01
   3.0369100e-01
   3.0847160e-01
   3.1376681e-01
   3.1952085e-01
   3.2568724e-01
   3.3222355e-01
   3.3908854e-01
   3.4624251e-01
   3.5364707e-01
   3.8022439e-01
   4.0828787e-01
   4.3778640e-01
   4.6836574e-01
   4.9993887e-01
   5.3241399e-01
   5.6569626e-01
   5.9968770e-01
   6.3428948e-01
   6.6940224e-01
   7.0492716e-01
   7.4076766e-01
   7.7682918e-01
   8.1302064e-01
   8.4925462e-01
   8.8544861e-01
   9.2152441e-01
   9.5740949e-01
   9.9303656e-01
   1.0283435e+00
   1.0632746e+00
   1.0977791e+00
   1.1318119e+00
   1.1653335e+00
   1.1983090e+00
   1.2307091e+00
   1.2625090e+00
   1.2936884e+00
   1.3242309e+00
   1.3541244e+00
   1.3833600e+00
   1.4119320e+00
   1.4398382e+00
   1.4670790e+00
   1.4936566e+00
   1.5195761e+00
   1.5448443e+00
   1.5694697e+00
   1.5934625e+00
   1.6168341e+00
   1.6395968e+00
   1.6617639e+00
   1.6833495e+00
   1.7043690e+00
   1.7248365e+00
   1.7447687e+00
   1.7641813e+00
   1.7830903e+00
   1.8015119e+00
   1.8194623e+00
   1.8369578e+00
   1.8540146e+00
   1.8706481e+00
   1.8868747e+00
   1.9027088e+00
   1.9181669e+00
   1.9332636e+00
   1.9480126e+00
   1.9624290e+00
   1.9765264e+00
   1.9903183e+00
   2.0038175e+00
   2.0170373e+00
   2.0299898e+00
   2.0426867e+00
   2.0551401e+00
   2.0673606e+00
   2.0793596e+00
   2.0911468e+00
   2.1027328e+00
   2.1141273e+00
   2.1253395e+00
   2.1363784e+00
   2.1472524e+00
   2.1579739e+00
   2.1685431e+00
   2.1789717e+00
   2.1892668e+00
   2.1994360e+00
   2.2094852e+00
   2.2194246e+00
   2.2292571e+00
   2.2389889e+00
   2.2486257e+00
   2.2581731e+00
   2.2676361e+00
   2.2770199e+00
   2.2863292e+00
   2.2955686e+00
   2.3047427e+00
   2.3138555e+00
   2.3229113e+00
   2.3319138e+00
   2.3408668e+00
   2.3497740e+00
   2.3586387e+00
   2.3674642e+00
   2.3762537e+00
   2.3850102e+00
   2.3937366e+00
   2.4024358e+00
   2.4111103e+00
   2.4197629e+00
   2.4283959e+00
   2.4370118e+00
   2.4456130e+00
   2.4542015e+00
   2.4627796e+00
   2.4713494e+00
   2.4799128e+00
   2.4884718e+00
   2.4970284e+00
   2.5055842e+00
   2.5141412e+00
   2.5227011e+00
   2.5312655e+00
   2.5398360e+00
   2.5484144e+00
   2.5570022e+00
   2.5656009e+00
   2.5742120e+00
   2.5828371e+00
   2.5914776e+00
   2.6001349e+00
   2.6088106e+00
   2.6175059e+00
   2.6262225e+00
   2.6349615e+00
   2.6437245e+00
   2.6525128e+00
   2.6613279e+00
   2.6701711e+00
   2.6790438e+00
   2.6879474e+00
   2.6968833e+00
   2.7058531e+00
   2.7148579e+00
   2.7238995e+00
   2.7329791e+00
   2.7420983e+00
   2.7512587e+00
   2.7604616e+00
   2.7697087e+00
   2.7790016e+00
   2.7883419e+00
   2.7977312e+00
   2.8071713e+00
   2.8166637e+00
   2.8262104e+00
   2.8358130e+00
   2.8454735e+00
   2.8551937e+00
   2.8649756e+00
   2.8748211e+00
   2.8847323e+00
   2.8947113e+00
   2.9047602e+00
   2.9148812e+00
   2.9250767e+00
   2.9353489e+00
   2.9457002e+00
   2.9561331e+00
   2.9666502e+00
   2.9772540e+00
   2.9879471e+00
   2.9987324e+00
   3.0096126e+00
   3.0205905e+00
   3.0316693e+00
   3.0428517e+00
   3.0541410e+00
   3.0655402e+00
   3.0770526e+00
   3.0886814e+00
   3.1004299e+00
   3.1123015e+00
   3.1242995e+00
   3.1364274e+00
   3.1486886e+00
   3.1610865e+00
   3.1736246e+00
   3.1863062e+00
   3.1991347e+00
   3.2121135e+00
   3.2252456e+00
   3.2385342e+00
   3.2519823e+00
   3.2655925e+00
   3.2793676e+00
   3.2933098e+00
   3.3074212e+00
   3.3217036e+00
   3.3361583e+00
   3.3507865e+00
   3.3655887e+00
   3.3805650e+00
   3.3957151e+00
   3.4110381e+00
   3.4265326e+00
   3.4421964e+00
   3.4580271e+00
   3.4740212e+00
   3.4901750e+00
   3.5064840e+00
   3.5229431e+00
   3.5395466e+00
   3.5562883e+00
   3.5731615e+00
   3.5901590e+00
   3.6072734e+00
   3.6244965e+00
   3.6418204e+00
   3.6592365e+00
   3.6767364e+00
   3.6943116e+00
   3.7119534e+00
   3.7296533e+00
   3.7474031e+00
   3.7651945e+00
   3.7830196e+00
   3.8008708e+00
   3.8187409e+00
   3.8366229e+00
   3.8545102e+00
   3.8723968e+00
   3.8902768e+00
   3.9081450e+00
   3.9259964e+00
   3.9438266e+00
   3.9616315e+00
   3.9794073e+00
   3.9971507e+00
   4.0148588e+00
   4.0325288e+00
   4.0501586e+00
   4.0677459e+00
   4.0852892e+00
   4.1027868e+00
   4.1202375e+00
   4.1376404e+00
   4.1549944e+00
   4.1722989e+00
   4.1895535e+00
   4.2067578e+00
   4.2239114e+00
   4.2410144e+00
   4.2580666e+00
   4.2750682e+00
   4.2920192e+00
   4.3089199e+00
   4.3257706e+00
   4.3425716e+00
   4.3593232e+00
   4.3760259e+00
   4.3926800e+00
   4.4092861e+00
   4.4258446e+00
   4.4423560e+00
   4.4588208e+00
   4.4752395e+00
   4.4916126e+00
   4.5079406e+00
   4.5242241e+00
   4.5404635e+00
   4.5566594e+00
   4.5728122e+00
   4.5889224e+00
   4.6049905e+00
   4.6210171e+00
   4.6370025e+00
   4.6529472e+00
   4.6688517e+00
   4.6847164e+00
   4.7005417e+00
   4.7163281e+00
   4.7320760e+00
   4.7477857e+00
   4.7634577e+00
   4.7790923e+00
   4.7946899e+00
   4.8102509e+00
   4.8257756e+00
   4.8412644e+00
   4.8567176e+00
   4.8721355e+00
   4.8875185e+00
   4.9028669e+00
   4.9181810e+00
   4.9334610e+00
   4.9487074e+00
   4.9639204e+00
   4.9791002e+00
   4.9942473e+00
   5.0093618e+00
   5.0244441e+00
   5.0394943e+00
   5.0545129e+00
   5.0695000e+00
   5.0844560e+00
   5.0993810e+00
   5.1142754e+00
   5.1291394e+00
   5.1439733e+00
   5.1587774e+00
   5.1735518e+00
   5.1882969e+00
   5.2030129e+00
   5.2177000e+00
   5.2323586e+00
   5.2469888e+00
   5.2615909e+00
   5.2761652e+00
   5.2907119e+00
   5.3052313e+00
   5.3197236e+00
   5.3341890e+00
   5.3486278e+00
   5.3630403e+00
   5.3774268e+00
   5.3917873e+00
   5.4061223e+00
   5.4204319e+00
   5.4347164e+00
   5.4489761e+00
   5.4632111e+00
   5.4774218e+00
   5.4916084e+00
   5.5057710e+00
   5.5199101e+00
   5.5340258e+00
   5.5481184e+00
   5.5621881e+00
   5.5762351e+00
   5.5902598e+00
   5.6042623e+00
   5.6182428e+00
   5.6322018e+00
   5.6461393e+00
   5.6600556e+00
   5.6739510e+00
   5.6878256e+00
   5.7016799e+00
   5.7155139e+00
   5.7293279e+00
   5.7431222e+00
   5.7568970e+00
   5.7706525e+00
   5.7843890e+00
   5.7981067e+00
   5.8118058e+00
   5.8254866e+00
   5.8391493e+00
   5.8527941e+00
   5.8664213e+00
   5.8800311e+00
   5.8936237e+00
   5.9071993e+00
   5.9207582e+00
   5.9343006e+00
   5.9478267e+00
   5.9613368e+00
   5.9748310e+00
   5.9883095e+00
   6.0017727e+00
   6.0152207e+00
   6.0286537e+00
   6.0420719e+00
   6.0554755e+00
   6.0688649e+00
   6.0822401e+00
   6.0956013e+00
   6.1089489e+00
   6.1222829e+00
   6.1356036e+00
   6.1489112e+00
   6.1622058e+00
   6.1754878e+00
   6.1887572e+00
   6.2020144e+00
   6.2152593e+00
   6.2284924e+00
   6.2417137e+00
   6.2549234e+00
   6.2681218e+00
   6.2813090e+00
   6.2944852e+00
   6.3076505e+00
   6.3208053e+00
   6.3339495e+00
   6.3470835e+00
   6.3602074e+00
   6.3733214e+00
   6.3864256e+00
   6.3995202e+00
   6.4126054e+00
   6.4256814e+00
   6.4387483e+00
   6.4518062e+00
   6.4648555e+00
   6.4778961e+00
   6.4909283e+00
   6.5039523e+00
   6.5169682e+00
   6.5299761e+00
   6.5429762e+00
   6.5559686e+00
   6.5689536e+00
   6.5819312e+00
   6.5949017e+00
   6.6078651e+00
   6.6208216e+00
   6.6337713e+00
   6.6467145e+00
   6.6596512e+00
   6.6725815e+00
   6.6855057e+00
   6.6984238e+00
   6.7113360e+00
   6.7242425e+00
   6.7371433e+00
   6.7500385e+00
   6.7629284e+00
   6.7758131e+00
   6.7886926e+00
   6.8015671e+00
   6.8144368e+00
   6.8273017e+00
   6.8401620e+00
   6.8530178e+00
   6.8658693e+00
   6.8787164e+00
   6.8915594e+00
   6.9043985e+00
   6.9172336e+00
   6.9300649e+00
   6.9428925e+00
   6.9557166e+00
   6.9685372e+00
   6.9813545e+00
   6.9941685e+00
   7.0069794e+00
   7.0197873e+00
   7.0325923e+00
   7.0453945e+00
   7.0581940e+00
   7.0709909e+00
   7.0837853e+00
   7.0965773e+00
   7.1093670e+00
   7.1221545e+00
   7.1349399e+00
   7.1477233e+00
   7.1605048e+00
   7.1732845e+00
   7.1860625e+00
   7.1988388e+00
   7.2116137e+00
   7.2243870e+00
   7.2371591e+00
   7.2499299e+00
   7.2626995e+00
   7.2754680e+00
   7.2882355e+00
   7.3010022e+00
   7.3137680e+00
   7.3265331e+00
   7.3392975e+00
   7.3520613e+00
   7.3648247e+00
   7.3775877e+00
   7.3903503e+00
   7.4031127e+00
   7.4158750e+00
   7.4286371e+00
   7.4413993e+00
   7.4541615e+00
   7.4669239e+00
   7.4796864e+00
   7.4924493e+00
   7.5052126e+00
   7.5179763e+00
   7.5307405e+00
   7.5435054e+00
   7.5562708e+00
   7.5690371e+00
   7.5818041e+00
   7.5945720e+00
   7.6073409e+00
   7.6201108e+00
   7.6328817e+00
   7.6456539e+00
   7.6584272e+00
   7.6712018e+00
   7.6839778e+00
   7.6967552e+00
   7.7095341e+00
   7.7223145e+00
   7.7350966e+00
   7.7478803e+00
   7.7606658e+00
   7.7734531e+00
   7.7862422e+00
   7.7990333e+00
   7.8118263e+00
   7.8246214e+00
   7.8374186e+00
   7.8502180e+00
   7.8630196e+00
   7.8758235e+00
   7.8886297e+00
   7.9014383e+00
   7.9142494e+00
   7.9270631e+00
   7.9398792e+00
   7.9526981e+00
   7.9655196e+00
   7.9783438e+00
   7.9911709e+00
   8.0040007e+00
   8.0168335e+00
   8.0296693e+00
   8.0425081e+00
   8.0553499e+00
   8.0681949e+00
   8.0810430e+00
   8.0938943e+00
   8.1067489e+00
   8.1196069e+00
   8.1324682e+00
   8.1453330e+00
   8.1582012e+00
   8.1710730e+00
   8.1839483e+00
   8.1968273e+00
   8.2097099e+00
   8.2225963e+00
   8.2354864e+00
   8.2483804e+00
   8.2612782e+00
   8.2741800e+00
   8.2870857e+00
   8.2999954e+00
   8.3129092e+00
   8.3258271e+00
   8.3387491e+00
   8.3516753e+00
   8.3646058e+00
   8.3775406e+00
   8.3904797e+00
   8.4034231e+00
   8.4163710e+00
   8.4293234e+00
   8.4422803e+00
   8.4552417e+00
   8.4682077e+00
   8.4811784e+00
   8.4941537e+00
   8.5071338e+00
   8.5201186e+00
   8.5331083e+00
   8.5461028e+00
   8.5591022e+00
   8.5721065e+00
   8.5851159e+00
   8.5981302e+00
   8.6111496e+00
   8.6241741e+00
   8.6372038e+00
   8.6502386e+00
   8.6632786e+00
   8.6763239e+00
   8.6893746e+00
   8.7024305e+00
   8.7154919e+00
   8.7285586e+00
   8.7416308e+00
   8.7547086e+00
   8.7677918e+00
   8.7808807e+00
   8.7939751e+00
   8.8070752e+00
   8.8201810e+00
   8.8332925e+00
   8.8464098e+00
   8.8595329e+00
   8.8726618e+00
   8.8857966e+00
   8.8989373e+00
   8.9120840e+00
   8.9252367e+00
   8.9383953e+00
   8.9515601e+00
   8.9647309e+00
   8.9779079e+00
   8.9910910e+00
   9.0042803e+00
   9.0174759e+00
   9.0306778e+00
   9.0438859e+00
   9.0571004e+00
   9.0703213e+00
   9.0835486e+00
   9.0967823e+00
   9.1100225e+00
   9.1232693e+00
   9.1365225e+00
   9.1497824e+00
   9.1630489e+00
   9.1763220e+00
   9.1896018e+00
   9.2028884e+00
   9.2161817e+00
   9.2294817e+00
   9.2427886e+00
   9.2561024e+00
   9.2694230e+00
   9.2827505e+00
   9.2960850e+00
   9.3094265e+00
   9.3227749e+00
   9.3361304e+00
   9.3494930e+00
   9.3628627e+00
   9.3762396e+00
   9.3896236e+00
   9.4030148e+00
   9.4164132e+00
   9.4298189e+00
   9.4432319e+00
   9.4566522e+00
   9.4700799e+00
   9.4835150e+00
   9.4969575e+00
   9.5104074e+00
   9.5238648e+00
   9.5373297e+00
   9.5508022e+00
   9.5642822e+00
   9.5777698e+00
   9.5912651e+00
   9.6047680e+00
   9.6182785e+00
   9.6317968e+00
   9.6453229e+00
   9.6588567e+00
   9.6723983e+00
   9.6859478e+00
   9.6995051e+00
   9.7130703e+00
   9.7266434e+00
   9.7402245e+00
   9.7538135e+00
   9.7674106e+00
   9.7810156e+00
   9.7946288e+00
   9.8082500e+00
   9.8218793e+00
   9.8355168e+00
   9.8491624e+00
   9.8628162e+00
   9.8764783e+00
   9.8901486e+00
   9.9038272e+00
   9.9175141e+00
   9.9312093e+00
   9.9449129e+00
   9.9586248e+00
   9.9723452e+00
   9.9860740e+00
   9.9998113e+00
   1.0013557e+01
   1.0027311e+01
   1.0041074e+01
   1.0054846e+01
   1.0068626e+01
   1.0082414e+01
   1.0096211e+01
   1.0110017e+01
   1.0123832e+01
   1.0137655e+01
   1.0151487e+01
   1.0165328e+01
   1.0179178e+01
   1.0193036e+01
   1.0206904e+01
   1.0220780e+01
   1.0234665e+01
   1.0248559e+01
   1.0262462e+01
   1.0276374e+01
   1.0290295e+01
   1.0304225e+01
   1.0318164e+01
   1.0332112e+01
   1.0346069e+01
   1.0360035e+01
   1.0374011e+01
   1.0387995e+01
   1.0401989e+01
   1.0415992e+01
   1.0430004e+01
   1.0444025e+01
   1.0458056e+01
   1.0472096e+01
   1.0486145e+01
   1.0500204e+01
   1.0514272e+01
   1.0528350e+01
   1.0542436e+01
   1.0556533e+01
   1.0570638e+01
   1.0584754e+01
   1.0598878e+01
   1.0613013e+01
   1.0627156e+01
   1.0641310e+01
   1.0655473e+01
   1.0669645e+01
   1.0683827e+01
   1.0698019e+01
   1.0712221e+01
   1.0726432e+01
   1.0740653e+01
   1.0754884e+01
   1.0769124e+01
   1.0783374e+01
   1.0797634e+01
   1.0811904e+01
   1.0826184e+01
   1.0840473e+01
   1.0854773e+01
   1.0869082e+01
   1.0883401e+01
   1.0897731e+01
   1.0912070e+01
   1.0926419e+01
   1.0940778e+01
   1.0955147e+01
   1.0969527e+01
   1.0983916e+01
   1.0998315e+01
   1.1012725e+01
   1.1027144e+01
   1.1041574e+01
   1.1056014e+01
   1.1070464e+01
   1.1084924e+01
   1.1099395e+01
   1.1113876e+01
   1.1128367e+01
   1.1142868e+01
   1.1157379e+01
   1.1171901e+01
   1.1186433e+01
   1.1200976e+01
   1.1215529e+01
   1.1230092e+01
   1.1244666e+01
   1.1259250e+01
   1.1273845e+01
   1.1288450e+01
   1.1303065e+01
   1.1317691e+01
   1.1332328e+01
   1.1346975e+01
   1.1361632e+01
   1.1376300e+01
   1.1390979e+01
   1.1405668e+01
   1.1420368e+01
   1.1435079e+01
   1.1449800e+01
   1.1464531e+01
   1.1479274e+01
   1.1494027e+01
   1.1508791e+01
   1.1523566e+01
   1.1538351e+01
   1.1553147e+01
   1.1567954e+01
   1.1582772e+01
   1.1597600e+01
   1.1612440e+01
   1.1627290e+01
   1.1642151e+01
   1.1657023e+01
   1.1671905e+01
   1.1686799e+01
   1.1701704e+01
   1.1716619e+01
   1.1731546e+01
   1.1746483e+01
   1.1761431e+01
   1.1776391e+01
   1.1791361e+01
   1.1806343e+01
   1.1821335e+01
   1.1836339e+01
   1.1851353e+01
   1.1866379e+01
   1.1881415e+01
   1.1896463e+01
   1.1911522e+01
   1.1926592e+01
   1.1941674e+01
   1.1956766e+01
   1.1971870e+01
   1.1986984e+01
   1.2002110e+01
   1.2017247e+01
   1.2032396e+01
   1.2047556e+01
   1.2062726e+01
   1.2077909e+01
   1.2093102e+01
   1.2108307e+01
   1.2123523e+01
   1.2138750e+01
   1.2153989e+01
   1.2169239e+01
   1.2184501e+01
   1.2199773e+01
   1.2215058e+01
   1.2230353e+01
   1.2245660e+01
   1.2260979e+01
   1.2276308e+01
   1.2291650e+01
   1.2307003e+01
   1.2322367e+01
   1.2337743e+01
   1.2353130e+01
   1.2368528e+01
   1.2383939e+01
   1.2399360e+01
   1.2414794e+01
   1.2430239e+01
   1.2445695e+01
   1.2461163e+01
   1.2476643e+01
   1.2492134e+01
   1.2507637e+01
   1.2523151e+01
   1.2538677e+01
   1.2554215e+01
   1.2569764e+01
   1.2585325e+01
   1.2600898e+01
   1.2616482e+01
   1.2632078e+01
   1.2647686e+01
   1.2663305e+01
   1.2678936e+01
   1.2694579e+01
   1.2710234e+01
   1.2725900e+01
   1.2741578e+01
   1.2757268e+01
   1.2772970e+01
   1.2788684e+01
   1.2804409e+01
   1.2820146e+01
   1.2835895e+01
   1.2851656e+01
   1.2867428e+01
   1.2883213e+01
   1.2899009e+01
   1.2914817e+01
   1.2930637e+01
   1.2946469e+01
   1.2962313e+01
   1.2978169e+01
   1.2994036e+01
   1.3009916e+01
   1.3025807e+01
   1.3041711e+01
   1.3057626e+01
   1.3073554e+01
   1.3089493e+01
   1.3105444e+01
   1.3121407e+01
   1.3137383e+01
   1.3153370e+01
   1.3169369e+01
   1.3185380e+01
   1.3201403e+01
   1.3217439e+01
   1.3233486e+01
   1.3249545e+01
   1.3265617e+01
   1.3281700e+01
   1.3297796e+01
   1.3313903e+01
   1.3330023e+01
   1.3346154e+01
   1.3362298e+01
   1.3378454e+01
   1.3394622e+01
   1.3410802e+01
   1.3426995e+01
   1.3443199e+01
   1.3459415e+01
   1.3475644e+01
   1.3491885e+01
   1.3508138e+01
   1.3524403e+01
   1.3540680e+01
   1.3556970e+01
   1.3573271e+01
   1.3589585e+01
   1.3605911e+01
   1.3622249e+01
   1.3638600e+01
   1.3654962e+01
   1.3671337e+01
   1.3687724e+01
   1.3704123e+01
   1.3720535e+01
   1.3736958e+01
   1.3753394e+01
   1.3769843e+01
   1.3786303e+01
   1.3802776e+01
   1.3819261e+01
   1.3835758e+01
   1.3852268e+01
   1.3868789e+01
   1.3885323e+01
   1.3901870e+01
   1.3918429e+01
   1.3934999e+01
   1.3951583e+01
   1.3968178e+01
   1.3984786e+01
   1.4001407e+01
   1.4018039e+01
   1.4034684e+01
   1.4051341e+01
   1.4068011e+01
   1.4084693e+01
   1.4101387e+01
   1.4118093e+01
   1.4134812e+01
   1.4151544e+01
   1.4168287e+01
   1.4185043e+01
   1.4201812e+01
   1.4218593e+01
   1.4235386e+01
   1.4252191e+01
   1.4269009e+01
   1.4285840e+01
   1.4302682e+01
   1.4319537e+01
   1.4336405e+01
   1.4353285e+01
   1.4370177e+01
   1.4387082e+01
   1.4403999e+01
   1.4420929e+01
   1.4437871e+01
   1.4454825e+01
   1.4471792e+01
   1.4488772e+01
   1.4505763e+01
   1.4522767e+01
   1.4539784e+01
   1.4556813e+01
   1.4573855e+01
   1.4590909e+01
   1.4607975e+01
   1.4625054e+01
   1.4642145e+01
   1.4659249e+01
   1.4676366e+01
   1.4693494e+01
   1.4710635e+01
   1.4727789e+01
   1.4744955e+01
   1.4762134e+01
   1.4779325e+01
   1.4796529e+01
   1.4813745e+01
   1.4830974e+01
   1.4848215e+01
   1.4865468e+01
   1.4882734e+01
   1.4900013e+01
   1.4917304e+01
   1.4934608e+01
   1.4951924e+01
   1.4969252e+01
   1.4986593e+01
   1.5003947e+01
   1.5021313e+01
   1.5038692e+01
   1.5056083e+01
   1.5073487e+01
   1.5090903e+01
   1.5108331e+01
   1.5125773e+01
   1.5143226e+01
   1.5160693e+01
   1.5178172e+01
   1.5195663e+01
   1.5213167e+01
   1.5230683e+01
   1.5248212e+01
   1.5265754e+01
   1.5283308e+01
   1.5300874e+01
   1.5318453e+01
   1.5336045e+01
   1.5353649e+01
   1.5371266e+01
   1.5388895e+01
   1.5406537e+01
   1.5424191e+01
   1.5441858e+01
   1.5459537e+01
   1.5477229e+01
   1.5494934e+01
   1.5512651e+01
   1.5530381e+01
   1.5548123e+01
   1.5565878e+01
   1.5583645e+01
   1.5601425e+01
   1.5619217e+01
   1.5637022e+01
   1.5654840e+01
   1.5672670e+01
   1.5690512e+01
   1.5708368e+01
   1.5726235e+01
   1.5744116e+01
   1.5762008e+01
   1.5779914e+01
   1.5797832e+01
   1.5815762e+01
   1.5833706e+01
   1.5851661e+01
   1.5869629e+01
   1.5887610e+01
   1.5905604e+01
   1.5923610e+01
   1.5941628e+01
   1.5959659e+01
   1.5977703e+01
   1.5995759e+01
   1.6013828e+01
   1.6031909e+01
   1.6050003e+01
   1.6068109e+01
   1.6086228e+01
   1.6104360e+01
   1.6122504e+01
   1.6140661e+01
   1.6158830e+01
   1.6177012e+01
   1.6195206e+01
   1.6213413e+01
   1.6231633e+01
   1.6249865e+01
   1.6268109e+01
   1.6286366e+01
   1.6304636e+01
   1.6322919e+01
   1.6341213e+01
   1.6359521e+01
   1.6377841e+01
   1.6396174e+01
   1.6414519e+01
   1.6432876e+01
   1.6451247e+01
   1.6469629e+01
   1.6488025e+01
   1.6506433e+01
   1.6524853e+01
   1.6543286e+01
   1.6561732e+01
   1.6580190e+01
   1.6598661e+01
   1.6617144e+01
   1.6635640e+01
   1.6654148e+01
   1.6672669e+01
   1.6691203e+01
   1.6709749e+01
   1.6728308e+01
   1.6746879e+01
   1.6765462e+01
   1.6784059e+01
   1.6802668e+01
   1.6821289e+01
   1.6839923e+01
   1.6858569e+01
   1.6877228e+01
   1.6895900e+01
   1.6914584e+01
   1.6933281e+01
   1.6951990e+01
   1.6970712e+01
   1.6989446e+01
   1.7008193e+01
   1.7026952e+01
   1.7045724e+01
   1.7064508e+01
   1.7083305e+01
   1.7102115e+01
   1.7120937e+01
   1.7139772e+01
   1.7158619e+01
   1.7177478e+01
   1.7196351e+01
   1.7215235e+01
   1.7234133e+01
   1.7253042e+01
   1.7271965e+01
   1.7290900e+01
   1.7309847e+01
   1.7328807e+01
   1.7347779e+01
   1.7366764e+01
   1.7385762e+01
   1.7404772e+01
   1.7423794e+01
   1.7442829e+01
   1.7461877e+01
   1.7480937e+01
   1.7500009e+01
   1.7519094e+01
   1.7538192e+01
   1.7557302e+01
   1.7576425e+01
   1.7595560e+01
   1.7614708e+01
   1.7633868e+01
   1.7653040e+01
   1.7672226e+01
   1.7691423e+01
   1.7710634e+01
   1.7729856e+01
   1.7749091e+01
   1.7768339e+01
   1.7787599e+01
   1.7806872e+01
   1.7826157e+01
   1.7845455e+01
   1.7864765e+01
   1.7884088e+01
   1.7903423e+01
   1.7922770e+01
   1.7942130e+01
   1.7961503e+01
   1.7980888e+01
   1.8000286e+01
   1.8019696e+01
   1.8039118e+01
   1.8058553e+01
   1.8078001e+01
   1.8097461e+01
   1.8116933e+01
   1.8136418e+01
   1.8155915e+01
   1.8175425e+01
   1.8194948e+01
   1.8214482e+01
   1.8234030e+01
   1.8253589e+01
   1.8273162e+01
   1.8292746e+01
   1.8312343e+01
   1.8331953e+01
   1.8351575e+01
   1.8371209e+01
   1.8390856e+01
   1.8410516e+01
   1.8430187e+01
   1.8449872e+01
   1.8469568e+01
   1.8489278e+01
   1.8508999e+01
   1.8528733e+01
   1.8548480e+01
   1.8568239e+01
   1.8588010e+01
   1.8607794e+01
   1.8627590e+01
   1.8647399e+01
   1.8667220e+01
   1.8687053e+01
   1.8706899e+01
   1.8726758e+01
   1.8746629e+01
   1.8766512e+01
   1.8786407e+01
   1.8806315e+01
   1.8826236e+01
   1.8846169e+01
   1.8866114e+01
   1.8886072e+01
   1.8906042e+01
   1.8926025e+01
   1.8946019e+01
   1.8966027e+01
   1.8986047e+01
   1.9006079e+01
   1.9026123e+01
   1.9046180e+01
   1.9066249e+01
   1.9086331e+01
   1.9106425e+01
   1.9126532e+01
   1.9146651e+01
   1.9166782e+01
   1.9186926e+01
   1.9207082e+01
   1.9227250e+01
   1.9247431e+01
   1.9267624e+01
   1.9287829e+01
   1.9308047e+01
   1.9328277e+01
   1.9348520e+01
   1.9368775e+01
   1.9389042e+01
   1.9409322e+01
   1.9429614e+01
   1.9449918e+01
   1.9470235e+01
   1.9490564e+01
   1.9510905e+01
   1.9531259e+01
   1.9551625e+01
   1.9572004e+01
   1.9592394e+01
   1.9612798e+01
   1.9633213e+01
   1.9653641e+01
   1.9674081e+01
   1.9694533e+01
   1.9714998e+01
   1.9735475e+01
   1.9755964e+01
   1.9776466e+01
   1.9796980e+01
   1.9817506e+01
   1.9838044e+01
   1.9858595e+01
   1.9879158e+01
   1.9899734e+01
   1.9920321e+01
   1.9940921e+01
   1.9961533e+01
   1.9982158e+01
   2.0002795e+01
   2.0023444e+01
   2.0044105e+01
   2.0064779e+01
   2.0085464e+01
   2.0106163e+01
   2.0126873e+01
   2.0147595e+01
   2.0168330e+01
   2.0189077e+01
   2.0209837e+01
   2.0230608e+01
   2.0251392e+01
   2.0272188e+01
   2.0292996e+01
   2.0313817e+01
   2.0334649e+01
   2.0355494e+01
   2.0376351e+01
   2.0397220e+01
   2.0418102e+01
   2.0438995e+01
   2.0459901e+01
   2.0480819e+01
   2.0501749e+01
   2.0522692e+01
   2.0543646e+01
   2.0564613e+01
   2.0585592e+01
   2.0606583e+01
   2.0627586e+01
   2.0648601e+01
   2.0669629e+01
   2.0690668e+01
   2.0711720e+01
   2.0732784e+01
   2.0753860e+01
   2.0774948e+01
   2.0796048e+01
   2.0817160e+01
   2.0838284e+01
   2.0859421e+01
   2.0880569e+01
   2.0901730e+01
   2.0922902e+01
   2.0944087e+01
   2.0965284e+01
   2.0986493e+01
   2.1007714e+01
   2.1028947e+01
   2.1050191e+01
   2.1071448e+01
   2.1092717e+01
   2.1113998e+01
   2.1135291e+01
   2.1156596e+01
   2.1177913e+01
   2.1199242e+01
   2.1220583e+01
   2.1241936e+01
   2.1263301e+01
   2.1284678e+01
   2.1306067e+01
   2.1327467e+01
   2.1348880e+01
   2.1370305e+01
   2.1391741e+01
   2.1413189e+01
   2.1434650e+01
   2.1456122e+01
   2.1477606e+01
   2.1499102e+01
   2.1520609e+01
   2.1542129e+01
   2.1563661e+01
   2.1585204e+01
   2.1606759e+01
   2.1628326e+01
   2.1649905e+01
   2.1671495e+01
   2.1693097e+01
   2.1714711e+01
   2.1736337e+01
   2.1757975e+01
   2.1779624e+01
   2.1801285e+01
   2.1822958e+01
   2.1844642e+01
   2.1866339e+01
   2.1888046e+01
   2.1909766e+01
   2.1931497e+01
   2.1953240e+01
   2.1974994e+01
   2.1996761e+01
   2.2018538e+01
   2.2040328e+01
   2.2062128e+01
   2.2083941e+01
   2.2105765e+01
   2.2127601e+01
   2.2149448e+01
   2.2171306e+01
   2.2193176e+01
   2.2215058e+01
   2.2236951e+01
   2.2258856e+01
   2.2280772e+01
   2.2302699e+01
   2.2324638e+01
   2.2346588e+01
   2.2368550e+01
   2.2390523e+01
   2.2412507e+01
   2.2434503e+01
   2.2456510e+01
   2.2478528e+01
   2.2500558e+01
   2.2522599e+01
   2.2544651e+01
   2.2566714e+01
   2.2588789e+01
   2.2610875e+01
   2.2632972e+01
   2.2655080e+01
   2.2677199e+01
   2.2699330e+01
   2.2721471e+01
   2.2743624e+01
   2.2765788e+01
   2.2787962e+01
   2.2810148e+01
   2.2832345e+01
   2.2854553e+01
   2.2876771e+01
   2.2899001e+01
   2.2921242e+01
   2.2943493e+01
   2.2965755e+01
   2.2988029e+01
   2.3010313e+01
   2.3032607e+01
   2.3054913e+01
   2.3077229e+01
   2.3099557e+01
   2.3121894e+01
   2.3144243e+01
   2.3166602e+01
   2.3188972e+01
   2.3211352e+01
   2.3233743e+01
   2.3256145e+01
   2.3278557e+01
   2.3300980e+01
   2.3323413e+01
   2.3345856e+01
   2.3368310e+01
   2.3390775e+01
   2.3413249e+01
   2.3435734e+01
   2.3458230e+01
   2.3480735e+01
   2.3503251e+01
   2.3525777e+01
   2.3548313e+01
   2.3570860e+01
   2.3593416e+01
   2.3615983e+01
   2.3638560e+01
   2.3661147e+01
   2.3683743e+01
   2.3706350e+01
   2.3728966e+01
   2.3751593e+01
   2.3774229e+01
   2.3796875e+01
   2.3819531e+01
   2.3842197e+01
   2.3864872e+01
   2.3887557e+01
   2.3910252e+01
   2.3932956e+01
   2.3955670e+01
   2.3978394e+01
   2.4001126e+01
   2.4023869e+01
   2.4046620e+01
   2.4069381e+01
   2.4092152e+01
   2.4114931e+01
   2.4137720e+01
   2.4160518e+01
   2.4183325e+01
   2.4206142e+01
   2.4228967e+01
   2.4251801e+01
   2.4274645e+01
   2.4297497e+01
   2.4320358e+01
   2.4343228e+01
   2.4366107e+01
   2.4388994e+01
   2.4411891e+01
   2.4434795e+01
   2.4457709e+01
   2.4480631e+01
   2.4503561e+01
   2.4526500e+01
   2.4549447e+01
   2.4572403e+01
   2.4595367e+01
   2.4618339e+01
   2.4641319e+01
   2.4664307e+01
   2.4687304e+01
   2.4710308e+01
   2.4733321e+01
   2.4756341e+01
   2.4779369e+01
   2.4802405e+01
   2.4825448e+01
   2.4848500e+01
   2.4871559e+01
   2.4894625e+01
   2.4917699e+01
   2.4940780e+01
   2.4963869e+01
   2.4986965e+01
   2.5010068e+01
   2.5033178e+01
   2.5056295e+01
   2.5079420e+01
   2.5102551e+01
   2.5125689e+01
   2.5148834e+01
   2.5171986e+01
   2.5195145e+01
   2.5218310e+01
   2.5241482e+01
   2.5264660e+01
   2.5287844e+01
   2.5311035e+01
   2.5334232e+01
   2.5357435e+01
   2.5380645e+01
   2.5403860e+01
   2.5427081e+01
   2.5450309e+01
   2.5473542e+01
   2.5496780e+01
   2.5520025e+01
   2.5543274e+01
   2.5566530e+01
   2.5589790e+01
   2.5613056e+01
   2.5636327e+01
   2.5659604e+01
   2.5682885e+01
   2.5706171e+01
   2.5729463e+01
   2.5752759e+01
   2.5776059e+01
   2.5799364e+01
   2.5822674e+01
   2.5845988e+01
   2.5869307e+01
   2.5892629e+01
   2.5915956e+01
   2.5939287e+01
   2.5962622e+01
   2.5985960e+01
   2.6009303e+01
   2.6032649e+01
   2.6055998e+01
   2.6079351e+01
   2.6102708e+01
   2.6126067e+01
   2.6149430e+01
   2.6172796e+01
   2.6196164e+01
   2.6219536e+01
   2.6242910e+01
   2.6266286e+01
   2.6289666e+01
   2.6313047e+01
   2.6336431e+01
   2.6359817e+01
   2.6383205e+01
   2.6406595e+01
   2.6429987e+01
   2.6453380e+01
   2.6476775e+01
   2.6500172e+01
   2.6523569e+01
   2.6546968e+01
   2.6570368e+01
   2.6593769e+01
   2.6617171e+01
   2.6640574e+01
   2.6663977e+01
   2.6687381e+01
   2.6710784e+01
   2.6734189e+01
   2.6757593e+01
   2.6780997e+01
   2.6804401e+01
   2.6827804e+01
   2.6851207e+01
   2.6874610e+01
   2.6898011e+01
   2.6921412e+01
   2.6944812e+01
   2.6968211e+01
   2.6991608e+01
   2.7015004e+01
   2.7038398e+01
   2.7061790e+01
   2.7085181e+01
   2.7108570e+01
   2.7131956e+01
   2.7155340e+01
   2.7178721e+01
   2.7202100e+01
   2.7225476e+01
   2.7248849e+01
   2.7272219e+01
   2.7295586e+01
   2.7318949e+01
   2.7342308e+01
   2.7365664e+01
   2.7389016e+01
   2.7412364e+01
   2.7435707e+01
   2.7459046e+01
   2.7482381e+01
   2.7505710e+01
   2.7529035e+01
   2.7552354e+01
   2.7575669e+01
   2.7598977e+01
   2.7622281e+01
   2.7645578e+01
   2.7668869e+01
   2.7692154e+01
   2.7715433e+01
   2.7738705e+01
   2.7761970e+01
   2.7785229e+01
   2.7808480e+01
   2.7831724e+01
   2.7854960e+01
   2.7878189e+01
   2.7901410e+01
   2.7924623e+01
   2.7947827e+01
   2.7971023e+01
   2.7994210e+01
   2.8017389e+01
   2.8040558e+01
   2.8063718e+01
   2.8086868e+01
   2.8110009e+01
   2.8133139e+01
   2.8156260e+01
   2.8179370e+01
   2.8202470e+01
   2.8225559e+01
   2.8248636e+01
   2.8271703e+01
   2.8294758e+01
   2.8317801e+01
   2.8340833e+01
   2.8363852e+01
   2.8386859e+01
   2.8409854e+01
   2.8432835e+01
   2.8455804e+01
   2.8478759e+01
   2.8501700e+01
   2.8524628e+01
   2.8547542e+01
   2.8570442e+01
   2.8593327e+01
   2.8616197e+01
   2.8639052e+01
   2.8661893e+01
   2.8684717e+01
   2.8707526e+01
   2.8730319e+01
   2.8753096e+01
   2.8775856e+01
   2.8798599e+01
   2.8821325e+01
   2.8844034e+01
   2.8866725e+01
   2.8889399e+01
   2.8912054e+01
   2.8934691e+01
   2.8957310e+01
   2.8979909e+01
   2.9002489e+01
   2.9025050e+01
   2.9047591e+01
   2.9070112e+01
   2.9092612e+01
   2.9115092e+01
   2.9137551e+01
   2.9159989e+01
   2.9182406e+01
   2.9204800e+01
   2.9227172e+01
   2.9249522e+01
   2.9271850e+01
   2.9294154e+01
   2.9316435e+01
   2.9338692e+01
   2.9360926e+01
   2.9383135e+01
   2.9405320e+01
   2.9427480e+01
   2.9449614e+01
   2.9471723e+01
   2.9493807e+01
   2.9515864e+01
   2.9537894e+01
   2.9559898e+01
   2.9581875e+01
   2.9603824e+01
   2.9625745e+01
   2.9647639e+01
   2.9669503e+01
   2.9691339e+01
   2.9713146e+01
   2.9734923e+01
   2.9756671e+01
   2.9778388e+01
   2.9800074e+01
   2.9821730e+01
   2.9843354e+01
   2.9864947e+01
   2.9886508e+01
   2.9908036e+01
   2.9929531e+01
   2.9950994e+01
   2.9972423e+01
   2.9993818e+01
   3.0015179e+01
   3.0036505e+01
   3.0057796e+01
   3.0079052e+01
   3.0100272e+01
   3.0121456e+01
   3.0142603e+01
   3.0163714e+01
   3.0184787e+01
   3.0205822e+01
   3.0226819e+01
   3.0247778e+01
   3.0268698e+01
   3.0289578e+01
   3.0310419e+01
   3.0331220e+01
   3.0351980e+01
   3.0372699e+01
   3.0393376e+01
   3.0414012e+01
   3.0434606e+01
   3.0455157e+01
   3.0475665e+01
   3.0496129e+01
   3.0516549e+01
   3.0536925e+01
   3.0557256e+01
   3.0577542e+01
   3.0597782e+01
   3.0617977e+01
   3.0638124e+01
   3.0658225e+01
   3.0678278e+01
   3.0698283e+01
   3.0718239e+01
   3.0738147e+01
   3.0758006e+01
   3.0777815e+01
   3.0797574e+01
   3.0817282e+01
   3.0836938e+01
   3.0856544e+01
   3.0876097e+01
   3.0895598e+01
   3.0915045e+01
   3.0934440e+01
   3.0953780e+01
   3.0973066e+01
   3.0992297e+01
   3.1011472e+01
   3.1030592e+01
   3.1049655e+01
   3.1068661e+01
   3.1087610e+01
   3.1106502e+01
   3.1125335e+01
   3.1144109e+01
   3.1162823e+01
   3.1181478e+01
   3.1200073e+01
   3.1218607e+01
   3.1237079e+01
   3.1255490e+01
   3.1273839e+01
   3.1292124e+01
   3.1310346e+01
   3.1328505e+01
   3.1346599e+01
   3.1364628e+01
   3.1382592e+01
   3.1400489e+01
   3.1418321e+01
   3.1436085e+01
   3.1453782e+01
   3.1471411e+01
   3.1488972e+01
   3.1506463e+01
   3.1523885e+01
   3.1541237e+01
   3.1558518e+01
   3.1575728e+01
   3.1592867e+01
   3.1609933e+01
   3.1626927e+01
   3.1643847e+01
   3.1660693e+01
   3.1677466e+01
   3.1694163e+01
   3.1710785e+01
   3.1727331e+01
   3.1743800e+01
   3.1760193e+01
   3.1776508e+01
   3.1792745e+01
   3.1808903e+01
   3.1824982e+01
   3.1840981e+01
   3.1856900e+01
   3.1872739e+01
   3.1888495e+01
   3.1904170e+01
   3.1919763e+01
   3.1935272e+01
   3.1950698e+01
   3.1966040e+01
   3.1981298e+01
   3.1996470e+01
   3.2011556e+01
   3.2026556e+01
   3.2041469e+01
   3.2056295e+01
   3.2071033e+01
   3.2085682e+01
   3.2100242e+01
   3.2114713e+01
   3.2129093e+01
   3.2143383e+01
   3.2157581e+01
   3.2171688e+01
   3.2185702e+01
   3.2199623e+01
   3.2213450e+01
   3.2227184e+01
   3.2240823e+01
   3.2254366e+01
   3.2267814e+01
   3.2281165e+01
   3.2294420e+01
   3.2307577e+01
   3.2320636e+01
   3.2333596e+01
   3.2346457e+01
   3.2359219e+01
   3.2371880e+01
   3.2384440e+01
   3.2396899e+01
   3.2409255e+01
   3.2421509e+01
   3.2433660e+01
   3.2445707e+01
   3.2457650e+01
   3.2469488e+01
   3.2481220e+01
   3.2492846e+01
   3.2504366e+01
   3.2515778e+01
   3.2527082e+01
   3.2538278e+01
   3.2549365e+01
   3.2560343e+01
   3.2571210e+01
   3.2581966e+01
   3.2592611e+01
   3.2603144e+01
   3.2613565e+01
   3.2623872e+01
   3.2634066e+01
   3.2644145e+01
   3.2654109e+01
   3.2663958e+01
   3.2673690e+01
   3.2683306e+01
   3.2692804e+01
   3.2702184e+01
   3.2711446e+01
   3.2720588e+01
   3.2729610e+01
   3.2738512e+01
   3.2747293e+01
   3.2755952e+01
   3.2764489e+01
   3.2772902e+01
   3.2781192e+01
   3.2789358e+01
   3.2797399e+01
   3.2805314e+01
   3.2813103e+01
   3.2820765e+01
   3.2828300e+01
   3.2835706e+01
   3.2842984e+01
   3.2850132e+01
   3.2857150e+01
   3.2864037e+01
   3.2870793e+01
   3.2877416e+01
   3.2883907e+01
   3.2890265e+01
   3.2896488e+01
   3.2902576e+01
   3.2908529e+01
   3.2914345e+01
   3.2920025e+01
   3.2925567e+01
   3.2930970e+01
   3.2936235e+01
   3.2941360e+01
   3.2946344e+01
   3.2951187e+01
   3.2955889e+01
   3.2960448e+01
   3.2964863e+01
   3.2969135e+01
   3.2973261e+01
   3.2977243e+01
   3.2981078e+01
   3.2984766e+01
   3.2988306e+01
   3.2991698e+01
   3.2994940e+01
   3.2998033e+01
   3.3000975e+01
   3.3003766e+01
   3.3006404e+01
   3.3008889e+01
   3.3011220e+01
   3.3013397e+01
   3.3015419e+01
   3.3017284e+01
   3.3018993e+01
   3.3020544e+01
   3.3021936e+01
   3.3023170e+01
   3.3024243e+01
   3.3025155e+01
   3.3025906e+01
   3.3026494e+01
   3.3026919e+01
   3.3027180e+01
   3.3027277e+01
   3.3027207e+01
   3.3026971e+01
   3.3026568e+01
   3.3025997e+01
   3.3025256e+01
   3.3024346e+01
   3.3023266e+01
   3.3022014e+01
   3.3020590e+01
   3.3018993e+01
   3.3017221e+01
   3.3015276e+01
   3.3013154e+01
   3.3010856e+01
   3.3008381e+01
   3.3005728e+01
   3.3002897e+01
   3.2999885e+01
   3.2996693e+01
   3.2993319e+01
   3.2989763e+01
   3.2986024e+01
   3.2982101e+01
   3.2977993e+01
   3.2973700e+01
   3.2969220e+01
   3.2964553e+01
   3.2959698e+01
   3.2954654e+01
   3.2949420e+01
   3.2943995e+01
   3.2938379e+01
   3.2932570e+01
   3.2926568e+01
   3.2920372e+01
   3.2913982e+01
   3.2907395e+01
   3.2900612e+01
   3.2893632e+01
   3.2886453e+01
   3.2879075e+01
   3.2871498e+01
   3.2863720e+01
   3.2855740e+01
   3.2847558e+01
   3.2839172e+01
   3.2830583e+01
   3.2821789e+01
   3.2812789e+01
   3.2803583e+01
   3.2794169e+01
   3.2784548e+01
   3.2774717e+01
   3.2764677e+01
   3.2754427e+01
   3.2743965e+01
   3.2733291e+01
   3.2722404e+01
   3.2711303e+01
   3.2699988e+01
   3.2688458e+01
   3.2676711e+01
   3.2664748e+01
   3.2652567e+01
   3.2640168e+01
   3.2627550e+01
   3.2614712e+01
   3.2601653e+01
   3.2588373e+01
   3.2574870e+01
   3.2561145e+01
   3.2547196e+01
   3.2533023e+01
   3.2518624e+01
   3.2503999e+01
   3.2489148e+01
   3.2474070e+01
   3.2458763e+01
   3.2443227e+01
   3.2427462e+01
   3.2411467e+01
   3.2395240e+01
   3.2378782e+01
   3.2362092e+01
   3.2345168e+01
   3.2328011e+01
   3.2310618e+01
   3.2292991e+01
   3.2275128e+01
   3.2257028e+01
   3.2238691e+01
   3.2220116e+01
   3.2201303e+01
   3.2182250e+01
   3.2162957e+01
   3.2143423e+01
   3.2123648e+01
   3.2103631e+01
   3.2083371e+01
   3.2062869e+01
   3.2042122e+01
   3.2021130e+01
   3.1999893e+01
   3.1978411e+01
   3.1956682e+01
   3.1934705e+01
   3.1912481e+01
   3.1890008e+01
   3.1867287e+01
   3.1844315e+01
   3.1821093e+01
   3.1797621e+01
   3.1773896e+01
   3.1749920e+01
   3.1725690e+01
   3.1701208e+01
   3.1676471e+01
   3.1651479e+01
   3.1626232e+01
   3.1600730e+01
   3.1574971e+01
   3.1548954e+01
   3.1522680e+01
   3.1496148e+01
   3.1469357e+01
   3.1442306e+01
   3.1414996e+01
   3.1387424e+01
   3.1359592e+01
   3.1331497e+01
   3.1303140e+01
   3.1274520e+01
   3.1245637e+01
   3.1216489e+01
   3.1187076e+01
   3.1157398e+01
   3.1127454e+01
   3.1097244e+01
   3.1066766e+01
   3.1036020e+01
   3.1005007e+01
   3.0973724e+01
   3.0942172e+01
   3.0910349e+01
   3.0878257e+01
   3.0845893e+01
   3.0813257e+01
   3.0780348e+01
   3.0747167e+01
   3.0713712e+01
   3.0679983e+01
   3.0645980e+01
   3.0611701e+01
   3.0577146e+01
   3.0542314e+01
   3.0507206e+01
   3.0471820e+01
   3.0436156e+01
   3.0400213e+01
   3.0363991e+01
   3.0327488e+01
   3.0290705e+01
   3.0253641e+01
   3.0216296e+01
   3.0178668e+01
   3.0140757e+01
   3.0102562e+01
   3.0064084e+01
   3.0025320e+01
   2.9986272e+01
   2.9946938e+01
   2.9907317e+01
   2.9867409e+01
   2.9827214e+01
   2.9786730e+01
   2.9745958e+01
   2.9704896e+01
   2.9663544e+01
   2.9621902e+01
   2.9579968e+01
   2.9537742e+01
   2.9495224e+01
   2.9452413e+01
   2.9409309e+01
   2.9365910e+01
   2.9322216e+01
   2.9278227e+01
   2.9233942e+01
   2.9189360e+01
   2.9144481e+01
   2.9099305e+01
   2.9053829e+01
   2.9008055e+01
   2.8961981e+01
   2.8915606e+01
   2.8868931e+01
   2.8821954e+01
   2.8774675e+01
   2.8727094e+01
   2.8679209e+01
   2.8631020e+01
   2.8582526e+01
   2.8533727e+01
   2.8484623e+01
   2.8435212e+01
   2.8385494e+01
   2.8335468e+01
   2.8285135e+01
   2.8234492e+01
   2.8183540e+01
   2.8132278e+01
   2.8080705e+01
   2.8028821e+01
   2.7976625e+01
   2.7924117e+01
   2.7871296e+01
   2.7818161e+01
   2.7764712e+01
   2.7710948e+01
   2.7656868e+01
   2.7602473e+01
   2.7547760e+01
   2.7492731e+01
   2.7437384e+01
   2.7381719e+01
   2.7325735e+01
   2.7269431e+01
   2.7212807e+01
   2.7155863e+01
   2.7098597e+01
   2.7041010e+01
   2.6983100e+01
   2.6924868e+01
   2.6866313e+01
   2.6807433e+01
   2.6748229e+01
   2.6688701e+01
   2.6628847e+01
   2.6568667e+01
   2.6508160e+01
   2.6447327e+01
   2.6386166e+01
   2.6324678e+01
   2.6262861e+01
   2.6200716e+01
   2.6138241e+01
   2.6075437e+01
   2.6012302e+01
   2.5948838e+01
   2.5885042e+01
   2.5820915e+01
   2.5756457e+01
   2.5691666e+01
   2.5626544e+01
   2.5561088e+01
   2.5495300e+01
   2.5429178e+01
   2.5362723e+01
   2.5295934e+01
   2.5228811e+01
   2.5161353e+01
   2.5093561e+01
   2.5025434e+01
   2.4956973e+01
   2.4888176e+01
   2.4819043e+01
   2.4749576e+01
   2.4679773e+01
   2.4609634e+01
   2.4539160e+01
   2.4468350e+01
   2.4397204e+01
   2.4325723e+01
   2.4253906e+01
   2.4181754e+01
   2.4109266e+01
   2.4036443e+01
   2.3963284e+01
   2.3889791e+01
   2.3815963e+01
   2.3741800e+01
   2.3667303e+01
   2.3592473e+01
   2.3517309e+01
   2.3441811e+01
   2.3365981e+01
   2.3289819e+01
   2.3213325e+01
   2.3136500e+01
   2.3059344e+01
   2.2981858e+01
   2.2904043e+01
   2.2825899e+01
   2.2747428e+01
   2.2668629e+01
   2.2589505e+01
   2.2510055e+01
   2.2430281e+01
   2.2350184e+01
   2.2269765e+01
   2.2189025e+01
   2.2107964e+01
   2.2026586e+01
   2.1944890e+01
   2.1862878e+01
   2.1780552e+01
   2.1697913e+01
   2.1614962e+01
   2.1531701e+01
   2.1448133e+01
   2.1364258e+01
   2.1280079e+01
   2.1195597e+01
   2.1110814e+01
   2.1025733e+01
   2.0940356e+01
   2.0854684e+01
   2.0768721e+01
   2.0682468e+01
   2.0595928e+01
   2.0509103e+01
   2.0421997e+01
   2.0334611e+01
   2.0246949e+01
   2.0159014e+01
   2.0070808e+01
   1.9982335e+01
   1.9893598e+01
   1.9804600e+01
   1.9715345e+01
   1.9625835e+01
   1.9536076e+01
   1.9446069e+01
   1.9355820e+01
   1.9265332e+01
   1.9174609e+01
   1.9083655e+01
   1.8992475e+01
   1.8901072e+01
   1.8809452e+01
   1.8717619e+01
   1.8625577e+01
   1.8533332e+01
   1.8440888e+01
   1.8348251e+01
   1.8255425e+01
   1.8162416e+01
   1.8069229e+01
   1.7975870e+01
   1.7882344e+01
   1.7788658e+01
   1.7694818e+01
   1.7600828e+01
   1.7506696e+01
   1.7412428e+01
   1.7318029e+01
   1.7223508e+01
   1.7128870e+01
   1.7034122e+01
   1.6939271e+01
   1.6844324e+01
   1.6749289e+01
   1.6654172e+01
   1.6558981e+01
   1.6463724e+01
   1.6368408e+01
   1.6273042e+01
   1.6177632e+01
   1.6082187e+01
   1.5986715e+01
   1.5891224e+01
   1.5795723e+01
   1.5700220e+01
   1.5604724e+01
   1.5509243e+01
   1.5413787e+01
   1.5318363e+01
   1.5222981e+01
   1.5127650e+01
   1.5032380e+01
   1.4937179e+01
   1.4842056e+01
   1.4747022e+01
   1.4652085e+01
   1.4557256e+01
   1.4462543e+01
   1.4367956e+01
   1.4273506e+01
   1.4179201e+01
   1.4085053e+01
   1.3991069e+01
   1.3897261e+01
   1.3803639e+01
   1.3710211e+01
   1.3616989e+01
   1.3523982e+01
   1.3431201e+01
   1.3338654e+01
   1.3246353e+01
   1.3154307e+01
   1.3062526e+01
   1.2971020e+01
   1.2879799e+01
   1.2788873e+01
   1.2698251e+01
   1.2607945e+01
   1.2517962e+01
   1.2428313e+01
   1.2339007e+01
   1.2250055e+01
   1.2161465e+01
   1.2073246e+01
   1.1985409e+01
   1.1897962e+01
   1.1810914e+01
   1.1724274e+01
   1.1638051e+01
   1.1552254e+01
   1.1466891e+01
   1.1381970e+01
   1.1297501e+01
   1.1213490e+01
   1.1129947e+01
   1.1046878e+01
   1.0964292e+01
   1.0882196e+01
   1.0800598e+01
   1.0719503e+01
   1.0638920e+01
   1.0558856e+01
   1.0479315e+01
   1.0400306e+01
   1.0321834e+01
   1.0243906e+01
   1.0166526e+01
   1.0089701e+01
   1.0013435e+01
   9.9377351e+00
   9.8626046e+00
   9.7880487e+00
   9.7140719e+00
   9.6406785e+00
   9.5678723e+00
   9.4956574e+00
   9.4240371e+00
   9.3530150e+00
   9.2825941e+00
   9.2127774e+00
   9.1435675e+00
   9.0749670e+00
   9.0069780e+00
   8.9396026e+00
   8.8728425e+00
   8.8066994e+00
   8.7411747e+00
   8.6762694e+00
   8.6119845e+00
   8.5483207e+00
   8.4852785e+00
   8.4228582e+00
   8.3610600e+00
   8.2998837e+00
   8.2393290e+00
   8.1793954e+00
   8.1200823e+00
   8.0613887e+00
   8.0033135e+00
   7.9458557e+00
   7.8890136e+00
   7.8327858e+00
   7.7771704e+00
   7.7221655e+00
   7.6677690e+00
   7.6139788e+00
   7.5607923e+00
   7.5082070e+00
   7.4562202e+00
   7.4048291e+00
   7.3540307e+00
   7.3038218e+00
   7.2541994e+00
   7.2051599e+00
   7.1567000e+00
   7.1088160e+00
   7.0615043e+00
   7.0147610e+00
   6.9685822e+00
   6.9229640e+00
   6.8779022e+00
   6.8333927e+00
   6.7894311e+00
   6.7460133e+00
   6.7031347e+00
   6.6607908e+00
   6.6189772e+00
   6.5776892e+00
   6.5369221e+00
   6.4966711e+00
   6.4569316e+00
   6.4176987e+00
   6.3789675e+00
   6.3407331e+00
   6.3029906e+00
   6.2657350e+00
   6.2289612e+00
   6.1926643e+00
   6.1568391e+00
   6.1214807e+00
   6.0865839e+00
   6.0521436e+00
   6.0181546e+00
   5.9846119e+00
   5.9515104e+00
   5.9188448e+00
   5.8866101e+00
   5.8548011e+00
   5.8234127e+00
   5.7924397e+00
   5.7618772e+00
   5.7317199e+00
   5.7019627e+00
   5.6726006e+00
   5.6436286e+00
   5.6150416e+00
   5.5868346e+00
   5.5590026e+00
   5.5315406e+00
   5.5044437e+00
   5.4777070e+00
   5.4513255e+00
   5.4252945e+00
   5.3996091e+00
   5.3742645e+00
   5.3492560e+00
   5.3245788e+00
   5.3002282e+00
   5.2761997e+00
   5.2524885e+00
   5.2290901e+00
   5.2060000e+00
   5.1832136e+00
   5.1607266e+00
   5.1385344e+00
   5.1166328e+00
   5.0950174e+00
   5.0736839e+00
   5.0526281e+00
   5.0318457e+00
   5.0113327e+00
   4.9910849e+00
   4.9710982e+00
   4.9513686e+00
   4.9318921e+00
   4.9126649e+00
   4.8936830e+00
   4.8749426e+00
   4.8564400e+00
   4.8381712e+00
   4.8201327e+00
   4.8023208e+00
   4.7847320e+00
   4.7673625e+00
   4.7502089e+00
   4.7332678e+00
   4.7165357e+00
   4.7000093e+00
   4.6836851e+00
   4.6675600e+00
   4.6516306e+00
   4.6358938e+00
   4.6203465e+00
   4.6049854e+00
   4.5898075e+00
   4.5748099e+00
   4.5599895e+00
   4.5453434e+00
   4.5308687e+00
   4.5165626e+00
   4.5024222e+00
   4.4884448e+00
   4.4746276e+00
   4.4609680e+00
   4.4474633e+00
   4.4341110e+00
   4.4209084e+00
   4.4078530e+00
   4.3949424e+00
   4.3821741e+00
   4.3695456e+00
   4.3570547e+00
   4.3446990e+00
   4.3324762e+00
   4.3203840e+00
   4.3084202e+00
   4.2965827e+00
   4.2848692e+00
   4.2732777e+00
   4.2618126e+00
   4.7148852e+00
   5.1583308e+00
   5.5927638e+00
   6.0190134e+00
   6.4377221e+00
   6.8494845e+00
   7.2548490e+00
   7.6543224e+00
   8.0483704e+00
   8.4374206e+00
   8.8218652e+00
   9.2020631e+00
   9.5783403e+00
   9.9509986e+00
   1.0320315e+01
   1.0686548e+01
   1.1049940e+01
   1.1410727e+01
   1.1769143e+01
   1.2125429e+01
   1.2479844e+01
   1.2832669e+01
   1.3184229e+01
   1.3534902e+01
   1.3885131e+01
   1.4235440e+01
   1.4586449e+01
   1.4938886e+01
   1.5293598e+01
   1.5651564e+01
   1.6013894e+01
   1.6381830e+01
   1.6756722e+01
   1.7139998e+01
   1.7533092e+01
   1.7937346e+01
   1.8353826e+01
   1.8783041e+01
   1.9224515e+01
   1.9676166e+01
   2.0133388e+01
   2.0587826e+01
   2.1026464e+01
   2.1433242e+01
   2.1789230e+01
   2.2074323e+01
   2.2270918e+01
   2.2368165e+01
   2.2364818e+01
   2.2269113e+01
   2.2194655e+01
   2.2115444e+01
   2.2037388e+01
   2.1964180e+01
   2.1897911e+01
   2.1839461e+01
   2.1788894e+01
   2.1745771e+01
   2.1709372e+01
   2.1678860e+01
   2.1653380e+01
   2.1632119e+01
   2.1614343e+01
   2.1599404e+01
   2.1586746e+01
   2.1575902e+01
   2.1566481e+01
   2.1558160e+01
   2.1550679e+01
   2.1543823e+01
   2.1537423e+01
   2.1531343e+01
   2.1525474e+01
   2.1519733e+01
   2.1514054e+01
   2.1508386e+01
   2.1502691e+01
   2.1496939e+01
   2.1491111e+01
   2.1485191e+01
   2.1479169e+01
   2.1473039e+01
   2.1466798e+01
   2.1460445e+01
   2.1453980e+01
   2.1447405e+01
   2.1440724e+01
   2.1433940e+01
   2.1427057e+01
   2.1420079e+01
   2.1413011e+01
   2.1405858e+01
   2.1398623e+01
   2.1391311e+01
   2.1383926e+01
   2.1376474e+01
   2.1368957e+01
   2.1361379e+01
   2.1353744e+01
   2.1346056e+01
   2.1338318e+01
   2.1330532e+01
   2.1322702e+01
   2.1314830e+01
   2.1306918e+01
   2.1298970e+01
   2.1290986e+01
   2.1282970e+01
   2.1274923e+01
   2.1266846e+01
   2.1258742e+01
   2.1250612e+01
   2.1242457e+01
   2.1234278e+01
   2.1226076e+01
   2.1217854e+01
   2.1209612e+01
   2.1201350e+01
   2.1193069e+01
   2.1184771e+01
   2.1176456e+01
   2.1168125e+01
   2.1159778e+01
   2.1151416e+01
   2.1143040e+01
   2.1134649e+01
   2.1126245e+01
   2.1117827e+01
   2.1109397e+01
   2.1100954e+01
   2.1092498e+01
   2.1084030e+01
   2.1075551e+01
   2.1067059e+01
   2.1058557e+01
   2.1050042e+01
   2.1041517e+01
   2.1032980e+01
   2.1024433e+01
   2.1015875e+01
   2.1007306e+01
   2.0998726e+01
   2.0990136e+01
   2.0981535e+01
   2.0972923e+01
   2.0964301e+01
   2.0955668e+01
   2.0947026e+01
   2.0938372e+01
   2.0929707e+01
   2.0921032e+01
   2.0912347e+01
   2.0903651e+01
   2.0894944e+01
   2.0886226e+01
   2.0877497e+01
   2.0868758e+01
   2.0860008e+01
   2.0851247e+01
   2.0842474e+01
   2.0833691e+01
   2.0824896e+01
   2.0816091e+01
   2.0807274e+01
   2.0798446e+01
   2.0789607e+01
   2.0780756e+01
   2.0771893e+01
   2.0763019e+01
   2.0754133e+01
   2.0745235e+01
   2.0736325e+01
   2.0727403e+01
   2.0718469e+01
   2.0709522e+01
   2.0700564e+01
   2.0691594e+01
   2.0682611e+01
   2.0673615e+01
   2.0664606e+01
   2.0655586e+01
   2.0646552e+01
   2.0637506e+01
   2.0628446e+01
   2.0619374e+01
   2.0610289e+01
   2.0601190e+01
   2.0592079e+01
   2.0582953e+01
   2.0573815e+01
   2.0564663e+01
   2.0555497e+01
   2.0546319e+01
   2.0537126e+01
   2.0527919e+01
   2.0518698e+01
   2.0509463e+01
   2.0500215e+01
   2.0490952e+01
   2.0481676e+01
   2.0472385e+01
   2.0463080e+01
   2.0453761e+01
   2.0444427e+01
   2.0435078e+01
   2.0425714e+01
   2.0416337e+01
   2.0406944e+01
   2.0397537e+01
   2.0388115e+01
   2.0378677e+01
   2.0369226e+01
   2.0359759e+01
   2.0350277e+01
   2.0340780e+01
   2.0331268e+01
   2.0321740e+01
   2.0312197e+01
   2.0302639e+01
   2.0293066e+01
   2.0283477e+01
   2.0273872e+01
   2.0264253e+01
   2.0254616e+01
   2.0244965e+01
   2.0235297e+01
   2.0225614e+01
   2.0215916e+01
   2.0206202e+01
   2.0196472e+01
   2.0186726e+01
   2.0176964e+01
   2.0167186e+01
   2.0157392e+01
   2.0147582e+01
   2.0137756e+01
   2.0127914e+01
   2.0118055e+01
   2.0108181e+01
   2.0098290e+01
   2.0088384e+01
   2.0078461e+01
   2.0068522e+01
   2.0058566e+01
   2.0048595e+01
   2.0038608e+01
   2.0028603e+01
   2.0018584e+01
   2.0008547e+01
   1.9998494e+01
   1.9988425e+01
   1.9978339e+01
   1.9968238e+01
   1.9958120e+01
   1.9947985e+01
   1.9937834e+01
   1.9927667e+01
   1.9917484e+01
   1.9907285e+01
   1.9897070e+01
   1.9886838e+01
   1.9876590e+01
   1.9866326e+01
   1.9856046e+01
   1.9845749e+01
   1.9835435e+01
   1.9825106e+01
   1.9814760e+01
   1.9804398e+01
   1.9794018e+01
   1.9783624e+01
   1.9773215e+01
   1.9762788e+01
   1.9752346e+01
   1.9741888e+01
   1.9731413e+01
   1.9720923e+01
   1.9710417e+01
   1.9699897e+01
   1.9689360e+01
   1.9678806e+01
   1.9668239e+01
   1.9657654e+01
   1.9647054e+01
   1.9636439e+01
   1.9625811e+01
   1.9615165e+01
   1.9604504e+01
   1.9593829e+01
   1.9583137e+01
   1.9572430e+01
   1.9561709e+01
   1.9550975e+01
   1.9540224e+01
   1.9529458e+01
   1.9518679e+01
   1.9507884e+01
   1.9497074e+01
   1.9486251e+01
   1.9475415e+01
   1.9464562e+01
   1.9453696e+01
   1.9442817e+01
   1.9431922e+01
   1.9421013e+01
   1.9410092e+01
   1.9399156e+01
   1.9388205e+01
   1.9377243e+01
   1.9366269e+01
   1.9355279e+01
   1.9344277e+01
   1.9333261e+01
   1.9322234e+01
   1.9311194e+01
   1.9300141e+01
   1.9289077e+01
   1.9278000e+01
   1.9266911e+01
   1.9255808e+01
   1.9244696e+01
   1.9233571e+01
   1.9222434e+01
   1.9211285e+01
   1.9200126e+01
   1.9188956e+01
   1.9177774e+01
   1.9166580e+01
   1.9155377e+01
   1.9144163e+01
   1.9132939e+01
   1.9121703e+01
   1.9110458e+01
   1.9099204e+01
   1.9087940e+01
   1.9076668e+01
   1.9065385e+01
   1.9054092e+01
   1.9042791e+01
   1.9031483e+01
   1.9020164e+01
   1.9008836e+01
   1.8997502e+01
   1.8986160e+01
   1.8974811e+01
   1.8963453e+01
   1.8952087e+01
   1.8940715e+01
   1.8929337e+01
   1.8917951e+01
   1.8906557e+01
   1.8895158e+01
   1.8883754e+01
   1.8872343e+01
   1.8860926e+01
   1.8849504e+01
   1.8838076e+01
   1.8826644e+01
   1.8815206e+01
   1.8803765e+01
   1.8792319e+01
   1.8780869e+01
   1.8769416e+01
   1.8757959e+01
   1.8746499e+01
   1.8735036e+01
   1.8723571e+01
   1.8712103e+01
   1.8700633e+01
   1.8689160e+01
   1.8677686e+01
   1.8666211e+01
   1.8654733e+01
   1.8643255e+01
   1.8631777e+01
   1.8620298e+01
   1.8608819e+01
   1.8597341e+01
   1.8585862e+01
   1.8574385e+01
   1.8562908e+01
   1.8551434e+01
   1.8539961e+01
   1.8528489e+01
   1.8517020e+01
   1.8505554e+01
   1.8494090e+01
   1.8482630e+01
   1.8471172e+01
   1.8459719e+01
   1.8448269e+01
   1.8436824e+01
   1.8425384e+01
   1.8413949e+01
   1.8402519e+01
   1.8391095e+01
   1.8379677e+01
   1.8368265e+01
   1.8356860e+01
   1.8345463e+01
   1.8334071e+01
   1.8322688e+01
   1.8311313e+01
   1.8299946e+01
   1.8288588e+01
   1.8277239e+01
   1.8265900e+01
   1.8254570e+01
   1.8243250e+01
   1.8231940e+01
   1.8220641e+01
   1.8209353e+01
   1.8198076e+01
   1.8186811e+01
   1.8175559e+01
   1.8164319e+01
   1.8153092e+01
   1.8141878e+01
   1.8130678e+01
   1.8119491e+01
   1.8108319e+01
   1.8097161e+01
   1.8086019e+01
   1.8074891e+01
   1.8063780e+01
   1.8052683e+01
   1.8041604e+01
   1.8030543e+01
   1.8019497e+01
   1.8008469e+01
   1.7997460e+01
   1.7986469e+01
   1.7975496e+01
   1.7964544e+01
   1.7953611e+01
   1.7942696e+01
   1.7931805e+01
   1.7920932e+01
   1.7910080e+01
   1.7899250e+01
   1.7888442e+01
   1.7877657e+01
   1.7866893e+01
   1.7856154e+01
   1.7845436e+01
   1.7834743e+01
   1.7824073e+01
   1.7813428e+01
   1.7802807e+01
   1.7792213e+01
   1.7781642e+01
   1.7771099e+01
   1.7760584e+01
   1.7750094e+01
   1.7739632e+01
   1.7729197e+01
   1.7718790e+01
   1.7708412e+01
   1.7698062e+01
   1.7687741e+01
   1.7677449e+01
   1.7667188e+01
   1.7656958e+01
   1.7646757e+01
   1.7636588e+01
   1.7626450e+01
   1.7616344e+01
   1.7606271e+01
   1.7596230e+01
   1.7586223e+01
   1.7576248e+01
   1.7566310e+01
   1.7556403e+01
   1.7546532e+01
   1.7536696e+01
   1.7526895e+01
   1.7517131e+01
   1.7507401e+01
   1.7497709e+01
   1.7488052e+01
   1.7478433e+01
   1.7468851e+01
   1.7459309e+01
   1.7449804e+01
   1.7440340e+01
   1.7430912e+01
   1.7421525e+01
   1.7412178e+01
   1.7402871e+01
   1.7393604e+01
   1.7384379e+01
   1.7375194e+01
   1.7366051e+01
   1.7356950e+01
   1.7347891e+01
   1.7338875e+01
   1.7329902e+01
   1.7320971e+01
   1.7312087e+01
   1.7303245e+01
   1.7294448e+01
   1.7285696e+01
   1.7276989e+01
   1.7268326e+01
   1.7259710e+01
   1.7251140e+01
   1.7242617e+01
   1.7234141e+01
   1.7225711e+01
   1.7217329e+01
   1.7208995e+01
   1.7200710e+01
   1.7192474e+01
   1.7184286e+01
   1.7176148e+01
   1.7168058e+01
   1.7160019e+01
   1.7152029e+01
   1.7144090e+01
   1.7136203e+01
   1.7128365e+01
   1.7120579e+01
   1.7112844e+01
   1.7105162e+01
   1.7097531e+01
   1.7089954e+01
   1.7082428e+01
   1.7074956e+01
   1.7067538e+01
   1.7060172e+01
   1.7052861e+01
   1.7045603e+01
   1.7038400e+01
   1.7031252e+01
   1.7024158e+01
   1.7017120e+01
   1.7010137e+01
   1.7003210e+01
   1.6996339e+01
   1.6989525e+01
   1.6982767e+01
   1.6976067e+01
   1.6969422e+01
   1.6962835e+01
   1.6956305e+01
   1.6949834e+01
   1.6943419e+01
   1.6937064e+01
   1.6930766e+01
   1.6924527e+01
   1.6918347e+01
   1.6912226e+01
   1.6906163e+01
   1.6900161e+01
   1.6894217e+01
   1.6888335e+01
   1.6882513e+01
   1.6876751e+01
   1.6871049e+01
   1.6865409e+01
   1.6859829e+01
   1.6854309e+01
   1.6848851e+01
   1.6843455e+01
   1.6838120e+01
   1.6832847e+01
   1.6827636e+01
   1.6822487e+01
   1.6817400e+01
   1.6812376e+01
   1.6807415e+01
   1.6802515e+01
   1.6797679e+01
   1.6792906e+01
   1.6788197e+01
   1.6783549e+01
   1.6778965e+01
   1.6774445e+01
   1.6769988e+01
   1.6765595e+01
   1.6761266e+01
   1.6757002e+01
   1.6752801e+01
   1.6748666e+01
   1.6744595e+01
   1.6740588e+01
   1.6736645e+01
   1.6732768e+01
   1.6728956e+01
   1.6725209e+01
   1.6721526e+01
   1.6717908e+01
   1.6714356e+01
   1.6710869e+01
   1.6707447e+01
   1.6704091e+01
   1.6700800e+01
   1.6697574e+01
   1.6694414e+01
   1.6691320e+01
   1.6688290e+01
   1.6685328e+01
   1.6682431e+01
   1.6679599e+01
   1.6676834e+01
   1.6674135e+01
   1.6671504e+01
   1.6668938e+01
   1.6666437e+01
   1.6664004e+01
   1.6661637e+01
   1.6659335e+01
   1.6657101e+01
   1.6654932e+01
   1.6652829e+01
   1.6650794e+01
   1.6648824e+01
   1.6646921e+01
   1.6645084e+01
   1.6643314e+01
   1.6641610e+01
   1.6639973e+01
   1.6638402e+01
   1.6636897e+01
   1.6635459e+01
   1.6634087e+01
   1.6632781e+01
   1.6631543e+01
   1.6630371e+01
   1.6629266e+01
   1.6628227e+01
   1.6627254e+01
   1.6626347e+01
   1.6625506e+01
   1.6624732e+01
   1.6624025e+01
   1.6623384e+01
   1.6622809e+01
   1.6622301e+01
   1.6621859e+01
   1.6621482e+01
   1.6621171e+01
   1.6620925e+01
   1.6620746e+01
   1.6620633e+01
   1.6620586e+01
   1.6620605e+01
   1.6620690e+01
   1.6620841e+01
   1.6621058e+01
   1.6621339e+01
   1.6621686e+01
   1.6622098e+01
   1.6622575e+01
   1.6623117e+01
   1.6623724e+01
   1.6624396e+01
   1.6625134e+01
   1.6625936e+01
   1.6626804e+01
   1.6627736e+01
   1.6628734e+01
   1.6629796e+01
   1.6630922e+01
   1.6632113e+01
   1.6633369e+01
   1.6634689e+01
   1.6636073e+01
   1.6637522e+01
   1.6639034e+01
   1.6640611e+01
   1.6642251e+01
   1.6643955e+01
   1.6645723e+01
   1.6647555e+01
   1.6649450e+01
   1.6651408e+01
   1.6653430e+01
   1.6655514e+01
   1.6657662e+01
   1.6659873e+01
   1.6662147e+01
   1.6664483e+01
   1.6666882e+01
   1.6669343e+01
   1.6671867e+01
   1.6674453e+01
   1.6677101e+01
   1.6679812e+01
   1.6682584e+01
   1.6685418e+01
   1.6688313e+01
   1.6691270e+01
   1.6694289e+01
   1.6697368e+01
   1.6700509e+01
   1.6703711e+01
   1.6706974e+01
   1.6710297e+01
   1.6713681e+01
   1.6717126e+01
   1.6720631e+01
   1.6724196e+01
   1.6727821e+01
   1.6731506e+01
   1.6735251e+01
   1.6739056e+01
   1.6742920e+01
   1.6746844e+01
   1.6750826e+01
   1.6754868e+01
   1.6758969e+01
   1.6763129e+01
   1.6767347e+01
   1.6771624e+01
   1.6775959e+01
   1.6780353e+01
   1.6784804e+01
   1.6789314e+01
   1.6793881e+01
   1.6798506e+01
   1.6803188e+01
   1.6807928e+01
   1.6812725e+01
   1.6817579e+01
   1.6822490e+01
   1.6827458e+01
   1.6832482e+01
   1.6837562e+01
   1.6842699e+01
   1.6847892e+01
   1.6853141e+01
   1.6858446e+01
   1.6863807e+01
   1.6869223e+01
   1.6874694e+01
   1.6880221e+01
   1.6885802e+01
   1.6891439e+01
   1.6897130e+01
   1.6902876e+01
   1.6908676e+01
   1.6914530e+01
   1.6920439e+01
   1.6926401e+01
   1.6932417e+01
   1.6938487e+01
   1.6944610e+01
   1.6950786e+01
   1.6957016e+01
   1.6963299e+01
   1.6969634e+01
   1.6976022e+01
   1.6982462e+01
   1.6988955e+01
   1.6995500e+01
   1.7002097e+01
   1.7008746e+01
   1.7015446e+01
   1.7022198e+01
   1.7029001e+01
   1.7035856e+01
   1.7042761e+01
   1.7049717e+01
   1.7056724e+01
   1.7063782e+01
   1.7070890e+01
   1.7078048e+01
   1.7085256e+01
   1.7092514e+01
   1.7099821e+01
   1.7107178e+01
   1.7114585e+01
   1.7122040e+01
   1.7129545e+01
   1.7137099e+01
   1.7144701e+01
   1.7152352e+01
   1.7160051e+01
   1.7167798e+01
   1.7175594e+01
   1.7183437e+01
   1.7191328e+01
   1.7199267e+01
   1.7207253e+01
   1.7215286e+01
   1.7223366e+01
   1.7231493e+01
   1.7239667e+01
   1.7247887e+01
   1.7256154e+01
   1.7264467e+01
   1.7272826e+01
   1.7281231e+01
   1.7289682e+01
   1.7298178e+01
   1.7306720e+01
   1.7315307e+01
   1.7323939e+01
   1.7332616e+01
   1.7341338e+01
   1.7350104e+01
   1.7358914e+01
   1.7367769e+01
   1.7376668e+01
   1.7385611e+01
   1.7394598e+01
   1.7403628e+01
   1.7412702e+01
   1.7421819e+01
   1.7430979e+01
   1.7440182e+01
   1.7449427e+01
   1.7458716e+01
   1.7468047e+01
   1.7477420e+01
   1.7486835e+01
   1.7496292e+01
   1.7505791e+01
   1.7515331e+01
   1.7524913e+01
   1.7534537e+01
   1.7544201e+01
   1.7553907e+01
   1.7563653e+01
   1.7573440e+01
   1.7583267e+01
   1.7593135e+01
   1.7603042e+01
   1.7612990e+01
   1.7622978e+01
   1.7633005e+01
   1.7643072e+01
   1.7653178e+01
   1.7663324e+01
   1.7673508e+01
   1.7683731e+01
   1.7693993e+01
   1.7704294e+01
   1.7714633e+01
   1.7725010e+01
   1.7735425e+01
   1.7745878e+01
   1.7756369e+01
   1.7766897e+01
   1.7777463e+01
   1.7788066e+01
   1.7798706e+01
   1.7809383e+01
   1.7820097e+01
   1.7830847e+01
   1.7841634e+01
   1.7852457e+01
   1.7863316e+01
   1.7874211e+01
   1.7885142e+01
   1.7896109e+01
   1.7907111e+01
   1.7918148e+01
   1.7929221e+01
   1.7940329e+01
   1.7951471e+01
   1.7962648e+01
   1.7973860e+01
   1.7985106e+01
   1.7996386e+01
   1.8007700e+01
   1.8019048e+01
   1.8030430e+01
   1.8041846e+01
   1.8053295e+01
   1.8064777e+01
   1.8076292e+01
   1.8087840e+01
   1.8099421e+01
   1.8111034e+01
   1.8122680e+01
   1.8134358e+01
   1.8146069e+01
   1.8157811e+01
   1.8169585e+01
   1.8181391e+01
   1.8193228e+01
   1.8205097e+01
   1.8216996e+01
   1.8228927e+01
   1.8240889e+01
   1.8252881e+01
   1.8264904e+01
   1.8276957e+01
   1.8289040e+01
   1.8301154e+01
   1.8313297e+01
   1.8325470e+01
   1.8337673e+01
   1.8349905e+01
   1.8362166e+01
   1.8374457e+01
   1.8386776e+01
   1.8399124e+01
   1.8411501e+01
   1.8423906e+01
   1.8436340e+01
   1.8448802e+01
   1.8461291e+01
   1.8473809e+01
   1.8486354e+01
   1.8498926e+01
   1.8511526e+01
   1.8524153e+01
   1.8536807e+01
   1.8549488e+01
   1.8562196e+01
   1.8574930e+01
   1.8587690e+01
   1.8600477e+01
   1.8613290e+01
   1.8626128e+01
   1.8638993e+01
   1.8651882e+01
   1.8664798e+01
   1.8677738e+01
   1.8690704e+01
   1.8703694e+01
   1.8716709e+01
   1.8729749e+01
   1.8742813e+01
   1.8755901e+01
   1.8769014e+01
   1.8782150e+01
   1.8795310e+01
   1.8808494e+01
   1.8821701e+01
   1.8834931e+01
   1.8848184e+01
   1.8861461e+01
   1.8874760e+01
   1.8888081e+01
   1.8901426e+01
   1.8914792e+01
   1.8928180e+01
   1.8941591e+01
   1.8955023e+01
   1.8968476e+01
   1.8981951e+01
   1.8995448e+01
   1.9008965e+01
   1.9022503e+01
   1.9036062e+01
   1.9049642e+01
   1.9063242e+01
   1.9076862e+01
   1.9090502e+01
   1.9104162e+01
   1.9117842e+01
   1.9131541e+01
   1.9145260e+01
   1.9158998e+01
   1.9172755e+01
   1.9186530e+01
   1.9200325e+01
   1.9214138e+01
   1.9227969e+01
   1.9241818e+01
   1.9255686e+01
   1.9269571e+01
   1.9283473e+01
   1.9297394e+01
   1.9311331e+01
   1.9325285e+01
   1.9339257e+01
   1.9353245e+01
   1.9367250e+01
   1.9381271e+01
   1.9395308e+01
   1.9409361e+01
   1.9423430e+01
   1.9437515e+01
   1.9451615e+01
   1.9465730e+01
   1.9479861e+01
   1.9494006e+01
   1.9508166e+01
   1.9522341e+01
   1.9536530e+01
   1.9550733e+01
   1.9564950e+01
   1.9579181e+01
   1.9593425e+01
   1.9607683e+01
   1.9621954e+01
   1.9636238e+01
   1.9650535e+01
   1.9664845e+01
   1.9679167e+01
   1.9693501e+01
   1.9707848e+01
   1.9722206e+01
   1.9736576e+01
   1.9750958e+01
   1.9765351e+01
   1.9779754e+01
   1.9794169e+01
   1.9808595e+01
   1.9823031e+01
   1.9837477e+01
   1.9851934e+01
   1.9866400e+01
   1.9880876e+01
   1.9895362e+01
   1.9909856e+01
   1.9924360e+01
   1.9938873e+01
   1.9953395e+01
   1.9967925e+01
   1.9982463e+01
   1.9997010e+01
   2.0011564e+01
   2.0026126e+01
   2.0040695e+01
   2.0055272e+01
   2.0069856e+01
   2.0084446e+01
   2.0099043e+01
   2.0113647e+01
   2.0128256e+01
   2.0142872e+01
   2.0157493e+01
   2.0172120e+01
   2.0186752e+01
   2.0201390e+01
   2.0216032e+01
   2.0230679e+01
   2.0245330e+01
   2.0259985e+01
   2.0274645e+01
   2.0289308e+01
   2.0303975e+01
   2.0318645e+01
   2.0333318e+01
   2.0347994e+01
   2.0362673e+01
   2.0377354e+01
   2.0392037e+01
   2.0406722e+01
   2.0421409e+01
   2.0436097e+01
   2.0450787e+01
   2.0465477e+01
   2.0480168e+01
   2.0494860e+01
   2.0509552e+01
   2.0524244e+01
   2.0538936e+01
   2.0553628e+01
   2.0568319e+01
   2.0583008e+01
   2.0597697e+01
   2.0612384e+01
   2.0627070e+01
   2.0641754e+01
   2.0656435e+01
   2.0671114e+01
   2.0685791e+01
   2.0700464e+01
   2.0715134e+01
   2.0729801e+01
   2.0744465e+01
   2.0759124e+01
   2.0773779e+01
   2.0788429e+01
   2.0803075e+01
   2.0817716e+01
   2.0832351e+01
   2.0846981e+01
   2.0861606e+01
   2.0876224e+01
   2.0890835e+01
   2.0905441e+01
   2.0920039e+01
   2.0934630e+01
   2.0949214e+01
   2.0963790e+01
   2.0978358e+01
   2.0992917e+01
   2.1007469e+01
   2.1022011e+01
   2.1036544e+01
   2.1051068e+01
   2.1065582e+01
   2.1080086e+01
   2.1094580e+01
   2.1109064e+01
   2.1123536e+01
   2.1137998e+01
   2.1152448e+01
   2.1166886e+01
   2.1181312e+01
   2.1195726e+01
   2.1210127e+01
   2.1224516e+01
   2.1238891e+01
   2.1253252e+01
   2.1267600e+01
   2.1281934e+01
   2.1296253e+01
   2.1310557e+01
   2.1324847e+01
   2.1339120e+01
   2.1353379e+01
   2.1367621e+01
   2.1381847e+01
   2.1396056e+01
   2.1410248e+01
   2.1424423e+01
   2.1438580e+01
   2.1452719e+01
   2.1466840e+01
   2.1480942e+01
   2.1495026e+01
   2.1509090e+01
   2.1523134e+01
   2.1537159e+01
   2.1551163e+01
   2.1565146e+01
   2.1579109e+01
   2.1593050e+01
   2.1606970e+01
   2.1620868e+01
   2.1634743e+01
   2.1648595e+01
   2.1662425e+01
   2.1676231e+01
   2.1690013e+01
   2.1703772e+01
   2.1717505e+01
   2.1731214e+01
   2.1744898e+01
   2.1758556e+01
   2.1772189e+01
   2.1785795e+01
   2.1799374e+01
   2.1812927e+01
   2.1826452e+01
   2.1839949e+01
   2.1853418e+01
   2.1866859e+01
   2.1880271e+01
   2.1893653e+01
   2.1907006e+01
   2.1920329e+01
   2.1933622e+01
   2.1946883e+01
   2.1960114e+01
   2.1973313e+01
   2.1986481e+01
   2.1999615e+01
   2.2012718e+01
   2.2025787e+01
   2.2038823e+01
   2.2051824e+01
   2.2064792e+01
   2.2077725e+01
   2.2090623e+01
   2.2103485e+01
   2.2116312e+01
   2.2129102e+01
   2.2141855e+01
   2.2154572e+01
   2.2167251e+01
   2.2179892e+01
   2.2192495e+01
   2.2205059e+01
   2.2217584e+01
   2.2230070e+01
   2.2242516e+01
   2.2254921e+01
   2.2267285e+01
   2.2279609e+01
   2.2291891e+01
   2.2304130e+01
   2.2316328e+01
   2.2328482e+01
   2.2340593e+01
   2.2352661e+01
   2.2364684e+01
   2.2376663e+01
   2.2388597e+01
   2.2400485e+01
   2.2412328e+01
   2.2424124e+01
   2.2435874e+01
   2.2447576e+01
   2.2459231e+01
   2.2470838e+01
   2.2482397e+01
   2.2493907e+01
   2.2505367e+01
   2.2516778e+01
   2.2528138e+01
   2.2539448e+01
   2.2550707e+01
   2.2561915e+01
   2.2573070e+01
   2.2584174e+01
   2.2595224e+01
   2.2606221e+01
   2.2617165e+01
   2.2628054e+01
   2.2638889e+01
   2.2649669e+01
   2.2660393e+01
   2.2671061e+01
   2.2681673e+01
   2.2692228e+01
   2.2702726e+01
   2.2713167e+01
   2.2723549e+01
   2.2733872e+01
   2.2744137e+01
   2.2754342e+01
   2.2764487e+01
   2.2774572e+01
   2.2784595e+01
   2.2794558e+01
   2.2804458e+01
   2.2814297e+01
   2.2824073e+01
   2.2833785e+01
   2.2843434e+01
   2.2853019e+01
   2.2862540e+01
   2.2871995e+01
   2.2881385e+01
   2.2890709e+01
   2.2899967e+01
   2.2909158e+01
   2.2918282e+01
   2.2927338e+01
   2.2936325e+01
   2.2945245e+01
   2.2954094e+01
   2.2962875e+01
   2.2971585e+01
   2.2980225e+01
   2.2988793e+01
   2.2997291e+01
   2.3005716e+01
   2.3014069e+01
   2.3022349e+01
   2.3030555e+01
   2.3038688e+01
   2.3046747e+01
   2.3054730e+01
   2.3062639e+01
   2.3070471e+01
   2.3078228e+01
   2.3085907e+01
   2.3093510e+01
   2.3101035e+01
   2.3108481e+01
   2.3115849e+01
   2.3123138e+01
   2.3130348e+01
   2.3137477e+01
   2.3144525e+01
   2.3151493e+01
   2.3158379e+01
   2.3165183e+01
   2.3171904e+01
   2.3178542e+01
   2.3185097e+01
   2.3191568e+01
   2.3197954e+01
   2.3204255e+01
   2.3210470e+01
   2.3216599e+01
   2.3222642e+01
   2.3228598e+01
   2.3234466e+01
   2.3240246e+01
   2.3245937e+01
   2.3251539e+01
   2.3257052e+01
   2.3262474e+01
   2.3267806e+01
   2.3273046e+01
   2.3278195e+01
   2.3283251e+01
   2.3288214e+01
   2.3293084e+01
   2.3297861e+01
   2.3302542e+01
   2.3307129e+01
   2.3311620e+01
   2.3316016e+01
   2.3320314e+01
   2.3324516e+01
   2.3328620e+01
   2.3332625e+01
   2.3336532e+01
   2.3340340e+01
   2.3344047e+01
   2.3347654e+01
   2.3351160e+01
   2.3354564e+01
   2.3357867e+01
   2.3361066e+01
   2.3364162e+01
   2.3367155e+01
   2.3370042e+01
   2.3372825e+01
   2.3375502e+01
   2.3378073e+01
   2.3380537e+01
   2.3382894e+01
   2.3385143e+01
   2.3387283e+01
   2.3389314e+01
   2.3391235e+01
   2.3393046e+01
   2.3394746e+01
   2.3396335e+01
   2.3397811e+01
   2.3399174e+01
   2.3400425e+01
   2.3401561e+01
   2.3402582e+01
   2.3403488e+01
   2.3404279e+01
   2.3404953e+01
   2.3405510e+01
   2.3405949e+01
   2.3406270e+01
   2.3406471e+01
   2.3406554e+01
   2.3406516e+01
   2.3406357e+01
   2.3406077e+01
   2.3405675e+01
   2.3405149e+01
   2.3404501e+01
   2.3403729e+01
   2.3402832e+01
   2.3401809e+01
   2.3400661e+01
   2.3399386e+01
   2.3397984e+01
   2.3396454e+01
   2.3394795e+01
   2.3393008e+01
   2.3391091e+01
   2.3389043e+01
   2.3386864e+01
   2.3384553e+01
   2.3382110e+01
   2.3379534e+01
   2.3376825e+01
   2.3373981e+01
   2.3371002e+01
   2.3367888e+01
   2.3364637e+01
   2.3361249e+01
   2.3357724e+01
   2.3354061e+01
   2.3350259e+01
   2.3346317e+01
   2.3342236e+01
   2.3338013e+01
   2.3333650e+01
   2.3329144e+01
   2.3324495e+01
   2.3319704e+01
   2.3314768e+01
   2.3309688e+01
   2.3304462e+01
   2.3299091e+01
   2.3293573e+01
   2.3287908e+01
   2.3282096e+01
   2.3276135e+01
   2.3270025e+01
   2.3263765e+01
   2.3257355e+01
   2.3250795e+01
   2.3244083e+01
   2.3237218e+01
   2.3230202e+01
   2.3223031e+01
   2.3215707e+01
   2.3208229e+01
   2.3200595e+01
   2.3192806e+01
   2.3184860e+01
   2.3176757e+01
   2.3168497e+01
   2.3160079e+01
   2.3151502e+01
   2.3142766e+01
   2.3133870e+01
   2.3124813e+01
   2.3115596e+01
   2.3106217e+01
   2.3096675e+01
   2.3086971e+01
   2.3077104e+01
   2.3067073e+01
   2.3056877e+01
   2.3046516e+01
   2.3035990e+01
   2.3025298e+01
   2.3014439e+01
   2.3003413e+01
   2.2992219e+01
   2.2980856e+01
   2.2969325e+01
   2.2957625e+01
   2.2945754e+01
   2.2933714e+01
   2.2921502e+01
   2.2909119e+01
   2.2896563e+01
   2.2883836e+01
   2.2870935e+01
   2.2857860e+01
   2.2844612e+01
   2.2831189e+01
   2.2817591e+01
   2.2803817e+01
   2.2789867e+01
   2.2775741e+01
   2.2761437e+01
   2.2746956e+01
   2.2732297e+01
   2.2717459e+01
   2.2702443e+01
   2.2687246e+01
   2.2671870e+01
   2.2656313e+01
   2.2640575e+01
   2.2624656e+01
   2.2608555e+01
   2.2592272e+01
   2.2575805e+01
   2.2559156e+01
   2.2542322e+01
   2.2525305e+01
   2.2508102e+01
   2.2490715e+01
   2.2473141e+01
   2.2455382e+01
   2.2437436e+01
   2.2419304e+01
   2.2400983e+01
   2.2382475e+01
   2.2363779e+01
   2.2344894e+01
   2.2325819e+01
   2.2306555e+01
   2.2287101e+01
   2.2267457e+01
   2.2247621e+01
   2.2227594e+01
   2.2207375e+01
   2.2186964e+01
   2.2166360e+01
   2.2145562e+01
   2.2124572e+01
   2.2103387e+01
   2.2082008e+01
   2.2060434e+01
   2.2038664e+01
   2.2016699e+01
   2.1994537e+01
   2.1972179e+01
   2.1949624e+01
   2.1926872e+01
   2.1903921e+01
   2.1880773e+01
   2.1857425e+01
   2.1833878e+01
   2.1810132e+01
   2.1786185e+01
   2.1762039e+01
   2.1737691e+01
   2.1713142e+01
   2.1688391e+01
   2.1663438e+01
   2.1638282e+01
   2.1612923e+01
   2.1587361e+01
   2.1561595e+01
   2.1535624e+01
   2.1509449e+01
   2.1483069e+01
   2.1456483e+01
   2.1429690e+01
   2.1402692e+01
   2.1375486e+01
   2.1348073e+01
   2.1320453e+01
   2.1292624e+01
   2.1264586e+01
   2.1236339e+01
   2.1207883e+01
   2.1179217e+01
   2.1150340e+01
   2.1121253e+01
   2.1091954e+01
   2.1062444e+01
   2.1032721e+01
   2.1002786e+01
   2.0972637e+01
   2.0942276e+01
   2.0911700e+01
   2.0880910e+01
   2.0849905e+01
   2.0818685e+01
   2.0787249e+01
   2.0755597e+01
   2.0723728e+01
   2.0691642e+01
   2.0659339e+01
   2.0626818e+01
   2.0594078e+01
   2.0561120e+01
   2.0527942e+01
   2.0494544e+01
   2.0460927e+01
   2.0427088e+01
   2.0393029e+01
   2.0358748e+01
   2.0324244e+01
   2.0289519e+01
   2.0254570e+01
   2.0219399e+01
   2.0184003e+01
   2.0148383e+01
   2.0112538e+01
   2.0076468e+01
   2.0040173e+01
   2.0003651e+01
   1.9966903e+01
   1.9929927e+01
   1.9892725e+01
   1.9855294e+01
   1.9817635e+01
   1.9779748e+01
   1.9741631e+01
   1.9703284e+01
   1.9664707e+01
   1.9625900e+01
   1.9586862e+01
   1.9547592e+01
   1.9508090e+01
   1.9468356e+01
   1.9428390e+01
   1.9388190e+01
   1.9347756e+01
   1.9307088e+01
   1.9266186e+01
   1.9225049e+01
   1.9183677e+01
   1.9142069e+01
   1.9100225e+01
   1.9058144e+01
   1.9015827e+01
   1.8973272e+01
   1.8930479e+01
   1.8887448e+01
   1.8844179e+01
   1.8800671e+01
   1.8756924e+01
   1.8712937e+01
   1.8668710e+01
   1.8624242e+01
   1.8579534e+01
   1.8534585e+01
   1.8489395e+01
   1.8443963e+01
   1.8398288e+01
   1.8352372e+01
   1.8306213e+01
   1.8259811e+01
   1.8213166e+01
   1.8166277e+01
   1.8119145e+01
   1.8071768e+01
   1.8024147e+01
   1.7976282e+01
   1.7928172e+01
   1.7879818e+01
   1.7831218e+01
   1.7782373e+01
   1.7733282e+01
   1.7683946e+01
   1.7634364e+01
   1.7584536e+01
   1.7534462e+01
   1.7484142e+01
   1.7433576e+01
   1.7382763e+01
   1.7331704e+01
   1.7280399e+01
   1.7228848e+01
   1.7177050e+01
   1.7125006e+01
   1.7072716e+01
   1.7020180e+01
   1.6967397e+01
   1.6914369e+01
   1.6861094e+01
   1.6807575e+01
   1.6753809e+01
   1.6699799e+01
   1.6645543e+01
   1.6591043e+01
   1.6536298e+01
   1.6481309e+01
   1.6426077e+01
   1.6370601e+01
   1.6314882e+01
   1.6258921e+01
   1.6202717e+01
   1.6146273e+01
   1.6089587e+01
   1.6032661e+01
   1.5975495e+01
   1.5918090e+01
   1.5860447e+01
   1.5802566e+01
   1.5744448e+01
   1.5686095e+01
   1.5627506e+01
   1.5568683e+01
   1.5509626e+01
   1.5450338e+01
   1.5390818e+01
   1.5331068e+01
   1.5271089e+01
   1.5210883e+01
   1.5150450e+01
   1.5089791e+01
   1.5028909e+01
   1.4967804e+01
   1.4906479e+01
   1.4844934e+01
   1.4783171e+01
   1.4721192e+01
   1.4658998e+01
   1.4596592e+01
   1.4533975e+01
   1.4471149e+01
   1.4408115e+01
   1.4344877e+01
   1.4281436e+01
   1.4217795e+01
   1.4153955e+01
   1.4089919e+01
   1.4025689e+01
   1.3961268e+01
   1.3896658e+01
   1.3831862e+01
   1.3766883e+01
   1.3701723e+01
   1.3636385e+01
   1.3570873e+01
   1.3505189e+01
   1.3439337e+01
   1.3373319e+01
   1.3307138e+01
   1.3240799e+01
   1.3174305e+01
   1.3107659e+01
   1.3040865e+01
   1.2973927e+01
   1.2906848e+01
   1.2839632e+01
   1.2772284e+01
   1.2704808e+01
   1.2637207e+01
   1.2569486e+01
   1.2501649e+01
   1.2433702e+01
   1.2365647e+01
   1.2297491e+01
   1.2229238e+01
   1.2160893e+01
   1.2092460e+01
   1.2023945e+01
   1.1955353e+01
   1.1886689e+01
   1.1817959e+01
   1.1749168e+01
   1.1680322e+01
   1.1611425e+01
   1.1542485e+01
   1.1473506e+01
   1.1404494e+01
   1.1335457e+01
   1.1266399e+01
   1.1197327e+01
   1.1128247e+01
   1.1059165e+01
   1.0990088e+01
   1.0921023e+01
   1.0851975e+01
   1.0782952e+01
   1.0713961e+01
   1.0645007e+01
   1.0576099e+01
   1.0507242e+01
   1.0438444e+01
   1.0369712e+01
   1.0301053e+01
   1.0232474e+01
   1.0163982e+01
   1.0095585e+01
   1.0027290e+01
   9.9591037e+00
   9.8910343e+00
   9.8230888e+00
   9.7552747e+00
   9.6875994e+00
   9.6200703e+00
   9.5526950e+00
   9.4854809e+00
   9.4184356e+00
   9.3515664e+00
   9.2848808e+00
   9.2183864e+00
   9.1520906e+00
   9.0860008e+00
   9.0201245e+00
   8.9544690e+00
   8.8890416e+00
   8.8238497e+00
   8.7589005e+00
   8.6942013e+00
   8.6297592e+00
   8.5655813e+00
   8.5016746e+00
   8.4380461e+00
   8.3747026e+00
   8.3116511e+00
   8.2488982e+00
   8.1864505e+00
   8.1243145e+00
   8.0624968e+00
   8.0010037e+00
   7.9398413e+00
   7.8790159e+00
   7.8185333e+00
   7.7583995e+00
   7.6986202e+00
   7.6392011e+00
   7.5801476e+00
   7.5214652e+00
   7.4631589e+00
   7.4052339e+00
   7.3476952e+00
   7.2905474e+00
   7.2337953e+00
   7.1774433e+00
   7.1214956e+00
   7.0659566e+00
   7.0108301e+00
   6.9561200e+00
   6.9018300e+00
   6.8479636e+00
   6.7945241e+00
   6.7415146e+00
   6.6889383e+00
   6.6367978e+00
   6.5850960e+00
   6.5338352e+00
   6.4830177e+00
   6.4326458e+00
   6.3827214e+00
   6.3332463e+00
   6.2842221e+00
   6.2356504e+00
   6.1875324e+00
   6.1398692e+00
   6.0926619e+00
   6.0459113e+00
   5.9996179e+00
   5.9537822e+00
   5.9084047e+00
   5.8634854e+00
   5.8190244e+00
   5.7750216e+00
   5.7314766e+00
   5.6883890e+00
   5.6457582e+00
   5.6035836e+00
   5.5618642e+00
   5.5205991e+00
   5.4797871e+00
   5.4394270e+00
   5.3995174e+00
   5.3600567e+00
   5.3210434e+00
   5.2824757e+00
   5.2443517e+00
   5.2066695e+00
   5.1694269e+00
   5.1326218e+00
   5.0962519e+00
   5.0603148e+00
   5.0248081e+00
   4.9897291e+00
   4.9550752e+00
   4.9208436e+00
   4.8870316e+00
   4.8536363e+00
   4.8206546e+00
   4.7880835e+00
   4.7559200e+00
   4.7241608e+00
   4.6928028e+00
   4.6618425e+00
   4.6312768e+00
   4.6011021e+00
   4.5713151e+00
   4.5419122e+00
   4.5128900e+00
   4.4842449e+00
   4.4559732e+00
   4.4280714e+00
   4.4005357e+00
   4.3733625e+00
   4.3465480e+00
   4.3200886e+00
   4.2939804e+00
   4.2682197e+00
   4.2428027e+00
   4.2177255e+00
   4.1929844e+00
   4.1685756e+00
   4.1444952e+00
   4.1207393e+00
   4.0973042e+00
   4.0741860e+00
   4.0513809e+00
   4.0288850e+00
   4.0066946e+00
   3.9848057e+00
   3.9632147e+00
   3.9419176e+00
   3.9209108e+00
   3.9001904e+00
   3.8797527e+00
   3.8595940e+00
   3.8397105e+00
   3.8200985e+00
   3.8007543e+00
   3.7816743e+00
   3.7628549e+00
