   1.4064474e+00
   1.4063939e+00
   1.4063405e+00
   1.4062872e+00
   1.4062339e+00
   1.4061807e+00
   1.4061276e+00
   1.4060745e+00
   1.4060214e+00
   1.4059684e+00
   1.4059155e+00
   1.4058626e+00
   1.4058098e+00
   1.4057571e+00
   1.4057044e+00
   1.4056517e+00
   1.4055991e+00
   1.4055466e+00
   1.4054941e+00
   1.4054417e+00
   1.4053893e+00
   1.4053370e+00
   1.4052847e+00
   1.4052325e+00
   1.4051803e+00
   1.4051282e+00
   1.4050762e+00
   1.4050242e+00
   1.4049723e+00
   1.4049204e+00
   1.4048686e+00
   1.4048168e+00
   1.4047651e+00
   1.4047134e+00
   1.4046618e+00
   1.4046102e+00
   1.4045587e+00
   1.4045073e+00
   1.4044559e+00
   1.4044046e+00
   1.4043533e+00
   1.4043020e+00
   1.4042509e+00
   1.4041997e+00
   1.4041487e+00
   1.4040976e+00
   1.4040467e+00
   1.4039958e+00
   1.4039449e+00
   1.4038941e+00
   1.4038434e+00
   1.4037927e+00
   1.4037420e+00
   1.4036914e+00
   1.4036409e+00
   1.4035904e+00
   1.4035399e+00
   1.4034896e+00
   1.4034392e+00
   1.4033889e+00
   1.4033387e+00
   1.4032885e+00
   1.4032384e+00
   1.4031884e+00
   1.4031383e+00
   1.4030884e+00
   1.4030385e+00
   1.4029886e+00
   1.4029388e+00
   1.4028890e+00
   1.4028393e+00
   1.4027897e+00
   1.4027400e+00
   1.4026905e+00
   1.4026410e+00
   1.4025915e+00
   1.4025421e+00
   1.4024928e+00
   1.4024435e+00
   1.4023942e+00
   1.4023450e+00
   1.4022959e+00
   1.4022468e+00
   1.4021978e+00
   1.4021488e+00
   1.4020998e+00
   1.4020509e+00
   1.4020021e+00
   1.4019533e+00
   1.4019045e+00
   1.4018559e+00
   1.4018072e+00
   1.4017586e+00
   1.4017101e+00
   1.4016616e+00
   1.4016131e+00
   1.4015647e+00
   1.4015164e+00
   1.4014681e+00
   1.4014199e+00
   1.4013717e+00
   1.4013235e+00
   1.4012754e+00
   1.4012274e+00
   1.4011794e+00
   1.4011314e+00
   1.4010835e+00
   1.4010357e+00
   1.4009879e+00
   1.4009401e+00
   1.4008924e+00
   1.4008448e+00
   1.4007972e+00
   1.4007496e+00
   1.4007021e+00
   1.4006546e+00
   1.4006072e+00
   1.4005599e+00
   1.4005125e+00
   1.4004653e+00
   1.4004181e+00
   1.4003709e+00
   1.4003238e+00
   1.4002767e+00
   1.4002297e+00
   1.4001827e+00
   1.4001357e+00
   1.4000889e+00
   1.4000420e+00
   1.3999952e+00
   1.3999485e+00
   1.3999018e+00
   1.3998551e+00
   1.3998085e+00
   1.3997620e+00
   1.3997155e+00
   1.3996690e+00
   1.3996226e+00
   1.3995762e+00
   1.3995299e+00
   1.3994837e+00
   1.3994374e+00
   1.3993913e+00
   1.3993451e+00
   1.3992990e+00
   1.3992530e+00
   1.3992070e+00
   1.3991611e+00
   1.3991152e+00
   1.3990693e+00
   1.3990235e+00
   1.3989778e+00
   1.3989320e+00
   1.3988864e+00
   1.3988408e+00
   1.3987952e+00
   1.3987496e+00
   1.3987042e+00
   1.3986587e+00
   1.3986133e+00
   1.3985680e+00
   1.3985227e+00
   1.3984774e+00
   1.3984322e+00
   1.3983871e+00
   1.3983419e+00
   1.3982969e+00
   1.3982518e+00
   1.3982068e+00
   1.3981619e+00
   1.3981170e+00
   1.3980722e+00
   1.3980274e+00
   1.3979826e+00
   1.3979379e+00
   1.3978932e+00
   1.3978486e+00
   1.3978040e+00
   1.3977595e+00
   1.3977150e+00
   1.3976705e+00
   1.3976261e+00
   1.3975818e+00
   1.3975375e+00
   1.3974932e+00
   1.3974490e+00
   1.3974048e+00
   1.3973607e+00
   1.3973166e+00
   1.3972725e+00
   1.3972285e+00
   1.3971845e+00
   1.3971406e+00
   1.3970967e+00
   1.3970529e+00
   1.3970091e+00
   1.3969654e+00
   1.3969217e+00
   1.3968780e+00
   1.3968344e+00
   1.3967908e+00
   1.3967473e+00
   1.3967038e+00
   1.3966604e+00
   1.3966170e+00
   1.3965736e+00
   1.3965303e+00
   1.3964871e+00
   1.3964438e+00
   1.3964007e+00
   1.3963575e+00
   1.3963144e+00
   1.3962714e+00
   1.3962283e+00
   1.3961854e+00
   1.3961424e+00
   1.3960996e+00
   1.3960567e+00
   1.3960139e+00
   1.3959712e+00
   1.3959284e+00
   1.3958858e+00
   1.3958431e+00
   1.3958005e+00
   1.3957580e+00
   1.3957155e+00
   1.3956730e+00
   1.3956306e+00
   1.3955882e+00
   1.3955459e+00
   1.3955036e+00
   1.3954613e+00
   1.3954191e+00
   1.3953769e+00
   1.3953348e+00
   1.3952927e+00
   1.3952507e+00
   1.3952087e+00
   1.3951667e+00
   1.3951248e+00
   1.3950829e+00
   1.3950410e+00
   1.3949992e+00
   1.3949575e+00
   1.3949158e+00
   1.3948741e+00
   1.3948324e+00
   1.3947908e+00
   1.3947493e+00
   1.3947078e+00
   1.3946663e+00
   1.3946248e+00
   1.3945835e+00
   1.3945421e+00
   1.3945008e+00
   1.3944595e+00
   1.3944183e+00
   1.3943771e+00
   1.3943359e+00
   1.3942948e+00
   1.3942537e+00
   1.3942127e+00
   1.3941717e+00
   1.3941308e+00
   1.3940898e+00
   1.3940490e+00
   1.3940081e+00
   1.3939673e+00
   1.3939266e+00
   1.3938859e+00
   1.3938452e+00
   1.3938046e+00
   1.3937640e+00
   1.3937234e+00
   1.3936829e+00
   1.3936424e+00
   1.3936020e+00
   1.3935616e+00
   1.3935212e+00
   1.3934809e+00
   1.3934406e+00
   1.3934004e+00
   1.3933602e+00
   1.3933200e+00
   1.3932799e+00
   1.3932398e+00
   1.3931997e+00
   1.3931597e+00
   1.3931197e+00
   1.3930798e+00
   1.3930399e+00
   1.3930000e+00
   1.3929602e+00
   1.3929205e+00
   1.3928807e+00
   1.3928410e+00
   1.3928013e+00
   1.3927617e+00
   1.3927221e+00
   1.3926826e+00
   1.3926431e+00
   1.3926036e+00
   1.3925641e+00
   1.3925248e+00
   1.3924854e+00
   1.3924461e+00
   1.3924068e+00
   1.3923675e+00
   1.3923283e+00
   1.3922892e+00
   1.3922500e+00
   1.3922109e+00
   1.3921719e+00
   1.3921328e+00
   1.3920939e+00
   1.3920549e+00
   1.3920160e+00
   1.3919771e+00
   1.3919383e+00
   1.3918995e+00
   1.3918607e+00
   1.3918220e+00
   1.3917833e+00
   1.3917447e+00
   1.3917061e+00
   1.3916675e+00
   1.3916289e+00
   1.3915904e+00
   1.3915520e+00
   1.3915135e+00
   1.3914752e+00
   1.3914368e+00
   1.3913985e+00
   1.3913602e+00
   1.3913219e+00
   1.3912837e+00
   1.3912456e+00
   1.3912074e+00
   1.3911693e+00
   1.3911313e+00
   1.3910932e+00
   1.3910552e+00
   1.3910173e+00
   1.3909794e+00
   1.3909415e+00
   1.3909036e+00
   1.3908658e+00
   1.3908280e+00
   1.3907903e+00
   1.3907526e+00
   1.3907149e+00
   1.3906773e+00
   1.3906397e+00
   1.3906021e+00
   1.3905646e+00
   1.3905271e+00
   1.3904897e+00
   1.3904523e+00
   1.3904149e+00
   1.3903775e+00
   1.3903402e+00
   1.3903029e+00
   1.3902657e+00
   1.3902285e+00
   1.3901913e+00
   1.3901542e+00
   1.3901171e+00
   1.3900800e+00
   1.3900430e+00
   1.3900060e+00
   1.3899690e+00
   1.3899321e+00
   1.3898952e+00
   1.3898583e+00
   1.3898215e+00
   1.3897847e+00
   1.3897480e+00
   1.3897112e+00
   1.3896746e+00
   1.3896379e+00
   1.3896013e+00
   1.3895647e+00
   1.3895282e+00
   1.3894917e+00
   1.3894552e+00
   1.3894187e+00
   1.3893823e+00
   1.3893460e+00
   1.3893096e+00
   1.3892733e+00
   1.3892370e+00
   1.3892008e+00
   1.3891646e+00
   1.3891284e+00
   1.3890923e+00
   1.3890562e+00
   1.3890201e+00
   1.3889841e+00
   1.3889481e+00
   1.3889121e+00
   1.3888762e+00
   1.3888403e+00
   1.3888044e+00
   1.3887686e+00
   1.3887328e+00
   1.3886970e+00
   1.3886613e+00
   1.3886256e+00
   1.3885899e+00
   1.3885543e+00
   1.3885187e+00
   1.3884831e+00
   1.3884476e+00
   1.3884121e+00
   1.3883766e+00
   1.3883412e+00
   1.3883057e+00
   1.3882704e+00
   1.3882350e+00
   1.3881997e+00
   1.3881645e+00
   1.3881292e+00
   1.3880940e+00
   1.3880589e+00
   1.3880237e+00
   1.3879886e+00
   1.3879535e+00
   1.3879185e+00
   1.3878835e+00
   1.3878485e+00
   1.3878136e+00
   1.3877787e+00
   1.3877438e+00
   1.3877089e+00
   1.3876741e+00
   1.3876393e+00
   1.3876046e+00
   1.3875699e+00
   1.3875352e+00
   1.3875005e+00
   1.3874659e+00
   1.3874313e+00
   1.3873967e+00
   1.3873622e+00
   1.3873277e+00
   1.3872933e+00
   1.3872588e+00
   1.3872244e+00
   1.3871901e+00
   1.3871557e+00
   1.3871214e+00
   1.3870872e+00
   1.3870529e+00
   1.3870187e+00
   1.3869845e+00
   1.3869504e+00
   1.3869163e+00
   1.3868822e+00
   1.3868481e+00
   1.3868141e+00
   1.3867801e+00
   1.3867462e+00
   1.3867122e+00
   1.3866784e+00
   1.3866445e+00
   1.3866107e+00
   1.3865769e+00
   1.3865431e+00
   1.3865093e+00
   1.3864756e+00
   1.3864420e+00
   1.3864083e+00
   1.3863747e+00
   1.3863411e+00
   1.3863076e+00
   1.3862740e+00
   1.3862405e+00
   1.3862071e+00
   1.3861736e+00
   1.3861402e+00
   1.3861069e+00
   1.3860735e+00
   1.3860402e+00
   1.3860069e+00
   1.3859737e+00
   1.3859405e+00
   1.3859073e+00
   1.3858741e+00
   1.3858410e+00
   1.3858079e+00
   1.3857748e+00
   1.3857418e+00
   1.3857088e+00
   1.3856758e+00
   1.3856429e+00
   1.3856100e+00
   1.3855771e+00
   1.3855442e+00
   1.3855114e+00
   1.3854786e+00
   1.3854458e+00
   1.3854131e+00
   1.3853804e+00
   1.3853477e+00
   1.3853151e+00
   1.3852824e+00
   1.3852499e+00
   1.3852173e+00
   1.3851848e+00
   1.3851523e+00
   1.3851198e+00
   1.3850874e+00
   1.3850550e+00
   1.3850226e+00
   1.3849902e+00
   1.3849579e+00
   1.3849256e+00
   1.3848933e+00
   1.3848611e+00
   1.3848289e+00
   1.3847967e+00
   1.3847646e+00
   1.3847325e+00
   1.3847004e+00
   1.3846683e+00
   1.3846363e+00
   1.3846043e+00
   1.3845723e+00
   1.3845404e+00
   1.3845084e+00
   1.3844766e+00
   1.3844447e+00
   1.3844129e+00
   1.3843811e+00
   1.3843493e+00
   1.3843175e+00
   1.3842858e+00
   1.3842541e+00
   1.3842225e+00
   1.3841909e+00
   1.3841593e+00
   1.3841277e+00
   1.3840961e+00
   1.3840646e+00
   1.3840331e+00
   1.3840017e+00
   1.3839703e+00
   1.3839389e+00
   1.3839075e+00
   1.3838761e+00
   1.3838448e+00
   1.3838135e+00
   1.3837823e+00
   1.3837510e+00
   1.3837198e+00
   1.3836887e+00
   1.3836575e+00
   1.3836264e+00
   1.3835953e+00
   1.3835642e+00
   1.3835332e+00
   1.3835037e+00
   1.5697793e+00
   1.7519840e+00
   1.9303314e+00
   2.1051035e+00
   2.2765594e+00
   2.4449391e+00
   2.6104660e+00
   2.7733494e+00
   2.9337870e+00
   3.0919672e+00
   3.2480730e+00
   3.4022874e+00
   3.5547995e+00
   3.7058144e+00
   3.8555655e+00
   4.0043318e+00
   4.1524616e+00
   4.3004050e+00
   4.4487590e+00
   4.5983321e+00
   4.7502381e+00
   4.9060375e+00
   5.0679573e+00
   5.2392577e+00
   5.4248571e+00
   5.6324702e+00
   5.8747709e+00
   6.1737398e+00
   6.5693860e+00
   7.1349732e+00
   7.9763730e+00
   8.8750320e+00
   7.1188162e+00
   4.7671524e+00
   3.8168878e+00
   3.4442973e+00
   3.2726337e+00
   3.1751828e+00
   3.1080162e+00
   3.0553055e+00
   3.0111441e+00
   2.9731526e+00
   2.9401978e+00
   2.9115917e+00
   2.8868134e+00
   2.8654161e+00
   2.8469967e+00
   2.8311842e+00
   2.8176399e+00
   2.8060556e+00
   2.8815839e+00
   2.9581639e+00
   3.0353655e+00
   3.1122811e+00
   3.1886107e+00
   3.2640881e+00
   3.3384779e+00
   3.4115725e+00
   3.4831907e+00
   3.5531780e+00
   3.6214008e+00
   3.6877475e+00
   3.7521262e+00
   3.8144643e+00
   3.8747052e+00
   3.9328089e+00
   3.9887484e+00
   4.0425105e+00
   4.0940929e+00
   4.1435032e+00
   4.1907587e+00
   4.2358850e+00
   4.2789136e+00
   4.3198833e+00
   4.3588357e+00
   4.3958195e+00
   4.4308838e+00
   4.4640836e+00
   4.4954743e+00
   4.5251125e+00
   4.5530567e+00
   4.5793668e+00
   4.6041012e+00
   4.6273193e+00
   4.6490799e+00
   4.6694423e+00
   4.6884630e+00
   4.7061989e+00
   4.7227056e+00
   4.7380364e+00
   4.7522447e+00
   4.7653823e+00
   4.7774978e+00
   4.7886401e+00
   4.7988556e+00
   4.8081896e+00
   4.8166857e+00
   4.8243860e+00
   4.8313307e+00
   4.8375577e+00
   4.8431053e+00
   4.8480087e+00
   4.8523019e+00
   4.8560184e+00
   4.8591890e+00
   4.8618442e+00
   4.8640125e+00
   4.8657210e+00
   4.8669963e+00
   4.8678631e+00
   4.8683453e+00
   4.8684660e+00
   4.8682467e+00
   4.8677079e+00
   4.8668694e+00
   4.8657498e+00
   4.8643671e+00
   4.8627381e+00
   4.8608789e+00
   4.8588049e+00
   4.8565306e+00
   4.8540700e+00
   4.8514362e+00
   4.8486413e+00
   4.8456975e+00
   4.8426161e+00
   4.8394075e+00
   4.8360822e+00
   4.8326495e+00
   4.8291188e+00
   4.8254984e+00
   4.8217967e+00
   4.8180213e+00
   4.8141796e+00
   4.8102786e+00
   4.8063250e+00
   4.8023249e+00
   4.7982844e+00
   4.7942091e+00
   4.7901042e+00
   4.7859748e+00
   4.7818258e+00
   4.7776611e+00
   4.7734855e+00
   4.7693031e+00
   4.7651172e+00
   4.7609319e+00
   4.7567505e+00
   4.7525760e+00
   4.7484119e+00
   4.7442610e+00
   4.7401256e+00
   4.7360089e+00
   4.7319129e+00
   4.7278402e+00
   4.7237932e+00
   4.7197736e+00
   4.7157837e+00
   4.7118251e+00
   4.7078999e+00
   4.7040095e+00
   4.7001559e+00
   4.6963407e+00
   4.6925649e+00
   4.6888304e+00
   4.6851381e+00
   4.6814897e+00
   4.6778864e+00
   4.6743291e+00
   4.6708192e+00
   4.6673580e+00
   4.6639459e+00
   4.6605845e+00
   4.6572748e+00
   4.6540172e+00
   4.6508133e+00
   4.6476637e+00
   4.6445695e+00
   4.6415311e+00
   4.6385498e+00
   4.6356264e+00
   4.6327618e+00
   4.6299567e+00
   4.6272119e+00
   4.6245284e+00
   4.6219069e+00
   4.6193481e+00
   4.6168530e+00
   4.6144223e+00
   4.6120569e+00
   4.6097576e+00
   4.6075252e+00
   4.6053606e+00
   4.6032649e+00
   4.6012388e+00
   4.5992830e+00
   4.5973990e+00
   4.5955871e+00
   4.5938488e+00
   4.5921847e+00
   4.5905960e+00
   4.5890835e+00
   4.5876486e+00
   4.5862923e+00
   4.5850157e+00
   4.5838197e+00
   4.5827058e+00
   4.5816750e+00
   4.5807288e+00
   4.5798685e+00
   4.5790952e+00
   4.5784103e+00
   4.5778154e+00
   4.5773118e+00
   4.5769010e+00
   4.5765844e+00
   4.5763636e+00
   4.5762401e+00
   4.5762156e+00
   4.5762916e+00
   4.5764699e+00
   4.5767522e+00
   4.5771401e+00
   4.5776355e+00
   4.5782400e+00
   4.5789554e+00
   4.5797834e+00
   4.5807259e+00
   4.5817846e+00
   4.5829612e+00
   4.5842572e+00
   4.5856745e+00
   4.5872145e+00
   4.5888789e+00
   4.5906689e+00
   4.5925859e+00
   4.5946309e+00
   4.5968050e+00
   4.5991090e+00
   4.6015434e+00
   4.6041085e+00
   4.6068049e+00
   4.6096319e+00
   4.6125894e+00
   4.6156764e+00
   4.6188920e+00
   4.6222346e+00
   4.6257024e+00
   4.6292932e+00
   4.6330042e+00
   4.6368323e+00
   4.6407743e+00
   4.6448259e+00
   4.6489828e+00
   4.6532407e+00
   4.6575941e+00
   4.6620380e+00
   4.6665663e+00
   4.6711734e+00
   4.6758529e+00
   4.6805987e+00
   4.6854045e+00
   4.6902638e+00
   4.6951698e+00
   4.7001164e+00
   4.7050972e+00
   4.7101062e+00
   4.7151368e+00
   4.7201838e+00
   4.7252414e+00
   4.7303045e+00
   4.7353676e+00
   4.7404265e+00
   4.7454769e+00
   4.7505147e+00
   4.7555358e+00
   4.7605372e+00
   4.7655159e+00
   4.7704687e+00
   4.7753936e+00
   4.7802880e+00
   4.7851504e+00
   4.7899792e+00
   4.7947725e+00
   4.7995292e+00
   4.8042488e+00
   4.8089300e+00
   4.8135725e+00
   4.8181757e+00
   4.8227390e+00
   4.8272627e+00
   4.8317464e+00
   4.8361901e+00
   4.8405939e+00
   4.8449579e+00
   4.8492824e+00
   4.8535682e+00
   4.8578151e+00
   4.8620237e+00
   4.8661943e+00
   4.8703274e+00
   4.8744235e+00
   4.8784829e+00
   4.8825063e+00
   4.8864943e+00
   4.8904475e+00
   4.8943664e+00
   4.8982515e+00
   4.9021032e+00
   4.9059222e+00
   4.9097092e+00
   4.9134643e+00
   4.9171884e+00
   4.9208821e+00
   4.9245454e+00
   4.9281794e+00
   4.9317840e+00
   4.9353603e+00
   4.9389082e+00
   4.9424286e+00
   4.9459217e+00
   4.9493882e+00
   4.9528282e+00
   4.9562422e+00
   4.9596309e+00
   4.9629943e+00
   4.9663329e+00
   4.9696474e+00
   4.9729378e+00
   4.9762046e+00
   4.9794480e+00
   4.9826687e+00
   4.9858668e+00
   4.9890426e+00
   4.9921964e+00
   4.9953286e+00
   4.9984394e+00
   5.0015295e+00
   5.0045989e+00
   5.0076478e+00
   5.0106766e+00
   5.0136855e+00
   5.0166748e+00
   5.0196448e+00
   5.0225958e+00
   5.0255279e+00
   5.0284416e+00
   5.0313370e+00
   5.0342143e+00
   5.0370739e+00
   5.0399160e+00
   5.0427405e+00
   5.0455480e+00
   5.0483387e+00
   5.0511128e+00
   5.0538705e+00
   5.0566121e+00
   5.0593376e+00
   5.0620473e+00
   5.0647416e+00
   5.0674207e+00
   5.0700847e+00
   5.0727337e+00
   5.0753680e+00
   5.0779879e+00
   5.0805934e+00
   5.0831849e+00
   5.0857626e+00
   5.0883264e+00
   5.0908768e+00
   5.0934141e+00
   5.0959381e+00
   5.0984492e+00
   5.1009478e+00
   5.1034337e+00
   5.1059073e+00
   5.1083686e+00
   5.1108180e+00
   5.1132555e+00
   5.1156815e+00
   5.1180962e+00
   5.1204995e+00
   5.1228917e+00
   5.1252730e+00
   5.1276436e+00
   5.1300034e+00
   5.1323528e+00
   5.1346921e+00
   5.1370211e+00
   5.1393402e+00
   5.1416497e+00
   5.1439497e+00
   5.1462402e+00
   5.1485215e+00
   5.1507937e+00
   5.1530569e+00
   5.1553112e+00
   5.1575569e+00
   5.1597941e+00
   5.1620228e+00
   5.1642434e+00
   5.1664558e+00
   5.1686603e+00
   5.1708570e+00
   5.1730460e+00
   5.1752275e+00
   5.1774016e+00
   5.1795685e+00
   5.1817282e+00
   5.1838810e+00
   5.1860269e+00
   5.1881660e+00
   5.1902986e+00
   5.1924246e+00
   5.1945444e+00
   5.1966579e+00
   5.1987653e+00
   5.2008667e+00
   5.2029622e+00
   5.2050520e+00
   5.2071362e+00
   5.2092148e+00
   5.2112881e+00
   5.2133561e+00
   5.2154188e+00
   5.2174765e+00
   5.2195293e+00
   5.2215771e+00
   5.2236203e+00
   5.2256587e+00
   5.2276927e+00
   5.2297222e+00
   5.2317473e+00
   5.2337682e+00
   5.2357849e+00
   5.2377976e+00
   5.2398063e+00
   5.2418111e+00
   5.2438122e+00
   5.2458095e+00
   5.2478033e+00
   5.2497936e+00
   5.2517804e+00
   5.2537639e+00
   5.2557442e+00
   5.2577212e+00
   5.2596952e+00
   5.2616662e+00
   5.2636342e+00
   5.2655994e+00
   5.2675619e+00
   5.2695216e+00
   5.2714787e+00
   5.2734333e+00
   5.2753854e+00
   5.2773351e+00
   5.2792824e+00
   5.2812275e+00
   5.2831704e+00
   5.2851112e+00
   5.2870499e+00
   5.2889867e+00
   5.2909215e+00
   5.2928544e+00
   5.2947856e+00
   5.2967150e+00
   5.2986427e+00
   5.3005689e+00
   5.3024934e+00
   5.3044165e+00
   5.3063381e+00
   5.3082584e+00
   5.3101773e+00
   5.3120950e+00
   5.3140114e+00
   5.3159267e+00
   5.3178408e+00
   5.3197539e+00
   5.3216660e+00
   5.3235772e+00
   5.3254874e+00
   5.3273968e+00
   5.3293053e+00
   5.3312131e+00
   5.3331202e+00
   5.3350266e+00
   5.3369324e+00
   5.3388376e+00
   5.3407422e+00
   5.3426464e+00
   5.3445501e+00
   5.3464534e+00
   5.3483563e+00
   5.3502589e+00
   5.3521612e+00
   5.3540633e+00
   5.3559651e+00
   5.3578668e+00
   5.3597683e+00
   5.3616697e+00
   5.3635711e+00
   5.3654725e+00
   5.3673738e+00
   5.3692752e+00
   5.3711767e+00
   5.3730783e+00
   5.3749800e+00
   5.3768819e+00
   5.3787840e+00
   5.3806864e+00
   5.3825890e+00
   5.3844919e+00
   5.3863952e+00
   5.3882988e+00
   5.3902028e+00
   5.3921072e+00
   5.3940121e+00
   5.3959174e+00
   5.3978233e+00
   5.3997297e+00
   5.4016366e+00
   5.4035441e+00
   5.4054523e+00
   5.4073610e+00
   5.4092704e+00
   5.4111806e+00
   5.4130914e+00
   5.4150029e+00
   5.4169152e+00
   5.4188283e+00
   5.4207422e+00
   5.4226569e+00
   5.4245725e+00
   5.4264889e+00
   5.4284062e+00
   5.4303244e+00
   5.4322436e+00
   5.4341637e+00
   5.4360848e+00
   5.4380068e+00
   5.4399299e+00
   5.4418540e+00
   5.4437792e+00
   5.4457054e+00
   5.4476327e+00
   5.4495612e+00
   5.4514907e+00
   5.4534214e+00
   5.4553532e+00
   5.4572862e+00
   5.4592205e+00
   5.4611559e+00
   5.4630925e+00
   5.4650304e+00
   5.4669695e+00
   5.4689099e+00
   5.4708516e+00
   5.4727946e+00
   5.4747390e+00
   5.4766846e+00
   5.4786316e+00
   5.4805799e+00
   5.4825297e+00
   5.4844808e+00
   5.4864333e+00
   5.4883872e+00
   5.4903426e+00
   5.4922994e+00
   5.4942577e+00
   5.4962174e+00
   5.4981786e+00
   5.5001413e+00
   5.5021055e+00
   5.5040712e+00
   5.5060385e+00
   5.5080072e+00
   5.5099776e+00
   5.5119495e+00
   5.5139229e+00
   5.5158980e+00
   5.5178746e+00
   5.5198529e+00
   5.5218327e+00
   5.5238142e+00
   5.5257973e+00
   5.5277821e+00
   5.5297685e+00
   5.5317566e+00
   5.5337464e+00
   5.5357379e+00
   5.5377310e+00
   5.5397258e+00
   5.5417224e+00
   5.5437207e+00
   5.5457207e+00
   5.5477224e+00
   5.5497259e+00
   5.5517312e+00
   5.5537382e+00
   5.5557470e+00
   5.5577575e+00
   5.5597699e+00
   5.5617840e+00
   5.5638000e+00
   5.5658177e+00
   5.5678373e+00
   5.5698587e+00
   5.5718819e+00
   5.5739070e+00
   5.5759339e+00
   5.5779627e+00
   5.5799933e+00
   5.5820258e+00
   5.5840602e+00
   5.5860965e+00
   5.5881346e+00
   5.5901746e+00
   5.5922166e+00
   5.5942604e+00
   5.5963062e+00
   5.5983538e+00
   5.6004034e+00
   5.6024549e+00
   5.6045084e+00
   5.6065638e+00
   5.6086211e+00
   5.6106804e+00
   5.6127417e+00
   5.6148049e+00
   5.6168701e+00
   5.6189373e+00
   5.6210064e+00
   5.6230775e+00
   5.6251506e+00
   5.6272257e+00
   5.6293029e+00
   5.6313820e+00
   5.6334631e+00
   5.6355462e+00
   5.6376314e+00
   5.6397185e+00
   5.6418077e+00
   5.6438989e+00
   5.6459922e+00
   5.6480875e+00
   5.6501848e+00
   5.6522842e+00
   5.6543857e+00
   5.6564892e+00
   5.6585947e+00
   5.6607024e+00
   5.6628120e+00
   5.6649238e+00
   5.6670376e+00
   5.6691536e+00
   5.6712716e+00
   5.6733916e+00
   5.6755138e+00
   5.6776381e+00
   5.6797644e+00
   5.6818929e+00
   5.6840234e+00
   5.6861561e+00
   5.6882909e+00
   5.6904278e+00
   5.6925668e+00
   5.6947079e+00
   5.6968511e+00
   5.6989965e+00
   5.7011440e+00
   5.7032936e+00
   5.7054453e+00
   5.7075992e+00
   5.7097553e+00
   5.7119134e+00
   5.7140737e+00
   5.7162362e+00
   5.7184008e+00
   5.7205676e+00
   5.7227365e+00
   5.7249075e+00
   5.7270807e+00
   5.7292561e+00
   5.7314337e+00
   5.7336134e+00
   5.7357953e+00
   5.7379793e+00
   5.7401655e+00
   5.7423539e+00
   5.7445445e+00
   5.7467372e+00
   5.7489321e+00
   5.7511292e+00
   5.7533285e+00
   5.7555300e+00
   5.7577336e+00
   5.7599395e+00
   5.7621475e+00
   5.7643578e+00
   5.7665702e+00
   5.7687848e+00
   5.7710016e+00
   5.7732206e+00
   5.7754418e+00
   5.7776652e+00
   5.7798908e+00
   5.7821187e+00
   5.7843487e+00
   5.7865809e+00
   5.7888153e+00
   5.7910520e+00
   5.7932908e+00
   5.7955319e+00
   5.7977752e+00
   5.8000207e+00
   5.8022684e+00
   5.8045183e+00
   5.8067705e+00
   5.8090248e+00
   5.8112814e+00
   5.8135402e+00
   5.8158012e+00
   5.8180645e+00
   5.8203299e+00
   5.8225976e+00
   5.8248675e+00
   5.8271397e+00
   5.8294141e+00
   5.8316907e+00
   5.8339695e+00
   5.8362505e+00
   5.8385338e+00
   5.8408193e+00
   5.8431071e+00
   5.8453970e+00
   5.8476892e+00
   5.8499837e+00
   5.8522803e+00
   5.8545792e+00
   5.8568804e+00
   5.8591837e+00
   5.8614893e+00
   5.8637971e+00
   5.8661072e+00
   5.8684195e+00
   5.8707341e+00
   5.8730508e+00
   5.8753698e+00
   5.8776911e+00
   5.8800146e+00
   5.8823403e+00
   5.8846682e+00
   5.8869984e+00
   5.8893308e+00
   5.8916655e+00
   5.8940024e+00
   5.8963415e+00
   5.8986829e+00
   5.9010265e+00
   5.9033724e+00
   5.9057204e+00
   5.9080707e+00
   5.9104233e+00
   5.9127781e+00
   5.9151351e+00
   5.9174944e+00
   5.9198559e+00
   5.9222196e+00
   5.9245856e+00
   5.9269538e+00
   5.9293242e+00
   5.9316969e+00
   5.9340718e+00
   5.9364489e+00
   5.9388282e+00
   5.9412098e+00
   5.9435937e+00
   5.9459797e+00
   5.9483680e+00
   5.9507585e+00
   5.9531513e+00
   5.9555463e+00
   5.9579435e+00
   5.9603429e+00
   5.9627446e+00
   5.9651485e+00
   5.9675546e+00
   5.9699629e+00
   5.9723735e+00
   5.9747863e+00
   5.9772013e+00
   5.9796185e+00
   5.9820380e+00
   5.9844597e+00
   5.9868836e+00
   5.9893097e+00
   5.9917380e+00
   5.9941686e+00
   5.9966014e+00
   5.9990363e+00
   6.0014735e+00
   6.0039130e+00
   6.0063546e+00
   6.0087984e+00
   6.0112445e+00
   6.0136927e+00
   6.0161432e+00
   6.0185959e+00
   6.0210508e+00
   6.0235079e+00
   6.0259672e+00
   6.0284287e+00
   6.0308924e+00
   6.0333583e+00
   6.0358264e+00
   6.0382967e+00
   6.0407692e+00
   6.0432439e+00
   6.0457208e+00
   6.0481999e+00
   6.0506811e+00
   6.0531646e+00
   6.0556503e+00
   6.0581381e+00
   6.0606282e+00
   6.0631204e+00
   6.0656148e+00
   6.0681114e+00
   6.0706102e+00
   6.0731111e+00
   6.0756143e+00
   6.0781196e+00
   6.0806271e+00
   6.0831367e+00
   6.0856486e+00
   6.0881626e+00
   6.0906788e+00
   6.0931971e+00
   6.0957176e+00
   6.0982403e+00
   6.1007652e+00
   6.1032922e+00
   6.1058213e+00
   6.1083527e+00
   6.1108861e+00
   6.1134218e+00
   6.1159596e+00
   6.1184995e+00
   6.1210416e+00
   6.1235859e+00
   6.1261323e+00
   6.1286808e+00
   6.1312315e+00
   6.1337844e+00
   6.1363393e+00
   6.1388965e+00
   6.1414557e+00
   6.1440171e+00
   6.1465806e+00
   6.1491463e+00
   6.1517140e+00
   6.1542839e+00
   6.1568560e+00
   6.1594301e+00
   6.1620064e+00
   6.1645848e+00
   6.1671653e+00
   6.1697480e+00
   6.1723327e+00
   6.1749196e+00
   6.1775086e+00
   6.1800997e+00
   6.1826928e+00
   6.1852881e+00
   6.1878855e+00
   6.1904850e+00
   6.1930866e+00
   6.1956903e+00
   6.1982961e+00
   6.2009040e+00
   6.2035140e+00
   6.2061260e+00
   6.2087402e+00
   6.2113564e+00
   6.2139747e+00
   6.2165951e+00
   6.2192176e+00
   6.2218422e+00
   6.2244688e+00
   6.2270975e+00
   6.2297282e+00
   6.2323611e+00
   6.2349960e+00
   6.2376329e+00
   6.2402719e+00
   6.2429130e+00
   6.2455562e+00
   6.2482013e+00
   6.2508486e+00
   6.2534979e+00
   6.2561492e+00
   6.2588026e+00
   6.2614580e+00
   6.2641155e+00
   6.2667750e+00
   6.2694365e+00
   6.2721001e+00
   6.2747657e+00
   6.2774333e+00
   6.2801030e+00
   6.2827746e+00
   6.2854483e+00
   6.2881241e+00
   6.2908018e+00
   6.2934816e+00
   6.2961633e+00
   6.2988471e+00
   6.3015329e+00
   6.3042207e+00
   6.3069105e+00
   6.3096023e+00
   6.3122960e+00
   6.3149918e+00
   6.3176896e+00
   6.3203894e+00
   6.3230911e+00
   6.3257949e+00
   6.3285006e+00
   6.3312083e+00
   6.3339180e+00
   6.3366296e+00
   6.3393432e+00
   6.3420588e+00
   6.3447764e+00
   6.3474960e+00
   6.3502174e+00
   6.3529409e+00
   6.3556663e+00
   6.3583937e+00
   6.3611230e+00
   6.3638543e+00
   6.3665875e+00
   6.3693227e+00
   6.3720598e+00
   6.3747988e+00
   6.3775398e+00
   6.3802827e+00
   6.3830276e+00
   6.3857744e+00
   6.3885231e+00
   6.3912737e+00
   6.3940263e+00
   6.3967808e+00
   6.3995372e+00
   6.4022955e+00
   6.4050557e+00
   6.4078178e+00
   6.4105819e+00
   6.4133478e+00
   6.4161156e+00
   6.4188854e+00
   6.4216570e+00
   6.4244305e+00
   6.4272060e+00
   6.4299833e+00
   6.4327625e+00
   6.4355435e+00
   6.4383265e+00
   6.4411113e+00
   6.4438980e+00
   6.4466866e+00
   6.4494771e+00
   6.4522694e+00
   6.4550636e+00
   6.4578596e+00
   6.4606575e+00
   6.4634573e+00
   6.4662589e+00
   6.4690623e+00
   6.4718676e+00
   6.4746748e+00
   6.4774838e+00
   6.4802946e+00
   6.4831073e+00
   6.4859218e+00
   6.4887381e+00
   6.4915563e+00
   6.4943763e+00
   6.4971981e+00
   6.5000218e+00
   6.5028472e+00
   6.5056745e+00
   6.5085036e+00
   6.5113345e+00
   6.5141672e+00
   6.5170017e+00
   6.5198380e+00
   6.5226761e+00
   6.5255160e+00
   6.5283578e+00
   6.5312013e+00
   6.5340465e+00
   6.5368936e+00
   6.5397425e+00
   6.5425931e+00
   6.5454455e+00
   6.5482997e+00
   6.5511557e+00
   6.5540134e+00
   6.5568729e+00
   6.5597342e+00
   6.5625972e+00
   6.5654620e+00
   6.5683285e+00
   6.5711968e+00
   6.5740669e+00
   6.5769387e+00
   6.5798122e+00
   6.5826875e+00
   6.5855645e+00
   6.5884433e+00
   6.5913238e+00
   6.5942060e+00
   6.5970900e+00
   6.5999756e+00
   6.6028631e+00
   6.6057522e+00
   6.6086430e+00
   6.6115356e+00
   6.6144299e+00
   6.6173259e+00
   6.6202236e+00
   6.6231230e+00
   6.6260241e+00
   6.6289269e+00
   6.6318314e+00
   6.6347376e+00
   6.6376455e+00
   6.6405551e+00
   6.6434664e+00
   6.6463794e+00
   6.6492940e+00
   6.6522103e+00
   6.6551283e+00
   6.6580480e+00
   6.6609693e+00
   6.6638923e+00
   6.6668170e+00
   6.6697434e+00
   6.6726714e+00
   6.6756010e+00
   6.6785324e+00
   6.6814653e+00
   6.6843999e+00
   6.6873362e+00
   6.6902741e+00
   6.6932137e+00
   6.6961549e+00
   6.6990977e+00
   6.7020422e+00
   6.7049883e+00
   6.7079360e+00
   6.7108854e+00
   6.7138364e+00
   6.7167890e+00
   6.7197432e+00
   6.7226991e+00
   6.7256566e+00
   6.7286156e+00
   6.7315763e+00
   6.7345386e+00
   6.7375025e+00
   6.7404680e+00
   6.7434351e+00
   6.7464038e+00
   6.7493741e+00
   6.7523460e+00
   6.7553195e+00
   6.7582946e+00
   6.7612712e+00
   6.7642494e+00
   6.7672293e+00
   6.7702107e+00
   6.7731936e+00
   6.7761782e+00
   6.7791643e+00
   6.7821520e+00
   6.7851412e+00
   6.7881320e+00
   6.7911244e+00
   6.7941183e+00
   6.7971138e+00
   6.8001108e+00
   6.8031094e+00
   6.8061096e+00
   6.8091113e+00
   6.8121145e+00
   6.8151193e+00
   6.8181256e+00
   6.8211335e+00
   6.8241428e+00
   6.8271538e+00
   6.8301662e+00
   6.8331802e+00
   6.8361957e+00
   6.8392127e+00
   6.8422313e+00
   6.8452514e+00
   6.8482730e+00
   6.8512961e+00
   6.8543207e+00
   6.8573468e+00
   6.8603744e+00
   6.8634036e+00
   6.8664342e+00
   6.8694664e+00
   6.8725000e+00
   6.8755352e+00
   6.8785718e+00
   6.8816099e+00
   6.8846496e+00
   6.8876907e+00
   6.8907333e+00
   6.8937773e+00
   6.8968229e+00
   6.8998699e+00
   6.9029185e+00
   6.9059685e+00
   6.9090199e+00
   6.9120729e+00
   6.9151273e+00
   6.9181832e+00
   6.9212405e+00
   6.9242993e+00
   6.9273596e+00
   6.9304213e+00
   6.9334845e+00
   6.9365492e+00
   6.9396152e+00
   6.9426828e+00
   6.9457518e+00
   6.9488222e+00
   6.9518941e+00
   6.9549675e+00
   6.9580422e+00
   6.9611184e+00
   6.9641961e+00
   6.9672752e+00
   6.9703557e+00
   6.9734376e+00
   6.9765210e+00
   6.9796058e+00
   6.9826921e+00
   6.9857797e+00
   6.9888688e+00
   6.9919593e+00
   6.9950513e+00
   6.9981446e+00
   7.0012394e+00
   7.0043355e+00
   7.0074331e+00
   7.0105321e+00
   7.0136325e+00
   7.0167343e+00
   7.0198375e+00
   7.0229421e+00
   7.0260481e+00
   7.0291556e+00
   7.0322644e+00
   7.0353746e+00
   7.0384862e+00
   7.0415992e+00
   7.0447136e+00
   7.0478293e+00
   7.0509465e+00
   7.0540650e+00
   7.0571850e+00
   7.0603063e+00
   7.0634290e+00
   7.0665531e+00
   7.0696785e+00
   7.0728054e+00
   7.0759336e+00
   7.0790631e+00
   7.0821941e+00
   7.0853264e+00
   7.0884601e+00
   7.0915952e+00
   7.0947316e+00
   7.0978694e+00
   7.1010085e+00
   7.1041491e+00
   7.1072909e+00
   7.1104342e+00
   7.1135787e+00
   7.1167247e+00
   7.1198720e+00
   7.1230206e+00
   7.1261706e+00
   7.1293220e+00
   7.1324747e+00
   7.1356287e+00
   7.1387841e+00
   7.1419409e+00
   7.1450990e+00
   7.1482584e+00
   7.1514192e+00
   7.1545813e+00
   7.1577447e+00
   7.1609095e+00
   7.1640756e+00
   7.1672430e+00
   7.1704118e+00
   7.1735819e+00
   7.1767534e+00
   7.1799262e+00
   7.1831003e+00
   7.1862757e+00
   7.1894524e+00
   7.1926305e+00
   7.1958099e+00
   7.1989906e+00
   7.2021727e+00
   7.2053561e+00
   7.2085407e+00
   7.2117268e+00
   7.2149141e+00
   7.2181027e+00
   7.2212927e+00
   7.2244839e+00
   7.2276765e+00
   7.2308704e+00
   7.2340656e+00
   7.2372621e+00
   7.2404599e+00
   7.2436590e+00
   7.2468595e+00
   7.2500612e+00
   7.2532642e+00
   7.2564686e+00
   7.2596742e+00
   7.2628812e+00
   7.2660894e+00
   7.2692990e+00
   7.2725098e+00
   7.2757220e+00
   7.2789354e+00
   7.2821502e+00
   7.2853662e+00
   7.2885835e+00
   7.2918021e+00
   7.2950221e+00
   7.2982433e+00
   7.3014658e+00
   7.3046896e+00
   7.3079146e+00
   7.3111410e+00
   7.3143687e+00
   7.3175976e+00
   7.3208279e+00
   7.3240594e+00
   7.3272922e+00
   7.3305263e+00
   7.3337616e+00
   7.3369983e+00
   7.3402362e+00
   7.3434754e+00
   7.3467159e+00
   7.3499577e+00
   7.3532008e+00
   7.3564451e+00
   7.3596908e+00
   7.3629376e+00
   7.3661858e+00
   7.3694353e+00
   7.3726860e+00
   7.3759380e+00
   7.3791913e+00
   7.3824458e+00
   7.3857017e+00
   7.3889587e+00
   7.3922171e+00
   7.3954768e+00
   7.3987377e+00
   7.4019999e+00
   7.4052633e+00
   7.4085280e+00
   7.4117940e+00
   7.4150613e+00
   7.4183298e+00
   7.4215996e+00
   7.4248707e+00
   7.4281430e+00
   7.4314167e+00
   7.4346915e+00
   7.4379677e+00
   7.4412451e+00
   7.4445237e+00
   7.4478037e+00
   7.4510848e+00
   7.4543673e+00
   7.4576510e+00
   7.4609360e+00
   7.4642223e+00
   7.4675098e+00
   7.4707985e+00
   7.4740886e+00
   7.4773799e+00
   7.4806724e+00
   7.4839662e+00
   7.4872613e+00
   7.4905577e+00
   7.4938553e+00
   7.4971541e+00
   7.5004542e+00
   7.5037556e+00
   7.5070582e+00
   7.5103621e+00
   7.5136673e+00
   7.5169737e+00
   7.5202813e+00
   7.5235903e+00
   7.5269004e+00
   7.5302119e+00
   7.5335246e+00
   7.5368385e+00
   7.5401537e+00
   7.5434702e+00
   7.5467879e+00
   7.5501068e+00
   7.5534270e+00
   7.5567485e+00
   7.5600712e+00
   7.5633952e+00
   7.5667205e+00
   7.5700470e+00
   7.5733747e+00
   7.5767037e+00
   7.5800339e+00
   7.5833654e+00
   7.5866982e+00
   7.5900322e+00
   7.5933675e+00
   7.5967040e+00
   7.6000417e+00
   7.6033807e+00
   7.6067210e+00
   7.6100625e+00
   7.6134053e+00
   7.6167493e+00
   7.6200946e+00
   7.6234411e+00
   7.6267888e+00
   7.6301379e+00
   7.6334881e+00
   7.6368396e+00
   7.6401924e+00
   7.6435464e+00
   7.6469017e+00
   7.6502582e+00
   7.6536159e+00
   7.6569749e+00
   7.6603352e+00
   7.6636967e+00
   7.6670594e+00
   7.6704234e+00
   7.6737886e+00
   7.6771551e+00
   7.6805229e+00
   7.6838918e+00
   7.6872620e+00
   7.6906335e+00
   7.6940062e+00
   7.6973802e+00
   7.7007554e+00
   7.7041318e+00
   7.7075095e+00
   7.7108884e+00
   7.7142686e+00
   7.7176500e+00
   7.7210327e+00
   7.7244166e+00
   7.7278017e+00
   7.7311881e+00
   7.7345758e+00
   7.7379646e+00
   7.7413547e+00
   7.7447461e+00
   7.7481387e+00
   7.7515325e+00
   7.7549276e+00
   7.7583239e+00
   7.7617214e+00
   7.7651202e+00
   7.7685202e+00
   7.7719214e+00
   7.7753239e+00
   7.7787277e+00
   7.7821326e+00
   7.7855388e+00
   7.7889462e+00
   7.7923549e+00
   7.7957648e+00
   7.7991759e+00
   7.8025883e+00
   7.8060019e+00
   7.8094167e+00
   7.8128327e+00
   7.8162500e+00
   7.8196685e+00
   7.8230882e+00
   7.8265092e+00
   7.8299314e+00
   7.8333548e+00
   7.8367794e+00
   7.8402053e+00
   7.8436324e+00
   7.8470607e+00
   7.8504902e+00
   7.8539209e+00
   7.8573529e+00
   7.8607861e+00
   7.8642205e+00
   7.8676561e+00
   7.8710929e+00
   7.8745310e+00
   7.8779702e+00
   7.8814107e+00
   7.8848524e+00
   7.8882953e+00
   7.8917394e+00
   7.8951847e+00
   7.8986312e+00
   7.9020789e+00
   7.9055278e+00
   7.9089780e+00
   7.9124293e+00
   7.9158818e+00
   7.9193355e+00
   7.9227905e+00
   7.9262466e+00
   7.9297039e+00
   7.9331624e+00
   7.9366221e+00
   7.9400830e+00
   7.9435451e+00
   7.9470083e+00
   7.9504728e+00
   7.9539384e+00
   7.9574052e+00
   7.9608732e+00
   7.9643424e+00
   7.9678127e+00
   7.9712842e+00
   7.9747569e+00
   7.9782308e+00
   7.9817058e+00
   7.9851820e+00
   7.9886593e+00
   7.9921379e+00
   7.9956175e+00
   7.9990984e+00
   8.0025804e+00
   8.0060635e+00
   8.0095478e+00
   8.0130332e+00
   8.0165198e+00
   8.0200075e+00
   8.0234964e+00
   8.0269864e+00
   8.0304775e+00
   8.0339698e+00
   8.0374631e+00
   8.0409577e+00
   8.0444533e+00
   8.0479501e+00
   8.0514479e+00
   8.0549469e+00
   8.0584470e+00
   8.0619482e+00
   8.0654505e+00
   8.0689540e+00
   8.0724585e+00
   8.0759641e+00
   8.0794708e+00
   8.0829785e+00
   8.0864874e+00
   8.0899973e+00
   8.0935084e+00
   8.0970204e+00
   8.1005336e+00
   8.1040478e+00
   8.1075631e+00
   8.1110794e+00
   8.1145968e+00
   8.1181153e+00
   8.1216348e+00
   8.1251553e+00
   8.1286768e+00
   8.1321994e+00
   8.1357230e+00
   8.1392476e+00
   8.1427733e+00
   8.1462999e+00
   8.1498276e+00
   8.1533562e+00
   8.1568859e+00
   8.1604165e+00
   8.1639482e+00
   8.1674808e+00
   8.1710144e+00
   8.1745489e+00
   8.1780844e+00
   8.1816209e+00
   8.1851583e+00
   8.1886967e+00
   8.1922360e+00
   8.1957763e+00
   8.1993174e+00
   8.2028595e+00
   8.2064025e+00
   8.2099464e+00
   8.2134912e+00
   8.2170369e+00
   8.2205835e+00
   8.2241310e+00
   8.2276794e+00
   8.2312286e+00
   8.2347787e+00
   8.2383296e+00
   8.2418814e+00
   8.2454340e+00
   8.2489874e+00
   8.2525417e+00
   8.2560967e+00
   8.2596526e+00
   8.2632093e+00
   8.2667668e+00
   8.2703250e+00
   8.2738840e+00
   8.2774438e+00
   8.2810043e+00
   8.2845656e+00
   8.2881277e+00
   8.2916904e+00
   8.2952539e+00
   8.2988180e+00
   8.3023829e+00
   8.3059485e+00
   8.3095147e+00
   8.3130816e+00
   8.3166492e+00
   8.3202174e+00
   8.3237863e+00
   8.3273558e+00
   8.3309259e+00
   8.3344966e+00
   8.3380680e+00
   8.3416399e+00
   8.3452123e+00
   8.3487854e+00
   8.3523589e+00
   8.3559331e+00
   8.3595077e+00
   8.3630829e+00
   8.3666586e+00
   8.3702347e+00
   8.3738114e+00
   8.3773885e+00
   8.3809660e+00
   8.3845440e+00
   8.3881225e+00
   8.3917013e+00
   8.3952805e+00
   8.3988601e+00
   8.4024401e+00
   8.4060205e+00
   8.4096012e+00
   8.4131822e+00
   8.4167635e+00
   8.4203452e+00
   8.4239271e+00
   8.4275092e+00
   8.4310917e+00
   8.4346744e+00
   8.4382573e+00
   8.4418404e+00
   8.4454236e+00
   8.4490071e+00
   8.4525907e+00
   8.4561745e+00
   8.4597584e+00
   8.4633424e+00
   8.4669264e+00
   8.4705106e+00
   8.4740948e+00
   8.4776790e+00
   8.4812632e+00
   8.4848475e+00
   8.4884317e+00
   8.4920159e+00
   8.4956000e+00
   8.4991840e+00
   8.5027680e+00
   8.5063518e+00
   8.5099355e+00
   8.5135190e+00
   8.5171023e+00
   8.5206855e+00
   8.5242684e+00
   8.5278510e+00
   8.5314334e+00
   8.5350156e+00
   8.5385974e+00
   8.5421788e+00
   8.5457600e+00
   8.5493407e+00
   8.5529210e+00
   8.5565009e+00
   8.5600804e+00
   8.5636594e+00
   8.5672379e+00
   8.5708159e+00
   8.5743933e+00
   8.5779702e+00
   8.5815464e+00
   8.5851221e+00
   8.5886970e+00
   8.5922714e+00
   8.5958450e+00
   8.5994179e+00
   8.6029900e+00
   8.6065613e+00
   8.6101319e+00
   8.6137016e+00
   8.6172704e+00
   8.6208384e+00
   8.6244054e+00
   8.6279714e+00
   8.6315365e+00
   8.6351006e+00
   8.6386636e+00
   8.6422256e+00
   8.6457864e+00
   8.6493461e+00
   8.6529047e+00
   8.6564620e+00
   8.6600181e+00
   8.6635730e+00
   8.6671266e+00
   8.6706788e+00
   8.6742297e+00
   8.6777792e+00
   8.6813272e+00
   8.6848738e+00
   8.6884189e+00
   8.6919624e+00
   8.6955044e+00
   8.6990448e+00
   8.7025835e+00
   8.7061206e+00
   8.7096559e+00
   8.7131895e+00
   8.7167213e+00
   8.7202512e+00
   8.7237793e+00
   8.7273055e+00
   8.7308298e+00
   8.7343521e+00
   8.7378723e+00
   8.7413905e+00
   8.7449066e+00
   8.7484205e+00
   8.7519322e+00
   8.7554418e+00
   8.7589490e+00
   8.7624539e+00
   8.7659565e+00
   8.7694567e+00
   8.7729544e+00
   8.7764496e+00
   8.7799424e+00
   8.7834325e+00
   8.7869200e+00
   8.7904048e+00
   8.7938870e+00
   8.7973663e+00
   8.8008429e+00
   8.8043166e+00
   8.8077874e+00
   8.8112552e+00
   8.8147201e+00
   8.8181819e+00
   8.8216406e+00
   8.8250961e+00
   8.8285485e+00
   8.8319976e+00
   8.8354434e+00
   8.8388858e+00
   8.8423249e+00
   8.8457605e+00
   8.8491926e+00
   8.8526211e+00
   8.8560460e+00
   8.8594672e+00
   8.8628847e+00
   8.8662984e+00
   8.8697083e+00
   8.8731143e+00
   8.8765164e+00
   8.8799144e+00
   8.8833084e+00
   8.8866983e+00
   8.8900839e+00
   8.8934654e+00
   8.8968425e+00
   8.9002153e+00
   8.9035837e+00
   8.9069476e+00
   8.9103070e+00
   8.9136618e+00
   8.9170119e+00
   8.9203573e+00
   8.9236979e+00
   8.9270336e+00
   8.9303645e+00
   8.9336904e+00
   8.9370112e+00
   8.9403269e+00
   8.9436375e+00
   8.9469428e+00
   8.9502429e+00
   8.9535375e+00
   8.9568268e+00
   8.9601105e+00
   8.9633887e+00
   8.9666612e+00
   8.9699280e+00
   8.9731890e+00
   8.9764442e+00
   8.9796935e+00
   8.9829368e+00
   8.9861741e+00
   8.9894052e+00
   8.9926301e+00
   8.9958487e+00
   8.9990610e+00
   9.0022669e+00
   9.0054663e+00
   9.0086591e+00
   9.0118453e+00
   9.0150248e+00
   9.0181974e+00
   9.0213632e+00
   9.0245221e+00
   9.0276740e+00
   9.0308187e+00
   9.0339563e+00
   9.0370866e+00
   9.0402096e+00
   9.0433252e+00
   9.0464333e+00
   9.0495339e+00
   9.0526268e+00
   9.0557120e+00
   9.0587893e+00
   9.0618588e+00
   9.0649203e+00
   9.0679738e+00
   9.0710191e+00
   9.0740562e+00
   9.0770851e+00
   9.0801055e+00
   9.0831175e+00
   9.0861209e+00
   9.0891157e+00
   9.0921018e+00
   9.0950791e+00
   9.0980475e+00
   9.1010069e+00
   9.1039573e+00
   9.1068985e+00
   9.1098305e+00
   9.1127531e+00
   9.1156664e+00
   9.1185702e+00
   9.1214644e+00
   9.1243489e+00
   9.1272236e+00
   9.1300886e+00
   9.1329435e+00
   9.1357885e+00
   9.1386233e+00
   9.1414480e+00
   9.1442623e+00
   9.1470663e+00
   9.1498597e+00
   9.1526427e+00
   9.1554149e+00
   9.1581764e+00
   9.1609271e+00
   9.1636668e+00
   9.1663955e+00
   9.1691131e+00
   9.1718194e+00
   9.1745145e+00
   9.1771981e+00
   9.1798703e+00
   9.1825309e+00
   9.1851798e+00
   9.1878169e+00
   9.1904422e+00
   9.1930555e+00
   9.1956567e+00
   9.1982458e+00
   9.2008226e+00
   9.2033871e+00
   9.2059392e+00
   9.2084787e+00
   9.2110056e+00
   9.2135198e+00
   9.2160212e+00
   9.2185096e+00
   9.2209850e+00
   9.2234473e+00
   9.2258964e+00
   9.2283322e+00
   9.2307546e+00
   9.2331635e+00
   9.2355588e+00
   9.2379404e+00
   9.2403083e+00
   9.2426622e+00
   9.2450021e+00
   9.2473280e+00
   9.2496397e+00
   9.2519371e+00
   9.2542201e+00
   9.2564887e+00
   9.2587427e+00
   9.2609820e+00
   9.2632066e+00
   9.2654162e+00
   9.2676110e+00
   9.2697906e+00
   9.2719551e+00
   9.2741043e+00
   9.2762382e+00
   9.2783566e+00
   9.2804594e+00
   9.2825466e+00
   9.2846180e+00
   9.2866736e+00
   9.2887132e+00
   9.2907367e+00
   9.2927441e+00
   9.2947353e+00
   9.2967101e+00
   9.2986684e+00
   9.3006102e+00
   9.3025353e+00
   9.3044436e+00
   9.3063351e+00
   9.3082097e+00
   9.3100672e+00
   9.3119075e+00
   9.3137306e+00
   9.3155363e+00
   9.3173246e+00
   9.3190953e+00
   9.3208483e+00
   9.3225836e+00
   9.3243010e+00
   9.3260005e+00
   9.3276819e+00
   9.3293451e+00
   9.3309901e+00
   9.3326166e+00
   9.3342247e+00
   9.3358143e+00
   9.3373851e+00
   9.3389372e+00
   9.3404704e+00
   9.3419846e+00
   9.3434797e+00
   9.3449556e+00
   9.3464122e+00
   9.3478494e+00
   9.3492671e+00
   9.3506652e+00
   9.3520436e+00
   9.3534022e+00
   9.3547408e+00
   9.3560594e+00
   9.3573579e+00
   9.3586362e+00
   9.3598941e+00
   9.3611315e+00
   9.3623484e+00
   9.3635446e+00
   9.3647200e+00
   9.3658746e+00
   9.3670081e+00
   9.3681206e+00
   9.3692119e+00
   9.3702818e+00
   9.3713303e+00
   9.3723573e+00
   9.3733626e+00
   9.3743462e+00
   9.3753079e+00
   9.3762477e+00
   9.3771653e+00
   9.3780607e+00
   9.3789338e+00
   9.3797845e+00
   9.3806126e+00
   9.3814181e+00
   9.3822008e+00
   9.3829606e+00
   9.3836974e+00
   9.3844110e+00
   9.3851015e+00
   9.3857685e+00
   9.3864121e+00
   9.3870321e+00
   9.3876284e+00
   9.3882008e+00
   9.3887493e+00
   9.3892736e+00
   9.3897738e+00
   9.3902497e+00
   9.3907011e+00
   9.3911280e+00
   9.3915301e+00
   9.3919074e+00
   9.3922598e+00
   9.3925871e+00
   9.3928892e+00
   9.3931659e+00
   9.3934172e+00
   9.3936429e+00
   9.3938429e+00
   9.3940171e+00
   9.3941652e+00
   9.3942873e+00
   9.3943830e+00
   9.3944524e+00
   9.3944953e+00
   9.3945115e+00
   9.3945010e+00
   9.3944635e+00
   9.3943989e+00
   9.3943071e+00
   9.3941880e+00
   9.3940414e+00
   9.3938672e+00
   9.3936652e+00
   9.3934353e+00
   9.3931774e+00
   9.3928912e+00
   9.3925767e+00
   9.3922337e+00
   9.3918621e+00
   9.3914617e+00
   9.3910324e+00
   9.3905739e+00
   9.3900863e+00
   9.3895693e+00
   9.3890227e+00
   9.3884465e+00
   9.3878404e+00
   9.3872044e+00
   9.3865382e+00
   9.3858417e+00
   9.3851147e+00
   9.3843572e+00
   9.3835689e+00
   9.3827496e+00
   9.3818993e+00
   9.3810177e+00
   9.3801048e+00
   9.3791603e+00
   9.3781840e+00
   9.3771759e+00
   9.3761358e+00
   9.3750634e+00
   9.3739587e+00
   9.3728215e+00
   9.3716515e+00
   9.3704487e+00
   9.3692129e+00
   9.3679438e+00
   9.3666414e+00
   9.3653055e+00
   9.3639359e+00
   9.3625325e+00
   9.3610950e+00
   9.3596233e+00
   9.3581172e+00
   9.3565766e+00
   9.3550013e+00
   9.3533911e+00
   9.3517459e+00
   9.3500655e+00
   9.3483496e+00
   9.3465982e+00
   9.3448111e+00
   9.3429880e+00
   9.3411289e+00
   9.3392335e+00
   9.3373017e+00
   9.3353333e+00
   9.3333281e+00
   9.3312860e+00
   9.3292067e+00
   9.3270902e+00
   9.3249362e+00
   9.3227445e+00
   9.3205150e+00
   9.3182475e+00
   9.3159418e+00
   9.3135978e+00
   9.3112152e+00
   9.3087940e+00
   9.3063339e+00
   9.3038347e+00
   9.3012963e+00
   9.2987184e+00
   9.2961010e+00
   9.2934439e+00
   9.2907468e+00
   9.2880095e+00
   9.2852320e+00
   9.2824141e+00
   9.2795555e+00
   9.2766560e+00
   9.2737156e+00
   9.2707340e+00
   9.2677111e+00
   9.2646466e+00
   9.2615404e+00
   9.2583923e+00
   9.2552022e+00
   9.2519699e+00
   9.2486951e+00
   9.2453778e+00
   9.2420177e+00
   9.2386146e+00
   9.2351684e+00
   9.2316790e+00
   9.2281461e+00
   9.2245695e+00
   9.2209491e+00
   9.2172847e+00
   9.2135761e+00
   9.2098231e+00
   9.2060256e+00
   9.2021835e+00
   9.1982964e+00
   9.1943642e+00
   9.1903869e+00
   9.1863641e+00
   9.1822957e+00
   9.1781815e+00
   9.1740214e+00
   9.1698151e+00
   9.1655626e+00
   9.1612635e+00
   9.1569178e+00
   9.1525253e+00
   9.1480857e+00
   9.1435990e+00
   9.1390648e+00
   9.1344831e+00
   9.1298537e+00
   9.1251764e+00
   9.1204509e+00
   9.1156772e+00
   9.1108550e+00
   9.1059842e+00
   9.1010646e+00
   9.0960960e+00
   9.0910782e+00
   9.0860110e+00
   9.0808943e+00
   9.0757279e+00
   9.0705116e+00
   9.0652452e+00
   9.0599284e+00
   9.0545613e+00
   9.0491435e+00
   9.0436748e+00
   9.0381552e+00
   9.0325843e+00
   9.0269620e+00
   9.0212882e+00
   9.0155626e+00
   9.0097850e+00
   9.0039553e+00
   8.9980733e+00
   8.9921387e+00
   8.9861514e+00
   8.9801112e+00
   8.9740179e+00
   8.9678712e+00
   8.9616711e+00
   8.9554173e+00
   8.9491096e+00
   8.9427478e+00
   8.9363318e+00
   8.9298612e+00
   8.9233360e+00
   8.9167559e+00
   8.9101207e+00
   8.9034302e+00
   8.8966842e+00
   8.8898825e+00
   8.8830249e+00
   8.8761112e+00
   8.8691412e+00
   8.8621147e+00
   8.8550314e+00
   8.8478911e+00
   8.8406937e+00
   8.8334389e+00
   8.8261265e+00
   8.8187563e+00
   8.8113280e+00
   8.8038415e+00
   8.7962965e+00
   8.7886929e+00
   8.7810303e+00
   8.7733085e+00
   8.7655274e+00
   8.7576868e+00
   8.7497862e+00
   8.7418256e+00
   8.7338048e+00
   8.7257234e+00
   8.7175812e+00
   8.7093781e+00
   8.7011137e+00
   8.6927878e+00
   8.6844003e+00
   8.6759507e+00
   8.6674390e+00
   8.6588648e+00
   8.6502279e+00
   8.6415281e+00
   8.6327651e+00
   8.6239386e+00
   8.6150484e+00
   8.6060943e+00
   8.5970759e+00
   8.5879931e+00
   8.5788455e+00
   8.5696329e+00
   8.5603551e+00
   8.5510117e+00
   8.5416025e+00
   8.5321272e+00
   8.5225856e+00
   8.5129773e+00
   8.5033022e+00
   8.4935598e+00
   8.4837500e+00
   8.4738725e+00
   8.4639269e+00
   8.4539131e+00
   8.4438306e+00
   8.4336792e+00
   8.4234587e+00
   8.4131686e+00
   8.4028088e+00
   8.3923790e+00
   8.3818788e+00
   8.3713079e+00
   8.3606660e+00
   8.3499529e+00
   8.3391681e+00
   8.3283115e+00
   8.3173827e+00
   8.3063814e+00
   8.2953072e+00
   8.2841599e+00
   8.2729391e+00
   8.2616445e+00
   8.2502758e+00
   8.2388327e+00
   8.2273149e+00
   8.2157219e+00
   8.2040535e+00
   8.1923094e+00
   8.1804892e+00
   8.1685926e+00
   8.1566192e+00
   8.1445687e+00
   8.1324408e+00
   8.1202352e+00
   8.1079514e+00
   8.0955891e+00
   8.0831480e+00
   8.0706278e+00
   8.0580281e+00
   8.0453485e+00
   8.0325887e+00
   8.0197483e+00
   8.0068270e+00
   7.9938244e+00
   7.9807402e+00
   7.9675740e+00
   7.9543254e+00
   7.9409941e+00
   7.9275798e+00
   7.9140819e+00
   7.9005003e+00
   7.8868345e+00
   7.8730841e+00
   7.8592488e+00
   7.8453283e+00
   7.8313220e+00
   7.8172298e+00
   7.8030512e+00
   7.7887858e+00
   7.7744333e+00
   7.7599932e+00
   7.7454653e+00
   7.7308492e+00
   7.7161444e+00
   7.7013507e+00
   7.6864676e+00
   7.6714947e+00
   7.6564318e+00
   7.6412784e+00
   7.6260341e+00
   7.6106987e+00
   7.5952716e+00
   7.5797527e+00
   7.5641414e+00
   7.5484375e+00
   7.5326406e+00
   7.5167502e+00
   7.5007661e+00
   7.4846880e+00
   7.4685153e+00
   7.4522479e+00
   7.4358853e+00
   7.4194272e+00
   7.4028733e+00
   7.3862232e+00
   7.3694766e+00
   7.3526331e+00
   7.3356925e+00
   7.3186544e+00
   7.3015184e+00
   7.2842843e+00
   7.2669517e+00
   7.2495204e+00
   7.2319900e+00
   7.2143603e+00
   7.1966309e+00
   7.1788016e+00
   7.1608721e+00
   7.1428421e+00
   7.1247114e+00
   7.1064797e+00
   7.0881467e+00
   7.0697122e+00
   7.0511760e+00
   7.0325379e+00
   7.0137976e+00
   6.9949549e+00
   6.9760097e+00
   6.9569617e+00
   6.9378108e+00
   6.9185568e+00
   6.8991995e+00
   6.8797389e+00
   6.8601747e+00
   6.8405069e+00
   6.8207353e+00
   6.8008599e+00
   6.7808806e+00
   6.7607973e+00
   6.7406100e+00
   6.7203186e+00
   6.6999231e+00
   6.6794235e+00
   6.6588199e+00
   6.6381122e+00
   6.6173006e+00
   6.5963850e+00
   6.5753656e+00
   6.5542425e+00
   6.5330158e+00
   6.5116856e+00
   6.4902521e+00
   6.4687156e+00
   6.4470762e+00
   6.4253341e+00
   6.4034896e+00
   6.3815431e+00
   6.3594947e+00
   6.3373449e+00
   6.3150940e+00
   6.2927423e+00
   6.2702904e+00
   6.2477386e+00
   6.2250874e+00
   6.2023374e+00
   6.1794889e+00
   6.1565427e+00
   6.1334992e+00
   6.1103592e+00
   6.0871232e+00
   6.0637920e+00
   6.0403662e+00
   6.0168467e+00
   5.9932342e+00
   5.9695296e+00
   5.9457337e+00
   5.9218474e+00
   5.8978716e+00
   5.8738074e+00
   5.8496557e+00
   5.8254177e+00
   5.8010943e+00
   5.7766867e+00
   5.7521962e+00
   5.7276239e+00
   5.7029710e+00
   5.6782390e+00
   5.6534290e+00
   5.6285426e+00
   5.6035811e+00
   5.5785461e+00
   5.5534389e+00
   5.5282613e+00
   5.5030148e+00
   5.4777011e+00
   5.4523218e+00
   5.4268788e+00
   5.4013738e+00
   5.3758086e+00
   5.3501852e+00
   5.3245054e+00
   5.2987713e+00
   5.2729848e+00
   5.2471481e+00
   5.2212632e+00
   5.1953323e+00
   5.1693577e+00
   5.1433415e+00
   5.1172861e+00
   5.0911938e+00
   5.0650670e+00
   5.0389081e+00
   5.0127196e+00
   4.9865040e+00
   4.9602639e+00
   4.9340018e+00
   4.9077204e+00
   4.8814224e+00
   4.8551105e+00
   4.8287874e+00
   4.8024560e+00
   4.7761190e+00
   4.7497793e+00
   4.7234398e+00
   4.6971034e+00
   4.6707730e+00
   4.6444517e+00
   4.6181425e+00
   4.5918483e+00
   4.5655723e+00
   4.5393176e+00
   4.5130871e+00
   4.4868841e+00
   4.4607116e+00
   4.4345729e+00
   4.4084711e+00
   4.3824094e+00
   4.3563910e+00
   4.3304190e+00
   4.3044967e+00
   4.2786272e+00
   4.2528139e+00
   4.2270598e+00
   4.2013682e+00
   4.1757423e+00
   4.1501853e+00
   4.1247004e+00
   4.0992907e+00
   4.0739594e+00
   4.0487097e+00
   4.0235446e+00
   3.9984673e+00
   3.9734809e+00
   3.9485884e+00
   3.9237928e+00
   3.8990972e+00
   3.8745045e+00
   3.8500177e+00
   3.8256397e+00
   3.8013733e+00
   3.7772214e+00
   3.7531867e+00
   3.7292720e+00
   3.7054801e+00
   3.6818134e+00
   3.6582748e+00
   3.6348666e+00
   3.6115915e+00
   3.5884518e+00
   3.5654499e+00
   3.5425883e+00
   3.5198691e+00
   3.4972947e+00
   3.4748671e+00
   3.4525884e+00
   3.4304608e+00
   3.4084861e+00
   3.3866663e+00
   3.3650032e+00
   3.3434986e+00
   3.3221543e+00
   3.3009717e+00
   3.2799527e+00
   3.2590985e+00
   3.2384108e+00
   3.2178907e+00
   3.1975398e+00
   3.1773591e+00
   3.1573499e+00
   3.1375132e+00
   3.1178500e+00
   3.0983614e+00
   3.0790482e+00
   3.0599112e+00
   3.0409511e+00
   3.0221687e+00
   3.0035645e+00
   2.9851391e+00
   2.9668930e+00
   2.9488265e+00
   2.9309401e+00
   2.9132340e+00
   2.8957084e+00
   2.8783635e+00
   2.8611993e+00
   2.8442160e+00
   2.8274135e+00
   2.8107917e+00
   2.7943504e+00
   2.7780895e+00
   2.7620086e+00
   2.7461076e+00
   2.7303861e+00
   2.7148435e+00
   2.6994795e+00
   2.6842935e+00
   2.6692851e+00
   2.6544535e+00
   2.6397981e+00
   2.6253182e+00
   2.6110132e+00
   2.5968821e+00
   2.5829242e+00
   2.5691386e+00
   2.5555245e+00
   2.5420808e+00
   2.5288067e+00
   2.5157011e+00
   2.5027629e+00
   2.4899912e+00
   2.4773848e+00
   2.4649426e+00
   2.4526634e+00
   2.4405461e+00
   2.4285894e+00
   2.4167922e+00
   2.4051532e+00
   2.3936711e+00
   2.3823447e+00
   2.3711726e+00
   2.3601535e+00
   2.3492860e+00
   2.3385689e+00
   2.3280007e+00
   2.3175801e+00
   2.3073057e+00
   2.2971760e+00
   2.2871897e+00
   2.2773453e+00
   2.2676414e+00
   2.2580765e+00
   2.2486493e+00
   2.2393582e+00
   2.2302018e+00
   2.2211786e+00
   2.2122872e+00
   2.2035261e+00
   2.1948939e+00
   2.1863890e+00
   2.1780101e+00
   2.1697555e+00
   2.1616240e+00
   2.1536140e+00
   2.1457240e+00
   2.1379526e+00
   2.1302983e+00
   2.1227597e+00
   2.1153354e+00
   2.1080238e+00
   2.1008237e+00
   2.0937334e+00
   2.0867517e+00
   2.0798771e+00
   2.0731081e+00
   2.0664435e+00
   2.0598817e+00
   2.0534215e+00
   2.0470614e+00
   2.0408001e+00
   2.0346362e+00
   2.0285684e+00
   2.0225953e+00
   2.0167156e+00
   2.0109281e+00
   2.0052313e+00
   1.9996241e+00
   1.9941051e+00
   1.9886730e+00
   1.9833266e+00
   1.9780647e+00
   1.9728860e+00
   1.9677893e+00
   1.9627733e+00
   1.9578370e+00
   1.9529790e+00
   1.9481982e+00
   1.9434935e+00
   1.9388637e+00
   1.9343077e+00
   1.9298243e+00
   1.9254124e+00
   1.9210710e+00
   1.9167989e+00
   1.9125950e+00
   1.9084584e+00
   1.9043880e+00
   1.9003826e+00
   1.8964414e+00
   1.8925632e+00
   1.8887471e+00
   1.8849922e+00
   1.8812974e+00
   1.8776617e+00
   1.8740842e+00
   1.8705641e+00
   1.8671003e+00
   1.8636920e+00
   1.8603382e+00
   1.8570380e+00
   1.8537907e+00
   1.8505953e+00
   1.8474510e+00
   1.8443569e+00
   1.8413122e+00
   1.8383161e+00
   1.8353678e+00
   1.8324665e+00
   1.8296114e+00
   1.8268018e+00
   1.8240369e+00
   1.8213159e+00
   1.8186381e+00
   1.8160028e+00
   1.8134120e+00
   2.0065646e+00
   2.1956682e+00
   2.3809754e+00
   2.5627591e+00
   2.7412703e+00
   2.9167402e+00
   3.0893813e+00
   3.2593886e+00
   3.4269403e+00
   3.5921986e+00
   3.7553107e+00
   3.9164103e+00
   4.0756183e+00
   4.2330444e+00
   4.3887884e+00
   4.5429424e+00
   4.6955923e+00
   4.8468208e+00
   4.9967099e+00
   5.1453448e+00
   5.2928168e+00
   5.4392281e+00
   5.5846963e+00
   5.7293598e+00
   5.8733830e+00
   6.0169609e+00
   6.1603252e+00
   6.3037485e+00
   6.4475488e+00
   6.5920920e+00
   6.7377933e+00
   6.8851149e+00
   7.0345598e+00
   7.1866587e+00
   7.3419473e+00
   7.5009318e+00
   7.6640283e+00
   7.8314722e+00
   8.0031847e+00
   8.1785743e+00
   8.3562569e+00
   8.5336681e+00
   8.7067965e+00
   8.8708565e+00
   9.0203316e+00
   9.1494310e+00
   9.2531088e+00
   9.3282021e+00
   9.3741679e+00
   9.3930229e+00
   9.3935495e+00
   9.3900382e+00
   9.3842136e+00
   9.3773377e+00
   9.3702555e+00
   9.3634876e+00
   9.3573196e+00
   9.3518771e+00
   9.3471839e+00
   9.3432027e+00
   9.3398643e+00
   9.3370858e+00
   9.3347824e+00
   9.3328739e+00
   9.3312876e+00
   9.3299602e+00
   9.3288377e+00
   9.3278747e+00
   9.3270335e+00
   9.3262835e+00
   9.3255998e+00
   9.3249625e+00
   9.3243555e+00
   9.3237664e+00
   9.3231852e+00
   9.3226045e+00
   9.3220183e+00
   9.3214223e+00
   9.3208133e+00
   9.3201889e+00
   9.3195475e+00
   9.3188882e+00
   9.3182102e+00
   9.3175134e+00
   9.3167977e+00
   9.3160634e+00
   9.3153108e+00
   9.3145403e+00
   9.3137526e+00
   9.3129482e+00
   9.3121276e+00
   9.3112916e+00
   9.3104407e+00
   9.3095756e+00
   9.3086969e+00
   9.3078052e+00
   9.3069009e+00
   9.3059848e+00
   9.3050573e+00
   9.3041189e+00
   9.3031700e+00
   9.3022111e+00
   9.3012427e+00
   9.3002651e+00
   9.2992787e+00
   9.2982838e+00
   9.2972808e+00
   9.2962699e+00
   9.2952515e+00
   9.2942258e+00
   9.2931930e+00
   9.2921535e+00
   9.2911073e+00
   9.2900547e+00
   9.2889958e+00
   9.2879310e+00
   9.2868602e+00
   9.2857836e+00
   9.2847014e+00
   9.2836138e+00
   9.2825207e+00
   9.2814224e+00
   9.2803189e+00
   9.2792103e+00
   9.2780967e+00
   9.2769782e+00
   9.2758548e+00
   9.2747266e+00
   9.2735937e+00
   9.2724561e+00
   9.2713138e+00
   9.2701669e+00
   9.2690155e+00
   9.2678595e+00
   9.2666991e+00
   9.2655341e+00
   9.2643648e+00
   9.2631909e+00
   9.2620127e+00
   9.2608301e+00
   9.2596431e+00
   9.2584517e+00
   9.2572560e+00
   9.2560559e+00
   9.2548514e+00
   9.2536426e+00
   9.2524294e+00
   9.2512119e+00
   9.2499900e+00
   9.2487638e+00
   9.2475332e+00
   9.2462982e+00
   9.2450588e+00
   9.2438150e+00
   9.2425669e+00
   9.2413143e+00
   9.2400573e+00
   9.2387959e+00
   9.2375300e+00
   9.2362596e+00
   9.2349848e+00
   9.2337055e+00
   9.2324216e+00
   9.2311333e+00
   9.2298404e+00
   9.2285429e+00
   9.2272409e+00
   9.2259342e+00
   9.2246230e+00
   9.2233071e+00
   9.2219866e+00
   9.2206614e+00
   9.2193314e+00
   9.2179968e+00
   9.2166575e+00
   9.2153134e+00
   9.2139645e+00
   9.2126108e+00
   9.2112523e+00
   9.2098889e+00
   9.2085207e+00
   9.2071476e+00
   9.2057696e+00
   9.2043867e+00
   9.2029988e+00
   9.2016060e+00
   9.2002081e+00
   9.1988052e+00
   9.1973973e+00
   9.1959844e+00
   9.1945663e+00
   9.1931431e+00
   9.1917148e+00
   9.1902814e+00
   9.1888427e+00
   9.1873989e+00
   9.1859499e+00
   9.1844956e+00
   9.1830360e+00
   9.1815711e+00
   9.1801009e+00
   9.1786254e+00
   9.1771445e+00
   9.1756583e+00
   9.1741666e+00
   9.1726695e+00
   9.1711670e+00
   9.1696590e+00
   9.1681454e+00
   9.1666264e+00
   9.1651018e+00
   9.1635717e+00
   9.1620359e+00
   9.1604946e+00
   9.1589476e+00
   9.1573950e+00
   9.1558367e+00
   9.1542727e+00
   9.1527030e+00
   9.1511276e+00
   9.1495464e+00
   9.1479594e+00
   9.1463666e+00
   9.1447680e+00
   9.1431635e+00
   9.1415532e+00
   9.1399370e+00
   9.1383149e+00
   9.1366868e+00
   9.1350528e+00
   9.1334129e+00
   9.1317669e+00
   9.1301150e+00
   9.1284570e+00
   9.1267929e+00
   9.1251228e+00
   9.1234467e+00
   9.1217644e+00
   9.1200760e+00
   9.1183814e+00
   9.1166807e+00
   9.1149738e+00
   9.1132608e+00
   9.1115415e+00
   9.1098160e+00
   9.1080842e+00
   9.1063462e+00
   9.1046018e+00
   9.1028512e+00
   9.1010943e+00
   9.0993311e+00
   9.0975615e+00
   9.0957855e+00
   9.0940032e+00
   9.0922144e+00
   9.0904193e+00
   9.0886177e+00
   9.0868097e+00
   9.0849953e+00
   9.0831744e+00
   9.0813470e+00
   9.0795131e+00
   9.0776727e+00
   9.0758259e+00
   9.0739724e+00
   9.0721125e+00
   9.0702460e+00
   9.0683729e+00
   9.0664932e+00
   9.0646070e+00
   9.0627142e+00
   9.0608147e+00
   9.0589087e+00
   9.0569960e+00
   9.0550767e+00
   9.0531507e+00
   9.0512181e+00
   9.0492789e+00
   9.0473329e+00
   9.0453803e+00
   9.0434210e+00
   9.0414551e+00
   9.0394824e+00
   9.0375030e+00
   9.0355170e+00
   9.0335242e+00
   9.0315247e+00
   9.0295185e+00
   9.0275056e+00
   9.0254859e+00
   9.0234596e+00
   9.0214264e+00
   9.0193866e+00
   9.0173400e+00
   9.0152867e+00
   9.0132267e+00
   9.0111599e+00
   9.0090864e+00
   9.0070061e+00
   9.0049191e+00
   9.0028254e+00
   9.0007250e+00
   8.9986178e+00
   8.9965039e+00
   8.9943833e+00
   8.9922560e+00
   8.9901220e+00
   8.9879812e+00
   8.9858338e+00
   8.9836796e+00
   8.9815188e+00
   8.9793513e+00
   8.9771771e+00
   8.9749963e+00
   8.9728088e+00
   8.9706147e+00
   8.9684139e+00
   8.9662065e+00
   8.9639925e+00
   8.9617719e+00
   8.9595447e+00
   8.9573109e+00
   8.9550705e+00
   8.9528237e+00
   8.9505702e+00
   8.9483103e+00
   8.9460438e+00
   8.9437709e+00
   8.9414915e+00
   8.9392057e+00
   8.9369134e+00
   8.9346147e+00
   8.9323096e+00
   8.9299981e+00
   8.9276803e+00
   8.9253561e+00
   8.9230257e+00
   8.9206889e+00
   8.9183459e+00
   8.9159967e+00
   8.9136412e+00
   8.9112795e+00
   8.9089117e+00
   8.9065378e+00
   8.9041577e+00
   8.9017716e+00
   8.8993794e+00
   8.8969812e+00
   8.8945770e+00
   8.8921668e+00
   8.8897508e+00
   8.8873288e+00
   8.8849009e+00
   8.8824673e+00
   8.8800278e+00
   8.8775826e+00
   8.8751316e+00
   8.8726750e+00
   8.8702128e+00
   8.8677449e+00
   8.8652714e+00
   8.8627924e+00
   8.8603080e+00
   8.8578181e+00
   8.8553227e+00
   8.8528221e+00
   8.8503161e+00
   8.8478048e+00
   8.8452883e+00
   8.8427666e+00
   8.8402398e+00
   8.8377078e+00
   8.8351709e+00
   8.8326289e+00
   8.8300820e+00
   8.8275303e+00
   8.8249736e+00
   8.8224122e+00
   8.8198460e+00
   8.8172752e+00
   8.8146997e+00
   8.8121197e+00
   8.8095351e+00
   8.8069461e+00
   8.8043527e+00
   8.8017549e+00
   8.7991528e+00
   8.7965466e+00
   8.7939361e+00
   8.7913215e+00
   8.7887029e+00
   8.7860803e+00
   8.7834538e+00
   8.7808235e+00
   8.7781893e+00
   8.7755514e+00
   8.7729099e+00
   8.7702648e+00
   8.7676161e+00
   8.7649641e+00
   8.7623086e+00
   8.7596498e+00
   8.7569877e+00
   8.7543225e+00
   8.7516542e+00
   8.7489829e+00
   8.7463086e+00
   8.7436315e+00
   8.7409515e+00
   8.7382689e+00
   8.7355835e+00
   8.7328956e+00
   8.7302053e+00
   8.7275125e+00
   8.7248173e+00
   8.7221199e+00
   8.7194204e+00
   8.7167187e+00
   8.7140151e+00
   8.7113095e+00
   8.7086021e+00
   8.7058929e+00
   8.7031820e+00
   8.7004696e+00
   8.6977556e+00
   8.6950403e+00
   8.6923236e+00
   8.6896057e+00
   8.6868866e+00
   8.6841665e+00
   8.6814454e+00
   8.6787234e+00
   8.6760006e+00
   8.6732772e+00
   8.6705531e+00
   8.6678285e+00
   8.6651035e+00
   8.6623782e+00
   8.6596526e+00
   8.6569269e+00
   8.6542012e+00
   8.6514755e+00
   8.6487499e+00
   8.6460247e+00
   8.6432997e+00
   8.6405752e+00
   8.6378513e+00
   8.6351280e+00
   8.6324054e+00
   8.6296836e+00
   8.6269628e+00
   8.6242431e+00
   8.6215245e+00
   8.6188071e+00
   8.6160911e+00
   8.6133765e+00
   8.6106634e+00
   8.6079520e+00
   8.6052424e+00
   8.6025346e+00
   8.5998288e+00
   8.5971250e+00
   8.5944234e+00
   8.5917241e+00
   8.5890271e+00
   8.5863326e+00
   8.5836407e+00
   8.5809515e+00
   8.5782651e+00
   8.5755816e+00
   8.5729011e+00
   8.5702238e+00
   8.5675496e+00
   8.5648788e+00
   8.5622114e+00
   8.5595475e+00
   8.5568873e+00
   8.5542308e+00
   8.5515782e+00
   8.5489296e+00
   8.5462850e+00
   8.5436446e+00
   8.5410085e+00
   8.5383768e+00
   8.5357496e+00
   8.5331270e+00
   8.5305091e+00
   8.5278961e+00
   8.5252879e+00
   8.5226848e+00
   8.5200869e+00
   8.5174942e+00
   8.5149068e+00
   8.5123250e+00
   8.5097487e+00
   8.5071780e+00
   8.5046132e+00
   8.5020542e+00
   8.4995013e+00
   8.4969544e+00
   8.4944138e+00
   8.4918794e+00
   8.4893515e+00
   8.4868301e+00
   8.4843153e+00
   8.4818073e+00
   8.4793060e+00
   8.4768118e+00
   8.4743245e+00
   8.4718444e+00
   8.4693716e+00
   8.4669061e+00
   8.4644481e+00
   8.4619976e+00
   8.4595548e+00
   8.4571197e+00
   8.4546925e+00
   8.4522732e+00
   8.4498620e+00
   8.4474590e+00
   8.4450642e+00
   8.4426777e+00
   8.4402997e+00
   8.4379303e+00
   8.4355695e+00
   8.4332175e+00
   8.4308743e+00
   8.4285400e+00
   8.4262148e+00
   8.4238987e+00
   8.4215918e+00
   8.4192942e+00
   8.4170060e+00
   8.4147274e+00
   8.4124583e+00
   8.4101989e+00
   8.4079493e+00
   8.4057095e+00
   8.4034797e+00
   8.4012599e+00
   8.3990503e+00
   8.3968509e+00
   8.3946617e+00
   8.3924830e+00
   8.3903147e+00
   8.3881570e+00
   8.3860100e+00
   8.3838737e+00
   8.3817481e+00
   8.3796335e+00
   8.3775299e+00
   8.3754373e+00
   8.3733558e+00
   8.3712856e+00
   8.3692266e+00
   8.3671790e+00
   8.3651429e+00
   8.3631183e+00
   8.3611052e+00
   8.3591039e+00
   8.3571143e+00
   8.3551365e+00
   8.3531707e+00
   8.3512168e+00
   8.3492749e+00
   8.3473451e+00
   8.3454275e+00
   8.3435222e+00
   8.3416291e+00
   8.3397485e+00
   8.3378803e+00
   8.3360246e+00
   8.3341815e+00
   8.3323510e+00
   8.3305332e+00
   8.3287282e+00
   8.3269360e+00
   8.3251567e+00
   8.3233903e+00
   8.3216369e+00
   8.3198966e+00
   8.3181695e+00
   8.3164555e+00
   8.3147547e+00
   8.3130672e+00
   8.3113930e+00
   8.3097323e+00
   8.3080850e+00
   8.3064512e+00
   8.3048309e+00
   8.3032242e+00
   8.3016312e+00
   8.3000518e+00
   8.2984862e+00
   8.2969344e+00
   8.2953964e+00
   8.2938723e+00
   8.2923621e+00
   8.2908659e+00
   8.2893836e+00
   8.2879154e+00
   8.2864613e+00
   8.2850214e+00
   8.2835955e+00
   8.2821839e+00
   8.2807865e+00
   8.2794034e+00
   8.2780346e+00
   8.2766802e+00
   8.2753401e+00
   8.2740144e+00
   8.2727032e+00
   8.2714064e+00
   8.2701242e+00
   8.2688565e+00
   8.2676033e+00
   8.2663647e+00
   8.2651408e+00
   8.2639315e+00
   8.2627368e+00
   8.2615569e+00
   8.2603917e+00
   8.2592412e+00
   8.2581055e+00
   8.2569845e+00
   8.2558784e+00
   8.2547871e+00
   8.2537107e+00
   8.2526491e+00
   8.2516024e+00
   8.2505706e+00
   8.2495537e+00
   8.2485517e+00
   8.2475647e+00
   8.2465927e+00
   8.2456356e+00
   8.2446935e+00
   8.2437665e+00
   8.2428544e+00
   8.2419574e+00
   8.2410753e+00
   8.2402084e+00
   8.2393564e+00
   8.2385196e+00
   8.2376978e+00
   8.2368911e+00
   8.2360994e+00
   8.2353229e+00
   8.2345614e+00
   8.2338150e+00
   8.2330837e+00
   8.2323675e+00
   8.2316665e+00
   8.2309805e+00
   8.2303096e+00
   8.2296538e+00
   8.2290131e+00
   8.2283876e+00
   8.2277771e+00
   8.2271817e+00
   8.2266014e+00
   8.2260362e+00
   8.2254861e+00
   8.2249511e+00
   8.2244312e+00
   8.2239263e+00
   8.2234365e+00
   8.2229617e+00
   8.2225020e+00
   8.2220574e+00
   8.2216278e+00
   8.2212132e+00
   8.2208136e+00
   8.2204290e+00
   8.2200594e+00
   8.2197049e+00
   8.2193652e+00
   8.2190406e+00
   8.2187309e+00
   8.2184361e+00
   8.2181563e+00
   8.2178913e+00
   8.2176413e+00
   8.2174061e+00
   8.2171858e+00
   8.2169804e+00
   8.2167898e+00
   8.2166140e+00
   8.2164530e+00
   8.2163068e+00
   8.2161753e+00
   8.2160586e+00
   8.2159566e+00
   8.2158694e+00
   8.2157968e+00
   8.2157389e+00
   8.2156956e+00
   8.2156670e+00
   8.2156529e+00
   8.2156535e+00
   8.2156686e+00
   8.2156983e+00
   8.2157425e+00
   8.2158011e+00
   8.2158743e+00
   8.2159619e+00
   8.2160639e+00
   8.2161804e+00
   8.2163112e+00
   8.2164564e+00
   8.2166159e+00
   8.2167897e+00
   8.2169778e+00
   8.2171801e+00
   8.2173967e+00
   8.2176274e+00
   8.2178724e+00
   8.2181314e+00
   8.2184046e+00
   8.2186919e+00
   8.2189933e+00
   8.2193087e+00
   8.2196381e+00
   8.2199814e+00
   8.2203388e+00
   8.2207100e+00
   8.2210951e+00
   8.2214941e+00
   8.2219070e+00
   8.2223336e+00
   8.2227740e+00
   8.2232282e+00
   8.2236960e+00
   8.2241776e+00
   8.2246728e+00
   8.2251816e+00
   8.2257040e+00
   8.2262399e+00
   8.2267894e+00
   8.2273524e+00
   8.2279288e+00
   8.2285187e+00
   8.2291219e+00
   8.2297386e+00
   8.2303685e+00
   8.2310118e+00
   8.2316683e+00
   8.2323380e+00
   8.2330210e+00
   8.2337171e+00
   8.2344263e+00
   8.2351487e+00
   8.2358841e+00
   8.2366325e+00
   8.2373940e+00
   8.2381684e+00
   8.2389557e+00
   8.2397559e+00
   8.2405690e+00
   8.2413949e+00
   8.2422336e+00
   8.2430850e+00
   8.2439492e+00
   8.2448260e+00
   8.2457155e+00
   8.2466177e+00
   8.2475324e+00
   8.2484596e+00
   8.2493993e+00
   8.2503516e+00
   8.2513162e+00
   8.2522933e+00
   8.2532827e+00
   8.2542845e+00
   8.2552985e+00
   8.2563249e+00
   8.2573634e+00
   8.2584141e+00
   8.2594770e+00
   8.2605520e+00
   8.2616391e+00
   8.2627382e+00
   8.2638493e+00
   8.2649724e+00
   8.2661074e+00
   8.2672543e+00
   8.2684131e+00
   8.2695837e+00
   8.2707661e+00
   8.2719603e+00
   8.2731661e+00
   8.2743837e+00
   8.2756129e+00
   8.2768536e+00
   8.2781060e+00
   8.2793699e+00
   8.2806453e+00
   8.2819321e+00
   8.2832304e+00
   8.2845400e+00
   8.2858610e+00
   8.2871933e+00
   8.2885369e+00
   8.2898917e+00
   8.2912577e+00
   8.2926349e+00
   8.2940232e+00
   8.2954226e+00
   8.2968331e+00
   8.2982545e+00
   8.2996870e+00
   8.3011304e+00
   8.3025847e+00
   8.3040498e+00
   8.3055258e+00
   8.3070126e+00
   8.3085102e+00
   8.3100185e+00
   8.3115374e+00
   8.3130670e+00
   8.3146072e+00
   8.3161580e+00
   8.3177194e+00
   8.3192912e+00
   8.3208735e+00
   8.3224662e+00
   8.3240693e+00
   8.3256828e+00
   8.3273066e+00
   8.3289407e+00
   8.3305850e+00
   8.3322395e+00
   8.3339042e+00
   8.3355790e+00
   8.3372639e+00
   8.3389589e+00
   8.3406639e+00
   8.3423789e+00
   8.3441039e+00
   8.3458387e+00
   8.3475835e+00
   8.3493380e+00
   8.3511024e+00
   8.3528766e+00
   8.3546605e+00
   8.3564540e+00
   8.3582573e+00
   8.3600701e+00
   8.3618926e+00
   8.3637246e+00
   8.3655661e+00
   8.3674171e+00
   8.3692775e+00
   8.3711473e+00
   8.3730265e+00
   8.3749151e+00
   8.3768129e+00
   8.3787200e+00
   8.3806363e+00
   8.3825618e+00
   8.3844964e+00
   8.3864402e+00
   8.3883930e+00
   8.3903549e+00
   8.3923258e+00
   8.3943056e+00
   8.3962944e+00
   8.3982921e+00
   8.4002986e+00
   8.4023140e+00
   8.4043381e+00
   8.4063710e+00
   8.4084126e+00
   8.4104629e+00
   8.4125219e+00
   8.4145894e+00
   8.4166656e+00
   8.4187502e+00
   8.4208434e+00
   8.4229450e+00
   8.4250551e+00
   8.4271735e+00
   8.4293003e+00
   8.4314354e+00
   8.4335788e+00
   8.4357304e+00
   8.4378903e+00
   8.4400583e+00
   8.4422345e+00
   8.4444187e+00
   8.4466111e+00
   8.4488114e+00
   8.4510198e+00
   8.4532361e+00
   8.4554603e+00
   8.4576924e+00
   8.4599324e+00
   8.4621801e+00
   8.4644357e+00
   8.4666990e+00
   8.4689700e+00
   8.4712486e+00
   8.4735349e+00
   8.4758288e+00
   8.4781302e+00
   8.4804392e+00
   8.4827556e+00
   8.4850795e+00
   8.4874108e+00
   8.4897494e+00
   8.4920954e+00
   8.4944487e+00
   8.4968093e+00
   8.4991771e+00
   8.5015521e+00
   8.5039342e+00
   8.5063235e+00
   8.5087198e+00
   8.5111232e+00
   8.5135335e+00
   8.5159509e+00
   8.5183751e+00
   8.5208063e+00
   8.5232443e+00
   8.5256892e+00
   8.5281408e+00
   8.5305991e+00
   8.5330642e+00
   8.5355359e+00
   8.5380143e+00
   8.5404993e+00
   8.5429908e+00
   8.5454888e+00
   8.5479933e+00
   8.5505042e+00
   8.5530216e+00
   8.5555453e+00
   8.5580753e+00
   8.5606116e+00
   8.5631542e+00
   8.5657029e+00
   8.5682579e+00
   8.5708189e+00
   8.5733861e+00
   8.5759593e+00
   8.5785385e+00
   8.5811237e+00
   8.5837148e+00
   8.5863118e+00
   8.5889147e+00
   8.5915234e+00
   8.5941379e+00
   8.5967581e+00
   8.5993840e+00
   8.6020155e+00
   8.6046527e+00
   8.6072954e+00
   8.6099437e+00
   8.6125974e+00
   8.6152567e+00
   8.6179213e+00
   8.6205913e+00
   8.6232666e+00
   8.6259472e+00
   8.6286330e+00
   8.6313240e+00
   8.6340202e+00
   8.6367216e+00
   8.6394279e+00
   8.6421394e+00
   8.6448558e+00
   8.6475771e+00
   8.6503034e+00
   8.6530345e+00
   8.6557704e+00
   8.6585111e+00
   8.6612566e+00
   8.6640067e+00
   8.6667614e+00
   8.6695208e+00
   8.6722847e+00
   8.6750531e+00
   8.6778260e+00
   8.6806033e+00
   8.6833849e+00
   8.6861709e+00
   8.6889611e+00
   8.6917556e+00
   8.6945543e+00
   8.6973571e+00
   8.7001640e+00
   8.7029750e+00
   8.7057899e+00
   8.7086088e+00
   8.7114317e+00
   8.7142583e+00
   8.7170888e+00
   8.7199230e+00
   8.7227610e+00
   8.7256026e+00
   8.7284478e+00
   8.7312966e+00
   8.7341488e+00
   8.7370046e+00
   8.7398638e+00
   8.7427263e+00
   8.7455921e+00
   8.7484612e+00
   8.7513335e+00
   8.7542090e+00
   8.7570876e+00
   8.7599692e+00
   8.7628538e+00
   8.7657414e+00
   8.7686318e+00
   8.7715251e+00
   8.7744212e+00
   8.7773201e+00
   8.7802216e+00
   8.7831257e+00
   8.7860324e+00
   8.7889416e+00
   8.7918533e+00
   8.7947673e+00
   8.7976838e+00
   8.8006025e+00
   8.8035234e+00
   8.8064465e+00
   8.8093718e+00
   8.8122991e+00
   8.8152284e+00
   8.8181596e+00
   8.8210927e+00
   8.8240277e+00
   8.8269644e+00
   8.8299028e+00
   8.8328429e+00
   8.8357846e+00
   8.8387277e+00
   8.8416724e+00
   8.8446184e+00
   8.8475658e+00
   8.8505144e+00
   8.8534643e+00
   8.8564153e+00
   8.8593674e+00
   8.8623205e+00
   8.8652746e+00
   8.8682296e+00
   8.8711853e+00
   8.8741419e+00
   8.8770991e+00
   8.8800570e+00
   8.8830154e+00
   8.8859744e+00
   8.8889337e+00
   8.8918934e+00
   8.8948534e+00
   8.8978136e+00
   8.9007740e+00
   8.9037344e+00
   8.9066949e+00
   8.9096553e+00
   8.9126155e+00
   8.9155756e+00
   8.9185354e+00
   8.9214948e+00
   8.9244539e+00
   8.9274124e+00
   8.9303703e+00
   8.9333277e+00
   8.9362843e+00
   8.9392401e+00
   8.9421950e+00
   8.9451490e+00
   8.9481020e+00
   8.9510539e+00
   8.9540046e+00
   8.9569541e+00
   8.9599023e+00
   8.9628490e+00
   8.9657942e+00
   8.9687379e+00
   8.9716800e+00
   8.9746203e+00
   8.9775588e+00
   8.9804954e+00
   8.9834301e+00
   8.9863627e+00
   8.9892932e+00
   8.9922214e+00
   8.9951474e+00
   8.9980710e+00
   9.0009921e+00
   9.0039106e+00
   9.0068266e+00
   9.0097397e+00
   9.0126501e+00
   9.0155576e+00
   9.0184621e+00
   9.0213635e+00
   9.0242618e+00
   9.0271568e+00
   9.0300485e+00
   9.0329368e+00
   9.0358215e+00
   9.0387026e+00
   9.0415801e+00
   9.0444537e+00
   9.0473235e+00
   9.0501893e+00
   9.0530510e+00
   9.0559086e+00
   9.0587619e+00
   9.0616109e+00
   9.0644554e+00
   9.0672954e+00
   9.0701307e+00
   9.0729614e+00
   9.0757872e+00
   9.0786081e+00
   9.0814240e+00
   9.0842348e+00
   9.0870403e+00
   9.0898406e+00
   9.0926355e+00
   9.0954248e+00
   9.0982085e+00
   9.1009866e+00
   9.1037588e+00
   9.1065252e+00
   9.1092855e+00
   9.1120397e+00
   9.1147877e+00
   9.1175294e+00
   9.1202647e+00
   9.1229934e+00
   9.1257156e+00
   9.1284310e+00
   9.1311396e+00
   9.1338413e+00
   9.1365359e+00
   9.1392234e+00
   9.1419036e+00
   9.1445765e+00
   9.1472419e+00
   9.1498998e+00
   9.1525500e+00
   9.1551924e+00
   9.1578269e+00
   9.1604534e+00
   9.1630718e+00
   9.1656821e+00
   9.1682840e+00
   9.1708774e+00
   9.1734623e+00
   9.1760386e+00
   9.1786061e+00
   9.1811648e+00
   9.1837145e+00
   9.1862550e+00
   9.1887864e+00
   9.1913085e+00
   9.1938211e+00
   9.1963242e+00
   9.1988177e+00
   9.2013014e+00
   9.2037752e+00
   9.2062391e+00
   9.2086928e+00
   9.2111364e+00
   9.2135696e+00
   9.2159924e+00
   9.2184046e+00
   9.2208062e+00
   9.2231969e+00
   9.2255768e+00
   9.2279457e+00
   9.2303035e+00
   9.2326500e+00
   9.2349851e+00
   9.2373088e+00
   9.2396209e+00
   9.2419213e+00
   9.2442099e+00
   9.2464865e+00
   9.2487511e+00
   9.2510036e+00
   9.2532437e+00
   9.2554715e+00
   9.2576867e+00
   9.2598893e+00
   9.2620792e+00
   9.2642561e+00
   9.2664201e+00
   9.2685710e+00
   9.2707087e+00
   9.2728331e+00
   9.2749440e+00
   9.2770413e+00
   9.2791249e+00
   9.2811947e+00
   9.2832506e+00
   9.2852925e+00
   9.2873201e+00
   9.2893335e+00
   9.2913325e+00
   9.2933170e+00
   9.2952869e+00
   9.2972419e+00
   9.2991821e+00
   9.3011074e+00
   9.3030175e+00
   9.3049123e+00
   9.3067918e+00
   9.3086559e+00
   9.3105043e+00
   9.3123371e+00
   9.3141540e+00
   9.3159549e+00
   9.3177398e+00
   9.3195085e+00
   9.3212609e+00
   9.3229969e+00
   9.3247163e+00
   9.3264190e+00
   9.3281049e+00
   9.3297740e+00
   9.3314259e+00
   9.3330608e+00
   9.3346783e+00
   9.3362785e+00
   9.3378612e+00
   9.3394262e+00
   9.3409734e+00
   9.3425028e+00
   9.3440141e+00
   9.3455073e+00
   9.3469823e+00
   9.3484389e+00
   9.3498770e+00
   9.3512965e+00
   9.3526973e+00
   9.3540792e+00
   9.3554421e+00
   9.3567859e+00
   9.3581104e+00
   9.3594156e+00
   9.3607013e+00
   9.3619674e+00
   9.3632138e+00
   9.3644403e+00
   9.3656469e+00
   9.3668333e+00
   9.3679995e+00
   9.3691453e+00
   9.3702706e+00
   9.3713754e+00
   9.3724594e+00
   9.3735225e+00
   9.3745646e+00
   9.3755856e+00
   9.3765853e+00
   9.3775637e+00
   9.3785205e+00
   9.3794557e+00
   9.3803692e+00
   9.3812607e+00
   9.3821302e+00
   9.3829775e+00
   9.3838026e+00
   9.3846052e+00
   9.3853852e+00
   9.3861426e+00
   9.3868771e+00
   9.3875886e+00
   9.3882771e+00
   9.3889423e+00
   9.3895842e+00
   9.3902025e+00
   9.3907972e+00
   9.3913681e+00
   9.3919151e+00
   9.3924381e+00
   9.3929368e+00
   9.3934112e+00
   9.3938611e+00
   9.3942864e+00
   9.3946870e+00
   9.3950626e+00
   9.3954132e+00
   9.3957386e+00
   9.3960387e+00
   9.3963133e+00
   9.3965623e+00
   9.3967855e+00
   9.3969827e+00
   9.3971539e+00
   9.3972989e+00
   9.3974176e+00
   9.3975097e+00
   9.3975751e+00
   9.3976138e+00
   9.3976255e+00
   9.3976100e+00
   9.3975673e+00
   9.3974971e+00
   9.3973994e+00
   9.3972739e+00
   9.3971206e+00
   9.3969391e+00
   9.3967295e+00
   9.3964915e+00
   9.3962250e+00
   9.3959298e+00
   9.3956057e+00
   9.3952526e+00
   9.3948704e+00
   9.3944588e+00
   9.3940177e+00
   9.3935470e+00
   9.3930464e+00
   9.3925158e+00
   9.3919551e+00
   9.3913641e+00
   9.3907425e+00
   9.3900903e+00
   9.3894072e+00
   9.3886932e+00
   9.3879479e+00
   9.3871714e+00
   9.3863633e+00
   9.3855235e+00
   9.3846518e+00
   9.3837481e+00
   9.3828122e+00
   9.3818439e+00
   9.3808431e+00
   9.3798095e+00
   9.3787430e+00
   9.3776434e+00
   9.3765105e+00
   9.3753442e+00
   9.3741442e+00
   9.3729104e+00
   9.3716427e+00
   9.3703408e+00
   9.3690045e+00
   9.3676337e+00
   9.3662282e+00
   9.3647877e+00
   9.3633122e+00
   9.3618015e+00
   9.3602553e+00
   9.3586734e+00
   9.3570558e+00
   9.3554021e+00
   9.3537123e+00
   9.3519861e+00
   9.3502234e+00
   9.3484239e+00
   9.3465874e+00
   9.3447139e+00
   9.3428031e+00
   9.3408548e+00
   9.3388688e+00
   9.3368449e+00
   9.3347830e+00
   9.3326829e+00
   9.3305443e+00
   9.3283671e+00
   9.3261512e+00
   9.3238962e+00
   9.3216021e+00
   9.3192686e+00
   9.3168955e+00
   9.3144828e+00
   9.3120300e+00
   9.3095372e+00
   9.3070041e+00
   9.3044304e+00
   9.3018161e+00
   9.2991609e+00
   9.2964646e+00
   9.2937271e+00
   9.2909482e+00
   9.2881276e+00
   9.2852652e+00
   9.2823608e+00
   9.2794142e+00
   9.2764253e+00
   9.2733937e+00
   9.2703194e+00
   9.2672021e+00
   9.2640417e+00
   9.2608380e+00
   9.2575908e+00
   9.2542999e+00
   9.2509650e+00
   9.2475861e+00
   9.2441630e+00
   9.2406953e+00
   9.2371831e+00
   9.2336260e+00
   9.2300239e+00
   9.2263766e+00
   9.2226838e+00
   9.2189455e+00
   9.2151615e+00
   9.2113315e+00
   9.2074553e+00
   9.2035328e+00
   9.1995638e+00
   9.1955480e+00
   9.1914854e+00
   9.1873757e+00
   9.1832187e+00
   9.1790143e+00
   9.1747622e+00
   9.1704623e+00
   9.1661144e+00
   9.1617182e+00
   9.1572736e+00
   9.1527805e+00
   9.1482386e+00
   9.1436477e+00
   9.1390077e+00
   9.1343183e+00
   9.1295794e+00
   9.1247908e+00
   9.1199522e+00
   9.1150636e+00
   9.1101247e+00
   9.1051352e+00
   9.1000952e+00
   9.0950042e+00
   9.0898622e+00
   9.0846690e+00
   9.0794243e+00
   9.0741280e+00
   9.0687798e+00
   9.0633797e+00
   9.0579273e+00
   9.0524225e+00
   9.0468652e+00
   9.0412550e+00
   9.0355919e+00
   9.0298755e+00
   9.0241058e+00
   9.0182825e+00
   9.0124054e+00
   9.0064743e+00
   9.0004891e+00
   8.9944495e+00
   8.9883553e+00
   8.9822063e+00
   8.9760023e+00
   8.9697432e+00
   8.9634286e+00
   8.9570585e+00
   8.9506325e+00
   8.9441506e+00
   8.9376124e+00
   8.9310178e+00
   8.9243666e+00
   8.9176585e+00
   8.9108933e+00
   8.9040709e+00
   8.8971910e+00
   8.8902534e+00
   8.8832579e+00
   8.8762043e+00
   8.8690923e+00
   8.8619217e+00
   8.8546924e+00
   8.8474040e+00
   8.8400564e+00
   8.8326494e+00
   8.8251826e+00
   8.8176560e+00
   8.8100692e+00
   8.8024220e+00
   8.7947142e+00
   8.7869456e+00
   8.7791159e+00
   8.7712249e+00
   8.7632724e+00
   8.7552581e+00
   8.7471818e+00
   8.7390432e+00
   8.7308421e+00
   8.7225782e+00
   8.7142514e+00
   8.7058613e+00
   8.6974077e+00
   8.6888904e+00
   8.6803090e+00
   8.6716634e+00
   8.6629533e+00
   8.6541785e+00
   8.6453386e+00
   8.6364334e+00
   8.6274626e+00
   8.6184260e+00
   8.6093234e+00
   8.6001544e+00
   8.5909187e+00
   8.5816162e+00
   8.5722464e+00
   8.5628093e+00
   8.5533043e+00
   8.5437314e+00
   8.5340902e+00
   8.5243804e+00
   8.5146017e+00
   8.5047538e+00
   8.4948365e+00
   8.4848495e+00
   8.4747924e+00
   8.4646650e+00
   8.4544670e+00
   8.4441980e+00
   8.4338578e+00
   8.4234461e+00
   8.4129625e+00
   8.4024067e+00
   8.3917785e+00
   8.3810775e+00
   8.3703034e+00
   8.3594558e+00
   8.3485346e+00
   8.3375392e+00
   8.3264695e+00
   8.3153251e+00
   8.3041056e+00
   8.2928108e+00
   8.2814403e+00
   8.2699937e+00
   8.2584708e+00
   8.2468711e+00
   8.2351944e+00
   8.2234403e+00
   8.2116085e+00
   8.1996986e+00
   8.1877102e+00
   8.1756431e+00
   8.1634968e+00
   8.1512710e+00
   8.1389654e+00
   8.1265796e+00
   8.1141132e+00
   8.1015659e+00
   8.0889373e+00
   8.0762270e+00
   8.0634347e+00
   8.0505600e+00
   8.0376026e+00
   8.0245620e+00
   8.0114379e+00
   7.9982299e+00
   7.9849376e+00
   7.9715607e+00
   7.9580988e+00
   7.9445515e+00
   7.9309184e+00
   7.9171991e+00
   7.9033932e+00
   7.8895005e+00
   7.8755204e+00
   7.8614525e+00
   7.8472966e+00
   7.8330522e+00
   7.8187189e+00
   7.8042963e+00
   7.7897841e+00
   7.7751818e+00
   7.7604890e+00
   7.7457054e+00
   7.7308305e+00
   7.7158641e+00
   7.7008055e+00
   7.6856546e+00
   7.6704109e+00
   7.6550740e+00
   7.6396434e+00
   7.6241189e+00
   7.6085000e+00
   7.5927863e+00
   7.5769775e+00
   7.5610731e+00
   7.5450728e+00
   7.5289762e+00
   7.5127829e+00
   7.4964925e+00
   7.4801047e+00
   7.4636190e+00
   7.4470351e+00
   7.4303526e+00
   7.4135711e+00
   7.3966904e+00
   7.3797100e+00
   7.3626295e+00
   7.3454486e+00
   7.3281670e+00
   7.3107842e+00
   7.2933001e+00
   7.2757141e+00
   7.2580261e+00
   7.2402355e+00
   7.2223422e+00
   7.2043459e+00
   7.1862461e+00
   7.1680426e+00
   7.1497351e+00
   7.1313234e+00
   7.1128070e+00
   7.0941858e+00
   7.0754594e+00
   7.0566277e+00
   7.0376903e+00
   7.0186470e+00
   6.9994976e+00
   6.9802418e+00
   6.9608795e+00
   6.9414105e+00
   6.9218344e+00
   6.9021513e+00
   6.8823608e+00
   6.8624629e+00
   6.8424573e+00
   6.8223440e+00
   6.8021229e+00
   6.7817938e+00
   6.7613567e+00
   6.7408114e+00
   6.7201580e+00
   6.6993963e+00
   6.6785264e+00
   6.6575483e+00
   6.6364619e+00
   6.6152674e+00
   6.5939646e+00
   6.5725538e+00
   6.5510350e+00
   6.5294083e+00
   6.5076739e+00
   6.4858319e+00
   6.4638824e+00
   6.4418257e+00
   6.4196620e+00
   6.3973916e+00
   6.3750147e+00
   6.3525316e+00
   6.3299427e+00
   6.3072483e+00
   6.2844488e+00
   6.2615446e+00
   6.2385362e+00
   6.2154239e+00
   6.1922084e+00
   6.1688902e+00
   6.1454697e+00
   6.1219477e+00
   6.0983248e+00
   6.0746016e+00
   6.0507788e+00
   6.0268572e+00
   6.0028376e+00
   5.9787207e+00
   5.9545074e+00
   5.9301986e+00
   5.9057953e+00
   5.8812984e+00
   5.8567089e+00
   5.8320278e+00
   5.8072564e+00
   5.7823956e+00
   5.7574467e+00
   5.7324110e+00
   5.7072896e+00
   5.6820839e+00
   5.6567952e+00
   5.6314251e+00
   5.6059748e+00
   5.5804459e+00
   5.5548400e+00
   5.5291587e+00
   5.5034036e+00
   5.4775763e+00
   5.4516787e+00
   5.4257125e+00
   5.3996795e+00
   5.3735817e+00
   5.3474210e+00
   5.3211993e+00
   5.2949188e+00
   5.2685814e+00
   5.2421894e+00
   5.2157449e+00
   5.1892502e+00
   5.1627075e+00
   5.1361191e+00
   5.1094876e+00
   5.0828152e+00
   5.0561045e+00
   5.0293580e+00
   5.0025782e+00
   4.9757679e+00
   4.9489296e+00
   4.9220660e+00
   4.8951800e+00
   4.8682743e+00
   4.8413517e+00
   4.8144152e+00
   4.7874676e+00
   4.7605119e+00
   4.7335512e+00
   4.7065884e+00
   4.6796265e+00
   4.6526688e+00
   4.6257183e+00
   4.5987783e+00
   4.5718518e+00
   4.5449421e+00
   4.5180525e+00
   4.4911863e+00
   4.4643466e+00
   4.4375368e+00
   4.4107604e+00
   4.3840205e+00
   4.3573205e+00
   4.3306639e+00
   4.3040540e+00
   4.2774942e+00
   4.2509878e+00
   4.2245383e+00
   4.1981491e+00
   4.1718235e+00
   4.1455649e+00
   4.1193768e+00
   4.0932625e+00
   4.0672253e+00
   4.0412686e+00
   4.0153958e+00
   3.9896101e+00
   3.9639148e+00
   3.9383132e+00
   3.9128086e+00
   3.8874041e+00
   3.8621029e+00
   3.8369083e+00
   3.8118232e+00
   3.7868508e+00
   3.7619941e+00
   3.7372561e+00
   3.7126398e+00
   3.6881481e+00
   3.6637838e+00
   3.6395497e+00
   3.6154486e+00
   3.5914831e+00
   3.5676560e+00
   3.5439699e+00
   3.5204272e+00
   3.4970304e+00
   3.4737819e+00
   3.4506841e+00
   3.4277393e+00
   3.4049496e+00
   3.3823172e+00
   3.3598442e+00
   3.3375326e+00
   3.3153844e+00
   3.2934013e+00
   3.2715852e+00
   3.2499379e+00
   3.2284608e+00
   3.2071558e+00
   3.1860241e+00
   3.1650674e+00
   3.1442868e+00
   3.1236838e+00
   3.1032594e+00
   3.0830149e+00
   3.0629513e+00
   3.0430695e+00
   3.0233705e+00
   3.0038551e+00
   2.9845241e+00
   2.9653782e+00
   2.9464179e+00
   2.9276438e+00
   2.9090564e+00
   2.8906560e+00
   2.8724431e+00
   2.8544179e+00
   2.8365805e+00
   2.8189312e+00
   2.8014699e+00
   2.7841967e+00
   2.7671115e+00
   2.7502142e+00
   2.7335045e+00
   2.7169824e+00
   2.7006474e+00
   2.6844991e+00
   2.6685373e+00
   2.6527613e+00
   2.6371707e+00
   2.6217649e+00
   2.6065433e+00
   2.5915051e+00
   2.5766498e+00
   2.5619764e+00
   2.5474842e+00
   2.5331724e+00
   2.5190399e+00
   2.5050860e+00
   2.4913095e+00
   2.4777096e+00
   2.4642851e+00
   2.4510350e+00
   2.4379580e+00
   2.4250532e+00
   2.4123193e+00
   2.3997551e+00
   2.3873593e+00
   2.3751308e+00
   2.3630681e+00
   2.3511700e+00
   2.3394352e+00
   2.3278622e+00
   2.3164498e+00
   2.3051966e+00
   2.2941010e+00
   2.2831617e+00
   2.2723773e+00
   2.2617463e+00
   2.2512671e+00
   2.2409384e+00
   2.2307587e+00
   2.2207264e+00
   2.2108400e+00
   2.2010981e+00
   2.1914990e+00
   2.1820414e+00
   2.1727235e+00
   2.1635439e+00
   2.1545011e+00
   2.1455935e+00
   2.1368195e+00
   2.1281777e+00
   2.1196664e+00
   2.1112842e+00
   2.1030294e+00
   2.0949006e+00
   2.0868961e+00
   2.0790146e+00
   2.0712544e+00
