   1.4456713e+00
   1.4447122e+00
   1.4437537e+00
   1.4427959e+00
   1.4418388e+00
   1.4408824e+00
   1.4399267e+00
   1.4389717e+00
   1.4380174e+00
   1.4370637e+00
   1.4361108e+00
   1.4351585e+00
   1.4342069e+00
   1.4332560e+00
   1.4323057e+00
   1.4313562e+00
   1.4304073e+00
   1.4294591e+00
   1.4285116e+00
   1.4275648e+00
   1.4266186e+00
   1.4256732e+00
   1.4247284e+00
   1.4237843e+00
   1.4228408e+00
   1.4218981e+00
   1.4209560e+00
   1.4200145e+00
   1.4190738e+00
   1.4181337e+00
   1.4171943e+00
   1.4162556e+00
   1.4153176e+00
   1.4143802e+00
   1.4134435e+00
   1.4125074e+00
   1.4115721e+00
   1.4106374e+00
   1.4097033e+00
   1.4087700e+00
   1.4078373e+00
   1.4069052e+00
   1.4059739e+00
   1.4050432e+00
   1.4041131e+00
   1.4031838e+00
   1.4022551e+00
   1.4013270e+00
   1.4003996e+00
   1.3994729e+00
   1.3985469e+00
   1.3976215e+00
   1.3966967e+00
   1.3957726e+00
   1.3948492e+00
   1.3939265e+00
   1.3930044e+00
   1.3920829e+00
   1.3911621e+00
   1.3902420e+00
   1.3893225e+00
   1.3884037e+00
   1.3874855e+00
   1.3865680e+00
   1.3856512e+00
   1.3847350e+00
   1.3838194e+00
   1.3829045e+00
   1.3819903e+00
   1.3810767e+00
   1.3801637e+00
   1.3792514e+00
   1.3783398e+00
   1.3774288e+00
   1.3765184e+00
   1.3756087e+00
   1.3746997e+00
   1.3737913e+00
   1.3728835e+00
   1.3719764e+00
   1.3710699e+00
   1.3701641e+00
   1.3692589e+00
   1.3683543e+00
   1.3674504e+00
   1.3665472e+00
   1.3656446e+00
   1.3647426e+00
   1.3638413e+00
   1.3629406e+00
   1.3620405e+00
   1.3611411e+00
   1.3602423e+00
   1.3593442e+00
   1.3584467e+00
   1.3575498e+00
   1.3566536e+00
   1.3557580e+00
   1.3548630e+00
   1.3539687e+00
   1.3530750e+00
   1.3521819e+00
   1.3512895e+00
   1.3503977e+00
   1.3495065e+00
   1.3486160e+00
   1.3477261e+00
   1.3468368e+00
   1.3459482e+00
   1.3450602e+00
   1.3441728e+00
   1.3432860e+00
   1.3423999e+00
   1.3415144e+00
   1.3406295e+00
   1.3397453e+00
   1.3388617e+00
   1.3379787e+00
   1.3370963e+00
   1.3362146e+00
   1.3353334e+00
   1.3344529e+00
   1.3335730e+00
   1.3326938e+00
   1.3318151e+00
   1.3309371e+00
   1.3300597e+00
   1.3291830e+00
   1.3283068e+00
   1.3274313e+00
   1.3265563e+00
   1.3256820e+00
   1.3248084e+00
   1.3239353e+00
   1.3230628e+00
   1.3221910e+00
   1.3213198e+00
   1.3204492e+00
   1.3195792e+00
   1.3187098e+00
   1.3178410e+00
   1.3169729e+00
   1.3161053e+00
   1.3152384e+00
   1.3143721e+00
   1.3135064e+00
   1.3126413e+00
   1.3117768e+00
   1.3109129e+00
   1.3100497e+00
   1.3091870e+00
   1.3083249e+00
   1.3074635e+00
   1.3066026e+00
   1.3057424e+00
   1.3048828e+00
   1.3040238e+00
   1.3031653e+00
   1.3023075e+00
   1.3014503e+00
   1.3005937e+00
   1.2997377e+00
   1.2988823e+00
   1.2980275e+00
   1.2971733e+00
   1.2963197e+00
   1.2954667e+00
   1.2946143e+00
   1.2937625e+00
   1.2929113e+00
   1.2920607e+00
   1.2912107e+00
   1.2903612e+00
   1.2895124e+00
   1.2886642e+00
   1.2878166e+00
   1.2869696e+00
   1.2861231e+00
   1.2852773e+00
   1.2844320e+00
   1.2835874e+00
   1.2827433e+00
   1.2818999e+00
   1.2810570e+00
   1.2802147e+00
   1.2793730e+00
   1.2785319e+00
   1.2776914e+00
   1.2768515e+00
   1.2760121e+00
   1.2751734e+00
   1.2743352e+00
   1.2734976e+00
   1.2726607e+00
   1.2718243e+00
   1.2709884e+00
   1.2701532e+00
   1.2693186e+00
   1.2684845e+00
   1.2676510e+00
   1.2668182e+00
   1.2659858e+00
   1.2651541e+00
   1.2643230e+00
   1.2634924e+00
   1.2626624e+00
   1.2618330e+00
   1.2610042e+00
   1.2601760e+00
   1.2593483e+00
   1.2585212e+00
   1.2576947e+00
   1.2568688e+00
   1.2560435e+00
   1.2552187e+00
   1.2543945e+00
   1.2535709e+00
   1.2527478e+00
   1.2519254e+00
   1.2511035e+00
   1.2502822e+00
   1.2494614e+00
   1.2486412e+00
   1.2478216e+00
   1.2470026e+00
   1.2461842e+00
   1.2453663e+00
   1.2445490e+00
   1.2437322e+00
   1.2429160e+00
   1.2421004e+00
   1.2412854e+00
   1.2404709e+00
   1.2396570e+00
   1.2388437e+00
   1.2380310e+00
   1.2372188e+00
   1.2364071e+00
   1.2355961e+00
   1.2347856e+00
   1.2339756e+00
   1.2331663e+00
   1.2323575e+00
   1.2315492e+00
   1.2307415e+00
   1.2299344e+00
   1.2291279e+00
   1.2283219e+00
   1.2275164e+00
   1.2267116e+00
   1.2259073e+00
   1.2251035e+00
   1.2243003e+00
   1.2234977e+00
   1.2226956e+00
   1.2218941e+00
   1.2210932e+00
   1.2202928e+00
   1.2194929e+00
   1.2186936e+00
   1.2178949e+00
   1.2170967e+00
   1.2162991e+00
   1.2155020e+00
   1.2147055e+00
   1.2139096e+00
   1.2131142e+00
   1.2123193e+00
   1.2115250e+00
   1.2107313e+00
   1.2099381e+00
   1.2091454e+00
   1.2083533e+00
   1.2075618e+00
   1.2067708e+00
   1.2059804e+00
   1.2051905e+00
   1.2044011e+00
   1.2036123e+00
   1.2028241e+00
   1.2020364e+00
   1.2012492e+00
   1.2004626e+00
   1.1996765e+00
   1.1988910e+00
   1.1981060e+00
   1.1973216e+00
   1.1965377e+00
   1.1957544e+00
   1.1949716e+00
   1.1941893e+00
   1.1934076e+00
   1.1926264e+00
   1.1918458e+00
   1.1910657e+00
   1.1902861e+00
   1.1895071e+00
   1.1887286e+00
   1.1879507e+00
   1.1871733e+00
   1.1863965e+00
   1.1856201e+00
   1.1848444e+00
   1.1840691e+00
   1.1832944e+00
   1.1825202e+00
   1.1817466e+00
   1.1809735e+00
   1.1802010e+00
   1.1794289e+00
   1.1786574e+00
   1.1778865e+00
   1.1771160e+00
   1.1763462e+00
   1.1755768e+00
   1.1748080e+00
   1.1740397e+00
   1.1732719e+00
   1.1725047e+00
   1.1717380e+00
   1.1709718e+00
   1.1702061e+00
   1.1694410e+00
   1.1686764e+00
   1.1679124e+00
   1.1671488e+00
   1.1663858e+00
   1.1656234e+00
   1.1648614e+00
   1.1641000e+00
   1.1633391e+00
   1.1625787e+00
   1.1618189e+00
   1.1610595e+00
   1.1603007e+00
   1.1595425e+00
   1.1587847e+00
   1.1580275e+00
   1.1572708e+00
   1.1565146e+00
   1.1557589e+00
   1.1550038e+00
   1.1542492e+00
   1.1534951e+00
   1.1527415e+00
   1.1519884e+00
   1.1512359e+00
   1.1504838e+00
   1.1497323e+00
   1.1489814e+00
   1.1482309e+00
   1.1474809e+00
   1.1467315e+00
   1.1459826e+00
   1.1452342e+00
   1.1444863e+00
   1.1437389e+00
   1.1429921e+00
   1.1422457e+00
   1.1414999e+00
   1.1407546e+00
   1.1400098e+00
   1.1392655e+00
   1.1385217e+00
   1.1377784e+00
   1.1370357e+00
   1.1362934e+00
   1.1355517e+00
   1.1348105e+00
   1.1340698e+00
   1.1333296e+00
   1.1325899e+00
   1.1318507e+00
   1.1311120e+00
   1.1303738e+00
   1.1296362e+00
   1.1288990e+00
   1.1281624e+00
   1.1274262e+00
   1.1266906e+00
   1.1259555e+00
   1.1252209e+00
   1.1244867e+00
   1.1237531e+00
   1.1230200e+00
   1.1222874e+00
   1.1215553e+00
   1.1208237e+00
   1.1200926e+00
   1.1193620e+00
   1.1186319e+00
   1.1179023e+00
   1.1171732e+00
   1.1164446e+00
   1.1157165e+00
   1.1149890e+00
   1.1142619e+00
   1.1135353e+00
   1.1128092e+00
   1.1120836e+00
   1.1113585e+00
   1.1106339e+00
   1.1099098e+00
   1.1091862e+00
   1.1084631e+00
   1.1077404e+00
   1.1070183e+00
   1.1062967e+00
   1.1055756e+00
   1.1048549e+00
   1.1041348e+00
   1.1034151e+00
   1.1026960e+00
   1.1019773e+00
   1.1012591e+00
   1.1005415e+00
   1.0998243e+00
   1.0991076e+00
   1.0983914e+00
   1.0976757e+00
   1.0969604e+00
   1.0962457e+00
   1.0955315e+00
   1.0948177e+00
   1.0941044e+00
   1.0933917e+00
   1.0926794e+00
   1.0919676e+00
   1.0912563e+00
   1.0905454e+00
   1.0898351e+00
   1.0891252e+00
   1.0884159e+00
   1.0877070e+00
   1.0869986e+00
   1.0862907e+00
   1.0855832e+00
   1.0848763e+00
   1.0841698e+00
   1.0834638e+00
   1.0827583e+00
   1.0820533e+00
   1.0813488e+00
   1.0806447e+00
   1.0799412e+00
   1.0792381e+00
   1.0785354e+00
   1.0778333e+00
   1.0771317e+00
   1.0764305e+00
   1.0757298e+00
   1.0750296e+00
   1.0743298e+00
   1.0736306e+00
   1.0729318e+00
   1.0722335e+00
   1.0715357e+00
   1.0708383e+00
   1.0701415e+00
   1.0694451e+00
   1.0687491e+00
   1.0680537e+00
   1.0673587e+00
   1.0666642e+00
   1.0659702e+00
   1.0652766e+00
   1.0645836e+00
   1.0638909e+00
   1.0631988e+00
   1.0625071e+00
   1.0618160e+00
   1.0611252e+00
   1.0604350e+00
   1.0597452e+00
   1.0590559e+00
   1.0583671e+00
   1.0576787e+00
   1.0569908e+00
   1.0563034e+00
   1.0556164e+00
   1.0549299e+00
   1.0542439e+00
   1.0535583e+00
   1.0528732e+00
   1.0521886e+00
   1.0515045e+00
   1.0508208e+00
   1.0501375e+00
   1.0494548e+00
   1.0487725e+00
   1.0480907e+00
   1.0474093e+00
   1.0467284e+00
   1.0460479e+00
   1.0453680e+00
   1.0446885e+00
   1.0440094e+00
   1.0433308e+00
   1.0426527e+00
   1.0419750e+00
   1.0412978e+00
   1.0406211e+00
   1.0399448e+00
   1.0392690e+00
   1.0385936e+00
   1.0379187e+00
   1.0372442e+00
   1.0365702e+00
   1.0358967e+00
   1.0352236e+00
   1.0345510e+00
   1.0338789e+00
   1.0332072e+00
   1.0325359e+00
   1.0318651e+00
   1.0311948e+00
   1.0305249e+00
   1.0298555e+00
   1.0291865e+00
   1.0285180e+00
   1.0278500e+00
   1.0271824e+00
   1.0265152e+00
   1.0258485e+00
   1.0251823e+00
   1.0245165e+00
   1.0238511e+00
   1.0231863e+00
   1.0225218e+00
   1.0218578e+00
   1.0211943e+00
   1.0205312e+00
   1.0198686e+00
   1.0192064e+00
   1.0185447e+00
   1.0178834e+00
   1.0172225e+00
   1.0165621e+00
   1.0159022e+00
   1.0152427e+00
   1.0145837e+00
   1.0139251e+00
   1.0132669e+00
   1.0126092e+00
   1.0119519e+00
   1.0112951e+00
   1.0106387e+00
   1.0099828e+00
   1.0093273e+00
   1.0086723e+00
   1.0080177e+00
   1.0073636e+00
   1.0067099e+00
   1.0060566e+00
   1.0054038e+00
   1.0047514e+00
   1.0040995e+00
   1.0034480e+00
   1.0027969e+00
   1.0021463e+00
   1.0014961e+00
   1.0008475e+00
   1.1343533e+00
   1.2646141e+00
   1.3917904e+00
   1.5161009e+00
   1.6377388e+00
   1.7568829e+00
   1.8736992e+00
   1.9883414e+00
   2.1009545e+00
   2.2116766e+00
   2.3206396e+00
   2.4279745e+00
   2.5338165e+00
   2.6383096e+00
   2.7416158e+00
   2.8439285e+00
   2.9454853e+00
   3.0465929e+00
   3.1476541e+00
   3.2492115e+00
   3.3520099e+00
   3.4570874e+00
   3.5659154e+00
   3.6806366e+00
   3.8044603e+00
   3.9423774e+00
   4.1024955e+00
   4.2986374e+00
   4.5552140e+00
   4.9139324e+00
   5.4184456e+00
   5.8081061e+00
   4.2955148e+00
   2.7573138e+00
   2.1790511e+00
   1.9627626e+00
   1.8719486e+00
   1.8267975e+00
   1.7998647e+00
   1.7813853e+00
   1.7677650e+00
   1.7575848e+00
   1.7501904e+00
   1.7451975e+00
   1.7423213e+00
   1.7413176e+00
   1.7419666e+00
   1.7440646e+00
   1.7474233e+00
   1.7518697e+00
   1.8126655e+00
   1.8748317e+00
   1.9380980e+00
   2.0019581e+00
   2.0661778e+00
   2.1305420e+00
   2.1948517e+00
   2.2589246e+00
   2.3225946e+00
   2.3857110e+00
   2.4481381e+00
   2.5097548e+00
   2.5704540e+00
   2.6301426e+00
   2.6887390e+00
   2.7461742e+00
   2.8023908e+00
   2.8573417e+00
   2.9109891e+00
   2.9633047e+00
   3.0142682e+00
   3.0638681e+00
   3.1120983e+00
   3.1589585e+00
   3.2044561e+00
   3.2486015e+00
   3.2914101e+00
   3.3329009e+00
   3.3730960e+00
   3.4120212e+00
   3.4497035e+00
   3.4861728e+00
   3.5214594e+00
   3.5555968e+00
   3.5886173e+00
   3.6205557e+00
   3.6514457e+00
   3.6813223e+00
   3.7102208e+00
   3.7381750e+00
   3.7652201e+00
   3.7913894e+00
   3.8167170e+00
   3.8412358e+00
   3.8649785e+00
   3.8879767e+00
   3.9102614e+00
   3.9318631e+00
   3.9528113e+00
   3.9731337e+00
   3.9928590e+00
   4.0120131e+00
   4.0306224e+00
   4.0487124e+00
   4.0663071e+00
   4.0834297e+00
   4.1001024e+00
   4.1163470e+00
   4.1321851e+00
   4.1476360e+00
   4.1627190e+00
   4.1774529e+00
   4.1918554e+00
   4.2059433e+00
   4.2197328e+00
   4.2332396e+00
   4.2464791e+00
   4.2594657e+00
   4.2722127e+00
   4.2847333e+00
   4.2970399e+00
   4.3091445e+00
   4.3210586e+00
   4.3327930e+00
   4.3443583e+00
   4.3557642e+00
   4.3670204e+00
   4.3781359e+00
   4.3891193e+00
   4.3999789e+00
   4.4107226e+00
   4.4213578e+00
   4.4318918e+00
   4.4423313e+00
   4.4526828e+00
   4.4629526e+00
   4.4731465e+00
   4.4832703e+00
   4.4933292e+00
   4.5033283e+00
   4.5132727e+00
   4.5231668e+00
   4.5330152e+00
   4.5428222e+00
   4.5525916e+00
   4.5623275e+00
   4.5720334e+00
   4.5817129e+00
   4.5913693e+00
   4.6010059e+00
   4.6106257e+00
   4.6202316e+00
   4.6298265e+00
   4.6394130e+00
   4.6489937e+00
   4.6585711e+00
   4.6681475e+00
   4.6777252e+00
   4.6873064e+00
   4.6968932e+00
   4.7064876e+00
   4.7160916e+00
   4.7257070e+00
   4.7353357e+00
   4.7449794e+00
   4.7546398e+00
   4.7643186e+00
   4.7740175e+00
   4.7837379e+00
   4.7934814e+00
   4.8032495e+00
   4.8130437e+00
   4.8228654e+00
   4.8327160e+00
   4.8425969e+00
   4.8525094e+00
   4.8624550e+00
   4.8724349e+00
   4.8824505e+00
   4.8925031e+00
   4.9025940e+00
   4.9127245e+00
   4.9228960e+00
   4.9331097e+00
   4.9433670e+00
   4.9536692e+00
   4.9640175e+00
   4.9744135e+00
   4.9848584e+00
   4.9953535e+00
   5.0059004e+00
   5.0165003e+00
   5.0271548e+00
   5.0378653e+00
   5.0486332e+00
   5.0594602e+00
   5.0703476e+00
   5.0812972e+00
   5.0923105e+00
   5.1033892e+00
   5.1145349e+00
   5.1257494e+00
   5.1370345e+00
   5.1483920e+00
   5.1598237e+00
   5.1713316e+00
   5.1829176e+00
   5.1945837e+00
   5.2063321e+00
   5.2181647e+00
   5.2300839e+00
   5.2420919e+00
   5.2541909e+00
   5.2663834e+00
   5.2786716e+00
   5.2910582e+00
   5.3035456e+00
   5.3161364e+00
   5.3288334e+00
   5.3416391e+00
   5.3545564e+00
   5.3675880e+00
   5.3807369e+00
   5.3940058e+00
   5.4073978e+00
   5.4209158e+00
   5.4345628e+00
   5.4483418e+00
   5.4622557e+00
   5.4763076e+00
   5.4905003e+00
   5.5048367e+00
   5.5193198e+00
   5.5339522e+00
   5.5487365e+00
   5.5636754e+00
   5.5787711e+00
   5.5940257e+00
   5.6094413e+00
   5.6250194e+00
   5.6407616e+00
   5.6566688e+00
   5.6727418e+00
   5.6889809e+00
   5.7053859e+00
   5.7219564e+00
   5.7386912e+00
   5.7555887e+00
   5.7726468e+00
   5.7898627e+00
   5.8072332e+00
   5.8247544e+00
   5.8424217e+00
   5.8602302e+00
   5.8781742e+00
   5.8962477e+00
   5.9144439e+00
   5.9327557e+00
   5.9511758e+00
   5.9696962e+00
   5.9883089e+00
   6.0070055e+00
   6.0257776e+00
   6.0446166e+00
   6.0635141e+00
   6.0824615e+00
   6.1014504e+00
   6.1204728e+00
   6.1395207e+00
   6.1585864e+00
   6.1776627e+00
   6.1967426e+00
   6.2158196e+00
   6.2348874e+00
   6.2539403e+00
   6.2729731e+00
   6.2919807e+00
   6.3109586e+00
   6.3299029e+00
   6.3488099e+00
   6.3676761e+00
   6.3864988e+00
   6.4052753e+00
   6.4240033e+00
   6.4426809e+00
   6.4613064e+00
   6.4798784e+00
   6.4983957e+00
   6.5168575e+00
   6.5352628e+00
   6.5536113e+00
   6.5719024e+00
   6.5901360e+00
   6.6083119e+00
   6.6264300e+00
   6.6444906e+00
   6.6624938e+00
   6.6804398e+00
   6.6983290e+00
   6.7161618e+00
   6.7339386e+00
   6.7516600e+00
   6.7693264e+00
   6.7869384e+00
   6.8044965e+00
   6.8220014e+00
   6.8394537e+00
   6.8568539e+00
   6.8742026e+00
   6.8915006e+00
   6.9087484e+00
   6.9259466e+00
   6.9430958e+00
   6.9601967e+00
   6.9772498e+00
   6.9942556e+00
   7.0112149e+00
   7.0281281e+00
   7.0449958e+00
   7.0618186e+00
   7.0785969e+00
   7.0953314e+00
   7.1120225e+00
   7.1286706e+00
   7.1452764e+00
   7.1618402e+00
   7.1783626e+00
   7.1948439e+00
   7.2112846e+00
   7.2276852e+00
   7.2440461e+00
   7.2603676e+00
   7.2766503e+00
   7.2928944e+00
   7.3091003e+00
   7.3252685e+00
   7.3413993e+00
   7.3574930e+00
   7.3735501e+00
   7.3895708e+00
   7.4055555e+00
   7.4215045e+00
   7.4374182e+00
   7.4532969e+00
   7.4691409e+00
   7.4849506e+00
   7.5007261e+00
   7.5164679e+00
   7.5321763e+00
   7.5478514e+00
   7.5634938e+00
   7.5791035e+00
   7.5946810e+00
   7.6102264e+00
   7.6257402e+00
   7.6412225e+00
   7.6566737e+00
   7.6720940e+00
   7.6874837e+00
   7.7028431e+00
   7.7181725e+00
   7.7334721e+00
   7.7487421e+00
   7.7639829e+00
   7.7791948e+00
   7.7943779e+00
   7.8095326e+00
   7.8246591e+00
   7.8397576e+00
   7.8548285e+00
   7.8698720e+00
   7.8848883e+00
   7.8998777e+00
   7.9148405e+00
   7.9297769e+00
   7.9446872e+00
   7.9595715e+00
   7.9744302e+00
   7.9892636e+00
   8.0040717e+00
   8.0188550e+00
   8.0336137e+00
   8.0483479e+00
   8.0630579e+00
   8.0777441e+00
   8.0924065e+00
   8.1070455e+00
   8.1216613e+00
   8.1362542e+00
   8.1508243e+00
   8.1653719e+00
   8.1798972e+00
   8.1944005e+00
   8.2088819e+00
   8.2233418e+00
   8.2377804e+00
   8.2521978e+00
   8.2665943e+00
   8.2809702e+00
   8.2953255e+00
   8.3096607e+00
   8.3239758e+00
   8.3382711e+00
   8.3525468e+00
   8.3668032e+00
   8.3810404e+00
   8.3952586e+00
   8.4094581e+00
   8.4236390e+00
   8.4378016e+00
   8.4519461e+00
   8.4660727e+00
   8.4801815e+00
   8.4942728e+00
   8.5083468e+00
   8.5224037e+00
   8.5364436e+00
   8.5504668e+00
   8.5644734e+00
   8.5784636e+00
   8.5924377e+00
   8.6063958e+00
   8.6203380e+00
   8.6342647e+00
   8.6481758e+00
   8.6620718e+00
   8.6759526e+00
   8.6898185e+00
   8.7036697e+00
   8.7175062e+00
   8.7313284e+00
   8.7451364e+00
   8.7589303e+00
   8.7727103e+00
   8.7864766e+00
   8.8002293e+00
   8.8139685e+00
   8.8276946e+00
   8.8414075e+00
   8.8551075e+00
   8.8687947e+00
   8.8824692e+00
   8.8961313e+00
   8.9097810e+00
   8.9234186e+00
   8.9370441e+00
   8.9506577e+00
   8.9642596e+00
   8.9778498e+00
   8.9914285e+00
   9.0049960e+00
   9.0185522e+00
   9.0320973e+00
   9.0456316e+00
   9.0591550e+00
   9.0726677e+00
   9.0861700e+00
   9.0996618e+00
   9.1131433e+00
   9.1266146e+00
   9.1400759e+00
   9.1535273e+00
   9.1669689e+00
   9.1804009e+00
   9.1938232e+00
   9.2072362e+00
   9.2206398e+00
   9.2340341e+00
   9.2474194e+00
   9.2607957e+00
   9.2741632e+00
   9.2875218e+00
   9.3008718e+00
   9.3142132e+00
   9.3275462e+00
   9.3408709e+00
   9.3541873e+00
   9.3674955e+00
   9.3807957e+00
   9.3940880e+00
   9.4073724e+00
   9.4206491e+00
   9.4339182e+00
   9.4471796e+00
   9.4604337e+00
   9.4736803e+00
   9.4869197e+00
   9.5001518e+00
   9.5133769e+00
   9.5265950e+00
   9.5398061e+00
   9.5530105e+00
   9.5662080e+00
   9.5793989e+00
   9.5925832e+00
   9.6057610e+00
   9.6189324e+00
   9.6320975e+00
   9.6452563e+00
   9.6584089e+00
   9.6715554e+00
   9.6846959e+00
   9.6978305e+00
   9.7109591e+00
   9.7240820e+00
   9.7371992e+00
   9.7503107e+00
   9.7634166e+00
   9.7765170e+00
   9.7896119e+00
   9.8027015e+00
   9.8157858e+00
   9.8288649e+00
   9.8419388e+00
   9.8550076e+00
   9.8680714e+00
   9.8811302e+00
   9.8941841e+00
   9.9072332e+00
   9.9202775e+00
   9.9333171e+00
   9.9463520e+00
   9.9593823e+00
   9.9724081e+00
   9.9854295e+00
   9.9984464e+00
   1.0011459e+01
   1.0024467e+01
   1.0037471e+01
   1.0050471e+01
   1.0063467e+01
   1.0076459e+01
   1.0089446e+01
   1.0102430e+01
   1.0115410e+01
   1.0128386e+01
   1.0141358e+01
   1.0154326e+01
   1.0167291e+01
   1.0180252e+01
   1.0193209e+01
   1.0206163e+01
   1.0219114e+01
   1.0232061e+01
   1.0245004e+01
   1.0257944e+01
   1.0270881e+01
   1.0283815e+01
   1.0296745e+01
   1.0309673e+01
   1.0322597e+01
   1.0335518e+01
   1.0348436e+01
   1.0361351e+01
   1.0374263e+01
   1.0387172e+01
   1.0400079e+01
   1.0412982e+01
   1.0425883e+01
   1.0438781e+01
   1.0451677e+01
   1.0464570e+01
   1.0477460e+01
   1.0490347e+01
   1.0503232e+01
   1.0516115e+01
   1.0528995e+01
   1.0541873e+01
   1.0554748e+01
   1.0567622e+01
   1.0580492e+01
   1.0593361e+01
   1.0606227e+01
   1.0619091e+01
   1.0631953e+01
   1.0644813e+01
   1.0657671e+01
   1.0670527e+01
   1.0683381e+01
   1.0696233e+01
   1.0709083e+01
   1.0721931e+01
   1.0734777e+01
   1.0747621e+01
   1.0760464e+01
   1.0773305e+01
   1.0786144e+01
   1.0798981e+01
   1.0811817e+01
   1.0824651e+01
   1.0837484e+01
   1.0850315e+01
   1.0863144e+01
   1.0875972e+01
   1.0888799e+01
   1.0901624e+01
   1.0914447e+01
   1.0927270e+01
   1.0940091e+01
   1.0952910e+01
   1.0965729e+01
   1.0978546e+01
   1.0991362e+01
   1.1004176e+01
   1.1016990e+01
   1.1029802e+01
   1.1042613e+01
   1.1055424e+01
   1.1068233e+01
   1.1081041e+01
   1.1093848e+01
   1.1106654e+01
   1.1119459e+01
   1.1132263e+01
   1.1145067e+01
   1.1157869e+01
   1.1170671e+01
   1.1183471e+01
   1.1196271e+01
   1.1209071e+01
   1.1221869e+01
   1.1234667e+01
   1.1247464e+01
   1.1260261e+01
   1.1273056e+01
   1.1285852e+01
   1.1298646e+01
   1.1311440e+01
   1.1324234e+01
   1.1337027e+01
   1.1349819e+01
   1.1362611e+01
   1.1375403e+01
   1.1388194e+01
   1.1400985e+01
   1.1413775e+01
   1.1426566e+01
   1.1439355e+01
   1.1452145e+01
   1.1464934e+01
   1.1477723e+01
   1.1490511e+01
   1.1503300e+01
   1.1516088e+01
   1.1528876e+01
   1.1541664e+01
   1.1554452e+01
   1.1567239e+01
   1.1580027e+01
   1.1592814e+01
   1.1605602e+01
   1.1618389e+01
   1.1631177e+01
   1.1643964e+01
   1.1656751e+01
   1.1669539e+01
   1.1682326e+01
   1.1695114e+01
   1.1707902e+01
   1.1720690e+01
   1.1733478e+01
   1.1746266e+01
   1.1759055e+01
   1.1771843e+01
   1.1784632e+01
   1.1797421e+01
   1.1810211e+01
   1.1823000e+01
   1.1835790e+01
   1.1848581e+01
   1.1861371e+01
   1.1874162e+01
   1.1886954e+01
   1.1899745e+01
   1.1912538e+01
   1.1925330e+01
   1.1938123e+01
   1.1950917e+01
   1.1963711e+01
   1.1976505e+01
   1.1989300e+01
   1.2002096e+01
   1.2014892e+01
   1.2027689e+01
   1.2040486e+01
   1.2053284e+01
   1.2066082e+01
   1.2078881e+01
   1.2091681e+01
   1.2104482e+01
   1.2117283e+01
   1.2130084e+01
   1.2142887e+01
   1.2155690e+01
   1.2168494e+01
   1.2181299e+01
   1.2194105e+01
   1.2206911e+01
   1.2219718e+01
   1.2232526e+01
   1.2245335e+01
   1.2258144e+01
   1.2270955e+01
   1.2283766e+01
   1.2296579e+01
   1.2309392e+01
   1.2322206e+01
   1.2335021e+01
   1.2347837e+01
   1.2360654e+01
   1.2373472e+01
   1.2386291e+01
   1.2399111e+01
   1.2411932e+01
   1.2424754e+01
   1.2437577e+01
   1.2450401e+01
   1.2463227e+01
   1.2476053e+01
   1.2488880e+01
   1.2501709e+01
   1.2514539e+01
   1.2527370e+01
   1.2540202e+01
   1.2553035e+01
   1.2565869e+01
   1.2578705e+01
   1.2591541e+01
   1.2604379e+01
   1.2617218e+01
   1.2630059e+01
   1.2642901e+01
   1.2655744e+01
   1.2668588e+01
   1.2681433e+01
   1.2694280e+01
   1.2707128e+01
   1.2719978e+01
   1.2732829e+01
   1.2745681e+01
   1.2758534e+01
   1.2771389e+01
   1.2784246e+01
   1.2797103e+01
   1.2809962e+01
   1.2822823e+01
   1.2835685e+01
   1.2848548e+01
   1.2861413e+01
   1.2874280e+01
   1.2887147e+01
   1.2900017e+01
   1.2912887e+01
   1.2925760e+01
   1.2938633e+01
   1.2951509e+01
   1.2964385e+01
   1.2977264e+01
   1.2990144e+01
   1.3003025e+01
   1.3015908e+01
   1.3028793e+01
   1.3041679e+01
   1.3054567e+01
   1.3067456e+01
   1.3080347e+01
   1.3093240e+01
   1.3106134e+01
   1.3119030e+01
   1.3131928e+01
   1.3144827e+01
   1.3157728e+01
   1.3170631e+01
   1.3183535e+01
   1.3196441e+01
   1.3209349e+01
   1.3222259e+01
   1.3235170e+01
   1.3248083e+01
   1.3260997e+01
   1.3273914e+01
   1.3286832e+01
   1.3299752e+01
   1.3312674e+01
   1.3325597e+01
   1.3338522e+01
   1.3351450e+01
   1.3364378e+01
   1.3377309e+01
   1.3390242e+01
   1.3403176e+01
   1.3416112e+01
   1.3429050e+01
   1.3441990e+01
   1.3454932e+01
   1.3467876e+01
   1.3480821e+01
   1.3493768e+01
   1.3506718e+01
   1.3519669e+01
   1.3532622e+01
   1.3545577e+01
   1.3558534e+01
   1.3571492e+01
   1.3584453e+01
   1.3597416e+01
   1.3610380e+01
   1.3623347e+01
   1.3636315e+01
   1.3649285e+01
   1.3662258e+01
   1.3675232e+01
   1.3688208e+01
   1.3701187e+01
   1.3714167e+01
   1.3727149e+01
   1.3740133e+01
   1.3753120e+01
   1.3766108e+01
   1.3779098e+01
   1.3792090e+01
   1.3805085e+01
   1.3818081e+01
   1.3831079e+01
   1.3844080e+01
   1.3857082e+01
   1.3870087e+01
   1.3883093e+01
   1.3896102e+01
   1.3909112e+01
   1.3922125e+01
   1.3935140e+01
   1.3948157e+01
   1.3961176e+01
   1.3974197e+01
   1.3987220e+01
   1.4000245e+01
   1.4013272e+01
   1.4026302e+01
   1.4039333e+01
   1.4052367e+01
   1.4065402e+01
   1.4078440e+01
   1.4091480e+01
   1.4104522e+01
   1.4117566e+01
   1.4130613e+01
   1.4143661e+01
   1.4156712e+01
   1.4169764e+01
   1.4182819e+01
   1.4195876e+01
   1.4208935e+01
   1.4221997e+01
   1.4235060e+01
   1.4248126e+01
   1.4261194e+01
   1.4274263e+01
   1.4287336e+01
   1.4300410e+01
   1.4313486e+01
   1.4326565e+01
   1.4339646e+01
   1.4352729e+01
   1.4365814e+01
   1.4378901e+01
   1.4391991e+01
   1.4405082e+01
   1.4418176e+01
   1.4431272e+01
   1.4444371e+01
   1.4457471e+01
   1.4470574e+01
   1.4483679e+01
   1.4496786e+01
   1.4509895e+01
   1.4523007e+01
   1.4536120e+01
   1.4549236e+01
   1.4562354e+01
   1.4575475e+01
   1.4588597e+01
   1.4601722e+01
   1.4614849e+01
   1.4627978e+01
   1.4641110e+01
   1.4654243e+01
   1.4667379e+01
   1.4680517e+01
   1.4693657e+01
   1.4706800e+01
   1.4719945e+01
   1.4733092e+01
   1.4746241e+01
   1.4759392e+01
   1.4772546e+01
   1.4785702e+01
   1.4798860e+01
   1.4812020e+01
   1.4825183e+01
   1.4838347e+01
   1.4851514e+01
   1.4864684e+01
   1.4877855e+01
   1.4891029e+01
   1.4904205e+01
   1.4917383e+01
   1.4930563e+01
   1.4943746e+01
   1.4956931e+01
   1.4970118e+01
   1.4983307e+01
   1.4996499e+01
   1.5009692e+01
   1.5022888e+01
   1.5036087e+01
   1.5049287e+01
   1.5062490e+01
   1.5075695e+01
   1.5088902e+01
   1.5102111e+01
   1.5115323e+01
   1.5128536e+01
   1.5141752e+01
   1.5154971e+01
   1.5168191e+01
   1.5181414e+01
   1.5194639e+01
   1.5207866e+01
   1.5221095e+01
   1.5234327e+01
   1.5247561e+01
   1.5260796e+01
   1.5274035e+01
   1.5287275e+01
   1.5300518e+01
   1.5313762e+01
   1.5327010e+01
   1.5340259e+01
   1.5353510e+01
   1.5366764e+01
   1.5380020e+01
   1.5393278e+01
   1.5406538e+01
   1.5419800e+01
   1.5433065e+01
   1.5446332e+01
   1.5459601e+01
   1.5472872e+01
   1.5486145e+01
   1.5499421e+01
   1.5512698e+01
   1.5525978e+01
   1.5539260e+01
   1.5552545e+01
   1.5565831e+01
   1.5579120e+01
   1.5592411e+01
   1.5605703e+01
   1.5618999e+01
   1.5632296e+01
   1.5645595e+01
   1.5658897e+01
   1.5672200e+01
   1.5685506e+01
   1.5698814e+01
   1.5712125e+01
   1.5725437e+01
   1.5738751e+01
   1.5752068e+01
   1.5765387e+01
   1.5778707e+01
   1.5792030e+01
   1.5805356e+01
   1.5818683e+01
   1.5832012e+01
   1.5845344e+01
   1.5858677e+01
   1.5872013e+01
   1.5885351e+01
   1.5898690e+01
   1.5912032e+01
   1.5925377e+01
   1.5938723e+01
   1.5952071e+01
   1.5965421e+01
   1.5978774e+01
   1.5992128e+01
   1.6005485e+01
   1.6018844e+01
   1.6032204e+01
   1.6045567e+01
   1.6058932e+01
   1.6072299e+01
   1.6085668e+01
   1.6099039e+01
   1.6112412e+01
   1.6125787e+01
   1.6139165e+01
   1.6152544e+01
   1.6165925e+01
   1.6179308e+01
   1.6192694e+01
   1.6206081e+01
   1.6219470e+01
   1.6232862e+01
   1.6246255e+01
   1.6259650e+01
   1.6273048e+01
   1.6286447e+01
   1.6299849e+01
   1.6313252e+01
   1.6326657e+01
   1.6340065e+01
   1.6353474e+01
   1.6366885e+01
   1.6380298e+01
   1.6393714e+01
   1.6407131e+01
   1.6420550e+01
   1.6433971e+01
   1.6447394e+01
   1.6460819e+01
   1.6474246e+01
   1.6487675e+01
   1.6501106e+01
   1.6514538e+01
   1.6527973e+01
   1.6541409e+01
   1.6554848e+01
   1.6568288e+01
   1.6581730e+01
   1.6595175e+01
   1.6608621e+01
   1.6622069e+01
   1.6635518e+01
   1.6648970e+01
   1.6662424e+01
   1.6675879e+01
   1.6689336e+01
   1.6702795e+01
   1.6716256e+01
   1.6729719e+01
   1.6743184e+01
   1.6756651e+01
   1.6770119e+01
   1.6783589e+01
   1.6797061e+01
   1.6810535e+01
   1.6824011e+01
   1.6837488e+01
   1.6850968e+01
   1.6864449e+01
   1.6877931e+01
   1.6891416e+01
   1.6904903e+01
   1.6918391e+01
   1.6931881e+01
   1.6945373e+01
   1.6958866e+01
   1.6972361e+01
   1.6985859e+01
   1.6999357e+01
   1.7012858e+01
   1.7026360e+01
   1.7039864e+01
   1.7053370e+01
   1.7066877e+01
   1.7080387e+01
   1.7093897e+01
   1.7107410e+01
   1.7120924e+01
   1.7134440e+01
   1.7147958e+01
   1.7161477e+01
   1.7174999e+01
   1.7188521e+01
   1.7202046e+01
   1.7215572e+01
   1.7229099e+01
   1.7242629e+01
   1.7256160e+01
   1.7269692e+01
   1.7283227e+01
   1.7296763e+01
   1.7310300e+01
   1.7323839e+01
   1.7337380e+01
   1.7350923e+01
   1.7364467e+01
   1.7378012e+01
   1.7391559e+01
   1.7405108e+01
   1.7418659e+01
   1.7432211e+01
   1.7445764e+01
   1.7459319e+01
   1.7472876e+01
   1.7486434e+01
   1.7499994e+01
   1.7513555e+01
   1.7527118e+01
   1.7540682e+01
   1.7554248e+01
   1.7567815e+01
   1.7581384e+01
   1.7594955e+01
   1.7608527e+01
   1.7622100e+01
   1.7635675e+01
   1.7649251e+01
   1.7662829e+01
   1.7676408e+01
   1.7689989e+01
   1.7703571e+01
   1.7717155e+01
   1.7730740e+01
   1.7744327e+01
   1.7757915e+01
   1.7771505e+01
   1.7785095e+01
   1.7798688e+01
   1.7812282e+01
   1.7825877e+01
   1.7839473e+01
   1.7853071e+01
   1.7866671e+01
   1.7880271e+01
   1.7893874e+01
   1.7907477e+01
   1.7921082e+01
   1.7934688e+01
   1.7948296e+01
   1.7961905e+01
   1.7975515e+01
   1.7989127e+01
   1.8002740e+01
   1.8016354e+01
   1.8029970e+01
   1.8043587e+01
   1.8057205e+01
   1.8070825e+01
   1.8084445e+01
   1.8098068e+01
   1.8111691e+01
   1.8125316e+01
   1.8138942e+01
   1.8152569e+01
   1.8166198e+01
   1.8179828e+01
   1.8193459e+01
   1.8207091e+01
   1.8220725e+01
   1.8234359e+01
   1.8247995e+01
   1.8261633e+01
   1.8275271e+01
   1.8288911e+01
   1.8302552e+01
   1.8316194e+01
   1.8329837e+01
   1.8343482e+01
   1.8357128e+01
   1.8370774e+01
   1.8384422e+01
   1.8398072e+01
   1.8411722e+01
   1.8425374e+01
   1.8439026e+01
   1.8452680e+01
   1.8466335e+01
   1.8479991e+01
   1.8493649e+01
   1.8507307e+01
   1.8520966e+01
   1.8534627e+01
   1.8548289e+01
   1.8561951e+01
   1.8575615e+01
   1.8589280e+01
   1.8602946e+01
   1.8616614e+01
   1.8630282e+01
   1.8643951e+01
   1.8657621e+01
   1.8671293e+01
   1.8684965e+01
   1.8698639e+01
   1.8712313e+01
   1.8725989e+01
   1.8739666e+01
   1.8753343e+01
   1.8767022e+01
   1.8780701e+01
   1.8794382e+01
   1.8808064e+01
   1.8821746e+01
   1.8835430e+01
   1.8849115e+01
   1.8862800e+01
   1.8876487e+01
   1.8890174e+01
   1.8903863e+01
   1.8917552e+01
   1.8931243e+01
   1.8944934e+01
   1.8958626e+01
   1.8972319e+01
   1.8986014e+01
   1.8999709e+01
   1.9013405e+01
   1.9027101e+01
   1.9040799e+01
   1.9054498e+01
   1.9068197e+01
   1.9081898e+01
   1.9095599e+01
   1.9109301e+01
   1.9123005e+01
   1.9136709e+01
   1.9150413e+01
   1.9164119e+01
   1.9177826e+01
   1.9191533e+01
   1.9205241e+01
   1.9218950e+01
   1.9232660e+01
   1.9246371e+01
   1.9260082e+01
   1.9273795e+01
   1.9287508e+01
   1.9301222e+01
   1.9314936e+01
   1.9328652e+01
   1.9342368e+01
   1.9356085e+01
   1.9369803e+01
   1.9383522e+01
   1.9397241e+01
   1.9410961e+01
   1.9424682e+01
   1.9438404e+01
   1.9452126e+01
   1.9465849e+01
   1.9479573e+01
   1.9493298e+01
   1.9507023e+01
   1.9520749e+01
   1.9534476e+01
   1.9548203e+01
   1.9561931e+01
   1.9575660e+01
   1.9589390e+01
   1.9603120e+01
   1.9616851e+01
   1.9630582e+01
   1.9644315e+01
   1.9658047e+01
   1.9671781e+01
   1.9685515e+01
   1.9699250e+01
   1.9712985e+01
   1.9726722e+01
   1.9740458e+01
   1.9754196e+01
   1.9767934e+01
   1.9781672e+01
   1.9795412e+01
   1.9809151e+01
   1.9822892e+01
   1.9836633e+01
   1.9850375e+01
   1.9864117e+01
   1.9877860e+01
   1.9891603e+01
   1.9905347e+01
   1.9919091e+01
   1.9932836e+01
   1.9946582e+01
   1.9960328e+01
   1.9974075e+01
   1.9987822e+01
   2.0001570e+01
   2.0015318e+01
   2.0029067e+01
   2.0042817e+01
   2.0056566e+01
   2.0070317e+01
   2.0084068e+01
   2.0097819e+01
   2.0111571e+01
   2.0125323e+01
   2.0139076e+01
   2.0152829e+01
   2.0166583e+01
   2.0180337e+01
   2.0194092e+01
   2.0207847e+01
   2.0221603e+01
   2.0235359e+01
   2.0249116e+01
   2.0262872e+01
   2.0276630e+01
   2.0290388e+01
   2.0304146e+01
   2.0317905e+01
   2.0331664e+01
   2.0345423e+01
   2.0359183e+01
   2.0372943e+01
   2.0386704e+01
   2.0400465e+01
   2.0414226e+01
   2.0427988e+01
   2.0441750e+01
   2.0455513e+01
   2.0469275e+01
   2.0483039e+01
   2.0496802e+01
   2.0510566e+01
   2.0524330e+01
   2.0538095e+01
   2.0551860e+01
   2.0565625e+01
   2.0579391e+01
   2.0593156e+01
   2.0606922e+01
   2.0620689e+01
   2.0634456e+01
   2.0648223e+01
   2.0661990e+01
   2.0675758e+01
   2.0689525e+01
   2.0703294e+01
   2.0717062e+01
   2.0730831e+01
   2.0744599e+01
   2.0758369e+01
   2.0772138e+01
   2.0785907e+01
   2.0799677e+01
   2.0813447e+01
   2.0827218e+01
   2.0840988e+01
   2.0854759e+01
   2.0868530e+01
   2.0882301e+01
   2.0896072e+01
   2.0909843e+01
   2.0923615e+01
   2.0937387e+01
   2.0951159e+01
   2.0964931e+01
   2.0978703e+01
   2.0992475e+01
   2.1006248e+01
   2.1020021e+01
   2.1033794e+01
   2.1047566e+01
   2.1061339e+01
   2.1075113e+01
   2.1088886e+01
   2.1102659e+01
   2.1116433e+01
   2.1130206e+01
   2.1143980e+01
   2.1157754e+01
   2.1171527e+01
   2.1185301e+01
   2.1199075e+01
   2.1212849e+01
   2.1226623e+01
   2.1240397e+01
   2.1254171e+01
   2.1267945e+01
   2.1281719e+01
   2.1295493e+01
   2.1309267e+01
   2.1323041e+01
   2.1336815e+01
   2.1350589e+01
   2.1364363e+01
   2.1378137e+01
   2.1391911e+01
   2.1405685e+01
   2.1419459e+01
   2.1433233e+01
   2.1447006e+01
   2.1460780e+01
   2.1474554e+01
   2.1488327e+01
   2.1502100e+01
   2.1515874e+01
   2.1529647e+01
   2.1543420e+01
   2.1557193e+01
   2.1570965e+01
   2.1584738e+01
   2.1598510e+01
   2.1612283e+01
   2.1626055e+01
   2.1639827e+01
   2.1653599e+01
   2.1667370e+01
   2.1681142e+01
   2.1694913e+01
   2.1708684e+01
   2.1722454e+01
   2.1736225e+01
   2.1749995e+01
   2.1763765e+01
   2.1777535e+01
   2.1791304e+01
   2.1805073e+01
   2.1818842e+01
   2.1832611e+01
   2.1846379e+01
   2.1860147e+01
   2.1873915e+01
   2.1887682e+01
   2.1901449e+01
   2.1915216e+01
   2.1928982e+01
   2.1942748e+01
   2.1956514e+01
   2.1970279e+01
   2.1984044e+01
   2.1997808e+01
   2.2011572e+01
   2.2025335e+01
   2.2039098e+01
   2.2052861e+01
   2.2066623e+01
   2.2080385e+01
   2.2094146e+01
   2.2107906e+01
   2.2121667e+01
   2.2135426e+01
   2.2149185e+01
   2.2162944e+01
   2.2176702e+01
   2.2190459e+01
   2.2204216e+01
   2.2217972e+01
   2.2231728e+01
   2.2245483e+01
   2.2259237e+01
   2.2272991e+01
   2.2286744e+01
   2.2300497e+01
   2.2314249e+01
   2.2328000e+01
   2.2341750e+01
   2.2355500e+01
   2.2369249e+01
   2.2382997e+01
   2.2396744e+01
   2.2410491e+01
   2.2424237e+01
   2.2437982e+01
   2.2451726e+01
   2.2465470e+01
   2.2479213e+01
   2.2492954e+01
   2.2506695e+01
   2.2520435e+01
   2.2534174e+01
   2.2547912e+01
   2.2561650e+01
   2.2575386e+01
   2.2589121e+01
   2.2602856e+01
   2.2616589e+01
   2.2630321e+01
   2.2644053e+01
   2.2657783e+01
   2.2671512e+01
   2.2685240e+01
   2.2698967e+01
   2.2712693e+01
   2.2726418e+01
   2.2740141e+01
   2.2753864e+01
   2.2767585e+01
   2.2781305e+01
   2.2795024e+01
   2.2808741e+01
   2.2822458e+01
   2.2836173e+01
   2.2849886e+01
   2.2863599e+01
   2.2877310e+01
   2.2891019e+01
   2.2904727e+01
   2.2918434e+01
   2.2932140e+01
   2.2945844e+01
   2.2959546e+01
   2.2973247e+01
   2.2986946e+01
   2.3000644e+01
   2.3014341e+01
   2.3028036e+01
   2.3041729e+01
   2.3055420e+01
   2.3069110e+01
   2.3082798e+01
   2.3096485e+01
   2.3110170e+01
   2.3123852e+01
   2.3137534e+01
   2.3151213e+01
   2.3164891e+01
   2.3178566e+01
   2.3192240e+01
   2.3205912e+01
   2.3219582e+01
   2.3233250e+01
   2.3246916e+01
   2.3260580e+01
   2.3274242e+01
   2.3287902e+01
   2.3301560e+01
   2.3315216e+01
   2.3328869e+01
   2.3342520e+01
   2.3356169e+01
   2.3369816e+01
   2.3383461e+01
   2.3397103e+01
   2.3410743e+01
   2.3424380e+01
   2.3438015e+01
   2.3451648e+01
   2.3465278e+01
   2.3478906e+01
   2.3492531e+01
   2.3506153e+01
   2.3519773e+01
   2.3533391e+01
   2.3547005e+01
   2.3560617e+01
   2.3574226e+01
   2.3587832e+01
   2.3601436e+01
   2.3615037e+01
   2.3628634e+01
   2.3642229e+01
   2.3655821e+01
   2.3669410e+01
   2.3682995e+01
   2.3696578e+01
   2.3710157e+01
   2.3723734e+01
   2.3737307e+01
   2.3750877e+01
   2.3764443e+01
   2.3778006e+01
   2.3791566e+01
   2.3805122e+01
   2.3818675e+01
   2.3832225e+01
   2.3845770e+01
   2.3859313e+01
   2.3872851e+01
   2.3886386e+01
   2.3899917e+01
   2.3913444e+01
   2.3926967e+01
   2.3940487e+01
   2.3954003e+01
   2.3967514e+01
   2.3981022e+01
   2.3994525e+01
   2.4008024e+01
   2.4021519e+01
   2.4035010e+01
   2.4048497e+01
   2.4061979e+01
   2.4075457e+01
   2.4088930e+01
   2.4102399e+01
   2.4115863e+01
   2.4129322e+01
   2.4142777e+01
   2.4156227e+01
   2.4169673e+01
   2.4183113e+01
   2.4196548e+01
   2.4209979e+01
   2.4223404e+01
   2.4236825e+01
   2.4250240e+01
   2.4263650e+01
   2.4277055e+01
   2.4290454e+01
   2.4303848e+01
   2.4317236e+01
   2.4330619e+01
   2.4343996e+01
   2.4357368e+01
   2.4370733e+01
   2.4384093e+01
   2.4397447e+01
   2.4410795e+01
   2.4424138e+01
   2.4437473e+01
   2.4450803e+01
   2.4464127e+01
   2.4477444e+01
   2.4490755e+01
   2.4504059e+01
   2.4517357e+01
   2.4530648e+01
   2.4543932e+01
   2.4557210e+01
   2.4570480e+01
   2.4583744e+01
   2.4597001e+01
   2.4610250e+01
   2.4623493e+01
   2.4636728e+01
   2.4649956e+01
   2.4663176e+01
   2.4676389e+01
   2.4689594e+01
   2.4702791e+01
   2.4715981e+01
   2.4729163e+01
   2.4742337e+01
   2.4755502e+01
   2.4768660e+01
   2.4781809e+01
   2.4794950e+01
   2.4808083e+01
   2.4821207e+01
   2.4834322e+01
   2.4847429e+01
   2.4860527e+01
   2.4873615e+01
   2.4886695e+01
   2.4899766e+01
   2.4912828e+01
   2.4925880e+01
   2.4938922e+01
   2.4951956e+01
   2.4964979e+01
   2.4977993e+01
   2.4990997e+01
   2.5003991e+01
   2.5016974e+01
   2.5029948e+01
   2.5042911e+01
   2.5055864e+01
   2.5068807e+01
   2.5081738e+01
   2.5094659e+01
   2.5107569e+01
   2.5120468e+01
   2.5133356e+01
   2.5146233e+01
   2.5159098e+01
   2.5171952e+01
   2.5184794e+01
   2.5197624e+01
   2.5210443e+01
   2.5223250e+01
   2.5236044e+01
   2.5248826e+01
   2.5261596e+01
   2.5274353e+01
   2.5287098e+01
   2.5299830e+01
   2.5312549e+01
   2.5325255e+01
   2.5337947e+01
   2.5350627e+01
   2.5363293e+01
   2.5375945e+01
   2.5388583e+01
   2.5401208e+01
   2.5413818e+01
   2.5426415e+01
   2.5438997e+01
   2.5451564e+01
   2.5464117e+01
   2.5476655e+01
   2.5489179e+01
   2.5501687e+01
   2.5514179e+01
   2.5526657e+01
   2.5539119e+01
   2.5551565e+01
   2.5563995e+01
   2.5576409e+01
   2.5588807e+01
   2.5601189e+01
   2.5613554e+01
   2.5625902e+01
   2.5638234e+01
   2.5650548e+01
   2.5662846e+01
   2.5675125e+01
   2.5687388e+01
   2.5699632e+01
   2.5711859e+01
   2.5724068e+01
   2.5736258e+01
   2.5748430e+01
   2.5760583e+01
   2.5772718e+01
   2.5784833e+01
   2.5796930e+01
   2.5809007e+01
   2.5821064e+01
   2.5833102e+01
   2.5845119e+01
   2.5857117e+01
   2.5869094e+01
   2.5881051e+01
   2.5892987e+01
   2.5904903e+01
   2.5916797e+01
   2.5928670e+01
   2.5940521e+01
   2.5952351e+01
   2.5964158e+01
   2.5975944e+01
   2.5987707e+01
   2.5999448e+01
   2.6011166e+01
   2.6022861e+01
   2.6034533e+01
   2.6046182e+01
   2.6057807e+01
   2.6069408e+01
   2.6080985e+01
   2.6092538e+01
   2.6104067e+01
   2.6115570e+01
   2.6127049e+01
   2.6138503e+01
   2.6149931e+01
   2.6161334e+01
   2.6172711e+01
   2.6184062e+01
   2.6195387e+01
   2.6206685e+01
   2.6217957e+01
   2.6229201e+01
   2.6240418e+01
   2.6251608e+01
   2.6262770e+01
   2.6273905e+01
   2.6285011e+01
   2.6296088e+01
   2.6307137e+01
   2.6318157e+01
   2.6329148e+01
   2.6340110e+01
   2.6351042e+01
   2.6361944e+01
   2.6372816e+01
   2.6383657e+01
   2.6394468e+01
   2.6405248e+01
   2.6415997e+01
   2.6426714e+01
   2.6437400e+01
   2.6448053e+01
   2.6458675e+01
   2.6469264e+01
   2.6479820e+01
   2.6490343e+01
   2.6500834e+01
   2.6511290e+01
   2.6521713e+01
   2.6532102e+01
   2.6542456e+01
   2.6552776e+01
   2.6563060e+01
   2.6573310e+01
   2.6583525e+01
   2.6593703e+01
   2.6603846e+01
   2.6613952e+01
   2.6624022e+01
   2.6634055e+01
   2.6644051e+01
   2.6654010e+01
   2.6663931e+01
   2.6673814e+01
   2.6683659e+01
   2.6693465e+01
   2.6703232e+01
   2.6712961e+01
   2.6722650e+01
   2.6732299e+01
   2.6741909e+01
   2.6751478e+01
   2.6761007e+01
   2.6770495e+01
   2.6779942e+01
   2.6789347e+01
   2.6798711e+01
   2.6808033e+01
   2.6817313e+01
   2.6826550e+01
   2.6835744e+01
   2.6844895e+01
   2.6854002e+01
   2.6863066e+01
   2.6872086e+01
   2.6881061e+01
   2.6889992e+01
   2.6898878e+01
   2.6907719e+01
   2.6916514e+01
   2.6925263e+01
   2.6933966e+01
   2.6942623e+01
   2.6951233e+01
   2.6959795e+01
   2.6968311e+01
   2.6976779e+01
   2.6985199e+01
   2.6993570e+01
   2.7001893e+01
   2.7010167e+01
   2.7018392e+01
   2.7026568e+01
   2.7034694e+01
   2.7042769e+01
   2.7050794e+01
   2.7058769e+01
   2.7066693e+01
   2.7074565e+01
   2.7082385e+01
   2.7090154e+01
   2.7097870e+01
   2.7105534e+01
   2.7113145e+01
   2.7120703e+01
   2.7128208e+01
   2.7135658e+01
   2.7143055e+01
   2.7150397e+01
   2.7157684e+01
   2.7164917e+01
   2.7172094e+01
   2.7179216e+01
   2.7186281e+01
   2.7193291e+01
   2.7200243e+01
   2.7207139e+01
   2.7213978e+01
   2.7220759e+01
   2.7227483e+01
   2.7234148e+01
   2.7240755e+01
   2.7247304e+01
   2.7253793e+01
   2.7260223e+01
   2.7266594e+01
   2.7272904e+01
   2.7279154e+01
   2.7285344e+01
   2.7291472e+01
   2.7297540e+01
   2.7303546e+01
   2.7309490e+01
   2.7315373e+01
   2.7321192e+01
   2.7326949e+01
   2.7332643e+01
   2.7338274e+01
   2.7343841e+01
   2.7349344e+01
   2.7354782e+01
   2.7360157e+01
   2.7365466e+01
   2.7370710e+01
   2.7375888e+01
   2.7381001e+01
   2.7386047e+01
   2.7391027e+01
   2.7395940e+01
   2.7400786e+01
   2.7405565e+01
   2.7410276e+01
   2.7414919e+01
   2.7419493e+01
   2.7423999e+01
   2.7428436e+01
   2.7432804e+01
   2.7437102e+01
   2.7441330e+01
   2.7445487e+01
   2.7449574e+01
   2.7453591e+01
   2.7457536e+01
   2.7461409e+01
   2.7465211e+01
   2.7468940e+01
   2.7472597e+01
   2.7476181e+01
   2.7479692e+01
   2.7483129e+01
   2.7486492e+01
   2.7489782e+01
   2.7492996e+01
   2.7496136e+01
   2.7499201e+01
   2.7502190e+01
   2.7505104e+01
   2.7507941e+01
   2.7510702e+01
   2.7513386e+01
   2.7515993e+01
   2.7518522e+01
   2.7520973e+01
   2.7523347e+01
   2.7525641e+01
   2.7527857e+01
   2.7529993e+01
   2.7532050e+01
   2.7534027e+01
   2.7535923e+01
   2.7537739e+01
   2.7539474e+01
   2.7541127e+01
   2.7542699e+01
   2.7544188e+01
   2.7545595e+01
   2.7546919e+01
   2.7548160e+01
   2.7549317e+01
   2.7550390e+01
   2.7551379e+01
   2.7552283e+01
   2.7553102e+01
   2.7553836e+01
   2.7554483e+01
   2.7555044e+01
   2.7555519e+01
   2.7555906e+01
   2.7556206e+01
   2.7556418e+01
   2.7556542e+01
   2.7556578e+01
   2.7556524e+01
   2.7556380e+01
   2.7556147e+01
   2.7555824e+01
   2.7555409e+01
   2.7554904e+01
   2.7554307e+01
   2.7553618e+01
   2.7552837e+01
   2.7551962e+01
   2.7550995e+01
   2.7549934e+01
   2.7548778e+01
   2.7547528e+01
   2.7546184e+01
   2.7544743e+01
   2.7543207e+01
   2.7541574e+01
   2.7539845e+01
   2.7538018e+01
   2.7536094e+01
   2.7534071e+01
   2.7531950e+01
   2.7529730e+01
   2.7527410e+01
   2.7524990e+01
   2.7522469e+01
   2.7519848e+01
   2.7517125e+01
   2.7514300e+01
   2.7511373e+01
   2.7508342e+01
   2.7505209e+01
   2.7501971e+01
   2.7498629e+01
   2.7495183e+01
   2.7491630e+01
   2.7487972e+01
   2.7484208e+01
   2.7480337e+01
   2.7476358e+01
   2.7472272e+01
   2.7468077e+01
   2.7463773e+01
   2.7459360e+01
   2.7454836e+01
   2.7450203e+01
   2.7445458e+01
   2.7440602e+01
   2.7435634e+01
   2.7430553e+01
   2.7425359e+01
   2.7420052e+01
   2.7414631e+01
   2.7409095e+01
   2.7403443e+01
   2.7397676e+01
   2.7391793e+01
   2.7385793e+01
   2.7379676e+01
   2.7373441e+01
   2.7367087e+01
   2.7360614e+01
   2.7354022e+01
   2.7347310e+01
   2.7340478e+01
   2.7333524e+01
   2.7326448e+01
   2.7319251e+01
   2.7311930e+01
   2.7304486e+01
   2.7296919e+01
   2.7289227e+01
   2.7281410e+01
   2.7273467e+01
   2.7265399e+01
   2.7257204e+01
   2.7248881e+01
   2.7240431e+01
   2.7231853e+01
   2.7223146e+01
   2.7214309e+01
   2.7205343e+01
   2.7196246e+01
   2.7187018e+01
   2.7177658e+01
   2.7168167e+01
   2.7158542e+01
   2.7148785e+01
   2.7138893e+01
   2.7128867e+01
   2.7118706e+01
   2.7108410e+01
   2.7097978e+01
   2.7087409e+01
   2.7076703e+01
   2.7065859e+01
   2.7054877e+01
   2.7043757e+01
   2.7032497e+01
   2.7021097e+01
   2.7009556e+01
   2.6997875e+01
   2.6986052e+01
   2.6974087e+01
   2.6961979e+01
   2.6949728e+01
   2.6937334e+01
   2.6924795e+01
   2.6912111e+01
   2.6899282e+01
   2.6886307e+01
   2.6873185e+01
   2.6859916e+01
   2.6846500e+01
   2.6832936e+01
   2.6819223e+01
   2.6805361e+01
   2.6791349e+01
   2.6777186e+01
   2.6762873e+01
   2.6748408e+01
   2.6733792e+01
   2.6719023e+01
   2.6704101e+01
   2.6689025e+01
   2.6673795e+01
   2.6658411e+01
   2.6642871e+01
   2.6627176e+01
   2.6611324e+01
   2.6595315e+01
   2.6579149e+01
   2.6562825e+01
   2.6546343e+01
   2.6529702e+01
   2.6512901e+01
   2.6495940e+01
   2.6478818e+01
   2.6461535e+01
   2.6444090e+01
   2.6426483e+01
   2.6408714e+01
   2.6390780e+01
   2.6372683e+01
   2.6354422e+01
   2.6335995e+01
   2.6317403e+01
   2.6298645e+01
   2.6279720e+01
   2.6260627e+01
   2.6241368e+01
   2.6221939e+01
   2.6202342e+01
   2.6182575e+01
   2.6162639e+01
   2.6142532e+01
   2.6122253e+01
   2.6101803e+01
   2.6081181e+01
   2.6060386e+01
   2.6039418e+01
   2.6018275e+01
   2.5996959e+01
   2.5975467e+01
   2.5953799e+01
   2.5931956e+01
   2.5909935e+01
   2.5887737e+01
   2.5865362e+01
   2.5842807e+01
   2.5820074e+01
   2.5797161e+01
   2.5774068e+01
   2.5750793e+01
   2.5727338e+01
   2.5703700e+01
   2.5679880e+01
   2.5655877e+01
   2.5631689e+01
   2.5607318e+01
   2.5582761e+01
   2.5558018e+01
   2.5533090e+01
   2.5507974e+01
   2.5482671e+01
   2.5457180e+01
   2.5431501e+01
   2.5405632e+01
   2.5379573e+01
   2.5353323e+01
   2.5326882e+01
   2.5300249e+01
   2.5273424e+01
   2.5246406e+01
   2.5219194e+01
   2.5191787e+01
   2.5164185e+01
   2.5136388e+01
   2.5108394e+01
   2.5080203e+01
   2.5051815e+01
   2.5023228e+01
   2.4994442e+01
   2.4965456e+01
   2.4936270e+01
   2.4906882e+01
   2.4877293e+01
   2.4847502e+01
   2.4817507e+01
   2.4787308e+01
   2.4756905e+01
   2.4726296e+01
   2.4695481e+01
   2.4664460e+01
   2.4633231e+01
   2.4601794e+01
   2.4570148e+01
   2.4538293e+01
   2.4506227e+01
   2.4473950e+01
   2.4441461e+01
   2.4408760e+01
   2.4375845e+01
   2.4342716e+01
   2.4309372e+01
   2.4275813e+01
   2.4242037e+01
   2.4208044e+01
   2.4173833e+01
   2.4139404e+01
   2.4104755e+01
   2.4069885e+01
   2.4034795e+01
   2.3999483e+01
   2.3963948e+01
   2.3928189e+01
   2.3892206e+01
   2.3855999e+01
   2.3819565e+01
   2.3782904e+01
   2.3746016e+01
   2.3708900e+01
   2.3671554e+01
   2.3633978e+01
   2.3596171e+01
   2.3558133e+01
   2.3519862e+01
   2.3481358e+01
   2.3442619e+01
   2.3403645e+01
   2.3364436e+01
   2.3324989e+01
   2.3285305e+01
   2.3245382e+01
   2.3205219e+01
   2.3164817e+01
   2.3124173e+01
   2.3083287e+01
   2.3042158e+01
   2.3000786e+01
   2.2959168e+01
   2.2917305e+01
   2.2875196e+01
   2.2832839e+01
   2.2790234e+01
   2.2747380e+01
   2.2704276e+01
   2.2660921e+01
   2.2617314e+01
   2.2573455e+01
   2.2529341e+01
   2.2484974e+01
   2.2440351e+01
   2.2395472e+01
   2.2350336e+01
   2.2304941e+01
   2.2259288e+01
   2.2213375e+01
   2.2167201e+01
   2.2120766e+01
   2.2074068e+01
   2.2027107e+01
   2.1979882e+01
   2.1932392e+01
   2.1884636e+01
   2.1836613e+01
   2.1788323e+01
   2.1739764e+01
   2.1690936e+01
   2.1641837e+01
   2.1592468e+01
   2.1542827e+01
   2.1492913e+01
   2.1442726e+01
   2.1392265e+01
   2.1341529e+01
   2.1290517e+01
   2.1239228e+01
   2.1187662e+01
   2.1135818e+01
   2.1083696e+01
   2.1031293e+01
   2.0978611e+01
   2.0925647e+01
   2.0872402e+01
   2.0818875e+01
   2.0765065e+01
   2.0710971e+01
   2.0656594e+01
   2.0601931e+01
   2.0546983e+01
   2.0491749e+01
   2.0436229e+01
   2.0380421e+01
   2.0324326e+01
   2.0267944e+01
   2.0211272e+01
   2.0154312e+01
   2.0097063e+01
   2.0039524e+01
   1.9981696e+01
   1.9923577e+01
   1.9865167e+01
   1.9806467e+01
   1.9747475e+01
   1.9688193e+01
   1.9628619e+01
   1.9568753e+01
   1.9508596e+01
   1.9448148e+01
   1.9387407e+01
   1.9326375e+01
   1.9265052e+01
   1.9203437e+01
   1.9141531e+01
   1.9079334e+01
   1.9016846e+01
   1.8954068e+01
   1.8890999e+01
   1.8827641e+01
   1.8763994e+01
   1.8700057e+01
   1.8635833e+01
   1.8571321e+01
   1.8506522e+01
   1.8441437e+01
   1.8376067e+01
   1.8310413e+01
   1.8244475e+01
   1.8178254e+01
   1.8111752e+01
   1.8044970e+01
   1.7977908e+01
   1.7910569e+01
   1.7842954e+01
   1.7775063e+01
   1.7706900e+01
   1.7638464e+01
   1.7569758e+01
   1.7500784e+01
   1.7431543e+01
   1.7362038e+01
   1.7292270e+01
   1.7222242e+01
   1.7151956e+01
   1.7081414e+01
   1.7010618e+01
   1.6939571e+01
   1.6868276e+01
   1.6796736e+01
   1.6724953e+01
   1.6652930e+01
   1.6580670e+01
   1.6508176e+01
   1.6435452e+01
   1.6362500e+01
   1.6289325e+01
   1.6215930e+01
   1.6142319e+01
   1.6068495e+01
   1.5994463e+01
   1.5920226e+01
   1.5845789e+01
   1.5771155e+01
   1.5696330e+01
   1.5621318e+01
   1.5546123e+01
   1.5470751e+01
   1.5395206e+01
   1.5319493e+01
   1.5243618e+01
   1.5167585e+01
   1.5091401e+01
   1.5015070e+01
   1.4938599e+01
   1.4861993e+01
   1.4785258e+01
   1.4708400e+01
   1.4631426e+01
   1.4554342e+01
   1.4477153e+01
   1.4399867e+01
   1.4322491e+01
   1.4245030e+01
   1.4167493e+01
   1.4089885e+01
   1.4012215e+01
   1.3934490e+01
   1.3856716e+01
   1.3778902e+01
   1.3701055e+01
   1.3623182e+01
   1.3545292e+01
   1.3467392e+01
   1.3389491e+01
   1.3311596e+01
   1.3233715e+01
   1.3155858e+01
   1.3078032e+01
   1.3000246e+01
   1.2922508e+01
   1.2844826e+01
   1.2767211e+01
   1.2689669e+01
   1.2612210e+01
   1.2534844e+01
   1.2457577e+01
   1.2380421e+01
   1.2303382e+01
   1.2226472e+01
   1.2149698e+01
   1.2073069e+01
   1.1996595e+01
   1.1920284e+01
   1.1844147e+01
   1.1768191e+01
   1.1692425e+01
   1.1616860e+01
   1.1541503e+01
   1.1466364e+01
   1.1391452e+01
   1.1316776e+01
   1.1242344e+01
   1.1168166e+01
   1.1094250e+01
   1.1020605e+01
   1.0947239e+01
   1.0874161e+01
   1.0801380e+01
   1.0728903e+01
   1.0656740e+01
   1.0584898e+01
   1.0513386e+01
   1.0442211e+01
   1.0371381e+01
   1.0300904e+01
   1.0230788e+01
   1.0161040e+01
   1.0091668e+01
   1.0022678e+01
   9.9540778e+00
   9.8858742e+00
   9.8180739e+00
   9.7506835e+00
   9.6837094e+00
   9.6171578e+00
   9.5510349e+00
   9.4853464e+00
   9.4200982e+00
   9.3552957e+00
   9.2909443e+00
   9.2270492e+00
   9.1636153e+00
   9.1006475e+00
   9.0381502e+00
   8.9761280e+00
   8.9145850e+00
   8.8535252e+00
   8.7929524e+00
   8.7328702e+00
   8.6732821e+00
   8.6141912e+00
   8.5556006e+00
   8.4975130e+00
   8.4399311e+00
   8.3828572e+00
   8.3262936e+00
   8.2702423e+00
   8.2147051e+00
   8.1596837e+00
   8.1051794e+00
   8.0511935e+00
   7.9977271e+00
   7.9447810e+00
   7.8923559e+00
   7.8404523e+00
   7.7890706e+00
   7.7382107e+00
   7.6878728e+00
   7.6380566e+00
   7.5887617e+00
   7.5399876e+00
   7.4917336e+00
   7.4439989e+00
   7.3967823e+00
   7.3500827e+00
   7.3038989e+00
   7.2582293e+00
   7.2130723e+00
   7.1684263e+00
   7.1242892e+00
   7.0806592e+00
   7.0375340e+00
   6.9949114e+00
   6.9527890e+00
   6.9111644e+00
   6.8700349e+00
   6.8293978e+00
   6.7892503e+00
   6.7495896e+00
   6.7104125e+00
   6.6717160e+00
   6.6334969e+00
   6.5957519e+00
   6.5584777e+00
   6.5216708e+00
   6.4853278e+00
   6.4494450e+00
   6.4140189e+00
   6.3790457e+00
   6.3445217e+00
   6.3104430e+00
   6.2768058e+00
   6.2436062e+00
   6.2108402e+00
   6.1785039e+00
   6.1465931e+00
   6.1151038e+00
   6.0840319e+00
   6.0533733e+00
   6.0231238e+00
   5.9932792e+00
   5.9638352e+00
   5.9347878e+00
   5.9061325e+00
   5.8778652e+00
   5.8499816e+00
   5.8224774e+00
   5.7953483e+00
   5.7685901e+00
   5.7421983e+00
   5.7161689e+00
   5.6904974e+00
   5.6651795e+00
   5.6402111e+00
   5.6155877e+00
   5.5913053e+00
   5.5673594e+00
   5.5437459e+00
   5.5204605e+00
   5.4974991e+00
   5.4748574e+00
   5.4525313e+00
   5.4305166e+00
   5.4088092e+00
   5.3874049e+00
   5.3662998e+00
   5.3454897e+00
   5.3249706e+00
   5.3047385e+00
   5.2847893e+00
   5.2651193e+00
   5.2457244e+00
   5.2266008e+00
   5.2077445e+00
   5.1891518e+00
   5.1708189e+00
   5.1527419e+00
   5.1349173e+00
   5.1173412e+00
   5.1000100e+00
   5.0829202e+00
   5.0660680e+00
   5.0494499e+00
   5.0330625e+00
   5.0169023e+00
   5.0009657e+00
   4.9852494e+00
   4.9697500e+00
   4.9544642e+00
   4.9393887e+00
   4.9245202e+00
   4.9098555e+00
   4.8953915e+00
   4.8811249e+00
   4.8670526e+00
   4.8531716e+00
   4.8394789e+00
   4.8259715e+00
   4.8126464e+00
   4.7995006e+00
   4.7865313e+00
   4.7737357e+00
   4.7611110e+00
   4.7486543e+00
   4.7363630e+00
   4.7242343e+00
   4.7122656e+00
   4.7004542e+00
   4.6887977e+00
   4.6772933e+00
   4.6659387e+00
   4.6547313e+00
   4.6436687e+00
   4.6327484e+00
   4.6219682e+00
   4.6113256e+00
   4.6008184e+00
   4.5904442e+00
   4.5802009e+00
   4.5700863e+00
   4.5600981e+00
   4.5502342e+00
   4.5404926e+00
   4.5308711e+00
   4.5213677e+00
   4.5119804e+00
   4.5027072e+00
   4.4935530e+00
   4.9666355e+00
   5.4285911e+00
   5.8800641e+00
   6.3217854e+00
   6.7543962e+00
   7.1784840e+00
   7.5945854e+00
   8.0031926e+00
   8.4047517e+00
   8.7996663e+00
   9.1883021e+00
   9.5709871e+00
   9.9480161e+00
   1.0319654e+01
   1.0686139e+01
   1.1047688e+01
   1.1404501e+01
   1.1756765e+01
   1.2104663e+01
   1.2448382e+01
   1.2788121e+01
   1.3124098e+01
   1.3456560e+01
   1.3785800e+01
   1.4112159e+01
   1.4436040e+01
   1.4757915e+01
   1.5078338e+01
   1.5397941e+01
   1.5717440e+01
   1.6037629e+01
   1.6359364e+01
   1.6683539e+01
   1.7011038e+01
   1.7342670e+01
   1.7679062e+01
   1.8020507e+01
   1.8366724e+01
   1.8716543e+01
   1.9067448e+01
   1.9414989e+01
   1.9752056e+01
   2.0068556e+01
   2.0353001e+01
   2.0592966e+01
   2.0776529e+01
   2.0894758e+01
   2.0944080e+01
   2.0927341e+01
   2.0852873e+01
   2.0798638e+01
   2.0742785e+01
   2.0688941e+01
   2.0639064e+01
   2.0594273e+01
   2.0554952e+01
   2.0521006e+01
   2.0492051e+01
   2.0467558e+01
   2.0446938e+01
   2.0429611e+01
   2.0415032e+01
   2.0402719e+01
   2.0392244e+01
   2.0383247e+01
   2.0375423e+01
   2.0368518e+01
   2.0362327e+01
   2.0356680e+01
   2.0351441e+01
   2.0346500e+01
   2.0341768e+01
   2.0337177e+01
   2.0332676e+01
   2.0328219e+01
   2.0323777e+01
   2.0319323e+01
   2.0314840e+01
   2.0310314e+01
   2.0305737e+01
   2.0301103e+01
   2.0296406e+01
   2.0291648e+01
   2.0286825e+01
   2.0281940e+01
   2.0276992e+01
   2.0271985e+01
   2.0266920e+01
   2.0261801e+01
   2.0256631e+01
   2.0251412e+01
   2.0246148e+01
   2.0240840e+01
   2.0235493e+01
   2.0230108e+01
   2.0224689e+01
   2.0219238e+01
   2.0213758e+01
   2.0208252e+01
   2.0202721e+01
   2.0197168e+01
   2.0191594e+01
   2.0186001e+01
   2.0180391e+01
   2.0174765e+01
   2.0169125e+01
   2.0163473e+01
   2.0157811e+01
   2.0152138e+01
   2.0146457e+01
   2.0140767e+01
   2.0135071e+01
   2.0129367e+01
   2.0123659e+01
   2.0117946e+01
   2.0112229e+01
   2.0106511e+01
   2.0100789e+01
   2.0095066e+01
   2.0089340e+01
   2.0083614e+01
   2.0077886e+01
   2.0072158e+01
   2.0066430e+01
   2.0060702e+01
   2.0054977e+01
   2.0049251e+01
   2.0043528e+01
   2.0037804e+01
   2.0032083e+01
   2.0026363e+01
   2.0020645e+01
   2.0014928e+01
   2.0009213e+01
   2.0003503e+01
   1.9997794e+01
   1.9992088e+01
   1.9986383e+01
   1.9980682e+01
   1.9974982e+01
   1.9969284e+01
   1.9963590e+01
   1.9957897e+01
   1.9952209e+01
   1.9946523e+01
   1.9940840e+01
   1.9935159e+01
   1.9929481e+01
   1.9923805e+01
   1.9918131e+01
   1.9912462e+01
   1.9906794e+01
   1.9901130e+01
   1.9895467e+01
   1.9889807e+01
   1.9884148e+01
   1.9878492e+01
   1.9872838e+01
   1.9867186e+01
   1.9861539e+01
   1.9855892e+01
   1.9850248e+01
   1.9844605e+01
   1.9838964e+01
   1.9833325e+01
   1.9827687e+01
   1.9822051e+01
   1.9816417e+01
   1.9810786e+01
   1.9805156e+01
   1.9799528e+01
   1.9793900e+01
   1.9788275e+01
   1.9782649e+01
   1.9777026e+01
   1.9771403e+01
   1.9765781e+01
   1.9760162e+01
   1.9754544e+01
   1.9748926e+01
   1.9743309e+01
   1.9737693e+01
   1.9732077e+01
   1.9726462e+01
   1.9720847e+01
   1.9715233e+01
   1.9709619e+01
   1.9704006e+01
   1.9698394e+01
   1.9692783e+01
   1.9687173e+01
   1.9681562e+01
   1.9675951e+01
   1.9670339e+01
   1.9664727e+01
   1.9659115e+01
   1.9653505e+01
   1.9647895e+01
   1.9642284e+01
   1.9636673e+01
   1.9631061e+01
   1.9625448e+01
   1.9619834e+01
   1.9614220e+01
   1.9608604e+01
   1.9602990e+01
   1.9597376e+01
   1.9591760e+01
   1.9586144e+01
   1.9580526e+01
   1.9574907e+01
   1.9569287e+01
   1.9563665e+01
   1.9558044e+01
   1.9552423e+01
   1.9546800e+01
   1.9541176e+01
   1.9535550e+01
   1.9529922e+01
   1.9524293e+01
   1.9518662e+01
   1.9513031e+01
   1.9507400e+01
   1.9501767e+01
   1.9496132e+01
   1.9490495e+01
   1.9484856e+01
   1.9479214e+01
   1.9473571e+01
   1.9467928e+01
   1.9462284e+01
   1.9456638e+01
   1.9450989e+01
   1.9445339e+01
   1.9439686e+01
   1.9434030e+01
   1.9428372e+01
   1.9422712e+01
   1.9417052e+01
   1.9411390e+01
   1.9405726e+01
   1.9400059e+01
   1.9394390e+01
   1.9388718e+01
   1.9383043e+01
   1.9377366e+01
   1.9371689e+01
   1.9366010e+01
   1.9360328e+01
   1.9354644e+01
   1.9348957e+01
   1.9343267e+01
   1.9337574e+01
   1.9331878e+01
   1.9326182e+01
   1.9320485e+01
   1.9314783e+01
   1.9309078e+01
   1.9303372e+01
   1.9297664e+01
   1.9291952e+01
   1.9286238e+01
   1.9280522e+01
   1.9274804e+01
   1.9269082e+01
   1.9263358e+01
   1.9257632e+01
   1.9251903e+01
   1.9246171e+01
   1.9240437e+01
   1.9234700e+01
   1.9228961e+01
   1.9223219e+01
   1.9217474e+01
   1.9211728e+01
   1.9205978e+01
   1.9200226e+01
   1.9194470e+01
   1.9188714e+01
   1.9182954e+01
   1.9177191e+01
   1.9171425e+01
   1.9165658e+01
   1.9159886e+01
   1.9154115e+01
   1.9148340e+01
   1.9142562e+01
   1.9136782e+01
   1.9130999e+01
   1.9125213e+01
   1.9119425e+01
   1.9113635e+01
   1.9107843e+01
   1.9102049e+01
   1.9096253e+01
   1.9090454e+01
   1.9084653e+01
   1.9078851e+01
   1.9073044e+01
   1.9067236e+01
   1.9061426e+01
   1.9055613e+01
   1.9049798e+01
   1.9043982e+01
   1.9038162e+01
   1.9032341e+01
   1.9026519e+01
   1.9020695e+01
   1.9014868e+01
   1.9009039e+01
   1.9003209e+01
   1.8997377e+01
   1.8991543e+01
   1.8985708e+01
   1.8979870e+01
   1.8974032e+01
   1.8968192e+01
   1.8962351e+01
   1.8956507e+01
   1.8950662e+01
   1.8944816e+01
   1.8938969e+01
   1.8933121e+01
   1.8927271e+01
   1.8921420e+01
   1.8915566e+01
   1.8909713e+01
   1.8903859e+01
   1.8898005e+01
   1.8892148e+01
   1.8886292e+01
   1.8880434e+01
   1.8874577e+01
   1.8868718e+01
   1.8862860e+01
   1.8857000e+01
   1.8851141e+01
   1.8845281e+01
   1.8839422e+01
   1.8833563e+01
   1.8827703e+01
   1.8821843e+01
   1.8815983e+01
   1.8810124e+01
   1.8804265e+01
   1.8798407e+01
   1.8792549e+01
   1.8786691e+01
   1.8780835e+01
   1.8774980e+01
   1.8769125e+01
   1.8763272e+01
   1.8757420e+01
   1.8751568e+01
   1.8745718e+01
   1.8739869e+01
   1.8734022e+01
   1.8728177e+01
   1.8722334e+01
   1.8716492e+01
   1.8710652e+01
   1.8704814e+01
   1.8698979e+01
   1.8693145e+01
   1.8687314e+01
   1.8681486e+01
   1.8675661e+01
   1.8669837e+01
   1.8664018e+01
   1.8658201e+01
   1.8652387e+01
   1.8646577e+01
   1.8640770e+01
   1.8634967e+01
   1.8629167e+01
   1.8623371e+01
   1.8617579e+01
   1.8611792e+01
   1.8606008e+01
   1.8600228e+01
   1.8594454e+01
   1.8588683e+01
   1.8582918e+01
   1.8577158e+01
   1.8571402e+01
   1.8565652e+01
   1.8559907e+01
   1.8554167e+01
   1.8548434e+01
   1.8542706e+01
   1.8536984e+01
   1.8531268e+01
   1.8525559e+01
   1.8519856e+01
   1.8514159e+01
   1.8508470e+01
   1.8502788e+01
   1.8497112e+01
   1.8491444e+01
   1.8485783e+01
   1.8480130e+01
   1.8474485e+01
   1.8468848e+01
   1.8463219e+01
   1.8457597e+01
   1.8451985e+01
   1.8446382e+01
   1.8440787e+01
   1.8435201e+01
   1.8429624e+01
   1.8424058e+01
   1.8418500e+01
   1.8412953e+01
   1.8407414e+01
   1.8401887e+01
   1.8396369e+01
   1.8390863e+01
   1.8385366e+01
   1.8379882e+01
   1.8374407e+01
   1.8368945e+01
   1.8363492e+01
   1.8358052e+01
   1.8352623e+01
   1.8347206e+01
   1.8341803e+01
   1.8336411e+01
   1.8331032e+01
   1.8325666e+01
   1.8320313e+01
   1.8314972e+01
   1.8309646e+01
   1.8304333e+01
   1.8299034e+01
   1.8293748e+01
   1.8288476e+01
   1.8283220e+01
   1.8277977e+01
   1.8272750e+01
   1.8267537e+01
   1.8262340e+01
   1.8257158e+01
   1.8251992e+01
   1.8246842e+01
   1.8241708e+01
   1.8236590e+01
   1.8231489e+01
   1.8226404e+01
   1.8221337e+01
   1.8216286e+01
   1.8211253e+01
   1.8206239e+01
   1.8201241e+01
   1.8196262e+01
   1.8191301e+01
   1.8186358e+01
   1.8181435e+01
   1.8176530e+01
   1.8171646e+01
   1.8166780e+01
   1.8161933e+01
   1.8157106e+01
   1.8152299e+01
   1.8147512e+01
   1.8142745e+01
   1.8137999e+01
   1.8133274e+01
   1.8128570e+01
   1.8123888e+01
   1.8119226e+01
   1.8114587e+01
   1.8109969e+01
   1.8105374e+01
   1.8100801e+01
   1.8096252e+01
   1.8091724e+01
   1.8087220e+01
   1.8082739e+01
   1.8078282e+01
   1.8073847e+01
   1.8069438e+01
   1.8065051e+01
   1.8060690e+01
   1.8056353e+01
   1.8052042e+01
   1.8047754e+01
   1.8043493e+01
   1.8039256e+01
   1.8035045e+01
   1.8030860e+01
   1.8026701e+01
   1.8022568e+01
   1.8018461e+01
   1.8014381e+01
   1.8010328e+01
   1.8006302e+01
   1.8002304e+01
   1.7998333e+01
   1.7994390e+01
   1.7990475e+01
   1.7986588e+01
   1.7982730e+01
   1.7978900e+01
   1.7975099e+01
   1.7971327e+01
   1.7967584e+01
   1.7963871e+01
   1.7960187e+01
   1.7956532e+01
   1.7952908e+01
   1.7949314e+01
   1.7945750e+01
   1.7942216e+01
   1.7938714e+01
   1.7935242e+01
   1.7931801e+01
   1.7928391e+01
   1.7925013e+01
   1.7921667e+01
   1.7918352e+01
   1.7915070e+01
   1.7911819e+01
   1.7908601e+01
   1.7905415e+01
   1.7902262e+01
   1.7899142e+01
   1.7896054e+01
   1.7893000e+01
   1.7889980e+01
   1.7886993e+01
   1.7884040e+01
   1.7881120e+01
   1.7878235e+01
   1.7875385e+01
   1.7872569e+01
   1.7869788e+01
   1.7867040e+01
   1.7864327e+01
   1.7861651e+01
   1.7859008e+01
   1.7856401e+01
   1.7853830e+01
   1.7851296e+01
   1.7848796e+01
   1.7846331e+01
   1.7843904e+01
   1.7841513e+01
   1.7839158e+01
   1.7836839e+01
   1.7834557e+01
   1.7832311e+01
   1.7830102e+01
   1.7827931e+01
   1.7825797e+01
   1.7823701e+01
   1.7821642e+01
   1.7819621e+01
   1.7817636e+01
   1.7815690e+01
   1.7813781e+01
   1.7811910e+01
   1.7810078e+01
   1.7808284e+01
   1.7806528e+01
   1.7804811e+01
   1.7803132e+01
   1.7801491e+01
   1.7799889e+01
   1.7798326e+01
   1.7796802e+01
   1.7795319e+01
   1.7793874e+01
   1.7792468e+01
   1.7791101e+01
   1.7789774e+01
   1.7788486e+01
   1.7787237e+01
   1.7786029e+01
   1.7784859e+01
   1.7783731e+01
   1.7782641e+01
   1.7781591e+01
   1.7780583e+01
   1.7779613e+01
   1.7778685e+01
   1.7777797e+01
   1.7776950e+01
   1.7776142e+01
   1.7775375e+01
   1.7774648e+01
   1.7773964e+01
   1.7773318e+01
   1.7772714e+01
   1.7772149e+01
   1.7771626e+01
   1.7771144e+01
   1.7770704e+01
   1.7770303e+01
   1.7769943e+01
   1.7769624e+01
   1.7769347e+01
   1.7769112e+01
   1.7768917e+01
   1.7768764e+01
   1.7768653e+01
   1.7768581e+01
   1.7768549e+01
   1.7768560e+01
   1.7768611e+01
   1.7768705e+01
   1.7768840e+01
   1.7769016e+01
   1.7769235e+01
   1.7769495e+01
   1.7769796e+01
   1.7770140e+01
   1.7770523e+01
   1.7770947e+01
   1.7771412e+01
   1.7771920e+01
   1.7772469e+01
   1.7773060e+01
   1.7773692e+01
   1.7774366e+01
   1.7775082e+01
   1.7775840e+01
   1.7776639e+01
   1.7777478e+01
   1.7778359e+01
   1.7779280e+01
   1.7780244e+01
   1.7781249e+01
   1.7782295e+01
   1.7783384e+01
   1.7784513e+01
   1.7785684e+01
   1.7786897e+01
   1.7788151e+01
   1.7789445e+01
   1.7790780e+01
   1.7792156e+01
   1.7793574e+01
   1.7795033e+01
   1.7796533e+01
   1.7798074e+01
   1.7799657e+01
   1.7801281e+01
   1.7802945e+01
   1.7804650e+01
   1.7806395e+01
   1.7808182e+01
   1.7810008e+01
   1.7811875e+01
   1.7813783e+01
   1.7815731e+01
   1.7817720e+01
   1.7819750e+01
   1.7821820e+01
   1.7823930e+01
   1.7826081e+01
   1.7828272e+01
   1.7830503e+01
   1.7832775e+01
   1.7835087e+01
   1.7837439e+01
   1.7839830e+01
   1.7842262e+01
   1.7844734e+01
   1.7847246e+01
   1.7849797e+01
   1.7852388e+01
   1.7855019e+01
   1.7857690e+01
   1.7860400e+01
   1.7863149e+01
   1.7865938e+01
   1.7868766e+01
   1.7871633e+01
   1.7874539e+01
   1.7877484e+01
   1.7880469e+01
   1.7883492e+01
   1.7886554e+01
   1.7889655e+01
   1.7892795e+01
   1.7895973e+01
   1.7899189e+01
   1.7902444e+01
   1.7905738e+01
   1.7909069e+01
   1.7912439e+01
   1.7915847e+01
   1.7919293e+01
   1.7922777e+01
   1.7926298e+01
   1.7929858e+01
   1.7933455e+01
   1.7937089e+01
   1.7940761e+01
   1.7944470e+01
   1.7948217e+01
   1.7952001e+01
   1.7955822e+01
   1.7959679e+01
   1.7963574e+01
   1.7967506e+01
   1.7971474e+01
   1.7975478e+01
   1.7979520e+01
   1.7983597e+01
   1.7987711e+01
   1.7991861e+01
   1.7996048e+01
   1.8000270e+01
   1.8004528e+01
   1.8008822e+01
   1.8013152e+01
   1.8017517e+01
   1.8021918e+01
   1.8026354e+01
   1.8030825e+01
   1.8035332e+01
   1.8039873e+01
   1.8044450e+01
   1.8049061e+01
   1.8053707e+01
   1.8058388e+01
   1.8063104e+01
   1.8067853e+01
   1.8072638e+01
   1.8077456e+01
   1.8082308e+01
   1.8087195e+01
   1.8092115e+01
   1.8097069e+01
   1.8102057e+01
   1.8107078e+01
   1.8112133e+01
   1.8117221e+01
   1.8122342e+01
   1.8127496e+01
   1.8132684e+01
   1.8137904e+01
   1.8143157e+01
   1.8148442e+01
   1.8153761e+01
   1.8159111e+01
   1.8164494e+01
   1.8169909e+01
   1.8175357e+01
   1.8180836e+01
   1.8186347e+01
   1.8191890e+01
   1.8197464e+01
   1.8203070e+01
   1.8208708e+01
   1.8214376e+01
   1.8220076e+01
   1.8225807e+01
   1.8231569e+01
   1.8237362e+01
   1.8243185e+01
   1.8249039e+01
   1.8254924e+01
   1.8260839e+01
   1.8266784e+01
   1.8272759e+01
   1.8278764e+01
   1.8284800e+01
   1.8290865e+01
   1.8296959e+01
   1.8303083e+01
   1.8309237e+01
   1.8315420e+01
   1.8321632e+01
   1.8327873e+01
   1.8334144e+01
   1.8340443e+01
   1.8346771e+01
   1.8353127e+01
   1.8359512e+01
   1.8365925e+01
   1.8372367e+01
   1.8378837e+01
   1.8385334e+01
   1.8391860e+01
   1.8398414e+01
   1.8404995e+01
   1.8411603e+01
   1.8418240e+01
   1.8424903e+01
   1.8431594e+01
   1.8438312e+01
   1.8445057e+01
   1.8451828e+01
   1.8458627e+01
   1.8465452e+01
   1.8472304e+01
   1.8479182e+01
   1.8486086e+01
   1.8493016e+01
   1.8499973e+01
   1.8506955e+01
   1.8513964e+01
   1.8520997e+01
   1.8528057e+01
   1.8535142e+01
   1.8542252e+01
   1.8549388e+01
   1.8556549e+01
   1.8563735e+01
   1.8570945e+01
   1.8578181e+01
   1.8585441e+01
   1.8592725e+01
   1.8600034e+01
   1.8607368e+01
   1.8614725e+01
   1.8622107e+01
   1.8629512e+01
   1.8636942e+01
   1.8644395e+01
   1.8651872e+01
   1.8659372e+01
   1.8666896e+01
   1.8674443e+01
   1.8682013e+01
   1.8689606e+01
   1.8697222e+01
   1.8704861e+01
   1.8712523e+01
   1.8720207e+01
   1.8727913e+01
   1.8735642e+01
   1.8743394e+01
   1.8751167e+01
   1.8758963e+01
   1.8766780e+01
   1.8774619e+01
   1.8782480e+01
   1.8790362e+01
   1.8798266e+01
   1.8806191e+01
   1.8814138e+01
   1.8822105e+01
   1.8830093e+01
   1.8838103e+01
   1.8846133e+01
   1.8854184e+01
   1.8862255e+01
   1.8870347e+01
   1.8878459e+01
   1.8886591e+01
   1.8894744e+01
   1.8902916e+01
   1.8911108e+01
   1.8919320e+01
   1.8927552e+01
   1.8935803e+01
   1.8944074e+01
   1.8952364e+01
   1.8960673e+01
   1.8969001e+01
   1.8977348e+01
   1.8985714e+01
   1.8994099e+01
   1.9002502e+01
   1.9010924e+01
   1.9019365e+01
   1.9027823e+01
   1.9036300e+01
   1.9044795e+01
   1.9053308e+01
   1.9061839e+01
   1.9070387e+01
   1.9078953e+01
   1.9087537e+01
   1.9096138e+01
   1.9104757e+01
   1.9113392e+01
   1.9122045e+01
   1.9130714e+01
   1.9139401e+01
   1.9148104e+01
   1.9156824e+01
   1.9165561e+01
   1.9174313e+01
   1.9183083e+01
   1.9191868e+01
   1.9200669e+01
   1.9209487e+01
   1.9218320e+01
   1.9227169e+01
   1.9236034e+01
   1.9244914e+01
   1.9253809e+01
   1.9262720e+01
   1.9271646e+01
   1.9280587e+01
   1.9289544e+01
   1.9298515e+01
   1.9307500e+01
   1.9316501e+01
   1.9325516e+01
   1.9334545e+01
   1.9343589e+01
   1.9352647e+01
   1.9361718e+01
   1.9370804e+01
   1.9379904e+01
   1.9389018e+01
   1.9398145e+01
   1.9407285e+01
   1.9416439e+01
   1.9425607e+01
   1.9434787e+01
   1.9443981e+01
   1.9453188e+01
   1.9462407e+01
   1.9471639e+01
   1.9480884e+01
   1.9490141e+01
   1.9499411e+01
   1.9508693e+01
   1.9517987e+01
   1.9527293e+01
   1.9536612e+01
   1.9545942e+01
   1.9555283e+01
   1.9564637e+01
   1.9574001e+01
   1.9583378e+01
   1.9592765e+01
   1.9602164e+01
   1.9611573e+01
   1.9620994e+01
   1.9630425e+01
   1.9639867e+01
   1.9649320e+01
   1.9658783e+01
   1.9668256e+01
   1.9677740e+01
   1.9687233e+01
   1.9696737e+01
   1.9706251e+01
   1.9715774e+01
   1.9725307e+01
   1.9734849e+01
   1.9744401e+01
   1.9753962e+01
   1.9763532e+01
   1.9773112e+01
   1.9782700e+01
   1.9792297e+01
   1.9801903e+01
   1.9811517e+01
   1.9821140e+01
   1.9830771e+01
   1.9840410e+01
   1.9850057e+01
   1.9859713e+01
   1.9869376e+01
   1.9879047e+01
   1.9888725e+01
   1.9898411e+01
   1.9908104e+01
   1.9917805e+01
   1.9927512e+01
   1.9937227e+01
   1.9946948e+01
   1.9956676e+01
   1.9966411e+01
   1.9976152e+01
   1.9985899e+01
   1.9995653e+01
   2.0005413e+01
   2.0015178e+01
   2.0024950e+01
   2.0034727e+01
   2.0044510e+01
   2.0054298e+01
   2.0064092e+01
   2.0073891e+01
   2.0083694e+01
   2.0093503e+01
   2.0103317e+01
   2.0113135e+01
   2.0122957e+01
   2.0132784e+01
   2.0142616e+01
   2.0152451e+01
   2.0162290e+01
   2.0172134e+01
   2.0181981e+01
   2.0191831e+01
   2.0201685e+01
   2.0211542e+01
   2.0221403e+01
   2.0231266e+01
   2.0241132e+01
   2.0251001e+01
   2.0260873e+01
   2.0270747e+01
   2.0280623e+01
   2.0290502e+01
   2.0300382e+01
   2.0310265e+01
   2.0320149e+01
   2.0330034e+01
   2.0339922e+01
   2.0349810e+01
   2.0359700e+01
   2.0369590e+01
   2.0379482e+01
   2.0389374e+01
   2.0399267e+01
   2.0409160e+01
   2.0419053e+01
   2.0428946e+01
   2.0438840e+01
   2.0448733e+01
   2.0458626e+01
   2.0468518e+01
   2.0478409e+01
   2.0488300e+01
   2.0498190e+01
   2.0508078e+01
   2.0517966e+01
   2.0527851e+01
   2.0537735e+01
   2.0547618e+01
   2.0557498e+01
   2.0567376e+01
   2.0577252e+01
   2.0587126e+01
   2.0596997e+01
   2.0606865e+01
   2.0616730e+01
   2.0626592e+01
   2.0636450e+01
   2.0646306e+01
   2.0656157e+01
   2.0666005e+01
   2.0675849e+01
   2.0685688e+01
   2.0695524e+01
   2.0705354e+01
   2.0715181e+01
   2.0725002e+01
   2.0734818e+01
   2.0744629e+01
   2.0754435e+01
   2.0764235e+01
   2.0774029e+01
   2.0783817e+01
   2.0793599e+01
   2.0803375e+01
   2.0813144e+01
   2.0822907e+01
   2.0832663e+01
   2.0842411e+01
   2.0852153e+01
   2.0861887e+01
   2.0871613e+01
   2.0881332e+01
   2.0891042e+01
   2.0900744e+01
   2.0910438e+01
   2.0920123e+01
   2.0929800e+01
   2.0939467e+01
   2.0949125e+01
   2.0958774e+01
   2.0968413e+01
   2.0978042e+01
   2.0987661e+01
   2.0997270e+01
   2.1006869e+01
   2.1016457e+01
   2.1026034e+01
   2.1035600e+01
   2.1045155e+01
   2.1054698e+01
   2.1064230e+01
   2.1073749e+01
   2.1083257e+01
   2.1092752e+01
   2.1102234e+01
   2.1111704e+01
   2.1121161e+01
   2.1130604e+01
   2.1140035e+01
   2.1149451e+01
   2.1158854e+01
   2.1168242e+01
   2.1177616e+01
   2.1186976e+01
   2.1196320e+01
   2.1205650e+01
   2.1214965e+01
   2.1224264e+01
   2.1233547e+01
   2.1242814e+01
   2.1252065e+01
   2.1261300e+01
   2.1270518e+01
   2.1279719e+01
   2.1288903e+01
   2.1298070e+01
   2.1307219e+01
   2.1316350e+01
   2.1325463e+01
   2.1334558e+01
   2.1343634e+01
   2.1352692e+01
   2.1361730e+01
   2.1370749e+01
   2.1379748e+01
   2.1388728e+01
   2.1397687e+01
   2.1406626e+01
   2.1415545e+01
   2.1424443e+01
   2.1433319e+01
   2.1442175e+01
   2.1451008e+01
   2.1459820e+01
   2.1468610e+01
   2.1477377e+01
   2.1486122e+01
   2.1494844e+01
   2.1503542e+01
   2.1512218e+01
   2.1520869e+01
   2.1529497e+01
   2.1538100e+01
   2.1546679e+01
   2.1555233e+01
   2.1563762e+01
   2.1572266e+01
   2.1580745e+01
   2.1589197e+01
   2.1597623e+01
   2.1606023e+01
   2.1614397e+01
   2.1622743e+01
   2.1631063e+01
   2.1639354e+01
   2.1647618e+01
   2.1655854e+01
   2.1664062e+01
   2.1672241e+01
   2.1680392e+01
   2.1688513e+01
   2.1696604e+01
   2.1704667e+01
   2.1712699e+01
   2.1720700e+01
   2.1728672e+01
   2.1736612e+01
   2.1744521e+01
   2.1752399e+01
   2.1760246e+01
   2.1768060e+01
   2.1775842e+01
   2.1783591e+01
   2.1791308e+01
   2.1798992e+01
   2.1806642e+01
   2.1814258e+01
   2.1821841e+01
   2.1829389e+01
   2.1836903e+01
   2.1844382e+01
   2.1851825e+01
   2.1859234e+01
   2.1866606e+01
   2.1873943e+01
   2.1881243e+01
   2.1888507e+01
   2.1895733e+01
   2.1902923e+01
   2.1910075e+01
   2.1917189e+01
   2.1924266e+01
   2.1931303e+01
   2.1938303e+01
   2.1945263e+01
   2.1952184e+01
   2.1959066e+01
   2.1965907e+01
   2.1972709e+01
   2.1979470e+01
   2.1986191e+01
   2.1992870e+01
   2.1999508e+01
   2.2006105e+01
   2.2012659e+01
   2.2019172e+01
   2.2025642e+01
   2.2032069e+01
   2.2038453e+01
   2.2044794e+01
   2.2051091e+01
   2.2057344e+01
   2.2063553e+01
   2.2069717e+01
   2.2075836e+01
   2.2081911e+01
   2.2087939e+01
   2.2093922e+01
   2.2099859e+01
   2.2105750e+01
   2.2111594e+01
   2.2117391e+01
   2.2123141e+01
   2.2128843e+01
   2.2134498e+01
   2.2140104e+01
   2.2145662e+01
   2.2151171e+01
   2.2156631e+01
   2.2162042e+01
   2.2167403e+01
   2.2172715e+01
   2.2177976e+01
   2.2183187e+01
   2.2188347e+01
   2.2193455e+01
   2.2198513e+01
   2.2203518e+01
   2.2208472e+01
   2.2213374e+01
   2.2218223e+01
   2.2223019e+01
   2.2227761e+01
   2.2232451e+01
   2.2237086e+01
   2.2241668e+01
   2.2246195e+01
   2.2250668e+01
   2.2255085e+01
   2.2259447e+01
   2.2263754e+01
   2.2268005e+01
   2.2272200e+01
   2.2276338e+01
   2.2280420e+01
   2.2284444e+01
   2.2288411e+01
   2.2292321e+01
   2.2296172e+01
   2.2299965e+01
   2.2303700e+01
   2.2307376e+01
   2.2310992e+01
   2.2314549e+01
   2.2318047e+01
   2.2321484e+01
   2.2324861e+01
   2.2328177e+01
   2.2331432e+01
   2.2334626e+01
   2.2337758e+01
   2.2340828e+01
   2.2343837e+01
   2.2346782e+01
   2.2349665e+01
   2.2352484e+01
   2.2355240e+01
   2.2357932e+01
   2.2360560e+01
   2.2363124e+01
   2.2365623e+01
   2.2368056e+01
   2.2370425e+01
   2.2372727e+01
   2.2374964e+01
   2.2377134e+01
   2.2379238e+01
   2.2381274e+01
   2.2383244e+01
   2.2385145e+01
   2.2386979e+01
   2.2388744e+01
   2.2390440e+01
   2.2392068e+01
   2.2393626e+01
   2.2395115e+01
   2.2396533e+01
   2.2397882e+01
   2.2399159e+01
   2.2400366e+01
   2.2401501e+01
   2.2402564e+01
   2.2403556e+01
   2.2404475e+01
   2.2405321e+01
   2.2406094e+01
   2.2406794e+01
   2.2407419e+01
   2.2407971e+01
   2.2408448e+01
   2.2408850e+01
   2.2409177e+01
   2.2409428e+01
   2.2409603e+01
   2.2409702e+01
   2.2409724e+01
   2.2409669e+01
   2.2409536e+01
   2.2409326e+01
   2.2409037e+01
   2.2408670e+01
   2.2408223e+01
   2.2407697e+01
   2.2407092e+01
   2.2406406e+01
   2.2405639e+01
   2.2404792e+01
   2.2403863e+01
   2.2402852e+01
   2.2401760e+01
   2.2400584e+01
   2.2399326e+01
   2.2397984e+01
   2.2396559e+01
   2.2395049e+01
   2.2393455e+01
   2.2391775e+01
   2.2390010e+01
   2.2388160e+01
   2.2386223e+01
   2.2384199e+01
   2.2382088e+01
   2.2379890e+01
   2.2377603e+01
   2.2375228e+01
   2.2372765e+01
   2.2370212e+01
   2.2367569e+01
   2.2364836e+01
   2.2362013e+01
   2.2359098e+01
   2.2356092e+01
   2.2352994e+01
   2.2349804e+01
   2.2346521e+01
   2.2343145e+01
   2.2339674e+01
   2.2336110e+01
   2.2332451e+01
   2.2328697e+01
   2.2324848e+01
   2.2320903e+01
   2.2316861e+01
   2.2312722e+01
   2.2308486e+01
   2.2304152e+01
   2.2299719e+01
   2.2295188e+01
   2.2290558e+01
   2.2285828e+01
   2.2280998e+01
   2.2276068e+01
   2.2271036e+01
   2.2265902e+01
   2.2260667e+01
   2.2255329e+01
   2.2249889e+01
   2.2244344e+01
   2.2238696e+01
   2.2232944e+01
   2.2227086e+01
   2.2221124e+01
   2.2215055e+01
   2.2208881e+01
   2.2202599e+01
   2.2196210e+01
   2.2189714e+01
   2.2183109e+01
   2.2176396e+01
   2.2169574e+01
   2.2162642e+01
   2.2155600e+01
   2.2148447e+01
   2.2141184e+01
   2.2133808e+01
   2.2126321e+01
   2.2118722e+01
   2.2111009e+01
   2.2103183e+01
   2.2095244e+01
   2.2087189e+01
   2.2079020e+01
   2.2070736e+01
   2.2062336e+01
   2.2053820e+01
   2.2045187e+01
   2.2036436e+01
   2.2027568e+01
   2.2018582e+01
   2.2009478e+01
   2.2000254e+01
   2.1990910e+01
   2.1981447e+01
   2.1971863e+01
   2.1962158e+01
   2.1952332e+01
   2.1942383e+01
   2.1932313e+01
   2.1922119e+01
   2.1911802e+01
   2.1901361e+01
   2.1890797e+01
   2.1880107e+01
   2.1869292e+01
   2.1858352e+01
   2.1847285e+01
   2.1836092e+01
   2.1824771e+01
   2.1813324e+01
   2.1801748e+01
   2.1790044e+01
   2.1778210e+01
   2.1766248e+01
   2.1754155e+01
   2.1741933e+01
   2.1729579e+01
   2.1717095e+01
   2.1704478e+01
   2.1691730e+01
   2.1678849e+01
   2.1665835e+01
   2.1652687e+01
   2.1639405e+01
   2.1625989e+01
   2.1612438e+01
   2.1598752e+01
   2.1584929e+01
   2.1570971e+01
   2.1556875e+01
   2.1542643e+01
   2.1528272e+01
   2.1513764e+01
   2.1499117e+01
   2.1484331e+01
   2.1469405e+01
   2.1454339e+01
   2.1439133e+01
   2.1423786e+01
   2.1408298e+01
   2.1392667e+01
   2.1376894e+01
   2.1360979e+01
   2.1344920e+01
   2.1328718e+01
   2.1312371e+01
   2.1295879e+01
   2.1279243e+01
   2.1262460e+01
   2.1245532e+01
   2.1228457e+01
   2.1211235e+01
   2.1193866e+01
   2.1176348e+01
   2.1158682e+01
   2.1140867e+01
   2.1122902e+01
   2.1104788e+01
   2.1086523e+01
   2.1068107e+01
   2.1049540e+01
   2.1030821e+01
   2.1011949e+01
   2.0992925e+01
   2.0973747e+01
   2.0954415e+01
   2.0934929e+01
   2.0915288e+01
   2.0895492e+01
   2.0875539e+01
   2.0855431e+01
   2.0835165e+01
   2.0814742e+01
   2.0794161e+01
   2.0773421e+01
   2.0752523e+01
   2.0731465e+01
   2.0710246e+01
   2.0688868e+01
   2.0667328e+01
   2.0645626e+01
   2.0623763e+01
   2.0601736e+01
   2.0579547e+01
   2.0557193e+01
   2.0534676e+01
   2.0511993e+01
   2.0489145e+01
   2.0466131e+01
   2.0442950e+01
   2.0419602e+01
   2.0396086e+01
   2.0372402e+01
   2.0348550e+01
   2.0324527e+01
   2.0300335e+01
   2.0275973e+01
   2.0251439e+01
   2.0226733e+01
   2.0201855e+01
   2.0176804e+01
   2.0151579e+01
   2.0126181e+01
   2.0100607e+01
   2.0074858e+01
   2.0048934e+01
   2.0022832e+01
   1.9996554e+01
   1.9970097e+01
   1.9943462e+01
   1.9916648e+01
   1.9889655e+01
   1.9862480e+01
   1.9835125e+01
   1.9807588e+01
   1.9779869e+01
   1.9751967e+01
   1.9723881e+01
   1.9695611e+01
   1.9667156e+01
   1.9638516e+01
   1.9609689e+01
   1.9580675e+01
   1.9551473e+01
   1.9522084e+01
   1.9492505e+01
   1.9462736e+01
   1.9432777e+01
   1.9402627e+01
   1.9372285e+01
   1.9341751e+01
   1.9311023e+01
   1.9280102e+01
   1.9248986e+01
   1.9217674e+01
   1.9186167e+01
   1.9154463e+01
   1.9122561e+01
   1.9090461e+01
   1.9058162e+01
   1.9025663e+01
   1.8992964e+01
   1.8960063e+01
   1.8926961e+01
   1.8893656e+01
   1.8860147e+01
   1.8826435e+01
   1.8792517e+01
   1.8758394e+01
   1.8724064e+01
   1.8689527e+01
   1.8654783e+01
   1.8619829e+01
   1.8584666e+01
   1.8549293e+01
   1.8513708e+01
   1.8477912e+01
   1.8441904e+01
   1.8405682e+01
   1.8369246e+01
   1.8332595e+01
   1.8295728e+01
   1.8258645e+01
   1.8221345e+01
   1.8183827e+01
   1.8146091e+01
   1.8108134e+01
   1.8069958e+01
   1.8031561e+01
   1.7992942e+01
   1.7954100e+01
   1.7915036e+01
   1.7875747e+01
   1.7836233e+01
   1.7796494e+01
   1.7756529e+01
   1.7716337e+01
   1.7675917e+01
   1.7635268e+01
   1.7594391e+01
   1.7553283e+01
   1.7511945e+01
   1.7470376e+01
   1.7428575e+01
   1.7386541e+01
   1.7344273e+01
   1.7301772e+01
   1.7259036e+01
   1.7216064e+01
   1.7172857e+01
   1.7129413e+01
   1.7085731e+01
   1.7041812e+01
   1.6997654e+01
   1.6953257e+01
   1.6908621e+01
   1.6863744e+01
   1.6818627e+01
   1.6773268e+01
   1.6727667e+01
   1.6681824e+01
   1.6635738e+01
   1.6589409e+01
   1.6542837e+01
   1.6496020e+01
   1.6448958e+01
   1.6401652e+01
   1.6354100e+01
   1.6306303e+01
   1.6258260e+01
   1.6209970e+01
   1.6161435e+01
   1.6112652e+01
   1.6063622e+01
   1.6014345e+01
   1.5964821e+01
   1.5915050e+01
   1.5865031e+01
   1.5814765e+01
   1.5764251e+01
   1.5713489e+01
   1.5662480e+01
   1.5611224e+01
   1.5559720e+01
   1.5507969e+01
   1.5455971e+01
   1.5403727e+01
   1.5351236e+01
   1.5298499e+01
   1.5245516e+01
   1.5192288e+01
   1.5138816e+01
   1.5085099e+01
   1.5031139e+01
   1.4976936e+01
   1.4922490e+01
   1.4867803e+01
   1.4812875e+01
   1.4757707e+01
   1.4702300e+01
   1.4646655e+01
   1.4590774e+01
   1.4534656e+01
   1.4478304e+01
   1.4421719e+01
   1.4364901e+01
   1.4307853e+01
   1.4250576e+01
   1.4193071e+01
   1.4135340e+01
   1.4077384e+01
   1.4019207e+01
   1.3960808e+01
   1.3902191e+01
   1.3843356e+01
   1.3784308e+01
   1.3725046e+01
   1.3665575e+01
   1.3605896e+01
   1.3546011e+01
   1.3485924e+01
   1.3425637e+01
   1.3365152e+01
   1.3304473e+01
   1.3243602e+01
   1.3182542e+01
   1.3121298e+01
   1.3059871e+01
   1.2998265e+01
   1.2936484e+01
   1.2874531e+01
   1.2812410e+01
   1.2750125e+01
   1.2687679e+01
   1.2625077e+01
   1.2562323e+01
   1.2499420e+01
   1.2436374e+01
   1.2373188e+01
   1.2309867e+01
   1.2246416e+01
   1.2182840e+01
   1.2119143e+01
   1.2055331e+01
   1.1991408e+01
   1.1927380e+01
   1.1863252e+01
   1.1799029e+01
   1.1734718e+01
   1.1670323e+01
   1.1605851e+01
   1.1541307e+01
   1.1476698e+01
   1.1412029e+01
   1.1347306e+01
   1.1282536e+01
   1.1217726e+01
   1.1152881e+01
   1.1088009e+01
   1.1023115e+01
   1.0958207e+01
   1.0893292e+01
   1.0828376e+01
   1.0763467e+01
   1.0698571e+01
   1.0633696e+01
   1.0568848e+01
   1.0504036e+01
   1.0439267e+01
   1.0374548e+01
   1.0309886e+01
   1.0245289e+01
   1.0180765e+01
   1.0116321e+01
   1.0051965e+01
   9.9877044e+00
   9.9235475e+00
   9.8595017e+00
   9.7955748e+00
   9.7317747e+00
   9.6681091e+00
   9.6045860e+00
   9.5412129e+00
   9.4779979e+00
   9.4149488e+00
   9.3520732e+00
   9.2893789e+00
   9.2268738e+00
   9.1645655e+00
   9.1024617e+00
   9.0405701e+00
   8.9788981e+00
   8.9174533e+00
   8.8562433e+00
   8.7952753e+00
   8.7345568e+00
   8.6740950e+00
   8.6138970e+00
   8.5539699e+00
   8.4943208e+00
   8.4349565e+00
   8.3758839e+00
   8.3171096e+00
   8.2586402e+00
   8.2004821e+00
   8.1426418e+00
   8.0851253e+00
   8.0279389e+00
   7.9710884e+00
   7.9145798e+00
   7.8584185e+00
   7.8026103e+00
   7.7471604e+00
   7.6920741e+00
   7.6373565e+00
   7.5830126e+00
   7.5290469e+00
   7.4754643e+00
   7.4222690e+00
   7.3694655e+00
   7.3170577e+00
   7.2650496e+00
   7.2134450e+00
   7.1622474e+00
   7.1114604e+00
   7.0610870e+00
   7.0111305e+00
   6.9615936e+00
   6.9124791e+00
   6.8637897e+00
   6.8155275e+00
   6.7676949e+00
   6.7202938e+00
   6.6733262e+00
   6.6267936e+00
   6.5806976e+00
   6.5350396e+00
   6.4898206e+00
   6.4450418e+00
   6.4007039e+00
   6.3568076e+00
   6.3133534e+00
   6.2703418e+00
   6.2277728e+00
   6.1856466e+00
   6.1439630e+00
   6.1027218e+00
   6.0619226e+00
   6.0215649e+00
   5.9816479e+00
   5.9421708e+00
   5.9031328e+00
   5.8645326e+00
   5.8263692e+00
   5.7886411e+00
   5.7513469e+00
   5.7144850e+00
   5.6780538e+00
   5.6420514e+00
   5.6064759e+00
   5.5713253e+00
   5.5365974e+00
   5.5022902e+00
   5.4684012e+00
   5.4349281e+00
   5.4018683e+00
   5.3692194e+00
   5.3369786e+00
   5.3051432e+00
   5.2737104e+00
   5.2426775e+00
   5.2120413e+00
   5.1817989e+00
   5.1519473e+00
   5.1224833e+00
   5.0934038e+00
   5.0647055e+00
   5.0363851e+00
   5.0084394e+00
   4.9808649e+00
   4.9536583e+00
   4.9268161e+00
   4.9003349e+00
   4.8742112e+00
   4.8484414e+00
   4.8230219e+00
   4.7979492e+00
   4.7732197e+00
   4.7488298e+00
   4.7247758e+00
   4.7010540e+00
   4.6776609e+00
   4.6545928e+00
   4.6318459e+00
   4.6094166e+00
   4.5873012e+00
   4.5654960e+00
   4.5439973e+00
   4.5228015e+00
   4.5019048e+00
   4.4813036e+00
   4.4609943e+00
   4.4409731e+00
   4.4212364e+00
   4.4017805e+00
   4.3826019e+00
   4.3636969e+00
