   1.1113760e+00
   1.1110314e+00
   1.1106873e+00
   1.1103437e+00
   1.1100005e+00
   1.1096577e+00
   1.1093155e+00
   1.1089736e+00
   1.1086323e+00
   1.1082914e+00
   1.1079510e+00
   1.1076110e+00
   1.1072715e+00
   1.1069324e+00
   1.1065938e+00
   1.1062556e+00
   1.1059179e+00
   1.1055807e+00
   1.1052439e+00
   1.1049075e+00
   1.1045716e+00
   1.1042362e+00
   1.1039012e+00
   1.1035666e+00
   1.1032325e+00
   1.1028989e+00
   1.1025657e+00
   1.1022329e+00
   1.1019006e+00
   1.1015687e+00
   1.1012372e+00
   1.1009062e+00
   1.1005757e+00
   1.1002456e+00
   1.0999159e+00
   1.0995866e+00
   1.0992578e+00
   1.0989295e+00
   1.0986015e+00
   1.0982740e+00
   1.0979470e+00
   1.0976204e+00
   1.0972942e+00
   1.0969684e+00
   1.0966431e+00
   1.0963182e+00
   1.0959937e+00
   1.0956696e+00
   1.0953460e+00
   1.0950228e+00
   1.0947001e+00
   1.0943777e+00
   1.0940558e+00
   1.0937343e+00
   1.0934133e+00
   1.0930926e+00
   1.0927724e+00
   1.0924526e+00
   1.0921333e+00
   1.0918143e+00
   1.0914958e+00
   1.0911777e+00
   1.0908600e+00
   1.0905427e+00
   1.0902258e+00
   1.0899094e+00
   1.0895933e+00
   1.0892777e+00
   1.0889625e+00
   1.0886477e+00
   1.0883333e+00
   1.0880193e+00
   1.0877058e+00
   1.0873926e+00
   1.0870799e+00
   1.0867675e+00
   1.0864556e+00
   1.0861441e+00
   1.0858330e+00
   1.0855223e+00
   1.0852119e+00
   1.0849020e+00
   1.0845925e+00
   1.0842834e+00
   1.0839747e+00
   1.0836665e+00
   1.0833586e+00
   1.0830511e+00
   1.0827440e+00
   1.0824373e+00
   1.0821310e+00
   1.0818251e+00
   1.0815196e+00
   1.0812144e+00
   1.0809097e+00
   1.0806054e+00
   1.0803015e+00
   1.0799979e+00
   1.0796948e+00
   1.0793920e+00
   1.0790897e+00
   1.0787877e+00
   1.0784861e+00
   1.0781849e+00
   1.0778841e+00
   1.0775837e+00
   1.0772836e+00
   1.0769840e+00
   1.0766847e+00
   1.0763858e+00
   1.0760873e+00
   1.0757892e+00
   1.0754915e+00
   1.0751941e+00
   1.0748972e+00
   1.0746006e+00
   1.0743044e+00
   1.0740085e+00
   1.0737131e+00
   1.0734180e+00
   1.0731233e+00
   1.0728290e+00
   1.0725350e+00
   1.0722414e+00
   1.0719482e+00
   1.0716554e+00
   1.0713630e+00
   1.0710709e+00
   1.0707792e+00
   1.0704878e+00
   1.0701969e+00
   1.0699063e+00
   1.0696160e+00
   1.0693262e+00
   1.0690367e+00
   1.0687476e+00
   1.0684588e+00
   1.0681704e+00
   1.0678824e+00
   1.0675947e+00
   1.0673074e+00
   1.0670205e+00
   1.0667339e+00
   1.0664477e+00
   1.0661618e+00
   1.0658764e+00
   1.0655912e+00
   1.0653064e+00
   1.0650220e+00
   1.0647380e+00
   1.0644543e+00
   1.0641709e+00
   1.0638880e+00
   1.0636053e+00
   1.0633231e+00
   1.0630411e+00
   1.0627596e+00
   1.0624784e+00
   1.0621975e+00
   1.0619170e+00
   1.0616368e+00
   1.0613570e+00
   1.0610776e+00
   1.0607985e+00
   1.0605197e+00
   1.0602413e+00
   1.0599632e+00
   1.0596855e+00
   1.0594081e+00
   1.0591311e+00
   1.0588544e+00
   1.0585781e+00
   1.0583021e+00
   1.0580265e+00
   1.0577511e+00
   1.0574762e+00
   1.0572016e+00
   1.0569273e+00
   1.0566533e+00
   1.0563797e+00
   1.0561065e+00
   1.0558336e+00
   1.0555610e+00
   1.0552887e+00
   1.0550168e+00
   1.0547452e+00
   1.0544740e+00
   1.0542031e+00
   1.0539325e+00
   1.0536623e+00
   1.0533924e+00
   1.0531228e+00
   1.0528536e+00
   1.0525847e+00
   1.0523161e+00
   1.0520478e+00
   1.0517799e+00
   1.0515123e+00
   1.0512451e+00
   1.0509781e+00
   1.0507115e+00
   1.0504452e+00
   1.0501793e+00
   1.0499137e+00
   1.0496484e+00
   1.0493834e+00
   1.0491187e+00
   1.0488544e+00
   1.0485904e+00
   1.0483267e+00
   1.0480634e+00
   1.0478003e+00
   1.0475376e+00
   1.0472752e+00
   1.0470131e+00
   1.0467514e+00
   1.0464899e+00
   1.0462288e+00
   1.0459680e+00
   1.0457075e+00
   1.0454473e+00
   1.0451874e+00
   1.0449279e+00
   1.0446687e+00
   1.0444097e+00
   1.0441511e+00
   1.0438929e+00
   1.0436349e+00
   1.0433772e+00
   1.0431198e+00
   1.0428628e+00
   1.0426061e+00
   1.0423496e+00
   1.0420935e+00
   1.0418377e+00
   1.0415822e+00
   1.0413270e+00
   1.0410721e+00
   1.0408176e+00
   1.0405633e+00
   1.0403093e+00
   1.0400556e+00
   1.0398023e+00
   1.0395492e+00
   1.0392965e+00
   1.0390440e+00
   1.0387919e+00
   1.0385400e+00
   1.0382885e+00
   1.0380372e+00
   1.0377863e+00
   1.0375356e+00
   1.0372853e+00
   1.0370352e+00
   1.0367855e+00
   1.0365360e+00
   1.0362869e+00
   1.0360380e+00
   1.0357895e+00
   1.0355412e+00
   1.0352932e+00
   1.0350455e+00
   1.0347981e+00
   1.0345510e+00
   1.0343042e+00
   1.0340577e+00
   1.0338115e+00
   1.0335656e+00
   1.0333200e+00
   1.0330746e+00
   1.0328296e+00
   1.0325848e+00
   1.0323403e+00
   1.0320961e+00
   1.0318522e+00
   1.0316086e+00
   1.0313653e+00
   1.0311222e+00
   1.0308795e+00
   1.0306370e+00
   1.0303948e+00
   1.0301529e+00
   1.0299113e+00
   1.0296700e+00
   1.0294289e+00
   1.0291881e+00
   1.0289477e+00
   1.0287074e+00
   1.0284675e+00
   1.0282279e+00
   1.0279885e+00
   1.0277494e+00
   1.0275106e+00
   1.0272721e+00
   1.0270338e+00
   1.0267959e+00
   1.0265582e+00
   1.0263207e+00
   1.0260836e+00
   1.0258467e+00
   1.0256101e+00
   1.0253738e+00
   1.0251378e+00
   1.0249020e+00
   1.0246665e+00
   1.0244313e+00
   1.0241963e+00
   1.0239616e+00
   1.0237272e+00
   1.0234931e+00
   1.0232592e+00
   1.0230256e+00
   1.0227923e+00
   1.0225592e+00
   1.0223264e+00
   1.0220939e+00
   1.0218616e+00
   1.0216296e+00
   1.0213979e+00
   1.0211664e+00
   1.0209352e+00
   1.0207043e+00
   1.0204736e+00
   1.0202432e+00
   1.0200131e+00
   1.0197832e+00
   1.0195536e+00
   1.0193243e+00
   1.0190952e+00
   1.0188663e+00
   1.0186378e+00
   1.0184095e+00
   1.0181814e+00
   1.0179536e+00
   1.0177261e+00
   1.0174989e+00
   1.0172718e+00
   1.0170451e+00
   1.0168186e+00
   1.0165924e+00
   1.0163664e+00
   1.0161407e+00
   1.0159152e+00
   1.0156900e+00
   1.0154650e+00
   1.0152403e+00
   1.0150159e+00
   1.0147917e+00
   1.0145677e+00
   1.0143440e+00
   1.0141206e+00
   1.0138974e+00
   1.0136745e+00
   1.0134518e+00
   1.0132294e+00
   1.0130072e+00
   1.0127853e+00
   1.0125636e+00
   1.0123421e+00
   1.0121209e+00
   1.0119000e+00
   1.0116793e+00
   1.0114589e+00
   1.0112387e+00
   1.0110187e+00
   1.0107990e+00
   1.0105795e+00
   1.0103603e+00
   1.0101414e+00
   1.0099226e+00
   1.0097041e+00
   1.0094859e+00
   1.0092679e+00
   1.0090501e+00
   1.0088326e+00
   1.0086154e+00
   1.0083983e+00
   1.0081815e+00
   1.0079650e+00
   1.0077487e+00
   1.0075326e+00
   1.0073168e+00
   1.0071012e+00
   1.0068858e+00
   1.0066707e+00
   1.0064558e+00
   1.0062412e+00
   1.0060268e+00
   1.0058126e+00
   1.0055987e+00
   1.0053850e+00
   1.0051715e+00
   1.0049583e+00
   1.0047453e+00
   1.0045325e+00
   1.0043200e+00
   1.0041077e+00
   1.0038956e+00
   1.0036838e+00
   1.0034722e+00
   1.0032608e+00
   1.0030497e+00
   1.0028388e+00
   1.0026281e+00
   1.0024176e+00
   1.0022074e+00
   1.0019974e+00
   1.0017877e+00
   1.0015781e+00
   1.0013688e+00
   1.0011598e+00
   1.0009509e+00
   1.0007423e+00
   1.0005339e+00
   1.0003257e+00
   1.0001178e+00
   9.9991006e-01
   9.9970256e-01
   9.9949529e-01
   9.9928825e-01
   9.9908142e-01
   9.9887482e-01
   9.9866844e-01
   9.9846229e-01
   9.9825635e-01
   9.9805064e-01
   9.9784515e-01
   9.9763988e-01
   9.9743483e-01
   9.9723000e-01
   9.9702539e-01
   9.9682100e-01
   9.9661683e-01
   9.9641288e-01
   9.9620915e-01
   9.9600563e-01
   9.9580233e-01
   9.9559925e-01
   9.9539639e-01
   9.9519374e-01
   9.9499131e-01
   9.9478909e-01
   9.9458709e-01
   9.9438530e-01
   9.9418373e-01
   9.9398237e-01
   9.9378123e-01
   9.9358030e-01
   9.9337958e-01
   9.9317907e-01
   9.9297878e-01
   9.9277870e-01
   9.9257883e-01
   9.9237918e-01
   9.9217973e-01
   9.9198049e-01
   9.9178147e-01
   9.9158265e-01
   9.9138405e-01
   9.9118565e-01
   9.9098746e-01
   9.9078948e-01
   9.9059171e-01
   9.9039414e-01
   9.9019679e-01
   9.8999964e-01
   9.8980269e-01
   9.8960596e-01
   9.8940943e-01
   9.8921310e-01
   9.8901698e-01
   9.8882106e-01
   9.8862535e-01
   9.8842985e-01
   9.8823454e-01
   9.8803944e-01
   9.8784455e-01
   9.8764986e-01
   9.8745536e-01
   9.8726108e-01
   9.8706699e-01
   9.8687310e-01
   9.8667942e-01
   9.8648594e-01
   9.8629265e-01
   9.8609957e-01
   9.8590669e-01
   9.8571400e-01
   9.8552152e-01
   9.8532923e-01
   9.8513714e-01
   9.8494525e-01
   9.8475356e-01
   9.8456206e-01
   9.8437077e-01
   9.8417967e-01
   9.8398876e-01
   9.8379805e-01
   9.8360754e-01
   9.8341722e-01
   9.8322710e-01
   9.8303717e-01
   9.8284744e-01
   9.8265790e-01
   9.8246855e-01
   9.8227940e-01
   9.8209044e-01
   9.8190167e-01
   9.8171310e-01
   9.8152472e-01
   9.8133652e-01
   9.8114853e-01
   9.8096072e-01
   9.8077310e-01
   9.8058567e-01
   9.8039844e-01
   9.8021139e-01
   9.8002453e-01
   9.7983786e-01
   9.7965139e-01
   9.7946509e-01
   9.7927899e-01
   9.7909308e-01
   9.7890735e-01
   9.7872181e-01
   9.7853646e-01
   9.7835129e-01
   9.7816631e-01
   9.7798152e-01
   9.7779691e-01
   9.7761248e-01
   9.7742825e-01
   9.7724419e-01
   9.7706032e-01
   9.7687664e-01
   9.7669314e-01
   9.7650982e-01
   9.7632669e-01
   9.7614374e-01
   9.7596097e-01
   9.7577838e-01
   9.7559598e-01
   9.7541375e-01
   9.7523171e-01
   9.7504985e-01
   9.7486817e-01
   9.7468667e-01
   9.7450535e-01
   9.7432421e-01
   9.7414325e-01
   9.7396247e-01
   9.7378187e-01
   9.7360144e-01
   9.7342120e-01
   9.7324113e-01
   9.7306124e-01
   9.7288153e-01
   9.7270199e-01
   9.7252264e-01
   9.7234345e-01
   9.7216445e-01
   9.7198680e-01
   1.1140888e+00
   1.2556845e+00
   1.3967772e+00
   1.5374404e+00
   1.6777469e+00
   1.8177790e+00
   1.9576116e+00
   2.0973209e+00
   2.2369852e+00
   2.3766859e+00
   2.5165107e+00
   2.6565573e+00
   2.7969397e+00
   2.9377974e+00
   3.0793085e+00
   3.2217070e+00
   3.3653101e+00
   3.5105540e+00
   3.6580465e+00
   3.8086430e+00
   3.9635565e+00
   4.1245315e+00
   4.2941115e+00
   4.4760987e+00
   4.6763458e+00
   4.9042367e+00
   5.1756008e+00
   5.5188728e+00
   5.9887132e+00
   6.6962635e+00
   7.8614491e+00
   9.6755578e+00
   9.6516815e+00
   7.6444668e+00
   6.5673883e+00
   6.0996018e+00
   5.8745471e+00
   5.7434619e+00
   5.6541689e+00
   5.5896305e+00
   5.5397035e+00
   5.4995895e+00
   5.4670569e+00
   5.4409105e+00
   5.4203543e+00
   5.4047467e+00
   5.3935166e+00
   5.3861352e+00
   5.3821091e+00
   5.3809798e+00
   5.5091426e+00
   5.6385514e+00
   5.7685306e+00
   5.8985153e+00
   6.0280089e+00
   6.1545900e+00
   6.2779885e+00
   6.3979918e+00
   6.5144349e+00
   6.6271940e+00
   6.7361810e+00
   6.8413368e+00
   6.9426282e+00
   7.0400451e+00
   7.1335966e+00
   7.2233079e+00
   7.3092198e+00
   7.3913856e+00
   7.4698702e+00
   7.5447480e+00
   7.6161022e+00
   7.6840233e+00
   7.7486077e+00
   7.8099566e+00
   7.8681749e+00
   7.9233702e+00
   7.9756517e+00
   8.0251296e+00
   8.0719139e+00
   8.1161142e+00
   8.1578389e+00
   8.1971943e+00
   8.2342849e+00
   8.2692127e+00
   8.3020769e+00
   8.3329737e+00
   8.3619965e+00
   8.3892354e+00
   8.4147770e+00
   8.4387053e+00
   8.4611004e+00
   8.4820395e+00
   8.5015967e+00
   8.5198428e+00
   8.5368456e+00
   8.5526702e+00
   8.5673784e+00
   8.5810297e+00
   8.5936803e+00
   8.6053845e+00
   8.6161936e+00
   8.6261567e+00
   8.6353206e+00
   8.6437298e+00
   8.6514268e+00
   8.6584519e+00
   8.6648437e+00
   8.6706387e+00
   8.6758717e+00
   8.6805759e+00
   8.6847828e+00
   8.6885225e+00
   8.6918233e+00
   8.6947125e+00
   8.6972157e+00
   8.6993575e+00
   8.7011611e+00
   8.7026485e+00
   8.7038408e+00
   8.7047578e+00
   8.7054187e+00
   8.7058412e+00
   8.7060426e+00
   8.7060389e+00
   8.7058457e+00
   8.7054776e+00
   8.7049481e+00
   8.7042707e+00
   8.7034578e+00
   8.7025212e+00
   8.7014722e+00
   8.7003213e+00
   8.6990788e+00
   8.6977541e+00
   8.6963563e+00
   8.6948940e+00
   8.6933752e+00
   8.6918078e+00
   8.6901991e+00
   8.6885561e+00
   8.6868850e+00
   8.6851924e+00
   8.6834839e+00
   8.6817652e+00
   8.6800417e+00
   8.6783183e+00
   8.6765996e+00
   8.6748902e+00
   8.6731943e+00
   8.6715160e+00
   8.6698592e+00
   8.6682272e+00
   8.6666236e+00
   8.6650517e+00
   8.6635144e+00
   8.6620147e+00
   8.6605553e+00
   8.6591389e+00
   8.6577682e+00
   8.6564451e+00
   8.6551721e+00
   8.6539513e+00
   8.6527847e+00
   8.6516744e+00
   8.6506220e+00
   8.6496294e+00
   8.6486983e+00
   8.6478302e+00
   8.6470268e+00
   8.6462894e+00
   8.6456195e+00
   8.6450185e+00
   8.6444878e+00
   8.6440285e+00
   8.6436419e+00
   8.6433292e+00
   8.6430916e+00
   8.6429304e+00
   8.6428465e+00
   8.6428410e+00
   8.6429151e+00
   8.6430699e+00
   8.6433063e+00
   8.6436255e+00
   8.6440282e+00
   8.6445157e+00
   8.6450892e+00
   8.6457495e+00
   8.6464978e+00
   8.6473349e+00
   8.6482621e+00
   8.6492804e+00
   8.6503908e+00
   8.6515947e+00
   8.6528929e+00
   8.6542867e+00
   8.6557773e+00
   8.6573658e+00
   8.6590536e+00
   8.6608418e+00
   8.6627320e+00
   8.6647252e+00
   8.6668228e+00
   8.6690264e+00
   8.6713373e+00
   8.6737572e+00
   8.6762874e+00
   8.6789295e+00
   8.6816852e+00
   8.6845563e+00
   8.6875444e+00
   8.6906513e+00
   8.6938787e+00
   8.6972285e+00
   8.7007029e+00
   8.7043036e+00
   8.7080327e+00
   8.7118923e+00
   8.7158846e+00
   8.7200116e+00
   8.7242755e+00
   8.7286786e+00
   8.7332231e+00
   8.7379114e+00
   8.7427459e+00
   8.7477285e+00
   8.7528617e+00
   8.7581477e+00
   8.7635890e+00
   8.7691876e+00
   8.7749459e+00
   8.7808658e+00
   8.7869492e+00
   8.7931981e+00
   8.7996142e+00
   8.8061990e+00
   8.8129541e+00
   8.8198802e+00
   8.8269786e+00
   8.8342496e+00
   8.8416935e+00
   8.8493103e+00
   8.8570995e+00
   8.8650600e+00
   8.8731906e+00
   8.8814893e+00
   8.8899535e+00
   8.8985806e+00
   8.9073667e+00
   8.9163078e+00
   8.9253989e+00
   8.9346350e+00
   8.9440100e+00
   8.9535176e+00
   8.9631505e+00
   8.9729012e+00
   8.9827620e+00
   8.9927243e+00
   9.0027791e+00
   9.0129179e+00
   9.0231312e+00
   9.0334096e+00
   9.0437437e+00
   9.0541241e+00
   9.0645416e+00
   9.0749871e+00
   9.0854513e+00
   9.0959256e+00
   9.1064019e+00
   9.1168721e+00
   9.1273287e+00
   9.1377646e+00
   9.1481729e+00
   9.1585480e+00
   9.1688836e+00
   9.1791749e+00
   9.1894172e+00
   9.1996062e+00
   9.2097380e+00
   9.2198093e+00
   9.2298171e+00
   9.2397591e+00
   9.2496327e+00
   9.2594366e+00
   9.2691689e+00
   9.2788287e+00
   9.2884151e+00
   9.2979271e+00
   9.3073645e+00
   9.3167269e+00
   9.3260144e+00
   9.3352270e+00
   9.3443650e+00
   9.3534286e+00
   9.3624186e+00
   9.3713353e+00
   9.3801795e+00
   9.3889519e+00
   9.3976532e+00
   9.4062843e+00
   9.4148460e+00
   9.4233393e+00
   9.4317652e+00
   9.4401245e+00
   9.4484182e+00
   9.4566473e+00
   9.4648128e+00
   9.4729156e+00
   9.4809568e+00
   9.4889372e+00
   9.4968579e+00
   9.5047199e+00
   9.5125239e+00
   9.5202709e+00
   9.5279618e+00
   9.5355972e+00
   9.5431784e+00
   9.5507059e+00
   9.5581808e+00
   9.5656039e+00
   9.5729759e+00
   9.5802976e+00
   9.5875696e+00
   9.5947930e+00
   9.6019682e+00
   9.6090959e+00
   9.6161768e+00
   9.6232118e+00
   9.6302012e+00
   9.6371460e+00
   9.6440466e+00
   9.6509039e+00
   9.6577183e+00
   9.6644901e+00
   9.6712204e+00
   9.6779095e+00
   9.6845576e+00
   9.6911658e+00
   9.6977341e+00
   9.7042636e+00
   9.7107545e+00
   9.7172075e+00
   9.7236227e+00
   9.7300009e+00
   9.7363425e+00
   9.7426480e+00
   9.7489177e+00
   9.7551522e+00
   9.7613517e+00
   9.7675170e+00
   9.7736484e+00
   9.7797462e+00
   9.7858107e+00
   9.7918426e+00
   9.7978422e+00
   9.8038099e+00
   9.8097460e+00
   9.8156509e+00
   9.8215253e+00
   9.8273693e+00
   9.8331834e+00
   9.8389680e+00
   9.8447232e+00
   9.8504496e+00
   9.8561475e+00
   9.8618173e+00
   9.8674593e+00
   9.8730739e+00
   9.8786613e+00
   9.8842220e+00
   9.8897563e+00
   9.8952644e+00
   9.9007468e+00
   9.9062039e+00
   9.9116358e+00
   9.9170430e+00
   9.9224257e+00
   9.9277844e+00
   9.9331190e+00
   9.9384303e+00
   9.9437183e+00
   9.9489835e+00
   9.9542261e+00
   9.9594465e+00
   9.9646448e+00
   9.9698214e+00
   9.9749766e+00
   9.9801107e+00
   9.9852239e+00
   9.9903164e+00
   9.9953888e+00
   1.0000441e+01
   1.0005474e+01
   1.0010487e+01
   1.0015481e+01
   1.0020455e+01
   1.0025412e+01
   1.0030350e+01
   1.0035269e+01
   1.0040171e+01
   1.0045055e+01
   1.0049922e+01
   1.0054771e+01
   1.0059604e+01
   1.0064420e+01
   1.0069219e+01
   1.0074002e+01
   1.0078769e+01
   1.0083521e+01
   1.0088256e+01
   1.0092977e+01
   1.0097682e+01
   1.0102373e+01
   1.0107048e+01
   1.0111710e+01
   1.0116357e+01
   1.0120990e+01
   1.0125609e+01
   1.0130215e+01
   1.0134807e+01
   1.0139385e+01
   1.0143951e+01
   1.0148504e+01
   1.0153044e+01
   1.0157572e+01
   1.0162087e+01
   1.0166591e+01
   1.0171082e+01
   1.0175561e+01
   1.0180029e+01
   1.0184486e+01
   1.0188931e+01
   1.0193365e+01
   1.0197788e+01
   1.0202201e+01
   1.0206602e+01
   1.0210994e+01
   1.0215375e+01
   1.0219746e+01
   1.0224107e+01
   1.0228458e+01
   1.0232800e+01
   1.0237132e+01
   1.0241455e+01
   1.0245768e+01
   1.0250072e+01
   1.0254368e+01
   1.0258654e+01
   1.0262932e+01
   1.0267202e+01
   1.0271462e+01
   1.0275715e+01
   1.0279960e+01
   1.0284196e+01
   1.0288425e+01
   1.0292645e+01
   1.0296858e+01
   1.0301064e+01
   1.0305262e+01
   1.0309452e+01
   1.0313636e+01
   1.0317812e+01
   1.0321982e+01
   1.0326144e+01
   1.0330300e+01
   1.0334449e+01
   1.0338592e+01
   1.0342728e+01
   1.0346858e+01
   1.0350981e+01
   1.0355099e+01
   1.0359210e+01
   1.0363316e+01
   1.0367415e+01
   1.0371509e+01
   1.0375597e+01
   1.0379679e+01
   1.0383756e+01
   1.0387827e+01
   1.0391894e+01
   1.0395955e+01
   1.0400010e+01
   1.0404061e+01
   1.0408107e+01
   1.0412148e+01
   1.0416184e+01
   1.0420215e+01
   1.0424241e+01
   1.0428263e+01
   1.0432281e+01
   1.0436294e+01
   1.0440302e+01
   1.0444307e+01
   1.0448307e+01
   1.0452302e+01
   1.0456294e+01
   1.0460282e+01
   1.0464265e+01
   1.0468245e+01
   1.0472221e+01
   1.0476194e+01
   1.0480162e+01
   1.0484127e+01
   1.0488088e+01
   1.0492046e+01
   1.0496000e+01
   1.0499951e+01
   1.0503899e+01
   1.0507843e+01
   1.0511784e+01
   1.0515721e+01
   1.0519656e+01
   1.0523588e+01
   1.0527516e+01
   1.0531441e+01
   1.0535364e+01
   1.0539284e+01
   1.0543201e+01
   1.0547115e+01
   1.0551026e+01
   1.0554935e+01
   1.0558841e+01
   1.0562744e+01
   1.0566645e+01
   1.0570543e+01
   1.0574439e+01
   1.0578333e+01
   1.0582224e+01
   1.0586113e+01
   1.0589999e+01
   1.0593883e+01
   1.0597765e+01
   1.0601645e+01
   1.0605523e+01
   1.0609399e+01
   1.0613273e+01
   1.0617144e+01
   1.0621014e+01
   1.0624882e+01
   1.0628748e+01
   1.0632612e+01
   1.0636474e+01
   1.0640334e+01
   1.0644193e+01
   1.0648050e+01
   1.0651905e+01
   1.0655759e+01
   1.0659611e+01
   1.0663461e+01
   1.0667310e+01
   1.0671157e+01
   1.0675003e+01
   1.0678848e+01
   1.0682690e+01
   1.0686532e+01
   1.0690372e+01
   1.0694211e+01
   1.0698048e+01
   1.0701884e+01
   1.0705720e+01
   1.0709553e+01
   1.0713386e+01
   1.0717217e+01
   1.0721048e+01
   1.0724876e+01
   1.0728704e+01
   1.0732531e+01
   1.0736357e+01
   1.0740182e+01
   1.0744006e+01
   1.0747829e+01
   1.0751651e+01
   1.0755472e+01
   1.0759292e+01
   1.0763112e+01
   1.0766930e+01
   1.0770748e+01
   1.0774565e+01
   1.0778380e+01
   1.0782196e+01
   1.0786010e+01
   1.0789824e+01
   1.0793637e+01
   1.0797449e+01
   1.0801260e+01
   1.0805072e+01
   1.0808882e+01
   1.0812692e+01
   1.0816501e+01
   1.0820309e+01
   1.0824117e+01
   1.0827925e+01
   1.0831732e+01
   1.0835538e+01
   1.0839344e+01
   1.0843150e+01
   1.0846955e+01
   1.0850760e+01
   1.0854564e+01
   1.0858368e+01
   1.0862171e+01
   1.0865975e+01
   1.0869777e+01
   1.0873580e+01
   1.0877382e+01
   1.0881184e+01
   1.0884986e+01
   1.0888787e+01
   1.0892589e+01
   1.0896390e+01
   1.0900191e+01
   1.0903991e+01
   1.0907792e+01
   1.0911592e+01
   1.0915392e+01
   1.0919192e+01
   1.0922992e+01
   1.0926791e+01
   1.0930591e+01
   1.0934390e+01
   1.0938190e+01
   1.0941989e+01
   1.0945789e+01
   1.0949588e+01
   1.0953388e+01
   1.0957187e+01
   1.0960986e+01
   1.0964785e+01
   1.0968584e+01
   1.0972384e+01
   1.0976183e+01
   1.0979983e+01
   1.0983782e+01
   1.0987582e+01
   1.0991382e+01
   1.0995182e+01
   1.0998982e+01
   1.1002782e+01
   1.1006582e+01
   1.1010383e+01
   1.1014183e+01
   1.1017984e+01
   1.1021785e+01
   1.1025586e+01
   1.1029388e+01
   1.1033189e+01
   1.1036991e+01
   1.1040793e+01
   1.1044596e+01
   1.1048398e+01
   1.1052201e+01
   1.1056005e+01
   1.1059808e+01
   1.1063612e+01
   1.1067416e+01
   1.1071220e+01
   1.1075025e+01
   1.1078830e+01
   1.1082635e+01
   1.1086441e+01
   1.1090247e+01
   1.1094053e+01
   1.1097860e+01
   1.1101667e+01
   1.1105475e+01
   1.1109283e+01
   1.1113091e+01
   1.1116900e+01
   1.1120709e+01
   1.1124519e+01
   1.1128329e+01
   1.1132139e+01
   1.1135950e+01
   1.1139762e+01
   1.1143574e+01
   1.1147386e+01
   1.1151199e+01
   1.1155012e+01
   1.1158826e+01
   1.1162640e+01
   1.1166455e+01
   1.1170270e+01
   1.1174086e+01
   1.1177902e+01
   1.1181719e+01
   1.1185537e+01
   1.1189355e+01
   1.1193173e+01
   1.1196992e+01
   1.1200812e+01
   1.1204633e+01
   1.1208454e+01
   1.1212275e+01
   1.1216098e+01
   1.1219920e+01
   1.1223744e+01
   1.1227568e+01
   1.1231392e+01
   1.1235217e+01
   1.1239043e+01
   1.1242870e+01
   1.1246697e+01
   1.1250525e+01
   1.1254353e+01
   1.1258182e+01
   1.1262012e+01
   1.1265842e+01
   1.1269673e+01
   1.1273505e+01
   1.1277337e+01
   1.1281171e+01
   1.1285004e+01
   1.1288839e+01
   1.1292674e+01
   1.1296510e+01
   1.1300347e+01
   1.1304184e+01
   1.1308023e+01
   1.1311861e+01
   1.1315701e+01
   1.1319541e+01
   1.1323383e+01
   1.1327224e+01
   1.1331067e+01
   1.1334911e+01
   1.1338754e+01
   1.1342599e+01
   1.1346445e+01
   1.1350291e+01
   1.1354138e+01
   1.1357986e+01
   1.1361835e+01
   1.1365684e+01
   1.1369534e+01
   1.1373386e+01
   1.1377237e+01
   1.1381090e+01
   1.1384944e+01
   1.1388798e+01
   1.1392653e+01
   1.1396509e+01
   1.1400365e+01
   1.1404223e+01
   1.1408081e+01
   1.1411940e+01
   1.1415800e+01
   1.1419661e+01
   1.1423523e+01
   1.1427385e+01
   1.1431249e+01
   1.1435113e+01
   1.1438978e+01
   1.1442843e+01
   1.1446710e+01
   1.1450578e+01
   1.1454447e+01
   1.1458316e+01
   1.1462186e+01
   1.1466057e+01
   1.1469929e+01
   1.1473802e+01
   1.1477675e+01
   1.1481550e+01
   1.1485425e+01
   1.1489301e+01
   1.1493178e+01
   1.1497056e+01
   1.1500934e+01
   1.1504814e+01
   1.1508694e+01
   1.1512576e+01
   1.1516458e+01
   1.1520341e+01
   1.1524226e+01
   1.1528111e+01
   1.1531997e+01
   1.1535884e+01
   1.1539771e+01
   1.1543660e+01
   1.1547550e+01
   1.1551440e+01
   1.1555332e+01
   1.1559224e+01
   1.1563118e+01
   1.1567012e+01
   1.1570907e+01
   1.1574803e+01
   1.1578700e+01
   1.1582598e+01
   1.1586497e+01
   1.1590397e+01
   1.1594298e+01
   1.1598200e+01
   1.1602102e+01
   1.1606006e+01
   1.1609910e+01
   1.1613816e+01
   1.1617722e+01
   1.1621629e+01
   1.1625537e+01
   1.1629447e+01
   1.1633357e+01
   1.1637268e+01
   1.1641180e+01
   1.1645093e+01
   1.1649006e+01
   1.1652921e+01
   1.1656837e+01
   1.1660753e+01
   1.1664671e+01
   1.1668589e+01
   1.1672509e+01
   1.1676429e+01
   1.1680350e+01
   1.1684273e+01
   1.1688196e+01
   1.1692121e+01
   1.1696046e+01
   1.1699972e+01
   1.1703899e+01
   1.1707827e+01
   1.1711756e+01
   1.1715686e+01
   1.1719617e+01
   1.1723548e+01
   1.1727481e+01
   1.1731415e+01
   1.1735350e+01
   1.1739285e+01
   1.1743222e+01
   1.1747160e+01
   1.1751098e+01
   1.1755037e+01
   1.1758978e+01
   1.1762919e+01
   1.1766861e+01
   1.1770804e+01
   1.1774748e+01
   1.1778694e+01
   1.1782640e+01
   1.1786587e+01
   1.1790535e+01
   1.1794484e+01
   1.1798434e+01
   1.1802385e+01
   1.1806336e+01
   1.1810289e+01
   1.1814243e+01
   1.1818197e+01
   1.1822153e+01
   1.1826110e+01
   1.1830067e+01
   1.1834025e+01
   1.1837985e+01
   1.1841945e+01
   1.1845907e+01
   1.1849869e+01
   1.1853832e+01
   1.1857796e+01
   1.1861761e+01
   1.1865727e+01
   1.1869694e+01
   1.1873661e+01
   1.1877630e+01
   1.1881600e+01
   1.1885571e+01
   1.1889542e+01
   1.1893515e+01
   1.1897489e+01
   1.1901463e+01
   1.1905438e+01
   1.1909415e+01
   1.1913392e+01
   1.1917370e+01
   1.1921349e+01
   1.1925329e+01
   1.1929310e+01
   1.1933292e+01
   1.1937275e+01
   1.1941259e+01
   1.1945243e+01
   1.1949229e+01
   1.1953215e+01
   1.1957202e+01
   1.1961191e+01
   1.1965180e+01
   1.1969170e+01
   1.1973161e+01
   1.1977153e+01
   1.1981146e+01
   1.1985140e+01
   1.1989135e+01
   1.1993130e+01
   1.1997127e+01
   1.2001125e+01
   1.2005123e+01
   1.2009122e+01
   1.2013122e+01
   1.2017123e+01
   1.2021125e+01
   1.2025128e+01
   1.2029132e+01
   1.2033137e+01
   1.2037142e+01
   1.2041149e+01
   1.2045156e+01
   1.2049165e+01
   1.2053174e+01
   1.2057184e+01
   1.2061195e+01
   1.2065206e+01
   1.2069219e+01
   1.2073233e+01
   1.2077247e+01
   1.2081262e+01
   1.2085279e+01
   1.2089296e+01
   1.2093314e+01
   1.2097333e+01
   1.2101352e+01
   1.2105373e+01
   1.2109394e+01
   1.2113416e+01
   1.2117439e+01
   1.2121463e+01
   1.2125488e+01
   1.2129514e+01
   1.2133541e+01
   1.2137568e+01
   1.2141597e+01
   1.2145626e+01
   1.2149656e+01
   1.2153687e+01
   1.2157718e+01
   1.2161751e+01
   1.2165784e+01
   1.2169818e+01
   1.2173853e+01
   1.2177889e+01
   1.2181926e+01
   1.2185964e+01
   1.2190002e+01
   1.2194041e+01
   1.2198081e+01
   1.2202122e+01
   1.2206164e+01
   1.2210206e+01
   1.2214249e+01
   1.2218293e+01
   1.2222338e+01
   1.2226384e+01
   1.2230431e+01
   1.2234478e+01
   1.2238526e+01
   1.2242575e+01
   1.2246625e+01
   1.2250676e+01
   1.2254727e+01
   1.2258779e+01
   1.2262832e+01
   1.2266886e+01
   1.2270941e+01
   1.2274996e+01
   1.2279052e+01
   1.2283109e+01
   1.2287167e+01
   1.2291225e+01
   1.2295284e+01
   1.2299344e+01
   1.2303405e+01
   1.2307467e+01
   1.2311529e+01
   1.2315592e+01
   1.2319656e+01
   1.2323720e+01
   1.2327786e+01
   1.2331852e+01
   1.2335919e+01
   1.2339986e+01
   1.2344055e+01
   1.2348124e+01
   1.2352194e+01
   1.2356264e+01
   1.2360336e+01
   1.2364408e+01
   1.2368481e+01
   1.2372554e+01
   1.2376628e+01
   1.2380703e+01
   1.2384779e+01
   1.2388856e+01
   1.2392933e+01
   1.2397011e+01
   1.2401090e+01
   1.2405169e+01
   1.2409249e+01
   1.2413330e+01
   1.2417411e+01
   1.2421493e+01
   1.2425576e+01
   1.2429660e+01
   1.2433744e+01
   1.2437829e+01
   1.2441915e+01
   1.2446001e+01
   1.2450089e+01
   1.2454176e+01
   1.2458265e+01
   1.2462354e+01
   1.2466444e+01
   1.2470534e+01
   1.2474626e+01
   1.2478717e+01
   1.2482810e+01
   1.2486903e+01
   1.2490997e+01
   1.2495092e+01
   1.2499187e+01
   1.2503283e+01
   1.2507380e+01
   1.2511477e+01
   1.2515575e+01
   1.2519673e+01
   1.2523773e+01
   1.2527872e+01
   1.2531973e+01
   1.2536074e+01
   1.2540176e+01
   1.2544278e+01
   1.2548381e+01
   1.2552485e+01
   1.2556589e+01
   1.2560694e+01
   1.2564800e+01
   1.2568906e+01
   1.2573013e+01
   1.2577120e+01
   1.2581228e+01
   1.2585337e+01
   1.2589446e+01
   1.2593556e+01
   1.2597666e+01
   1.2601778e+01
   1.2605889e+01
   1.2610002e+01
   1.2614115e+01
   1.2618228e+01
   1.2622343e+01
   1.2626457e+01
   1.2630573e+01
   1.2634688e+01
   1.2638805e+01
   1.2642922e+01
   1.2647040e+01
   1.2651158e+01
   1.2655277e+01
   1.2659396e+01
   1.2663516e+01
   1.2667637e+01
   1.2671758e+01
   1.2675880e+01
   1.2680002e+01
   1.2684125e+01
   1.2688248e+01
   1.2692372e+01
   1.2696496e+01
   1.2700622e+01
   1.2704747e+01
   1.2708873e+01
   1.2713000e+01
   1.2717128e+01
   1.2721255e+01
   1.2725384e+01
   1.2729513e+01
   1.2733642e+01
   1.2737772e+01
   1.2741902e+01
   1.2746033e+01
   1.2750165e+01
   1.2754297e+01
   1.2758430e+01
   1.2762563e+01
   1.2766697e+01
   1.2770831e+01
   1.2774966e+01
   1.2779101e+01
   1.2783237e+01
   1.2787373e+01
   1.2791510e+01
   1.2795647e+01
   1.2799785e+01
   1.2803923e+01
   1.2808062e+01
   1.2812201e+01
   1.2816341e+01
   1.2820481e+01
   1.2824622e+01
   1.2828763e+01
   1.2832905e+01
   1.2837047e+01
   1.2841190e+01
   1.2845333e+01
   1.2849477e+01
   1.2853621e+01
   1.2857766e+01
   1.2861911e+01
   1.2866057e+01
   1.2870203e+01
   1.2874350e+01
   1.2878497e+01
   1.2882644e+01
   1.2886792e+01
   1.2890940e+01
   1.2895089e+01
   1.2899239e+01
   1.2903388e+01
   1.2907538e+01
   1.2911689e+01
   1.2915840e+01
   1.2919992e+01
   1.2924144e+01
   1.2928296e+01
   1.2932449e+01
   1.2936602e+01
   1.2940756e+01
   1.2944910e+01
   1.2949065e+01
   1.2953220e+01
   1.2957376e+01
   1.2961532e+01
   1.2965688e+01
   1.2969845e+01
   1.2974002e+01
   1.2978160e+01
   1.2982318e+01
   1.2986477e+01
   1.2990636e+01
   1.2994795e+01
   1.2998955e+01
   1.3003115e+01
   1.3007276e+01
   1.3011437e+01
   1.3015598e+01
   1.3019760e+01
   1.3023923e+01
   1.3028086e+01
   1.3032249e+01
   1.3036412e+01
   1.3040576e+01
   1.3044741e+01
   1.3048906e+01
   1.3053071e+01
   1.3057236e+01
   1.3061402e+01
   1.3065569e+01
   1.3069736e+01
   1.3073903e+01
   1.3078071e+01
   1.3082239e+01
   1.3086407e+01
   1.3090576e+01
   1.3094745e+01
   1.3098914e+01
   1.3103084e+01
   1.3107255e+01
   1.3111425e+01
   1.3115596e+01
   1.3119768e+01
   1.3123940e+01
   1.3128112e+01
   1.3132285e+01
   1.3136458e+01
   1.3140631e+01
   1.3144805e+01
   1.3148979e+01
   1.3153154e+01
   1.3157328e+01
   1.3161504e+01
   1.3165680e+01
   1.3169856e+01
   1.3174032e+01
   1.3178209e+01
   1.3182386e+01
   1.3186563e+01
   1.3190741e+01
   1.3194919e+01
   1.3199098e+01
   1.3203277e+01
   1.3207456e+01
   1.3211636e+01
   1.3215816e+01
   1.3219996e+01
   1.3224177e+01
   1.3228358e+01
   1.3232539e+01
   1.3236721e+01
   1.3240904e+01
   1.3245086e+01
   1.3249269e+01
   1.3253452e+01
   1.3257636e+01
   1.3261820e+01
   1.3266004e+01
   1.3270189e+01
   1.3274374e+01
   1.3278559e+01
   1.3282744e+01
   1.3286930e+01
   1.3291117e+01
   1.3295303e+01
   1.3299490e+01
   1.3303678e+01
   1.3307865e+01
   1.3312053e+01
   1.3316242e+01
   1.3320430e+01
   1.3324619e+01
   1.3328809e+01
   1.3332998e+01
   1.3337188e+01
   1.3341379e+01
   1.3345570e+01
   1.3349761e+01
   1.3353952e+01
   1.3358144e+01
   1.3362336e+01
   1.3366529e+01
   1.3370722e+01
   1.3374915e+01
   1.3379108e+01
   1.3383302e+01
   1.3387496e+01
   1.3391690e+01
   1.3395885e+01
   1.3400080e+01
   1.3404276e+01
   1.3408472e+01
   1.3412668e+01
   1.3416864e+01
   1.3421061e+01
   1.3425258e+01
   1.3429456e+01
   1.3433654e+01
   1.3437852e+01
   1.3442050e+01
   1.3446249e+01
   1.3450448e+01
   1.3454647e+01
   1.3458847e+01
   1.3463047e+01
   1.3467248e+01
   1.3471448e+01
   1.3475649e+01
   1.3479851e+01
   1.3484052e+01
   1.3488254e+01
   1.3492457e+01
   1.3496660e+01
   1.3500863e+01
   1.3505066e+01
   1.3509269e+01
   1.3513473e+01
   1.3517678e+01
   1.3521882e+01
   1.3526087e+01
   1.3530293e+01
   1.3534498e+01
   1.3538704e+01
   1.3542910e+01
   1.3547117e+01
   1.3551324e+01
   1.3555531e+01
   1.3559739e+01
   1.3563947e+01
   1.3568155e+01
   1.3572363e+01
   1.3576572e+01
   1.3580781e+01
   1.3584991e+01
   1.3589201e+01
   1.3593411e+01
   1.3597621e+01
   1.3601832e+01
   1.3606043e+01
   1.3610255e+01
   1.3614467e+01
   1.3618679e+01
   1.3622891e+01
   1.3627104e+01
   1.3631317e+01
   1.3635531e+01
   1.3639744e+01
   1.3643958e+01
   1.3648173e+01
   1.3652388e+01
   1.3656603e+01
   1.3660818e+01
   1.3665034e+01
   1.3669250e+01
   1.3673466e+01
   1.3677683e+01
   1.3681900e+01
   1.3686118e+01
   1.3690335e+01
   1.3694553e+01
   1.3698772e+01
   1.3702991e+01
   1.3707210e+01
   1.3711429e+01
   1.3715649e+01
   1.3719869e+01
   1.3724089e+01
   1.3728310e+01
   1.3732531e+01
   1.3736752e+01
   1.3740974e+01
   1.3745196e+01
   1.3749418e+01
   1.3753641e+01
   1.3757864e+01
   1.3762087e+01
   1.3766311e+01
   1.3770535e+01
   1.3774760e+01
   1.3778984e+01
   1.3783210e+01
   1.3787435e+01
   1.3791661e+01
   1.3795887e+01
   1.3800113e+01
   1.3804340e+01
   1.3808567e+01
   1.3812794e+01
   1.3817022e+01
   1.3821250e+01
   1.3825478e+01
   1.3829707e+01
   1.3833936e+01
   1.3838166e+01
   1.3842395e+01
   1.3846626e+01
   1.3850856e+01
   1.3855087e+01
   1.3859318e+01
   1.3863549e+01
   1.3867781e+01
   1.3872013e+01
   1.3876246e+01
   1.3880479e+01
   1.3884712e+01
   1.3888945e+01
   1.3893179e+01
   1.3897413e+01
   1.3901648e+01
   1.3905883e+01
   1.3910118e+01
   1.3914354e+01
   1.3918590e+01
   1.3922826e+01
   1.3927063e+01
   1.3931300e+01
   1.3935537e+01
   1.3939775e+01
   1.3944013e+01
   1.3948251e+01
   1.3952490e+01
   1.3956729e+01
   1.3960969e+01
   1.3965208e+01
   1.3969449e+01
   1.3973689e+01
   1.3977930e+01
   1.3982171e+01
   1.3986413e+01
   1.3990655e+01
   1.3994897e+01
   1.3999140e+01
   1.4003383e+01
   1.4007626e+01
   1.4011870e+01
   1.4016114e+01
   1.4020358e+01
   1.4024603e+01
   1.4028848e+01
   1.4033093e+01
   1.4037339e+01
   1.4041585e+01
   1.4045832e+01
   1.4050078e+01
   1.4054326e+01
   1.4058573e+01
   1.4062821e+01
   1.4067069e+01
   1.4071318e+01
   1.4075567e+01
   1.4079816e+01
   1.4084066e+01
   1.4088316e+01
   1.4092566e+01
   1.4096817e+01
   1.4101068e+01
   1.4105319e+01
   1.4109571e+01
   1.4113823e+01
   1.4118075e+01
   1.4122328e+01
   1.4126581e+01
   1.4130835e+01
   1.4135089e+01
   1.4139343e+01
   1.4143597e+01
   1.4147852e+01
   1.4152107e+01
   1.4156363e+01
   1.4160619e+01
   1.4164875e+01
   1.4169131e+01
   1.4173388e+01
   1.4177645e+01
   1.4181903e+01
   1.4186161e+01
   1.4190419e+01
   1.4194678e+01
   1.4198937e+01
   1.4203196e+01
   1.4207455e+01
   1.4211715e+01
   1.4215976e+01
   1.4220236e+01
   1.4224497e+01
   1.4228758e+01
   1.4233020e+01
   1.4237282e+01
   1.4241544e+01
   1.4245806e+01
   1.4250069e+01
   1.4254332e+01
   1.4258596e+01
   1.4262859e+01
   1.4267123e+01
   1.4271388e+01
   1.4275653e+01
   1.4279918e+01
   1.4284183e+01
   1.4288448e+01
   1.4292714e+01
   1.4296981e+01
   1.4301247e+01
   1.4305514e+01
   1.4309781e+01
   1.4314048e+01
   1.4318316e+01
   1.4322584e+01
   1.4326852e+01
   1.4331121e+01
   1.4335390e+01
   1.4339659e+01
   1.4343928e+01
   1.4348198e+01
   1.4352468e+01
   1.4356738e+01
   1.4361008e+01
   1.4365279e+01
   1.4369550e+01
   1.4373821e+01
   1.4378092e+01
   1.4382364e+01
   1.4386636e+01
   1.4390908e+01
   1.4395181e+01
   1.4399453e+01
   1.4403726e+01
   1.4408000e+01
   1.4412273e+01
   1.4416547e+01
   1.4420821e+01
   1.4425095e+01
   1.4429369e+01
   1.4433643e+01
   1.4437918e+01
   1.4442193e+01
   1.4446468e+01
   1.4450743e+01
   1.4455019e+01
   1.4459294e+01
   1.4463570e+01
   1.4467846e+01
   1.4472122e+01
   1.4476399e+01
   1.4480675e+01
   1.4484952e+01
   1.4489229e+01
   1.4493505e+01
   1.4497782e+01
   1.4502060e+01
   1.4506337e+01
   1.4510614e+01
   1.4514892e+01
   1.4519169e+01
   1.4523447e+01
   1.4527725e+01
   1.4532003e+01
   1.4536281e+01
   1.4540559e+01
   1.4544837e+01
   1.4549115e+01
   1.4553393e+01
   1.4557671e+01
   1.4561950e+01
   1.4566228e+01
   1.4570506e+01
   1.4574785e+01
   1.4579063e+01
   1.4583342e+01
   1.4587620e+01
   1.4591898e+01
   1.4596177e+01
   1.4600455e+01
   1.4604733e+01
   1.4609012e+01
   1.4613290e+01
   1.4617568e+01
   1.4621846e+01
   1.4626124e+01
   1.4630402e+01
   1.4634680e+01
   1.4638958e+01
   1.4643235e+01
   1.4647513e+01
   1.4651790e+01
   1.4656068e+01
   1.4660345e+01
   1.4664622e+01
   1.4668898e+01
   1.4673175e+01
   1.4677451e+01
   1.4681728e+01
   1.4686003e+01
   1.4690279e+01
   1.4694555e+01
   1.4698830e+01
   1.4703105e+01
   1.4707380e+01
   1.4711654e+01
   1.4715928e+01
   1.4720202e+01
   1.4724476e+01
   1.4728749e+01
   1.4733022e+01
   1.4737294e+01
   1.4741566e+01
   1.4745838e+01
   1.4750110e+01
   1.4754381e+01
   1.4758651e+01
   1.4762921e+01
   1.4767191e+01
   1.4771460e+01
   1.4775729e+01
   1.4779997e+01
   1.4784265e+01
   1.4788532e+01
   1.4792798e+01
   1.4797064e+01
   1.4801330e+01
   1.4805595e+01
   1.4809859e+01
   1.4814123e+01
   1.4818386e+01
   1.4822648e+01
   1.4826910e+01
   1.4831171e+01
   1.4835431e+01
   1.4839691e+01
   1.4843950e+01
   1.4848208e+01
   1.4852465e+01
   1.4856722e+01
   1.4860978e+01
   1.4865233e+01
   1.4869487e+01
   1.4873740e+01
   1.4877992e+01
   1.4882244e+01
   1.4886494e+01
   1.4890743e+01
   1.4894992e+01
   1.4899240e+01
   1.4903486e+01
   1.4907732e+01
   1.4911976e+01
   1.4916219e+01
   1.4920462e+01
   1.4924703e+01
   1.4928943e+01
   1.4933181e+01
   1.4937419e+01
   1.4941656e+01
   1.4945891e+01
   1.4950124e+01
   1.4954357e+01
   1.4958588e+01
   1.4962818e+01
   1.4967047e+01
   1.4971274e+01
   1.4975500e+01
   1.4979724e+01
   1.4983947e+01
   1.4988168e+01
   1.4992388e+01
   1.4996606e+01
   1.5000823e+01
   1.5005038e+01
   1.5009251e+01
   1.5013463e+01
   1.5017673e+01
   1.5021882e+01
   1.5026088e+01
   1.5030293e+01
   1.5034496e+01
   1.5038697e+01
   1.5042896e+01
   1.5047094e+01
   1.5051289e+01
   1.5055482e+01
   1.5059674e+01
   1.5063863e+01
   1.5068050e+01
   1.5072236e+01
   1.5076419e+01
   1.5080599e+01
   1.5084778e+01
   1.5088955e+01
   1.5093129e+01
   1.5097300e+01
   1.5101470e+01
   1.5105637e+01
   1.5109802e+01
   1.5113964e+01
   1.5118124e+01
   1.5122281e+01
   1.5126435e+01
   1.5130587e+01
   1.5134737e+01
   1.5138883e+01
   1.5143027e+01
   1.5147168e+01
   1.5151306e+01
   1.5155442e+01
   1.5159574e+01
   1.5163704e+01
   1.5167830e+01
   1.5171954e+01
   1.5176074e+01
   1.5180192e+01
   1.5184306e+01
   1.5188417e+01
   1.5192525e+01
   1.5196629e+01
   1.5200730e+01
   1.5204828e+01
   1.5208922e+01
   1.5213013e+01
   1.5217100e+01
   1.5221184e+01
   1.5225264e+01
   1.5229340e+01
   1.5233413e+01
   1.5237482e+01
   1.5241547e+01
   1.5245608e+01
   1.5249665e+01
   1.5253718e+01
   1.5257767e+01
   1.5261812e+01
   1.5265853e+01
   1.5269890e+01
   1.5273922e+01
   1.5277951e+01
   1.5281974e+01
   1.5285994e+01
   1.5290009e+01
   1.5294019e+01
   1.5298025e+01
   1.5302026e+01
   1.5306022e+01
   1.5310014e+01
   1.5314001e+01
   1.5317983e+01
   1.5321960e+01
   1.5325932e+01
   1.5329899e+01
   1.5333860e+01
   1.5337817e+01
   1.5341768e+01
   1.5345714e+01
   1.5349655e+01
   1.5353590e+01
   1.5357520e+01
   1.5361444e+01
   1.5365362e+01
   1.5369275e+01
   1.5373182e+01
   1.5377083e+01
   1.5380978e+01
   1.5384867e+01
   1.5388750e+01
   1.5392627e+01
   1.5396498e+01
   1.5400363e+01
   1.5404221e+01
   1.5408073e+01
   1.5411918e+01
   1.5415757e+01
   1.5419589e+01
   1.5423414e+01
   1.5427233e+01
   1.5431044e+01
   1.5434849e+01
   1.5438647e+01
   1.5442438e+01
   1.5446221e+01
   1.5449997e+01
   1.5453766e+01
   1.5457528e+01
   1.5461282e+01
   1.5465028e+01
   1.5468767e+01
   1.5472498e+01
   1.5476221e+01
   1.5479937e+01
   1.5483644e+01
   1.5487343e+01
   1.5491035e+01
   1.5494718e+01
   1.5498392e+01
   1.5502059e+01
   1.5505716e+01
   1.5509365e+01
   1.5513006e+01
   1.5516638e+01
   1.5520261e+01
   1.5523875e+01
   1.5527479e+01
   1.5531075e+01
   1.5534662e+01
   1.5538239e+01
   1.5541807e+01
   1.5545366e+01
   1.5548914e+01
   1.5552454e+01
   1.5555983e+01
   1.5559503e+01
   1.5563012e+01
   1.5566512e+01
   1.5570001e+01
   1.5573480e+01
   1.5576949e+01
   1.5580407e+01
   1.5583855e+01
   1.5587292e+01
   1.5590719e+01
   1.5594134e+01
   1.5597539e+01
   1.5600933e+01
   1.5604315e+01
   1.5607687e+01
   1.5611046e+01
   1.5614395e+01
   1.5617732e+01
   1.5621057e+01
   1.5624370e+01
   1.5627672e+01
   1.5630962e+01
   1.5634239e+01
   1.5637505e+01
   1.5640758e+01
   1.5643998e+01
   1.5647226e+01
   1.5650442e+01
   1.5653645e+01
   1.5656835e+01
   1.5660012e+01
   1.5663176e+01
   1.5666326e+01
   1.5669464e+01
   1.5672588e+01
   1.5675699e+01
   1.5678796e+01
   1.5681879e+01
   1.5684948e+01
   1.5688004e+01
   1.5691045e+01
   1.5694072e+01
   1.5697085e+01
   1.5700084e+01
   1.5703068e+01
   1.5706037e+01
   1.5708992e+01
   1.5711931e+01
   1.5714856e+01
   1.5717766e+01
   1.5720660e+01
   1.5723539e+01
   1.5726403e+01
   1.5729251e+01
   1.5732083e+01
   1.5734900e+01
   1.5737700e+01
   1.5740485e+01
   1.5743253e+01
   1.5746005e+01
   1.5748740e+01
   1.5751459e+01
   1.5754162e+01
   1.5756847e+01
   1.5759516e+01
   1.5762168e+01
   1.5764802e+01
   1.5767419e+01
   1.5770019e+01
   1.5772602e+01
   1.5775166e+01
   1.5777713e+01
   1.5780242e+01
   1.5782753e+01
   1.5785246e+01
   1.5787720e+01
   1.5790177e+01
   1.5792614e+01
   1.5795033e+01
   1.5797433e+01
   1.5799815e+01
   1.5802177e+01
   1.5804520e+01
   1.5806844e+01
   1.5809149e+01
   1.5811434e+01
   1.5813699e+01
   1.5815945e+01
   1.5818170e+01
   1.5820376e+01
   1.5822561e+01
   1.5824726e+01
   1.5826871e+01
   1.5828995e+01
   1.5831099e+01
   1.5833182e+01
   1.5835243e+01
   1.5837284e+01
   1.5839304e+01
   1.5841302e+01
   1.5843278e+01
   1.5845234e+01
   1.5847167e+01
   1.5849078e+01
   1.5850968e+01
   1.5852836e+01
   1.5854681e+01
   1.5856504e+01
   1.5858304e+01
   1.5860082e+01
   1.5861837e+01
   1.5863569e+01
   1.5865278e+01
   1.5866964e+01
   1.5868626e+01
   1.5870265e+01
   1.5871881e+01
   1.5873473e+01
   1.5875041e+01
   1.5876585e+01
   1.5878105e+01
   1.5879601e+01
   1.5881072e+01
   1.5882519e+01
   1.5883941e+01
   1.5885339e+01
   1.5886711e+01
   1.5888058e+01
   1.5889381e+01
   1.5890677e+01
   1.5891949e+01
   1.5893195e+01
   1.5894415e+01
   1.5895609e+01
   1.5896777e+01
   1.5897919e+01
   1.5899035e+01
   1.5900124e+01
   1.5901187e+01
   1.5902223e+01
   1.5903232e+01
   1.5904214e+01
   1.5905169e+01
   1.5906096e+01
   1.5906996e+01
   1.5907868e+01
   1.5908713e+01
   1.5909530e+01
   1.5910318e+01
   1.5911079e+01
   1.5911812e+01
   1.5912516e+01
   1.5913191e+01
   1.5913837e+01
   1.5914454e+01
   1.5915043e+01
   1.5915602e+01
   1.5916131e+01
   1.5916631e+01
   1.5917102e+01
   1.5917542e+01
   1.5917953e+01
   1.5918333e+01
   1.5918682e+01
   1.5919002e+01
   1.5919291e+01
   1.5919549e+01
   1.5919776e+01
   1.5919971e+01
   1.5920136e+01
   1.5920269e+01
   1.5920370e+01
   1.5920440e+01
   1.5920477e+01
   1.5920483e+01
   1.5920456e+01
   1.5920397e+01
   1.5920304e+01
   1.5920179e+01
   1.5920021e+01
   1.5919831e+01
   1.5919606e+01
   1.5919348e+01
   1.5919057e+01
   1.5918732e+01
   1.5918372e+01
   1.5917978e+01
   1.5917550e+01
   1.5917087e+01
   1.5916590e+01
   1.5916058e+01
   1.5915490e+01
   1.5914886e+01
   1.5914248e+01
   1.5913574e+01
   1.5912863e+01
   1.5912117e+01
   1.5911333e+01
   1.5910514e+01
   1.5909659e+01
   1.5908766e+01
   1.5907835e+01
   1.5906868e+01
   1.5905863e+01
   1.5904820e+01
   1.5903740e+01
   1.5902621e+01
   1.5901463e+01
   1.5900268e+01
   1.5899034e+01
   1.5897760e+01
   1.5896448e+01
   1.5895095e+01
   1.5893704e+01
   1.5892272e+01
   1.5890801e+01
   1.5889289e+01
   1.5887737e+01
   1.5886144e+01
   1.5884511e+01
   1.5882836e+01
   1.5881119e+01
   1.5879361e+01
   1.5877561e+01
   1.5875720e+01
   1.5873835e+01
   1.5871908e+01
   1.5869939e+01
   1.5867926e+01
   1.5865870e+01
   1.5863771e+01
   1.5861627e+01
   1.5859440e+01
   1.5857209e+01
   1.5854933e+01
   1.5852613e+01
   1.5850248e+01
   1.5847837e+01
   1.5845381e+01
   1.5842879e+01
   1.5840332e+01
   1.5837738e+01
   1.5835098e+01
   1.5832411e+01
   1.5829677e+01
   1.5826896e+01
   1.5824068e+01
   1.5821191e+01
   1.5818267e+01
   1.5815295e+01
   1.5812274e+01
   1.5809205e+01
   1.5806086e+01
   1.5802918e+01
   1.5799701e+01
   1.5796434e+01
   1.5793116e+01
   1.5789749e+01
   1.5786331e+01
   1.5782862e+01
   1.5779341e+01
   1.5775769e+01
   1.5772146e+01
   1.5768470e+01
   1.5764743e+01
   1.5760963e+01
   1.5757130e+01
   1.5753245e+01
   1.5749305e+01
   1.5745312e+01
   1.5741266e+01
   1.5737165e+01
   1.5733009e+01
   1.5728799e+01
   1.5724534e+01
   1.5720214e+01
   1.5715838e+01
   1.5711406e+01
   1.5706918e+01
   1.5702374e+01
   1.5697773e+01
   1.5693115e+01
   1.5688399e+01
   1.5683627e+01
   1.5678796e+01
   1.5673908e+01
   1.5668960e+01
   1.5663954e+01
   1.5658889e+01
   1.5653765e+01
   1.5648581e+01
   1.5643337e+01
   1.5638034e+01
   1.5632670e+01
   1.5627244e+01
   1.5621758e+01
   1.5616210e+01
   1.5610600e+01
   1.5604929e+01
   1.5599196e+01
   1.5593399e+01
   1.5587541e+01
   1.5581619e+01
   1.5575633e+01
   1.5569584e+01
   1.5563470e+01
   1.5557293e+01
   1.5551050e+01
   1.5544743e+01
   1.5538370e+01
   1.5531932e+01
   1.5525428e+01
   1.5518857e+01
   1.5512221e+01
   1.5505517e+01
   1.5498746e+01
   1.5491908e+01
   1.5485002e+01
   1.5478028e+01
   1.5470985e+01
   1.5463874e+01
   1.5456694e+01
   1.5449445e+01
   1.5442126e+01
   1.5434737e+01
   1.5427278e+01
   1.5419748e+01
   1.5412147e+01
   1.5404474e+01
   1.5396730e+01
   1.5388914e+01
   1.5381026e+01
   1.5373065e+01
   1.5365031e+01
   1.5356924e+01
   1.5348744e+01
   1.5340489e+01
   1.5332160e+01
   1.5323756e+01
   1.5315277e+01
   1.5306723e+01
   1.5298093e+01
   1.5289387e+01
   1.5280605e+01
   1.5271746e+01
   1.5262810e+01
   1.5253797e+01
   1.5244705e+01
   1.5235536e+01
   1.5226287e+01
   1.5216960e+01
   1.5207554e+01
   1.5198067e+01
   1.5188501e+01
   1.5178854e+01
   1.5169126e+01
   1.5159318e+01
   1.5149427e+01
   1.5139456e+01
   1.5129401e+01
   1.5119264e+01
   1.5109043e+01
   1.5098740e+01
   1.5088352e+01
   1.5077881e+01
   1.5067324e+01
   1.5056683e+01
   1.5045957e+01
   1.5035145e+01
   1.5024246e+01
   1.5013261e+01
   1.5002188e+01
   1.4991028e+01
   1.4979781e+01
   1.4968444e+01
   1.4957020e+01
   1.4945505e+01
   1.4933902e+01
   1.4922208e+01
   1.4910424e+01
   1.4898549e+01
   1.4886583e+01
   1.4874525e+01
   1.4862374e+01
   1.4850131e+01
   1.4837795e+01
   1.4825364e+01
   1.4812840e+01
   1.4800221e+01
   1.4787507e+01
   1.4774698e+01
   1.4761793e+01
   1.4748791e+01
   1.4735693e+01
   1.4722497e+01
   1.4709202e+01
   1.4695810e+01
   1.4682319e+01
   1.4668729e+01
   1.4655038e+01
   1.4641247e+01
   1.4627355e+01
   1.4613362e+01
   1.4599266e+01
   1.4585068e+01
   1.4570768e+01
   1.4556363e+01
   1.4541854e+01
   1.4527240e+01
   1.4512522e+01
   1.4497698e+01
   1.4482767e+01
   1.4467729e+01
   1.4452585e+01
   1.4437331e+01
   1.4421970e+01
   1.4406499e+01
   1.4390919e+01
   1.4375229e+01
   1.4359427e+01
   1.4343514e+01
   1.4327489e+01
   1.4311351e+01
   1.4295100e+01
   1.4278735e+01
   1.4262255e+01
   1.4245661e+01
   1.4228950e+01
   1.4212123e+01
   1.4195179e+01
   1.4178118e+01
   1.4160938e+01
   1.4143639e+01
   1.4126221e+01
   1.4108682e+01
   1.4091022e+01
   1.4073241e+01
   1.4055338e+01
   1.4037312e+01
   1.4019162e+01
   1.4000888e+01
   1.3982490e+01
   1.3963965e+01
   1.3945314e+01
   1.3926536e+01
   1.3907630e+01
   1.3888596e+01
   1.3869433e+01
   1.3850139e+01
   1.3830715e+01
   1.3811160e+01
   1.3791473e+01
   1.3771653e+01
   1.3751699e+01
   1.3731611e+01
   1.3711387e+01
   1.3691028e+01
   1.3670532e+01
   1.3649900e+01
   1.3629128e+01
   1.3608218e+01
   1.3587169e+01
   1.3565979e+01
   1.3544648e+01
   1.3523175e+01
   1.3501560e+01
   1.3479801e+01
   1.3457897e+01
   1.3435848e+01
   1.3413654e+01
   1.3391313e+01
   1.3368824e+01
   1.3346187e+01
   1.3323401e+01
   1.3300464e+01
   1.3277378e+01
   1.3254139e+01
   1.3230749e+01
   1.3207205e+01
   1.3183507e+01
   1.3159654e+01
   1.3135645e+01
   1.3111481e+01
   1.3087158e+01
   1.3062677e+01
   1.3038038e+01
   1.3013238e+01
   1.2988278e+01
   1.2963156e+01
   1.2937872e+01
   1.2912425e+01
   1.2886814e+01
   1.2861038e+01
   1.2835096e+01
   1.2808988e+01
   1.2782712e+01
   1.2756269e+01
   1.2729657e+01
   1.2702874e+01
   1.2675922e+01
   1.2648798e+01
   1.2621502e+01
   1.2594033e+01
   1.2566390e+01
   1.2538572e+01
   1.2510579e+01
   1.2482410e+01
   1.2454064e+01
   1.2425540e+01
   1.2396838e+01
   1.2367957e+01
   1.2338897e+01
   1.2309655e+01
   1.2280231e+01
   1.2250626e+01
   1.2220838e+01
   1.2190867e+01
   1.2160711e+01
   1.2130370e+01
   1.2099844e+01
   1.2069132e+01
   1.2038233e+01
   1.2007147e+01
   1.1975872e+01
   1.1944409e+01
   1.1912757e+01
   1.1880915e+01
   1.1848882e+01
   1.1816659e+01
   1.1784245e+01
   1.1751638e+01
   1.1718840e+01
   1.1685849e+01
   1.1652665e+01
   1.1619287e+01
   1.1585716e+01
   1.1551951e+01
   1.1517991e+01
   1.1483836e+01
   1.1449486e+01
   1.1414941e+01
   1.1380201e+01
   1.1345265e+01
   1.1310134e+01
   1.1274807e+01
   1.1239284e+01
   1.1203565e+01
   1.1167651e+01
   1.1131541e+01
   1.1095235e+01
   1.1058733e+01
   1.1022037e+01
   1.0985145e+01
   1.0948058e+01
   1.0910776e+01
   1.0873300e+01
   1.0835631e+01
   1.0797768e+01
   1.0759713e+01
   1.0721464e+01
   1.0683024e+01
   1.0644394e+01
   1.0605572e+01
   1.0566562e+01
   1.0527362e+01
   1.0487975e+01
   1.0448401e+01
   1.0408642e+01
   1.0368697e+01
   1.0328569e+01
   1.0288259e+01
   1.0247767e+01
   1.0207096e+01
   1.0166245e+01
   1.0125219e+01
   1.0084016e+01
   1.0042640e+01
   1.0001092e+01
   9.9593739e+00
   9.9174876e+00
   9.8754352e+00
   9.8332184e+00
   9.7908393e+00
   9.7482999e+00
   9.7056025e+00
   9.6627501e+00
   9.6197446e+00
   9.5765887e+00
   9.5332849e+00
   9.4898360e+00
   9.4462447e+00
   9.4025136e+00
   9.3586461e+00
   9.3146448e+00
   9.2705132e+00
   9.2262541e+00
   9.1818714e+00
   9.1373684e+00
   9.0927484e+00
   9.0480147e+00
   9.0031715e+00
   8.9582222e+00
   8.9131710e+00
   8.8680215e+00
   8.8227779e+00
   8.7774442e+00
   8.7320245e+00
   8.6865231e+00
   8.6409447e+00
   8.5952937e+00
   8.5495742e+00
   8.5037910e+00
   8.4579489e+00
   8.4120528e+00
   8.3661074e+00
   8.3201179e+00
   8.2740887e+00
   8.2280254e+00
   8.1819326e+00
   8.1358160e+00
   8.0896808e+00
   8.0435322e+00
   7.9973760e+00
   7.9512169e+00
   7.9050606e+00
   7.8589133e+00
   7.8127798e+00
   7.7666660e+00
   7.7205777e+00
   7.6745211e+00
   7.6285010e+00
   7.5825233e+00
   7.5365945e+00
   7.4907201e+00
   7.4449058e+00
   7.3991580e+00
   7.3534819e+00
   7.3078837e+00
   7.2623695e+00
   7.2169447e+00
   7.1716151e+00
   7.1263873e+00
   7.0812667e+00
   7.0362589e+00
   6.9913704e+00
   6.9466063e+00
   6.9019732e+00
   6.8574766e+00
   6.8131220e+00
   6.7689151e+00
   6.7248615e+00
   6.6809667e+00
   6.6372363e+00
   6.5936758e+00
   6.5502906e+00
   6.5070856e+00
   6.4640663e+00
   6.4212384e+00
   6.3786065e+00
   6.3361760e+00
   6.2939515e+00
   6.2519378e+00
   6.2101398e+00
   6.1685621e+00
   6.1272090e+00
   6.0860859e+00
   6.0451962e+00
   6.0045445e+00
   5.9641352e+00
   5.9239719e+00
   5.8840588e+00
   5.8443997e+00
   5.8049984e+00
   5.7658580e+00
   5.7269825e+00
   5.6883749e+00
   5.6500387e+00
   5.6119765e+00
   5.5741919e+00
   5.5366872e+00
   5.4994655e+00
   5.4625290e+00
   5.4258806e+00
   5.3895223e+00
   5.3534566e+00
   5.3176855e+00
   5.2822105e+00
   5.2470339e+00
   5.2121571e+00
   5.1775820e+00
   5.1433098e+00
   5.1093419e+00
   5.0756791e+00
   5.0423230e+00
   5.0092742e+00
   4.9765337e+00
   4.9441019e+00
   4.9119800e+00
   4.8801680e+00
   4.8486663e+00
   4.8174752e+00
   4.7865950e+00
   4.7560256e+00
   4.7257661e+00
   4.6958175e+00
   4.6661786e+00
   4.6368499e+00
   4.6078302e+00
   4.5791191e+00
   4.5507160e+00
   4.5226198e+00
   4.4948301e+00
   4.4673456e+00
   4.4401653e+00
   4.4132880e+00
   4.3867127e+00
   4.3604379e+00
   4.3344624e+00
   4.3087847e+00
   4.2834034e+00
   4.2583167e+00
   4.2335231e+00
   4.2090208e+00
   4.1848082e+00
   4.1608835e+00
   4.1372446e+00
   4.1138897e+00
   4.0908168e+00
   4.0680238e+00
   4.0455088e+00
   4.0232696e+00
   4.0013040e+00
   3.9796100e+00
   3.9581851e+00
   3.9370272e+00
   3.9161341e+00
   3.8955032e+00
   3.8751322e+00
   3.8550184e+00
   3.8351601e+00
   3.8155543e+00
   3.7961989e+00
   3.7770913e+00
   3.7582290e+00
   3.7396095e+00
   3.7212302e+00
   3.7030886e+00
   3.6851823e+00
   3.6675086e+00
   3.6500651e+00
   3.6328491e+00
   3.6158580e+00
   3.5990893e+00
   3.5825406e+00
   3.5662087e+00
   3.5500918e+00
   3.5341870e+00
   3.5184918e+00
   3.5030035e+00
   3.4877196e+00
   3.4726377e+00
   3.4577537e+00
   3.4430661e+00
   3.4285745e+00
   3.4142731e+00
   3.4001627e+00
   3.3862389e+00
   3.3724996e+00
   3.3589421e+00
   3.3455630e+00
   3.3323605e+00
   3.3193340e+00
   3.3064796e+00
   3.2937950e+00
   3.2812779e+00
   3.2689260e+00
   3.2567367e+00
   3.2447080e+00
   3.2328375e+00
   3.2211229e+00
   3.2095612e+00
   3.1981516e+00
   3.1868913e+00
   3.1757780e+00
   3.1648097e+00
   3.1539841e+00
   3.1432986e+00
   3.1327521e+00
   3.1223418e+00
   3.1120661e+00
   3.1019226e+00
   3.0919094e+00
   3.0820244e+00
   3.0722661e+00
   3.0626322e+00
   3.0531207e+00
   3.0437299e+00
   3.0344577e+00
   3.0253024e+00
   3.0162621e+00
   3.0073352e+00
   2.9985199e+00
   2.9898141e+00
   2.9812163e+00
   2.9727248e+00
   2.9643379e+00
   2.9560539e+00
   2.9478711e+00
   2.9397880e+00
   2.9318028e+00
   2.9239142e+00
   2.9161204e+00
   2.9084199e+00
   2.9008115e+00
   2.8932934e+00
   2.8858643e+00
   2.8785226e+00
   2.8712668e+00
   2.8640955e+00
   2.8570075e+00
   2.8500013e+00
   2.8430756e+00
   2.8362290e+00
   2.8294603e+00
   2.8227683e+00
   2.8161516e+00
   2.8096091e+00
   2.8031436e+00
   3.0949986e+00
   3.3794884e+00
   3.6570746e+00
   3.9282414e+00
   4.1934336e+00
   4.4531922e+00
   4.7079046e+00
   4.9579246e+00
   5.2035746e+00
   5.4451476e+00
   5.6829099e+00
   5.9171033e+00
   6.1479472e+00
   6.3756407e+00
   6.6003671e+00
   6.8222942e+00
   7.0415800e+00
   7.2583761e+00
   7.4728305e+00
   7.6850956e+00
   7.8953308e+00
   8.1037106e+00
   8.3104318e+00
   8.5157194e+00
   8.7198355e+00
   8.9230868e+00
   9.1258317e+00
   9.3284889e+00
   9.5315424e+00
   9.7355484e+00
   9.9411362e+00
   1.0149009e+01
   1.0359939e+01
   1.0574750e+01
   1.0794298e+01
   1.1019426e+01
   1.1250896e+01
   1.1489281e+01
   1.1734800e+01
   1.1987070e+01
   1.2244747e+01
   1.2505001e+01
   1.2763110e+01
   1.3013410e+01
   1.3249226e+01
   1.3463292e+01
   1.3648894e+01
   1.3801251e+01
   1.3918519e+01
   1.4001929e+01
   1.4030187e+01
   1.4049970e+01
   1.4063432e+01
   1.4072388e+01
   1.4078215e+01
   1.4081898e+01
   1.4084148e+01
   1.4085456e+01
   1.4086154e+01
   1.4086465e+01
   1.4086531e+01
   1.4086447e+01
   1.4086273e+01
   1.4086045e+01
   1.4085786e+01
   1.4085510e+01
   1.4085226e+01
   1.4084937e+01
   1.4084646e+01
   1.4084354e+01
   1.4084062e+01
   1.4083770e+01
   1.4083477e+01
   1.4083183e+01
   1.4082887e+01
   1.4082589e+01
   1.4082289e+01
   1.4081987e+01
   1.4081681e+01
   1.4081371e+01
   1.4081058e+01
   1.4080741e+01
   1.4080419e+01
   1.4080093e+01
   1.4079762e+01
   1.4079426e+01
   1.4079084e+01
   1.4078738e+01
   1.4078385e+01
   1.4078028e+01
   1.4077664e+01
   1.4077295e+01
   1.4076921e+01
   1.4076540e+01
   1.4076153e+01
   1.4075761e+01
   1.4075362e+01
   1.4074957e+01
   1.4074547e+01
   1.4074130e+01
   1.4073707e+01
   1.4073278e+01
   1.4072844e+01
   1.4072403e+01
   1.4071956e+01
   1.4071504e+01
   1.4071045e+01
   1.4070581e+01
   1.4070111e+01
   1.4069635e+01
   1.4069153e+01
   1.4068666e+01
   1.4068172e+01
   1.4067674e+01
   1.4067169e+01
   1.4066659e+01
   1.4066143e+01
   1.4065622e+01
   1.4065095e+01
   1.4064562e+01
   1.4064024e+01
   1.4063481e+01
   1.4062932e+01
   1.4062378e+01
   1.4061819e+01
   1.4061254e+01
   1.4060683e+01
   1.4060107e+01
   1.4059526e+01
   1.4058940e+01
   1.4058349e+01
   1.4057752e+01
   1.4057150e+01
   1.4056543e+01
   1.4055930e+01
   1.4055313e+01
   1.4054690e+01
   1.4054063e+01
   1.4053430e+01
   1.4052792e+01
   1.4052149e+01
   1.4051501e+01
   1.4050848e+01
   1.4050190e+01
   1.4049526e+01
   1.4048858e+01
   1.4048185e+01
   1.4047506e+01
   1.4046823e+01
   1.4046135e+01
   1.4045441e+01
   1.4044743e+01
   1.4044039e+01
   1.4043331e+01
   1.4042617e+01
   1.4041898e+01
   1.4041174e+01
   1.4040445e+01
   1.4039712e+01
   1.4038973e+01
   1.4038229e+01
   1.4037480e+01
   1.4036726e+01
   1.4035967e+01
   1.4035203e+01
   1.4034434e+01
   1.4033660e+01
   1.4032880e+01
   1.4032096e+01
   1.4031307e+01
   1.4030512e+01
   1.4029713e+01
   1.4028908e+01
   1.4028098e+01
   1.4027283e+01
   1.4026463e+01
   1.4025638e+01
   1.4024808e+01
   1.4023972e+01
   1.4023132e+01
   1.4022286e+01
   1.4021435e+01
   1.4020578e+01
   1.4019717e+01
   1.4018850e+01
   1.4017978e+01
   1.4017100e+01
   1.4016218e+01
   1.4015330e+01
   1.4014436e+01
   1.4013538e+01
   1.4012634e+01
   1.4011725e+01
   1.4010810e+01
   1.4009890e+01
   1.4008965e+01
   1.4008034e+01
   1.4007098e+01
   1.4006156e+01
   1.4005209e+01
   1.4004257e+01
   1.4003299e+01
   1.4002336e+01
   1.4001367e+01
   1.4000392e+01
   1.3999412e+01
   1.3998426e+01
   1.3997435e+01
   1.3996439e+01
   1.3995436e+01
   1.3994428e+01
   1.3993414e+01
   1.3992395e+01
   1.3991369e+01
   1.3990338e+01
   1.3989302e+01
   1.3988259e+01
   1.3987211e+01
   1.3986157e+01
   1.3985098e+01
   1.3984032e+01
   1.3982961e+01
   1.3981884e+01
   1.3980801e+01
   1.3979712e+01
   1.3978617e+01
   1.3977516e+01
   1.3976409e+01
   1.3975297e+01
   1.3974178e+01
   1.3973053e+01
   1.3971923e+01
   1.3970786e+01
   1.3969643e+01
   1.3968495e+01
   1.3967340e+01
   1.3966179e+01
   1.3965012e+01
   1.3963838e+01
   1.3962659e+01
   1.3961473e+01
   1.3960281e+01
   1.3959083e+01
   1.3957878e+01
   1.3956668e+01
   1.3955451e+01
   1.3954227e+01
   1.3952998e+01
   1.3951762e+01
   1.3950520e+01
   1.3949271e+01
   1.3948016e+01
   1.3946755e+01
   1.3945487e+01
   1.3944213e+01
   1.3942932e+01
   1.3941645e+01
   1.3940351e+01
   1.3939051e+01
   1.3937745e+01
   1.3936431e+01
   1.3935112e+01
   1.3933785e+01
   1.3932453e+01
   1.3931113e+01
   1.3929767e+01
   1.3928414e+01
   1.3927055e+01
   1.3925688e+01
   1.3924316e+01
   1.3922936e+01
   1.3921550e+01
   1.3920157e+01
   1.3918757e+01
   1.3917350e+01
   1.3915937e+01
   1.3914517e+01
   1.3913090e+01
   1.3911656e+01
   1.3910216e+01
   1.3908769e+01
   1.3907315e+01
   1.3905854e+01
   1.3904386e+01
   1.3902911e+01
   1.3901429e+01
   1.3899941e+01
   1.3898445e+01
   1.3896943e+01
   1.3895434e+01
   1.3893917e+01
   1.3892394e+01
   1.3890864e+01
   1.3889327e+01
   1.3887783e+01
   1.3886231e+01
   1.3884673e+01
   1.3883108e+01
   1.3881536e+01
   1.3879956e+01
   1.3878370e+01
   1.3876776e+01
   1.3875176e+01
   1.3873568e+01
   1.3871954e+01
   1.3870332e+01
   1.3868704e+01
   1.3867068e+01
   1.3865425e+01
   1.3863775e+01
   1.3862118e+01
   1.3860454e+01
   1.3858783e+01
   1.3857105e+01
   1.3855420e+01
   1.3853728e+01
   1.3852028e+01
   1.3850322e+01
   1.3848608e+01
   1.3846888e+01
   1.3845160e+01
   1.3843425e+01
   1.3841684e+01
   1.3839935e+01
   1.3838178e+01
   1.3836415e+01
   1.3834645e+01
   1.3832868e+01
   1.3831083e+01
   1.3829292e+01
   1.3827494e+01
   1.3825688e+01
   1.3823876e+01
   1.3822057e+01
   1.3820230e+01
   1.3818397e+01
   1.3816557e+01
   1.3814709e+01
   1.3812855e+01
   1.3810994e+01
   1.3809126e+01
   1.3807251e+01
   1.3805369e+01
   1.3803480e+01
   1.3801585e+01
   1.3799682e+01
   1.3797773e+01
   1.3795857e+01
   1.3793934e+01
   1.3792004e+01
   1.3790068e+01
   1.3788124e+01
   1.3786174e+01
   1.3784218e+01
   1.3782254e+01
   1.3780284e+01
   1.3778308e+01
   1.3776324e+01
   1.3774334e+01
   1.3772338e+01
   1.3770335e+01
   1.3768326e+01
   1.3766310e+01
   1.3764288e+01
   1.3762259e+01
   1.3760224e+01
   1.3758182e+01
   1.3756134e+01
   1.3754080e+01
   1.3752020e+01
   1.3749954e+01
   1.3747881e+01
   1.3745802e+01
   1.3743717e+01
   1.3741626e+01
   1.3739529e+01
   1.3737426e+01
   1.3735317e+01
   1.3733202e+01
   1.3731081e+01
   1.3728954e+01
   1.3726822e+01
   1.3724683e+01
   1.3722539e+01
   1.3720390e+01
   1.3718234e+01
   1.3716073e+01
   1.3713907e+01
   1.3711735e+01
   1.3709558e+01
   1.3707375e+01
   1.3705187e+01
   1.3702994e+01
   1.3700795e+01
   1.3698591e+01
   1.3696382e+01
   1.3694169e+01
   1.3691950e+01
   1.3689726e+01
   1.3687497e+01
   1.3685263e+01
   1.3683025e+01
   1.3680782e+01
   1.3678534e+01
   1.3676282e+01
   1.3674025e+01
   1.3671764e+01
   1.3669498e+01
   1.3667228e+01
   1.3664953e+01
   1.3662674e+01
   1.3660391e+01
   1.3658104e+01
   1.3655813e+01
   1.3653518e+01
   1.3651219e+01
   1.3648917e+01
   1.3646610e+01
   1.3644300e+01
   1.3641987e+01
   1.3639669e+01
   1.3637349e+01
   1.3635025e+01
   1.3632697e+01
   1.3630367e+01
   1.3628033e+01
   1.3625696e+01
   1.3623357e+01
   1.3621014e+01
   1.3618669e+01
   1.3616320e+01
   1.3613970e+01
   1.3611616e+01
   1.3609260e+01
   1.3606902e+01
   1.3604541e+01
   1.3602178e+01
   1.3599813e+01
   1.3597446e+01
   1.3595076e+01
   1.3592705e+01
   1.3590332e+01
   1.3587958e+01
   1.3585581e+01
   1.3583203e+01
   1.3580824e+01
   1.3578443e+01
   1.3576061e+01
   1.3573678e+01
   1.3571294e+01
   1.3568909e+01
   1.3566522e+01
   1.3564135e+01
   1.3561748e+01
   1.3559359e+01
   1.3556970e+01
   1.3554581e+01
   1.3552191e+01
   1.3549802e+01
   1.3547412e+01
   1.3545022e+01
   1.3542632e+01
   1.3540242e+01
   1.3537852e+01
   1.3535463e+01
   1.3533074e+01
   1.3530686e+01
   1.3528299e+01
   1.3525912e+01
   1.3523526e+01
   1.3521141e+01
   1.3518757e+01
   1.3516375e+01
   1.3513993e+01
   1.3511613e+01
   1.3509235e+01
   1.3506858e+01
   1.3504483e+01
   1.3502109e+01
   1.3499738e+01
   1.3497368e+01
   1.3495001e+01
   1.3492636e+01
   1.3490273e+01
   1.3487912e+01
   1.3485555e+01
   1.3483199e+01
   1.3480847e+01
   1.3478497e+01
   1.3476151e+01
   1.3473807e+01
   1.3471467e+01
   1.3469130e+01
   1.3466796e+01
   1.3464466e+01
   1.3462139e+01
   1.3459816e+01
   1.3457497e+01
   1.3455182e+01
   1.3452871e+01
   1.3450564e+01
   1.3448261e+01
   1.3445963e+01
   1.3443669e+01
   1.3441380e+01
   1.3439095e+01
   1.3436815e+01
   1.3434540e+01
   1.3432270e+01
   1.3430005e+01
   1.3427746e+01
   1.3425491e+01
   1.3423242e+01
   1.3420999e+01
   1.3418761e+01
   1.3416529e+01
   1.3414303e+01
   1.3412083e+01
   1.3409868e+01
   1.3407660e+01
   1.3405458e+01
   1.3403263e+01
   1.3401074e+01
   1.3398891e+01
   1.3396715e+01
   1.3394546e+01
   1.3392384e+01
   1.3390229e+01
   1.3388081e+01
   1.3385940e+01
   1.3383806e+01
   1.3381680e+01
   1.3379561e+01
   1.3377450e+01
   1.3375346e+01
   1.3373250e+01
   1.3371162e+01
   1.3369082e+01
   1.3367010e+01
   1.3364946e+01
   1.3362890e+01
   1.3360843e+01
   1.3358804e+01
   1.3356774e+01
   1.3354752e+01
   1.3352739e+01
   1.3350734e+01
   1.3348739e+01
   1.3346752e+01
   1.3344775e+01
   1.3342807e+01
   1.3340848e+01
   1.3338898e+01
   1.3336958e+01
   1.3335027e+01
   1.3333106e+01
   1.3331194e+01
   1.3329292e+01
   1.3327400e+01
   1.3325518e+01
   1.3323646e+01
   1.3321784e+01
   1.3319932e+01
   1.3318091e+01
   1.3316259e+01
   1.3314439e+01
   1.3312628e+01
   1.3310828e+01
   1.3309039e+01
   1.3307261e+01
   1.3305493e+01
   1.3303736e+01
   1.3301990e+01
   1.3300255e+01
   1.3298531e+01
   1.3296818e+01
   1.3295117e+01
   1.3293426e+01
   1.3291747e+01
   1.3290080e+01
   1.3288424e+01
   1.3286779e+01
   1.3285146e+01
   1.3283525e+01
   1.3281915e+01
   1.3280318e+01
   1.3278732e+01
   1.3277158e+01
   1.3275596e+01
   1.3274046e+01
   1.3272508e+01
   1.3270982e+01
   1.3269469e+01
   1.3267968e+01
   1.3266479e+01
   1.3265002e+01
   1.3263538e+01
   1.3262086e+01
   1.3260647e+01
   1.3259221e+01
   1.3257807e+01
   1.3256405e+01
   1.3255017e+01
   1.3253641e+01
   1.3252278e+01
   1.3250928e+01
   1.3249591e+01
   1.3248266e+01
   1.3246955e+01
   1.3245657e+01
   1.3244372e+01
   1.3243100e+01
   1.3241841e+01
   1.3240595e+01
   1.3239362e+01
   1.3238143e+01
   1.3236937e+01
   1.3235744e+01
   1.3234565e+01
   1.3233399e+01
   1.3232247e+01
   1.3231108e+01
   1.3229982e+01
   1.3228870e+01
   1.3227772e+01
   1.3226687e+01
   1.3225615e+01
   1.3224558e+01
   1.3223514e+01
   1.3222483e+01
   1.3221467e+01
   1.3220464e+01
   1.3219475e+01
   1.3218499e+01
   1.3217538e+01
   1.3216590e+01
   1.3215656e+01
   1.3214736e+01
   1.3213830e+01
   1.3212937e+01
   1.3212059e+01
   1.3211194e+01
   1.3210343e+01
   1.3209507e+01
   1.3208684e+01
   1.3207875e+01
   1.3207080e+01
   1.3206299e+01
   1.3205532e+01
   1.3204780e+01
   1.3204041e+01
   1.3203316e+01
   1.3202605e+01
   1.3201908e+01
   1.3201226e+01
   1.3200557e+01
   1.3199902e+01
   1.3199262e+01
   1.3198635e+01
   1.3198022e+01
   1.3197424e+01
   1.3196840e+01
   1.3196269e+01
   1.3195713e+01
   1.3195171e+01
   1.3194642e+01
   1.3194128e+01
   1.3193628e+01
   1.3193142e+01
   1.3192670e+01
   1.3192212e+01
   1.3191768e+01
   1.3191338e+01
   1.3190922e+01
   1.3190520e+01
   1.3190132e+01
   1.3189758e+01
   1.3189398e+01
   1.3189052e+01
   1.3188720e+01
   1.3188402e+01
   1.3188097e+01
   1.3187807e+01
   1.3187531e+01
   1.3187268e+01
   1.3187020e+01
   1.3186785e+01
   1.3186564e+01
   1.3186357e+01
   1.3186164e+01
   1.3185984e+01
   1.3185818e+01
   1.3185667e+01
   1.3185528e+01
   1.3185404e+01
   1.3185293e+01
   1.3185196e+01
   1.3185113e+01
   1.3185043e+01
   1.3184987e+01
   1.3184945e+01
   1.3184916e+01
   1.3184900e+01
   1.3184899e+01
   1.3184910e+01
   1.3184936e+01
   1.3184974e+01
   1.3185026e+01
   1.3185092e+01
   1.3185171e+01
   1.3185263e+01
   1.3185369e+01
   1.3185488e+01
   1.3185620e+01
   1.3185766e+01
   1.3185925e+01
   1.3186097e+01
   1.3186282e+01
   1.3186480e+01
   1.3186692e+01
   1.3186916e+01
   1.3187154e+01
   1.3187405e+01
   1.3187669e+01
   1.3187945e+01
   1.3188235e+01
   1.3188537e+01
   1.3188853e+01
   1.3189181e+01
   1.3189522e+01
   1.3189876e+01
   1.3190243e+01
   1.3190622e+01
   1.3191014e+01
   1.3191419e+01
   1.3191836e+01
   1.3192266e+01
   1.3192709e+01
   1.3193164e+01
   1.3193631e+01
   1.3194111e+01
   1.3194604e+01
   1.3195109e+01
   1.3195626e+01
   1.3196155e+01
   1.3196697e+01
   1.3197251e+01
   1.3197817e+01
   1.3198395e+01
   1.3198986e+01
   1.3199588e+01
   1.3200203e+01
   1.3200829e+01
   1.3201468e+01
   1.3202118e+01
   1.3202781e+01
   1.3203455e+01
   1.3204141e+01
   1.3204839e+01
   1.3205548e+01
   1.3206270e+01
   1.3207003e+01
   1.3207747e+01
   1.3208504e+01
   1.3209271e+01
   1.3210051e+01
   1.3210842e+01
   1.3211644e+01
   1.3212457e+01
   1.3213282e+01
   1.3214118e+01
   1.3214966e+01
   1.3215825e+01
   1.3216695e+01
   1.3217576e+01
   1.3218468e+01
   1.3219371e+01
   1.3220285e+01
   1.3221211e+01
   1.3222147e+01
   1.3223094e+01
   1.3224052e+01
   1.3225021e+01
   1.3226000e+01
   1.3226991e+01
   1.3227992e+01
   1.3229003e+01
   1.3230025e+01
   1.3231058e+01
   1.3232102e+01
   1.3233155e+01
   1.3234220e+01
   1.3235294e+01
   1.3236379e+01
   1.3237474e+01
   1.3238580e+01
   1.3239696e+01
   1.3240822e+01
   1.3241958e+01
   1.3243104e+01
   1.3244260e+01
   1.3245426e+01
   1.3246603e+01
   1.3247789e+01
   1.3248985e+01
   1.3250190e+01
   1.3251406e+01
   1.3252631e+01
   1.3253866e+01
   1.3255111e+01
   1.3256365e+01
   1.3257629e+01
   1.3258903e+01
   1.3260186e+01
   1.3261478e+01
   1.3262780e+01
   1.3264091e+01
   1.3265411e+01
   1.3266741e+01
   1.3268079e+01
   1.3269428e+01
   1.3270785e+01
   1.3272151e+01
   1.3273526e+01
   1.3274910e+01
   1.3276304e+01
   1.3277706e+01
   1.3279117e+01
   1.3280536e+01
   1.3281965e+01
   1.3283402e+01
   1.3284848e+01
   1.3286303e+01
   1.3287766e+01
   1.3289238e+01
   1.3290718e+01
   1.3292207e+01
   1.3293704e+01
   1.3295209e+01
   1.3296723e+01
   1.3298245e+01
   1.3299776e+01
   1.3301314e+01
   1.3302861e+01
   1.3304416e+01
   1.3305978e+01
   1.3307549e+01
   1.3309128e+01
   1.3310715e+01
   1.3312309e+01
   1.3313912e+01
   1.3315522e+01
   1.3317140e+01
   1.3318766e+01
   1.3320399e+01
   1.3322040e+01
   1.3323688e+01
   1.3325344e+01
   1.3327008e+01
   1.3328678e+01
   1.3330357e+01
   1.3332042e+01
   1.3333735e+01
   1.3335435e+01
   1.3337142e+01
   1.3338857e+01
   1.3340578e+01
   1.3342307e+01
   1.3344043e+01
   1.3345785e+01
   1.3347535e+01
   1.3349291e+01
   1.3351054e+01
   1.3352824e+01
   1.3354601e+01
   1.3356384e+01
   1.3358174e+01
   1.3359971e+01
   1.3361774e+01
   1.3363584e+01
   1.3365400e+01
   1.3367223e+01
   1.3369052e+01
   1.3370887e+01
   1.3372729e+01
   1.3374577e+01
   1.3376431e+01
   1.3378291e+01
   1.3380157e+01
   1.3382029e+01
   1.3383908e+01
   1.3385792e+01
   1.3387682e+01
   1.3389578e+01
   1.3391480e+01
   1.3393387e+01
   1.3395301e+01
   1.3397220e+01
   1.3399144e+01
   1.3401075e+01
   1.3403010e+01
   1.3404951e+01
   1.3406898e+01
   1.3408850e+01
   1.3410808e+01
   1.3412770e+01
   1.3414738e+01
   1.3416711e+01
   1.3418690e+01
   1.3420673e+01
   1.3422662e+01
   1.3424655e+01
   1.3426654e+01
   1.3428657e+01
   1.3430665e+01
   1.3432678e+01
   1.3434696e+01
   1.3436719e+01
   1.3438746e+01
   1.3440778e+01
   1.3442814e+01
   1.3444855e+01
   1.3446901e+01
   1.3448950e+01
   1.3451005e+01
   1.3453063e+01
   1.3455126e+01
   1.3457193e+01
   1.3459264e+01
   1.3461340e+01
   1.3463419e+01
   1.3465503e+01
   1.3467590e+01
   1.3469682e+01
   1.3471777e+01
   1.3473876e+01
   1.3475979e+01
   1.3478086e+01
   1.3480196e+01
   1.3482310e+01
   1.3484427e+01
   1.3486548e+01
   1.3488673e+01
   1.3490801e+01
   1.3492932e+01
   1.3495067e+01
   1.3497205e+01
   1.3499346e+01
   1.3501490e+01
   1.3503638e+01
   1.3505788e+01
   1.3507942e+01
   1.3510098e+01
   1.3512257e+01
   1.3514419e+01
   1.3516584e+01
   1.3518752e+01
   1.3520923e+01
   1.3523096e+01
   1.3525271e+01
   1.3527449e+01
   1.3529630e+01
   1.3531813e+01
   1.3533998e+01
   1.3536186e+01
   1.3538376e+01
   1.3540568e+01
   1.3542762e+01
   1.3544958e+01
   1.3547157e+01
   1.3549357e+01
   1.3551559e+01
   1.3553763e+01
   1.3555969e+01
   1.3558177e+01
   1.3560386e+01
   1.3562597e+01
   1.3564809e+01
   1.3567023e+01
   1.3569239e+01
   1.3571456e+01
   1.3573674e+01
   1.3575893e+01
   1.3578114e+01
   1.3580336e+01
   1.3582559e+01
   1.3584783e+01
   1.3587008e+01
   1.3589234e+01
   1.3591460e+01
   1.3593688e+01
   1.3595916e+01
   1.3598145e+01
   1.3600374e+01
   1.3602605e+01
   1.3604835e+01
   1.3607066e+01
   1.3609297e+01
   1.3611529e+01
   1.3613761e+01
   1.3615993e+01
   1.3618225e+01
   1.3620457e+01
   1.3622689e+01
   1.3624921e+01
   1.3627153e+01
   1.3629385e+01
   1.3631616e+01
   1.3633847e+01
   1.3636077e+01
   1.3638308e+01
   1.3640537e+01
   1.3642766e+01
   1.3644994e+01
   1.3647222e+01
   1.3649448e+01
   1.3651674e+01
   1.3653898e+01
   1.3656122e+01
   1.3658345e+01
   1.3660566e+01
   1.3662786e+01
   1.3665005e+01
   1.3667222e+01
   1.3669438e+01
   1.3671653e+01
   1.3673865e+01
   1.3676077e+01
   1.3678286e+01
   1.3680493e+01
   1.3682699e+01
   1.3684903e+01
   1.3687104e+01
   1.3689304e+01
   1.3691501e+01
   1.3693696e+01
   1.3695888e+01
   1.3698079e+01
   1.3700266e+01
   1.3702451e+01
   1.3704634e+01
   1.3706813e+01
   1.3708990e+01
   1.3711164e+01
   1.3713335e+01
   1.3715503e+01
   1.3717667e+01
   1.3719829e+01
   1.3721987e+01
   1.3724142e+01
   1.3726293e+01
   1.3728441e+01
   1.3730585e+01
   1.3732725e+01
   1.3734862e+01
   1.3736995e+01
   1.3739123e+01
   1.3741248e+01
   1.3743369e+01
   1.3745485e+01
   1.3747597e+01
   1.3749705e+01
   1.3751808e+01
   1.3753906e+01
   1.3756000e+01
   1.3758089e+01
   1.3760173e+01
   1.3762252e+01
   1.3764327e+01
   1.3766396e+01
   1.3768460e+01
   1.3770519e+01
   1.3772572e+01
   1.3774620e+01
   1.3776662e+01
   1.3778699e+01
   1.3780729e+01
   1.3782754e+01
   1.3784773e+01
   1.3786786e+01
   1.3788793e+01
   1.3790794e+01
   1.3792788e+01
   1.3794776e+01
   1.3796757e+01
   1.3798732e+01
   1.3800700e+01
   1.3802661e+01
   1.3804615e+01
   1.3806563e+01
   1.3808503e+01
   1.3810436e+01
   1.3812362e+01
   1.3814280e+01
   1.3816190e+01
   1.3818094e+01
   1.3819989e+01
   1.3821876e+01
   1.3823756e+01
   1.3825628e+01
   1.3827491e+01
   1.3829346e+01
   1.3831193e+01
   1.3833032e+01
   1.3834861e+01
   1.3836683e+01
   1.3838495e+01
   1.3840299e+01
   1.3842093e+01
   1.3843879e+01
   1.3845655e+01
   1.3847422e+01
   1.3849180e+01
   1.3850928e+01
   1.3852666e+01
   1.3854395e+01
   1.3856113e+01
   1.3857822e+01
   1.3859521e+01
   1.3861209e+01
   1.3862888e+01
   1.3864556e+01
   1.3866213e+01
   1.3867859e+01
   1.3869495e+01
   1.3871120e+01
   1.3872734e+01
   1.3874337e+01
   1.3875929e+01
   1.3877509e+01
   1.3879078e+01
   1.3880635e+01
   1.3882181e+01
   1.3883715e+01
   1.3885236e+01
   1.3886746e+01
   1.3888244e+01
   1.3889729e+01
   1.3891202e+01
   1.3892663e+01
   1.3894111e+01
   1.3895546e+01
   1.3896968e+01
   1.3898377e+01
   1.3899773e+01
   1.3901156e+01
   1.3902526e+01
   1.3903881e+01
   1.3905224e+01
   1.3906553e+01
   1.3907867e+01
   1.3909168e+01
   1.3910455e+01
   1.3911727e+01
   1.3912985e+01
   1.3914229e+01
   1.3915458e+01
   1.3916672e+01
   1.3917872e+01
   1.3919056e+01
   1.3920226e+01
   1.3921380e+01
   1.3922519e+01
   1.3923642e+01
   1.3924750e+01
   1.3925842e+01
   1.3926918e+01
   1.3927978e+01
   1.3929022e+01
   1.3930050e+01
   1.3931061e+01
   1.3932056e+01
   1.3933035e+01
   1.3933996e+01
   1.3934941e+01
   1.3935868e+01
   1.3936779e+01
   1.3937672e+01
   1.3938548e+01
   1.3939406e+01
   1.3940247e+01
   1.3941070e+01
   1.3941875e+01
   1.3942661e+01
   1.3943430e+01
   1.3944180e+01
   1.3944912e+01
   1.3945625e+01
   1.3946320e+01
   1.3946996e+01
   1.3947652e+01
   1.3948290e+01
   1.3948908e+01
   1.3949507e+01
   1.3950087e+01
   1.3950647e+01
   1.3951187e+01
   1.3951707e+01
   1.3952207e+01
   1.3952687e+01
   1.3953147e+01
   1.3953586e+01
   1.3954005e+01
   1.3954402e+01
   1.3954779e+01
   1.3955136e+01
   1.3955471e+01
   1.3955784e+01
   1.3956077e+01
   1.3956348e+01
   1.3956597e+01
   1.3956824e+01
   1.3957030e+01
   1.3957213e+01
   1.3957374e+01
   1.3957513e+01
   1.3957630e+01
   1.3957724e+01
   1.3957795e+01
   1.3957843e+01
   1.3957868e+01
   1.3957870e+01
   1.3957849e+01
   1.3957804e+01
   1.3957736e+01
   1.3957644e+01
   1.3957528e+01
   1.3957388e+01
   1.3957225e+01
   1.3957036e+01
   1.3956824e+01
   1.3956587e+01
   1.3956325e+01
   1.3956038e+01
   1.3955726e+01
   1.3955390e+01
   1.3955027e+01
   1.3954640e+01
   1.3954227e+01
   1.3953788e+01
   1.3953324e+01
   1.3952833e+01
   1.3952317e+01
   1.3951774e+01
   1.3951205e+01
   1.3950609e+01
   1.3949987e+01
   1.3949337e+01
   1.3948661e+01
   1.3947957e+01
   1.3947227e+01
   1.3946468e+01
   1.3945683e+01
   1.3944869e+01
   1.3944028e+01
   1.3943158e+01
   1.3942260e+01
   1.3941334e+01
   1.3940380e+01
   1.3939397e+01
   1.3938385e+01
   1.3937344e+01
   1.3936274e+01
   1.3935175e+01
   1.3934046e+01
   1.3932887e+01
   1.3931699e+01
   1.3930481e+01
   1.3929233e+01
   1.3927955e+01
   1.3926646e+01
   1.3925307e+01
   1.3923937e+01
   1.3922537e+01
   1.3921105e+01
   1.3919642e+01
   1.3918147e+01
   1.3916622e+01
   1.3915064e+01
   1.3913475e+01
   1.3911853e+01
   1.3910199e+01
   1.3908513e+01
   1.3906795e+01
   1.3905044e+01
   1.3903259e+01
   1.3901442e+01
   1.3899591e+01
   1.3897707e+01
   1.3895790e+01
   1.3893839e+01
   1.3891853e+01
   1.3889834e+01
   1.3887780e+01
   1.3885692e+01
   1.3883569e+01
   1.3881412e+01
   1.3879219e+01
   1.3876991e+01
   1.3874728e+01
   1.3872429e+01
   1.3870094e+01
   1.3867724e+01
   1.3865317e+01
   1.3862874e+01
   1.3860394e+01
   1.3857877e+01
   1.3855324e+01
   1.3852733e+01
   1.3850105e+01
   1.3847439e+01
   1.3844736e+01
   1.3841995e+01
   1.3839216e+01
   1.3836398e+01
   1.3833541e+01
   1.3830647e+01
   1.3827713e+01
   1.3824740e+01
   1.3821727e+01
   1.3818675e+01
   1.3815583e+01
   1.3812452e+01
   1.3809280e+01
   1.3806067e+01
   1.3802814e+01
   1.3799520e+01
   1.3796185e+01
   1.3792809e+01
   1.3789392e+01
   1.3785932e+01
   1.3782431e+01
   1.3778888e+01
   1.3775302e+01
   1.3771674e+01
   1.3768002e+01
   1.3764288e+01
   1.3760531e+01
   1.3756731e+01
   1.3752886e+01
   1.3748997e+01
   1.3745065e+01
   1.3741089e+01
   1.3737067e+01
   1.3733001e+01
   1.3728889e+01
   1.3724733e+01
   1.3720531e+01
   1.3716284e+01
   1.3711990e+01
   1.3707650e+01
   1.3703264e+01
   1.3698831e+01
   1.3694352e+01
   1.3689825e+01
   1.3685251e+01
   1.3680629e+01
   1.3675960e+01
   1.3671242e+01
   1.3666477e+01
   1.3661662e+01
   1.3656799e+01
   1.3651887e+01
   1.3646926e+01
   1.3641916e+01
   1.3636855e+01
   1.3631745e+01
   1.3626585e+01
   1.3621374e+01
   1.3616113e+01
   1.3610800e+01
   1.3605437e+01
   1.3600022e+01
   1.3594556e+01
   1.3589038e+01
   1.3583467e+01
   1.3577845e+01
   1.3572170e+01
   1.3566442e+01
   1.3560661e+01
   1.3554827e+01
   1.3548940e+01
   1.3542998e+01
   1.3537003e+01
   1.3530954e+01
   1.3524849e+01
   1.3518691e+01
   1.3512477e+01
   1.3506208e+01
   1.3499884e+01
   1.3493504e+01
   1.3487069e+01
   1.3480577e+01
   1.3474029e+01
   1.3467423e+01
   1.3460761e+01
   1.3454043e+01
   1.3447266e+01
   1.3440432e+01
   1.3433540e+01
   1.3426590e+01
   1.3419582e+01
   1.3412515e+01
   1.3405389e+01
   1.3398204e+01
   1.3390960e+01
   1.3383656e+01
   1.3376293e+01
   1.3368869e+01
   1.3361385e+01
   1.3353840e+01
   1.3346234e+01
   1.3338568e+01
   1.3330840e+01
   1.3323050e+01
   1.3315199e+01
   1.3307286e+01
   1.3299310e+01
   1.3291272e+01
   1.3283171e+01
   1.3275006e+01
   1.3266779e+01
   1.3258488e+01
   1.3250133e+01
   1.3241714e+01
   1.3233230e+01
   1.3224683e+01
   1.3216070e+01
   1.3207392e+01
   1.3198648e+01
   1.3189839e+01
   1.3180965e+01
   1.3172024e+01
   1.3163016e+01
   1.3153942e+01
   1.3144800e+01
   1.3135592e+01
   1.3126316e+01
   1.3116973e+01
   1.3107561e+01
   1.3098082e+01
   1.3088533e+01
   1.3078916e+01
   1.3069230e+01
   1.3059475e+01
   1.3049649e+01
   1.3039754e+01
   1.3029789e+01
   1.3019753e+01
   1.3009647e+01
   1.2999469e+01
   1.2989220e+01
   1.2978900e+01
   1.2968507e+01
   1.2958043e+01
   1.2947506e+01
   1.2936897e+01
   1.2926214e+01
   1.2915458e+01
   1.2904629e+01
   1.2893725e+01
   1.2882747e+01
   1.2871695e+01
   1.2860568e+01
   1.2849366e+01
   1.2838088e+01
   1.2826735e+01
   1.2815305e+01
   1.2803800e+01
   1.2792217e+01
   1.2780558e+01
   1.2768821e+01
   1.2757006e+01
   1.2745114e+01
   1.2733144e+01
   1.2721095e+01
   1.2708966e+01
   1.2696759e+01
   1.2684472e+01
   1.2672105e+01
   1.2659658e+01
   1.2647130e+01
   1.2634522e+01
   1.2621832e+01
   1.2609060e+01
   1.2596206e+01
   1.2583270e+01
   1.2570251e+01
   1.2557149e+01
   1.2543964e+01
   1.2530695e+01
   1.2517342e+01
   1.2503904e+01
   1.2490381e+01
   1.2476773e+01
   1.2463079e+01
   1.2449300e+01
   1.2435434e+01
   1.2421481e+01
   1.2407441e+01
   1.2393313e+01
   1.2379097e+01
   1.2364793e+01
   1.2350400e+01
   1.2335918e+01
   1.2321346e+01
   1.2306685e+01
   1.2291932e+01
   1.2277089e+01
   1.2262154e+01
   1.2247128e+01
   1.2232009e+01
   1.2216799e+01
   1.2201495e+01
   1.2186098e+01
   1.2170606e+01
   1.2155021e+01
   1.2139340e+01
   1.2123565e+01
   1.2107693e+01
   1.2091727e+01
   1.2075663e+01
   1.2059502e+01
   1.2043244e+01
   1.2026888e+01
   1.2010434e+01
   1.1993880e+01
   1.1977227e+01
   1.1960475e+01
   1.1943622e+01
   1.1926668e+01
   1.1909613e+01
   1.1892456e+01
   1.1875198e+01
   1.1857836e+01
   1.1840371e+01
   1.1822802e+01
   1.1805129e+01
   1.1787351e+01
   1.1769468e+01
   1.1751479e+01
   1.1733383e+01
   1.1715181e+01
   1.1696871e+01
   1.1678453e+01
   1.1659927e+01
   1.1641292e+01
   1.1622547e+01
   1.1603692e+01
   1.1584726e+01
   1.1565649e+01
   1.1546460e+01
   1.1527159e+01
   1.1507745e+01
   1.1488218e+01
   1.1468577e+01
   1.1448821e+01
   1.1428950e+01
   1.1408963e+01
   1.1388860e+01
   1.1368639e+01
   1.1348302e+01
   1.1327847e+01
   1.1307272e+01
   1.1286579e+01
   1.1265765e+01
   1.1244832e+01
   1.1223778e+01
   1.1202602e+01
   1.1181303e+01
   1.1159882e+01
   1.1138338e+01
   1.1116670e+01
   1.1094877e+01
   1.1072959e+01
   1.1050916e+01
   1.1028746e+01
   1.1006449e+01
   1.0984024e+01
   1.0961472e+01
   1.0938791e+01
   1.0915981e+01
   1.0893040e+01
   1.0869969e+01
   1.0846767e+01
   1.0823433e+01
   1.0799967e+01
   1.0776367e+01
   1.0752635e+01
   1.0728768e+01
   1.0704767e+01
   1.0680629e+01
   1.0656357e+01
   1.0631948e+01
   1.0607402e+01
   1.0582718e+01
   1.0557895e+01
   1.0532934e+01
   1.0507834e+01
   1.0482593e+01
   1.0457213e+01
   1.0431691e+01
   1.0406028e+01
   1.0380222e+01
   1.0354274e+01
   1.0328182e+01
   1.0301947e+01
   1.0275568e+01
   1.0249044e+01
   1.0222375e+01
   1.0195560e+01
   1.0168599e+01
   1.0141491e+01
   1.0114236e+01
   1.0086833e+01
   1.0059283e+01
   1.0031583e+01
   1.0003735e+01
   9.9757375e+00
   9.9475903e+00
   9.9192929e+00
   9.8908449e+00
   9.8622462e+00
   9.8334962e+00
   9.8045946e+00
   9.7755413e+00
   9.7463362e+00
   9.7169785e+00
   9.6874683e+00
   9.6578051e+00
   9.6279889e+00
   9.5980191e+00
   9.5678960e+00
   9.5376194e+00
   9.5071890e+00
   9.4766047e+00
   9.4458664e+00
   9.4149741e+00
   9.3839278e+00
   9.3527275e+00
   9.3213731e+00
   9.2898645e+00
   9.2582023e+00
   9.2263864e+00
   9.1944168e+00
   9.1622937e+00
   9.1300172e+00
   9.0975878e+00
   9.0650057e+00
   9.0322709e+00
   8.9993843e+00
   8.9663457e+00
   8.9331561e+00
   8.8998154e+00
   8.8663243e+00
   8.8326834e+00
   8.7988933e+00
   8.7649545e+00
   8.7308681e+00
   8.6966341e+00
   8.6622538e+00
   8.6277278e+00
   8.5930571e+00
   8.5582424e+00
   8.5232849e+00
   8.4881856e+00
   8.4529454e+00
   8.4175656e+00
   8.3820471e+00
   8.3463910e+00
   8.3105994e+00
   8.2746731e+00
   8.2386135e+00
   8.2024225e+00
   8.1661008e+00
   8.1296508e+00
   8.0930737e+00
   8.0563712e+00
   8.0195453e+00
   7.9825976e+00
   7.9455299e+00
   7.9083445e+00
   7.8710435e+00
   7.8336292e+00
   7.7961033e+00
   7.7584684e+00
   7.7207263e+00
   7.6828803e+00
   7.6449322e+00
   7.6068844e+00
   7.5687399e+00
   7.5305011e+00
   7.4921711e+00
   7.4537526e+00
   7.4152483e+00
   7.3766610e+00
   7.3379945e+00
   7.2992515e+00
   7.2604352e+00
   7.2215489e+00
   7.1825960e+00
   7.1435797e+00
   7.1045034e+00
   7.0653710e+00
   7.0261859e+00
   6.9869520e+00
   6.9476726e+00
   6.9083521e+00
   6.8689937e+00
   6.8296020e+00
   6.7901804e+00
   6.7507336e+00
   6.7112655e+00
   6.6717806e+00
   6.6322827e+00
   6.5927764e+00
   6.5532657e+00
   6.5137553e+00
   6.4742499e+00
   6.4347537e+00
   6.3952709e+00
   6.3558067e+00
   6.3163654e+00
   6.2769521e+00
   6.2375711e+00
   6.1982271e+00
   6.1589254e+00
   6.1196704e+00
   6.0804669e+00
   6.0413200e+00
   6.0022344e+00
   5.9632151e+00
   5.9242669e+00
   5.8853948e+00
   5.8466037e+00
   5.8078983e+00
   5.7692836e+00
   5.7307648e+00
   5.6923466e+00
   5.6540336e+00
   5.6158312e+00
   5.5777441e+00
   5.5397769e+00
   5.5019345e+00
   5.4642219e+00
   5.4266436e+00
   5.3892043e+00
   5.3519086e+00
   5.3147611e+00
   5.2777667e+00
   5.2409295e+00
   5.2042546e+00
   5.1677457e+00
   5.1314077e+00
   5.0952443e+00
   5.0592604e+00
   5.0234594e+00
   4.9878460e+00
   4.9524240e+00
   4.9171971e+00
   4.8821692e+00
   4.8473441e+00
   4.8127256e+00
   4.7783170e+00
   4.7441222e+00
   4.7101443e+00
   4.6763866e+00
   4.6428524e+00
   4.6095450e+00
   4.5764669e+00
   4.5436214e+00
   4.5110110e+00
   4.4786387e+00
   4.4465069e+00
   4.4146181e+00
   4.3829747e+00
   4.3515791e+00
   4.3204332e+00
   4.2895393e+00
   4.2588992e+00
   4.2285147e+00
   4.1983875e+00
   4.1685193e+00
   4.1389117e+00
   4.1095660e+00
   4.0804834e+00
   4.0516651e+00
   4.0231120e+00
   3.9948254e+00
   3.9668062e+00
   3.9390548e+00
   3.9115720e+00
   3.8843583e+00
   3.8574142e+00
   3.8307399e+00
   3.8043360e+00
   3.7782023e+00
   3.7523391e+00
   3.7267460e+00
   3.7014231e+00
   3.6763701e+00
   3.6515868e+00
   3.6270726e+00
   3.6028273e+00
   3.5788501e+00
   3.5551403e+00
   3.5316973e+00
   3.5085202e+00
   3.4856081e+00
   3.4629602e+00
   3.4405754e+00
   3.4184524e+00
   3.3965901e+00
   3.3749874e+00
   3.3536430e+00
   3.3325555e+00
   3.3117236e+00
   3.2911457e+00
   3.2708199e+00
   3.2507452e+00
   3.2309197e+00
   3.2113420e+00
   3.1920101e+00
   3.1729222e+00
   3.1540765e+00
   3.1354713e+00
   3.1171048e+00
   3.0989750e+00
   3.0810797e+00
   3.0634174e+00
   3.0459857e+00
   3.0287828e+00
   3.0118065e+00
   2.9950548e+00
   2.9785255e+00
   2.9622165e+00
   2.9461255e+00
   2.9302506e+00
   2.9145893e+00
   2.8991398e+00
   2.8838994e+00
   2.8688664e+00
   2.8540383e+00
   2.8394130e+00
   2.8249882e+00
   2.8107614e+00
   2.7967307e+00
   2.7828938e+00
   2.7692483e+00
   2.7557919e+00
   2.7425225e+00
   2.7294378e+00
   2.7165351e+00
   2.7038128e+00
   2.6912685e+00
   2.6788999e+00
   2.6667048e+00
   2.6546810e+00
   2.6428262e+00
