   1.1510306e-01
   1.1480586e-01
   1.1450944e-01
   1.1421380e-01
   1.1391895e-01
   1.1362487e-01
   1.1333157e-01
   1.1303905e-01
   1.1274730e-01
   1.1245631e-01
   1.1216610e-01
   1.1187665e-01
   1.1158797e-01
   1.1130005e-01
   1.1101289e-01
   1.1072649e-01
   1.1044085e-01
   1.1015595e-01
   1.0987182e-01
   1.0958843e-01
   1.0930579e-01
   1.0902389e-01
   1.0874274e-01
   1.0846234e-01
   1.0818267e-01
   1.0790374e-01
   1.0762555e-01
   1.0734809e-01
   1.0707137e-01
   1.0679538e-01
   1.0652011e-01
   1.0624557e-01
   1.0597176e-01
   1.0569867e-01
   1.0542630e-01
   1.0515465e-01
   1.0488371e-01
   1.0461349e-01
   1.0434399e-01
   1.0407519e-01
   1.0380711e-01
   1.0353973e-01
   1.0327306e-01
   1.0300710e-01
   1.0274183e-01
   1.0247727e-01
   1.0221340e-01
   1.0195023e-01
   1.0168776e-01
   1.0142597e-01
   1.0116488e-01
   1.0090448e-01
   1.0064477e-01
   1.0038574e-01
   1.0012739e-01
   9.9869726e-02
   9.9612743e-02
   9.9356437e-02
   9.9100808e-02
   9.8845853e-02
   9.8591572e-02
   9.8337961e-02
   9.8085020e-02
   9.7832746e-02
   9.7581138e-02
   9.7330193e-02
   9.7079912e-02
   9.6830290e-02
   9.6581327e-02
   9.6333022e-02
   9.6085371e-02
   9.5838374e-02
   9.5592029e-02
   9.5346333e-02
   9.5101286e-02
   9.4856886e-02
   9.4613130e-02
   9.4370018e-02
   9.4127547e-02
   9.3885715e-02
   9.3644522e-02
   9.3403965e-02
   9.3164043e-02
   9.2924754e-02
   9.2686096e-02
   9.2448068e-02
   9.2210668e-02
   9.1973894e-02
   9.1737744e-02
   9.1502218e-02
   9.1267313e-02
   9.1033028e-02
   9.0799361e-02
   9.0566310e-02
   9.0333874e-02
   9.0102051e-02
   8.9870839e-02
   8.9640238e-02
   8.9410245e-02
   8.9180858e-02
   8.8952076e-02
   8.8723898e-02
   8.8496322e-02
   8.8269346e-02
   8.8042969e-02
   8.7817189e-02
   8.7592004e-02
   8.7367414e-02
   8.7143415e-02
   8.6920008e-02
   8.6697189e-02
   8.6474959e-02
   8.6253314e-02
   8.6032254e-02
   8.5811777e-02
   8.5591881e-02
   8.5372566e-02
   8.5153828e-02
   8.4935668e-02
   8.4718083e-02
   8.4501072e-02
   8.4284633e-02
   8.4068764e-02
   8.3853465e-02
   8.3638734e-02
   8.3424569e-02
   8.3210968e-02
   8.2997931e-02
   8.2785456e-02
   8.2573541e-02
   8.2362184e-02
   8.2151385e-02
   8.1941142e-02
   8.1731453e-02
   8.1522317e-02
   8.1313733e-02
   8.1105698e-02
   8.0898212e-02
   8.0691273e-02
   8.0484879e-02
   8.0279030e-02
   8.0073723e-02
   7.9868958e-02
   7.9664732e-02
   7.9461045e-02
   7.9257895e-02
   7.9055280e-02
   7.8853200e-02
   7.8651652e-02
   7.8450636e-02
   7.8250149e-02
   7.8050191e-02
   7.7850761e-02
   7.7651855e-02
   7.7453475e-02
   7.7255617e-02
   7.7058280e-02
   7.6861464e-02
   7.6665167e-02
   7.6469387e-02
   7.6274123e-02
   7.6079374e-02
   7.5885138e-02
   7.5691414e-02
   7.5498200e-02
   7.5305496e-02
   7.5113300e-02
   7.4921610e-02
   7.4730426e-02
   7.4539745e-02
   7.4349567e-02
   7.4159891e-02
   7.3970714e-02
   7.3782035e-02
   7.3593854e-02
   7.3406169e-02
   7.3218979e-02
   7.3032281e-02
   7.2846076e-02
   7.2660362e-02
   7.2475137e-02
   7.2290400e-02
   7.2106149e-02
   7.1922385e-02
   7.1739104e-02
   7.1556307e-02
   7.1373991e-02
   7.1192156e-02
   7.1010800e-02
   7.0829921e-02
   7.0649520e-02
   7.0469593e-02
   7.0290141e-02
   7.0111162e-02
   6.9932654e-02
   6.9754616e-02
   6.9577048e-02
   6.9399947e-02
   6.9223313e-02
   6.9047145e-02
   6.8871440e-02
   6.8696199e-02
   6.8521419e-02
   6.8347100e-02
   6.8173240e-02
   6.7999838e-02
   6.7826892e-02
   6.7654403e-02
   6.7482368e-02
   6.7310786e-02
   6.7139656e-02
   6.6968976e-02
   6.6798747e-02
   6.6628966e-02
   6.6459632e-02
   6.6290744e-02
   6.6122301e-02
   6.5954302e-02
   6.5786746e-02
   6.5619630e-02
   6.5452955e-02
   6.5286719e-02
   6.5120921e-02
   6.4955560e-02
   6.4790634e-02
   6.4626142e-02
   6.4462084e-02
   6.4298458e-02
   6.4135263e-02
   6.3972497e-02
   6.3810161e-02
   6.3648252e-02
   6.3486769e-02
   6.3325712e-02
   6.3165079e-02
   6.3004869e-02
   6.2845081e-02
   6.2685713e-02
   6.2526766e-02
   6.2368237e-02
   6.2210125e-02
   6.2052430e-02
   6.1895150e-02
   6.1738285e-02
   6.1581832e-02
   6.1425792e-02
   6.1270162e-02
   6.1114942e-02
   6.0960131e-02
   6.0805728e-02
   6.0651731e-02
   6.0498140e-02
   6.0344953e-02
   6.0192169e-02
   6.0039788e-02
   5.9887808e-02
   5.9736229e-02
   5.9585048e-02
   5.9434266e-02
   5.9283880e-02
   5.9133890e-02
   5.8984296e-02
   5.8835095e-02
   5.8686287e-02
   5.8537871e-02
   5.8389846e-02
   5.8242210e-02
   5.8094963e-02
   5.7948104e-02
   5.7801631e-02
   5.7655544e-02
   5.7509842e-02
   5.7364523e-02
   5.7219587e-02
   5.7075032e-02
   5.6930858e-02
   5.6787063e-02
   5.6643647e-02
   5.6500609e-02
   5.6357947e-02
   5.6215661e-02
   5.6073749e-02
   5.5932211e-02
   5.5791045e-02
   5.5650251e-02
   5.5509828e-02
   5.5369774e-02
   5.5230089e-02
   5.5090771e-02
   5.4951821e-02
   5.4813236e-02
   5.4675015e-02
   5.4537159e-02
   5.4399666e-02
   5.4262534e-02
   5.4125763e-02
   5.3989353e-02
   5.3853301e-02
   5.3717608e-02
   5.3582271e-02
   5.3447291e-02
   5.3312666e-02
   5.3178395e-02
   5.3044478e-02
   5.2910913e-02
   5.2777700e-02
   5.2644838e-02
   5.2512325e-02
   5.2380160e-02
   5.2248344e-02
   5.2116874e-02
   5.1985751e-02
   5.1854972e-02
   5.1724538e-02
   5.1594447e-02
   5.1464698e-02
   5.1335291e-02
   5.1206224e-02
   5.1077497e-02
   5.0949109e-02
   5.0821058e-02
   5.0693345e-02
   5.0565967e-02
   5.0438925e-02
   5.0312217e-02
   5.0185842e-02
   5.0059800e-02
   4.9934090e-02
   4.9808710e-02
   4.9683661e-02
   4.9558940e-02
   4.9434547e-02
   4.9310482e-02
   4.9186743e-02
   4.9063330e-02
   4.8940242e-02
   4.8817477e-02
   4.8695035e-02
   4.8572916e-02
   4.8451118e-02
   4.8329640e-02
   4.8208482e-02
   4.8087642e-02
   4.7967121e-02
   4.7846916e-02
   4.7727028e-02
   4.7607455e-02
   4.7488197e-02
   4.7369252e-02
   4.7250621e-02
   4.7132301e-02
   4.7014293e-02
   4.6896595e-02
   4.6779207e-02
   4.6662128e-02
   4.6545357e-02
   4.6428892e-02
   4.6312735e-02
   4.6196882e-02
   4.6081335e-02
   4.5966091e-02
   4.5851151e-02
   4.5736513e-02
   4.5622176e-02
   4.5508140e-02
   4.5394404e-02
   4.5280968e-02
   4.5167829e-02
   4.5054989e-02
   4.4942445e-02
   4.4830197e-02
   4.4718244e-02
   4.4606586e-02
   4.4495221e-02
   4.4384150e-02
   4.4273370e-02
   4.4162882e-02
   4.4052685e-02
   4.3942777e-02
   4.3833158e-02
   4.3723828e-02
   4.3614785e-02
   4.3506029e-02
   4.3397559e-02
   4.3289374e-02
   4.3181474e-02
   4.3073858e-02
   4.2966524e-02
   4.2859473e-02
   4.2752703e-02
   4.2646214e-02
   4.2540005e-02
   4.2434076e-02
   4.2328425e-02
   4.2223052e-02
   4.2117956e-02
   4.2013136e-02
   4.1908592e-02
   4.1804323e-02
   4.1700328e-02
   4.1596606e-02
   4.1493157e-02
   4.1389981e-02
   4.1287075e-02
   4.1184440e-02
   4.1082075e-02
   4.0979979e-02
   4.0878152e-02
   4.0776592e-02
   4.0675300e-02
   4.0574273e-02
   4.0473513e-02
   4.0373017e-02
   4.0272785e-02
   4.0172817e-02
   4.0073112e-02
   3.9973669e-02
   3.9874487e-02
   3.9775567e-02
   3.9676906e-02
   3.9578504e-02
   3.9480362e-02
   3.9382477e-02
   3.9284850e-02
   3.9187479e-02
   3.9090365e-02
   3.8993505e-02
   3.8896901e-02
   3.8800550e-02
   3.8704452e-02
   3.8608607e-02
   3.8513015e-02
   3.8417673e-02
   3.8322582e-02
   3.8227741e-02
   3.8133149e-02
   3.8038806e-02
   3.7944711e-02
   3.7850864e-02
   3.7757263e-02
   3.7663908e-02
   3.7570798e-02
   3.7477934e-02
   3.7385313e-02
   3.7292936e-02
   3.7200801e-02
   3.7108909e-02
   3.7017258e-02
   3.6925848e-02
   3.6834679e-02
   3.6743749e-02
   3.6653058e-02
   3.6562605e-02
   3.6472391e-02
   3.6382413e-02
   3.6292672e-02
   3.6203166e-02
   3.6113896e-02
   3.6024861e-02
   3.5936059e-02
   3.5847491e-02
   3.5759156e-02
   3.5671053e-02
   3.5583181e-02
   3.5495540e-02
   3.5408130e-02
   3.5320949e-02
   3.5233998e-02
   3.5147275e-02
   3.5060780e-02
   3.4974512e-02
   3.4888471e-02
   3.4802656e-02
   3.4717066e-02
   3.4631702e-02
   3.4546562e-02
   3.4461645e-02
   3.4376952e-02
   3.4292481e-02
   3.4208232e-02
   3.4124205e-02
   3.4040398e-02
   3.3956812e-02
   3.3873445e-02
   3.3790297e-02
   3.3707368e-02
   3.3624656e-02
   3.3542162e-02
   3.3459885e-02
   3.3377824e-02
   3.3295979e-02
   3.3214348e-02
   3.3132932e-02
   3.3051730e-02
   3.2970742e-02
   3.2889966e-02
   3.2809402e-02
   3.2729050e-02
   3.2648909e-02
   3.2568979e-02
   3.2489259e-02
   3.2409748e-02
   3.2330446e-02
   3.2251352e-02
   3.2172467e-02
   3.2093788e-02
   3.2015316e-02
   3.1937051e-02
   3.1858991e-02
   3.1781136e-02
   3.1703485e-02
   3.1626039e-02
   3.1548796e-02
   3.1471755e-02
   3.1394918e-02
   3.1318282e-02
   3.1241847e-02
   3.1165614e-02
   3.1089580e-02
   3.1013746e-02
   3.0938112e-02
   3.0862676e-02
   3.0787438e-02
   3.0712398e-02
   3.0637555e-02
   3.0562909e-02
   3.0488459e-02
   3.0414204e-02
   3.0340144e-02
   3.0266279e-02
   3.0192608e-02
   3.0119130e-02
   3.0045846e-02
   2.9972754e-02
   2.9899854e-02
   2.9827145e-02
   2.9754627e-02
   2.9682300e-02
   2.9610163e-02
   2.9538215e-02
   2.9466456e-02
   2.9394886e-02
   2.9323503e-02
   2.9252309e-02
   2.9181301e-02
   2.9110479e-02
   2.9039844e-02
   2.8969394e-02
   2.8899129e-02
   2.8829049e-02
   2.8759152e-02
   2.8689440e-02
   2.8619910e-02
   2.8550563e-02
   2.8481398e-02
   2.8412415e-02
   2.8343613e-02
   2.8274991e-02
   2.8206550e-02
   2.8138289e-02
   2.8070206e-02
   2.8002334e-02
   3.1696561e-02
   3.5290967e-02
   3.8790758e-02
   4.2205145e-02
   4.5540765e-02
   4.8803888e-02
   5.2000378e-02
   5.5135401e-02
   5.8214567e-02
   6.1242154e-02
   6.4223586e-02
   6.7163305e-02
   7.0066696e-02
   7.2938671e-02
   7.5785309e-02
   7.8613145e-02
   8.1430430e-02
   8.4247150e-02
   8.7076262e-02
   8.9935947e-02
   9.2849291e-02
   9.5848357e-02
   9.8978953e-02
   1.0230689e-01
   1.0593157e-01
   1.1000725e-01
   1.1478821e-01
   1.2071248e-01
   1.2857702e-01
   1.3984639e-01
   1.5665393e-01
   1.7481535e-01
   1.4083479e-01
   9.5186312e-02
   8.0506207e-02
   1.1412129e-01
   1.8414237e-01
   2.6786166e-01
   3.5572821e-01
   4.4417390e-01
   5.3197356e-01
   6.1880471e-01
   7.0467251e-01
   7.8968391e-01
   8.7396156e-01
   9.5761371e-01
   1.0407226e+00
   1.1233486e+00
   1.2055265e+00
   1.2872739e+00
   1.4104610e+00
   1.5382268e+00
   1.6703446e+00
   1.8049142e+00
   1.9416333e+00
   2.0801948e+00
   2.2202912e+00
   2.3616192e+00
   2.5038826e+00
   2.6467936e+00
   2.7900783e+00
   2.9334756e+00
   3.0767404e+00
   3.2196428e+00
   3.3619707e+00
   3.5035292e+00
   3.6441397e+00
   3.7836410e+00
   3.9218889e+00
   4.0587558e+00
   4.1941289e+00
   4.3279108e+00
   4.4600163e+00
   4.5903761e+00
   4.7189319e+00
   4.8456366e+00
   4.9704530e+00
   5.0933545e+00
   5.2143228e+00
   5.3333473e+00
   5.4504253e+00
   5.5655588e+00
   5.6787585e+00
   5.7900374e+00
   5.8994131e+00
   6.0069095e+00
   6.1125515e+00
   6.2163669e+00
   6.3183864e+00
   6.4186439e+00
   6.5171735e+00
   6.6140107e+00
   6.7091928e+00
   6.8027574e+00
   6.8947426e+00
   6.9851879e+00
   7.0741311e+00
   7.1616120e+00
   7.2476689e+00
   7.3323386e+00
   7.4156615e+00
   7.4976735e+00
   7.5784129e+00
   7.6579148e+00
   7.7362160e+00
   7.8133507e+00
   7.8893537e+00
   7.9642587e+00
   8.0380984e+00
   8.1109036e+00
   8.1827057e+00
   8.2535346e+00
   8.3234202e+00
   8.3923914e+00
   8.4604749e+00
   8.5276975e+00
   8.5940856e+00
   8.6596644e+00
   8.7244582e+00
   8.7884902e+00
   8.8517826e+00
   8.9143583e+00
   8.9762383e+00
   9.0374446e+00
   9.0979956e+00
   9.1579107e+00
   9.2172084e+00
   9.2759063e+00
   9.3340219e+00
   9.3915719e+00
   9.4485721e+00
   9.5050383e+00
   9.5609857e+00
   9.6164282e+00
   9.6713803e+00
   9.7258555e+00
   9.7798657e+00
   9.8334240e+00
   9.8865423e+00
   9.9392325e+00
   9.9915058e+00
   1.0043374e+01
   1.0094846e+01
   1.0145932e+01
   1.0196643e+01
   1.0246989e+01
   1.0296977e+01
   1.0346618e+01
   1.0395920e+01
   1.0444890e+01
   1.0493538e+01
   1.0541870e+01
   1.0589895e+01
   1.0637620e+01
   1.0685052e+01
   1.0732198e+01
   1.0779065e+01
   1.0825659e+01
   1.0871987e+01
   1.0918056e+01
   1.0963871e+01
   1.1009438e+01
   1.1054763e+01
   1.1099852e+01
   1.1144712e+01
   1.1189346e+01
   1.1233760e+01
   1.1277961e+01
   1.1321952e+01
   1.1365740e+01
   1.1409330e+01
   1.1452725e+01
   1.1495932e+01
   1.1538955e+01
   1.1581799e+01
   1.1624470e+01
   1.1666971e+01
   1.1709308e+01
   1.1751485e+01
   1.1793507e+01
   1.1835380e+01
   1.1877107e+01
   1.1918693e+01
   1.1960143e+01
   1.2001462e+01
   1.2042654e+01
   1.2083725e+01
   1.2124678e+01
   1.2165519e+01
   1.2206253e+01
   1.2246885e+01
   1.2287419e+01
   1.2327860e+01
   1.2368214e+01
   1.2408486e+01
   1.2448680e+01
   1.2488802e+01
   1.2528858e+01
   1.2568851e+01
   1.2608790e+01
   1.2648678e+01
   1.2688522e+01
   1.2728326e+01
   1.2768098e+01
   1.2807842e+01
   1.2847565e+01
   1.2887274e+01
   1.2926973e+01
   1.2966670e+01
   1.3006372e+01
   1.3046084e+01
   1.3085814e+01
   1.3125569e+01
   1.3165355e+01
   1.3205181e+01
   1.3245052e+01
   1.3284977e+01
   1.3324963e+01
   1.3365019e+01
   1.3405150e+01
   1.3445366e+01
   1.3485674e+01
   1.3526083e+01
   1.3566602e+01
   1.3607238e+01
   1.3648000e+01
   1.3688896e+01
   1.3729935e+01
   1.3771125e+01
   1.3812474e+01
   1.3853991e+01
   1.3895683e+01
   1.3937559e+01
   1.3979627e+01
   1.4021894e+01
   1.4064367e+01
   1.4107052e+01
   1.4149957e+01
   1.4193086e+01
   1.4236445e+01
   1.4280039e+01
   1.4323870e+01
   1.4367942e+01
   1.4412257e+01
   1.4456814e+01
   1.4501614e+01
   1.4546655e+01
   1.4591934e+01
   1.4637446e+01
   1.4683187e+01
   1.4729149e+01
   1.4775323e+01
   1.4821700e+01
   1.4868269e+01
   1.4915016e+01
   1.4961928e+01
   1.5008990e+01
   1.5056185e+01
   1.5103497e+01
   1.5150907e+01
   1.5198397e+01
   1.5245948e+01
   1.5293539e+01
   1.5341152e+01
   1.5388767e+01
   1.5436364e+01
   1.5483924e+01
   1.5531428e+01
   1.5578858e+01
   1.5626196e+01
   1.5673427e+01
   1.5720533e+01
   1.5767501e+01
   1.5814316e+01
   1.5860965e+01
   1.5907436e+01
   1.5953719e+01
   1.5999803e+01
   1.6045679e+01
   1.6091340e+01
   1.6136779e+01
   1.6181989e+01
   1.6226965e+01
   1.6271702e+01
   1.6316197e+01
   1.6360446e+01
   1.6404447e+01
   1.6448198e+01
   1.6491697e+01
   1.6534944e+01
   1.6577937e+01
   1.6620678e+01
   1.6663165e+01
   1.6705400e+01
   1.6747383e+01
   1.6789115e+01
   1.6830598e+01
   1.6871833e+01
   1.6912821e+01
   1.6953565e+01
   1.6994065e+01
   1.7034325e+01
   1.7074345e+01
   1.7114129e+01
   1.7153677e+01
   1.7192993e+01
   1.7232079e+01
   1.7270935e+01
   1.7309566e+01
   1.7347973e+01
   1.7386158e+01
   1.7424123e+01
   1.7461870e+01
   1.7499402e+01
   1.7536721e+01
   1.7573829e+01
   1.7610727e+01
   1.7647418e+01
   1.7683904e+01
   1.7720187e+01
   1.7756268e+01
   1.7792150e+01
   1.7827835e+01
   1.7863324e+01
   1.7898618e+01
   1.7933721e+01
   1.7968633e+01
   1.8003357e+01
   1.8037893e+01
   1.8072244e+01
   1.8106412e+01
   1.8140397e+01
   1.8174201e+01
   1.8207826e+01
   1.8241274e+01
   1.8274545e+01
   1.8307642e+01
   1.8340565e+01
   1.8373317e+01
   1.8405898e+01
   1.8438311e+01
   1.8470555e+01
   1.8502634e+01
   1.8534547e+01
   1.8566297e+01
   1.8597884e+01
   1.8629310e+01
   1.8660577e+01
   1.8691685e+01
   1.8722635e+01
   1.8753430e+01
   1.8784070e+01
   1.8814556e+01
   1.8844890e+01
   1.8875072e+01
   1.8905105e+01
   1.8934988e+01
   1.8964725e+01
   1.8994314e+01
   1.9023758e+01
   1.9053058e+01
   1.9082215e+01
   1.9111230e+01
   1.9140104e+01
   1.9168838e+01
   1.9197434e+01
   1.9225892e+01
   1.9254214e+01
   1.9282401e+01
   1.9310453e+01
   1.9338372e+01
   1.9366159e+01
   1.9393815e+01
   1.9421341e+01
   1.9448738e+01
   1.9476007e+01
   1.9503150e+01
   1.9530166e+01
   1.9557058e+01
   1.9583826e+01
   1.9610471e+01
   1.9636995e+01
   1.9663397e+01
   1.9689680e+01
   1.9715845e+01
   1.9741891e+01
   1.9767821e+01
   1.9793634e+01
   1.9819333e+01
   1.9844918e+01
   1.9870390e+01
   1.9895751e+01
   1.9921000e+01
   1.9946138e+01
   1.9971168e+01
   1.9996090e+01
   2.0020904e+01
   2.0045611e+01
   2.0070213e+01
   2.0094711e+01
   2.0119104e+01
   2.0143395e+01
   2.0167584e+01
   2.0191672e+01
   2.0215659e+01
   2.0239547e+01
   2.0263336e+01
   2.0287028e+01
   2.0310623e+01
   2.0334122e+01
   2.0357525e+01
   2.0380835e+01
   2.0404050e+01
   2.0427173e+01
   2.0450204e+01
   2.0473144e+01
   2.0495993e+01
   2.0518753e+01
   2.0541424e+01
   2.0564007e+01
   2.0586502e+01
   2.0608911e+01
   2.0631234e+01
   2.0653473e+01
   2.0675626e+01
   2.0697697e+01
   2.0719684e+01
   2.0741589e+01
   2.0763413e+01
   2.0785156e+01
   2.0806819e+01
   2.0828403e+01
   2.0849908e+01
   2.0871335e+01
   2.0892685e+01
   2.0913958e+01
   2.0935155e+01
   2.0956277e+01
   2.0977324e+01
   2.0998297e+01
   2.1019197e+01
   2.1040024e+01
   2.1060779e+01
   2.1081463e+01
   2.1102076e+01
   2.1122618e+01
   2.1143091e+01
   2.1163495e+01
   2.1183830e+01
   2.1204097e+01
   2.1224297e+01
   2.1244431e+01
   2.1264498e+01
   2.1284500e+01
   2.1304436e+01
   2.1324308e+01
   2.1344117e+01
   2.1363862e+01
   2.1383544e+01
   2.1403164e+01
   2.1422722e+01
   2.1442219e+01
   2.1461655e+01
   2.1481031e+01
   2.1500348e+01
   2.1519605e+01
   2.1538804e+01
   2.1557944e+01
   2.1577027e+01
   2.1596052e+01
   2.1615021e+01
   2.1633934e+01
   2.1652791e+01
   2.1671593e+01
   2.1690340e+01
   2.1709032e+01
   2.1727671e+01
   2.1746256e+01
   2.1764789e+01
   2.1783268e+01
   2.1801696e+01
   2.1820072e+01
   2.1838397e+01
   2.1856671e+01
   2.1874895e+01
   2.1893068e+01
   2.1911193e+01
   2.1929268e+01
   2.1947294e+01
   2.1965272e+01
   2.1983203e+01
   2.2001085e+01
   2.2018921e+01
   2.2036710e+01
   2.2054452e+01
   2.2072149e+01
   2.2089800e+01
   2.2107406e+01
   2.2124967e+01
   2.2142484e+01
   2.2159957e+01
   2.2177386e+01
   2.2194771e+01
   2.2212114e+01
   2.2229414e+01
   2.2246672e+01
   2.2263888e+01
   2.2281062e+01
   2.2298195e+01
   2.2315287e+01
   2.2332339e+01
   2.2349350e+01
   2.2366321e+01
   2.2383253e+01
   2.2400146e+01
   2.2417000e+01
   2.2433815e+01
   2.2450591e+01
   2.2467330e+01
   2.2484032e+01
   2.2500695e+01
   2.2517322e+01
   2.2533912e+01
   2.2550466e+01
   2.2566983e+01
   2.2583465e+01
   2.2599911e+01
   2.2616322e+01
   2.2632698e+01
   2.2649039e+01
   2.2665346e+01
   2.2681618e+01
   2.2697857e+01
   2.2714062e+01
   2.2730234e+01
   2.2746373e+01
   2.2762479e+01
   2.2778553e+01
   2.2794595e+01
   2.2810604e+01
   2.2826582e+01
   2.2842528e+01
   2.2858444e+01
   2.2874328e+01
   2.2890181e+01
   2.2906005e+01
   2.2921798e+01
   2.2937561e+01
   2.2953294e+01
   2.2968998e+01
   2.2984673e+01
   2.3000319e+01
   2.3015936e+01
   2.3031525e+01
   2.3047085e+01
   2.3062618e+01
   2.3078122e+01
   2.3093599e+01
   2.3109049e+01
   2.3124472e+01
   2.3139867e+01
   2.3155236e+01
   2.3170579e+01
   2.3185896e+01
   2.3201186e+01
   2.3216451e+01
   2.3231690e+01
   2.3246903e+01
   2.3262092e+01
   2.3277255e+01
   2.3292394e+01
   2.3307509e+01
   2.3322599e+01
   2.3337664e+01
   2.3352706e+01
   2.3367725e+01
   2.3382719e+01
   2.3397691e+01
   2.3412639e+01
   2.3427564e+01
   2.3442466e+01
   2.3457346e+01
   2.3472204e+01
   2.3487039e+01
   2.3501853e+01
   2.3516644e+01
   2.3531414e+01
   2.3546163e+01
   2.3560890e+01
   2.3575596e+01
   2.3590281e+01
   2.3604945e+01
   2.3619589e+01
   2.3634213e+01
   2.3648816e+01
   2.3663400e+01
   2.3677963e+01
   2.3692507e+01
   2.3707031e+01
   2.3721536e+01
   2.3736021e+01
   2.3750488e+01
   2.3764936e+01
   2.3779365e+01
   2.3793775e+01
   2.3808168e+01
   2.3822542e+01
   2.3836897e+01
   2.3851235e+01
   2.3865556e+01
   2.3879858e+01
   2.3894144e+01
   2.3908412e+01
   2.3922662e+01
   2.3936896e+01
   2.3951113e+01
   2.3965314e+01
   2.3979497e+01
   2.3993665e+01
   2.4007816e+01
   2.4021951e+01
   2.4036070e+01
   2.4050174e+01
   2.4064261e+01
   2.4078334e+01
   2.4092390e+01
   2.4106432e+01
   2.4120458e+01
   2.4134470e+01
   2.4148467e+01
   2.4162448e+01
   2.4176416e+01
   2.4190369e+01
   2.4204308e+01
   2.4218232e+01
   2.4232143e+01
   2.4246039e+01
   2.4259922e+01
   2.4273791e+01
   2.4287647e+01
   2.4301489e+01
   2.4315318e+01
   2.4329134e+01
   2.4342937e+01
   2.4356727e+01
   2.4370504e+01
   2.4384269e+01
   2.4398021e+01
   2.4411760e+01
   2.4425488e+01
   2.4439203e+01
   2.4452906e+01
   2.4466597e+01
   2.4480277e+01
   2.4493944e+01
   2.4507600e+01
   2.4521245e+01
   2.4534878e+01
   2.4548500e+01
   2.4562111e+01
   2.4575711e+01
   2.4589300e+01
   2.4602878e+01
   2.4616446e+01
   2.4630003e+01
   2.4643549e+01
   2.4657085e+01
   2.4670611e+01
   2.4684127e+01
   2.4697632e+01
   2.4711128e+01
   2.4724614e+01
   2.4738090e+01
   2.4751556e+01
   2.4765013e+01
   2.4778461e+01
   2.4791899e+01
   2.4805328e+01
   2.4818747e+01
   2.4832158e+01
   2.4845560e+01
   2.4858953e+01
   2.4872337e+01
   2.4885712e+01
   2.4899079e+01
   2.4912437e+01
   2.4925787e+01
   2.4939129e+01
   2.4952463e+01
   2.4965788e+01
   2.4979106e+01
   2.4992415e+01
   2.5005717e+01
   2.5019011e+01
   2.5032297e+01
   2.5045576e+01
   2.5058847e+01
   2.5072111e+01
   2.5085368e+01
   2.5098617e+01
   2.5111859e+01
   2.5125094e+01
   2.5138323e+01
   2.5151544e+01
   2.5164758e+01
   2.5177966e+01
   2.5191168e+01
   2.5204362e+01
   2.5217550e+01
   2.5230732e+01
   2.5243908e+01
   2.5257077e+01
   2.5270240e+01
   2.5283397e+01
   2.5296548e+01
   2.5309693e+01
   2.5322832e+01
   2.5335966e+01
   2.5349093e+01
   2.5362216e+01
   2.5375332e+01
   2.5388443e+01
   2.5401549e+01
   2.5414649e+01
   2.5427745e+01
   2.5440835e+01
   2.5453919e+01
   2.5466999e+01
   2.5480074e+01
   2.5493144e+01
   2.5506209e+01
   2.5519269e+01
   2.5532325e+01
   2.5545376e+01
   2.5558423e+01
   2.5571465e+01
   2.5584502e+01
   2.5597535e+01
   2.5610564e+01
   2.5623589e+01
   2.5636609e+01
   2.5649626e+01
   2.5662638e+01
   2.5675647e+01
   2.5688651e+01
   2.5701652e+01
   2.5714649e+01
   2.5727642e+01
   2.5740631e+01
   2.5753617e+01
   2.5766599e+01
   2.5779578e+01
   2.5792554e+01
   2.5805526e+01
   2.5818494e+01
   2.5831460e+01
   2.5844422e+01
   2.5857381e+01
   2.5870337e+01
   2.5883290e+01
   2.5896241e+01
   2.5909188e+01
   2.5922132e+01
   2.5935074e+01
   2.5948012e+01
   2.5960948e+01
   2.5973882e+01
   2.5986813e+01
   2.5999741e+01
   2.6012667e+01
   2.6025590e+01
   2.6038511e+01
   2.6051430e+01
   2.6064346e+01
   2.6077260e+01
   2.6090172e+01
   2.6103082e+01
   2.6115990e+01
   2.6128896e+01
   2.6141800e+01
   2.6154701e+01
   2.6167601e+01
   2.6180499e+01
   2.6193396e+01
   2.6206290e+01
   2.6219183e+01
   2.6232074e+01
   2.6244964e+01
   2.6257852e+01
   2.6270738e+01
   2.6283624e+01
   2.6296507e+01
   2.6309389e+01
   2.6322270e+01
   2.6335150e+01
   2.6348028e+01
   2.6360905e+01
   2.6373781e+01
   2.6386656e+01
   2.6399529e+01
   2.6412402e+01
   2.6425273e+01
   2.6438144e+01
   2.6451014e+01
   2.6463882e+01
   2.6476750e+01
   2.6489617e+01
   2.6502484e+01
   2.6515349e+01
   2.6528214e+01
   2.6541078e+01
   2.6553942e+01
   2.6566805e+01
   2.6579667e+01
   2.6592529e+01
   2.6605391e+01
   2.6618252e+01
   2.6631112e+01
   2.6643972e+01
   2.6656832e+01
   2.6669692e+01
   2.6682551e+01
   2.6695410e+01
   2.6708269e+01
   2.6721127e+01
   2.6733986e+01
   2.6746844e+01
   2.6759702e+01
   2.6772560e+01
   2.6785419e+01
   2.6798277e+01
   2.6811135e+01
   2.6823993e+01
   2.6836852e+01
   2.6849710e+01
   2.6862569e+01
   2.6875428e+01
   2.6888287e+01
   2.6901146e+01
   2.6914006e+01
   2.6926866e+01
   2.6939726e+01
   2.6952587e+01
   2.6965448e+01
   2.6978310e+01
   2.6991171e+01
   2.7004034e+01
   2.7016897e+01
   2.7029760e+01
   2.7042624e+01
   2.7055489e+01
   2.7068354e+01
   2.7081220e+01
   2.7094086e+01
   2.7106953e+01
   2.7119821e+01
   2.7132689e+01
   2.7145559e+01
   2.7158429e+01
   2.7171300e+01
   2.7184171e+01
   2.7197044e+01
   2.7209917e+01
   2.7222791e+01
   2.7235667e+01
   2.7248543e+01
   2.7261420e+01
   2.7274298e+01
   2.7287177e+01
   2.7300057e+01
   2.7312938e+01
   2.7325820e+01
   2.7338703e+01
   2.7351587e+01
   2.7364472e+01
   2.7377359e+01
   2.7390247e+01
   2.7403135e+01
   2.7416025e+01
   2.7428916e+01
   2.7441809e+01
   2.7454703e+01
   2.7467597e+01
   2.7480494e+01
   2.7493391e+01
   2.7506290e+01
   2.7519190e+01
   2.7532092e+01
   2.7544994e+01
   2.7557899e+01
   2.7570804e+01
   2.7583711e+01
   2.7596620e+01
   2.7609529e+01
   2.7622441e+01
   2.7635354e+01
   2.7648268e+01
   2.7661184e+01
   2.7674101e+01
   2.7687020e+01
   2.7699940e+01
   2.7712862e+01
   2.7725785e+01
   2.7738710e+01
   2.7751637e+01
   2.7764565e+01
   2.7777495e+01
   2.7790427e+01
   2.7803360e+01
   2.7816295e+01
   2.7829231e+01
   2.7842169e+01
   2.7855109e+01
   2.7868050e+01
   2.7880994e+01
   2.7893939e+01
   2.7906885e+01
   2.7919834e+01
   2.7932784e+01
   2.7945736e+01
   2.7958689e+01
   2.7971645e+01
   2.7984602e+01
   2.7997561e+01
   2.8010522e+01
   2.8023485e+01
   2.8036449e+01
   2.8049416e+01
   2.8062384e+01
   2.8075354e+01
   2.8088326e+01
   2.8101300e+01
   2.8114275e+01
   2.8127253e+01
   2.8140232e+01
   2.8153214e+01
   2.8166197e+01
   2.8179182e+01
   2.8192169e+01
   2.8205158e+01
   2.8218149e+01
   2.8231142e+01
   2.8244137e+01
   2.8257134e+01
   2.8270132e+01
   2.8283133e+01
   2.8296136e+01
   2.8309140e+01
   2.8322147e+01
   2.8335155e+01
   2.8348166e+01
   2.8361179e+01
   2.8374193e+01
   2.8387210e+01
   2.8400228e+01
   2.8413249e+01
   2.8426271e+01
   2.8439296e+01
   2.8452323e+01
   2.8465351e+01
   2.8478382e+01
   2.8491414e+01
   2.8504449e+01
   2.8517486e+01
   2.8530525e+01
   2.8543566e+01
   2.8556608e+01
   2.8569653e+01
   2.8582700e+01
   2.8595749e+01
   2.8608800e+01
   2.8621853e+01
   2.8634908e+01
   2.8647966e+01
   2.8661025e+01
   2.8674086e+01
   2.8687150e+01
   2.8700215e+01
   2.8713283e+01
   2.8726352e+01
   2.8739424e+01
   2.8752497e+01
   2.8765573e+01
   2.8778651e+01
   2.8791731e+01
   2.8804813e+01
   2.8817897e+01
   2.8830983e+01
   2.8844071e+01
   2.8857161e+01
   2.8870253e+01
   2.8883347e+01
   2.8896444e+01
   2.8909542e+01
   2.8922642e+01
   2.8935745e+01
   2.8948849e+01
   2.8961956e+01
   2.8975064e+01
   2.8988175e+01
   2.9001288e+01
   2.9014402e+01
   2.9027519e+01
   2.9040638e+01
   2.9053759e+01
   2.9066882e+01
   2.9080007e+01
   2.9093134e+01
   2.9106263e+01
   2.9119393e+01
   2.9132526e+01
   2.9145661e+01
   2.9158798e+01
   2.9171937e+01
   2.9185078e+01
   2.9198221e+01
   2.9211366e+01
   2.9224513e+01
   2.9237662e+01
   2.9250813e+01
   2.9263966e+01
   2.9277121e+01
   2.9290278e+01
   2.9303437e+01
   2.9316598e+01
   2.9329761e+01
   2.9342925e+01
   2.9356092e+01
   2.9369261e+01
   2.9382431e+01
   2.9395604e+01
   2.9408778e+01
   2.9421954e+01
   2.9435133e+01
   2.9448313e+01
   2.9461495e+01
   2.9474679e+01
   2.9487865e+01
   2.9501052e+01
   2.9514242e+01
   2.9527433e+01
   2.9540627e+01
   2.9553822e+01
   2.9567019e+01
   2.9580218e+01
   2.9593419e+01
   2.9606621e+01
   2.9619826e+01
   2.9633032e+01
   2.9646240e+01
   2.9659450e+01
   2.9672662e+01
   2.9685875e+01
   2.9699091e+01
   2.9712308e+01
   2.9725526e+01
   2.9738747e+01
   2.9751969e+01
   2.9765193e+01
   2.9778419e+01
   2.9791647e+01
   2.9804876e+01
   2.9818107e+01
   2.9831340e+01
   2.9844574e+01
   2.9857811e+01
   2.9871048e+01
   2.9884288e+01
   2.9897529e+01
   2.9910772e+01
   2.9924016e+01
   2.9937263e+01
   2.9950510e+01
   2.9963760e+01
   2.9977011e+01
   2.9990263e+01
   3.0003518e+01
   3.0016774e+01
   3.0030031e+01
   3.0043290e+01
   3.0056551e+01
   3.0069813e+01
   3.0083076e+01
   3.0096342e+01
   3.0109608e+01
   3.0122877e+01
   3.0136146e+01
   3.0149418e+01
   3.0162690e+01
   3.0175965e+01
   3.0189240e+01
   3.0202517e+01
   3.0215796e+01
   3.0229076e+01
   3.0242358e+01
   3.0255640e+01
   3.0268925e+01
   3.0282210e+01
   3.0295498e+01
   3.0308786e+01
   3.0322076e+01
   3.0335367e+01
   3.0348660e+01
   3.0361954e+01
   3.0375249e+01
   3.0388545e+01
   3.0401843e+01
   3.0415142e+01
   3.0428443e+01
   3.0441744e+01
   3.0455047e+01
   3.0468352e+01
   3.0481657e+01
   3.0494964e+01
   3.0508271e+01
   3.0521581e+01
   3.0534891e+01
   3.0548202e+01
   3.0561515e+01
   3.0574829e+01
   3.0588144e+01
   3.0601460e+01
   3.0614777e+01
   3.0628095e+01
   3.0641415e+01
   3.0654735e+01
   3.0668057e+01
   3.0681379e+01
   3.0694703e+01
   3.0708028e+01
   3.0721353e+01
   3.0734680e+01
   3.0748008e+01
   3.0761337e+01
   3.0774667e+01
   3.0787997e+01
   3.0801329e+01
   3.0814662e+01
   3.0827995e+01
   3.0841330e+01
   3.0854665e+01
   3.0868001e+01
   3.0881338e+01
   3.0894676e+01
   3.0908015e+01
   3.0921355e+01
   3.0934695e+01
   3.0948037e+01
   3.0961379e+01
   3.0974722e+01
   3.0988065e+01
   3.1001410e+01
   3.1014755e+01
   3.1028101e+01
   3.1041448e+01
   3.1054795e+01
   3.1068143e+01
   3.1081492e+01
   3.1094842e+01
   3.1108192e+01
   3.1121542e+01
   3.1134894e+01
   3.1148246e+01
   3.1161598e+01
   3.1174952e+01
   3.1188305e+01
   3.1201660e+01
   3.1215014e+01
   3.1228370e+01
   3.1241726e+01
   3.1255082e+01
   3.1268439e+01
   3.1281797e+01
   3.1295154e+01
   3.1308513e+01
   3.1321871e+01
   3.1335231e+01
   3.1348590e+01
   3.1361950e+01
   3.1375311e+01
   3.1388671e+01
   3.1402032e+01
   3.1415394e+01
   3.1428755e+01
   3.1442117e+01
   3.1455480e+01
   3.1468842e+01
   3.1482205e+01
   3.1495568e+01
   3.1508932e+01
   3.1522295e+01
   3.1535659e+01
   3.1549023e+01
   3.1562387e+01
   3.1575751e+01
   3.1589116e+01
   3.1602480e+01
   3.1615845e+01
   3.1629209e+01
   3.1642574e+01
   3.1655939e+01
   3.1669304e+01
   3.1682669e+01
   3.1696034e+01
   3.1709399e+01
   3.1722764e+01
   3.1736129e+01
   3.1749494e+01
   3.1762859e+01
   3.1776224e+01
   3.1789588e+01
   3.1802953e+01
   3.1816318e+01
   3.1829682e+01
   3.1843046e+01
   3.1856410e+01
   3.1869774e+01
   3.1883138e+01
   3.1896501e+01
   3.1909864e+01
   3.1923227e+01
   3.1936590e+01
   3.1949952e+01
   3.1963315e+01
   3.1976676e+01
   3.1990038e+01
   3.2003399e+01
   3.2016760e+01
   3.2030120e+01
   3.2043480e+01
   3.2056840e+01
   3.2070199e+01
   3.2083558e+01
   3.2096916e+01
   3.2110274e+01
   3.2123631e+01
   3.2136988e+01
   3.2150344e+01
   3.2163700e+01
   3.2177055e+01
   3.2190409e+01
   3.2203763e+01
   3.2217117e+01
   3.2230469e+01
   3.2243821e+01
   3.2257173e+01
   3.2270524e+01
   3.2283874e+01
   3.2297223e+01
   3.2310571e+01
   3.2323919e+01
   3.2337266e+01
   3.2350612e+01
   3.2363958e+01
   3.2377302e+01
   3.2390646e+01
   3.2403989e+01
   3.2417331e+01
   3.2430672e+01
   3.2444012e+01
   3.2457352e+01
   3.2470690e+01
   3.2484027e+01
   3.2497364e+01
   3.2510699e+01
   3.2524033e+01
   3.2537367e+01
   3.2550699e+01
   3.2564030e+01
   3.2577360e+01
   3.2590689e+01
   3.2604017e+01
   3.2617343e+01
   3.2630669e+01
   3.2643993e+01
   3.2657316e+01
   3.2670638e+01
   3.2683959e+01
   3.2697278e+01
   3.2710596e+01
   3.2723912e+01
   3.2737228e+01
   3.2750542e+01
   3.2763854e+01
   3.2777166e+01
   3.2790476e+01
   3.2803784e+01
   3.2817091e+01
   3.2830396e+01
   3.2843700e+01
   3.2857003e+01
   3.2870304e+01
   3.2883603e+01
   3.2896901e+01
   3.2910197e+01
   3.2923492e+01
   3.2936785e+01
   3.2950076e+01
   3.2963366e+01
   3.2976654e+01
   3.2989940e+01
   3.3003224e+01
   3.3016507e+01
   3.3029788e+01
   3.3043067e+01
   3.3056345e+01
   3.3069620e+01
   3.3082894e+01
   3.3096166e+01
   3.3109435e+01
   3.3122703e+01
   3.3135969e+01
   3.3149233e+01
   3.3162495e+01
   3.3175755e+01
   3.3189013e+01
   3.3202269e+01
   3.3215523e+01
   3.3228774e+01
   3.3242024e+01
   3.3255271e+01
   3.3268516e+01
   3.3281759e+01
   3.3295000e+01
   3.3308238e+01
   3.3321475e+01
   3.3334709e+01
   3.3347940e+01
   3.3361169e+01
   3.3374396e+01
   3.3387621e+01
   3.3400843e+01
   3.3414063e+01
   3.3427280e+01
   3.3440494e+01
   3.3453707e+01
   3.3466916e+01
   3.3480123e+01
   3.3493328e+01
   3.3506530e+01
   3.3519729e+01
   3.3532926e+01
   3.3546120e+01
   3.3559311e+01
   3.3572499e+01
   3.3585685e+01
   3.3598868e+01
   3.3612048e+01
   3.3625225e+01
   3.3638400e+01
   3.3651571e+01
   3.3664740e+01
   3.3677905e+01
   3.3691068e+01
   3.3704227e+01
   3.3717384e+01
   3.3730538e+01
   3.3743688e+01
   3.3756835e+01
   3.3769980e+01
   3.3783121e+01
   3.3796258e+01
   3.3809393e+01
   3.3822524e+01
   3.3835653e+01
   3.3848777e+01
   3.3861899e+01
   3.3875017e+01
   3.3888132e+01
   3.3901243e+01
   3.3914351e+01
   3.3927455e+01
   3.3940556e+01
   3.3953653e+01
   3.3966747e+01
   3.3979837e+01
   3.3992923e+01
   3.4006006e+01
   3.4019085e+01
   3.4032160e+01
   3.4045232e+01
   3.4058300e+01
   3.4071364e+01
   3.4084424e+01
   3.4097480e+01
   3.4110532e+01
   3.4123581e+01
   3.4136625e+01
   3.4149665e+01
   3.4162702e+01
   3.4175734e+01
   3.4188762e+01
   3.4201786e+01
   3.4214806e+01
   3.4227821e+01
   3.4240833e+01
   3.4253840e+01
   3.4266842e+01
   3.4279841e+01
   3.4292835e+01
   3.4305824e+01
   3.4318809e+01
   3.4331790e+01
   3.4344766e+01
   3.4357737e+01
   3.4370704e+01
   3.4383667e+01
   3.4396624e+01
   3.4409577e+01
   3.4422525e+01
   3.4435468e+01
   3.4448407e+01
   3.4461340e+01
   3.4474269e+01
   3.4487193e+01
   3.4500111e+01
   3.4513025e+01
   3.4525934e+01
   3.4538837e+01
   3.4551736e+01
   3.4564629e+01
   3.4577517e+01
   3.4590400e+01
   3.4603277e+01
   3.4616149e+01
   3.4629016e+01
   3.4641877e+01
   3.4654733e+01
   3.4667583e+01
   3.4680428e+01
   3.4693267e+01
   3.4706100e+01
   3.4718928e+01
   3.4731750e+01
   3.4744566e+01
   3.4757377e+01
   3.4770181e+01
   3.4782980e+01
   3.4795773e+01
   3.4808559e+01
   3.4821340e+01
   3.4834114e+01
   3.4846883e+01
   3.4859645e+01
   3.4872401e+01
   3.4885150e+01
   3.4897894e+01
   3.4910631e+01
   3.4923361e+01
   3.4936085e+01
   3.4948803e+01
   3.4961514e+01
   3.4974218e+01
   3.4986915e+01
   3.4999606e+01
   3.5012290e+01
   3.5024967e+01
   3.5037638e+01
   3.5050301e+01
   3.5062957e+01
   3.5075607e+01
   3.5088249e+01
   3.5100884e+01
   3.5113512e+01
   3.5126132e+01
   3.5138745e+01
   3.5151351e+01
   3.5163950e+01
   3.5176540e+01
   3.5189124e+01
   3.5201700e+01
   3.5214268e+01
   3.5226828e+01
   3.5239380e+01
   3.5251925e+01
   3.5264462e+01
   3.5276991e+01
   3.5289511e+01
   3.5302024e+01
   3.5314529e+01
   3.5327025e+01
   3.5339513e+01
   3.5351993e+01
   3.5364464e+01
   3.5376927e+01
   3.5389381e+01
   3.5401827e+01
   3.5414264e+01
   3.5426692e+01
   3.5439111e+01
   3.5451522e+01
   3.5463924e+01
   3.5476316e+01
   3.5488700e+01
   3.5501074e+01
   3.5513440e+01
   3.5525796e+01
   3.5538142e+01
   3.5550480e+01
   3.5562807e+01
   3.5575125e+01
   3.5587434e+01
   3.5599733e+01
   3.5612022e+01
   3.5624301e+01
   3.5636570e+01
   3.5648829e+01
   3.5661078e+01
   3.5673317e+01
   3.5685546e+01
   3.5697764e+01
   3.5709972e+01
   3.5722170e+01
   3.5734356e+01
   3.5746533e+01
   3.5758698e+01
   3.5770853e+01
   3.5782997e+01
   3.5795129e+01
   3.5807251e+01
   3.5819362e+01
   3.5831461e+01
   3.5843549e+01
   3.5855626e+01
   3.5867691e+01
   3.5879745e+01
   3.5891786e+01
   3.5903817e+01
   3.5915835e+01
   3.5927841e+01
   3.5939835e+01
   3.5951818e+01
   3.5963788e+01
   3.5975745e+01
   3.5987690e+01
   3.5999623e+01
   3.6011543e+01
   3.6023451e+01
   3.6035345e+01
   3.6047227e+01
   3.6059096e+01
   3.6070952e+01
   3.6082794e+01
   3.6094623e+01
   3.6106439e+01
   3.6118241e+01
   3.6130030e+01
   3.6141805e+01
   3.6153566e+01
   3.6165313e+01
   3.6177046e+01
   3.6188765e+01
   3.6200470e+01
   3.6212160e+01
   3.6223836e+01
   3.6235498e+01
   3.6247144e+01
   3.6258776e+01
   3.6270393e+01
   3.6281995e+01
   3.6293582e+01
   3.6305153e+01
   3.6316709e+01
   3.6328250e+01
   3.6339775e+01
   3.6351284e+01
   3.6362777e+01
   3.6374255e+01
   3.6385716e+01
   3.6397161e+01
   3.6408589e+01
   3.6420001e+01
   3.6431397e+01
   3.6442776e+01
   3.6454138e+01
   3.6465482e+01
   3.6476810e+01
   3.6488121e+01
   3.6499414e+01
   3.6510689e+01
   3.6521947e+01
   3.6533187e+01
   3.6544409e+01
   3.6555613e+01
   3.6566799e+01
   3.6577966e+01
   3.6589115e+01
   3.6600245e+01
   3.6611357e+01
   3.6622449e+01
   3.6633522e+01
   3.6644577e+01
   3.6655611e+01
   3.6666627e+01
   3.6677622e+01
   3.6688598e+01
   3.6699554e+01
   3.6710489e+01
   3.6721404e+01
   3.6732299e+01
   3.6743173e+01
   3.6754027e+01
   3.6764859e+01
   3.6775671e+01
   3.6786461e+01
   3.6797230e+01
   3.6807977e+01
   3.6818702e+01
   3.6829406e+01
   3.6840087e+01
   3.6850746e+01
   3.6861383e+01
   3.6871997e+01
   3.6882589e+01
   3.6893157e+01
   3.6903703e+01
   3.6914225e+01
   3.6924723e+01
   3.6935198e+01
   3.6945649e+01
   3.6956076e+01
   3.6966479e+01
   3.6976857e+01
   3.6987211e+01
   3.6997540e+01
   3.7007845e+01
   3.7018124e+01
   3.7028377e+01
   3.7038606e+01
   3.7048808e+01
   3.7058985e+01
   3.7069135e+01
   3.7079259e+01
   3.7089357e+01
   3.7099428e+01
   3.7109472e+01
   3.7119489e+01
   3.7129479e+01
   3.7139441e+01
   3.7149375e+01
   3.7159281e+01
   3.7169160e+01
   3.7179010e+01
   3.7188831e+01
   3.7198623e+01
   3.7208387e+01
   3.7218121e+01
   3.7227826e+01
   3.7237501e+01
   3.7247147e+01
   3.7256762e+01
   3.7266347e+01
   3.7275901e+01
   3.7285424e+01
   3.7294917e+01
   3.7304378e+01
   3.7313808e+01
   3.7323206e+01
   3.7332572e+01
   3.7341906e+01
   3.7351207e+01
   3.7360476e+01
   3.7369712e+01
   3.7378915e+01
   3.7388084e+01
   3.7397220e+01
   3.7406321e+01
   3.7415389e+01
   3.7424422e+01
   3.7433421e+01
   3.7442385e+01
   3.7451313e+01
   3.7460206e+01
   3.7469064e+01
   3.7477885e+01
   3.7486671e+01
   3.7495420e+01
   3.7504132e+01
   3.7512807e+01
   3.7521445e+01
   3.7530045e+01
   3.7538608e+01
   3.7547133e+01
   3.7555619e+01
   3.7564067e+01
   3.7572476e+01
   3.7580845e+01
   3.7589175e+01
   3.7597466e+01
   3.7605716e+01
   3.7613927e+01
   3.7622096e+01
   3.7630225e+01
   3.7638313e+01
   3.7646359e+01
   3.7654364e+01
   3.7662326e+01
   3.7670246e+01
   3.7678124e+01
   3.7685958e+01
   3.7693750e+01
   3.7701498e+01
   3.7709202e+01
   3.7716862e+01
   3.7724478e+01
   3.7732049e+01
   3.7739575e+01
   3.7747055e+01
   3.7754490e+01
   3.7761879e+01
   3.7769222e+01
   3.7776518e+01
   3.7783767e+01
   3.7790969e+01
   3.7798124e+01
   3.7805230e+01
   3.7812289e+01
   3.7819299e+01
   3.7826260e+01
   3.7833172e+01
   3.7840034e+01
   3.7846847e+01
   3.7853610e+01
   3.7860322e+01
   3.7866983e+01
   3.7873593e+01
   3.7880152e+01
   3.7886659e+01
   3.7893114e+01
   3.7899516e+01
   3.7905866e+01
   3.7912163e+01
   3.7918406e+01
   3.7924595e+01
   3.7930730e+01
   3.7936810e+01
   3.7942836e+01
   3.7948806e+01
   3.7954721e+01
   3.7960580e+01
   3.7966383e+01
   3.7972129e+01
   3.7977818e+01
   3.7983450e+01
   3.7989024e+01
   3.7994540e+01
   3.7999998e+01
   3.8005397e+01
   3.8010737e+01
   3.8016018e+01
   3.8021238e+01
   3.8026399e+01
   3.8031499e+01
   3.8036538e+01
   3.8041516e+01
   3.8046433e+01
   3.8051287e+01
   3.8056079e+01
   3.8060809e+01
   3.8065475e+01
   3.8070078e+01
   3.8074617e+01
   3.8079092e+01
   3.8083503e+01
   3.8087848e+01
   3.8092129e+01
   3.8096343e+01
   3.8100492e+01
   3.8104575e+01
   3.8108590e+01
   3.8112539e+01
   3.8116420e+01
   3.8120233e+01
   3.8123978e+01
   3.8127655e+01
   3.8131262e+01
   3.8134801e+01
   3.8138269e+01
   3.8141668e+01
   3.8144996e+01
   3.8148253e+01
   3.8151439e+01
   3.8154554e+01
   3.8157596e+01
   3.8160567e+01
   3.8163464e+01
   3.8166289e+01
   3.8169040e+01
   3.8171718e+01
   3.8174321e+01
   3.8176850e+01
   3.8179304e+01
   3.8181683e+01
   3.8183986e+01
   3.8186214e+01
   3.8188365e+01
   3.8190439e+01
   3.8192436e+01
   3.8194356e+01
   3.8196198e+01
   3.8197961e+01
   3.8199647e+01
   3.8201253e+01
   3.8202780e+01
   3.8204228e+01
   3.8205595e+01
   3.8206882e+01
   3.8208089e+01
   3.8209214e+01
   3.8210259e+01
   3.8211221e+01
   3.8212101e+01
   3.8212899e+01
   3.8213614e+01
   3.8214246e+01
   3.8214794e+01
   3.8215258e+01
   3.8215638e+01
   3.8215934e+01
   3.8216145e+01
   3.8216270e+01
   3.8216310e+01
   3.8216264e+01
   3.8216132e+01
   3.8215913e+01
   3.8215607e+01
   3.8215213e+01
   3.8214733e+01
   3.8214164e+01
   3.8213507e+01
   3.8212761e+01
   3.8211926e+01
   3.8211002e+01
   3.8209989e+01
   3.8208885e+01
   3.8207691e+01
   3.8206407e+01
   3.8205032e+01
   3.8203565e+01
   3.8202007e+01
   3.8200357e+01
   3.8198615e+01
   3.8196780e+01
   3.8194853e+01
   3.8192832e+01
   3.8190718e+01
   3.8188511e+01
   3.8186209e+01
   3.8183813e+01
   3.8181323e+01
   3.8178737e+01
   3.8176056e+01
   3.8173280e+01
   3.8170408e+01
   3.8167440e+01
   3.8164375e+01
   3.8161214e+01
   3.8157955e+01
   3.8154600e+01
   3.8151146e+01
   3.8147595e+01
   3.8143946e+01
   3.8140199e+01
   3.8136353e+01
   3.8132407e+01
   3.8128363e+01
   3.8124219e+01
   3.8119975e+01
   3.8115631e+01
   3.8111187e+01
   3.8106643e+01
   3.8101997e+01
   3.8097250e+01
   3.8092402e+01
   3.8087452e+01
   3.8082401e+01
   3.8077247e+01
   3.8071990e+01
   3.8066631e+01
   3.8061169e+01
   3.8055604e+01
   3.8049935e+01
   3.8044163e+01
   3.8038286e+01
   3.8032305e+01
   3.8026220e+01
   3.8020030e+01
   3.8013735e+01
   3.8007335e+01
   3.8000829e+01
   3.7994218e+01
   3.7987500e+01
   3.7980676e+01
   3.7973746e+01
   3.7966709e+01
   3.7959565e+01
   3.7952313e+01
   3.7944955e+01
   3.7937488e+01
   3.7929914e+01
   3.7922231e+01
   3.7914440e+01
   3.7906540e+01
   3.7898531e+01
   3.7890413e+01
   3.7882185e+01
   3.7873848e+01
   3.7865401e+01
   3.7856843e+01
   3.7848175e+01
   3.7839396e+01
   3.7830507e+01
   3.7821506e+01
   3.7812394e+01
   3.7803170e+01
   3.7793834e+01
   3.7784385e+01
   3.7774825e+01
   3.7765151e+01
   3.7755365e+01
   3.7745465e+01
   3.7735452e+01
   3.7725325e+01
   3.7715084e+01
   3.7704729e+01
   3.7694259e+01
   3.7683674e+01
   3.7672974e+01
   3.7662159e+01
   3.7651228e+01
   3.7640182e+01
   3.7629019e+01
   3.7617739e+01
   3.7606343e+01
   3.7594830e+01
   3.7583199e+01
   3.7571451e+01
   3.7559585e+01
   3.7547601e+01
   3.7535498e+01
   3.7523276e+01
   3.7510936e+01
   3.7498476e+01
   3.7485896e+01
   3.7473196e+01
   3.7460376e+01
   3.7447435e+01
   3.7434374e+01
   3.7421191e+01
   3.7407886e+01
   3.7394460e+01
   3.7380911e+01
   3.7367240e+01
   3.7353446e+01
   3.7339529e+01
   3.7325488e+01
   3.7311323e+01
   3.7297034e+01
   3.7282620e+01
   3.7268082e+01
   3.7253418e+01
   3.7238628e+01
   3.7223712e+01
   3.7208670e+01
   3.7193502e+01
   3.7178206e+01
   3.7162782e+01
   3.7147231e+01
   3.7131551e+01
   3.7115743e+01
   3.7099805e+01
   3.7083738e+01
   3.7067542e+01
   3.7051215e+01
   3.7034757e+01
   3.7018168e+01
   3.7001448e+01
   3.6984596e+01
   3.6967612e+01
   3.6950495e+01
   3.6933245e+01
   3.6915861e+01
   3.6898343e+01
   3.6880691e+01
   3.6862904e+01
   3.6844981e+01
   3.6826923e+01
   3.6808728e+01
   3.6790397e+01
   3.6771929e+01
   3.6753323e+01
   3.6734579e+01
   3.6715697e+01
   3.6696675e+01
   3.6677514e+01
   3.6658214e+01
   3.6638772e+01
   3.6619190e+01
   3.6599467e+01
   3.6579601e+01
   3.6559593e+01
   3.6539443e+01
   3.6519149e+01
   3.6498711e+01
   3.6478128e+01
   3.6457401e+01
   3.6436529e+01
   3.6415510e+01
   3.6394345e+01
   3.6373033e+01
   3.6351574e+01
   3.6329966e+01
   3.6308211e+01
   3.6286306e+01
   3.6264251e+01
   3.6242046e+01
   3.6219691e+01
   3.6197184e+01
   3.6174526e+01
   3.6151715e+01
   3.6128751e+01
   3.6105634e+01
   3.6082363e+01
   3.6058937e+01
   3.6035357e+01
   3.6011620e+01
   3.5987727e+01
   3.5963678e+01
   3.5939471e+01
   3.5915106e+01
   3.5890582e+01
   3.5865900e+01
   3.5841057e+01
   3.5816054e+01
   3.5790891e+01
   3.5765565e+01
   3.5740078e+01
   3.5714428e+01
   3.5688615e+01
   3.5662638e+01
   3.5636496e+01
   3.5610189e+01
   3.5583716e+01
   3.5557077e+01
   3.5530271e+01
   3.5503298e+01
   3.5476156e+01
   3.5448845e+01
   3.5421365e+01
   3.5393715e+01
   3.5365894e+01
   3.5337902e+01
   3.5309738e+01
   3.5281401e+01
   3.5252891e+01
   3.5224207e+01
   3.5195348e+01
   3.5166314e+01
   3.5137104e+01
   3.5107718e+01
   3.5078154e+01
   3.5048413e+01
   3.5018493e+01
   3.4988394e+01
   3.4958115e+01
   3.4927655e+01
   3.4897014e+01
   3.4866191e+01
   3.4835186e+01
   3.4803998e+01
   3.4772625e+01
   3.4741068e+01
   3.4709326e+01
   3.4677397e+01
   3.4645282e+01
   3.4612979e+01
   3.4580489e+01
   3.4547809e+01
   3.4514940e+01
   3.4481881e+01
   3.4448630e+01
   3.4415188e+01
   3.4381553e+01
   3.4347726e+01
   3.4313704e+01
   3.4279488e+01
   3.4245076e+01
   3.4210468e+01
   3.4175664e+01
   3.4140662e+01
   3.4105461e+01
   3.4070061e+01
   3.4034462e+01
   3.3998662e+01
   3.3962660e+01
   3.3926457e+01
   3.3890050e+01
   3.3853440e+01
   3.3816625e+01
   3.3779605e+01
   3.3742379e+01
   3.3704946e+01
   3.3667305e+01
   3.3629456e+01
   3.3591398e+01
   3.3553130e+01
   3.3514650e+01
   3.3475960e+01
   3.3437056e+01
   3.3397940e+01
   3.3358609e+01
   3.3319063e+01
   3.3279302e+01
   3.3239324e+01
   3.3199129e+01
   3.3158715e+01
   3.3118082e+01
   3.3077229e+01
   3.3036155e+01
   3.2994860e+01
   3.2953342e+01
   3.2911601e+01
   3.2869635e+01
   3.2827445e+01
   3.2785028e+01
   3.2742384e+01
   3.2699513e+01
   3.2656412e+01
   3.2613083e+01
   3.2569523e+01
   3.2525731e+01
   3.2481707e+01
   3.2437450e+01
   3.2392959e+01
   3.2348233e+01
   3.2303272e+01
   3.2258073e+01
   3.2212636e+01
   3.2166961e+01
   3.2121047e+01
   3.2074892e+01
   3.2028495e+01
   3.1981856e+01
   3.1934974e+01
   3.1887847e+01
   3.1840475e+01
   3.1792857e+01
   3.1744992e+01
   3.1696879e+01
   3.1648516e+01
   3.1599904e+01
   3.1551041e+01
   3.1501925e+01
   3.1452557e+01
   3.1402935e+01
   3.1353058e+01
   3.1302925e+01
   3.1252536e+01
   3.1201888e+01
   3.1150982e+01
   3.1099816e+01
   3.1048389e+01
   3.0996701e+01
   3.0944749e+01
   3.0892534e+01
   3.0840054e+01
   3.0787309e+01
   3.0734296e+01
   3.0681016e+01
   3.0627468e+01
   3.0573649e+01
   3.0519559e+01
   3.0465198e+01
   3.0410564e+01
   3.0355657e+01
   3.0300474e+01
   3.0245016e+01
   3.0189280e+01
   3.0133267e+01
   3.0076976e+01
   3.0020404e+01
   2.9963551e+01
   2.9906417e+01
   2.9849000e+01
   2.9791298e+01
   2.9733312e+01
   2.9675040e+01
   2.9616481e+01
   2.9557635e+01
   2.9498499e+01
   2.9439074e+01
   2.9379357e+01
   2.9319349e+01
   2.9259048e+01
   2.9198453e+01
   2.9137563e+01
   2.9076377e+01
   2.9014894e+01
   2.8953114e+01
   2.8891035e+01
   2.8828656e+01
   2.8765977e+01
   2.8702995e+01
   2.8639712e+01
   2.8576124e+01
   2.8512232e+01
   2.8448035e+01
   2.8383532e+01
   2.8318721e+01
   2.8253602e+01
   2.8188174e+01
   2.8122435e+01
   2.8056386e+01
   2.7990026e+01
   2.7923352e+01
   2.7856365e+01
   2.7789064e+01
   2.7721447e+01
   2.7653514e+01
   2.7585265e+01
   2.7516697e+01
   2.7447811e+01
   2.7378606e+01
   2.7309081e+01
   2.7239234e+01
   2.7169066e+01
   2.7098576e+01
   2.7027763e+01
   2.6956626e+01
   2.6885164e+01
   2.6813377e+01
   2.6741264e+01
   2.6668825e+01
   2.6596058e+01
   2.6522964e+01
   2.6449541e+01
   2.6375790e+01
   2.6301709e+01
   2.6227298e+01
   2.6152556e+01
   2.6077483e+01
   2.6002079e+01
   2.5926343e+01
   2.5850274e+01
   2.5773873e+01
   2.5697138e+01
   2.5620070e+01
   2.5542668e+01
   2.5464932e+01
   2.5386861e+01
   2.5308456e+01
   2.5229716e+01
   2.5150641e+01
   2.5071231e+01
   2.4991485e+01
   2.4911404e+01
   2.4830988e+01
   2.4750236e+01
   2.4669149e+01
   2.4587727e+01
   2.4505969e+01
   2.4423876e+01
   2.4341449e+01
   2.4258687e+01
   2.4175590e+01
   2.4092159e+01
   2.4008395e+01
   2.3924297e+01
   2.3839866e+01
   2.3755103e+01
   2.3670008e+01
   2.3584582e+01
   2.3498826e+01
   2.3412739e+01
   2.3326323e+01
   2.3239580e+01
   2.3152508e+01
   2.3065110e+01
   2.2977387e+01
   2.2889339e+01
   2.2800968e+01
   2.2712275e+01
   2.2623260e+01
   2.2533926e+01
   2.2444274e+01
   2.2354306e+01
   2.2264021e+01
   2.2173424e+01
   2.2082514e+01
   2.1991294e+01
   2.1899765e+01
   2.1807930e+01
   2.1715791e+01
   2.1623349e+01
   2.1530606e+01
   2.1437566e+01
   2.1344230e+01
   2.1250600e+01
   2.1156679e+01
   2.1062470e+01
   2.0967976e+01
   2.0873199e+01
   2.0778141e+01
   2.0682807e+01
   2.0587199e+01
   2.0491320e+01
   2.0395173e+01
   2.0298763e+01
   2.0202092e+01
   2.0105164e+01
   2.0007982e+01
   1.9910551e+01
   1.9812875e+01
   1.9714957e+01
   1.9616801e+01
   1.9518413e+01
   1.9419796e+01
   1.9320954e+01
   1.9221894e+01
   1.9122618e+01
   1.9023132e+01
   1.8923442e+01
   1.8823551e+01
   1.8723466e+01
   1.8623192e+01
   1.8522734e+01
   1.8422098e+01
   1.8321290e+01
   1.8220315e+01
   1.8119180e+01
   1.8017891e+01
   1.7916454e+01
   1.7814875e+01
   1.7713162e+01
   1.7611320e+01
   1.7509356e+01
   1.7407278e+01
   1.7305093e+01
   1.7202808e+01
   1.7100429e+01
   1.6997965e+01
   1.6895424e+01
   1.6792812e+01
   1.6690138e+01
   1.6587410e+01
   1.6484635e+01
   1.6381823e+01
   1.6278982e+01
   1.6176119e+01
   1.6073244e+01
   1.5970365e+01
   1.5867491e+01
   1.5764632e+01
   1.5661795e+01
   1.5558991e+01
   1.5456228e+01
   1.5353517e+01
   1.5250865e+01
   1.5148284e+01
   1.5045782e+01
   1.4943370e+01
   1.4841057e+01
   1.4738853e+01
   1.4636768e+01
   1.4534812e+01
   1.4432996e+01
   1.4331329e+01
   1.4229821e+01
   1.4128484e+01
   1.4027326e+01
   1.3926360e+01
   1.3825594e+01
   1.3725040e+01
   1.3624708e+01
   1.3524609e+01
   1.3424752e+01
   1.3325149e+01
   1.3225809e+01
   1.3126745e+01
   1.3027965e+01
   1.2929480e+01
   1.2831301e+01
   1.2733438e+01
   1.2635902e+01
   1.2538702e+01
   1.2441850e+01
   1.2345355e+01
   1.2249227e+01
   1.2153476e+01
   1.2058113e+01
   1.1963147e+01
   1.1868588e+01
   1.1774446e+01
   1.1680730e+01
   1.1587450e+01
   1.1494614e+01
   1.1402233e+01
   1.1310315e+01
   1.1218869e+01
   1.1127904e+01
   1.1037429e+01
   1.0947451e+01
   1.0857980e+01
   1.0769023e+01
   1.0680588e+01
   1.0592684e+01
   1.0505317e+01
   1.0418495e+01
   1.0332225e+01
   1.0246514e+01
   1.0161368e+01
   1.0076796e+01
   9.9928017e+00
   9.9093925e+00
   9.8265740e+00
   9.7443519e+00
   9.6627316e+00
   9.5817184e+00
   9.5013172e+00
   9.4215328e+00
   9.3423697e+00
   9.2638321e+00
   9.1859241e+00
   9.1086495e+00
   9.0320119e+00
   8.9560145e+00
   8.8806605e+00
   8.8059526e+00
   8.7318936e+00
   8.6584856e+00
   8.5857310e+00
   8.5136314e+00
   8.4421887e+00
   8.3714041e+00
   8.3012790e+00
   8.2318141e+00
   8.1630104e+00
   8.0948681e+00
   8.0273877e+00
   7.9605692e+00
   7.8944123e+00
   7.8289168e+00
   7.7640820e+00
   7.6999072e+00
   7.6363913e+00
   7.5735331e+00
   7.5113312e+00
   7.4497841e+00
   7.3888900e+00
   7.3286469e+00
   7.2690527e+00
   7.2101050e+00
   7.1518014e+00
   7.0941392e+00
   7.0371157e+00
   6.9807278e+00
   6.9249725e+00
   6.8698464e+00
   6.8153463e+00
   6.7614684e+00
   6.7082093e+00
   6.6555650e+00
   6.6035316e+00
   6.5521052e+00
   6.5012815e+00
   6.4510563e+00
   6.4014253e+00
   6.3523840e+00
   6.3039278e+00
   6.2560521e+00
   6.2087522e+00
   6.1620233e+00
   6.1158604e+00
   6.0702587e+00
   6.0252132e+00
   5.9807187e+00
   5.9367702e+00
   5.8933625e+00
   5.8504902e+00
   5.8081482e+00
   5.7663312e+00
   5.7250337e+00
   5.6842504e+00
   5.6439759e+00
   5.6042048e+00
   5.5649315e+00
   5.5261506e+00
   5.4878566e+00
   5.4500440e+00
   5.4127073e+00
   5.3758409e+00
   5.3394393e+00
   5.3034970e+00
   5.2680085e+00
   5.2329683e+00
   5.1983708e+00
   5.1642105e+00
   5.1304820e+00
   5.0971798e+00
   5.0642984e+00
   5.0318323e+00
   4.9997763e+00
   4.9681249e+00
   4.9368727e+00
   4.9060144e+00
   4.8755447e+00
   4.8454584e+00
   4.8157501e+00
   4.7864147e+00
   4.7574469e+00
   4.7288418e+00
   4.7005941e+00
   4.6726988e+00
   4.6451509e+00
   4.6179454e+00
   4.5910774e+00
   4.5645419e+00
   4.5383342e+00
   4.5124495e+00
   4.4868829e+00
   4.4616298e+00
   4.4366854e+00
   4.4120453e+00
   4.3877048e+00
   4.3636594e+00
   4.3399046e+00
   4.3164361e+00
   4.2932494e+00
   4.2703402e+00
   4.2477043e+00
   4.2253374e+00
   4.2032354e+00
   4.1813941e+00
   4.1598095e+00
   4.1384776e+00
   4.1173944e+00
   4.0965559e+00
   4.0759584e+00
   4.0555980e+00
   4.0354710e+00
   4.0155736e+00
   3.9959022e+00
   3.9764532e+00
   3.9572230e+00
   3.9382081e+00
   3.9194050e+00
   3.9008104e+00
   3.8824208e+00
   3.8642330e+00
   3.8462438e+00
   3.8284498e+00
   3.8108479e+00
   3.7934351e+00
   3.7762081e+00
   3.7591641e+00
   3.7423000e+00
   3.7256129e+00
   3.7090999e+00
   3.6927581e+00
   3.6765848e+00
   3.6605773e+00
   3.6447327e+00
   3.6290485e+00
   3.6135220e+00
   3.5981506e+00
   3.5829319e+00
   3.5678632e+00
   3.5529422e+00
   3.5381664e+00
   3.5235334e+00
   3.5090410e+00
   3.4946868e+00
   3.4804686e+00
   3.4663841e+00
   3.4524311e+00
   3.4386076e+00
   3.4249114e+00
   3.4113405e+00
   3.3978927e+00
   3.3845713e+00
   3.7357315e+00
   4.0775962e+00
   4.4106962e+00
   4.7358608e+00
   5.0536570e+00
   5.3646062e+00
   5.6691879e+00
   5.9678426e+00
   6.2609750e+00
   6.5489554e+00
   6.8321218e+00
   7.1107841e+00
   7.3852238e+00
   7.6556993e+00
   7.9224492e+00
   8.1856936e+00
   8.4456399e+00
   8.7024878e+00
   8.9564323e+00
   9.2076727e+00
   9.4564170e+00
   9.7028911e+00
   9.9473455e+00
   1.0190067e+01
   1.0431385e+01
   1.0671683e+01
   1.0911405e+01
   1.1151068e+01
   1.1391265e+01
   1.1632672e+01
   1.1876049e+01
   1.2122238e+01
   1.2372153e+01
   1.2626750e+01
   1.2886997e+01
   1.3153811e+01
   1.3427949e+01
   1.3709854e+01
   1.3999422e+01
   1.4295658e+01
   1.4596190e+01
   1.4896587e+01
   1.5189908e+01
   1.5467869e+01
   1.5720921e+01
   1.5939036e+01
   1.6113501e+01
   1.6238897e+01
   1.6314401e+01
   1.6343697e+01
   1.6342373e+01
   1.6335514e+01
   1.6326408e+01
   1.6316409e+01
   1.6306928e+01
   1.6298787e+01
   1.6292393e+01
   1.6287871e+01
   1.6285172e+01
   1.6284149e+01
   1.6284607e+01
   1.6286339e+01
   1.6289144e+01
   1.6292833e+01
   1.6297244e+01
   1.6302238e+01
   1.6307693e+01
   1.6313512e+01
   1.6319613e+01
   1.6325929e+01
   1.6332410e+01
   1.6339011e+01
   1.6345702e+01
   1.6352452e+01
   1.6359245e+01
   1.6366065e+01
   1.6372901e+01
   1.6379742e+01
   1.6386585e+01
   1.6393425e+01
   1.6400259e+01
   1.6407087e+01
   1.6413908e+01
   1.6420723e+01
   1.6427532e+01
   1.6434336e+01
   1.6441135e+01
   1.6447932e+01
   1.6454731e+01
   1.6461531e+01
   1.6468335e+01
   1.6475145e+01
   1.6481961e+01
   1.6488789e+01
   1.6495624e+01
   1.6502473e+01
   1.6509334e+01
   1.6516213e+01
   1.6523106e+01
   1.6530018e+01
   1.6536948e+01
   1.6543900e+01
   1.6550872e+01
   1.6557866e+01
   1.6564885e+01
   1.6571926e+01
   1.6578991e+01
   1.6586084e+01
   1.6593203e+01
   1.6600347e+01
   1.6607519e+01
   1.6614720e+01
   1.6621950e+01
   1.6629209e+01
   1.6636497e+01
   1.6643815e+01
   1.6651163e+01
   1.6658540e+01
   1.6665949e+01
   1.6673388e+01
   1.6680858e+01
   1.6688359e+01
   1.6695893e+01
   1.6703457e+01
   1.6711055e+01
   1.6718684e+01
   1.6726345e+01
   1.6734038e+01
   1.6741764e+01
   1.6749522e+01
   1.6757314e+01
   1.6765137e+01
   1.6772994e+01
   1.6780884e+01
   1.6788807e+01
   1.6796761e+01
   1.6804748e+01
   1.6812769e+01
   1.6820822e+01
   1.6828908e+01
   1.6837027e+01
   1.6845179e+01
   1.6853363e+01
   1.6861580e+01
   1.6869830e+01
   1.6878113e+01
   1.6886427e+01
   1.6894774e+01
   1.6903153e+01
   1.6911565e+01
   1.6920009e+01
   1.6928486e+01
   1.6936995e+01
   1.6945535e+01
   1.6954109e+01
   1.6962714e+01
   1.6971351e+01
   1.6980021e+01
   1.6988722e+01
   1.6997455e+01
   1.7006220e+01
   1.7015017e+01
   1.7023846e+01
   1.7032705e+01
   1.7041597e+01
   1.7050521e+01
   1.7059475e+01
   1.7068460e+01
   1.7077477e+01
   1.7086525e+01
   1.7095603e+01
   1.7104713e+01
   1.7113854e+01
   1.7123026e+01
   1.7132229e+01
   1.7141462e+01
   1.7150727e+01
   1.7160023e+01
   1.7169349e+01
   1.7178705e+01
   1.7188092e+01
   1.7197508e+01
   1.7206954e+01
   1.7216432e+01
   1.7225939e+01
   1.7235476e+01
   1.7245044e+01
   1.7254641e+01
   1.7264268e+01
   1.7273925e+01
   1.7283612e+01
   1.7293329e+01
   1.7303075e+01
   1.7312850e+01
   1.7322655e+01
   1.7332488e+01
   1.7342350e+01
   1.7352241e+01
   1.7362162e+01
   1.7372113e+01
   1.7382093e+01
   1.7392101e+01
   1.7402139e+01
   1.7412206e+01
   1.7422301e+01
   1.7432425e+01
   1.7442577e+01
   1.7452758e+01
   1.7462967e+01
   1.7473203e+01
   1.7483468e+01
   1.7493761e+01
   1.7504082e+01
   1.7514432e+01
   1.7524810e+01
   1.7535217e+01
   1.7545652e+01
   1.7556115e+01
   1.7566605e+01
   1.7577122e+01
   1.7587666e+01
   1.7598238e+01
   1.7608837e+01
   1.7619464e+01
   1.7630119e+01
   1.7640801e+01
   1.7651510e+01
   1.7662247e+01
   1.7673011e+01
   1.7683803e+01
   1.7694622e+01
   1.7705468e+01
   1.7716341e+01
   1.7727240e+01
   1.7738165e+01
   1.7749116e+01
   1.7760095e+01
   1.7771100e+01
   1.7782133e+01
   1.7793191e+01
   1.7804276e+01
   1.7815387e+01
   1.7826524e+01
   1.7837688e+01
   1.7848877e+01
   1.7860093e+01
   1.7871335e+01
   1.7882603e+01
   1.7893897e+01
   1.7905216e+01
   1.7916559e+01
   1.7927930e+01
   1.7939326e+01
   1.7950748e+01
   1.7962196e+01
   1.7973667e+01
   1.7985165e+01
   1.7996688e+01
   1.8008237e+01
   1.8019810e+01
   1.8031407e+01
   1.8043031e+01
   1.8054680e+01
   1.8066354e+01
   1.8078052e+01
   1.8089776e+01
   1.8101524e+01
   1.8113296e+01
   1.8125093e+01
   1.8136915e+01
   1.8148761e+01
   1.8160631e+01
   1.8172526e+01
   1.8184445e+01
   1.8196388e+01
   1.8208356e+01
   1.8220348e+01
   1.8232364e+01
   1.8244404e+01
   1.8256466e+01
   1.8268553e+01
   1.8280665e+01
   1.8292799e+01
   1.8304956e+01
   1.8317139e+01
   1.8329343e+01
   1.8341572e+01
   1.8353823e+01
   1.8366099e+01
   1.8378397e+01
   1.8390720e+01
   1.8403064e+01
   1.8415433e+01
   1.8427823e+01
   1.8440238e+01
   1.8452674e+01
   1.8465136e+01
   1.8477618e+01
   1.8490124e+01
   1.8502651e+01
   1.8515202e+01
   1.8527775e+01
   1.8540371e+01
   1.8552988e+01
   1.8565630e+01
   1.8578293e+01
   1.8590978e+01
   1.8603684e+01
   1.8616413e+01
   1.8629164e+01
   1.8641937e+01
   1.8654731e+01
   1.8667549e+01
   1.8680386e+01
   1.8693246e+01
   1.8706127e+01
   1.8719032e+01
   1.8731956e+01
   1.8744901e+01
   1.8757869e+01
   1.8770856e+01
   1.8783867e+01
   1.8796898e+01
   1.8809952e+01
   1.8823025e+01
   1.8836118e+01
   1.8849234e+01
   1.8862370e+01
   1.8875528e+01
   1.8888706e+01
   1.8901903e+01
   1.8915124e+01
   1.8928363e+01
   1.8941623e+01
   1.8954905e+01
   1.8968206e+01
   1.8981526e+01
   1.8994870e+01
   1.9008231e+01
   1.9021612e+01
   1.9035014e+01
   1.9048436e+01
   1.9061877e+01
   1.9075339e+01
   1.9088820e+01
   1.9102320e+01
   1.9115842e+01
   1.9129381e+01
   1.9142941e+01
   1.9156520e+01
   1.9170119e+01
   1.9183736e+01
   1.9197374e+01
   1.9211030e+01
   1.9224707e+01
   1.9238401e+01
   1.9252117e+01
   1.9265850e+01
   1.9279604e+01
   1.9293378e+01
   1.9307168e+01
   1.9320979e+01
   1.9334808e+01
   1.9348656e+01
   1.9362521e+01
   1.9376407e+01
   1.9390309e+01
   1.9404232e+01
   1.9418171e+01
   1.9432130e+01
   1.9446106e+01
   1.9460104e+01
   1.9474117e+01
   1.9488150e+01
   1.9502199e+01
   1.9516267e+01
   1.9530353e+01
   1.9544457e+01
   1.9558579e+01
   1.9572719e+01
   1.9586878e+01
   1.9601054e+01
   1.9615246e+01
   1.9629458e+01
   1.9643686e+01
   1.9657932e+01
   1.9672195e+01
   1.9686477e+01
   1.9700776e+01
   1.9715092e+01
   1.9729426e+01
   1.9743777e+01
   1.9758148e+01
   1.9772534e+01
   1.9786937e+01
   1.9801358e+01
   1.9815795e+01
   1.9830252e+01
   1.9844723e+01
   1.9859212e+01
   1.9873718e+01
   1.9888240e+01
   1.9902781e+01
   1.9917337e+01
   1.9931910e+01
   1.9946501e+01
   1.9961109e+01
   1.9975733e+01
   1.9990373e+01
   2.0005031e+01
   2.0019705e+01
   2.0034394e+01
   2.0049101e+01
   2.0063825e+01
   2.0078566e+01
   2.0093322e+01
   2.0108094e+01
   2.0122884e+01
   2.0137692e+01
   2.0152514e+01
   2.0167352e+01
   2.0182208e+01
   2.0197079e+01
   2.0211968e+01
   2.0226871e+01
   2.0241793e+01
   2.0256729e+01
   2.0271681e+01
   2.0286650e+01
   2.0301635e+01
   2.0316636e+01
   2.0331655e+01
   2.0346689e+01
   2.0361738e+01
   2.0376804e+01
   2.0391886e+01
   2.0406984e+01
   2.0422099e+01
   2.0437229e+01
   2.0452376e+01
   2.0467537e+01
   2.0482715e+01
   2.0497909e+01
   2.0513120e+01
   2.0528345e+01
   2.0543587e+01
   2.0558845e+01
   2.0574117e+01
   2.0589406e+01
   2.0604710e+01
   2.0620030e+01
   2.0635367e+01
   2.0650717e+01
   2.0666087e+01
   2.0681471e+01
   2.0696872e+01
   2.0712288e+01
   2.0727720e+01
   2.0743167e+01
   2.0758631e+01
   2.0774110e+01
   2.0789605e+01
   2.0805115e+01
   2.0820642e+01
   2.0836184e+01
   2.0851741e+01
   2.0867314e+01
   2.0882904e+01
   2.0898508e+01
   2.0914131e+01
   2.0929767e+01
   2.0945420e+01
   2.0961088e+01
   2.0976773e+01
   2.0992472e+01
   2.1008189e+01
   2.1023920e+01
   2.1039668e+01
   2.1055430e+01
   2.1071210e+01
   2.1087004e+01
   2.1102815e+01
   2.1118641e+01
   2.1134483e+01
   2.1150341e+01
   2.1166215e+01
   2.1182105e+01
   2.1198010e+01
   2.1213932e+01
   2.1229868e+01
   2.1245821e+01
   2.1261790e+01
   2.1277775e+01
   2.1293777e+01
   2.1309793e+01
   2.1325826e+01
   2.1341875e+01
   2.1357939e+01
   2.1374020e+01
   2.1390117e+01
   2.1406229e+01
   2.1422358e+01
   2.1438504e+01
   2.1454663e+01
   2.1470839e+01
   2.1487031e+01
   2.1503240e+01
   2.1519464e+01
   2.1535705e+01
   2.1551962e+01
   2.1568235e+01
   2.1584523e+01
   2.1600828e+01
   2.1617148e+01
   2.1633485e+01
   2.1649837e+01
   2.1666206e+01
   2.1682592e+01
   2.1698993e+01
   2.1715410e+01
   2.1731844e+01
   2.1748294e+01
   2.1764761e+01
   2.1781243e+01
   2.1797741e+01
   2.1814255e+01
   2.1830786e+01
   2.1847332e+01
   2.1863895e+01
   2.1880474e+01
   2.1897069e+01
   2.1913680e+01
   2.1930307e+01
   2.1946951e+01
   2.1963610e+01
   2.1980288e+01
   2.1996980e+01
   2.2013686e+01
   2.2030409e+01
   2.2047149e+01
   2.2063906e+01
   2.2080679e+01
   2.2097474e+01
   2.2114283e+01
   2.2131108e+01
   2.2147949e+01
   2.2164806e+01
   2.2181679e+01
   2.2198561e+01
   2.2215462e+01
   2.2232382e+01
   2.2249320e+01
   2.2266271e+01
   2.2283238e+01
   2.2300222e+01
   2.2317221e+01
   2.2334237e+01
   2.2351269e+01
   2.2368316e+01
   2.2385380e+01
   2.2402460e+01
   2.2419556e+01
   2.2436667e+01
   2.2453795e+01
   2.2470939e+01
   2.2488099e+01
   2.2505274e+01
   2.2522466e+01
   2.2539673e+01
   2.2556897e+01
   2.2574136e+01
   2.2591391e+01
   2.2608662e+01
   2.2625948e+01
   2.2643251e+01
   2.2660569e+01
   2.2677903e+01
   2.2695253e+01
   2.2712618e+01
   2.2729999e+01
   2.2747395e+01
   2.2764807e+01
   2.2782235e+01
   2.2799678e+01
   2.2817137e+01
   2.2834611e+01
   2.2852101e+01
   2.2869606e+01
   2.2887126e+01
   2.2904662e+01
   2.2922213e+01
   2.2939779e+01
   2.2957360e+01
   2.2974957e+01
   2.2992569e+01
   2.3010195e+01
   2.3027837e+01
   2.3045494e+01
   2.3063166e+01
   2.3080853e+01
   2.3098554e+01
   2.3116271e+01
   2.3134002e+01
   2.3151748e+01
   2.3169508e+01
   2.3187283e+01
   2.3205073e+01
   2.3222878e+01
   2.3240696e+01
   2.3258530e+01
   2.3276377e+01
   2.3294239e+01
   2.3312115e+01
   2.3330005e+01
   2.3347910e+01
   2.3365828e+01
   2.3383761e+01
   2.3401708e+01
   2.3419668e+01
   2.3437642e+01
   2.3455630e+01
   2.3473632e+01
   2.3491648e+01
   2.3509676e+01
   2.3527719e+01
   2.3545775e+01
   2.3563844e+01
   2.3581927e+01
   2.3600023e+01
   2.3618132e+01
   2.3636254e+01
   2.3654389e+01
   2.3672537e+01
   2.3690698e+01
   2.3708872e+01
   2.3727059e+01
   2.3745258e+01
   2.3763470e+01
   2.3781694e+01
   2.3799931e+01
   2.3818180e+01
   2.3836441e+01
   2.3854715e+01
   2.3873000e+01
   2.3891298e+01
   2.3909607e+01
   2.3927929e+01
   2.3946262e+01
   2.3964607e+01
   2.3982963e+01
   2.4001331e+01
   2.4019711e+01
   2.4038102e+01
   2.4056504e+01
   2.4074917e+01
   2.4093341e+01
   2.4111776e+01
   2.4130222e+01
   2.4148679e+01
   2.4167147e+01
   2.4185625e+01
   2.4204114e+01
   2.4222613e+01
   2.4241123e+01
   2.4259643e+01
   2.4278172e+01
   2.4296712e+01
   2.4315262e+01
   2.4333822e+01
   2.4352392e+01
   2.4370971e+01
   2.4389560e+01
   2.4408158e+01
   2.4426765e+01
   2.4445382e+01
   2.4464008e+01
   2.4482643e+01
   2.4501287e+01
   2.4519940e+01
   2.4538601e+01
   2.4557272e+01
   2.4575950e+01
   2.4594637e+01
   2.4613333e+01
   2.4632037e+01
   2.4650748e+01
   2.4669468e+01
   2.4688196e+01
   2.4706932e+01
   2.4725675e+01
   2.4744426e+01
   2.4763184e+01
   2.4781949e+01
   2.4800722e+01
   2.4819502e+01
   2.4838289e+01
   2.4857083e+01
   2.4875884e+01
   2.4894692e+01
   2.4913506e+01
   2.4932326e+01
   2.4951153e+01
   2.4969986e+01
   2.4988826e+01
   2.5007671e+01
   2.5026522e+01
   2.5045379e+01
   2.5064242e+01
   2.5083110e+01
   2.5101984e+01
   2.5120863e+01
   2.5139747e+01
   2.5158637e+01
   2.5177531e+01
   2.5196430e+01
   2.5215334e+01
   2.5234243e+01
   2.5253156e+01
   2.5272074e+01
   2.5290996e+01
   2.5309922e+01
   2.5328852e+01
   2.5347787e+01
   2.5366725e+01
   2.5385666e+01
   2.5404611e+01
   2.5423560e+01
   2.5442512e+01
   2.5461468e+01
   2.5480426e+01
   2.5499388e+01
   2.5518352e+01
   2.5537319e+01
   2.5556289e+01
   2.5575261e+01
   2.5594236e+01
   2.5613213e+01
   2.5632192e+01
   2.5651173e+01
   2.5670156e+01
   2.5689141e+01
   2.5708127e+01
   2.5727115e+01
   2.5746105e+01
   2.5765096e+01
   2.5784088e+01
   2.5803081e+01
   2.5822075e+01
   2.5841070e+01
   2.5860066e+01
   2.5879062e+01
   2.5898059e+01
   2.5917056e+01
   2.5936053e+01
   2.5955051e+01
   2.5974048e+01
   2.5993045e+01
   2.6012042e+01
   2.6031039e+01
   2.6050035e+01
   2.6069030e+01
   2.6088025e+01
   2.6107019e+01
   2.6126012e+01
   2.6145004e+01
   2.6163994e+01
   2.6182983e+01
   2.6201971e+01
   2.6220957e+01
   2.6239942e+01
   2.6258924e+01
   2.6277905e+01
   2.6296883e+01
   2.6315860e+01
   2.6334834e+01
   2.6353805e+01
   2.6372774e+01
   2.6391740e+01
   2.6410704e+01
   2.6429664e+01
   2.6448622e+01
   2.6467576e+01
   2.6486527e+01
   2.6505475e+01
   2.6524418e+01
   2.6543359e+01
   2.6562295e+01
   2.6581228e+01
   2.6600156e+01
   2.6619081e+01
   2.6638001e+01
   2.6656916e+01
   2.6675827e+01
   2.6694734e+01
   2.6713636e+01
   2.6732532e+01
   2.6751424e+01
   2.6770311e+01
   2.6789192e+01
   2.6808068e+01
   2.6826938e+01
   2.6845803e+01
   2.6864662e+01
   2.6883515e+01
   2.6902363e+01
   2.6921204e+01
   2.6940038e+01
   2.6958867e+01
   2.6977689e+01
   2.6996504e+01
   2.7015313e+01
   2.7034114e+01
   2.7052909e+01
   2.7071697e+01
   2.7090477e+01
   2.7109250e+01
   2.7128016e+01
   2.7146774e+01
   2.7165524e+01
   2.7184266e+01
   2.7203001e+01
   2.7221727e+01
   2.7240445e+01
   2.7259155e+01
   2.7277856e+01
   2.7296549e+01
   2.7315233e+01
   2.7333908e+01
   2.7352574e+01
   2.7371231e+01
   2.7389879e+01
   2.7408518e+01
   2.7427147e+01
   2.7445767e+01
   2.7464377e+01
   2.7482977e+01
   2.7501567e+01
   2.7520147e+01
   2.7538717e+01
   2.7557276e+01
   2.7575825e+01
   2.7594364e+01
   2.7612892e+01
   2.7631409e+01
   2.7649915e+01
   2.7668410e+01
   2.7686894e+01
   2.7705366e+01
   2.7723827e+01
   2.7742277e+01
   2.7760715e+01
   2.7779141e+01
   2.7797555e+01
   2.7815957e+01
   2.7834346e+01
   2.7852724e+01
   2.7871089e+01
   2.7889441e+01
   2.7907781e+01
   2.7926108e+01
   2.7944422e+01
   2.7962723e+01
   2.7981010e+01
   2.7999284e+01
   2.8017545e+01
   2.8035792e+01
   2.8054026e+01
   2.8072245e+01
   2.8090451e+01
   2.8108643e+01
   2.8126820e+01
   2.8144983e+01
   2.8163131e+01
   2.8181265e+01
   2.8199384e+01
   2.8217488e+01
   2.8235577e+01
   2.8253651e+01
   2.8271710e+01
   2.8289753e+01
   2.8307780e+01
   2.8325792e+01
   2.8343789e+01
   2.8361769e+01
   2.8379733e+01
   2.8397681e+01
   2.8415612e+01
   2.8433527e+01
   2.8451426e+01
   2.8469307e+01
   2.8487172e+01
   2.8505020e+01
   2.8522851e+01
   2.8540664e+01
   2.8558460e+01
   2.8576238e+01
   2.8593999e+01
   2.8611741e+01
   2.8629466e+01
   2.8647173e+01
   2.8664861e+01
   2.8682531e+01
   2.8700182e+01
   2.8717815e+01
   2.8735429e+01
   2.8753024e+01
   2.8770600e+01
   2.8788156e+01
   2.8805694e+01
   2.8823211e+01
   2.8840709e+01
   2.8858187e+01
   2.8875646e+01
   2.8893084e+01
   2.8910501e+01
   2.8927899e+01
   2.8945276e+01
   2.8962632e+01
   2.8979967e+01
   2.8997281e+01
   2.9014574e+01
   2.9031846e+01
   2.9049097e+01
   2.9066326e+01
   2.9083533e+01
   2.9100718e+01
   2.9117881e+01
   2.9135022e+01
   2.9152140e+01
   2.9169237e+01
   2.9186310e+01
   2.9203360e+01
   2.9220388e+01
   2.9237393e+01
   2.9254374e+01
   2.9271331e+01
   2.9288266e+01
   2.9305176e+01
   2.9322062e+01
   2.9338925e+01
   2.9355763e+01
   2.9372576e+01
   2.9389365e+01
   2.9406130e+01
   2.9422869e+01
   2.9439584e+01
   2.9456273e+01
   2.9472937e+01
   2.9489575e+01
   2.9506187e+01
   2.9522774e+01
   2.9539334e+01
   2.9555868e+01
   2.9572376e+01
   2.9588857e+01
   2.9605312e+01
   2.9621739e+01
   2.9638140e+01
   2.9654513e+01
   2.9670858e+01
   2.9687176e+01
   2.9703467e+01
   2.9719729e+01
   2.9735963e+01
   2.9752168e+01
   2.9768345e+01
   2.9784494e+01
   2.9800613e+01
   2.9816704e+01
   2.9832765e+01
   2.9848796e+01
   2.9864798e+01
   2.9880770e+01
   2.9896712e+01
   2.9912624e+01
   2.9928506e+01
   2.9944357e+01
   2.9960177e+01
   2.9975966e+01
   2.9991724e+01
   3.0007450e+01
   3.0023145e+01
   3.0038808e+01
   3.0054439e+01
   3.0070038e+01
   3.0085605e+01
   3.0101139e+01
   3.0116640e+01
   3.0132108e+01
   3.0147543e+01
   3.0162945e+01
   3.0178313e+01
   3.0193647e+01
   3.0208947e+01
   3.0224213e+01
   3.0239444e+01
   3.0254641e+01
   3.0269803e+01
   3.0284930e+01
   3.0300021e+01
   3.0315077e+01
   3.0330097e+01
   3.0345081e+01
   3.0360029e+01
   3.0374940e+01
   3.0389815e+01
   3.0404653e+01
   3.0419454e+01
   3.0434218e+01
   3.0448944e+01
   3.0463632e+01
   3.0478282e+01
   3.0492894e+01
   3.0507467e+01
   3.0522002e+01
   3.0536498e+01
   3.0550954e+01
   3.0565371e+01
   3.0579749e+01
   3.0594086e+01
   3.0608384e+01
   3.0622640e+01
   3.0636857e+01
   3.0651032e+01
   3.0665166e+01
   3.0679259e+01
   3.0693310e+01
   3.0707319e+01
   3.0721287e+01
   3.0735211e+01
   3.0749093e+01
   3.0762932e+01
   3.0776728e+01
   3.0790481e+01
   3.0804189e+01
   3.0817854e+01
   3.0831475e+01
   3.0845051e+01
   3.0858582e+01
   3.0872068e+01
   3.0885509e+01
   3.0898905e+01
   3.0912254e+01
   3.0925558e+01
   3.0938815e+01
   3.0952025e+01
   3.0965189e+01
   3.0978305e+01
   3.0991374e+01
   3.1004395e+01
   3.1017368e+01
   3.1030292e+01
   3.1043168e+01
   3.1055995e+01
   3.1068773e+01
   3.1081501e+01
   3.1094179e+01
   3.1106808e+01
   3.1119386e+01
   3.1131913e+01
   3.1144390e+01
   3.1156815e+01
   3.1169188e+01
   3.1181510e+01
   3.1193780e+01
   3.1205997e+01
   3.1218161e+01
   3.1230272e+01
   3.1242330e+01
   3.1254335e+01
   3.1266285e+01
   3.1278181e+01
   3.1290022e+01
   3.1301808e+01
   3.1313540e+01
   3.1325215e+01
   3.1336835e+01
   3.1348399e+01
   3.1359906e+01
   3.1371356e+01
   3.1382749e+01
   3.1394085e+01
   3.1405362e+01
   3.1416582e+01
   3.1427744e+01
   3.1438846e+01
   3.1449890e+01
   3.1460874e+01
   3.1471798e+01
   3.1482662e+01
   3.1493466e+01
   3.1504209e+01
   3.1514891e+01
   3.1525512e+01
   3.1536071e+01
   3.1546568e+01
   3.1557002e+01
   3.1567374e+01
   3.1577682e+01
   3.1587927e+01
   3.1598109e+01
   3.1608226e+01
   3.1618279e+01
   3.1628267e+01
   3.1638190e+01
   3.1648047e+01
   3.1657839e+01
   3.1667564e+01
   3.1677223e+01
   3.1686815e+01
   3.1696340e+01
   3.1705797e+01
   3.1715186e+01
   3.1724507e+01
   3.1733760e+01
   3.1742943e+01
   3.1752057e+01
   3.1761102e+01
   3.1770076e+01
   3.1778980e+01
   3.1787813e+01
   3.1796576e+01
   3.1805266e+01
   3.1813885e+01
   3.1822432e+01
   3.1830906e+01
   3.1839308e+01
   3.1847636e+01
   3.1855891e+01
   3.1864071e+01
   3.1872178e+01
   3.1880210e+01
   3.1888166e+01
   3.1896048e+01
   3.1903853e+01
   3.1911583e+01
   3.1919236e+01
   3.1926813e+01
   3.1934312e+01
   3.1941734e+01
   3.1949078e+01
   3.1956343e+01
   3.1963530e+01
   3.1970639e+01
   3.1977668e+01
   3.1984617e+01
   3.1991486e+01
   3.1998275e+01
   3.2004983e+01
   3.2011611e+01
   3.2018156e+01
   3.2024620e+01
   3.2031002e+01
   3.2037302e+01
   3.2043518e+01
   3.2049652e+01
   3.2055702e+01
   3.2061668e+01
   3.2067550e+01
   3.2073347e+01
   3.2079059e+01
   3.2084686e+01
   3.2090228e+01
   3.2095683e+01
   3.2101053e+01
   3.2106335e+01
   3.2111531e+01
   3.2116639e+01
   3.2121660e+01
   3.2126593e+01
   3.2131437e+01
   3.2136193e+01
   3.2140860e+01
   3.2145437e+01
   3.2149925e+01
   3.2154322e+01
   3.2158630e+01
   3.2162846e+01
   3.2166972e+01
   3.2171007e+01
   3.2174949e+01
   3.2178800e+01
   3.2182559e+01
   3.2186224e+01
   3.2189797e+01
   3.2193277e+01
   3.2196663e+01
   3.2199956e+01
   3.2203154e+01
   3.2206257e+01
   3.2209266e+01
   3.2212180e+01
   3.2214998e+01
   3.2217720e+01
   3.2220347e+01
   3.2222877e+01
   3.2225310e+01
   3.2227647e+01
   3.2229886e+01
   3.2232028e+01
   3.2234072e+01
   3.2236018e+01
   3.2237865e+01
   3.2239614e+01
   3.2241263e+01
   3.2242814e+01
   3.2244265e+01
   3.2245616e+01
   3.2246867e+01
   3.2248018e+01
   3.2249068e+01
   3.2250017e+01
   3.2250864e+01
   3.2251611e+01
   3.2252255e+01
   3.2252798e+01
   3.2253238e+01
   3.2253576e+01
   3.2253811e+01
   3.2253943e+01
   3.2253972e+01
   3.2253897e+01
   3.2253718e+01
   3.2253435e+01
   3.2253048e+01
   3.2252556e+01
   3.2251960e+01
   3.2251258e+01
   3.2250451e+01
   3.2249539e+01
   3.2248520e+01
   3.2247396e+01
   3.2246165e+01
   3.2244828e+01
   3.2243385e+01
   3.2241834e+01
   3.2240176e+01
   3.2238410e+01
   3.2236537e+01
   3.2234556e+01
   3.2232467e+01
   3.2230269e+01
   3.2227963e+01
   3.2225549e+01
   3.2223025e+01
   3.2220392e+01
   3.2217649e+01
   3.2214797e+01
   3.2211835e+01
   3.2208763e+01
   3.2205580e+01
   3.2202287e+01
   3.2198883e+01
   3.2195368e+01
   3.2191742e+01
   3.2188005e+01
   3.2184156e+01
   3.2180195e+01
   3.2176122e+01
   3.2171937e+01
   3.2167640e+01
   3.2163230e+01
   3.2158707e+01
   3.2154071e+01
   3.2149321e+01
   3.2144458e+01
   3.2139482e+01
   3.2134392e+01
   3.2129187e+01
   3.2123868e+01
   3.2118435e+01
   3.2112887e+01
   3.2107223e+01
   3.2101445e+01
   3.2095552e+01
   3.2089542e+01
   3.2083417e+01
   3.2077176e+01
   3.2070819e+01
   3.2064345e+01
   3.2057755e+01
   3.2051048e+01
   3.2044223e+01
   3.2037282e+01
   3.2030223e+01
   3.2023046e+01
   3.2015751e+01
   3.2008338e+01
   3.2000807e+01
   3.1993157e+01
   3.1985388e+01
   3.1977500e+01
   3.1969492e+01
   3.1961366e+01
   3.1953119e+01
   3.1944752e+01
   3.1936266e+01
   3.1927658e+01
   3.1918930e+01
   3.1910081e+01
   3.1901111e+01
   3.1892019e+01
   3.1882806e+01
   3.1873471e+01
   3.1864013e+01
   3.1854433e+01
   3.1844731e+01
   3.1834905e+01
   3.1824956e+01
   3.1814884e+01
   3.1804688e+01
   3.1794368e+01
   3.1783923e+01
   3.1773354e+01
   3.1762661e+01
   3.1751842e+01
   3.1740897e+01
   3.1729828e+01
   3.1718632e+01
   3.1707310e+01
   3.1695861e+01
   3.1684285e+01
   3.1672583e+01
   3.1660753e+01
   3.1648795e+01
   3.1636709e+01
   3.1624495e+01
   3.1612153e+01
   3.1599681e+01
   3.1587080e+01
   3.1574349e+01
   3.1561489e+01
   3.1548498e+01
   3.1535377e+01
   3.1522125e+01
   3.1508742e+01
   3.1495227e+01
   3.1481581e+01
   3.1467802e+01
   3.1453890e+01
   3.1439846e+01
   3.1425668e+01
   3.1411357e+01
   3.1396912e+01
   3.1382333e+01
   3.1367619e+01
   3.1352769e+01
   3.1337785e+01
   3.1322665e+01
   3.1307408e+01
   3.1292015e+01
   3.1276485e+01
   3.1260818e+01
   3.1245013e+01
   3.1229070e+01
   3.1212989e+01
   3.1196769e+01
   3.1180410e+01
   3.1163911e+01
   3.1147272e+01
   3.1130493e+01
   3.1113573e+01
   3.1096512e+01
   3.1079309e+01
   3.1061964e+01
   3.1044477e+01
   3.1026847e+01
   3.1009073e+01
   3.0991156e+01
   3.0973095e+01
   3.0954889e+01
   3.0936538e+01
   3.0918042e+01
   3.0899400e+01
   3.0880612e+01
   3.0861677e+01
   3.0842595e+01
   3.0823365e+01
   3.0803987e+01
   3.0784461e+01
   3.0764786e+01
   3.0744961e+01
   3.0724987e+01
   3.0704862e+01
   3.0684586e+01
   3.0664159e+01
   3.0643581e+01
   3.0622850e+01
   3.0601967e+01
   3.0580931e+01
   3.0559741e+01
   3.0538397e+01
   3.0516898e+01
   3.0495245e+01
   3.0473435e+01
   3.0451470e+01
   3.0429349e+01
   3.0407070e+01
   3.0384634e+01
   3.0362040e+01
   3.0339288e+01
   3.0316376e+01
   3.0293305e+01
   3.0270074e+01
   3.0246683e+01
   3.0223131e+01
   3.0199417e+01
   3.0175541e+01
   3.0151502e+01
   3.0127301e+01
   3.0102935e+01
   3.0078406e+01
   3.0053712e+01
   3.0028853e+01
   3.0003828e+01
   2.9978637e+01
   2.9953279e+01
   2.9927754e+01
   2.9902060e+01
   2.9876199e+01
   2.9850168e+01
   2.9823968e+01
   2.9797598e+01
   2.9771057e+01
   2.9744344e+01
   2.9717460e+01
   2.9690404e+01
   2.9663174e+01
   2.9635772e+01
   2.9608195e+01
   2.9580443e+01
   2.9552516e+01
   2.9524413e+01
   2.9496134e+01
   2.9467678e+01
   2.9439044e+01
   2.9410232e+01
   2.9381240e+01
   2.9352070e+01
   2.9322719e+01
   2.9293188e+01
   2.9263476e+01
   2.9233581e+01
   2.9203504e+01
   2.9173244e+01
   2.9142800e+01
   2.9112172e+01
   2.9081358e+01
   2.9050359e+01
   2.9019173e+01
   2.8987801e+01
   2.8956241e+01
   2.8924492e+01
   2.8892555e+01
   2.8860427e+01
   2.8828110e+01
   2.8795601e+01
   2.8762901e+01
   2.8730009e+01
   2.8696923e+01
   2.8663644e+01
   2.8630170e+01
   2.8596501e+01
   2.8562637e+01
   2.8528576e+01
   2.8494318e+01
   2.8459862e+01
   2.8425207e+01
   2.8390353e+01
   2.8355299e+01
   2.8320044e+01
   2.8284588e+01
   2.8248929e+01
   2.8213068e+01
   2.8177002e+01
   2.8140733e+01
   2.8104258e+01
   2.8067577e+01
   2.8030689e+01
   2.7993594e+01
   2.7956291e+01
   2.7918779e+01
   2.7881057e+01
   2.7843125e+01
   2.7804981e+01
   2.7766625e+01
   2.7728056e+01
   2.7689274e+01
   2.7650277e+01
   2.7611065e+01
   2.7571637e+01
   2.7531992e+01
   2.7492130e+01
   2.7452049e+01
   2.7411749e+01
   2.7371229e+01
   2.7330488e+01
   2.7289525e+01
   2.7248339e+01
   2.7206931e+01
   2.7165298e+01
   2.7123440e+01
   2.7081356e+01
   2.7039046e+01
   2.6996508e+01
   2.6953742e+01
   2.6910746e+01
   2.6867521e+01
   2.6824064e+01
   2.6780376e+01
   2.6736455e+01
   2.6692300e+01
   2.6647911e+01
   2.6603287e+01
   2.6558427e+01
   2.6513330e+01
   2.6467995e+01
   2.6422422e+01
   2.6376608e+01
   2.6330555e+01
   2.6284260e+01
   2.6237722e+01
   2.6190942e+01
   2.6143918e+01
   2.6096649e+01
   2.6049134e+01
   2.6001372e+01
   2.5953363e+01
   2.5905106e+01
   2.5856599e+01
   2.5807842e+01
   2.5758834e+01
   2.5709574e+01
   2.5660062e+01
   2.5610295e+01
   2.5560274e+01
   2.5509997e+01
   2.5459464e+01
   2.5408674e+01
   2.5357626e+01
   2.5306318e+01
   2.5254751e+01
   2.5202923e+01
   2.5150833e+01
   2.5098480e+01
   2.5045864e+01
   2.4992984e+01
   2.4939839e+01
   2.4886428e+01
   2.4832749e+01
   2.4778803e+01
   2.4724588e+01
   2.4670104e+01
   2.4615350e+01
   2.4560324e+01
   2.4505026e+01
   2.4449456e+01
   2.4393611e+01
   2.4337492e+01
   2.4281098e+01
   2.4224428e+01
   2.4167481e+01
   2.4110256e+01
   2.4052752e+01
   2.3994969e+01
   2.3936906e+01
   2.3878562e+01
   2.3819937e+01
   2.3761028e+01
   2.3701837e+01
   2.3642362e+01
   2.3582602e+01
   2.3522557e+01
   2.3462226e+01
   2.3401608e+01
   2.3340703e+01
   2.3279509e+01
   2.3218027e+01
   2.3156255e+01
   2.3094193e+01
   2.3031841e+01
   2.2969197e+01
   2.2906261e+01
   2.2843033e+01
   2.2779511e+01
   2.2715697e+01
   2.2651588e+01
   2.2587184e+01
   2.2522485e+01
   2.2457491e+01
   2.2392201e+01
   2.2326614e+01
   2.2260730e+01
   2.2194549e+01
   2.2128070e+01
   2.2061293e+01
   2.1994218e+01
   2.1926844e+01
   2.1859171e+01
   2.1791199e+01
   2.1722928e+01
   2.1654357e+01
   2.1585486e+01
   2.1516315e+01
   2.1446844e+01
   2.1377073e+01
   2.1307002e+01
   2.1236631e+01
   2.1165959e+01
   2.1094987e+01
   2.1023715e+01
   2.0952143e+01
   2.0880271e+01
   2.0808100e+01
   2.0735629e+01
   2.0662859e+01
   2.0589790e+01
   2.0516423e+01
   2.0442757e+01
   2.0368794e+01
   2.0294534e+01
   2.0219977e+01
   2.0145123e+01
   2.0069975e+01
   1.9994531e+01
   1.9918794e+01
   1.9842763e+01
   1.9766439e+01
   1.9689825e+01
   1.9612919e+01
   1.9535724e+01
   1.9458240e+01
   1.9380468e+01
   1.9302411e+01
   1.9224068e+01
   1.9145441e+01
   1.9066532e+01
   1.8987342e+01
   1.8907873e+01
   1.8828126e+01
   1.8748102e+01
   1.8667804e+01
   1.8587233e+01
   1.8506391e+01
   1.8425280e+01
   1.8343903e+01
   1.8262260e+01
   1.8180355e+01
   1.8098190e+01
   1.8015766e+01
   1.7933087e+01
   1.7850155e+01
   1.7766973e+01
   1.7683543e+01
   1.7599868e+01
   1.7515950e+01
   1.7431794e+01
   1.7347402e+01
   1.7262777e+01
   1.7177923e+01
   1.7092842e+01
   1.7007539e+01
   1.6922017e+01
   1.6836280e+01
   1.6750331e+01
   1.6664174e+01
   1.6577814e+01
   1.6491255e+01
   1.6404500e+01
   1.6317554e+01
   1.6230422e+01
   1.6143108e+01
   1.6055617e+01
   1.5967954e+01
   1.5880124e+01
   1.5792131e+01
   1.5703981e+01
   1.5615680e+01
   1.5527231e+01
   1.5438643e+01
   1.5349918e+01
   1.5261065e+01
   1.5172088e+01
   1.5082993e+01
   1.4993788e+01
   1.4904477e+01
   1.4815067e+01
   1.4725565e+01
   1.4635978e+01
   1.4546312e+01
   1.4456574e+01
   1.4366772e+01
   1.4276911e+01
   1.4187000e+01
   1.4097046e+01
   1.4007056e+01
   1.3917038e+01
   1.3827000e+01
   1.3736949e+01
   1.3646893e+01
   1.3556841e+01
   1.3466800e+01
   1.3376779e+01
   1.3286786e+01
   1.3196829e+01
   1.3106917e+01
   1.3017059e+01
   1.2927263e+01
   1.2837538e+01
   1.2747893e+01
   1.2658337e+01
   1.2568878e+01
   1.2479527e+01
   1.2390291e+01
   1.2301181e+01
   1.2212206e+01
   1.2123374e+01
   1.2034696e+01
   1.1946180e+01
   1.1857836e+01
   1.1769674e+01
   1.1681703e+01
   1.1593933e+01
   1.1506372e+01
   1.1419031e+01
   1.1331920e+01
   1.1245047e+01
   1.1158422e+01
   1.1072055e+01
   1.0985955e+01
   1.0900132e+01
   1.0814595e+01
   1.0729353e+01
   1.0644417e+01
   1.0559794e+01
   1.0475495e+01
   1.0391528e+01
   1.0307903e+01
   1.0224629e+01
   1.0141714e+01
   1.0059168e+01
   9.9769985e+00
   9.8952149e+00
   9.8138255e+00
   9.7328387e+00
   9.6522629e+00
   9.5721060e+00
   9.4923762e+00
   9.4130813e+00
   9.3342291e+00
   9.2558269e+00
   9.1778824e+00
   9.1004027e+00
   9.0233948e+00
   8.9468658e+00
   8.8708222e+00
   8.7952707e+00
   8.7202175e+00
   8.6456689e+00
   8.5716308e+00
   8.4981090e+00
   8.4251091e+00
   8.3526364e+00
   8.2806960e+00
   8.2092930e+00
   8.1384319e+00
   8.0681175e+00
   7.9983540e+00
   7.9291454e+00
   7.8604956e+00
   7.7924083e+00
   7.7248869e+00
   7.6579347e+00
   7.5915545e+00
   7.5257492e+00
   7.4605212e+00
   7.3958730e+00
   7.3318065e+00
   7.2683238e+00
   7.2054264e+00
   7.1431159e+00
   7.0813933e+00
   7.0202598e+00
   6.9597162e+00
   6.8997630e+00
   6.8404006e+00
   6.7816292e+00
   6.7234488e+00
   6.6658592e+00
   6.6088599e+00
   6.5524503e+00
   6.4966297e+00
   6.4413970e+00
   6.3867511e+00
   6.3326907e+00
   6.2792141e+00
   6.2263198e+00
   6.1740059e+00
   6.1222703e+00
   6.0711109e+00
   6.0205253e+00
   5.9705110e+00
   5.9210655e+00
   5.8721859e+00
   5.8238694e+00
   5.7761129e+00
   5.7289132e+00
   5.6822671e+00
   5.6361711e+00
   5.5906218e+00
   5.5456155e+00
   5.5011484e+00
   5.4572167e+00
   5.4138166e+00
   5.3709439e+00
   5.3285947e+00
   5.2867646e+00
   5.2454494e+00
   5.2046449e+00
   5.1643465e+00
   5.1245498e+00
   5.0852502e+00
   5.0464433e+00
   5.0081243e+00
   4.9702885e+00
   4.9329312e+00
   4.8960477e+00
   4.8596330e+00
   4.8236824e+00
   4.7881910e+00
   4.7531539e+00
   4.7185660e+00
   4.6844226e+00
   4.6507186e+00
   4.6174490e+00
   4.5846088e+00
   4.5521930e+00
   4.5201967e+00
   4.4886148e+00
   4.4574423e+00
   4.4266742e+00
   4.3963055e+00
   4.3663312e+00
   4.3367463e+00
   4.3075459e+00
   4.2787250e+00
   4.2502786e+00
   4.2222018e+00
   4.1944898e+00
   4.1671377e+00
   4.1401405e+00
   4.1134935e+00
   4.0871918e+00
   4.0612308e+00
   4.0356056e+00
   4.0103116e+00
   3.9853440e+00
   3.9606982e+00
   3.9363696e+00
