   1.3577205e-04
   1.3576774e-04
   1.3576345e-04
   1.3575915e-04
   1.3575486e-04
   1.3575057e-04
   1.3574629e-04
   1.3574201e-04
   1.3573773e-04
   1.3573346e-04
   1.3572919e-04
   1.3572492e-04
   1.3572066e-04
   1.3571640e-04
   1.3571214e-04
   1.3570789e-04
   1.3570364e-04
   1.3569940e-04
   1.3569516e-04
   1.3569092e-04
   1.3568668e-04
   1.3568245e-04
   1.3567823e-04
   1.3567400e-04
   1.3566978e-04
   1.3566556e-04
   1.3566135e-04
   1.3565714e-04
   1.3565293e-04
   1.3564873e-04
   1.3564453e-04
   1.3564034e-04
   1.3563614e-04
   1.3563195e-04
   1.3562777e-04
   1.3562359e-04
   1.3561941e-04
   1.3561523e-04
   1.3561106e-04
   1.3560689e-04
   1.3560273e-04
   1.3559856e-04
   1.3559441e-04
   1.3559025e-04
   1.3558610e-04
   1.3558195e-04
   1.3557781e-04
   1.3557367e-04
   1.3556953e-04
   1.3556540e-04
   1.3556126e-04
   1.3555714e-04
   1.3555301e-04
   1.3554889e-04
   1.3554478e-04
   1.3554066e-04
   1.3553655e-04
   1.3553244e-04
   1.3552834e-04
   1.3552424e-04
   1.3552014e-04
   1.3551605e-04
   1.3551196e-04
   1.3550787e-04
   1.3550379e-04
   1.3549971e-04
   1.3549563e-04
   1.3549156e-04
   1.3548749e-04
   1.3548342e-04
   1.3547936e-04
   1.3547530e-04
   1.3547124e-04
   1.3546719e-04
   1.3546314e-04
   1.3545909e-04
   1.3545505e-04
   1.3545101e-04
   1.3544697e-04
   1.3544294e-04
   1.3543891e-04
   1.3543488e-04
   1.3543085e-04
   1.3542683e-04
   1.3542282e-04
   1.3541880e-04
   1.3541479e-04
   1.3541079e-04
   1.3540678e-04
   1.3540278e-04
   1.3539878e-04
   1.3539479e-04
   1.3539080e-04
   1.3538681e-04
   1.3538283e-04
   1.3537884e-04
   1.3537487e-04
   1.3537089e-04
   1.3536692e-04
   1.3536295e-04
   1.3535899e-04
   1.3535691e-04
   1.5377763e-04
   1.7314835e-04
   1.9377782e-04
   2.1594083e-04
   2.3988978e-04
   2.6586251e-04
   2.9408764e-04
   3.2478842e-04
   3.5818815e-04
   3.9451146e-04
   4.3398860e-04
   4.7686002e-04
   5.2337797e-04
   5.7381277e-04
   6.2846174e-04
   6.8765470e-04
   7.5177105e-04
   8.2126066e-04
   8.9667352e-04
   9.7870635e-04
   1.0682743e-03
   1.1666266e-03
   1.2755420e-03
   1.3976619e-03
   1.5371199e-03
   1.7007793e-03
   1.9009223e-03
   2.1616672e-03
   2.5362128e-03
   3.1602267e-03
   4.4627857e-03
   8.1690205e-03
   3.2473989e-02
   1.2795610e-01
   2.6304685e-01
   4.0137853e-01
   5.2713305e-01
   6.3626434e-01
   7.2886947e-01
   8.0624716e-01
   8.6998374e-01
   9.2168457e-01
   9.6289439e-01
   9.9506752e-01
   1.0195499e+00
   1.0375707e+00
   1.0502412e+00
   1.0585562e+00
   1.0633965e+00
   1.0655352e+00
   1.0579145e+00
   1.0484341e+00
   1.0380768e+00
   1.0275975e+00
   1.0175653e+00
   1.0083998e+00
   1.0004024e+00
   9.9377788e-01
   9.8865818e-01
   9.8511549e-01
   9.8317848e-01
   9.8284116e-01
   9.8407163e-01
   9.8681896e-01
   9.9101941e-01
   9.9660084e-01
   1.0034820e+00
   1.0115824e+00
   1.0208156e+00
   1.0310993e+00
   1.0423511e+00
   1.0544910e+00
   1.0674414e+00
   1.0811279e+00
   1.0954804e+00
   1.1104321e+00
   1.1259198e+00
   1.1418843e+00
   1.1582699e+00
   1.1750243e+00
   1.1920997e+00
   1.2094509e+00
   1.2270360e+00
   1.2448172e+00
   1.2627583e+00
   1.2808262e+00
   1.2989920e+00
   1.3172265e+00
   1.3355059e+00
   1.3538066e+00
   1.3721081e+00
   1.3903905e+00
   1.4086380e+00
   1.4268348e+00
   1.4449674e+00
   1.4630226e+00
   1.4809905e+00
   1.4988610e+00
   1.5166257e+00
   1.5342771e+00
   1.5518089e+00
   1.5692156e+00
   1.5864927e+00
   1.6036363e+00
   1.6206432e+00
   1.6375121e+00
   1.6542400e+00
   1.6708257e+00
   1.6872685e+00
   1.7035681e+00
   1.7197255e+00
   1.7357399e+00
   1.7516124e+00
   1.7673442e+00
   1.7829372e+00
   1.7983926e+00
   1.8137132e+00
   1.8288994e+00
   1.8439538e+00
   1.8588785e+00
   1.8736773e+00
   1.8883524e+00
   1.9029051e+00
   1.9173390e+00
   1.9316564e+00
   1.9458600e+00
   1.9599530e+00
   1.9739374e+00
   1.9878176e+00
   2.0015953e+00
   2.0152738e+00
   2.0288541e+00
   2.0423410e+00
   2.0557375e+00
   2.0690448e+00
   2.0822662e+00
   2.0954048e+00
   2.1084625e+00
   2.1214418e+00
   2.1343456e+00
   2.1471761e+00
   2.1599353e+00
   2.1726251e+00
   2.1852479e+00
   2.1978065e+00
   2.2103029e+00
   2.2227391e+00
   2.2351167e+00
   2.2474382e+00
   2.2597060e+00
   2.2719203e+00
   2.2840836e+00
   2.2961973e+00
   2.3082636e+00
   2.3202847e+00
   2.3322616e+00
   2.3441950e+00
   2.3560863e+00
   2.3679382e+00
   2.3797512e+00
   2.3915263e+00
   2.4032649e+00
   2.4149680e+00
   2.4266366e+00
   2.4382718e+00
   2.4498753e+00
   2.4614480e+00
   2.4729904e+00
   2.4845047e+00
   2.4959898e+00
   2.5074481e+00
   2.5188797e+00
   2.5302852e+00
   2.5416658e+00
   2.5530222e+00
   2.5643550e+00
   2.5756658e+00
   2.5869541e+00
   2.5982209e+00
   2.6094669e+00
   2.6206929e+00
   2.6318990e+00
   2.6430847e+00
   2.6542518e+00
   2.6654007e+00
   2.6765319e+00
   2.6876458e+00
   2.6987421e+00
   2.7098226e+00
   2.7208862e+00
   2.7319350e+00
   2.7429678e+00
   2.7539863e+00
   2.7649889e+00
   2.7759778e+00
   2.7869530e+00
   2.7979152e+00
   2.8088637e+00
   2.8197993e+00
   2.8307223e+00
   2.8416323e+00
   2.8525301e+00
   2.8634155e+00
   2.8742889e+00
   2.8851514e+00
   2.8960023e+00
   2.9068438e+00
   2.9176736e+00
   2.9284939e+00
   2.9393031e+00
   2.9501028e+00
   2.9608931e+00
   2.9716722e+00
   2.9824442e+00
   2.9932076e+00
   3.0039621e+00
   3.0147075e+00
   3.0254453e+00
   3.0361737e+00
   3.0468954e+00
   3.0576091e+00
   3.0683158e+00
   3.0790152e+00
   3.0897078e+00
   3.1003937e+00
   3.1110731e+00
   3.1217460e+00
   3.1324134e+00
   3.1430749e+00
   3.1537311e+00
   3.1643798e+00
   3.1750258e+00
   3.1856678e+00
   3.1963049e+00
   3.2069378e+00
   3.2175674e+00
   3.2281920e+00
   3.2388142e+00
   3.2494332e+00
   3.2600494e+00
   3.2706623e+00
   3.2812728e+00
   3.2918808e+00
   3.3024868e+00
   3.3130918e+00
   3.3236953e+00
   3.3342972e+00
   3.3448999e+00
   3.3555021e+00
   3.3661044e+00
   3.3767074e+00
   3.3873096e+00
   3.3979132e+00
   3.4085183e+00
   3.4191248e+00
   3.4297335e+00
   3.4403441e+00
   3.4509563e+00
   3.4615731e+00
   3.4721930e+00
   3.4828149e+00
   3.4934427e+00
   3.5040746e+00
   3.5147097e+00
   3.5253483e+00
   3.5359930e+00
   3.5466423e+00
   3.5572968e+00
   3.5679582e+00
   3.5786254e+00
   3.5892999e+00
   3.5999791e+00
   3.6106658e+00
   3.6213598e+00
   3.6320602e+00
   3.6427682e+00
   3.6534833e+00
   3.6642052e+00
   3.6749337e+00
   3.6856698e+00
   3.6964136e+00
   3.7071641e+00
   3.7179222e+00
   3.7286884e+00
   3.7394602e+00
   3.7502386e+00
   3.7610235e+00
   3.7718138e+00
   3.7826099e+00
   3.7934101e+00
   3.8042161e+00
   3.8150272e+00
   3.8258411e+00
   3.8366605e+00
   3.8474810e+00
   3.8583056e+00
   3.8691298e+00
   3.8799554e+00
   3.8907813e+00
   3.9016055e+00
   3.9124284e+00
   3.9232482e+00
   3.9340663e+00
   3.9448791e+00
   3.9556875e+00
   3.9664904e+00
   3.9772856e+00
   3.9880723e+00
   3.9988516e+00
   4.0096211e+00
   4.0203800e+00
   4.0311279e+00
   4.0418624e+00
   4.0525837e+00
   4.0632910e+00
   4.0739839e+00
   4.0846627e+00
   4.0953229e+00
   4.1059655e+00
   4.1165908e+00
   4.1271973e+00
   4.1377831e+00
   4.1483481e+00
   4.1588922e+00
   4.1694162e+00
   4.1799167e+00
   4.1903952e+00
   4.2008492e+00
   4.2112798e+00
   4.2216858e+00
   4.2320668e+00
   4.2424229e+00
   4.2527519e+00
   4.2630543e+00
   4.2733329e+00
   4.2835827e+00
   4.2938059e+00
   4.3040006e+00
   4.3141674e+00
   4.3243061e+00
   4.3344198e+00
   4.3445029e+00
   4.3545574e+00
   4.3645842e+00
   4.3745818e+00
   4.3845510e+00
   4.3944903e+00
   4.4044043e+00
   4.4142865e+00
   4.4241408e+00
   4.4339656e+00
   4.4437608e+00
   4.4535284e+00
   4.4632676e+00
   4.4729763e+00
   4.4826572e+00
   4.4923097e+00
   4.5019365e+00
   4.5115327e+00
   4.5211005e+00
   4.5306393e+00
   4.5401504e+00
   4.5496333e+00
   4.5590878e+00
   4.5685150e+00
   4.5779142e+00
   4.5872855e+00
   4.5966287e+00
   4.6059465e+00
   4.6152371e+00
   4.6245009e+00
   4.6337378e+00
   4.6429495e+00
   4.6521330e+00
   4.6612895e+00
   4.6704201e+00
   4.6795259e+00
   4.6886050e+00
   4.6976589e+00
   4.7066880e+00
   4.7156900e+00
   4.7246677e+00
   4.7336206e+00
   4.7425489e+00
   4.7514519e+00
   4.7603303e+00
   4.7691834e+00
   4.7780122e+00
   4.7868181e+00
   4.7956014e+00
   4.8043608e+00
   4.8130959e+00
   4.8218074e+00
   4.8304957e+00
   4.8391616e+00
   4.8478051e+00
   4.8564248e+00
   4.8650220e+00
   4.8735994e+00
   4.8821512e+00
   4.8906800e+00
   4.8991892e+00
   4.9076767e+00
   4.9161412e+00
   4.9245846e+00
   4.9330079e+00
   4.9414075e+00
   4.9497857e+00
   4.9581429e+00
   4.9664786e+00
   4.9747940e+00
   4.9830883e+00
   4.9913610e+00
   4.9996132e+00
   5.0078457e+00
   5.0160580e+00
   5.0242516e+00
   5.0324247e+00
   5.0405773e+00
   5.0487119e+00
   5.0568255e+00
   5.0649189e+00
   5.0729948e+00
   5.0810518e+00
   5.0890887e+00
   5.0971060e+00
   5.1051034e+00
   5.1130834e+00
   5.1210436e+00
   5.1289861e+00
   5.1369108e+00
   5.1448174e+00
   5.1527038e+00
   5.1605730e+00
   5.1684242e+00
   5.1762569e+00
   5.1840714e+00
   5.1918692e+00
   5.1996490e+00
   5.2074098e+00
   5.2151544e+00
   5.2228808e+00
   5.2305919e+00
   5.2382870e+00
   5.2459665e+00
   5.2536244e+00
   5.2612665e+00
   5.2688920e+00
   5.2764984e+00
   5.2840887e+00
   5.2916668e+00
   5.2992245e+00
   5.3067660e+00
   5.3142908e+00
   5.3217979e+00
   5.3292936e+00
   5.3367702e+00
   5.3442303e+00
   5.3516771e+00
   5.3591063e+00
   5.3665201e+00
   5.3739165e+00
   5.3812967e+00
   5.3886663e+00
   5.3960188e+00
   5.4033539e+00
   5.4106743e+00
   5.4179785e+00
   5.4252704e+00
   5.4325453e+00
   5.4398085e+00
   5.4470545e+00
   5.4542847e+00
   5.4615040e+00
   5.4687059e+00
   5.4758919e+00
   5.4830670e+00
   5.4902249e+00
   5.4973670e+00
   5.5044979e+00
   5.5116123e+00
   5.5187126e+00
   5.5257983e+00
   5.5328728e+00
   5.5399334e+00
   5.5469791e+00
   5.5540091e+00
   5.5610263e+00
   5.5680292e+00
   5.5750178e+00
   5.5819934e+00
   5.5889605e+00
   5.5959107e+00
   5.6028474e+00
   5.6097716e+00
   5.6166808e+00
   5.6235791e+00
   5.6304640e+00
   5.6373353e+00
   5.6441924e+00
   5.6510396e+00
   5.6578714e+00
   5.6646893e+00
   5.6714951e+00
   5.6782885e+00
   5.6850694e+00
   5.6918378e+00
   5.6985939e+00
   5.7053375e+00
   5.7120687e+00
   5.7187876e+00
   5.7254942e+00
   5.7321885e+00
   5.7388705e+00
   5.7455403e+00
   5.7521979e+00
   5.7588434e+00
   5.7654768e+00
   5.7721003e+00
   5.7787124e+00
   5.7853107e+00
   5.7919003e+00
   5.7984765e+00
   5.8050403e+00
   5.8115924e+00
   5.8181327e+00
   5.8246612e+00
   5.8311780e+00
   5.8376853e+00
   5.8441820e+00
   5.8506658e+00
   5.8571417e+00
   5.8636054e+00
   5.8700550e+00
   5.8764959e+00
   5.8829254e+00
   5.8893436e+00
   5.8957505e+00
   5.9021460e+00
   5.9085304e+00
   5.9149036e+00
   5.9212658e+00
   5.9276169e+00
   5.9339572e+00
   5.9402866e+00
   5.9466052e+00
   5.9529154e+00
   5.9592169e+00
   5.9655054e+00
   5.9717834e+00
   5.9780500e+00
   5.9843076e+00
   5.9905548e+00
   5.9967916e+00
   6.0030182e+00
   6.0092344e+00
   6.0154405e+00
   6.0216365e+00
   6.0278224e+00
   6.0339984e+00
   6.0401644e+00
   6.0463206e+00
   6.0524670e+00
   6.0586038e+00
   6.0647308e+00
   6.0708483e+00
   6.0769564e+00
   6.0830524e+00
   6.0891427e+00
   6.0952205e+00
   6.1012887e+00
   6.1073473e+00
   6.1133961e+00
   6.1194371e+00
   6.1254661e+00
   6.1314907e+00
   6.1375020e+00
   6.1435039e+00
   6.1494970e+00
   6.1554805e+00
   6.1614528e+00
   6.1674212e+00
   6.1733758e+00
   6.1793194e+00
   6.1852568e+00
   6.1911847e+00
   6.1971031e+00
   6.2030114e+00
   6.2089112e+00
   6.2148044e+00
   6.2206866e+00
   6.2265625e+00
   6.2324268e+00
   6.2382829e+00
   6.2441304e+00
   6.2499677e+00
   6.2557971e+00
   6.2616184e+00
   6.2674299e+00
   6.2732337e+00
   6.2790303e+00
   6.2848170e+00
   6.2905966e+00
   6.2963668e+00
   6.3021269e+00
   6.3078794e+00
   6.3136233e+00
   6.3193606e+00
   6.3250874e+00
   6.3308094e+00
   6.3365219e+00
   6.3422275e+00
   6.3479211e+00
   6.3536073e+00
   6.3592837e+00
   6.3649525e+00
   6.3706108e+00
   6.3762610e+00
   6.3819060e+00
   6.3875427e+00
   6.3931695e+00
   6.3987915e+00
   6.4044051e+00
   6.4100096e+00
   6.4156061e+00
   6.4211931e+00
   6.4267729e+00
   6.4323457e+00
   6.4379091e+00
   6.4434657e+00
   6.4490156e+00
   6.4545564e+00
   6.4600890e+00
   6.4656142e+00
   6.4711316e+00
   6.4766411e+00
   6.4821448e+00
   6.4876401e+00
   6.4931277e+00
   6.4986084e+00
   6.5040826e+00
   6.5095464e+00
   6.5150032e+00
   6.5204511e+00
   6.5258929e+00
   6.5313288e+00
   6.5367555e+00
   6.5421754e+00
   6.5475873e+00
   6.5529936e+00
   6.5583924e+00
   6.5637820e+00
   6.5691657e+00
   6.5745420e+00
   6.5799132e+00
   6.5852776e+00
   6.5906309e+00
   6.5959792e+00
   6.6013186e+00
   6.6066517e+00
   6.6119762e+00
   6.6172961e+00
   6.6226068e+00
   6.6279123e+00
   6.6332087e+00
   6.6385003e+00
   6.6437831e+00
   6.6490594e+00
   6.6543276e+00
   6.6595900e+00
   6.6648438e+00
   6.6700931e+00
   6.6753342e+00
   6.6805694e+00
   6.6857960e+00
   6.6910174e+00
   6.6962302e+00
   6.7014379e+00
   6.7066373e+00
   6.7118319e+00
   6.7170184e+00
   6.7222004e+00
   6.7273736e+00
   6.7325420e+00
   6.7377022e+00
   6.7428582e+00
   6.7480063e+00
   6.7531504e+00
   6.7582841e+00
   6.7634134e+00
   6.7685339e+00
   6.7736504e+00
   6.7787582e+00
   6.7838601e+00
   6.7889545e+00
   6.7940464e+00
   6.7991284e+00
   6.8042048e+00
   6.8092732e+00
   6.8143370e+00
   6.8193921e+00
   6.8244427e+00
   6.8294857e+00
   6.8345248e+00
   6.8395559e+00
   6.8445827e+00
   6.8496018e+00
   6.8546163e+00
   6.8596220e+00
   6.8646234e+00
   6.8696173e+00
   6.8746068e+00
   6.8795883e+00
   6.8845657e+00
   6.8895344e+00
   6.8944966e+00
   6.8994521e+00
   6.9044049e+00
   6.9093492e+00
   6.9142892e+00
   6.9192229e+00
   6.9241497e+00
   6.9290718e+00
   6.9339891e+00
   6.9389012e+00
   6.9438045e+00
   6.9487013e+00
   6.9535942e+00
   6.9584797e+00
   6.9633593e+00
   6.9682323e+00
   6.9731013e+00
   6.9779625e+00
   6.9828175e+00
   6.9876682e+00
   6.9925120e+00
   6.9973500e+00
   7.0021842e+00
   7.0070120e+00
   7.0118333e+00
   7.0166501e+00
   7.0214604e+00
   7.0262647e+00
   7.0310663e+00
   7.0358623e+00
   7.0406510e+00
   7.0454346e+00
   7.0502133e+00
   7.0549871e+00
   7.0597528e+00
   7.0645135e+00
   7.0692688e+00
   7.0740201e+00
   7.0787672e+00
   7.0835043e+00
   7.0882380e+00
   7.0929679e+00
   7.0976885e+00
   7.1024063e+00
   7.1071144e+00
   7.1118166e+00
   7.1165133e+00
   7.1212084e+00
   7.1258976e+00
   7.1305809e+00
   7.1352585e+00
   7.1399304e+00
   7.1445968e+00
   7.1492579e+00
   7.1539137e+00
   7.1585645e+00
   7.1632103e+00
   7.1678514e+00
   7.1724879e+00
   7.1771177e+00
   7.1817426e+00
   7.1863606e+00
   7.1909728e+00
   7.1955805e+00
   7.2001823e+00
   7.2047802e+00
   7.2093724e+00
   7.2139615e+00
   7.2185449e+00
   7.2231233e+00
   7.2276970e+00
   7.2322665e+00
   7.2368283e+00
   7.2413843e+00
   7.2459360e+00
   7.2504843e+00
   7.2550270e+00
   7.2595631e+00
   7.2640958e+00
   7.2686235e+00
   7.2731453e+00
   7.2776643e+00
   7.2821777e+00
   7.2866838e+00
   7.2911853e+00
   7.2956823e+00
   7.3001754e+00
   7.3046645e+00
   7.3091468e+00
   7.3136257e+00
   7.3181009e+00
   7.3225694e+00
   7.3270315e+00
   7.3314902e+00
   7.3359433e+00
   7.3403900e+00
   7.3448320e+00
   7.3492714e+00
   7.3537059e+00
   7.3581351e+00
   7.3625599e+00
   7.3669790e+00
   7.3713927e+00
   7.3758009e+00
   7.3802040e+00
   7.3846051e+00
   7.3890008e+00
   7.3933914e+00
   7.3977783e+00
   7.4021604e+00
   7.4065379e+00
   7.4109101e+00
   7.4152770e+00
   7.4196388e+00
   7.4239968e+00
   7.4283498e+00
   7.4326965e+00
   7.4370398e+00
   7.4413788e+00
   7.4457116e+00
   7.4500421e+00
   7.4543674e+00
   7.4586865e+00
   7.4630062e+00
   7.4673172e+00
   7.4716245e+00
   7.4759271e+00
   7.4802254e+00
   7.4845175e+00
   7.4888062e+00
   7.4930901e+00
   7.4973692e+00
   7.5016438e+00
   7.5059139e+00
   7.5101798e+00
   7.5144416e+00
   7.5186984e+00
   7.5229500e+00
   7.5271992e+00
   7.5314412e+00
   7.5356796e+00
   7.5399145e+00
   7.5441451e+00
   7.5483695e+00
   7.5525923e+00
   7.5568083e+00
   7.5610228e+00
   7.5652300e+00
   7.5694333e+00
   7.5736299e+00
   7.5778247e+00
   7.5820144e+00
   7.5862040e+00
   7.5903862e+00
   7.5945629e+00
   7.5987336e+00
   7.6029007e+00
   7.6070642e+00
   7.6112231e+00
   7.6153788e+00
   7.6195318e+00
   7.6236798e+00
   7.6278225e+00
   7.6319601e+00
   7.6360927e+00
   7.6402231e+00
   7.6443480e+00
   7.6484698e+00
   7.6525862e+00
   7.6567001e+00
   7.6608085e+00
   7.6649119e+00
   7.6690111e+00
   7.6731064e+00
   7.6771980e+00
   7.6812859e+00
   7.6853704e+00
   7.6894515e+00
   7.6935258e+00
   7.6975961e+00
   7.7016606e+00
   7.7057239e+00
   7.7097832e+00
   7.7138382e+00
   7.7178871e+00
   7.7219337e+00
   7.7259764e+00
   7.7300128e+00
   7.7340462e+00
   7.7380729e+00
   7.7421017e+00
   7.7461227e+00
   7.7501396e+00
   7.7541514e+00
   7.7581584e+00
   7.7621617e+00
   7.7661633e+00
   7.7701572e+00
   7.7741491e+00
   7.7781366e+00
   7.7821202e+00
   7.7860998e+00
   7.7900760e+00
   7.7940480e+00
   7.7980141e+00
   7.8019799e+00
   7.8059388e+00
   7.8098936e+00
   7.8138455e+00
   7.8177939e+00
   7.8217364e+00
   7.8256735e+00
   7.8296072e+00
   7.8335381e+00
   7.8374660e+00
   7.8413885e+00
   7.8453061e+00
   7.8492210e+00
   7.8531313e+00
   7.8570380e+00
   7.8609404e+00
   7.8648395e+00
   7.8687344e+00
   7.8726268e+00
   7.8765139e+00
   7.8803958e+00
   7.8842735e+00
   7.8881476e+00
   7.8920189e+00
   7.8958872e+00
   7.8997519e+00
   7.9036123e+00
   7.9074727e+00
   7.9113260e+00
   7.9151747e+00
   7.9190197e+00
   7.9228596e+00
   7.9266963e+00
   7.9305306e+00
   7.9343580e+00
   7.9381799e+00
   7.9420029e+00
   7.9458189e+00
   7.9496305e+00
   7.9534388e+00
   7.9572426e+00
   7.9610434e+00
   7.9648403e+00
   7.9686338e+00
   7.9724206e+00
   7.9762079e+00
   7.9799906e+00
   7.9837698e+00
   7.9875451e+00
   7.9913147e+00
   7.9950782e+00
   7.9988393e+00
   8.0025971e+00
   8.0063543e+00
   8.0101064e+00
   8.0138537e+00
   8.0175964e+00
   8.0213356e+00
   8.0250713e+00
   8.0288009e+00
   8.0325265e+00
   8.0362517e+00
   8.0399749e+00
   8.0436933e+00
   8.0474047e+00
   8.0511136e+00
   8.0548160e+00
   8.0585160e+00
   8.0622130e+00
   8.0659078e+00
   8.0695976e+00
   8.0732855e+00
   8.0769703e+00
   8.0806460e+00
   8.0843191e+00
   8.0879899e+00
   8.0916578e+00
   8.0953203e+00
   8.0989797e+00
   8.1026339e+00
   8.1062849e+00
   8.1099318e+00
   8.1135787e+00
   8.1172168e+00
   8.1208512e+00
   8.1244820e+00
   8.1281137e+00
   8.1317371e+00
   8.1353574e+00
   8.1389750e+00
   8.1425888e+00
   8.1461977e+00
   8.1498021e+00
   8.1534041e+00
   8.1570012e+00
   8.1605941e+00
   8.1641851e+00
   8.1677714e+00
   8.1713544e+00
   8.1749353e+00
   8.1785118e+00
   8.1820826e+00
   8.1856509e+00
   8.1892167e+00
   8.1927787e+00
   8.1963367e+00
   8.1998889e+00
   8.2034405e+00
   8.2069872e+00
   8.2105298e+00
   8.2140691e+00
   8.2176030e+00
   8.2211331e+00
   8.2246601e+00
   8.2281822e+00
   8.2317010e+00
   8.2352169e+00
   8.2387284e+00
   8.2422369e+00
   8.2457431e+00
   8.2492451e+00
   8.2527422e+00
   8.2562364e+00
   8.2597282e+00
   8.2632173e+00
   8.2667013e+00
   8.2701811e+00
   8.2736552e+00
   8.2771264e+00
   8.2805941e+00
   8.2840570e+00
   8.2875172e+00
   8.2909757e+00
   8.2944277e+00
   8.2978787e+00
   8.3013232e+00
   8.3047646e+00
   8.3082016e+00
   8.3116374e+00
   8.3150671e+00
   8.3184973e+00
   8.3219195e+00
   8.3253397e+00
   8.3287547e+00
   8.3321678e+00
   8.3355753e+00
   8.3389798e+00
   8.3423792e+00
   8.3457774e+00
   8.3491689e+00
   8.3525579e+00
   8.3559415e+00
   8.3593241e+00
   8.3627018e+00
   8.3660783e+00
   8.3694474e+00
   8.3728163e+00
   8.3761783e+00
   8.3795409e+00
   8.3828951e+00
   8.3862451e+00
   8.3895929e+00
   8.3929370e+00
   8.3962774e+00
   8.3996143e+00
   8.4029477e+00
   8.4062754e+00
   8.4096024e+00
   8.4129239e+00
   8.4162428e+00
   8.4195560e+00
   8.4228635e+00
   8.4261733e+00
   8.4294763e+00
   8.4327769e+00
   8.4360711e+00
   8.4393658e+00
   8.4426531e+00
   8.4459363e+00
   8.4492159e+00
   8.4524940e+00
   8.4557676e+00
   8.4590354e+00
   8.4623014e+00
   8.4655627e+00
   8.4688188e+00
   8.4720734e+00
   8.4753237e+00
   8.4785691e+00
   8.4818135e+00
   8.4850541e+00
   8.4882888e+00
   8.4915216e+00
   8.4947499e+00
   8.4979769e+00
   8.5011966e+00
   8.5044160e+00
   8.5076287e+00
   8.5108383e+00
   8.5140425e+00
   8.5172423e+00
   8.5204413e+00
   8.5236367e+00
   8.5268276e+00
   8.5300131e+00
   8.5331942e+00
   8.5363740e+00
   8.5395502e+00
   8.5427225e+00
   8.5458900e+00
   8.5490528e+00
   8.5522108e+00
   8.5553706e+00
   8.5585232e+00
   8.5616713e+00
   8.5648177e+00
   8.5679606e+00
   8.5710976e+00
   8.5742290e+00
   8.5773594e+00
   8.5804866e+00
   8.5836086e+00
   8.5867256e+00
   8.5898420e+00
   8.5929524e+00
   8.5960579e+00
   8.5991621e+00
   8.6022602e+00
   8.6053535e+00
   8.6084474e+00
   8.6115358e+00
   8.6146192e+00
   8.6177007e+00
   8.6207773e+00
   8.6238484e+00
   8.6269211e+00
   8.6299854e+00
   8.6330470e+00
   8.6361037e+00
   8.6391553e+00
   8.6422023e+00
   8.6452491e+00
   8.6482920e+00
   8.6513287e+00
   8.6543615e+00
   8.6573934e+00
   8.6604189e+00
   8.6634391e+00
   8.6664587e+00
   8.6694734e+00
   8.6724845e+00
   8.6754916e+00
   8.6784948e+00
   8.6814944e+00
   8.6844890e+00
   8.6874791e+00
   8.6904695e+00
   8.6934534e+00
   8.6964373e+00
   8.6994136e+00
   8.7023865e+00
   8.7053538e+00
   8.7083171e+00
   8.7112763e+00
   8.7142312e+00
   8.7171824e+00
   8.7201294e+00
   8.7230731e+00
   8.7260129e+00
   8.7289495e+00
   8.7318827e+00
   8.7348129e+00
   8.7377385e+00
   8.7406593e+00
   8.7435764e+00
   8.7464900e+00
   8.7494022e+00
   8.7523109e+00
   8.7552145e+00
   8.7581130e+00
   8.7610086e+00
   8.7639002e+00
   8.7667867e+00
   8.7696706e+00
   8.7725512e+00
   8.7754255e+00
   8.7782975e+00
   8.7811666e+00
   8.7840285e+00
   8.7868849e+00
   8.7897377e+00
   8.7925895e+00
   8.7954393e+00
   8.7982819e+00
   8.8011186e+00
   8.8039564e+00
   8.8067871e+00
   8.8096163e+00
   8.8124399e+00
   8.8152577e+00
   8.8180726e+00
   8.8208839e+00
   8.8236912e+00
   8.8264937e+00
   8.8292928e+00
   8.8320885e+00
   8.8348794e+00
   8.8376659e+00
   8.8404482e+00
   8.8432263e+00
   8.8460005e+00
   8.8487708e+00
   8.8515375e+00
   8.8542994e+00
   8.8570598e+00
   8.8598137e+00
   8.8625637e+00
   8.8653111e+00
   8.8680524e+00
   8.8707909e+00
   8.8735254e+00
   8.8762565e+00
   8.8789844e+00
   8.8817045e+00
   8.8844190e+00
   8.8871324e+00
   8.8898433e+00
   8.8925470e+00
   8.8952452e+00
   8.8979431e+00
   8.9006352e+00
   8.9033236e+00
   8.9060100e+00
   8.9086902e+00
   8.9113651e+00
   8.9140355e+00
   8.9167046e+00
   8.9193694e+00
   8.9220310e+00
   8.9246870e+00
   8.9273368e+00
   8.9299826e+00
   8.9326241e+00
   8.9352614e+00
   8.9378946e+00
   8.9405239e+00
   8.9431495e+00
   8.9457714e+00
   8.9483899e+00
   8.9510030e+00
   8.9536119e+00
   8.9562182e+00
   8.9588220e+00
   8.9614192e+00
   8.9640114e+00
   8.9666009e+00
   8.9691855e+00
   8.9717674e+00
   8.9743436e+00
   8.9769156e+00
   8.9794835e+00
   8.9820489e+00
   8.9846087e+00
   8.9871659e+00
   8.9897187e+00
   8.9922655e+00
   8.9948069e+00
   8.9973452e+00
   8.9998806e+00
   9.0024106e+00
   9.0049356e+00
   9.0074590e+00
   9.0099752e+00
   9.0124860e+00
   9.0149954e+00
   9.0174987e+00
   9.0199968e+00
   9.0224944e+00
   9.0249856e+00
   9.0274726e+00
   9.0299559e+00
   9.0324350e+00
   9.0349081e+00
   9.0373770e+00
   9.0398431e+00
   9.0423060e+00
   9.0447628e+00
   9.0472139e+00
   9.0496627e+00
   9.0521086e+00
   9.0545480e+00
   9.0569844e+00
   9.0594157e+00
   9.0618422e+00
   9.0642646e+00
   9.0666822e+00
   9.0690953e+00
   9.0715039e+00
   9.0739082e+00
   9.0763085e+00
   9.0787049e+00
   9.0810955e+00
   9.0834798e+00
   9.0858609e+00
   9.0882403e+00
   9.0906141e+00
   9.0929826e+00
   9.0953466e+00
   9.0977065e+00
   9.1000624e+00
   9.1024146e+00
   9.1047629e+00
   9.1071042e+00
   9.1094414e+00
   9.1117728e+00
   9.1140997e+00
   9.1164244e+00
   9.1187438e+00
   9.1210590e+00
   9.1233714e+00
   9.1256779e+00
   9.1279804e+00
   9.1302784e+00
   9.1325722e+00
   9.1348598e+00
   9.1371435e+00
   9.1394233e+00
   9.1416962e+00
   9.1439672e+00
   9.1462339e+00
   9.1484956e+00
   9.1507545e+00
   9.1530077e+00
   9.1552551e+00
   9.1575004e+00
   9.1597419e+00
   9.1619774e+00
   9.1642078e+00
   9.1664344e+00
   9.1686564e+00
   9.1708738e+00
   9.1730860e+00
   9.1752931e+00
   9.1774954e+00
   9.1796929e+00
   9.1818859e+00
   9.1840744e+00
   9.1862587e+00
   9.1884389e+00
   9.1906120e+00
   9.1927807e+00
   9.1949470e+00
   9.1971081e+00
   9.1992629e+00
   9.2014128e+00
   9.2035596e+00
   9.2056996e+00
   9.2078373e+00
   9.2099716e+00
   9.2121005e+00
   9.2142235e+00
   9.2163397e+00
   9.2184532e+00
   9.2205632e+00
   9.2226671e+00
   9.2247676e+00
   9.2268606e+00
   9.2289499e+00
   9.2310367e+00
   9.2331174e+00
   9.2351953e+00
   9.2372665e+00
   9.2393353e+00
   9.2413982e+00
   9.2434551e+00
   9.2455076e+00
   9.2475541e+00
   9.2495995e+00
   9.2516365e+00
   9.2536700e+00
   9.2556988e+00
   9.2577245e+00
   9.2597428e+00
   9.2617576e+00
   9.2637662e+00
   9.2657689e+00
   9.2677686e+00
   9.2697622e+00
   9.2717518e+00
   9.2737364e+00
   9.2757172e+00
   9.2776936e+00
   9.2796634e+00
   9.2816292e+00
   9.2835903e+00
   9.2855456e+00
   9.2874976e+00
   9.2894436e+00
   9.2913853e+00
   9.2933222e+00
   9.2952550e+00
   9.2971838e+00
   9.2991047e+00
   9.3010201e+00
   9.3029300e+00
   9.3048371e+00
   9.3067415e+00
   9.3086384e+00
   9.3105307e+00
   9.3124183e+00
   9.3142995e+00
   9.3161767e+00
   9.3180486e+00
   9.3199150e+00
   9.3217778e+00
   9.3236347e+00
   9.3254877e+00
   9.3273335e+00
   9.3291750e+00
   9.3310138e+00
   9.3328447e+00
   9.3346727e+00
   9.3364951e+00
   9.3383128e+00
   9.3401244e+00
   9.3419309e+00
   9.3437330e+00
   9.3455304e+00
   9.3473237e+00
   9.3491128e+00
   9.3508936e+00
   9.3526689e+00
   9.3544415e+00
   9.3562075e+00
   9.3579686e+00
   9.3597267e+00
   9.3614783e+00
   9.3632254e+00
   9.3649663e+00
   9.3667013e+00
   9.3684316e+00
   9.3701552e+00
   9.3718741e+00
   9.3735891e+00
   9.3752981e+00
   9.3770032e+00
   9.3787035e+00
   9.3803971e+00
   9.3820859e+00
   9.3837684e+00
   9.3854464e+00
   9.3871185e+00
   9.3887866e+00
   9.3904492e+00
   9.3921082e+00
   9.3937621e+00
   9.3954132e+00
   9.3970552e+00
   9.3986923e+00
   9.4003236e+00
   9.4019511e+00
   9.4035751e+00
   9.4051921e+00
   9.4068022e+00
   9.4084100e+00
   9.4100110e+00
   9.4116057e+00
   9.4131929e+00
   9.4147760e+00
   9.4163560e+00
   9.4179297e+00
   9.4195004e+00
   9.4210633e+00
   9.4226222e+00
   9.4241737e+00
   9.4257222e+00
   9.4272660e+00
   9.4288024e+00
   9.4303332e+00
   9.4318577e+00
   9.4333779e+00
   9.4348938e+00
   9.4364015e+00
   9.4379056e+00
   9.4394071e+00
   9.4408990e+00
   9.4423874e+00
   9.4438682e+00
   9.4453422e+00
   9.4468152e+00
   9.4482825e+00
   9.4497419e+00
   9.4511985e+00
   9.4526467e+00
   9.4540878e+00
   9.4555261e+00
   9.4569594e+00
   9.4583862e+00
   9.4598084e+00
   9.4612247e+00
   9.4626374e+00
   9.4640424e+00
   9.4654395e+00
   9.4668351e+00
   9.4682243e+00
   9.4696062e+00
   9.4709842e+00
   9.4723571e+00
   9.4737238e+00
   9.4750855e+00
   9.4764413e+00
   9.4777917e+00
   9.4791361e+00
   9.4804753e+00
   9.4818083e+00
   9.4831362e+00
   9.4844579e+00
   9.4857737e+00
   9.4870836e+00
   9.4883882e+00
   9.4896876e+00
   9.4909805e+00
   9.4922675e+00
   9.4935458e+00
   9.4948213e+00
   9.4960915e+00
   9.4973540e+00
   9.4986133e+00
   9.4998665e+00
   9.5011120e+00
   9.5023539e+00
   9.5035871e+00
   9.5048174e+00
   9.5060423e+00
   9.5072613e+00
   9.5084715e+00
   9.5096788e+00
   9.5108775e+00
   9.5120733e+00
   9.5132641e+00
   9.5144484e+00
   9.5156268e+00
   9.5167999e+00
   9.5179668e+00
   9.5191286e+00
   9.5202834e+00
   9.5214319e+00
   9.5225748e+00
   9.5237116e+00
   9.5248429e+00
   9.5259683e+00
   9.5270875e+00
   9.5282009e+00
   9.5293088e+00
   9.5304103e+00
   9.5315065e+00
   9.5325951e+00
   9.5336767e+00
   9.5347548e+00
   9.5358270e+00
   9.5368905e+00
   9.5379506e+00
   9.5390029e+00
   9.5400522e+00
   9.5410915e+00
   9.5421274e+00
   9.5431540e+00
   9.5441779e+00
   9.5451941e+00
   9.5462063e+00
   9.5472095e+00
   9.5482118e+00
   9.5492042e+00
   9.5501925e+00
   9.5511731e+00
   9.5521484e+00
   9.5531167e+00
   9.5540777e+00
   9.5550335e+00
   9.5559855e+00
   9.5569324e+00
   9.5578721e+00
   9.5588047e+00
   9.5597285e+00
   9.5606496e+00
   9.5615616e+00
   9.5624704e+00
   9.5633704e+00
   9.5642644e+00
   9.5651517e+00
   9.5660318e+00
   9.5669084e+00
   9.5677783e+00
   9.5686430e+00
   9.5695015e+00
   9.5703529e+00
   9.5712003e+00
   9.5720386e+00
   9.5728703e+00
   9.5736953e+00
   9.5745147e+00
   9.5753279e+00
   9.5761360e+00
   9.5769362e+00
   9.5777302e+00
   9.5785170e+00
   9.5792977e+00
   9.5800728e+00
   9.5808430e+00
   9.5816049e+00
   9.5823590e+00
   9.5831086e+00
   9.5838511e+00
   9.5845866e+00
   9.5853161e+00
   9.5860383e+00
   9.5867551e+00
   9.5874659e+00
   9.5881714e+00
   9.5888683e+00
   9.5895604e+00
   9.5902462e+00
   9.5909228e+00
   9.5915936e+00
   9.5922613e+00
   9.5929202e+00
   9.5935706e+00
   9.5942131e+00
   9.5948501e+00
   9.5954820e+00
   9.5961053e+00
   9.5967231e+00
   9.5973356e+00
   9.5979404e+00
   9.5985388e+00
   9.5991302e+00
   9.5997159e+00
   9.6002918e+00
   9.6008634e+00
   9.6014278e+00
   9.6019853e+00
   9.6025361e+00
   9.6030810e+00
   9.6036193e+00
   9.6041498e+00
   9.6046733e+00
   9.6051910e+00
   9.6057012e+00
   9.6062021e+00
   9.6066974e+00
   9.6071860e+00
   9.6076692e+00
   9.6081477e+00
   9.6086152e+00
   9.6090787e+00
   9.6095338e+00
   9.6099822e+00
   9.6104230e+00
   9.6108573e+00
   9.6112847e+00
   9.6117065e+00
   9.6121202e+00
   9.6125258e+00
   9.6129260e+00
   9.6133192e+00
   9.6137039e+00
   9.6140818e+00
   9.6144525e+00
   9.6148155e+00
   9.6151739e+00
   9.6155236e+00
   9.6158656e+00
   9.6162002e+00
   9.6165279e+00
   9.6168491e+00
   9.6171644e+00
   9.6174703e+00
   9.6177684e+00
   9.6180607e+00
   9.6183457e+00
   9.6186276e+00
   9.6189008e+00
   9.6191641e+00
   9.6194162e+00
   9.6196635e+00
   9.6199103e+00
   9.6201452e+00
   9.6203690e+00
   9.6205877e+00
   9.6207971e+00
   9.6210001e+00
   9.6211936e+00
   9.6213841e+00
   9.6215654e+00
   9.6217411e+00
   9.6219081e+00
   9.6220689e+00
   9.6222207e+00
   9.6223648e+00
   9.6225012e+00
   9.6226321e+00
   9.6227532e+00
   9.6228669e+00
   9.6229758e+00
   9.6230758e+00
   9.6231662e+00
   9.6232470e+00
   9.6233226e+00
   9.6233889e+00
   9.6234504e+00
   9.6235027e+00
   9.6235421e+00
   9.6235777e+00
   9.6236035e+00
   9.6236239e+00
   9.6236406e+00
   9.6236501e+00
   9.6236497e+00
   9.6236448e+00
   9.6236268e+00
   9.6236011e+00
   9.6235654e+00
   9.6235239e+00
   9.6234791e+00
   9.6234231e+00
   9.6233570e+00
   9.6232847e+00
   9.6232041e+00
   9.6231144e+00
   9.6230214e+00
   9.6229146e+00
   9.6227960e+00
   9.6226685e+00
   9.6225367e+00
   9.6223960e+00
   9.6222495e+00
   9.6220948e+00
   9.6219314e+00
   9.6217589e+00
   9.6215760e+00
   9.6213890e+00
   9.6211921e+00
   9.6209866e+00
   9.6207741e+00
   9.6205577e+00
   9.6203266e+00
   9.6200858e+00
   9.6198346e+00
   9.6195748e+00
   9.6193075e+00
   9.6190326e+00
   9.6187501e+00
   9.6184562e+00
   9.6181526e+00
   9.6178407e+00
   9.6175218e+00
   9.6171956e+00
   9.6168621e+00
   9.6165167e+00
   9.6161622e+00
   9.6158022e+00
   9.6154313e+00
   9.6150526e+00
   9.6146659e+00
   9.6142670e+00
   9.6138579e+00
   9.6134421e+00
   9.6130182e+00
   9.6125824e+00
   9.6121377e+00
   9.6116838e+00
   9.6112207e+00
   9.6107506e+00
   9.6102731e+00
   9.6097851e+00
   9.6092881e+00
   9.6087833e+00
   9.6082684e+00
   9.6077448e+00
   9.6072118e+00
   9.6066696e+00
   9.6061168e+00
   9.6055539e+00
   9.6049826e+00
   9.6043997e+00
   9.6038070e+00
   9.6032056e+00
   9.6025921e+00
   9.6019715e+00
   9.6013445e+00
   9.6007062e+00
   9.6000567e+00
   9.5993995e+00
   9.5987294e+00
   9.5980473e+00
   9.5973574e+00
   9.5966555e+00
   9.5959460e+00
   9.5952264e+00
   9.5944973e+00
   9.5937576e+00
   9.5930054e+00
   9.5922443e+00
   9.5914744e+00
   9.5906977e+00
   9.5899099e+00
   9.5891089e+00
   9.5882951e+00
   9.5874690e+00
   9.5866314e+00
   9.5857829e+00
   9.5849244e+00
   9.5840568e+00
   9.5831812e+00
   9.5822989e+00
   9.5814019e+00
   9.5804913e+00
   9.5795721e+00
   9.5786412e+00
   9.5777039e+00
   9.5767572e+00
   9.5757938e+00
   9.5748177e+00
   9.5738339e+00
   9.5728344e+00
   9.5718272e+00
   9.5708055e+00
   9.5697745e+00
   9.5687290e+00
   9.5676725e+00
   9.5666080e+00
   9.5655329e+00
   9.5644475e+00
   9.5633516e+00
   9.5622453e+00
   9.5611290e+00
   9.5599940e+00
   9.5588487e+00
   9.5576943e+00
   9.5565241e+00
   9.5553467e+00
   9.5541511e+00
   9.5529421e+00
   9.5517215e+00
   9.5504928e+00
   9.5492498e+00
   9.5479952e+00
   9.5467263e+00
   9.5454447e+00
   9.5441515e+00
   9.5428439e+00
   9.5415263e+00
   9.5401963e+00
   9.5388526e+00
   9.5374947e+00
   9.5361269e+00
   9.5347472e+00
   9.5333517e+00
   9.5319420e+00
   9.5305192e+00
   9.5290867e+00
   9.5276383e+00
   9.5261800e+00
   9.5247067e+00
   9.5232173e+00
   9.5217118e+00
   9.5201940e+00
   9.5186661e+00
   9.5171240e+00
   9.5155689e+00
   9.5139995e+00
   9.5124169e+00
   9.5108195e+00
   9.5092071e+00
   9.5075804e+00
   9.5059407e+00
   9.5042893e+00
   9.5026209e+00
   9.5009380e+00
   9.4992404e+00
   9.4975260e+00
   9.4957979e+00
   9.4940560e+00
   9.4922983e+00
   9.4905281e+00
   9.4887429e+00
   9.4869441e+00
   9.4851272e+00
   9.4832951e+00
   9.4814483e+00
   9.4795838e+00
   9.4777039e+00
   9.4758112e+00
   9.4739008e+00
   9.4719721e+00
   9.4700310e+00
   9.4680728e+00
   9.4661014e+00
   9.4641128e+00
   9.4621131e+00
   9.4600944e+00
   9.4580560e+00
   9.4560028e+00
   9.4539352e+00
   9.4518519e+00
   9.4497514e+00
   9.4476347e+00
   9.4454967e+00
   9.4433394e+00
   9.4411685e+00
   9.4389798e+00
   9.4367749e+00
   9.4345530e+00
   9.4323119e+00
   9.4300515e+00
   9.4277727e+00
   9.4254763e+00
   9.4231633e+00
   9.4208352e+00
   9.4184876e+00
   9.4161199e+00
   9.4137362e+00
   9.4113354e+00
   9.4089164e+00
   9.4064787e+00
   9.4040235e+00
   9.4015469e+00
   9.3990508e+00
   9.3965350e+00
   9.3940068e+00
   9.3914546e+00
   9.3888847e+00
   9.3862926e+00
   9.3836819e+00
   9.3810509e+00
   9.3783975e+00
   9.3757281e+00
   9.3730367e+00
   9.3703282e+00
   9.3675980e+00
   9.3648474e+00
   9.3620753e+00
   9.3592841e+00
   9.3564697e+00
   9.3536378e+00
   9.3507844e+00
   9.3479105e+00
   9.3450145e+00
   9.3420961e+00
   9.3391552e+00
   9.3361919e+00
   9.3332109e+00
   9.3302072e+00
   9.3271831e+00
   9.3241356e+00
   9.3210678e+00
   9.3179769e+00
   9.3148635e+00
   9.3117264e+00
   9.3085638e+00
   9.3053820e+00
   9.3021764e+00
   9.2989462e+00
   9.2956949e+00
   9.2924190e+00
   9.2891194e+00
   9.2857933e+00
   9.2824474e+00
   9.2790741e+00
   9.2756790e+00
   9.2722604e+00
   9.2688182e+00
   9.2653523e+00
   9.2618611e+00
   9.2583445e+00
   9.2548037e+00
   9.2512367e+00
   9.2476462e+00
   9.2440321e+00
   9.2403899e+00
   9.2367213e+00
   9.2330283e+00
   9.2293090e+00
   9.2255645e+00
   9.2217928e+00
   9.2179973e+00
   9.2141738e+00
   9.2103236e+00
   9.2064472e+00
   9.2025417e+00
   9.1986130e+00
   9.1946549e+00
   9.1906711e+00
   9.1866583e+00
   9.1826224e+00
   9.1785535e+00
   9.1744543e+00
   9.1703295e+00
   9.1661750e+00
   9.1619932e+00
   9.1577853e+00
   9.1535498e+00
   9.1492805e+00
   9.1449809e+00
   9.1406520e+00
   9.1362938e+00
   9.1319030e+00
   9.1274852e+00
   9.1230376e+00
   9.1185566e+00
   9.1140486e+00
   9.1095103e+00
   9.1049410e+00
   9.1003431e+00
   9.0957109e+00
   9.0910485e+00
   9.0863555e+00
   9.0816294e+00
   9.0768738e+00
   9.0720841e+00
   9.0672630e+00
   9.0624065e+00
   9.0575242e+00
   9.0526056e+00
   9.0476542e+00
   9.0426663e+00
   9.0376488e+00
   9.0326019e+00
   9.0275188e+00
   9.0223995e+00
   9.0172443e+00
   9.0120542e+00
   9.0068312e+00
   9.0015754e+00
   8.9962868e+00
   8.9909604e+00
   8.9855990e+00
   8.9802027e+00
   8.9747669e+00
   8.9693016e+00
   8.9637978e+00
   8.9582562e+00
   8.9526792e+00
   8.9470636e+00
   8.9414141e+00
   8.9357266e+00
   8.9300031e+00
   8.9242417e+00
   8.9184454e+00
   8.9126075e+00
   8.9067307e+00
   8.9008174e+00
   8.8948657e+00
   8.8888750e+00
   8.8828451e+00
   8.8767777e+00
   8.8706687e+00
   8.8645230e+00
   8.8583337e+00
   8.8521038e+00
   8.8458367e+00
   8.8395275e+00
   8.8331785e+00
   8.8267868e+00
   8.8203522e+00
   8.8138798e+00
   8.8073638e+00
   8.8008052e+00
   8.7942050e+00
   8.7875607e+00
   8.7808729e+00
   8.7741421e+00
   8.7673691e+00
   8.7605527e+00
   8.7536921e+00
   8.7467866e+00
   8.7398381e+00
   8.7328446e+00
   8.7258057e+00
   8.7187228e+00
   8.7115949e+00
   8.7044212e+00
   8.6972018e+00
   8.6899352e+00
   8.6826248e+00
   8.6752659e+00
   8.6678603e+00
   8.6604068e+00
   8.6529066e+00
   8.6453582e+00
   8.6377622e+00
   8.6301172e+00
   8.6224252e+00
   8.6146835e+00
   8.6068920e+00
   8.5990516e+00
   8.5911608e+00
   8.5832200e+00
   8.5752296e+00
   8.5671882e+00
   8.5590957e+00
   8.5509519e+00
   8.5427575e+00
   8.5345131e+00
   8.5262150e+00
   8.5178649e+00
   8.5094619e+00
   8.5010059e+00
   8.4924973e+00
   8.4839344e+00
   8.4753169e+00
   8.4666437e+00
   8.4579177e+00
   8.4491357e+00
   8.4402984e+00
   8.4314068e+00
   8.4224581e+00
   8.4134543e+00
   8.4043945e+00
   8.3952780e+00
   8.3861040e+00
   8.3768725e+00
   8.3675836e+00
   8.3582363e+00
   8.3488293e+00
   8.3393643e+00
   8.3298405e+00
   8.3202570e+00
   8.3106144e+00
   8.3009112e+00
   8.2911487e+00
   8.2813238e+00
   8.2714371e+00
   8.2614885e+00
   8.2514786e+00
   8.2414062e+00
   8.2312708e+00
   8.2210727e+00
   8.2108112e+00
   8.2004871e+00
   8.1900991e+00
   8.1796464e+00
   8.1691277e+00
   8.1585448e+00
   8.1478962e+00
   8.1371824e+00
   8.1264016e+00
   8.1155535e+00
   8.1046394e+00
   8.0936593e+00
   8.0826096e+00
   8.0714926e+00
   8.0603071e+00
   8.0490518e+00
   8.0377282e+00
   8.0263341e+00
   8.0148698e+00
   8.0033359e+00
   7.9917304e+00
   7.9800547e+00
   7.9683067e+00
   7.9564870e+00
   7.9445950e+00
   7.9326312e+00
   7.9205936e+00
   7.9084833e+00
   7.8962992e+00
   7.8840402e+00
   7.8717078e+00
   7.8593003e+00
   7.8468173e+00
   7.8342594e+00
   7.8216238e+00
   7.8089110e+00
   7.7961225e+00
   7.7832562e+00
   7.7703121e+00
   7.7572911e+00
   7.7441912e+00
   7.7310122e+00
   7.7177537e+00
   7.7044159e+00
   7.6909980e+00
   7.6775003e+00
   7.6639209e+00
   7.6502604e+00
   7.6365183e+00
   7.6226945e+00
   7.6087888e+00
   7.5947994e+00
   7.5807273e+00
   7.5665712e+00
   7.5523322e+00
   7.5380074e+00
   7.5235976e+00
   7.5091029e+00
   7.4945233e+00
   7.4798586e+00
   7.4651060e+00
   7.4502676e+00
   7.4353414e+00
   7.4203275e+00
   7.4052266e+00
   7.3900368e+00
   7.3747584e+00
   7.3593910e+00
   7.3439353e+00
   7.3283894e+00
   7.3127537e+00
   7.2970265e+00
   7.2812084e+00
   7.2652992e+00
   7.2492985e+00
   7.2332065e+00
   7.2170219e+00
   7.2007444e+00
   7.1843733e+00
   7.1679084e+00
   7.1513495e+00
   7.1346974e+00
   7.1179502e+00
   7.1011081e+00
   7.0841709e+00
   7.0671378e+00
   7.0500087e+00
   7.0327834e+00
   7.0154609e+00
   6.9980411e+00
   6.9805248e+00
   6.9629106e+00
   6.9451992e+00
   6.9273885e+00
   6.9094790e+00
   6.8914699e+00
   6.8733616e+00
   6.8551536e+00
   6.8368459e+00
   6.8184378e+00
   6.7999291e+00
   6.7813195e+00
   6.7626084e+00
   6.7437954e+00
   6.7248803e+00
   6.7058634e+00
   6.6867439e+00
   6.6675226e+00
   6.6481973e+00
   6.6287690e+00
   6.6092371e+00
   6.5896010e+00
   6.5698608e+00
   6.5500162e+00
   6.5300669e+00
   6.5100126e+00
   6.4898527e+00
   6.4695878e+00
   6.4492172e+00
   6.4287410e+00
   6.4081581e+00
   6.3874690e+00
   6.3666741e+00
   6.3457718e+00
   6.3247630e+00
   6.3036465e+00
   6.2824232e+00
   6.2610925e+00
   6.2396532e+00
   6.2181068e+00
   6.1964527e+00
   6.1746904e+00
   6.1528190e+00
   6.1308388e+00
   6.1087505e+00
   6.0865529e+00
   6.0642471e+00
   6.0418321e+00
   6.0193072e+00
   5.9966737e+00
   5.9739304e+00
   5.9510785e+00
   5.9281161e+00
   5.9050457e+00
   5.8818656e+00
   5.8585759e+00
   5.8351775e+00
   5.8116698e+00
   5.7880516e+00
   5.7643232e+00
   5.7404859e+00
   5.7165391e+00
   5.6924827e+00
   5.6683177e+00
   5.6440429e+00
   5.6196594e+00
   5.5951652e+00
   5.5705614e+00
   5.5458493e+00
   5.5210292e+00
   5.4960999e+00
   5.4710620e+00
   5.4459161e+00
   5.4206613e+00
   5.3952992e+00
   5.3698302e+00
   5.3442529e+00
   5.3185687e+00
   5.2927783e+00
   5.2668802e+00
   5.2408757e+00
   5.2147651e+00
   5.1885490e+00
   5.1622272e+00
   5.1358001e+00
   5.1092684e+00
   5.0826329e+00
   5.0558940e+00
   5.0290521e+00
   5.0021072e+00
   4.9750592e+00
   4.9479103e+00
   4.9206599e+00
   4.8933084e+00
   4.8658560e+00
   4.8383042e+00
   4.8106535e+00
   4.7829036e+00
   4.7550566e+00
   4.7271130e+00
   4.6990730e+00
   4.6709371e+00
   4.6427067e+00
   4.6143821e+00
   4.5859646e+00
   4.5574549e+00
   4.5288534e+00
   4.5001616e+00
   4.4713797e+00
   4.4425093e+00
   4.4135511e+00
   4.3845064e+00
   4.3553762e+00
   4.3261609e+00
   4.2968623e+00
   4.2674813e+00
   4.2380193e+00
   4.2084778e+00
   4.1788569e+00
   4.1491581e+00
   4.1193828e+00
   4.0895330e+00
   4.0596096e+00
   4.0296141e+00
   3.9995484e+00
   3.9694133e+00
   3.9392105e+00
   3.9089415e+00
   3.8786085e+00
   3.8482124e+00
   3.8177547e+00
   3.7872380e+00
   3.7566637e+00
   3.7260330e+00
   3.6953476e+00
   3.6646099e+00
   3.6338222e+00
   3.6029861e+00
   3.5721032e+00
   3.5411763e+00
   3.5102069e+00
   3.4791969e+00
   3.4481489e+00
   3.4170651e+00
   3.3859472e+00
   3.3547985e+00
   3.3236206e+00
   3.2924168e+00
   3.2611879e+00
   3.2299375e+00
   3.1986679e+00
   3.1673817e+00
   3.1360813e+00
   3.1047697e+00
   3.0734493e+00
   3.0421235e+00
   3.0107941e+00
   2.9794645e+00
   2.9481372e+00
   2.9168155e+00
   2.8855024e+00
   2.8542007e+00
   2.8229137e+00
   2.7916445e+00
   2.7603963e+00
   2.7291723e+00
   2.6979756e+00
   2.6668096e+00
   2.6356776e+00
   2.6045832e+00
   2.5735296e+00
   2.5425201e+00
   2.5115583e+00
   2.4806481e+00
   2.4497930e+00
   2.4189966e+00
   2.3882624e+00
   2.3575943e+00
   2.3269960e+00
   2.2964712e+00
   2.2660239e+00
   2.2356578e+00
   2.2053768e+00
   2.1751849e+00
   2.1450860e+00
   2.1150841e+00
   2.0851831e+00
   2.0553871e+00
   2.0257002e+00
   1.9961265e+00
   1.9666699e+00
   1.9373346e+00
   1.9081248e+00
   1.8790446e+00
   1.8500980e+00
   1.8212893e+00
   1.7926227e+00
   1.7641022e+00
   1.7357321e+00
   1.7075164e+00
   1.6794595e+00
   1.6515654e+00
   1.6238382e+00
   1.5962822e+00
   1.5689013e+00
   1.5416997e+00
   1.5146814e+00
   1.4878506e+00
   1.4612112e+00
   1.4347672e+00
   1.4085227e+00
   1.3824814e+00
   1.3566472e+00
   1.3310241e+00
   1.3056157e+00
   1.2804259e+00
   1.2554582e+00
   1.2307163e+00
   1.2062038e+00
   1.1819241e+00
   1.1578806e+00
   1.1340767e+00
   1.1105157e+00
   1.0872006e+00
   1.0641347e+00
   1.0413210e+00
   1.0187622e+00
   9.9646137e-01
   9.7442107e-01
   9.5264401e-01
   9.3113268e-01
   9.0988949e-01
   8.8891671e-01
   8.6821655e-01
   8.4779109e-01
   8.2764224e-01
   8.0777183e-01
   7.8818152e-01
   7.6887296e-01
   7.4984755e-01
   7.3110661e-01
   7.1265129e-01
   6.9448263e-01
   6.7660155e-01
   6.5900873e-01
   6.4170486e-01
   6.2469043e-01
   6.0796571e-01
   5.9153091e-01
   5.7538612e-01
   5.5953118e-01
   5.4396590e-01
   5.2868986e-01
   5.1370259e-01
   4.9900332e-01
   4.8459130e-01
   4.7046555e-01
   4.5662496e-01
   4.4306834e-01
   4.2979426e-01
   4.1680118e-01
   4.0408756e-01
   3.9165156e-01
   3.7949131e-01
   3.6760477e-01
   3.5598977e-01
   3.4464406e-01
   3.3356519e-01
   3.2275072e-01
   3.1219797e-01
   3.0190421e-01
   2.9186669e-01
   2.8208247e-01
   2.7254854e-01
   2.6326177e-01
   2.5421895e-01
   2.4541682e-01
   2.3685198e-01
   2.2852108e-01
   2.2042059e-01
   2.1254691e-01
   2.0489645e-01
   1.9746557e-01
   1.9025049e-01
   1.8324748e-01
   1.7645264e-01
   1.6986223e-01
   1.6347231e-01
   1.5727906e-01
   1.5127849e-01
   1.4546676e-01
   1.3983984e-01
   1.3439382e-01
   1.2912475e-01
   1.2402861e-01
   1.1910152e-01
   1.1433945e-01
   1.0973854e-01
   1.0529484e-01
   1.0100448e-01
   9.6863597e-02
   9.2868343e-02
   8.9014908e-02
   8.5299533e-02
   8.1718474e-02
   7.8268046e-02
   7.4944574e-02
   7.1744467e-02
   6.8664112e-02
   6.5699994e-02
   6.2848729e-02
   6.0106870e-02
   5.7471083e-02
   5.4938044e-02
   5.2504511e-02
   5.0167331e-02
   4.7923415e-02
   4.5769675e-02
   4.3703123e-02
   4.1720830e-02
   3.9819914e-02
   3.7997604e-02
   3.6251191e-02
   3.4577971e-02
   3.2975328e-02
   3.1440775e-02
   2.9971809e-02
   2.8566031e-02
   2.7221064e-02
   2.5934668e-02
   2.4704621e-02
   2.3528777e-02
   2.2405042e-02
   2.1331385e-02
   2.0305851e-02
   1.9326530e-02
   1.8391569e-02
   1.7499186e-02
   1.6647661e-02
   1.5835311e-02
   1.5060536e-02
   1.4321757e-02
   1.3617470e-02
   1.2946222e-02
   1.2306619e-02
   1.1697297e-02
   1.1116960e-02
   1.0564338e-02
   1.0038227e-02
   9.5374644e-03
   9.0609210e-03
   8.6075178e-03
   8.1762262e-03
   7.7660408e-03
   7.3760134e-03
   7.0052241e-03
   6.6527859e-03
   6.3178596e-03
   5.9996244e-03
   5.6972956e-03
   5.4101486e-03
   5.1374568e-03
   4.8785333e-03
   4.6327265e-03
   4.3994162e-03
   4.1779918e-03
   3.9678893e-03
   3.7685548e-03
   3.5794671e-03
   3.4001267e-03
   3.2300566e-03
   3.0687951e-03
   2.9159072e-03
   2.7709845e-03
   2.6336140e-03
   2.5034373e-03
   2.3800848e-03
   2.2632113e-03
   2.1524777e-03
   2.0475824e-03
   1.9482274e-03
   1.8541308e-03
   1.7650251e-03
   1.6806496e-03
   1.6007661e-03
   1.5251391e-03
   1.4535480e-03
   1.3857829e-03
   1.3216459e-03
   1.2609413e-03
   1.2034943e-03
   1.1491324e-03
   1.0976945e-03
   1.0490244e-03
   1.0029779e-03
   9.5941404e-04
   9.1820110e-04
   8.7921468e-04
   8.4233564e-04
   8.0745052e-04
   7.7445372e-04
   7.4324177e-04
   7.1372052e-04
   6.8579767e-04
   6.5938791e-04
   6.3440994e-04
   6.1078227e-04
   5.8844051e-04
   5.6730816e-04
   5.4731994e-04
   5.2841233e-04
   5.1052625e-04
   4.9360697e-04
   4.7760204e-04
   4.6246142e-04
   4.4813785e-04
   4.3458629e-04
   4.2176445e-04
   4.0963246e-04
   3.9815186e-04
   3.8728719e-04
   3.7700435e-04
   3.6727131e-04
   3.5805801e-04
   3.4933594e-04
   3.4107652e-04
   3.3325547e-04
   3.2584857e-04
   3.1883258e-04
   3.1218600e-04
   3.0588873e-04
   2.9992091e-04
   2.9426509e-04
   2.8890449e-04
   2.8382149e-04
   2.7900152e-04
   2.7442931e-04
   2.7009175e-04
   2.6597566e-04
   2.6206894e-04
   2.5836003e-04
   2.5483794e-04
   2.5149218e-04
   2.4831335e-04
   2.4529220e-04
   2.4241990e-04
   2.3968884e-04
   2.3709099e-04
   2.3461952e-04
   2.3226668e-04
   2.3002694e-04
   2.2789279e-04
   2.2585949e-04
   2.2392207e-04
   2.2207429e-04
   2.2031181e-04
   2.1863018e-04
   2.1702480e-04
   2.1549149e-04
   2.1402662e-04
   2.1262650e-04
   2.1128791e-04
   2.1000727e-04
   2.0878160e-04
   2.0760830e-04
   2.0648414e-04
   2.0540700e-04
   2.0437410e-04
   2.0338336e-04
   2.0243238e-04
   2.0151940e-04
   2.0064247e-04
   1.9979973e-04
   1.9898929e-04
   1.9820955e-04
   1.9745901e-04
   1.9673624e-04
   1.9604003e-04
   1.9536888e-04
   1.9472151e-04
   1.9409699e-04
   1.9349389e-04
   1.9291153e-04
   1.9234849e-04
   1.9180414e-04
   1.9127747e-04
   1.9076790e-04
   1.9027432e-04
   1.8979633e-04
   1.8933289e-04
   1.8888356e-04
   1.8844779e-04
   1.8802478e-04
   1.8761392e-04
   1.8721494e-04
   1.8682704e-04
   1.8644980e-04
   1.8608287e-04
   1.8572582e-04
   1.8537795e-04
   1.8503922e-04
   1.8470919e-04
   1.8438738e-04
   1.8407355e-04
   1.8376753e-04
   1.8346886e-04
   1.8317735e-04
   1.8289239e-04
   1.8261408e-04
   1.8234198e-04
   1.8207607e-04
   1.8181598e-04
   1.8156164e-04
   1.8131262e-04
   1.8106881e-04
   1.8083003e-04
   1.8059617e-04
   1.8036698e-04
   1.8014230e-04
   1.7992205e-04
   1.7970600e-04
   1.7949422e-04
   1.7928628e-04
   1.7908216e-04
   1.7888177e-04
   1.7868503e-04
   1.7849179e-04
   1.7830184e-04
   1.7811534e-04
   1.7793190e-04
   1.7775165e-04
   1.7757446e-04
   1.7740014e-04
   1.7722868e-04
   1.7705995e-04
   1.7689388e-04
   1.7673043e-04
   1.7656953e-04
   1.7641114e-04
   1.7625519e-04
   1.7610150e-04
   1.7595011e-04
   1.7580095e-04
   1.7565398e-04
   1.7550921e-04
   1.7536636e-04
   1.7522540e-04
   1.7508649e-04
   1.7494945e-04
   1.7481447e-04
   1.7468118e-04
   1.7454968e-04
   1.7441987e-04
   1.7429174e-04
   1.7416535e-04
   1.7404039e-04
   1.7391710e-04
   1.7379540e-04
   1.7367530e-04
   1.7355666e-04
   1.7343951e-04
   1.7332367e-04
   1.7320930e-04
   1.7309617e-04
   1.7298430e-04
   1.7287386e-04
   1.7276471e-04
   1.7265676e-04
   1.7255002e-04
   1.7244454e-04
   1.7234027e-04
   1.7223692e-04
   1.7213481e-04
   1.7203380e-04
   1.7193398e-04
   1.7183510e-04
   1.7173729e-04
   1.7164044e-04
   1.7154465e-04
   1.7144982e-04
   1.7135601e-04
   1.7126304e-04
   1.7117099e-04
   1.7107979e-04
   1.7098958e-04
   1.7090020e-04
   1.7081169e-04
   1.7072402e-04
   1.7063714e-04
   1.7055102e-04
   1.7046564e-04
   1.7038100e-04
   1.7029711e-04
   1.7021398e-04
   1.7013161e-04
   1.7005000e-04
   1.6996915e-04
   1.6988894e-04
   1.6980927e-04
   1.6973043e-04
   1.6965227e-04
   1.6957483e-04
   1.6949785e-04
   1.6942157e-04
   1.6934595e-04
   1.6927086e-04
   1.6919637e-04
   1.6912244e-04
   1.6904913e-04
   1.6897632e-04
   1.6890408e-04
   1.6883232e-04
   1.6876120e-04
   1.6869057e-04
   1.6862052e-04
   1.6855095e-04
   1.6848186e-04
   1.6841324e-04
   1.6834510e-04
   1.6827745e-04
   1.6821027e-04
   1.6814359e-04
   1.6807735e-04
   1.6801152e-04
   1.6794616e-04
   1.6788125e-04
   1.6781660e-04
   1.6775247e-04
   1.6768883e-04
   1.6762551e-04
   1.6756245e-04
   1.6749993e-04
   1.6743780e-04
   1.6737595e-04
   1.6731440e-04
   1.6725320e-04
   1.6719236e-04
   1.6713189e-04
   1.6707180e-04
   1.6701209e-04
   1.6695275e-04
   1.6689380e-04
   1.6683522e-04
   1.6677701e-04
   1.6671903e-04
   1.6666133e-04
   1.6660402e-04
   1.6654693e-04
   1.6649015e-04
   1.6643349e-04
   1.6637734e-04
   1.6632142e-04
   1.6626585e-04
   1.6621046e-04
   1.6615527e-04
   1.6610047e-04
   1.6604588e-04
   1.6599137e-04
   1.6593736e-04
   1.6588358e-04
   1.6582999e-04
   1.6577679e-04
   1.6572375e-04
   1.6567094e-04
   1.6561835e-04
   1.6556605e-04
   1.6551402e-04
   1.6546226e-04
   1.6541077e-04
   1.6535953e-04
   1.6530832e-04
   1.6525725e-04
   1.6520645e-04
   1.6515590e-04
   1.6510561e-04
   1.6505556e-04
   1.6500576e-04
   1.6495593e-04
   1.6490627e-04
   1.6485685e-04
   1.6480768e-04
   1.6475874e-04
   1.6471003e-04
   1.6466154e-04
   1.6461327e-04
   1.6456498e-04
   1.6451683e-04
   1.6446890e-04
   1.6442119e-04
   1.6437370e-04
   1.6432642e-04
   1.6427934e-04
   1.6423246e-04
   1.6418556e-04
   1.6413877e-04
   1.6409219e-04
   1.6404581e-04
   1.6399963e-04
   1.6395364e-04
   1.6390785e-04
   1.6386224e-04
   1.6381660e-04
   1.6377105e-04
   1.6372569e-04
   1.6368053e-04
   1.6363555e-04
   1.6359074e-04
   1.6354612e-04
   1.6350167e-04
   1.6345718e-04
   1.6341277e-04
   1.6336854e-04
   1.6332448e-04
   1.6328060e-04
   1.6323689e-04
   1.6319333e-04
   1.6314995e-04
   1.6310652e-04
   1.6306315e-04
   1.6301996e-04
   1.6297693e-04
   1.6293406e-04
   1.6289135e-04
   1.6284879e-04
   1.6280617e-04
   1.6276363e-04
   1.6272125e-04
   1.6267903e-04
   1.6263696e-04
   1.6259505e-04
   1.6255328e-04
   1.6251166e-04
   1.6246997e-04
   1.6242835e-04
   1.6238688e-04
   1.6234556e-04
   1.6230439e-04
   1.6226336e-04
   1.6222247e-04
   1.6218171e-04
   1.6214089e-04
   1.6210012e-04
   1.6205950e-04
   1.6201902e-04
   1.6197868e-04
   1.6193847e-04
   1.6189839e-04
   1.6185844e-04
   1.6181843e-04
   1.6177846e-04
   1.6173863e-04
   1.6169894e-04
   1.6165937e-04
   1.6161993e-04
   1.6158062e-04
   1.6154143e-04
   1.6150218e-04
   1.6146296e-04
   1.6142387e-04
   1.6138491e-04
   1.6134608e-04
   1.6130737e-04
   1.6126877e-04
   1.6123010e-04
   1.6119148e-04
   1.6115299e-04
   1.6111462e-04
   1.6107637e-04
   1.6103825e-04
   1.6100023e-04
   1.6096233e-04
   1.6092436e-04
   1.6088642e-04
   1.6084861e-04
   1.6081092e-04
   1.6077334e-04
   1.6073588e-04
   1.6069853e-04
   1.6066128e-04
   1.6062396e-04
   1.6058668e-04
   1.6054951e-04
   1.6051246e-04
   1.6047551e-04
   1.6043868e-04
   1.6040195e-04
   1.6036533e-04
   1.6032863e-04
   1.6029197e-04
   1.6025541e-04
   1.6021897e-04
   1.6018263e-04
   1.6014640e-04
   1.6011027e-04
   1.6007423e-04
   1.6003814e-04
   1.6000206e-04
   1.5996609e-04
   1.5993022e-04
   1.5989446e-04
   1.5985881e-04
   1.5982325e-04
   1.5978760e-04
   1.5975199e-04
   1.5971649e-04
   1.5968110e-04
   1.5964581e-04
   1.5961062e-04
   1.5957552e-04
   1.5954052e-04
   1.5950544e-04
   1.5947039e-04
   1.5943544e-04
   1.5940060e-04
   1.5936585e-04
   1.5933120e-04
   1.5929664e-04
   1.5926218e-04
   1.5922763e-04
   1.5919311e-04
   1.5915868e-04
   1.5912443e-04
   1.5909024e-04
   1.5905611e-04
   1.5902196e-04
   1.5898791e-04
   1.5895400e-04
   1.5892012e-04
   1.5888629e-04
   1.5885244e-04
   1.5881870e-04
   1.5878509e-04
   1.5875151e-04
   1.5871798e-04
   1.5868443e-04
   1.5865098e-04
   1.5861767e-04
   1.5858438e-04
   1.5855115e-04
   1.5851790e-04
   1.5848475e-04
   1.5845173e-04
   1.5841874e-04
   1.5838579e-04
   1.5835284e-04
   1.5831997e-04
   1.5828725e-04
   1.5825454e-04
   1.5822188e-04
   1.5818921e-04
   1.5815664e-04
   1.5812420e-04
   1.5809177e-04
   1.5805940e-04
   1.5802701e-04
   1.5799472e-04
   1.5796256e-04
   1.5793043e-04
   1.5789841e-04
   1.5786629e-04
   1.5783422e-04
   1.5780226e-04
   1.5777042e-04
   1.5773869e-04
   1.5770689e-04
   1.5767511e-04
   1.5764344e-04
   1.5761189e-04
   1.5758023e-04
   1.5754863e-04
   1.5751714e-04
   1.5748578e-04
   1.5745452e-04
   1.5742317e-04
   1.5739187e-04
   1.5736067e-04
   1.5732959e-04
   1.5729862e-04
   1.5726757e-04
   1.5723654e-04
   1.5720562e-04
   1.5717481e-04
   1.5714390e-04
   1.5711304e-04
   1.5708230e-04
   1.5705166e-04
   1.5702114e-04
   1.5699052e-04
   1.5695994e-04
   1.5692948e-04
   1.5689912e-04
   1.5686886e-04
   1.5683853e-04
   1.5680822e-04
   1.5677802e-04
   1.5674792e-04
   1.5671772e-04
   1.5668757e-04
   1.5665753e-04
   1.5662761e-04
   1.5659778e-04
   1.5656787e-04
   1.5653799e-04
   1.5650821e-04
   1.5647855e-04
   1.5644899e-04
   1.5641934e-04
   1.5638972e-04
   1.5636020e-04
   1.5633079e-04
   1.5630127e-04
   1.5627180e-04
   1.5624245e-04
   1.5621319e-04
   1.5618404e-04
   1.5615480e-04
   1.5612559e-04
   1.5609649e-04
   1.5606749e-04
   1.5603859e-04
   1.5600961e-04
   1.5598065e-04
   1.5595179e-04
   1.5592304e-04
   1.5589438e-04
   1.5586566e-04
   1.5583694e-04
   1.5580832e-04
   1.5577980e-04
   1.5575119e-04
   1.5572262e-04
   1.5569414e-04
   1.5566578e-04
   1.5563750e-04
   1.5560915e-04
   1.5558082e-04
   1.5555259e-04
   1.5552446e-04
   1.5549643e-04
   1.5546833e-04
   1.5544023e-04
   1.5541224e-04
   1.5538434e-04
   1.5535634e-04
   1.5532839e-04
   1.5530054e-04
   1.5527278e-04
   1.5524513e-04
   1.5521738e-04
   1.5518967e-04
   1.5516205e-04
   1.5513453e-04
   1.5510710e-04
   1.5507961e-04
   1.5505212e-04
   1.5502473e-04
   1.5499743e-04
   1.5497004e-04
   1.5494269e-04
   1.5491544e-04
   1.5488828e-04
   1.5486122e-04
   1.5483407e-04
   1.5480696e-04
   1.5477993e-04
   1.5475300e-04
   1.5472616e-04
   1.5469925e-04
   1.5467236e-04
   1.5464555e-04
   1.5461884e-04
   1.5459203e-04
   1.5456527e-04
   1.5453860e-04
   1.5451202e-04
   1.5448554e-04
   1.5445897e-04
   1.5443243e-04
   1.5440598e-04
   1.5437962e-04
   1.5435336e-04
   1.5432702e-04
   1.5430069e-04
   1.5427446e-04
   1.5424831e-04
   1.5422207e-04
   1.5419587e-04
   1.5416977e-04
   1.5414375e-04
   1.5411783e-04
   1.5409182e-04
   1.5406584e-04
   1.5403995e-04
   1.5401415e-04
   1.5398843e-04
   1.5396265e-04
   1.5393687e-04
   1.5391119e-04
   1.5388560e-04
   1.5385990e-04
   1.5383426e-04
   1.5380870e-04
   1.5378323e-04
   1.5375785e-04
   1.5373238e-04
   1.5370694e-04
   1.5368159e-04
   1.5365633e-04
   1.5363116e-04
   1.5360591e-04
   1.5358067e-04
   1.5355552e-04
   1.5353046e-04
   1.5350530e-04
   1.5348019e-04
   1.5345516e-04
   1.5343022e-04
   1.5340537e-04
   1.5338043e-04
   1.5335552e-04
   1.5333069e-04
   1.5330595e-04
   1.5328130e-04
   1.5325657e-04
   1.5323185e-04
   1.5320722e-04
   1.5318268e-04
   1.5315821e-04
   1.5313369e-04
   1.5310916e-04
   1.5308472e-04
   1.5306037e-04
   1.5303592e-04
   1.5301151e-04
   1.5298719e-04
   1.5296295e-04
   1.5293878e-04
   1.5291455e-04
   1.5289033e-04
   1.5286620e-04
   1.5284215e-04
   1.5281818e-04
   1.5279414e-04
   1.5277011e-04
   1.5274617e-04
   1.5272230e-04
   1.5269835e-04
   1.5267443e-04
   1.5265059e-04
   1.5262684e-04
   1.5260317e-04
   1.5257942e-04
   1.5255569e-04
   1.5253205e-04
   1.5250848e-04
   1.5248499e-04
   1.5246144e-04
   1.5243789e-04
   1.5241443e-04
   1.5239104e-04
   1.5236757e-04
   1.5234413e-04
   1.5232078e-04
   1.5229750e-04
   1.5227430e-04
   1.5225103e-04
   1.5222778e-04
   1.5220461e-04
   1.5218151e-04
   1.5215849e-04
   1.5213541e-04
   1.5211234e-04
   1.5208934e-04
   1.5206643e-04
   1.5204342e-04
   1.5202045e-04
   1.5199756e-04
   1.5197475e-04
   1.5195202e-04
   1.5192921e-04
   1.5190642e-04
   1.5188371e-04
   1.5186108e-04
   1.5183852e-04
   1.5181589e-04
   1.5179328e-04
   1.5177074e-04
   1.5174828e-04
   1.5172573e-04
   1.5170322e-04
   1.5168078e-04
   1.5165842e-04
   1.5163614e-04
   1.5161378e-04
   1.5159144e-04
   1.5156918e-04
   1.5154700e-04
   1.5152488e-04
   1.5150270e-04
   1.5148054e-04
   1.5145844e-04
   1.5143642e-04
   1.5141432e-04
   1.5139225e-04
   1.5137025e-04
   1.5134834e-04
   1.5132649e-04
   1.5130457e-04
   1.5128267e-04
   1.5126085e-04
   1.5123910e-04
   1.5121742e-04
   1.5119567e-04
   1.5117394e-04
   1.5115228e-04
   1.5113069e-04
   1.5110917e-04
   1.5108760e-04
   1.5106602e-04
   1.5104452e-04
   1.5102309e-04
   1.5100158e-04
   1.5098010e-04
   1.5095869e-04
   1.5093735e-04
   1.5091609e-04
   1.5089476e-04
   1.5087344e-04
   1.5085219e-04
   1.5083101e-04
   1.5080991e-04
   1.5078874e-04
   1.5076758e-04
   1.5074649e-04
   1.5072547e-04
   1.5070437e-04
   1.5068330e-04
   1.5066230e-04
   1.5064138e-04
   1.5062052e-04
   1.5059959e-04
   1.5057868e-04
   1.5055784e-04
   1.5053707e-04
   1.5051637e-04
   1.5049561e-04
   1.5047485e-04
   1.5045417e-04
   1.5043355e-04
   1.5041285e-04
   1.5039219e-04
   1.5037159e-04
   1.5035106e-04
   1.5033060e-04
   1.5031008e-04
   1.5028956e-04
   1.5026912e-04
   1.5024875e-04
   1.5022844e-04
   1.5020808e-04
   1.5018772e-04
   1.5016742e-04
   1.5014720e-04
   1.5012689e-04
   1.5010662e-04
   1.5008642e-04
   1.5006628e-04
   1.5004621e-04
   1.5002607e-04
   1.5000595e-04
   1.4998589e-04
   1.4996591e-04
   1.4994598e-04
   1.4992600e-04
   1.4990603e-04
   1.4988612e-04
   1.4986628e-04
   1.4984636e-04
   1.4982647e-04
   1.4980665e-04
   1.4978689e-04
   1.4976720e-04
   1.4974744e-04
   1.4972770e-04
   1.4970802e-04
   1.4968841e-04
   1.4966886e-04
   1.4964926e-04
   1.4962966e-04
   1.4961013e-04
   1.4959066e-04
   1.4957111e-04
   1.4955159e-04
   1.4953214e-04
   1.4951276e-04
   1.4949343e-04
   1.4947404e-04
   1.4945467e-04
   1.4943537e-04
   1.4941612e-04
   1.4939694e-04
   1.4937770e-04
   1.4935847e-04
   1.4933930e-04
   1.4932019e-04
   1.4930101e-04
   1.4928186e-04
   1.4926277e-04
   1.4924375e-04
   1.4922479e-04
   1.4920575e-04
   1.4918674e-04
   1.4916780e-04
   1.4914891e-04
   1.4913009e-04
   1.4911120e-04
   1.4909233e-04
   1.4907351e-04
   1.4905476e-04
   1.4903607e-04
   1.4901733e-04
   1.4899858e-04
   1.4897990e-04
   1.4896128e-04
   1.4894259e-04
   1.4892392e-04
   1.4890531e-04
   1.4888677e-04
   1.4886828e-04
   1.4884974e-04
   1.4883120e-04
   1.4881273e-04
   1.4879432e-04
   1.4877597e-04
   1.4875756e-04
   1.4873916e-04
   1.4872081e-04
   1.4870253e-04
   1.4868418e-04
   1.4866585e-04
   1.4864758e-04
   1.4862937e-04
   1.4861122e-04
   1.4859301e-04
   1.4857482e-04
   1.4855668e-04
   1.4853860e-04
   1.4852058e-04
   1.4850251e-04
   1.4848444e-04
   1.4846643e-04
   1.4844848e-04
   1.4843046e-04
   1.4841246e-04
   1.4839452e-04
   1.4837664e-04
   1.4835882e-04
   1.4834094e-04
   1.4832308e-04
   1.4830527e-04
   1.4828752e-04
   1.4826982e-04
   1.4825208e-04
   1.4823434e-04
   1.4821665e-04
   1.4819902e-04
   1.4818133e-04
   1.4816366e-04
   1.4814604e-04
   1.4812849e-04
   1.4811099e-04
   1.4809343e-04
   1.4807589e-04
   1.4805840e-04
   1.4804097e-04
   1.4802359e-04
   1.4800617e-04
   1.4798874e-04
   1.4797138e-04
   1.4795407e-04
   1.4793669e-04
   1.4791933e-04
   1.4790204e-04
   1.4788480e-04
   1.4786761e-04
   1.4785037e-04
   1.4783314e-04
   1.4781597e-04
   1.4779885e-04
   1.4778178e-04
   1.4776467e-04
   1.4774756e-04
   1.4773050e-04
   1.4771350e-04
   1.4769643e-04
   1.4767939e-04
   1.4766240e-04
   1.4764547e-04
   1.4762859e-04
   1.4761165e-04
   1.4759473e-04
   1.4757786e-04
   1.4756105e-04
   1.4754429e-04
   1.4752748e-04
   1.4751067e-04
   1.4749392e-04
   1.4747722e-04
   1.4746045e-04
   1.4744371e-04
   1.4742702e-04
   1.4741039e-04
   1.4739381e-04
   1.4737717e-04
   1.4736055e-04
   1.4734398e-04
   1.4732747e-04
   1.4731100e-04
   1.4729449e-04
   1.4727798e-04
   1.4726152e-04
   1.4724512e-04
   1.4722876e-04
   1.4721236e-04
   1.4719596e-04
   1.4717962e-04
   1.4716332e-04
   1.4714696e-04
   1.4713062e-04
   1.4711434e-04
   1.4709811e-04
   1.4708193e-04
   1.4706569e-04
   1.4704947e-04
   1.4703329e-04
   1.4701717e-04
   1.4700110e-04
   1.4698498e-04
   1.4696886e-04
   1.4695280e-04
   1.4693678e-04
   1.4692071e-04
   1.4690465e-04
   1.4688865e-04
   1.4687270e-04
   1.4685680e-04
   1.4684084e-04
   1.4682490e-04
   1.4680900e-04
   1.4679316e-04
   1.4677737e-04
   1.4676153e-04
   1.4674569e-04
   1.4672990e-04
   1.4671417e-04
   1.4669837e-04
   1.4668259e-04
   1.4666686e-04
   1.4665119e-04
   1.4663556e-04
   1.4661988e-04
   1.4660421e-04
   1.4658859e-04
   1.4657302e-04
   1.4655750e-04
   1.4654194e-04
   1.4652637e-04
   1.4651085e-04
   1.4649539e-04
   1.4647986e-04
   1.4646436e-04
   1.4644890e-04
   1.4643349e-04
   1.4641814e-04
   1.4640273e-04
   1.4638733e-04
   1.4637198e-04
   1.4635667e-04
   1.4634142e-04
   1.4632612e-04
   1.4631082e-04
   1.4629557e-04
   1.4628037e-04
   1.4626511e-04
   1.4624987e-04
   1.4623468e-04
   1.4621954e-04
   1.4620444e-04
   1.4618930e-04
   1.4617416e-04
   1.4615907e-04
   1.4614403e-04
   1.4612904e-04
   1.4611400e-04
   1.4609896e-04
   1.4608397e-04
   1.4606903e-04
   1.4605403e-04
   1.4603905e-04
   1.4602412e-04
   1.4600923e-04
   1.4599440e-04
   1.4597951e-04
   1.4596463e-04
   1.4594980e-04
   1.4593501e-04
   1.4592027e-04
   1.4590549e-04
   1.4589071e-04
   1.4587597e-04
   1.4586129e-04
   1.4584654e-04
   1.4583181e-04
   1.4581713e-04
   1.4580250e-04
   1.4578791e-04
   1.4577327e-04
   1.4575865e-04
   1.4574407e-04
   1.4572953e-04
   1.4571504e-04
   1.4570051e-04
   1.4568597e-04
   1.4567149e-04
   1.4565705e-04
   1.4564265e-04
   1.4562822e-04
   1.4561378e-04
   1.4559938e-04
   1.4558503e-04
   1.4557063e-04
   1.4555624e-04
   1.4554190e-04
   1.4552761e-04
   1.4551335e-04
   1.4549905e-04
   1.4548476e-04
   1.4547051e-04
   1.4545631e-04
   1.4544215e-04
   1.4542795e-04
   1.4541375e-04
   1.4539960e-04
   1.4538548e-04
   1.4537132e-04
   1.4535717e-04
   1.4534306e-04
   1.4532900e-04
   1.4531499e-04
   1.4530092e-04
   1.4528687e-04
   1.4527285e-04
   1.4525889e-04
   1.4524496e-04
   1.4523099e-04
   1.4521703e-04
   1.4520311e-04
   1.4518923e-04
   1.4517529e-04
   1.4516138e-04
   1.4514751e-04
   1.4513368e-04
   1.4511990e-04
   1.4510606e-04
   1.4509224e-04
   1.4507846e-04
   1.4506472e-04
   1.4505103e-04
   1.4503729e-04
   1.4502355e-04
   1.4500986e-04
   1.4499621e-04
   1.4498251e-04
   1.4496882e-04
   1.4495518e-04
   1.4494158e-04
   1.4492802e-04
   1.4491442e-04
   1.4490082e-04
   1.4488727e-04
   1.4487376e-04
   1.4486029e-04
   1.4484677e-04
   1.4483326e-04
   1.4481980e-04
   1.4480637e-04
   1.4479289e-04
   1.4477943e-04
   1.4476601e-04
   1.4475263e-04
   1.4473930e-04
   1.4472592e-04
   1.4471254e-04
   1.4469921e-04
   1.4468592e-04
   1.4467267e-04
   1.4465938e-04
   1.4464609e-04
   1.4463285e-04
   1.4461964e-04
   1.4460638e-04
   1.4459314e-04
   1.4457994e-04
   1.4456678e-04
   1.4455366e-04
   1.4454049e-04
   1.4452734e-04
   1.4451422e-04
   1.4450115e-04
   1.4448812e-04
   1.4447504e-04
   1.4446197e-04
   1.4444894e-04
   1.4443595e-04
   1.4442290e-04
   1.4440987e-04
   1.4439689e-04
   1.4438394e-04
   1.4437104e-04
   1.4435808e-04
   1.4434514e-04
   1.4433224e-04
   1.4431938e-04
   1.4430656e-04
   1.4429369e-04
   1.4428083e-04
   1.4426801e-04
   1.4425523e-04
   1.4424248e-04
   1.4422970e-04
   1.4421692e-04
   1.4420418e-04
   1.4419147e-04
   1.4417872e-04
   1.4416598e-04
   1.4415328e-04
   1.4414062e-04
   1.4412800e-04
   1.4411534e-04
   1.4410268e-04
   1.4409006e-04
   1.4407748e-04
   1.4406494e-04
   1.4405236e-04
   1.4403978e-04
   1.4402724e-04
   1.4401473e-04
   1.4400218e-04
   1.4398964e-04
   1.4397714e-04
   1.4396468e-04
   1.4395226e-04
   1.4393980e-04
   1.4392734e-04
   1.4391492e-04
   1.4390254e-04
   1.4389020e-04
   1.4387782e-04
   1.4386544e-04
   1.4385309e-04
   1.4384079e-04
   1.4382844e-04
   1.4381610e-04
   1.4380380e-04
   1.4379153e-04
   1.4377931e-04
   1.4376704e-04
   1.4375478e-04
   1.4374256e-04
   1.4373038e-04
   1.4371823e-04
   1.4370604e-04
   1.4369386e-04
   1.4368171e-04
   1.4366960e-04
   1.4365744e-04
   1.4364530e-04
   1.4363319e-04
   1.4362112e-04
   1.4360909e-04
   1.4359702e-04
   1.4358495e-04
   1.4357292e-04
   1.4356093e-04
   1.4354898e-04
   1.4353698e-04
   1.4352499e-04
   1.4351303e-04
   1.4350111e-04
   1.4348915e-04
   1.4347719e-04
   1.4346528e-04
   1.4345340e-04
   1.4344156e-04
   1.4342967e-04
   1.4341780e-04
   1.4340596e-04
   1.4339415e-04
   1.4338239e-04
   1.4337058e-04
   1.4335878e-04
   1.4334701e-04
   1.4333528e-04
   1.4332350e-04
   1.4331173e-04
   1.4330000e-04
   1.4328831e-04
   1.4327665e-04
   1.4326495e-04
   1.4325326e-04
   1.4324161e-04
   1.4322999e-04
   1.4321841e-04
   1.4320678e-04
   1.4319516e-04
   1.4318358e-04
   1.4317203e-04
   1.4316052e-04
   1.4314897e-04
   1.4313742e-04
   1.4312590e-04
   1.4311442e-04
   1.4310290e-04
   1.4309138e-04
   1.4307990e-04
   1.4306846e-04
   1.4305705e-04
   1.4304561e-04
   1.4303416e-04
   1.4302275e-04
   1.4301138e-04
   1.4300004e-04
   1.4298867e-04
   1.4297729e-04
   1.4296595e-04
   1.4295465e-04
   1.4294330e-04
   1.4293196e-04
   1.4292066e-04
   1.4290939e-04
   1.4289816e-04
   1.4288688e-04
   1.4287562e-04
   1.4286438e-04
   1.4285318e-04
   1.4284202e-04
   1.4283082e-04
   1.4281962e-04
   1.4280845e-04
   1.4279732e-04
   1.4278615e-04
   1.4277498e-04
   1.4276385e-04
   1.4275276e-04
   1.4274169e-04
   1.4273059e-04
   1.4271950e-04
   1.4270844e-04
   1.4269741e-04
   1.4268642e-04
   1.4267539e-04
   1.4266436e-04
   1.4265336e-04
   1.4264240e-04
   1.4263140e-04
   1.4262040e-04
   1.4260944e-04
   1.4259852e-04
   1.4258763e-04
   1.4257670e-04
   1.4256577e-04
   1.4255488e-04
   1.4254402e-04
   1.4253319e-04
   1.4252233e-04
   1.4251147e-04
   1.4250064e-04
   1.4248985e-04
   1.4247901e-04
   1.4246819e-04
   1.4245739e-04
   1.4244663e-04
   1.4243591e-04
   1.4242514e-04
   1.4241438e-04
   1.4240366e-04
   1.4239296e-04
   1.4238230e-04
   1.4237161e-04
   1.4236091e-04
   1.4235025e-04
   1.4233962e-04
   1.4232894e-04
   1.4231828e-04
   1.4230765e-04
   1.4229706e-04
   1.4228649e-04
   1.4227589e-04
   1.4226529e-04
   1.4225473e-04
   1.4224420e-04
   1.4223370e-04
   1.4222316e-04
   1.4221263e-04
   1.4220213e-04
   1.4219166e-04
   1.4218114e-04
   1.4217064e-04
   1.4216017e-04
   1.4214974e-04
   1.4213933e-04
   1.4212889e-04
   1.4211845e-04
   1.4210805e-04
   1.4209768e-04
   1.4208733e-04
   1.4207696e-04
   1.4206658e-04
   1.4205624e-04
   1.4204593e-04
   1.4203564e-04
   1.4202533e-04
   1.4201502e-04
   1.4200473e-04
   1.4199448e-04
   1.4198418e-04
   1.4197390e-04
   1.4196364e-04
   1.4195342e-04
   1.4194323e-04
   1.4193300e-04
   1.4192278e-04
   1.4191259e-04
   1.4190243e-04
   1.4189230e-04
   1.4188213e-04
   1.4187197e-04
   1.4186184e-04
   1.4185173e-04
   1.4184159e-04
   1.4183146e-04
   1.4182135e-04
   1.4181128e-04
   1.4180124e-04
   1.4179117e-04
   1.4178109e-04
   1.4177105e-04
   1.4176104e-04
   1.4175106e-04
   1.4174105e-04
   1.4173103e-04
   1.4172105e-04
   1.4171109e-04
   1.4170110e-04
   1.4169112e-04
   1.4168116e-04
   1.4167124e-04
   1.4166135e-04
   1.4165142e-04
   1.4164150e-04
   1.4163160e-04
   1.4162174e-04
   1.4161191e-04
   1.4160204e-04
   1.4159217e-04
   1.4158234e-04
   1.4157253e-04
   1.4156268e-04
   1.4155285e-04
   1.4154304e-04
   1.4153326e-04
   1.4152352e-04
   1.4151374e-04
   1.4150396e-04
   1.4149421e-04
   1.4148449e-04
   1.4147480e-04
   1.4146508e-04
   1.4145536e-04
   1.4144567e-04
   1.4143601e-04
   1.4142630e-04
   1.4141661e-04
   1.4140695e-04
   1.4139732e-04
   1.4138771e-04
   1.4137807e-04
   1.4136844e-04
   1.4135884e-04
   1.4134926e-04
   1.4133971e-04
   1.4133013e-04
   1.4132056e-04
   1.4131101e-04
   1.4130149e-04
   1.4129192e-04
   1.4128237e-04
   1.4127285e-04
   1.4126336e-04
   1.4125390e-04
   1.4124440e-04
   1.4123491e-04
   1.4122544e-04
   1.4121601e-04
   1.4120660e-04
   1.4119716e-04
   1.4118772e-04
   1.4117831e-04
   1.4116893e-04
   1.4115951e-04
   1.4115010e-04
   1.4114071e-04
   1.4113136e-04
   1.4112204e-04
   1.4111267e-04
   1.4110332e-04
   1.4109399e-04
   1.4108470e-04
   1.4107542e-04
   1.4106612e-04
   1.4105682e-04
   1.4104755e-04
   1.4103830e-04
   1.4102908e-04
   1.4101983e-04
   1.4101058e-04
   1.4100136e-04
   1.4099216e-04
   1.4098293e-04
   1.4097371e-04
   1.4096451e-04
   1.4095535e-04
   1.4094620e-04
   1.4093703e-04
   1.4092786e-04
   1.4091872e-04
   1.4090960e-04
   1.4090051e-04
   1.4089140e-04
   1.4088228e-04
   1.4087319e-04
   1.4086412e-04
   1.4085502e-04
   1.4084593e-04
   1.4083686e-04
   1.4082783e-04
   1.4081882e-04
   1.4080977e-04
   1.4080073e-04
   1.4079172e-04
   1.4078274e-04
   1.4077378e-04
   1.4076479e-04
   1.4075580e-04
   1.4074684e-04
   1.4073790e-04
   1.4072893e-04
   1.4071997e-04
   1.4071103e-04
   1.4070212e-04
   1.4069324e-04
   1.4068433e-04
   1.4067542e-04
   1.4066653e-04
   1.4065768e-04
   1.4064884e-04
   1.4063998e-04
   1.4063112e-04
   1.4062229e-04
   1.4061348e-04
   1.4060464e-04
   1.4059580e-04
   1.4058699e-04
   1.4057821e-04
   1.4056946e-04
   1.4056067e-04
   1.4055188e-04
   1.4054313e-04
   1.4053440e-04
   1.4052569e-04
   1.4051696e-04
   1.4050822e-04
   1.4049951e-04
   1.4049083e-04
   1.4048211e-04
   1.4047340e-04
   1.4046472e-04
   1.4045606e-04
   1.4044743e-04
   1.4043877e-04
   1.4043011e-04
   1.4042147e-04
   1.4041287e-04
   1.4040429e-04
   1.4039567e-04
   1.4038706e-04
   1.4037848e-04
   1.4036992e-04
   1.4036132e-04
   1.4035274e-04
   1.4034418e-04
   1.4033564e-04
   1.4032713e-04
   1.4031859e-04
   1.4031005e-04
   1.4030154e-04
   1.4029306e-04
   1.4028460e-04
   1.4027611e-04
   1.4026762e-04
   1.4025915e-04
   1.4025071e-04
   1.4024224e-04
   1.4023377e-04
   1.4022533e-04
   1.4021692e-04
   1.4020853e-04
   1.4020011e-04
   1.4019169e-04
   1.4018330e-04
   1.4017493e-04
   1.4016659e-04
   1.4015822e-04
   1.4014985e-04
   1.4014151e-04
   1.4013319e-04
   1.4012489e-04
   1.4011657e-04
   1.4010824e-04
   1.4009994e-04
   1.4009166e-04
   1.4008335e-04
   1.4007505e-04
   1.4006677e-04
   1.4005852e-04
   1.4005029e-04
   1.4004203e-04
   1.4003378e-04
   1.4002555e-04
   1.4001734e-04
   1.4000916e-04
   1.4000095e-04
   1.3999274e-04
   1.3998455e-04
   1.3997639e-04
   1.3996819e-04
   1.3996000e-04
   1.3995184e-04
   1.3994370e-04
   1.3993558e-04
   1.3992744e-04
   1.3991930e-04
   1.3991118e-04
   1.3990309e-04
   1.3989502e-04
   1.3988692e-04
   1.3987882e-04
   1.3987075e-04
   1.3986270e-04
   1.3985462e-04
   1.3984654e-04
   1.3983849e-04
   1.3983046e-04
   1.3982246e-04
   1.3981443e-04
   1.3980640e-04
   1.3979839e-04
   1.3979041e-04
   1.3978245e-04
   1.3977447e-04
   1.3976648e-04
   1.3975852e-04
   1.3975058e-04
   1.3974261e-04
   1.3973464e-04
   1.3972670e-04
   1.3971879e-04
   1.3971089e-04
   1.3970297e-04
   1.3969505e-04
   1.3968716e-04
   1.3967929e-04
   1.3967144e-04
   1.3966356e-04
   1.3965568e-04
   1.3964783e-04
   1.3964000e-04
   1.3963214e-04
   1.3962429e-04
   1.3961645e-04
   1.3960865e-04
   1.3960086e-04
   1.3959305e-04
   1.3958524e-04
   1.3957745e-04
   1.3956969e-04
   1.3956195e-04
   1.3955418e-04
   1.3954641e-04
   1.3953867e-04
   1.3953094e-04
   1.3952319e-04
   1.3951544e-04
   1.3950772e-04
   1.3950002e-04
   1.3949234e-04
   1.3948463e-04
   1.3947693e-04
   1.3946925e-04
   1.3946159e-04
   1.3945396e-04
   1.3944630e-04
   1.3943863e-04
   1.3943100e-04
   1.3942338e-04
   1.3941573e-04
   1.3940809e-04
   1.3940047e-04
   1.3939288e-04
   1.3938530e-04
   1.3937770e-04
   1.3937010e-04
   1.3936253e-04
   1.3935497e-04
   1.3934744e-04
   1.3933988e-04
   1.3933233e-04
   1.3932479e-04
   1.3931728e-04
   1.3930979e-04
   1.3930227e-04
   1.3929475e-04
   1.3928726e-04
   1.3927978e-04
   1.3927228e-04
   1.3926478e-04
   1.3925730e-04
   1.3924985e-04
   1.3924242e-04
   1.3923496e-04
   1.3922750e-04
   1.3922007e-04
   1.3921265e-04
   1.3920526e-04
   1.3919784e-04
   1.3919042e-04
   1.3918303e-04
   1.3917565e-04
   1.3916825e-04
   1.3916085e-04
   1.3915347e-04
   1.3914612e-04
   1.3913879e-04
   1.3913143e-04
   1.3912407e-04
   1.3911673e-04
   1.3910942e-04
   1.3910212e-04
   1.3909481e-04
   1.3908749e-04
   1.3908019e-04
   1.3907291e-04
   1.3906561e-04
   1.3905831e-04
   1.3905103e-04
   1.3904377e-04
   1.3903654e-04
   1.3902928e-04
   1.3902202e-04
   1.3901478e-04
   1.3900756e-04
   1.3900037e-04
   1.3899315e-04
   1.3898593e-04
   1.3897873e-04
   1.3897155e-04
   1.3896434e-04
   1.3895714e-04
   1.3894996e-04
   1.3894280e-04
   1.3893566e-04
   1.3892850e-04
   1.3892133e-04
   1.3891419e-04
   1.3890707e-04
   1.3889997e-04
   1.3889285e-04
   1.3888572e-04
   1.3887862e-04
   1.3887154e-04
   1.3886442e-04
   1.3885732e-04
   1.3885023e-04
   1.3884317e-04
   1.3883613e-04
   1.3882906e-04
   1.3882199e-04
   1.3881495e-04
   1.3880792e-04
   1.3880092e-04
   1.3879389e-04
   1.3878686e-04
   1.3877985e-04
   1.3877286e-04
   1.3876584e-04
   1.3875883e-04
   1.3875184e-04
   1.3874487e-04
   1.3873794e-04
   1.3873095e-04
   1.3872396e-04
   1.3871699e-04
   1.3871005e-04
   1.3870312e-04
   1.3869621e-04
   1.3868933e-04
   1.3868239e-04
   1.3867545e-04
   1.3866852e-04
   1.3866162e-04
   1.3865474e-04
   1.3864788e-04
   1.3864104e-04
   1.3863415e-04
   1.3862725e-04
   1.3862037e-04
   1.3861352e-04
   1.3860668e-04
   1.3859987e-04
   1.3859307e-04
   1.3858622e-04
   1.3857937e-04
   1.3857254e-04
   1.3856573e-04
   1.3855894e-04
   1.3855217e-04
   1.3854542e-04
   1.3853861e-04
   1.3853181e-04
   1.3852502e-04
   1.3851825e-04
   1.3851151e-04
   1.3850478e-04
   1.3849808e-04
   1.3849132e-04
   1.3848456e-04
   1.3847781e-04
   1.3847109e-04
   1.3846439e-04
   1.3845771e-04
   1.3845105e-04
   1.3844433e-04
   1.3843762e-04
   1.3843092e-04
   1.3842424e-04
   1.3841758e-04
   1.3841095e-04
   1.3840433e-04
   1.3839766e-04
   1.3839098e-04
   1.3838433e-04
   1.3837770e-04
   1.3837108e-04
   1.3836449e-04
   1.3835791e-04
   1.3835129e-04
   1.3834466e-04
   1.3833805e-04
   1.3833146e-04
   1.3832489e-04
   1.3831834e-04
   1.3831180e-04
   1.3830522e-04
   1.3829864e-04
   1.3829207e-04
   1.3828552e-04
   1.3827899e-04
   1.3827249e-04
   1.3826600e-04
   1.3825945e-04
   1.3825291e-04
   1.3824639e-04
   1.3823988e-04
   1.3823340e-04
   1.3822693e-04
   1.3822049e-04
   1.3821399e-04
   1.3820749e-04
   1.3820101e-04
   1.3819454e-04
   1.3818810e-04
   1.3818168e-04
   1.3817527e-04
   1.3816882e-04
   1.3816236e-04
   1.3815592e-04
   1.3814950e-04
   1.3814310e-04
   1.3813672e-04
   1.3813035e-04
   1.3812394e-04
   1.3811752e-04
   1.3811112e-04
   1.3810475e-04
   1.3809839e-04
   1.3809205e-04
   1.3808573e-04
   1.3807935e-04
   1.3807298e-04
   1.3806662e-04
   1.3806028e-04
   1.3805397e-04
   1.3804767e-04
   1.3804139e-04
   1.3803505e-04
   1.3802872e-04
   1.3802240e-04
   1.3801611e-04
   1.3800983e-04
   1.3800357e-04
   1.3799733e-04
   1.3799111e-04
   1.3798484e-04
   1.3797856e-04
   1.3797230e-04
   1.3796606e-04
   1.3795984e-04
   1.3795363e-04
   1.3794744e-04
   1.3794121e-04
   1.3793497e-04
   1.3792875e-04
   1.3792254e-04
   1.3791636e-04
   1.3791019e-04
   1.3790404e-04
   1.3789784e-04
   1.3789164e-04
   1.3788545e-04
   1.3787929e-04
   1.3787314e-04
   1.3786701e-04
   1.3786089e-04
   1.3785474e-04
   1.3784857e-04
   1.3784242e-04
   1.3783629e-04
   1.3783018e-04
   1.3782409e-04
   1.3781801e-04
   1.3781190e-04
   1.3780577e-04
   1.3779966e-04
   1.3779357e-04
   1.3778750e-04
   1.3778144e-04
   1.3777541e-04
   1.3776933e-04
   1.3776324e-04
   1.3775717e-04
   1.3775112e-04
   1.3774508e-04
   1.3773907e-04
   1.3773306e-04
   1.3772702e-04
   1.3772098e-04
   1.3771494e-04
   1.3770893e-04
   1.3770293e-04
   1.3769695e-04
   1.3769099e-04
   1.3768499e-04
   1.3767898e-04
   1.3767298e-04
   1.3766701e-04
   1.3766105e-04
   1.3765511e-04
   1.3764919e-04
   1.3764322e-04
   1.3763725e-04
   1.3763129e-04
   1.3762535e-04
   1.3761943e-04
   1.3761353e-04
   1.3760764e-04
   1.3760172e-04
   1.3759578e-04
   1.3758986e-04
   1.3758396e-04
   1.3757808e-04
   1.3757221e-04
   1.3756636e-04
   1.3756047e-04
   1.3755458e-04
   1.3754870e-04
   1.3754283e-04
   1.3753699e-04
   1.3753116e-04
   1.3752534e-04
   1.3751949e-04
   1.3751363e-04
   1.3750779e-04
   1.3750196e-04
   1.3749615e-04
   1.3749036e-04
   1.3748459e-04
   1.3747877e-04
   1.3747295e-04
   1.3746714e-04
   1.3746135e-04
   1.3745558e-04
   1.3744982e-04
   1.3744408e-04
   1.3743830e-04
   1.3743252e-04
   1.3742675e-04
   1.3742099e-04
   1.3741526e-04
   1.3740954e-04
   1.3740383e-04
   1.3739809e-04
   1.3739234e-04
   1.3738661e-04
   1.3738089e-04
   1.3737519e-04
   1.3736951e-04
   1.3736384e-04
   1.3735813e-04
   1.3735242e-04
   1.3734672e-04
   1.3734104e-04
   1.3733537e-04
   1.3732973e-04
   1.3732409e-04
   1.3731842e-04
   1.3731274e-04
   1.3730708e-04
   1.3730144e-04
   1.3729581e-04
   1.3729020e-04
   1.3728460e-04
   1.3727896e-04
   1.3727332e-04
   1.3726769e-04
   1.3726208e-04
   1.3725649e-04
   1.3725091e-04
   1.3724535e-04
   1.3723975e-04
   1.3723414e-04
   1.3722855e-04
   1.3722297e-04
   1.3721741e-04
   1.3721187e-04
   1.3720635e-04
   1.3720078e-04
   1.3719521e-04
   1.3718965e-04
   1.3718411e-04
   1.3717858e-04
   1.3717308e-04
   1.3716758e-04
   1.3716205e-04
   1.3715651e-04
   1.3715099e-04
   1.3714548e-04
   1.3714000e-04
   1.3713452e-04
   1.3712906e-04
   1.3712356e-04
   1.3711806e-04
   1.3711257e-04
   1.3710710e-04
   1.3710165e-04
   1.3709621e-04
   1.3709078e-04
   1.3708532e-04
   1.3707985e-04
   1.3707439e-04
   1.3706896e-04
   1.3706353e-04
   1.3705813e-04
   1.3705274e-04
   1.3704731e-04
   1.3704187e-04
   1.3703645e-04
   1.3703105e-04
   1.3702566e-04
   1.3702029e-04
   1.3701493e-04
   1.3700953e-04
   1.3700413e-04
   1.3699874e-04
   1.3699337e-04
   1.3698802e-04
   1.3698268e-04
   1.3697735e-04
   1.3697199e-04
   1.3696662e-04
   1.3696127e-04
   1.3695593e-04
   1.3695061e-04
   1.3694530e-04
   1.3694001e-04
   1.3693468e-04
   1.3692934e-04
   1.3692402e-04
   1.3691872e-04
   1.3691343e-04
   1.3690815e-04
   1.3690289e-04
   1.3689759e-04
   1.3689229e-04
   1.3688700e-04
   1.3688173e-04
   1.3687647e-04
   1.3687123e-04
   1.3686601e-04
   1.3686074e-04
   1.3685547e-04
   1.3685021e-04
   1.3684497e-04
   1.3683975e-04
   1.3683454e-04
   1.3682935e-04
   1.3682411e-04
   1.3681887e-04
   1.3681365e-04
   1.3680844e-04
   1.3680325e-04
   1.3679807e-04
   1.3679291e-04
   1.3678771e-04
   1.3678250e-04
   1.3677731e-04
   1.3677213e-04
   1.3676697e-04
   1.3676183e-04
   1.3675670e-04
   1.3675152e-04
   1.3674635e-04
   1.3674119e-04
   1.3673605e-04
   1.3673092e-04
   1.3672580e-04
   1.3672070e-04
   1.3671556e-04
   1.3671042e-04
   1.3670529e-04
   1.3670018e-04
   1.3669508e-04
   1.3669000e-04
   1.3668493e-04
   1.3667982e-04
   1.3667471e-04
   1.3666961e-04
   1.3666453e-04
   1.3665946e-04
   1.3665441e-04
   1.3664937e-04
   1.3664429e-04
   1.3663921e-04
   1.3663415e-04
   1.3662910e-04
   1.3662406e-04
   1.3661904e-04
   1.3661403e-04
   1.3660898e-04
   1.3660394e-04
   1.3659890e-04
   1.3659388e-04
   1.3658887e-04
   1.3658388e-04
   1.3657891e-04
   1.3657389e-04
   1.3656887e-04
   1.3656387e-04
   1.3655888e-04
   1.3655390e-04
   1.3654894e-04
   1.3654399e-04
   1.3653900e-04
   1.3653402e-04
   1.3652904e-04
   1.3652408e-04
   1.3651914e-04
   1.3651421e-04
   1.3650929e-04
   1.3650433e-04
   1.3649937e-04
   1.3649443e-04
   1.3648950e-04
   1.3648458e-04
   1.3647968e-04
   1.3647479e-04
   1.3646987e-04
   1.3646494e-04
   1.3646002e-04
   1.3645512e-04
   1.3645024e-04
   1.3644537e-04
   1.3644051e-04
   1.3643561e-04
   1.3643071e-04
   1.3642583e-04
   1.3642096e-04
   1.3641610e-04
   1.3641126e-04
   1.3640643e-04
   1.3640156e-04
   1.3639669e-04
   1.3639183e-04
   1.3638699e-04
   1.3638217e-04
   1.3637735e-04
   1.3637255e-04
   1.3636771e-04
   1.3636287e-04
   1.3635804e-04
   1.3635323e-04
   1.3634843e-04
   1.3634365e-04
   1.3633888e-04
   1.3633407e-04
   1.3632926e-04
   1.3632446e-04
   1.3631967e-04
   1.3631491e-04
   1.3631015e-04
   1.3630541e-04
   1.3630068e-04
   1.3629591e-04
   1.3629114e-04
   1.3628638e-04
   1.3628164e-04
   1.3627691e-04
   1.3627219e-04
   1.3626748e-04
   1.3626274e-04
   1.3625800e-04
   1.3625326e-04
   1.3624854e-04
   1.3624384e-04
   1.3623915e-04
   1.3623447e-04
   1.3622975e-04
   1.3622503e-04
   1.3622033e-04
   1.3621563e-04
   1.3621096e-04
   1.3620629e-04
   1.3620164e-04
   1.3619695e-04
   1.3619226e-04
   1.3618758e-04
   1.3618291e-04
   1.3617826e-04
   1.3617362e-04
   1.3616899e-04
   1.3616433e-04
   1.3615967e-04
   1.3615502e-04
   1.3615038e-04
   1.3614575e-04
   1.3614114e-04
   1.3613654e-04
   1.3613191e-04
   1.3612727e-04
   1.3612264e-04
   1.3611803e-04
   1.3611343e-04
   1.3610885e-04
   1.3610427e-04
   1.3609967e-04
   1.3609506e-04
   1.3609046e-04
   1.3608588e-04
   1.3608130e-04
   1.3607675e-04
   1.3607220e-04
   1.3606762e-04
   1.3606304e-04
   1.3605847e-04
   1.3605391e-04
   1.3604936e-04
   1.3604483e-04
   1.3604031e-04
   1.3603576e-04
   1.3603120e-04
   1.3602666e-04
   1.3602213e-04
   1.3601761e-04
   1.3601310e-04
   1.3600861e-04
   1.3600409e-04
   1.3599956e-04
   1.3599504e-04
   1.3599053e-04
   1.3598604e-04
   1.3598156e-04
   1.3597710e-04
   1.3597260e-04
   1.3596810e-04
   1.3596360e-04
   1.3595913e-04
   1.3595466e-04
   1.3595021e-04
   1.3594577e-04
   1.3594130e-04
   1.3593682e-04
   1.3593235e-04
   1.3592790e-04
   1.3592346e-04
   1.3591904e-04
   1.3591462e-04
   1.3591018e-04
   1.3590573e-04
   1.3590129e-04
   1.3589686e-04
   1.3589245e-04
   1.3588805e-04
   1.3588366e-04
   1.3587924e-04
   1.3587481e-04
   1.3587040e-04
   1.3586600e-04
   1.3586161e-04
   1.3585724e-04
   1.3585288e-04
   1.3584848e-04
   1.3584412e-04
   1.3583976e-04
   1.3583541e-04
   1.3583106e-04
   1.3582671e-04
   1.3582236e-04
   1.3581801e-04
   1.3581367e-04
   1.3580933e-04
   1.3580500e-04
   1.3580067e-04
   1.3579634e-04
   1.3579201e-04
   1.3578769e-04
   1.3578336e-04
   1.3577905e-04
   1.3577473e-04
   1.3577042e-04
   1.3576611e-04
   1.3576181e-04
   1.3575751e-04
