   1.1404692e-02
   1.1380677e-02
   1.1356725e-02
   1.1332835e-02
   1.1309008e-02
   1.1285243e-02
   1.1261540e-02
   1.1237899e-02
   1.1214320e-02
   1.1190803e-02
   1.1167347e-02
   1.1143952e-02
   1.1120619e-02
   1.1097346e-02
   1.1074134e-02
   1.1050983e-02
   1.1027892e-02
   1.1004862e-02
   1.0981892e-02
   1.0958982e-02
   1.0936131e-02
   1.0913341e-02
   1.0890610e-02
   1.0867938e-02
   1.0845326e-02
   1.0822772e-02
   1.0800278e-02
   1.0777842e-02
   1.0755465e-02
   1.0733147e-02
   1.0710887e-02
   1.0688685e-02
   1.0666541e-02
   1.0644454e-02
   1.0622426e-02
   1.0600455e-02
   1.0578541e-02
   1.0556685e-02
   1.0534886e-02
   1.0513144e-02
   1.0491458e-02
   1.0469829e-02
   1.0448257e-02
   1.0426741e-02
   1.0405281e-02
   1.0383878e-02
   1.0362530e-02
   1.0341238e-02
   1.0320002e-02
   1.0298821e-02
   1.0277695e-02
   1.0256625e-02
   1.0235609e-02
   1.0214649e-02
   1.0193743e-02
   1.0172892e-02
   1.0152095e-02
   1.0131353e-02
   1.0110665e-02
   1.0090031e-02
   1.0069451e-02
   1.0048924e-02
   1.0028452e-02
   1.0008032e-02
   9.9876661e-03
   9.9673533e-03
   9.9470936e-03
   9.9268867e-03
   9.9067326e-03
   9.8866312e-03
   9.8665823e-03
   9.8465857e-03
   9.8266413e-03
   9.8067491e-03
   9.7869088e-03
   9.7671203e-03
   9.7473835e-03
   9.7276982e-03
   9.7080644e-03
   9.6884818e-03
   9.6689504e-03
   9.6494699e-03
   9.6300404e-03
   9.6106616e-03
   9.5913334e-03
   9.5720556e-03
   9.5528282e-03
   9.5336511e-03
   9.5145240e-03
   9.4954468e-03
   9.4764195e-03
   9.4574418e-03
   9.4385137e-03
   9.4196351e-03
   9.4008057e-03
   9.3820255e-03
   9.3632944e-03
   9.3446121e-03
   9.3259786e-03
   9.3073938e-03
   9.2888575e-03
   9.2704928e-03
   1.0494419e-02
   1.1685753e-02
   1.2846917e-02
   1.3981629e-02
   1.5092140e-02
   1.6180960e-02
   1.7250038e-02
   1.8301402e-02
   1.9337093e-02
   2.0359036e-02
   2.1369148e-02
   2.2369480e-02
   2.3362031e-02
   2.4348766e-02
   2.5332897e-02
   2.6317145e-02
   2.7304855e-02
   2.8300186e-02
   2.9310321e-02
   3.0341256e-02
   3.1404184e-02
   3.2513169e-02
   3.3688244e-02
   3.4960902e-02
   3.6376950e-02
   3.8010741e-02
   3.9992663e-02
   4.2557320e-02
   4.6155427e-02
   5.1607290e-02
   5.9329640e-02
   5.5233397e-02
   3.4771569e-02
   2.7475494e-02
   4.9910139e-02
   1.1491843e-01
   1.9680661e-01
   2.8371131e-01
   3.7144154e-01
   4.5866916e-01
   5.4508766e-01
   6.3072707e-01
   7.1570647e-01
   8.0014694e-01
   8.8414684e-01
   9.6777456e-01
   1.0510696e+00
   1.1340491e+00
   1.2167070e+00
   1.2990224e+00
   1.4238330e+00
   1.5533488e+00
   1.6873326e+00
   1.8239679e+00
   1.9629282e+00
   2.1038846e+00
   2.2465089e+00
   2.3904777e+00
   2.5354752e+00
   2.6811953e+00
   2.8273463e+00
   2.9736498e+00
   3.1198447e+00
   3.2656870e+00
   3.4109496e+00
   3.5554241e+00
   3.6989202e+00
   3.8412657e+00
   3.9823060e+00
   4.1219040e+00
   4.2599381e+00
   4.3963040e+00
   4.5309117e+00
   4.6636842e+00
   4.7945593e+00
   4.9234856e+00
   5.0504227e+00
   5.1753420e+00
   5.2982225e+00
   5.4190532e+00
   5.5378301e+00
   5.6545561e+00
   5.7692401e+00
   5.8818966e+00
   5.9925454e+00
   6.1012082e+00
   6.2079138e+00
   6.3126906e+00
   6.4155733e+00
   6.5165956e+00
   6.6157947e+00
   6.7132087e+00
   6.8088768e+00
   6.9028393e+00
   6.9951351e+00
   7.0858076e+00
   7.1748975e+00
   7.2624467e+00
   7.3484961e+00
   7.4330858e+00
   7.5162571e+00
   7.5980485e+00
   7.6785014e+00
   7.7576541e+00
   7.8355445e+00
   7.9122087e+00
   7.9876845e+00
   8.0620071e+00
   8.1352111e+00
   8.2073300e+00
   8.2783971e+00
   8.3484441e+00
   8.4175022e+00
   8.4856017e+00
   8.5527717e+00
   8.6190405e+00
   8.6844350e+00
   8.7489824e+00
   8.8127084e+00
   8.8756376e+00
   8.9377934e+00
   8.9992002e+00
   9.0598797e+00
   9.1198538e+00
   9.1791436e+00
   9.2377683e+00
   9.2957482e+00
   9.3531016e+00
   9.4098461e+00
   9.4660000e+00
   9.5215801e+00
   9.5766020e+00
   9.6310814e+00
   9.6850330e+00
   9.7384712e+00
   9.7914100e+00
   9.8438631e+00
   9.8958438e+00
   9.9473636e+00
   9.9984348e+00
   1.0049069e+01
   1.0099278e+01
   1.0149071e+01
   1.0198460e+01
   1.0247454e+01
   1.0296064e+01
   1.0344297e+01
   1.0392164e+01
   1.0439672e+01
   1.0486831e+01
   1.0533648e+01
   1.0580132e+01
   1.0626289e+01
   1.0672127e+01
   1.0717654e+01
   1.0762875e+01
   1.0807798e+01
   1.0852429e+01
   1.0896775e+01
   1.0940841e+01
   1.0984632e+01
   1.1028156e+01
   1.1071417e+01
   1.1114421e+01
   1.1157173e+01
   1.1199678e+01
   1.1241940e+01
   1.1283966e+01
   1.1325761e+01
   1.1367328e+01
   1.1408671e+01
   1.1449796e+01
   1.1490707e+01
   1.1531407e+01
   1.1571901e+01
   1.1612194e+01
   1.1652290e+01
   1.1692191e+01
   1.1731903e+01
   1.1771429e+01
   1.1810772e+01
   1.1849936e+01
   1.1888925e+01
   1.1927743e+01
   1.1966394e+01
   1.2004882e+01
   1.2043208e+01
   1.2081377e+01
   1.2119392e+01
   1.2157256e+01
   1.2194973e+01
   1.2232547e+01
   1.2269981e+01
   1.2307277e+01
   1.2344440e+01
   1.2381474e+01
   1.2418380e+01
   1.2455161e+01
   1.2491822e+01
   1.2528366e+01
   1.2564796e+01
   1.2601115e+01
   1.2637325e+01
   1.2673431e+01
   1.2709436e+01
   1.2745344e+01
   1.2781156e+01
   1.2816877e+01
   1.2852511e+01
   1.2888060e+01
   1.2923529e+01
   1.2958918e+01
   1.2994232e+01
   1.3029475e+01
   1.3064649e+01
   1.3099758e+01
   1.3134806e+01
   1.3169795e+01
   1.3204730e+01
   1.3239614e+01
   1.3274449e+01
   1.3309239e+01
   1.3343989e+01
   1.3378701e+01
   1.3413378e+01
   1.3448025e+01
   1.3482645e+01
   1.3517241e+01
   1.3551817e+01
   1.3586377e+01
   1.3620924e+01
   1.3655462e+01
   1.3689994e+01
   1.3724524e+01
   1.3759057e+01
   1.3793593e+01
   1.3828138e+01
   1.3862696e+01
   1.3897270e+01
   1.3931864e+01
   1.3966481e+01
   1.4001124e+01
   1.4035798e+01
   1.4070506e+01
   1.4105250e+01
   1.4140036e+01
   1.4174865e+01
   1.4209742e+01
   1.4244668e+01
   1.4279649e+01
   1.4314686e+01
   1.4349782e+01
   1.4384942e+01
   1.4420166e+01
   1.4455458e+01
   1.4490821e+01
   1.4526256e+01
   1.4561766e+01
   1.4597354e+01
   1.4633020e+01
   1.4668766e+01
   1.4704594e+01
   1.4740505e+01
   1.4776500e+01
   1.4812579e+01
   1.4848743e+01
   1.4884992e+01
   1.4921325e+01
   1.4957742e+01
   1.4994243e+01
   1.5030826e+01
   1.5067489e+01
   1.5104230e+01
   1.5141048e+01
   1.5177940e+01
   1.5214902e+01
   1.5251931e+01
   1.5289025e+01
   1.5326177e+01
   1.5363385e+01
   1.5400644e+01
   1.5437948e+01
   1.5475293e+01
   1.5512671e+01
   1.5550079e+01
   1.5587509e+01
   1.5624955e+01
   1.5662410e+01
   1.5699868e+01
   1.5737322e+01
   1.5774765e+01
   1.5812190e+01
   1.5849590e+01
   1.5886957e+01
   1.5924284e+01
   1.5961564e+01
   1.5998790e+01
   1.6035956e+01
   1.6073054e+01
   1.6110077e+01
   1.6147019e+01
   1.6183873e+01
   1.6220634e+01
   1.6257295e+01
   1.6293851e+01
   1.6330296e+01
   1.6366624e+01
   1.6402832e+01
   1.6438913e+01
   1.6474864e+01
   1.6510680e+01
   1.6546357e+01
   1.6581893e+01
   1.6617282e+01
   1.6652524e+01
   1.6687613e+01
   1.6722548e+01
   1.6757327e+01
   1.6791948e+01
   1.6826408e+01
   1.6860705e+01
   1.6894840e+01
   1.6928809e+01
   1.6962613e+01
   1.6996250e+01
   1.7029720e+01
   1.7063022e+01
   1.7096157e+01
   1.7129123e+01
   1.7161920e+01
   1.7194550e+01
   1.7227012e+01
   1.7259306e+01
   1.7291432e+01
   1.7323392e+01
   1.7355186e+01
   1.7386815e+01
   1.7418279e+01
   1.7449580e+01
   1.7480717e+01
   1.7511693e+01
   1.7542507e+01
   1.7573162e+01
   1.7603659e+01
   1.7633997e+01
   1.7664180e+01
   1.7694207e+01
   1.7724079e+01
   1.7753800e+01
   1.7783368e+01
   1.7812787e+01
   1.7842056e+01
   1.7871178e+01
   1.7900153e+01
   1.7928983e+01
   1.7957669e+01
   1.7986213e+01
   1.8014616e+01
   1.8042878e+01
   1.8071002e+01
   1.8098988e+01
   1.8126839e+01
   1.8154554e+01
   1.8182136e+01
   1.8209586e+01
   1.8236904e+01
   1.8264093e+01
   1.8291153e+01
   1.8318085e+01
   1.8344892e+01
   1.8371573e+01
   1.8398130e+01
   1.8424565e+01
   1.8450877e+01
   1.8477070e+01
   1.8503143e+01
   1.8529098e+01
   1.8554936e+01
   1.8580657e+01
   1.8606264e+01
   1.8631757e+01
   1.8657137e+01
   1.8682405e+01
   1.8707562e+01
   1.8732609e+01
   1.8757548e+01
   1.8782378e+01
   1.8807102e+01
   1.8831720e+01
   1.8856233e+01
   1.8880641e+01
   1.8904947e+01
   1.8929150e+01
   1.8953253e+01
   1.8977254e+01
   1.9001156e+01
   1.9024960e+01
   1.9048666e+01
   1.9072275e+01
   1.9095787e+01
   1.9119205e+01
   1.9142528e+01
   1.9165758e+01
   1.9188894e+01
   1.9211939e+01
   1.9234892e+01
   1.9257756e+01
   1.9280529e+01
   1.9303214e+01
   1.9325810e+01
   1.9348319e+01
   1.9370742e+01
   1.9393078e+01
   1.9415330e+01
   1.9437497e+01
   1.9459580e+01
   1.9481580e+01
   1.9503499e+01
   1.9525335e+01
   1.9547091e+01
   1.9568766e+01
   1.9590362e+01
   1.9611879e+01
   1.9633317e+01
   1.9654679e+01
   1.9675963e+01
   1.9697171e+01
   1.9718304e+01
   1.9739361e+01
   1.9760344e+01
   1.9781254e+01
   1.9802090e+01
   1.9822854e+01
   1.9843546e+01
   1.9864167e+01
   1.9884717e+01
   1.9905197e+01
   1.9925608e+01
   1.9945949e+01
   1.9966223e+01
   1.9986429e+01
   2.0006567e+01
   2.0026639e+01
   2.0046645e+01
   2.0066585e+01
   2.0086461e+01
   2.0106272e+01
   2.0126019e+01
   2.0145703e+01
   2.0165324e+01
   2.0184883e+01
   2.0204380e+01
   2.0223816e+01
   2.0243191e+01
   2.0262506e+01
   2.0281761e+01
   2.0300958e+01
   2.0320095e+01
   2.0339175e+01
   2.0358196e+01
   2.0377161e+01
   2.0396068e+01
   2.0414920e+01
   2.0433716e+01
   2.0452456e+01
   2.0471142e+01
   2.0489773e+01
   2.0508350e+01
   2.0526874e+01
   2.0545345e+01
   2.0563763e+01
   2.0582129e+01
   2.0600443e+01
   2.0618707e+01
   2.0636919e+01
   2.0655081e+01
   2.0673193e+01
   2.0691256e+01
   2.0709269e+01
   2.0727234e+01
   2.0745150e+01
   2.0763019e+01
   2.0780840e+01
   2.0798614e+01
   2.0816341e+01
   2.0834022e+01
   2.0851657e+01
   2.0869246e+01
   2.0886791e+01
   2.0904290e+01
   2.0921746e+01
   2.0939157e+01
   2.0956525e+01
   2.0973849e+01
   2.0991130e+01
   2.1008369e+01
   2.1025566e+01
   2.1042721e+01
   2.1059835e+01
   2.1076907e+01
   2.1093938e+01
   2.1110930e+01
   2.1127881e+01
   2.1144792e+01
   2.1161664e+01
   2.1178497e+01
   2.1195291e+01
   2.1212046e+01
   2.1228764e+01
   2.1245443e+01
   2.1262086e+01
   2.1278691e+01
   2.1295259e+01
   2.1311791e+01
   2.1328286e+01
   2.1344746e+01
   2.1361170e+01
   2.1377558e+01
   2.1393912e+01
   2.1410231e+01
   2.1426515e+01
   2.1442765e+01
   2.1458982e+01
   2.1475165e+01
   2.1491314e+01
   2.1507431e+01
   2.1523515e+01
   2.1539566e+01
   2.1555585e+01
   2.1571572e+01
   2.1587528e+01
   2.1603452e+01
   2.1619345e+01
   2.1635207e+01
   2.1651039e+01
   2.1666840e+01
   2.1682611e+01
   2.1698352e+01
   2.1714064e+01
   2.1729746e+01
   2.1745400e+01
   2.1761024e+01
   2.1776620e+01
   2.1792187e+01
   2.1807726e+01
   2.1823238e+01
   2.1838721e+01
   2.1854178e+01
   2.1869607e+01
   2.1885009e+01
   2.1900384e+01
   2.1915733e+01
   2.1931055e+01
   2.1946352e+01
   2.1961622e+01
   2.1976867e+01
   2.1992087e+01
   2.2007281e+01
   2.2022450e+01
   2.2037595e+01
   2.2052714e+01
   2.2067810e+01
   2.2082881e+01
   2.2097929e+01
   2.2112952e+01
   2.2127952e+01
   2.2142929e+01
   2.2157882e+01
   2.2172813e+01
   2.2187720e+01
   2.2202605e+01
   2.2217468e+01
   2.2232308e+01
   2.2247127e+01
   2.2261923e+01
   2.2276698e+01
   2.2291452e+01
   2.2306184e+01
   2.2320895e+01
   2.2335585e+01
   2.2350254e+01
   2.2364903e+01
   2.2379531e+01
   2.2394139e+01
   2.2408727e+01
   2.2423295e+01
   2.2437843e+01
   2.2452372e+01
   2.2466881e+01
   2.2481372e+01
   2.2495843e+01
   2.2510295e+01
   2.2524728e+01
   2.2539143e+01
   2.2553539e+01
   2.2567918e+01
   2.2582278e+01
   2.2596620e+01
   2.2610944e+01
   2.2625250e+01
   2.2639540e+01
   2.2653811e+01
   2.2668066e+01
   2.2682303e+01
   2.2696524e+01
   2.2710728e+01
   2.2724915e+01
   2.2739086e+01
   2.2753240e+01
   2.2767378e+01
   2.2781500e+01
   2.2795607e+01
   2.2809697e+01
   2.2823772e+01
   2.2837831e+01
   2.2851875e+01
   2.2865904e+01
   2.2879918e+01
   2.2893916e+01
   2.2907900e+01
   2.2921869e+01
   2.2935824e+01
   2.2949764e+01
   2.2963690e+01
   2.2977601e+01
   2.2991499e+01
   2.3005382e+01
   2.3019252e+01
   2.3033108e+01
   2.3046950e+01
   2.3060779e+01
   2.3074595e+01
   2.3088398e+01
   2.3102187e+01
   2.3115963e+01
   2.3129727e+01
   2.3143477e+01
   2.3157216e+01
   2.3170941e+01
   2.3184654e+01
   2.3198355e+01
   2.3212044e+01
   2.3225720e+01
   2.3239385e+01
   2.3253038e+01
   2.3266679e+01
   2.3280308e+01
   2.3293926e+01
   2.3307533e+01
   2.3321128e+01
   2.3334712e+01
   2.3348285e+01
   2.3361846e+01
   2.3375397e+01
   2.3388937e+01
   2.3402467e+01
   2.3415985e+01
   2.3429494e+01
   2.3442991e+01
   2.3456479e+01
   2.3469956e+01
   2.3483424e+01
   2.3496881e+01
   2.3510328e+01
   2.3523765e+01
   2.3537193e+01
   2.3550611e+01
   2.3564020e+01
   2.3577419e+01
   2.3590808e+01
   2.3604189e+01
   2.3617560e+01
   2.3630922e+01
   2.3644275e+01
   2.3657620e+01
   2.3670955e+01
   2.3684282e+01
   2.3697599e+01
   2.3710909e+01
   2.3724210e+01
   2.3737502e+01
   2.3750786e+01
   2.3764062e+01
   2.3777330e+01
   2.3790590e+01
   2.3803842e+01
   2.3817086e+01
   2.3830322e+01
   2.3843550e+01
   2.3856770e+01
   2.3869983e+01
   2.3883189e+01
   2.3896387e+01
   2.3909578e+01
   2.3922761e+01
   2.3935937e+01
   2.3949107e+01
   2.3962269e+01
   2.3975424e+01
   2.3988572e+01
   2.4001713e+01
   2.4014848e+01
   2.4027976e+01
   2.4041097e+01
   2.4054212e+01
   2.4067320e+01
   2.4080422e+01
   2.4093518e+01
   2.4106607e+01
   2.4119690e+01
   2.4132767e+01
   2.4145838e+01
   2.4158903e+01
   2.4171962e+01
   2.4185016e+01
   2.4198063e+01
   2.4211105e+01
   2.4224141e+01
   2.4237171e+01
   2.4250196e+01
   2.4263216e+01
   2.4276230e+01
   2.4289239e+01
   2.4302242e+01
   2.4315240e+01
   2.4328234e+01
   2.4341222e+01
   2.4354205e+01
   2.4367183e+01
   2.4380156e+01
   2.4393124e+01
   2.4406088e+01
   2.4419047e+01
   2.4432001e+01
   2.4444951e+01
   2.4457896e+01
   2.4470836e+01
   2.4483772e+01
   2.4496704e+01
   2.4509631e+01
   2.4522555e+01
   2.4535474e+01
   2.4548388e+01
   2.4561299e+01
   2.4574206e+01
   2.4587108e+01
   2.4600007e+01
   2.4612902e+01
   2.4625793e+01
   2.4638680e+01
   2.4651563e+01
   2.4664443e+01
   2.4677319e+01
   2.4690192e+01
   2.4703061e+01
   2.4715926e+01
   2.4728788e+01
   2.4741647e+01
   2.4754503e+01
   2.4767355e+01
   2.4780204e+01
   2.4793049e+01
   2.4805892e+01
   2.4818731e+01
   2.4831568e+01
   2.4844401e+01
   2.4857232e+01
   2.4870059e+01
   2.4882884e+01
   2.4895706e+01
   2.4908525e+01
   2.4921341e+01
   2.4934155e+01
   2.4946966e+01
   2.4959775e+01
   2.4972580e+01
   2.4985384e+01
   2.4998185e+01
   2.5010983e+01
   2.5023779e+01
   2.5036573e+01
   2.5049365e+01
   2.5062154e+01
   2.5074941e+01
   2.5087726e+01
   2.5100508e+01
   2.5113289e+01
   2.5126067e+01
   2.5138844e+01
   2.5151618e+01
   2.5164391e+01
   2.5177162e+01
   2.5189930e+01
   2.5202697e+01
   2.5215463e+01
   2.5228226e+01
   2.5240988e+01
   2.5253748e+01
   2.5266506e+01
   2.5279263e+01
   2.5292018e+01
   2.5304771e+01
   2.5317523e+01
   2.5330274e+01
   2.5343023e+01
   2.5355771e+01
   2.5368517e+01
   2.5381262e+01
   2.5394006e+01
   2.5406749e+01
   2.5419490e+01
   2.5432230e+01
   2.5444969e+01
   2.5457706e+01
   2.5470443e+01
   2.5483179e+01
   2.5495913e+01
   2.5508646e+01
   2.5521379e+01
   2.5534110e+01
   2.5546841e+01
   2.5559571e+01
   2.5572299e+01
   2.5585027e+01
   2.5597755e+01
   2.5610481e+01
   2.5623206e+01
   2.5635931e+01
   2.5648656e+01
   2.5661379e+01
   2.5674102e+01
   2.5686824e+01
   2.5699546e+01
   2.5712267e+01
   2.5724988e+01
   2.5737708e+01
   2.5750427e+01
   2.5763146e+01
   2.5775865e+01
   2.5788583e+01
   2.5801301e+01
   2.5814019e+01
   2.5826736e+01
   2.5839453e+01
   2.5852170e+01
   2.5864886e+01
   2.5877602e+01
   2.5890318e+01
   2.5903034e+01
   2.5915749e+01
   2.5928465e+01
   2.5941180e+01
   2.5953895e+01
   2.5966610e+01
   2.5979326e+01
   2.5992041e+01
   2.6004756e+01
   2.6017471e+01
   2.6030186e+01
   2.6042901e+01
   2.6055616e+01
   2.6068331e+01
   2.6081047e+01
   2.6093762e+01
   2.6106478e+01
   2.6119194e+01
   2.6131910e+01
   2.6144626e+01
   2.6157343e+01
   2.6170060e+01
   2.6182777e+01
   2.6195494e+01
   2.6208212e+01
   2.6220930e+01
   2.6233648e+01
   2.6246367e+01
   2.6259086e+01
   2.6271805e+01
   2.6284525e+01
   2.6297245e+01
   2.6309966e+01
   2.6322687e+01
   2.6335409e+01
   2.6348131e+01
   2.6360853e+01
   2.6373577e+01
   2.6386300e+01
   2.6399025e+01
   2.6411749e+01
   2.6424475e+01
   2.6437201e+01
   2.6449928e+01
   2.6462655e+01
   2.6475383e+01
   2.6488111e+01
   2.6500841e+01
   2.6513571e+01
   2.6526301e+01
   2.6539033e+01
   2.6551765e+01
   2.6564497e+01
   2.6577231e+01
   2.6589965e+01
   2.6602701e+01
   2.6615436e+01
   2.6628173e+01
   2.6640911e+01
   2.6653649e+01
   2.6666388e+01
   2.6679128e+01
   2.6691869e+01
   2.6704611e+01
   2.6717354e+01
   2.6730097e+01
   2.6742842e+01
   2.6755587e+01
   2.6768333e+01
   2.6781080e+01
   2.6793829e+01
   2.6806578e+01
   2.6819328e+01
   2.6832079e+01
   2.6844831e+01
   2.6857584e+01
   2.6870338e+01
   2.6883093e+01
   2.6895849e+01
   2.6908606e+01
   2.6921364e+01
   2.6934124e+01
   2.6946884e+01
   2.6959645e+01
   2.6972408e+01
   2.6985171e+01
   2.6997936e+01
   2.7010701e+01
   2.7023468e+01
   2.7036236e+01
   2.7049005e+01
   2.7061775e+01
   2.7074546e+01
   2.7087319e+01
   2.7100092e+01
   2.7112867e+01
   2.7125643e+01
   2.7138420e+01
   2.7151198e+01
   2.7163977e+01
   2.7176758e+01
   2.7189540e+01
   2.7202323e+01
   2.7215107e+01
   2.7227892e+01
   2.7240679e+01
   2.7253466e+01
   2.7266255e+01
   2.7279046e+01
   2.7291837e+01
   2.7304630e+01
   2.7317424e+01
   2.7330219e+01
   2.7343015e+01
   2.7355813e+01
   2.7368612e+01
   2.7381412e+01
   2.7394213e+01
   2.7407016e+01
   2.7419820e+01
   2.7432625e+01
   2.7445432e+01
   2.7458239e+01
   2.7471048e+01
   2.7483859e+01
   2.7496670e+01
   2.7509483e+01
   2.7522298e+01
   2.7535113e+01
   2.7547930e+01
   2.7560748e+01
   2.7573567e+01
   2.7586388e+01
   2.7599210e+01
   2.7612033e+01
   2.7624858e+01
   2.7637684e+01
   2.7650511e+01
   2.7663340e+01
   2.7676170e+01
   2.7689001e+01
   2.7701834e+01
   2.7714668e+01
   2.7727503e+01
   2.7740339e+01
   2.7753177e+01
   2.7766016e+01
   2.7778857e+01
   2.7791698e+01
   2.7804542e+01
   2.7817386e+01
   2.7830232e+01
   2.7843079e+01
   2.7855927e+01
   2.7868777e+01
   2.7881628e+01
   2.7894481e+01
   2.7907334e+01
   2.7920189e+01
   2.7933046e+01
   2.7945903e+01
   2.7958762e+01
   2.7971623e+01
   2.7984484e+01
   2.7997347e+01
   2.8010211e+01
   2.8023077e+01
   2.8035944e+01
   2.8048812e+01
   2.8061682e+01
   2.8074553e+01
   2.8087425e+01
   2.8100298e+01
   2.8113173e+01
   2.8126049e+01
   2.8138926e+01
   2.8151805e+01
   2.8164685e+01
   2.8177566e+01
   2.8190449e+01
   2.8203333e+01
   2.8216218e+01
   2.8229104e+01
   2.8241992e+01
   2.8254881e+01
   2.8267771e+01
   2.8280662e+01
   2.8293555e+01
   2.8306449e+01
   2.8319344e+01
   2.8332241e+01
   2.8345139e+01
   2.8358038e+01
   2.8370938e+01
   2.8383840e+01
   2.8396743e+01
   2.8409647e+01
   2.8422552e+01
   2.8435459e+01
   2.8448366e+01
   2.8461275e+01
   2.8474186e+01
   2.8487097e+01
   2.8500010e+01
   2.8512923e+01
   2.8525839e+01
   2.8538755e+01
   2.8551672e+01
   2.8564591e+01
   2.8577511e+01
   2.8590432e+01
   2.8603354e+01
   2.8616277e+01
   2.8629202e+01
   2.8642128e+01
   2.8655054e+01
   2.8667983e+01
   2.8680912e+01
   2.8693842e+01
   2.8706773e+01
   2.8719706e+01
   2.8732640e+01
   2.8745575e+01
   2.8758511e+01
   2.8771448e+01
   2.8784386e+01
   2.8797325e+01
   2.8810266e+01
   2.8823207e+01
   2.8836150e+01
   2.8849093e+01
   2.8862038e+01
   2.8874984e+01
   2.8887931e+01
   2.8900879e+01
   2.8913828e+01
   2.8926778e+01
   2.8939729e+01
   2.8952681e+01
   2.8965634e+01
   2.8978588e+01
   2.8991544e+01
   2.9004500e+01
   2.9017457e+01
   2.9030415e+01
   2.9043374e+01
   2.9056334e+01
   2.9069296e+01
   2.9082258e+01
   2.9095221e+01
   2.9108185e+01
   2.9121150e+01
   2.9134116e+01
   2.9147083e+01
   2.9160050e+01
   2.9173019e+01
   2.9185989e+01
   2.9198959e+01
   2.9211931e+01
   2.9224903e+01
   2.9237877e+01
   2.9250851e+01
   2.9263826e+01
   2.9276802e+01
   2.9289778e+01
   2.9302756e+01
   2.9315734e+01
   2.9328714e+01
   2.9341694e+01
   2.9354675e+01
   2.9367657e+01
   2.9380639e+01
   2.9393622e+01
   2.9406607e+01
   2.9419592e+01
   2.9432577e+01
   2.9445564e+01
   2.9458551e+01
   2.9471539e+01
   2.9484528e+01
   2.9497517e+01
   2.9510508e+01
   2.9523499e+01
   2.9536490e+01
   2.9549483e+01
   2.9562476e+01
   2.9575470e+01
   2.9588464e+01
   2.9601459e+01
   2.9614455e+01
   2.9627452e+01
   2.9640449e+01
   2.9653447e+01
   2.9666445e+01
   2.9679444e+01
   2.9692444e+01
   2.9705444e+01
   2.9718445e+01
   2.9731446e+01
   2.9744449e+01
   2.9757451e+01
   2.9770454e+01
   2.9783458e+01
   2.9796463e+01
   2.9809467e+01
   2.9822473e+01
   2.9835479e+01
   2.9848485e+01
   2.9861492e+01
   2.9874500e+01
   2.9887508e+01
   2.9900516e+01
   2.9913525e+01
   2.9926534e+01
   2.9939544e+01
   2.9952555e+01
   2.9965565e+01
   2.9978577e+01
   2.9991588e+01
   3.0004600e+01
   3.0017613e+01
   3.0030625e+01
   3.0043639e+01
   3.0056652e+01
   3.0069666e+01
   3.0082680e+01
   3.0095695e+01
   3.0108710e+01
   3.0121725e+01
   3.0134741e+01
   3.0147757e+01
   3.0160773e+01
   3.0173790e+01
   3.0186807e+01
   3.0199824e+01
   3.0212841e+01
   3.0225859e+01
   3.0238877e+01
   3.0251895e+01
   3.0264913e+01
   3.0277932e+01
   3.0290951e+01
   3.0303970e+01
   3.0316989e+01
   3.0330008e+01
   3.0343028e+01
   3.0356047e+01
   3.0369067e+01
   3.0382087e+01
   3.0395107e+01
   3.0408128e+01
   3.0421148e+01
   3.0434169e+01
   3.0447189e+01
   3.0460210e+01
   3.0473231e+01
   3.0486251e+01
   3.0499272e+01
   3.0512293e+01
   3.0525314e+01
   3.0538335e+01
   3.0551356e+01
   3.0564377e+01
   3.0577398e+01
   3.0590419e+01
   3.0603440e+01
   3.0616461e+01
   3.0629482e+01
   3.0642503e+01
   3.0655524e+01
   3.0668545e+01
   3.0681565e+01
   3.0694586e+01
   3.0707606e+01
   3.0720627e+01
   3.0733647e+01
   3.0746667e+01
   3.0759687e+01
   3.0772707e+01
   3.0785726e+01
   3.0798746e+01
   3.0811765e+01
   3.0824784e+01
   3.0837803e+01
   3.0850822e+01
   3.0863841e+01
   3.0876859e+01
   3.0889877e+01
   3.0902895e+01
   3.0915912e+01
   3.0928929e+01
   3.0941946e+01
   3.0954963e+01
   3.0967979e+01
   3.0980995e+01
   3.0994011e+01
   3.1007026e+01
   3.1020041e+01
   3.1033056e+01
   3.1046070e+01
   3.1059084e+01
   3.1072098e+01
   3.1085111e+01
   3.1098124e+01
   3.1111136e+01
   3.1124148e+01
   3.1137160e+01
   3.1150171e+01
   3.1163181e+01
   3.1176191e+01
   3.1189201e+01
   3.1202210e+01
   3.1215219e+01
   3.1228227e+01
   3.1241234e+01
   3.1254241e+01
   3.1267248e+01
   3.1280254e+01
   3.1293259e+01
   3.1306264e+01
   3.1319268e+01
   3.1332272e+01
   3.1345275e+01
   3.1358277e+01
   3.1371279e+01
   3.1384280e+01
   3.1397280e+01
   3.1410280e+01
   3.1423279e+01
   3.1436278e+01
   3.1449276e+01
   3.1462273e+01
   3.1475269e+01
   3.1488265e+01
   3.1501259e+01
   3.1514253e+01
   3.1527247e+01
   3.1540239e+01
   3.1553231e+01
   3.1566222e+01
   3.1579212e+01
   3.1592202e+01
   3.1605190e+01
   3.1618178e+01
   3.1631165e+01
   3.1644151e+01
   3.1657136e+01
   3.1670120e+01
   3.1683103e+01
   3.1696086e+01
   3.1709067e+01
   3.1722048e+01
   3.1735027e+01
   3.1748006e+01
   3.1760984e+01
   3.1773960e+01
   3.1786936e+01
   3.1799911e+01
   3.1812885e+01
   3.1825857e+01
   3.1838829e+01
   3.1851800e+01
   3.1864769e+01
   3.1877738e+01
   3.1890705e+01
   3.1903671e+01
   3.1916637e+01
   3.1929601e+01
   3.1942564e+01
   3.1955526e+01
   3.1968486e+01
   3.1981446e+01
   3.1994404e+01
   3.2007361e+01
   3.2020317e+01
   3.2033272e+01
   3.2046226e+01
   3.2059178e+01
   3.2072129e+01
   3.2085079e+01
   3.2098027e+01
   3.2110975e+01
   3.2123921e+01
   3.2136865e+01
   3.2149809e+01
   3.2162751e+01
   3.2175691e+01
   3.2188630e+01
   3.2201568e+01
   3.2214505e+01
   3.2227440e+01
   3.2240374e+01
   3.2253306e+01
   3.2266237e+01
   3.2279167e+01
   3.2292095e+01
   3.2305021e+01
   3.2317946e+01
   3.2330870e+01
   3.2343792e+01
   3.2356712e+01
   3.2369632e+01
   3.2382549e+01
   3.2395465e+01
   3.2408379e+01
   3.2421292e+01
   3.2434203e+01
   3.2447113e+01
   3.2460021e+01
   3.2472927e+01
   3.2485832e+01
   3.2498735e+01
   3.2511636e+01
   3.2524536e+01
   3.2537434e+01
   3.2550330e+01
   3.2563224e+01
   3.2576117e+01
   3.2589008e+01
   3.2601897e+01
   3.2614785e+01
   3.2627671e+01
   3.2640554e+01
   3.2653436e+01
   3.2666317e+01
   3.2679195e+01
   3.2692071e+01
   3.2704946e+01
   3.2717819e+01
   3.2730690e+01
   3.2743559e+01
   3.2756426e+01
   3.2769291e+01
   3.2782154e+01
   3.2795015e+01
   3.2807874e+01
   3.2820731e+01
   3.2833586e+01
   3.2846439e+01
   3.2859290e+01
   3.2872139e+01
   3.2884986e+01
   3.2897830e+01
   3.2910673e+01
   3.2923514e+01
   3.2936352e+01
   3.2949188e+01
   3.2962022e+01
   3.2974854e+01
   3.2987684e+01
   3.3000511e+01
   3.3013337e+01
   3.3026160e+01
   3.3038981e+01
   3.3051799e+01
   3.3064615e+01
   3.3077429e+01
   3.3090241e+01
   3.3103050e+01
   3.3115857e+01
   3.3128661e+01
   3.3141463e+01
   3.3154263e+01
   3.3167061e+01
   3.3179855e+01
   3.3192648e+01
   3.3205438e+01
   3.3218225e+01
   3.3231010e+01
   3.3243793e+01
   3.3256573e+01
   3.3269350e+01
   3.3282125e+01
   3.3294897e+01
   3.3307667e+01
   3.3320434e+01
   3.3333199e+01
   3.3345960e+01
   3.3358719e+01
   3.3371476e+01
   3.3384230e+01
   3.3396981e+01
   3.3409729e+01
   3.3422474e+01
   3.3435217e+01
   3.3447957e+01
   3.3460694e+01
   3.3473429e+01
   3.3486160e+01
   3.3498889e+01
   3.3511614e+01
   3.3524337e+01
   3.3537057e+01
   3.3549774e+01
   3.3562488e+01
   3.3575199e+01
   3.3587907e+01
   3.3600612e+01
   3.3613314e+01
   3.3626013e+01
   3.3638709e+01
   3.3651402e+01
   3.3664092e+01
   3.3676778e+01
   3.3689461e+01
   3.3702142e+01
   3.3714819e+01
   3.3727492e+01
   3.3740163e+01
   3.3752830e+01
   3.3765494e+01
   3.3778155e+01
   3.3790813e+01
   3.3803467e+01
   3.3816118e+01
   3.3828765e+01
   3.3841409e+01
   3.3854049e+01
   3.3866686e+01
   3.3879320e+01
   3.3891950e+01
   3.3904577e+01
   3.3917200e+01
   3.3929820e+01
   3.3942436e+01
   3.3955048e+01
   3.3967657e+01
   3.3980262e+01
   3.3992863e+01
   3.4005461e+01
   3.4018055e+01
   3.4030645e+01
   3.4043232e+01
   3.4055814e+01
   3.4068393e+01
   3.4080968e+01
   3.4093540e+01
   3.4106107e+01
   3.4118670e+01
   3.4131230e+01
   3.4143785e+01
   3.4156337e+01
   3.4168884e+01
   3.4181428e+01
   3.4193967e+01
   3.4206503e+01
   3.4219034e+01
   3.4231561e+01
   3.4244084e+01
   3.4256603e+01
   3.4269117e+01
   3.4281627e+01
   3.4294133e+01
   3.4306635e+01
   3.4319132e+01
   3.4331625e+01
   3.4344114e+01
   3.4356598e+01
   3.4369078e+01
   3.4381553e+01
   3.4394024e+01
   3.4406490e+01
   3.4418952e+01
   3.4431409e+01
   3.4443861e+01
   3.4456309e+01
   3.4468752e+01
   3.4481191e+01
   3.4493624e+01
   3.4506053e+01
   3.4518477e+01
   3.4530897e+01
   3.4543311e+01
   3.4555721e+01
   3.4568125e+01
   3.4580525e+01
   3.4592919e+01
   3.4605309e+01
   3.4617694e+01
   3.4630073e+01
   3.4642447e+01
   3.4654816e+01
   3.4667180e+01
   3.4679539e+01
   3.4691893e+01
   3.4704241e+01
   3.4716584e+01
   3.4728921e+01
   3.4741253e+01
   3.4753580e+01
   3.4765901e+01
   3.4778217e+01
   3.4790527e+01
   3.4802831e+01
   3.4815130e+01
   3.4827424e+01
   3.4839711e+01
   3.4851993e+01
   3.4864269e+01
   3.4876539e+01
   3.4888804e+01
   3.4901062e+01
   3.4913315e+01
   3.4925561e+01
   3.4937802e+01
   3.4950036e+01
   3.4962265e+01
   3.4974487e+01
   3.4986703e+01
   3.4998913e+01
   3.5011117e+01
   3.5023314e+01
   3.5035505e+01
   3.5047690e+01
   3.5059868e+01
   3.5072040e+01
   3.5084205e+01
   3.5096364e+01
   3.5108516e+01
   3.5120661e+01
   3.5132800e+01
   3.5144932e+01
   3.5157057e+01
   3.5169175e+01
   3.5181286e+01
   3.5193391e+01
   3.5205488e+01
   3.5217579e+01
   3.5229662e+01
   3.5241738e+01
   3.5253808e+01
   3.5265869e+01
   3.5277924e+01
   3.5289971e+01
   3.5302011e+01
   3.5314044e+01
   3.5326069e+01
   3.5338086e+01
   3.5350096e+01
   3.5362098e+01
   3.5374093e+01
   3.5386079e+01
   3.5398058e+01
   3.5410029e+01
   3.5421993e+01
   3.5433948e+01
   3.5445895e+01
   3.5457834e+01
   3.5469765e+01
   3.5481688e+01
   3.5493602e+01
   3.5505508e+01
   3.5517406e+01
   3.5529296e+01
   3.5541177e+01
   3.5553049e+01
   3.5564913e+01
   3.5576768e+01
   3.5588614e+01
   3.5600451e+01
   3.5612280e+01
   3.5624100e+01
   3.5635911e+01
   3.5647712e+01
   3.5659505e+01
   3.5671288e+01
   3.5683062e+01
   3.5694827e+01
   3.5706582e+01
   3.5718328e+01
   3.5730065e+01
   3.5741791e+01
   3.5753509e+01
   3.5765216e+01
   3.5776914e+01
   3.5788601e+01
   3.5800279e+01
   3.5811947e+01
   3.5823604e+01
   3.5835252e+01
   3.5846889e+01
   3.5858516e+01
   3.5870133e+01
   3.5881739e+01
   3.5893334e+01
   3.5904919e+01
   3.5916493e+01
   3.5928057e+01
   3.5939609e+01
   3.5951151e+01
   3.5962681e+01
   3.5974201e+01
   3.5985709e+01
   3.5997206e+01
   3.6008692e+01
   3.6020166e+01
   3.6031628e+01
   3.6043079e+01
   3.6054519e+01
   3.6065946e+01
   3.6077362e+01
   3.6088766e+01
   3.6100158e+01
   3.6111537e+01
   3.6122904e+01
   3.6134259e+01
   3.6145602e+01
   3.6156932e+01
   3.6168250e+01
   3.6179554e+01
   3.6190847e+01
   3.6202126e+01
   3.6213392e+01
   3.6224645e+01
   3.6235885e+01
   3.6247111e+01
   3.6258325e+01
   3.6269524e+01
   3.6280711e+01
   3.6291883e+01
   3.6303042e+01
   3.6314187e+01
   3.6325317e+01
   3.6336434e+01
   3.6347537e+01
   3.6358625e+01
   3.6369699e+01
   3.6380758e+01
   3.6391802e+01
   3.6402832e+01
   3.6413847e+01
   3.6424847e+01
   3.6435832e+01
   3.6446802e+01
   3.6457756e+01
   3.6468695e+01
   3.6479618e+01
   3.6490526e+01
   3.6501418e+01
   3.6512294e+01
   3.6523154e+01
   3.6533998e+01
   3.6544825e+01
   3.6555636e+01
   3.6566431e+01
   3.6577209e+01
   3.6587970e+01
   3.6598714e+01
   3.6609441e+01
   3.6620151e+01
   3.6630844e+01
   3.6641519e+01
   3.6652177e+01
   3.6662817e+01
   3.6673439e+01
   3.6684043e+01
   3.6694629e+01
   3.6705197e+01
   3.6715746e+01
   3.6726277e+01
   3.6736789e+01
   3.6747283e+01
   3.6757757e+01
   3.6768212e+01
   3.6778648e+01
   3.6789065e+01
   3.6799462e+01
   3.6809839e+01
   3.6820197e+01
   3.6830535e+01
   3.6840852e+01
   3.6851149e+01
   3.6861425e+01
   3.6871681e+01
   3.6881917e+01
   3.6892131e+01
   3.6902324e+01
   3.6912496e+01
   3.6922646e+01
   3.6932775e+01
   3.6942882e+01
   3.6952967e+01
   3.6963030e+01
   3.6973071e+01
   3.6983089e+01
   3.6993085e+01
   3.7003058e+01
   3.7013008e+01
   3.7022935e+01
   3.7032839e+01
   3.7042719e+01
   3.7052575e+01
   3.7062408e+01
   3.7072217e+01
   3.7082001e+01
   3.7091761e+01
   3.7101496e+01
   3.7111207e+01
   3.7120893e+01
   3.7130553e+01
   3.7140189e+01
   3.7149798e+01
   3.7159383e+01
   3.7168941e+01
   3.7178473e+01
   3.7187978e+01
   3.7197457e+01
   3.7206910e+01
   3.7216335e+01
   3.7225734e+01
   3.7235105e+01
   3.7244449e+01
   3.7253764e+01
   3.7263052e+01
   3.7272312e+01
   3.7281544e+01
   3.7290746e+01
   3.7299920e+01
   3.7309065e+01
   3.7318181e+01
   3.7327267e+01
   3.7336324e+01
   3.7345351e+01
   3.7354347e+01
   3.7363314e+01
   3.7372250e+01
   3.7381154e+01
   3.7390028e+01
   3.7398871e+01
   3.7407682e+01
   3.7416462e+01
   3.7425209e+01
   3.7433924e+01
   3.7442607e+01
   3.7451257e+01
   3.7459874e+01
   3.7468458e+01
   3.7477009e+01
   3.7485526e+01
   3.7494009e+01
   3.7502458e+01
   3.7510873e+01
   3.7519252e+01
   3.7527597e+01
   3.7535907e+01
   3.7544181e+01
   3.7552420e+01
   3.7560623e+01
   3.7568789e+01
   3.7576920e+01
   3.7585013e+01
   3.7593069e+01
   3.7601088e+01
   3.7609070e+01
   3.7617014e+01
   3.7624919e+01
   3.7632786e+01
   3.7640615e+01
   3.7648405e+01
   3.7656155e+01
   3.7663867e+01
   3.7671538e+01
   3.7679169e+01
   3.7686760e+01
   3.7694311e+01
   3.7701820e+01
   3.7709289e+01
   3.7716716e+01
   3.7724101e+01
   3.7731444e+01
   3.7738745e+01
   3.7746003e+01
   3.7753218e+01
   3.7760390e+01
   3.7767518e+01
   3.7774603e+01
   3.7781643e+01
   3.7788639e+01
   3.7795590e+01
   3.7802497e+01
   3.7809357e+01
   3.7816172e+01
   3.7822941e+01
   3.7829664e+01
   3.7836340e+01
   3.7842970e+01
   3.7849551e+01
   3.7856086e+01
   3.7862572e+01
   3.7869010e+01
   3.7875400e+01
   3.7881741e+01
   3.7888033e+01
   3.7894275e+01
   3.7900467e+01
   3.7906609e+01
   3.7912701e+01
   3.7918741e+01
   3.7924731e+01
   3.7930669e+01
   3.7936555e+01
   3.7942389e+01
   3.7948170e+01
   3.7953899e+01
   3.7959574e+01
   3.7965196e+01
   3.7970764e+01
   3.7976278e+01
   3.7981737e+01
   3.7987141e+01
   3.7992490e+01
   3.7997783e+01
   3.8003021e+01
   3.8008202e+01
   3.8013326e+01
   3.8018394e+01
   3.8023404e+01
   3.8028356e+01
   3.8033250e+01
   3.8038086e+01
   3.8042863e+01
   3.8047581e+01
   3.8052239e+01
   3.8056837e+01
   3.8061375e+01
   3.8065853e+01
   3.8070270e+01
   3.8074625e+01
   3.8078919e+01
   3.8083150e+01
   3.8087320e+01
   3.8091426e+01
   3.8095470e+01
   3.8099450e+01
   3.8103366e+01
   3.8107217e+01
   3.8111005e+01
   3.8114727e+01
   3.8118384e+01
   3.8121975e+01
   3.8125500e+01
   3.8128959e+01
   3.8132351e+01
   3.8135676e+01
   3.8138933e+01
   3.8142122e+01
   3.8145243e+01
   3.8148296e+01
   3.8151279e+01
   3.8154193e+01
   3.8157038e+01
   3.8159812e+01
   3.8162515e+01
   3.8165148e+01
   3.8167710e+01
   3.8170200e+01
   3.8172618e+01
   3.8174963e+01
   3.8177236e+01
   3.8179436e+01
   3.8181563e+01
   3.8183615e+01
   3.8185593e+01
   3.8187497e+01
   3.8189326e+01
   3.8191080e+01
   3.8192758e+01
   3.8194360e+01
   3.8195885e+01
   3.8197334e+01
   3.8198705e+01
   3.8200000e+01
   3.8201216e+01
   3.8202354e+01
   3.8203413e+01
   3.8204394e+01
   3.8205295e+01
   3.8206117e+01
   3.8206858e+01
   3.8207520e+01
   3.8208100e+01
   3.8208599e+01
   3.8209017e+01
   3.8209353e+01
   3.8209607e+01
   3.8209779e+01
   3.8209867e+01
   3.8209872e+01
   3.8209794e+01
   3.8209632e+01
   3.8209386e+01
   3.8209055e+01
   3.8208639e+01
   3.8208137e+01
   3.8207550e+01
   3.8206877e+01
   3.8206118e+01
   3.8205272e+01
   3.8204339e+01
   3.8203319e+01
   3.8202211e+01
   3.8201015e+01
   3.8199731e+01
   3.8198357e+01
   3.8196895e+01
   3.8195344e+01
   3.8193703e+01
   3.8191972e+01
   3.8190150e+01
   3.8188238e+01
   3.8186235e+01
   3.8184141e+01
   3.8181955e+01
   3.8179677e+01
   3.8177307e+01
   3.8174844e+01
   3.8172289e+01
   3.8169640e+01
   3.8166898e+01
   3.8164062e+01
   3.8161132e+01
   3.8158107e+01
   3.8154988e+01
   3.8151773e+01
   3.8148463e+01
   3.8145058e+01
   3.8141557e+01
   3.8137959e+01
   3.8134265e+01
   3.8130474e+01
   3.8126586e+01
   3.8122601e+01
   3.8118517e+01
   3.8114336e+01
   3.8110057e+01
   3.8105679e+01
   3.8101202e+01
   3.8096626e+01
   3.8091950e+01
   3.8087175e+01
   3.8082300e+01
   3.8077324e+01
   3.8072248e+01
   3.8067071e+01
   3.8061793e+01
   3.8056413e+01
   3.8050932e+01
   3.8045349e+01
   3.8039664e+01
   3.8033876e+01
   3.8027985e+01
   3.8021992e+01
   3.8015895e+01
   3.8009694e+01
   3.8003390e+01
   3.7996981e+01
   3.7990468e+01
   3.7983851e+01
   3.7977128e+01
   3.7970300e+01
   3.7963367e+01
   3.7956328e+01
   3.7949183e+01
   3.7941932e+01
   3.7934574e+01
   3.7927110e+01
   3.7919538e+01
   3.7911859e+01
   3.7904072e+01
   3.7896178e+01
   3.7888175e+01
   3.7880064e+01
   3.7871844e+01
   3.7863515e+01
   3.7855078e+01
   3.7846530e+01
   3.7837873e+01
   3.7829106e+01
   3.7820228e+01
   3.7811240e+01
   3.7802141e+01
   3.7792931e+01
   3.7783610e+01
   3.7774176e+01
   3.7764631e+01
   3.7754974e+01
   3.7745204e+01
   3.7735321e+01
   3.7725326e+01
   3.7715217e+01
   3.7704994e+01
   3.7694657e+01
   3.7684206e+01
   3.7673641e+01
   3.7662960e+01
   3.7652165e+01
   3.7641254e+01
   3.7630228e+01
   3.7619085e+01
   3.7607826e+01
   3.7596451e+01
   3.7584958e+01
   3.7573349e+01
   3.7561622e+01
   3.7549777e+01
   3.7537813e+01
   3.7525732e+01
   3.7513531e+01
   3.7501211e+01
   3.7488772e+01
   3.7476213e+01
   3.7463534e+01
   3.7450735e+01
   3.7437814e+01
   3.7424773e+01
   3.7411610e+01
   3.7398325e+01
   3.7384918e+01
   3.7371388e+01
   3.7357736e+01
   3.7343960e+01
   3.7330061e+01
   3.7316037e+01
   3.7301889e+01
   3.7287617e+01
   3.7273219e+01
   3.7258696e+01
   3.7244047e+01
   3.7229272e+01
   3.7214370e+01
   3.7199341e+01
   3.7184184e+01
   3.7168900e+01
   3.7153487e+01
   3.7137946e+01
   3.7122276e+01
   3.7106476e+01
   3.7090546e+01
   3.7074486e+01
   3.7058295e+01
   3.7041973e+01
   3.7025519e+01
   3.7008934e+01
   3.6992215e+01
   3.6975364e+01
   3.6958379e+01
   3.6941261e+01
   3.6924008e+01
   3.6906620e+01
   3.6889097e+01
   3.6871439e+01
   3.6853644e+01
   3.6835713e+01
   3.6817644e+01
   3.6799438e+01
   3.6781094e+01
   3.6762611e+01
   3.6743989e+01
   3.6725227e+01
   3.6706326e+01
   3.6687284e+01
   3.6668100e+01
   3.6648775e+01
   3.6629308e+01
   3.6609699e+01
   3.6589946e+01
   3.6570049e+01
   3.6550009e+01
   3.6529823e+01
   3.6509492e+01
   3.6489016e+01
   3.6468393e+01
   3.6447623e+01
   3.6426706e+01
   3.6405640e+01
   3.6384427e+01
   3.6363064e+01
   3.6341551e+01
   3.6319888e+01
   3.6298074e+01
   3.6276109e+01
   3.6253992e+01
   3.6231722e+01
   3.6209300e+01
   3.6186723e+01
   3.6163992e+01
   3.6141107e+01
   3.6118066e+01
   3.6094868e+01
   3.6071515e+01
   3.6048004e+01
   3.6024335e+01
   3.6000507e+01
   3.5976521e+01
   3.5952374e+01
   3.5928068e+01
   3.5903600e+01
   3.5878971e+01
   3.5854180e+01
   3.5829226e+01
   3.5804109e+01
   3.5778827e+01
   3.5753381e+01
   3.5727769e+01
   3.5701992e+01
   3.5676048e+01
   3.5649936e+01
   3.5623657e+01
   3.5597209e+01
   3.5570592e+01
   3.5543805e+01
   3.5516847e+01
   3.5489718e+01
   3.5462418e+01
   3.5434945e+01
   3.5407298e+01
   3.5379478e+01
   3.5351483e+01
   3.5323313e+01
   3.5294967e+01
   3.5266445e+01
   3.5237745e+01
   3.5208867e+01
   3.5179810e+01
   3.5150574e+01
   3.5121158e+01
   3.5091562e+01
   3.5061784e+01
   3.5031823e+01
   3.5001680e+01
   3.4971353e+01
   3.4940842e+01
   3.4910146e+01
   3.4879264e+01
   3.4848196e+01
   3.4816940e+01
   3.4785496e+01
   3.4753864e+01
   3.4722043e+01
   3.4690031e+01
   3.4657828e+01
   3.4625434e+01
   3.4592847e+01
   3.4560067e+01
   3.4527094e+01
   3.4493925e+01
   3.4460561e+01
   3.4427001e+01
   3.4393245e+01
   3.4359290e+01
   3.4325137e+01
   3.4290784e+01
   3.4256232e+01
   3.4221479e+01
   3.4186524e+01
   3.4151367e+01
   3.4116006e+01
   3.4080441e+01
   3.4044672e+01
   3.4008697e+01
   3.3972516e+01
   3.3936127e+01
   3.3899530e+01
   3.3862724e+01
   3.3825709e+01
   3.3788483e+01
   3.3751046e+01
   3.3713396e+01
   3.3675534e+01
   3.3637457e+01
   3.3599166e+01
   3.3560660e+01
   3.3521936e+01
   3.3482996e+01
   3.3443837e+01
   3.3404460e+01
   3.3364862e+01
   3.3325044e+01
   3.3285004e+01
   3.3244741e+01
   3.3204255e+01
   3.3163545e+01
   3.3122609e+01
   3.3081448e+01
   3.3040059e+01
   3.2998443e+01
   3.2956598e+01
   3.2914523e+01
   3.2872217e+01
   3.2829680e+01
   3.2786911e+01
   3.2743908e+01
   3.2700671e+01
   3.2657198e+01
   3.2613489e+01
   3.2569543e+01
   3.2525359e+01
   3.2480936e+01
   3.2436273e+01
   3.2391370e+01
   3.2346224e+01
   3.2300835e+01
   3.2255203e+01
   3.2209325e+01
   3.2163202e+01
   3.2116832e+01
   3.2070215e+01
   3.2023348e+01
   3.1976232e+01
   3.1928866e+01
   3.1881247e+01
   3.1833376e+01
   3.1785251e+01
   3.1736872e+01
   3.1688237e+01
   3.1639345e+01
   3.1590195e+01
   3.1540787e+01
   3.1491119e+01
   3.1441190e+01
   3.1391000e+01
   3.1340546e+01
   3.1289829e+01
   3.1238847e+01
   3.1187599e+01
   3.1136084e+01
   3.1084301e+01
   3.1032249e+01
   3.0979927e+01
   3.0927334e+01
   3.0874469e+01
   3.0821331e+01
   3.0767918e+01
   3.0714230e+01
   3.0660266e+01
   3.0606025e+01
   3.0551505e+01
   3.0496705e+01
   3.0441625e+01
   3.0386264e+01
   3.0330620e+01
   3.0274692e+01
   3.0218479e+01
   3.0161981e+01
   3.0105196e+01
   3.0048122e+01
   2.9990760e+01
   2.9933108e+01
   2.9875165e+01
   2.9816930e+01
   2.9758401e+01
   2.9699579e+01
   2.9640461e+01
   2.9581046e+01
   2.9521335e+01
   2.9461325e+01
   2.9401015e+01
   2.9340406e+01
   2.9279494e+01
   2.9218280e+01
   2.9156763e+01
   2.9094941e+01
   2.9032813e+01
   2.8970379e+01
   2.8907637e+01
   2.8844587e+01
   2.8781227e+01
   2.8717556e+01
   2.8653574e+01
   2.8589279e+01
   2.8524671e+01
   2.8459748e+01
   2.8394509e+01
   2.8328954e+01
   2.8263082e+01
   2.8196891e+01
   2.8130381e+01
   2.8063550e+01
   2.7996399e+01
   2.7928925e+01
   2.7861129e+01
   2.7793009e+01
   2.7724564e+01
   2.7655793e+01
   2.7586696e+01
   2.7517272e+01
   2.7447519e+01
   2.7377438e+01
   2.7307027e+01
   2.7236285e+01
   2.7165212e+01
   2.7093807e+01
   2.7022069e+01
   2.6949998e+01
   2.6877592e+01
   2.6804851e+01
   2.6731775e+01
   2.6658362e+01
   2.6584613e+01
   2.6510525e+01
   2.6436100e+01
   2.6361336e+01
   2.6286232e+01
   2.6210789e+01
   2.6135005e+01
   2.6058881e+01
   2.5982415e+01
   2.5905607e+01
   2.5828457e+01
   2.5750964e+01
   2.5673129e+01
   2.5594950e+01
   2.5516427e+01
   2.5437561e+01
   2.5358350e+01
   2.5278795e+01
   2.5198896e+01
   2.5118652e+01
   2.5038063e+01
   2.4957129e+01
   2.4875850e+01
   2.4794226e+01
   2.4712258e+01
   2.4629944e+01
   2.4547286e+01
   2.4464283e+01
   2.4380935e+01
   2.4297244e+01
   2.4213209e+01
   2.4128830e+01
   2.4044108e+01
   2.3959043e+01
   2.3873636e+01
   2.3787887e+01
   2.3701797e+01
   2.3615366e+01
   2.3528596e+01
   2.3441486e+01
   2.3354039e+01
   2.3266253e+01
   2.3178131e+01
   2.3089674e+01
   2.3000882e+01
   2.2911757e+01
   2.2822299e+01
   2.2732511e+01
   2.2642392e+01
   2.2551946e+01
   2.2461173e+01
   2.2370074e+01
   2.2278651e+01
   2.2186907e+01
   2.2094842e+01
   2.2002459e+01
   2.1909759e+01
   2.1816745e+01
   2.1723418e+01
   2.1629781e+01
   2.1535836e+01
   2.1441585e+01
   2.1347031e+01
   2.1252176e+01
   2.1157023e+01
   2.1061575e+01
   2.0965835e+01
   2.0869804e+01
   2.0773488e+01
   2.0676887e+01
   2.0580007e+01
   2.0482850e+01
   2.0385419e+01
   2.0287719e+01
   2.0189752e+01
   2.0091523e+01
   1.9993036e+01
   1.9894294e+01
   1.9795302e+01
   1.9696064e+01
   1.9596584e+01
   1.9496867e+01
   1.9396917e+01
   1.9296740e+01
   1.9196340e+01
   1.9095721e+01
   1.8994891e+01
   1.8893852e+01
   1.8792611e+01
   1.8691174e+01
   1.8589546e+01
   1.8487733e+01
   1.8385741e+01
   1.8283575e+01
   1.8181243e+01
   1.8078750e+01
   1.7976102e+01
   1.7873308e+01
   1.7770372e+01
   1.7667303e+01
   1.7564107e+01
   1.7460792e+01
   1.7357364e+01
   1.7253831e+01
   1.7150200e+01
   1.7046481e+01
   1.6942679e+01
   1.6838804e+01
   1.6734863e+01
   1.6630865e+01
   1.6526817e+01
   1.6422730e+01
   1.6318610e+01
   1.6214468e+01
   1.6110311e+01
   1.6006149e+01
   1.5901991e+01
   1.5797847e+01
   1.5693725e+01
   1.5589635e+01
   1.5485587e+01
   1.5381590e+01
   1.5277655e+01
   1.5173790e+01
   1.5070007e+01
   1.4966315e+01
   1.4862725e+01
   1.4759246e+01
   1.4655889e+01
   1.4552664e+01
   1.4449582e+01
   1.4346654e+01
   1.4243890e+01
   1.4141300e+01
   1.4038896e+01
   1.3936687e+01
   1.3834686e+01
   1.3732902e+01
   1.3631347e+01
   1.3530031e+01
   1.3428965e+01
   1.3328160e+01
   1.3227628e+01
   1.3127378e+01
   1.3027421e+01
   1.2927769e+01
   1.2828432e+01
   1.2729421e+01
   1.2630747e+01
   1.2532419e+01
   1.2434450e+01
   1.2336849e+01
   1.2239627e+01
   1.2142794e+01
   1.2046360e+01
   1.1950336e+01
   1.1854731e+01
   1.1759556e+01
   1.1664821e+01
   1.1570535e+01
   1.1476707e+01
   1.1383348e+01
   1.1290466e+01
   1.1198071e+01
   1.1106172e+01
   1.1014777e+01
   1.0923895e+01
   1.0833535e+01
   1.0743705e+01
   1.0654413e+01
   1.0565667e+01
   1.0477475e+01
   1.0389844e+01
   1.0302781e+01
   1.0216295e+01
   1.0130390e+01
   1.0045075e+01
   9.9603553e+00
   9.8762375e+00
   9.7927273e+00
   9.7098307e+00
   9.6275530e+00
   9.5458996e+00
   9.4648754e+00
   9.3844851e+00
   9.3047334e+00
   9.2256244e+00
   9.1471623e+00
   9.0693507e+00
   8.9921931e+00
   8.9156929e+00
   8.8398531e+00
   8.7646764e+00
   8.6901654e+00
   8.6163222e+00
   8.5431490e+00
   8.4706474e+00
   8.3988191e+00
   8.3276653e+00
   8.2571870e+00
   8.1873851e+00
   8.1182601e+00
   8.0498124e+00
   7.9820421e+00
   7.9149490e+00
   7.8485328e+00
   7.7827930e+00
   7.7177287e+00
   7.6533390e+00
   7.5896226e+00
   7.5265782e+00
   7.4642041e+00
   7.4024986e+00
   7.3414595e+00
   7.2810849e+00
   7.2213722e+00
   7.1623189e+00
   7.1039224e+00
   7.0461796e+00
   6.9890877e+00
   6.9326433e+00
   6.8768432e+00
   6.8216838e+00
   6.7671614e+00
   6.7132723e+00
   6.6600125e+00
   6.6073781e+00
   6.5553648e+00
   6.5039683e+00
   6.4531843e+00
   6.4030082e+00
   6.3534355e+00
   6.3044614e+00
   6.2560812e+00
   6.2082899e+00
   6.1610827e+00
   6.1144544e+00
   6.0683999e+00
   6.0229141e+00
   5.9779917e+00
   5.9336274e+00
   5.8898159e+00
   5.8465518e+00
   5.8038295e+00
   5.7616436e+00
   5.7199886e+00
   5.6788588e+00
   5.6382488e+00
   5.5981528e+00
   5.5585653e+00
   5.5194805e+00
   5.4808928e+00
   5.4427965e+00
   5.4051858e+00
   5.3680552e+00
   5.3313988e+00
   5.2952110e+00
   5.2594860e+00
   5.2242182e+00
   5.1894019e+00
   5.1550313e+00
   5.1211009e+00
   5.0876050e+00
   5.0545379e+00
   5.0218941e+00
   4.9896680e+00
   4.9578540e+00
   4.9264466e+00
   4.8954402e+00
   4.8648295e+00
   4.8346090e+00
   4.8047732e+00
   4.7753168e+00
   4.7462346e+00
   4.7175211e+00
   4.6891712e+00
   4.6611796e+00
   4.6335412e+00
   4.6062508e+00
   4.5793034e+00
   4.5526940e+00
   4.5264175e+00
   4.5004690e+00
   4.4748437e+00
   4.4495366e+00
   4.4245430e+00
   4.3998582e+00
   4.3754774e+00
   4.3513960e+00
   4.3276095e+00
   4.3041132e+00
   4.2809027e+00
   4.2579736e+00
   4.2353215e+00
   4.2129420e+00
   4.1908310e+00
   4.1689840e+00
   4.1473970e+00
   4.1260660e+00
   4.1049867e+00
   4.0841552e+00
   4.0635675e+00
   4.0432198e+00
   4.0231081e+00
   4.0032287e+00
   3.9835779e+00
   3.9641518e+00
   3.9449470e+00
   3.9259598e+00
   3.9071867e+00
   3.8886241e+00
   3.8702687e+00
   3.8521170e+00
   3.8341658e+00
   3.8164116e+00
   3.7988514e+00
   3.7814820e+00
   3.7643000e+00
   3.7473026e+00
   3.7304866e+00
   3.7138491e+00
   3.6973871e+00
   3.6810977e+00
   3.6649781e+00
   3.6490254e+00
   3.6332368e+00
   3.6176098e+00
   3.6021416e+00
   3.5868295e+00
   3.5716710e+00
   3.5566635e+00
   3.5418046e+00
   3.5270918e+00
   3.5125226e+00
   3.4980947e+00
   3.4838057e+00
   3.4696534e+00
   3.4556355e+00
   3.4417498e+00
   3.4279941e+00
   3.4143662e+00
   3.4008640e+00
   3.3874856e+00
   3.3742288e+00
   3.3610916e+00
   3.3480721e+00
   3.3351684e+00
   3.3223785e+00
   3.3097006e+00
   3.2971329e+00
   3.2846736e+00
   3.2723210e+00
   3.2600732e+00
   3.2479286e+00
   3.2358855e+00
   3.2239423e+00
   3.2120974e+00
   3.2003492e+00
   3.1886961e+00
   3.1771366e+00
   3.1656693e+00
   3.1542926e+00
   3.1430052e+00
   3.1318056e+00
   3.1206924e+00
   3.1096642e+00
   3.0987198e+00
   3.0878577e+00
   3.0770768e+00
   3.0663757e+00
   3.0557533e+00
   3.0452083e+00
   3.0347394e+00
   3.0243456e+00
   3.0140257e+00
   3.0037785e+00
   2.9936029e+00
   2.9834980e+00
   2.9734625e+00
   2.9634954e+00
   2.9535958e+00
   2.9437625e+00
   2.9339947e+00
   2.9242913e+00
   2.9146515e+00
   2.9050742e+00
   2.8955585e+00
   2.8861036e+00
   2.8767085e+00
   2.8673725e+00
   2.8580946e+00
   2.8488740e+00
   2.8397099e+00
   2.8306015e+00
   2.8215481e+00
   2.8125487e+00
   2.8036028e+00
   2.7947095e+00
   2.7858681e+00
   2.7770779e+00
   2.7683382e+00
   2.7596483e+00
   2.7510075e+00
   2.7424153e+00
   2.7338708e+00
   2.7253735e+00
   2.7169228e+00
   2.7085180e+00
   2.7001586e+00
   2.6918439e+00
   2.6835734e+00
   2.6753465e+00
   2.6671627e+00
   2.6590214e+00
   2.6509220e+00
   2.6428640e+00
   2.6348470e+00
   2.6268704e+00
   2.6189337e+00
   2.6110364e+00
   2.6031781e+00
   2.5953583e+00
   2.5875764e+00
   2.5798322e+00
   2.5721250e+00
   2.5644546e+00
   2.5568203e+00
   2.5492220e+00
   2.5416590e+00
   2.5341311e+00
   2.5266378e+00
   2.5191787e+00
   2.5117535e+00
   2.5043617e+00
   2.4970030e+00
   2.4896771e+00
   2.4823836e+00
   2.4751221e+00
   2.4678923e+00
   2.4606939e+00
   2.4535265e+00
   2.4463898e+00
   2.4392835e+00
   2.4322073e+00
   2.4251608e+00
   2.4181438e+00
   2.4111560e+00
   2.4041971e+00
   2.3972667e+00
   2.3903647e+00
   2.3834907e+00
   2.3766445e+00
   2.3698258e+00
   2.3630344e+00
   2.3562699e+00
   2.3495322e+00
   2.3428209e+00
   2.3361359e+00
   2.3294769e+00
   2.3228437e+00
   2.3162361e+00
   2.3096537e+00
   2.3030965e+00
   2.2965641e+00
   2.2900564e+00
   2.2835732e+00
   2.2771141e+00
   2.2706792e+00
   2.2642680e+00
   2.2578805e+00
   2.2515165e+00
   2.2451757e+00
   2.2388580e+00
   2.2325631e+00
   2.2262910e+00
   2.2200414e+00
   2.2138141e+00
   2.2076090e+00
   2.2014260e+00
   2.1952647e+00
   2.1891252e+00
   2.1830071e+00
   2.1769104e+00
   2.1708349e+00
   2.1647805e+00
   2.1587470e+00
   2.1527342e+00
   2.1467419e+00
   2.1407702e+00
   2.1348188e+00
   2.1288875e+00
   2.1229762e+00
   2.1170849e+00
   2.1112133e+00
   2.1053614e+00
   2.0995290e+00
   2.0937159e+00
   2.0879221e+00
   2.0821474e+00
   2.0763917e+00
   2.0706549e+00
   2.0649369e+00
   2.0592375e+00
   2.0535566e+00
   2.0478942e+00
   2.0422501e+00
   2.0366242e+00
   2.0310163e+00
   2.0254265e+00
   2.0198545e+00
   2.0143003e+00
   2.0087638e+00
   2.0032448e+00
   1.9977433e+00
   1.9922592e+00
   1.9867923e+00
   1.9813427e+00
   1.9759101e+00
   1.9704945e+00
   1.9650958e+00
   1.9597139e+00
   1.9543487e+00
   1.9490002e+00
   1.9436682e+00
   1.9383527e+00
   1.9330535e+00
   1.9277706e+00
   1.9225039e+00
   1.9172534e+00
   1.9120188e+00
   1.9068003e+00
   1.9015976e+00
   1.8964107e+00
   1.8912396e+00
   1.8860841e+00
   1.8809442e+00
   1.8758197e+00
   1.8707108e+00
   1.8656171e+00
   1.8605388e+00
   1.8554756e+00
   1.8504276e+00
   1.8453947e+00
   1.8403768e+00
   1.8353738e+00
   1.8303857e+00
   1.8254123e+00
   1.8204538e+00
   1.8155099e+00
   1.8105806e+00
   1.8056658e+00
   1.8007655e+00
   1.7958797e+00
   1.7910082e+00
   1.7861510e+00
   1.7813080e+00
   1.7764792e+00
   1.7716645e+00
   1.7668639e+00
   1.7620773e+00
   1.7573046e+00
   1.7525458e+00
   1.7478008e+00
   1.7430697e+00
   1.7383522e+00
   1.7336484e+00
   1.7289582e+00
   1.7242815e+00
   1.7196184e+00
   1.7149687e+00
   1.7103324e+00
   1.7057094e+00
   1.7010998e+00
   1.6965033e+00
   1.6919201e+00
   1.6873500e+00
   1.6827930e+00
   1.6782491e+00
   1.6737181e+00
   1.6692001e+00
   1.6646950e+00
   1.6602027e+00
   1.6557233e+00
   1.6512565e+00
   1.6468025e+00
   1.6423612e+00
   1.6379325e+00
   1.6335163e+00
   1.6291127e+00
   1.6247215e+00
   1.6203428e+00
   1.6159765e+00
   1.6116225e+00
   1.6072809e+00
   1.6029515e+00
   1.5986343e+00
   1.5943293e+00
   1.5900364e+00
   1.5857556e+00
   1.5814869e+00
   1.5772302e+00
   1.5729854e+00
   1.5687526e+00
   1.5645316e+00
   1.5603225e+00
   1.5561253e+00
   1.5519397e+00
   1.5477659e+00
   1.5436038e+00
   1.5394534e+00
   1.5353145e+00
   1.5311873e+00
   1.5270715e+00
   1.5229673e+00
   1.5188745e+00
   1.5147931e+00
   1.5107232e+00
   1.5066645e+00
   1.5026172e+00
   1.4985811e+00
   1.4945563e+00
   1.4905427e+00
   1.4865402e+00
   1.4825489e+00
   1.4785687e+00
   1.4745995e+00
   1.4706413e+00
   1.4666941e+00
   1.4627579e+00
   1.4588326e+00
   1.4549182e+00
   1.4510146e+00
   1.4471218e+00
   1.4432399e+00
   1.4393686e+00
   1.4355081e+00
   1.4316582e+00
   1.4278190e+00
   1.4239905e+00
   1.4201724e+00
   1.4163650e+00
   1.4125680e+00
   1.4087816e+00
   1.4050056e+00
   1.4012400e+00
   1.3974848e+00
   1.3937399e+00
   1.3900054e+00
   1.3862811e+00
   1.3825671e+00
   1.3788634e+00
   1.3751698e+00
   1.3714864e+00
   1.3678132e+00
   1.3641500e+00
   1.3604969e+00
   1.3568539e+00
   1.3532209e+00
   1.3495978e+00
   1.3459847e+00
   1.3423816e+00
   1.3387883e+00
   1.3352049e+00
   1.3316314e+00
   1.3280676e+00
   1.3245136e+00
   1.3209694e+00
   1.3174349e+00
   1.3139100e+00
   1.3103949e+00
   1.3068893e+00
   1.3033934e+00
   1.2999070e+00
   1.2964302e+00
   1.2929629e+00
   1.2895052e+00
   1.2860568e+00
   1.2826179e+00
   1.2791884e+00
   1.2757683e+00
   1.2723576e+00
   1.2689561e+00
   1.2655640e+00
   1.2621812e+00
   1.2588075e+00
   1.2554431e+00
   1.2520879e+00
   1.2487419e+00
   1.2454050e+00
   1.2420772e+00
   1.2387585e+00
   1.2354488e+00
   1.2321482e+00
   1.2288566e+00
   1.2255740e+00
   1.2223003e+00
   1.2190355e+00
   1.2157797e+00
   1.2125327e+00
   1.2092946e+00
   1.2060653e+00
   1.2028448e+00
   1.1996331e+00
   1.1964301e+00
   1.1932358e+00
   1.1900503e+00
   1.1868734e+00
   1.1837052e+00
   1.1805456e+00
   1.1773946e+00
   1.1742522e+00
   1.1711183e+00
   1.1679929e+00
   1.1648761e+00
   1.1617677e+00
   1.1586678e+00
   1.1555764e+00
   1.1524933e+00
   1.1494186e+00
   1.1463523e+00
   1.1432943e+00
   1.1402446e+00
   1.1372032e+00
   1.1341700e+00
   1.1311451e+00
   1.1281285e+00
   1.1251200e+00
   1.1221197e+00
   1.1191275e+00
   1.1161435e+00
   1.1131675e+00
   1.1101997e+00
   1.1072399e+00
   1.1042881e+00
   1.1013443e+00
   1.0984086e+00
   1.0954807e+00
   1.0925609e+00
   1.0896489e+00
   1.0867449e+00
   1.0838487e+00
   1.0809604e+00
   1.0780799e+00
   1.0752073e+00
   1.0723424e+00
   1.0694853e+00
   1.0666359e+00
   1.0637942e+00
   1.0609603e+00
   1.0581340e+00
   1.0553154e+00
   1.0525044e+00
   1.0497010e+00
   1.0469053e+00
   1.0441171e+00
   1.0413364e+00
   1.0385633e+00
   1.0357977e+00
   1.0330396e+00
   1.0302889e+00
   1.0275457e+00
   1.0248099e+00
   1.0220816e+00
   1.0193606e+00
   1.0166469e+00
   1.0139407e+00
   1.0112417e+00
   1.0085500e+00
   1.0058657e+00
   1.0031885e+00
   1.0005187e+00
   9.9785600e-01
   9.9520054e-01
   9.9255227e-01
   9.8991115e-01
   9.8727718e-01
   9.8465032e-01
   9.8203057e-01
   9.7941790e-01
   9.7681229e-01
   9.7421372e-01
   9.7162217e-01
   9.6903763e-01
   9.6646007e-01
   9.6388948e-01
   9.6132583e-01
   9.5876910e-01
   9.5621928e-01
   9.5367635e-01
   9.5114029e-01
   9.4861108e-01
   9.4608869e-01
   9.4357312e-01
   9.4106434e-01
   9.3856233e-01
   9.3606708e-01
   9.3357856e-01
   9.3109676e-01
   9.2862166e-01
   9.2615324e-01
   9.2369148e-01
   9.2123636e-01
   9.1878787e-01
   9.1634599e-01
   9.1391069e-01
   9.1148197e-01
   9.0905979e-01
   9.0664415e-01
   9.0423503e-01
   9.0183240e-01
   8.9943625e-01
   8.9704657e-01
   8.9466333e-01
   8.9228651e-01
   8.8991610e-01
   8.8755209e-01
   8.8519445e-01
   8.8284316e-01
   8.8049821e-01
   8.7815958e-01
   8.7582726e-01
   8.7350122e-01
   8.7118145e-01
   8.6886793e-01
   8.6656064e-01
   8.6425957e-01
   8.6196470e-01
   8.5967601e-01
   8.5739349e-01
   8.5511712e-01
   8.5284688e-01
   8.5058275e-01
   8.4832472e-01
   8.4607278e-01
   8.4382689e-01
   8.4158706e-01
   8.3935326e-01
   8.3712547e-01
   8.3490367e-01
   8.3268786e-01
   8.3047802e-01
   8.2827412e-01
   8.2607616e-01
   8.2388411e-01
   8.2169796e-01
   8.1951770e-01
   8.1734330e-01
   8.1517475e-01
   8.1301204e-01
   8.1085515e-01
   8.0870406e-01
   8.0655876e-01
   8.0441923e-01
   8.0228545e-01
   8.0015742e-01
   7.9803511e-01
   7.9591850e-01
   7.9380759e-01
   7.9170236e-01
   7.8960279e-01
   7.8750886e-01
   7.8542057e-01
   7.8333789e-01
   7.8126080e-01
   7.7918931e-01
   7.7712338e-01
   7.7506300e-01
   7.7300817e-01
   7.7095885e-01
   7.6891505e-01
   7.6687674e-01
   7.6484390e-01
   7.6281653e-01
   7.6079461e-01
   7.5877812e-01
   7.5676705e-01
   7.5476138e-01
   7.5276110e-01
   7.5076619e-01
   7.4877665e-01
   7.4679244e-01
   7.4481357e-01
   7.4284001e-01
   7.4087176e-01
   7.3890879e-01
   7.3695109e-01
   7.3499865e-01
   7.3305145e-01
   7.3110948e-01
   7.2917272e-01
   7.2724117e-01
   7.2531480e-01
   7.2339360e-01
   7.2147756e-01
   7.1956666e-01
   7.1766089e-01
   7.1576024e-01
   7.1386469e-01
   7.1197423e-01
   7.1008884e-01
   7.0820851e-01
   7.0633322e-01
   7.0446297e-01
   7.0259774e-01
   7.0073751e-01
   6.9888227e-01
   6.9703201e-01
   6.9518672e-01
   6.9334637e-01
   6.9151096e-01
   6.8968047e-01
   6.8785490e-01
   6.8603422e-01
   6.8421842e-01
   6.8240749e-01
   6.8060142e-01
   6.7880019e-01
   6.7700380e-01
   6.7521222e-01
   6.7342544e-01
   6.7164345e-01
   6.6986624e-01
   6.6809380e-01
   6.6632611e-01
   6.6456315e-01
   6.6280493e-01
   6.6105141e-01
   6.5930260e-01
   6.5755847e-01
   6.5581901e-01
   6.5408422e-01
   6.5235408e-01
   6.5062857e-01
   6.4890769e-01
   6.4719142e-01
   6.4547974e-01
   6.4377266e-01
   6.4207014e-01
   6.4037219e-01
   6.3867879e-01
   6.3698992e-01
   6.3530558e-01
   6.3362574e-01
   6.3195041e-01
   6.3027957e-01
   6.2861319e-01
   6.2695129e-01
   6.2529383e-01
   6.2364081e-01
   6.2199222e-01
   6.2034804e-01
   6.1870827e-01
   6.1707288e-01
   6.1544187e-01
   6.1381523e-01
   6.1219295e-01
   6.1057501e-01
   6.0896139e-01
   6.0735210e-01
   6.0574712e-01
   6.0414643e-01
   6.0255002e-01
   6.0095789e-01
   5.9937002e-01
   5.9778640e-01
   5.9620701e-01
   5.9463186e-01
   5.9306091e-01
   5.9149417e-01
   5.8993163e-01
   5.8837326e-01
   5.8681906e-01
   5.8526902e-01
   5.8372313e-01
   5.8218137e-01
   5.8064373e-01
   5.7911021e-01
   5.7758079e-01
   5.7605547e-01
   5.7453422e-01
   5.7301704e-01
   5.7150391e-01
   5.6999484e-01
   5.6848979e-01
   5.6698878e-01
   5.6549177e-01
   5.6399877e-01
   5.6250976e-01
   5.6102474e-01
   5.5954368e-01
   5.5806658e-01
   5.5659343e-01
   5.5512422e-01
   5.5365893e-01
   5.5219757e-01
   5.5074010e-01
   5.4928654e-01
   5.4783686e-01
   5.4639105e-01
   5.4494911e-01
   5.4351102e-01
   5.4207677e-01
   5.4064636e-01
   5.3921976e-01
   5.3779698e-01
   5.3637800e-01
   5.3496282e-01
   5.3355141e-01
   5.3214377e-01
   5.3073990e-01
   5.2933977e-01
   5.2794339e-01
   5.2655073e-01
   5.2516180e-01
   5.2377657e-01
   5.2239504e-01
   5.2101721e-01
   5.1964305e-01
   5.1827257e-01
   5.1690574e-01
   5.1554256e-01
   5.1418303e-01
   5.1282712e-01
   5.1147483e-01
   5.1012616e-01
   5.0878108e-01
   5.0743960e-01
   5.0610170e-01
   5.0476737e-01
   5.0343660e-01
   5.0210938e-01
   5.0078571e-01
   4.9946557e-01
   4.9814895e-01
   4.9683585e-01
   4.9552625e-01
   4.9422015e-01
   4.9291754e-01
   4.9161840e-01
   4.9032272e-01
   4.8903051e-01
   4.8774174e-01
   4.8645641e-01
   4.8517451e-01
   4.8389603e-01
   4.8262096e-01
   4.8134930e-01
   4.8008102e-01
   4.7881613e-01
   4.7755462e-01
   4.7629647e-01
   4.7504167e-01
   4.7379023e-01
   4.7254212e-01
   4.7129734e-01
   4.7005587e-01
   4.6881773e-01
   4.6758288e-01
   4.6635132e-01
   4.6512305e-01
   4.6389806e-01
   4.6267633e-01
   4.6145786e-01
   4.6024264e-01
   4.5903066e-01
   4.5782191e-01
   4.5661638e-01
   4.5541407e-01
   4.5421496e-01
   4.5301905e-01
   4.5182633e-01
   4.5063679e-01
   4.4945042e-01
   4.4826721e-01
   4.4708715e-01
   4.4591024e-01
   4.4473646e-01
   4.4356582e-01
   4.4239829e-01
   4.4123388e-01
   4.4007257e-01
   4.3891435e-01
   4.3775922e-01
   4.3660717e-01
   4.3545819e-01
   4.3431227e-01
   4.3316940e-01
   4.3202958e-01
   4.3089279e-01
   4.2975904e-01
   4.2862830e-01
   4.2750057e-01
   4.2637585e-01
   4.2525413e-01
   4.2413539e-01
   4.2301964e-01
   4.2190685e-01
   4.2079703e-01
   4.1969017e-01
   4.1858625e-01
   4.1748528e-01
   4.1638723e-01
   4.1529211e-01
   4.1419991e-01
   4.1311062e-01
   4.1202422e-01
   4.1094072e-01
   4.0986010e-01
   4.0878237e-01
   4.0770750e-01
   4.0663549e-01
   4.0556633e-01
   4.0450003e-01
   4.0343656e-01
   4.0237592e-01
   4.0131811e-01
   4.0026311e-01
   3.9921092e-01
   3.9816153e-01
   3.9711493e-01
   3.9607112e-01
   3.9503009e-01
   3.9399183e-01
   3.9295633e-01
   3.9192359e-01
   3.9089360e-01
   3.8986634e-01
   3.8884183e-01
   3.8782003e-01
   3.8680096e-01
   3.8578460e-01
   3.8477094e-01
   3.8375998e-01
   3.8275171e-01
   3.8174612e-01
   3.8074321e-01
   3.7974296e-01
   3.7874538e-01
   3.7775045e-01
   3.7675816e-01
   3.7576852e-01
   3.7478151e-01
   3.7379712e-01
   3.7281536e-01
   3.7183620e-01
   3.7085965e-01
   3.6988569e-01
   3.6891433e-01
   3.6794555e-01
   3.6697934e-01
   3.6601571e-01
   3.6505464e-01
   3.6409612e-01
   3.6314015e-01
   3.6218673e-01
   3.6123584e-01
   3.6028747e-01
   3.5934163e-01
   3.5839831e-01
   3.5745749e-01
   3.5651917e-01
   3.5558335e-01
   3.5465002e-01
   3.5371916e-01
   3.5279079e-01
   3.5186487e-01
   3.5094143e-01
   3.5002043e-01
   3.4910188e-01
   3.4818578e-01
   3.4727211e-01
   3.4636087e-01
   3.4545205e-01
   3.4454564e-01
   3.4364165e-01
   3.4274005e-01
   3.4184085e-01
   3.4094405e-01
   3.4004962e-01
   3.3915757e-01
   3.3826790e-01
   3.3738058e-01
   3.3649563e-01
   3.3561302e-01
   3.3473276e-01
   3.3385484e-01
   3.3297925e-01
   3.3210599e-01
   3.3123504e-01
   3.3036642e-01
   3.2950009e-01
   3.2863607e-01
   3.2777435e-01
   3.2691491e-01
   3.2605776e-01
   3.2520288e-01
   3.2435028e-01
   3.2349994e-01
   3.2265185e-01
   3.2180602e-01
   3.2096244e-01
   3.2012110e-01
   3.1928199e-01
   3.1844510e-01
   3.1761045e-01
   3.1677800e-01
   3.1594777e-01
   3.1511974e-01
   3.1429392e-01
   3.1347028e-01
   3.1264883e-01
   3.1182956e-01
   3.1101247e-01
   3.1019755e-01
   3.0938479e-01
   3.0857418e-01
   3.0776573e-01
   3.0695943e-01
   3.0615526e-01
   3.0535323e-01
   3.0455333e-01
   3.0375556e-01
   3.0295990e-01
   3.0216635e-01
   3.0137491e-01
   3.0058557e-01
   2.9979832e-01
   2.9901317e-01
   2.9823009e-01
   2.9744910e-01
   2.9667018e-01
   2.9589332e-01
   2.9511853e-01
   2.9434579e-01
   2.9357510e-01
   2.9280646e-01
   2.9203986e-01
   2.9127529e-01
   2.9051275e-01
   2.8975224e-01
   2.8899374e-01
   2.8823725e-01
   2.8748277e-01
   2.8673029e-01
   2.8597981e-01
   2.8523132e-01
   2.8448482e-01
   2.8374029e-01
   2.8299774e-01
   2.8225716e-01
   2.8151855e-01
   2.8078189e-01
   2.8004719e-01
   2.7931444e-01
   2.7858363e-01
   2.7785475e-01
   2.7712782e-01
   2.7640280e-01
   2.7567972e-01
   2.7495855e-01
   2.7423929e-01
   2.7352194e-01
   2.7280649e-01
   2.7209294e-01
   2.7138128e-01
   2.7067151e-01
   2.6996362e-01
   2.6925760e-01
   2.6855346e-01
   2.6785119e-01
   2.6715078e-01
   2.6645222e-01
   2.6575552e-01
   2.6506066e-01
   2.6436765e-01
   2.6367647e-01
   2.6298713e-01
   2.6229961e-01
   2.6161392e-01
   2.6093004e-01
   2.6024797e-01
   2.5956772e-01
   2.5888926e-01
   2.5821261e-01
   2.5753775e-01
   2.5686468e-01
   2.5619339e-01
   2.5552388e-01
   2.5485614e-01
   2.5419018e-01
   2.5352597e-01
   2.5286353e-01
   2.5220285e-01
   2.5154391e-01
   2.5088673e-01
   2.5023128e-01
   2.4957757e-01
   2.4892559e-01
   2.4827534e-01
   2.4762681e-01
   2.4698000e-01
   2.4633491e-01
   2.4569152e-01
   2.4504984e-01
   2.4440986e-01
   2.4377157e-01
   2.4313498e-01
   2.4250007e-01
   2.4186684e-01
   2.4123529e-01
   2.4060542e-01
   2.3997721e-01
   2.3935067e-01
   2.3872578e-01
   2.3810255e-01
   2.3748097e-01
   2.3686104e-01
   2.3624275e-01
   2.3562610e-01
   2.3501108e-01
   2.3439769e-01
   2.3378592e-01
   2.3317578e-01
   2.3256725e-01
   2.3196033e-01
   2.3135502e-01
   2.3075131e-01
   2.3014920e-01
   2.2954869e-01
   2.2894976e-01
   2.2835242e-01
   2.2775667e-01
   2.2716249e-01
   2.2656988e-01
   2.2597884e-01
   2.2538937e-01
   2.2480146e-01
   2.2421510e-01
   2.2363030e-01
   2.2304704e-01
   2.2246533e-01
   2.2188516e-01
   2.2130652e-01
   2.2072942e-01
   2.2015385e-01
   2.1957979e-01
   2.1900726e-01
   2.1843624e-01
   2.1786674e-01
   2.1729874e-01
   2.1673224e-01
   2.1616725e-01
   2.1560375e-01
   2.1504174e-01
   2.1448122e-01
   2.1392218e-01
   2.1336462e-01
   2.1280854e-01
   2.1225393e-01
   2.1170078e-01
   2.1114911e-01
   2.1059889e-01
   2.1005012e-01
   2.0950281e-01
   2.0895695e-01
   2.0841253e-01
   2.0786955e-01
   2.0732801e-01
   2.0678790e-01
   2.0624922e-01
   2.0571196e-01
   2.0517613e-01
   2.0464171e-01
   2.0410871e-01
   2.0357712e-01
   2.0304694e-01
   2.0251815e-01
   2.0199077e-01
   2.0146478e-01
   2.0094018e-01
   2.0041697e-01
   1.9989515e-01
   1.9937470e-01
   1.9885563e-01
   1.9833794e-01
   1.9782161e-01
   1.9730665e-01
   1.9679305e-01
   1.9628081e-01
   1.9576993e-01
   1.9526039e-01
   1.9475221e-01
   1.9424537e-01
   1.9373986e-01
   1.9323570e-01
   1.9273287e-01
   1.9223136e-01
   1.9173119e-01
   1.9123233e-01
   1.9073480e-01
   1.9023858e-01
   1.8974368e-01
   1.8925008e-01
   1.8875778e-01
   1.8826679e-01
   1.8777710e-01
   1.8728870e-01
   1.8680160e-01
   1.8631578e-01
   1.8583124e-01
   1.8534799e-01
   1.8486601e-01
   1.8438531e-01
   1.8390588e-01
   1.8342772e-01
   1.8295082e-01
   1.8247518e-01
   1.8200080e-01
   1.8152767e-01
   1.8105580e-01
   1.8058517e-01
   1.8011578e-01
   1.7964764e-01
   1.7918073e-01
   1.7871506e-01
   1.7825062e-01
   1.7778740e-01
   1.7732541e-01
   1.7686464e-01
   1.7640509e-01
   1.7594675e-01
   1.7548963e-01
   1.7503371e-01
   1.7457900e-01
   1.7412549e-01
   1.7367318e-01
   1.7322206e-01
   1.7277213e-01
   1.7232340e-01
   1.7187585e-01
   1.7142948e-01
   1.7098429e-01
   1.7054028e-01
   1.7009744e-01
   1.6965577e-01
   1.6921527e-01
   1.6877593e-01
   1.6833776e-01
   1.6790074e-01
   1.6746487e-01
   1.6703016e-01
   1.6659659e-01
   1.6616418e-01
   1.6573290e-01
   1.6530276e-01
   1.6487376e-01
   1.6444589e-01
   1.6401916e-01
   1.6359355e-01
   1.6316906e-01
   1.6274569e-01
   1.6232345e-01
   1.6190232e-01
   1.6148230e-01
   1.6106339e-01
   1.6064559e-01
   1.6022889e-01
   1.5981329e-01
   1.5939879e-01
   1.5898538e-01
   1.5857307e-01
   1.5816184e-01
   1.5775170e-01
   1.5734265e-01
   1.5693467e-01
   1.5652777e-01
   1.5612195e-01
   1.5571720e-01
   1.5531351e-01
   1.5491090e-01
   1.5450934e-01
   1.5410885e-01
   1.5370941e-01
   1.5331103e-01
   1.5291370e-01
   1.5251742e-01
   1.5212219e-01
   1.5172800e-01
   1.5133485e-01
   1.5094274e-01
   1.5055166e-01
   1.5016162e-01
   1.4977260e-01
   1.4938461e-01
   1.4899765e-01
   1.4861171e-01
   1.4822679e-01
   1.4784288e-01
   1.4745999e-01
   1.4707811e-01
   1.4669724e-01
   1.4631737e-01
   1.4593850e-01
   1.4556064e-01
   1.4518377e-01
   1.4480789e-01
   1.4443301e-01
   1.4405912e-01
   1.4368622e-01
   1.4331430e-01
   1.4294336e-01
   1.4257340e-01
   1.4220442e-01
   1.4183641e-01
   1.4146937e-01
   1.4110330e-01
   1.4073820e-01
   1.4037406e-01
   1.4001088e-01
   1.3964866e-01
   1.3928739e-01
   1.3892708e-01
   1.3856772e-01
   1.3820931e-01
   1.3785184e-01
   1.3749532e-01
   1.3713974e-01
   1.3678510e-01
   1.3643139e-01
   1.3607861e-01
   1.3572677e-01
   1.3537586e-01
   1.3502587e-01
   1.3467680e-01
   1.3432866e-01
   1.3398143e-01
   1.3363512e-01
   1.3328972e-01
   1.3294524e-01
   1.3260166e-01
   1.3225899e-01
   1.3191722e-01
   1.3157636e-01
   1.3123639e-01
   1.3089733e-01
   1.3055915e-01
   1.3022187e-01
   1.2988548e-01
   1.2954997e-01
   1.2921535e-01
   1.2888162e-01
   1.2854876e-01
   1.2821678e-01
   1.2788568e-01
   1.2755545e-01
   1.2722609e-01
   1.2689760e-01
   1.2656998e-01
   1.2624322e-01
   1.2591732e-01
   1.2559228e-01
   1.2526810e-01
   1.2494478e-01
   1.2462230e-01
   1.2430068e-01
   1.2397991e-01
   1.2365998e-01
   1.2334089e-01
   1.2302265e-01
   1.2270525e-01
   1.2238868e-01
   1.2207295e-01
   1.2175805e-01
   1.2144398e-01
   1.2113074e-01
   1.2081832e-01
   1.2050673e-01
   1.2019596e-01
   1.1988601e-01
   1.1957688e-01
   1.1926856e-01
   1.1896106e-01
   1.1865436e-01
   1.1834848e-01
   1.1804340e-01
   1.1773912e-01
   1.1743565e-01
   1.1713298e-01
   1.1683111e-01
   1.1653003e-01
   1.1622974e-01
   1.1593025e-01
   1.1563155e-01
   1.1533363e-01
   1.1503650e-01
   1.1474015e-01
   1.1444459e-01
   1.1414980e-01
   1.1385579e-01
   1.1356255e-01
   1.1327009e-01
   1.1297840e-01
   1.1268748e-01
   1.1239732e-01
   1.1210793e-01
   1.1181930e-01
   1.1153144e-01
   1.1124433e-01
   1.1095798e-01
   1.1067238e-01
   1.1038754e-01
   1.1010344e-01
   1.0982010e-01
   1.0953750e-01
   1.0925565e-01
   1.0897454e-01
   1.0869417e-01
   1.0841454e-01
   1.0813564e-01
   1.0785749e-01
   1.0758006e-01
   1.0730337e-01
   1.0702740e-01
   1.0675216e-01
   1.0647765e-01
   1.0620386e-01
   1.0593079e-01
   1.0565844e-01
   1.0538681e-01
   1.0511590e-01
   1.0484570e-01
   1.0457621e-01
   1.0430743e-01
   1.0403936e-01
   1.0377199e-01
   1.0350533e-01
   1.0323937e-01
   1.0297412e-01
   1.0270956e-01
   1.0244570e-01
   1.0218253e-01
   1.0192006e-01
   1.0165828e-01
   1.0139719e-01
   1.0113678e-01
   1.0087706e-01
   1.0061803e-01
   1.0035968e-01
   1.0010201e-01
   9.9845018e-02
   9.9588703e-02
   9.9333063e-02
   9.9078097e-02
   9.8823803e-02
   9.8570178e-02
   9.8317221e-02
   9.8064931e-02
   9.7813305e-02
   9.7562342e-02
   9.7312040e-02
   9.7062398e-02
   9.6813412e-02
   9.6565083e-02
   9.6317408e-02
   9.6070385e-02
   9.5824012e-02
   9.5578289e-02
   9.5333213e-02
   9.5088782e-02
   9.4844994e-02
   9.4601849e-02
   9.4359345e-02
   9.4117478e-02
   9.3876249e-02
   9.3635655e-02
   9.3395695e-02
   9.3156367e-02
   9.2917668e-02
   9.2679599e-02
   9.2442156e-02
   9.2205339e-02
   9.1969145e-02
   9.1733573e-02
   9.1498621e-02
   9.1264288e-02
   9.1030573e-02
   9.0797472e-02
   9.0564985e-02
   9.0333111e-02
   9.0101847e-02
   8.9871191e-02
   8.9641143e-02
   8.9411701e-02
   8.9182863e-02
   8.8954628e-02
   8.8726993e-02
   8.8499957e-02
   8.8273520e-02
   8.8047678e-02
   8.7822431e-02
   8.7597777e-02
   8.7373715e-02
   8.7150242e-02
   8.6927358e-02
   8.6705060e-02
   8.6483348e-02
   8.6262219e-02
   8.6041672e-02
   8.5821706e-02
   8.5602319e-02
   8.5383509e-02
   8.5165276e-02
   8.4947616e-02
   8.4730530e-02
   8.4514015e-02
   8.4298070e-02
   8.4082694e-02
   8.3867884e-02
   8.3653640e-02
   8.3439960e-02
   8.3226842e-02
   8.3014285e-02
   8.2802287e-02
   8.2590847e-02
   8.2379964e-02
   8.2169636e-02
   8.1959862e-02
   8.1750639e-02
   8.1541967e-02
   8.1333845e-02
   8.1126270e-02
   8.0919241e-02
   8.0712757e-02
   8.0506817e-02
   8.0301418e-02
   8.0096560e-02
   7.9892241e-02
   7.9688460e-02
   7.9485215e-02
   7.9282505e-02
   7.9080328e-02
   7.8878683e-02
   7.8677569e-02
   7.8476984e-02
   7.8276927e-02
   7.8077396e-02
   7.7878391e-02
   7.7679908e-02
   7.7481949e-02
   7.7284510e-02
   7.7087590e-02
   7.6891189e-02
   7.6695304e-02
   7.6499935e-02
   7.6305079e-02
   7.6110737e-02
   7.5916906e-02
   7.5723584e-02
   7.5530771e-02
   7.5338466e-02
   7.5146666e-02
   7.4955371e-02
   7.4764580e-02
   7.4574290e-02
   7.4384501e-02
   7.4195211e-02
   7.4006419e-02
   7.3818123e-02
   7.3630323e-02
   7.3443018e-02
   7.3256204e-02
   7.3069882e-02
   7.2884051e-02
   7.2698708e-02
   7.2513852e-02
   7.2329483e-02
   7.2145599e-02
   7.1962199e-02
   7.1779280e-02
   7.1596843e-02
   7.1414886e-02
   7.1233408e-02
   7.1052407e-02
   7.0871881e-02
   7.0691831e-02
   7.0512254e-02
   7.0333150e-02
   7.0154516e-02
   6.9976353e-02
   6.9798658e-02
   6.9621430e-02
   6.9444668e-02
   6.9268372e-02
   6.9092538e-02
   6.8917168e-02
   6.8742258e-02
   6.8567809e-02
   6.8393818e-02
   6.8220285e-02
   6.8047208e-02
   6.7874586e-02
   6.7702418e-02
   6.7530703e-02
   6.7359440e-02
   6.7188627e-02
   6.7018263e-02
   6.6848347e-02
   6.6678877e-02
   6.6509854e-02
   6.6341275e-02
   6.6173139e-02
   6.6005445e-02
   6.5838192e-02
   6.5671379e-02
   6.5505004e-02
   6.5339067e-02
   6.5173566e-02
   6.5008501e-02
   6.4843869e-02
   6.4679670e-02
   6.4515903e-02
   6.4352567e-02
   6.4189659e-02
   6.4027181e-02
   6.3865129e-02
   6.3703503e-02
   6.3542303e-02
   6.3381526e-02
   6.3221171e-02
   6.3061239e-02
   6.2901726e-02
   6.2742633e-02
   6.2583959e-02
   6.2425701e-02
   6.2267860e-02
   6.2110433e-02
   6.1953420e-02
   6.1796820e-02
   6.1640632e-02
   6.1484854e-02
   6.1329485e-02
   6.1174525e-02
   6.1019973e-02
   6.0865826e-02
   6.0712085e-02
   6.0558748e-02
   6.0405814e-02
   6.0253282e-02
   6.0101150e-02
   5.9949419e-02
   5.9798086e-02
   5.9647152e-02
   5.9496613e-02
   5.9346471e-02
   5.9196723e-02
   5.9047369e-02
   5.8898407e-02
   5.8749837e-02
   5.8601657e-02
   5.8453867e-02
   5.8306465e-02
   5.8159450e-02
   5.8012822e-02
   5.7866579e-02
   5.7720720e-02
   5.7575245e-02
   5.7430152e-02
   5.7285441e-02
   5.7141109e-02
   5.6997157e-02
   5.6853583e-02
   5.6710387e-02
   5.6567566e-02
   5.6425121e-02
   5.6283051e-02
   5.6141353e-02
   5.6000028e-02
   5.5859075e-02
   5.5718491e-02
   5.5578278e-02
   5.5438432e-02
   5.5298954e-02
   5.5159843e-02
   5.5021097e-02
   5.4882715e-02
   5.4744697e-02
   5.4607042e-02
   5.4469748e-02
   5.4332816e-02
   5.4196242e-02
   5.4060028e-02
   5.3924172e-02
   5.3788672e-02
   5.3653529e-02
   5.3518740e-02
   5.3384306e-02
   5.3250225e-02
   5.3116496e-02
   5.2983118e-02
   5.2850091e-02
   5.2717414e-02
   5.2585084e-02
   5.2453103e-02
   5.2321468e-02
   5.2190179e-02
   5.2059235e-02
   5.1928635e-02
   5.1798378e-02
   5.1668463e-02
   5.1538889e-02
   5.1409656e-02
   5.1280762e-02
   5.1152207e-02
   5.1023989e-02
   5.0896108e-02
   5.0768564e-02
   5.0641354e-02
   5.0514478e-02
   5.0387936e-02
   5.0261726e-02
   5.0135847e-02
   5.0010299e-02
   4.9885081e-02
   4.9760191e-02
   4.9635630e-02
   4.9511396e-02
   4.9387488e-02
   4.9263906e-02
   4.9140648e-02
   4.9017714e-02
   4.8895102e-02
   4.8772813e-02
   4.8650845e-02
   4.8529197e-02
   4.8407869e-02
   4.8286859e-02
   4.8166167e-02
   4.8045792e-02
   4.7925734e-02
   4.7805990e-02
   4.7686561e-02
   4.7567446e-02
   4.7448643e-02
   4.7330152e-02
   4.7211973e-02
   4.7094104e-02
   4.6976544e-02
   4.6859293e-02
   4.6742350e-02
   4.6625714e-02
   4.6509384e-02
   4.6393360e-02
   4.6277640e-02
   4.6162225e-02
   4.6047112e-02
   4.5932302e-02
   4.5817793e-02
   4.5703584e-02
   4.5589676e-02
   4.5476066e-02
   4.5362755e-02
   4.5249742e-02
   4.5137025e-02
   4.5024604e-02
   4.4912478e-02
   4.4800647e-02
   4.4689109e-02
   4.4577864e-02
   4.4466911e-02
   4.4356250e-02
   4.4245879e-02
   4.4135797e-02
   4.4026005e-02
   4.3916501e-02
   4.3807285e-02
   4.3698355e-02
   4.3589711e-02
   4.3481352e-02
   4.3373278e-02
   4.3265488e-02
   4.3157980e-02
   4.3050755e-02
   4.2943811e-02
   4.2837148e-02
   4.2730765e-02
   4.2624661e-02
   4.2518836e-02
   4.2413288e-02
   4.2308017e-02
   4.2203023e-02
   4.2098305e-02
   4.1993861e-02
   4.1889692e-02
   4.1785795e-02
   4.1682172e-02
   4.1578821e-02
   4.1475741e-02
   4.1372931e-02
   4.1270391e-02
   4.1168121e-02
   4.1066119e-02
   4.0964384e-02
   4.0862917e-02
   4.0761716e-02
   4.0660780e-02
   4.0560109e-02
   4.0459703e-02
   4.0359560e-02
   4.0259680e-02
   4.0160062e-02
   4.0060706e-02
   3.9961610e-02
   3.9862774e-02
   3.9764198e-02
   3.9665881e-02
   3.9567821e-02
   3.9470019e-02
   3.9372473e-02
   3.9275184e-02
   3.9178149e-02
   3.9081370e-02
   3.8984844e-02
   3.8888572e-02
   3.8792552e-02
   3.8696784e-02
   3.8601268e-02
   3.8506002e-02
   3.8410986e-02
   3.8316220e-02
   3.8221702e-02
   3.8127432e-02
   3.8033410e-02
   3.7939634e-02
   3.7846104e-02
   3.7752820e-02
   3.7659781e-02
   3.7566985e-02
   3.7474433e-02
   3.7382124e-02
   3.7290057e-02
   3.7198232e-02
   3.7106648e-02
   3.7015304e-02
   3.6924199e-02
   3.6833334e-02
   3.6742707e-02
   3.6652318e-02
   3.6562166e-02
   3.6472250e-02
   3.6382571e-02
   3.6293126e-02
   3.6203917e-02
   3.6114941e-02
   3.6026199e-02
   3.5937689e-02
   3.5849412e-02
   3.5761366e-02
   3.5673552e-02
   3.5585967e-02
   3.5498613e-02
   3.5411488e-02
   3.5324591e-02
   3.5237922e-02
   3.5151480e-02
   3.5065266e-02
   3.4979277e-02
   3.4893514e-02
   3.4807976e-02
   3.4722662e-02
   3.4637573e-02
   3.4552706e-02
   3.4468062e-02
   3.4383640e-02
   3.4299439e-02
   3.4215459e-02
   3.4131700e-02
   3.4048160e-02
   3.3964840e-02
   3.3881738e-02
   3.3798853e-02
   3.3716187e-02
   3.3633737e-02
   3.3551503e-02
   3.3469485e-02
   3.3387682e-02
   3.3306094e-02
   3.3224720e-02
   3.3143559e-02
   3.3062611e-02
   3.2981875e-02
   3.2901351e-02
   3.2821039e-02
   3.2740936e-02
   3.2661044e-02
   3.2581362e-02
   3.2501888e-02
   3.2422623e-02
   3.2343566e-02
   3.2264716e-02
   3.2186073e-02
   3.2107636e-02
   3.2029405e-02
   3.1951379e-02
   3.1873557e-02
   3.1795940e-02
   3.1718526e-02
   3.1641315e-02
   3.1564307e-02
   3.1487500e-02
   3.1410895e-02
   3.1334491e-02
   3.1258287e-02
   3.1182284e-02
   3.1106479e-02
   3.1030873e-02
   3.0955465e-02
   3.0880255e-02
   3.0805243e-02
   3.0730427e-02
   3.0655807e-02
   3.0581383e-02
   3.0507154e-02
   3.0433119e-02
   3.0359279e-02
   3.0285632e-02
   3.0212179e-02
   3.0138918e-02
   3.0065849e-02
   2.9992971e-02
   2.9920285e-02
   2.9847789e-02
   2.9775484e-02
   2.9703368e-02
   2.9631441e-02
   2.9559702e-02
   2.9488152e-02
   2.9416789e-02
   2.9345614e-02
   2.9274625e-02
   2.9203822e-02
   2.9133204e-02
   2.9062772e-02
   2.8992525e-02
   2.8922461e-02
   2.8852581e-02
   2.8782885e-02
   2.8713371e-02
   2.8644040e-02
   2.8574890e-02
   2.8505921e-02
   2.8437133e-02
   2.8368526e-02
   2.8300098e-02
   2.8231850e-02
   2.8163781e-02
   2.8095890e-02
   2.8028177e-02
   2.7960641e-02
   2.7893283e-02
   2.7826101e-02
   2.7759095e-02
   2.7692265e-02
   2.7625610e-02
   2.7559130e-02
   2.7492824e-02
   2.7426692e-02
   2.7360733e-02
   2.7294947e-02
   2.7229334e-02
   2.7163892e-02
   2.7098622e-02
   2.7033523e-02
   2.6968595e-02
   2.6903836e-02
   2.6839248e-02
   2.6774829e-02
   2.6710578e-02
   2.6646496e-02
   2.6582582e-02
   2.6518836e-02
   2.6455257e-02
   2.6391844e-02
   2.6328597e-02
   2.6265516e-02
   2.6202601e-02
   2.6139850e-02
   2.6077264e-02
   2.6014842e-02
   2.5952583e-02
   2.5890488e-02
   2.5828555e-02
   2.5766785e-02
   2.5705176e-02
   2.5643729e-02
   2.5582443e-02
   2.5521317e-02
   2.5460352e-02
   2.5399546e-02
   2.5338900e-02
   2.5278413e-02
   2.5218084e-02
   2.5157913e-02
   2.5097900e-02
   2.5038045e-02
   2.4978346e-02
   2.4918803e-02
   2.4859417e-02
   2.4800186e-02
   2.4741110e-02
   2.4682189e-02
   2.4623423e-02
   2.4564810e-02
   2.4506351e-02
   2.4448045e-02
   2.4389892e-02
   2.4331892e-02
   2.4274043e-02
   2.4216346e-02
   2.4158800e-02
   2.4101405e-02
   2.4044160e-02
   2.3987065e-02
   2.3930120e-02
   2.3873324e-02
   2.3816676e-02
   2.3760178e-02
   2.3703827e-02
   2.3647624e-02
   2.3591568e-02
   2.3535658e-02
   2.3479896e-02
   2.3424279e-02
   2.3368808e-02
   2.3313483e-02
   2.3258302e-02
   2.3203266e-02
   2.3148374e-02
   2.3093626e-02
   2.3039022e-02
   2.2984560e-02
   2.2930241e-02
   2.2876064e-02
   2.2822030e-02
   2.2768137e-02
   2.2714385e-02
   2.2660773e-02
   2.2607303e-02
   2.2553972e-02
   2.2500781e-02
   2.2447729e-02
   2.2394816e-02
   2.2342042e-02
   2.2289406e-02
   2.2236908e-02
   2.2184548e-02
   2.2132325e-02
   2.2080238e-02
   2.2028288e-02
   2.1976474e-02
   2.1924795e-02
   2.1873252e-02
   2.1821844e-02
   2.1770571e-02
   2.1719432e-02
   2.1668427e-02
   2.1617555e-02
   2.1566817e-02
   2.1516211e-02
   2.1465738e-02
   2.1415398e-02
   2.1365189e-02
   2.1315111e-02
   2.1265165e-02
   2.1215350e-02
   2.1165665e-02
   2.1116110e-02
   2.1066685e-02
   2.1017389e-02
   2.0968223e-02
   2.0919185e-02
   2.0870276e-02
   2.0821494e-02
   2.0772841e-02
   2.0724315e-02
   2.0675916e-02
   2.0627643e-02
   2.0579498e-02
   2.0531478e-02
   2.0483584e-02
   2.0435815e-02
   2.0388171e-02
   2.0340653e-02
   2.0293258e-02
   2.0245988e-02
   2.0198841e-02
   2.0151818e-02
   2.0104919e-02
   2.0058141e-02
   2.0011487e-02
   1.9964954e-02
   1.9918544e-02
   1.9872255e-02
   1.9826087e-02
   1.9780040e-02
   1.9734113e-02
   1.9688307e-02
   1.9642621e-02
   1.9597054e-02
   1.9551607e-02
   1.9506278e-02
   1.9461069e-02
   1.9415977e-02
   1.9371004e-02
   1.9326148e-02
   1.9281410e-02
   1.9236789e-02
   1.9192285e-02
   1.9147898e-02
   1.9103626e-02
   1.9059471e-02
   1.9015431e-02
   1.8971506e-02
   1.8927697e-02
   1.8884002e-02
   1.8840421e-02
   1.8796955e-02
   1.8753602e-02
   1.8710363e-02
   1.8667237e-02
   1.8624224e-02
   1.8581323e-02
   1.8538535e-02
   1.8495859e-02
   1.8453294e-02
   1.8410841e-02
   1.8368499e-02
   1.8326268e-02
   1.8284148e-02
   1.8242138e-02
   1.8200237e-02
   1.8158447e-02
   1.8116765e-02
   1.8075193e-02
   1.8033730e-02
   1.7992375e-02
   1.7951129e-02
   1.7909990e-02
   1.7868959e-02
   1.7828036e-02
   1.7787219e-02
   1.7746510e-02
   1.7705907e-02
   1.7665410e-02
   1.7625019e-02
   1.7584734e-02
   1.7544555e-02
   1.7504480e-02
   1.7464511e-02
   1.7424646e-02
   1.7384885e-02
   1.7345228e-02
   1.7305676e-02
   1.7266226e-02
   1.7226880e-02
   1.7187637e-02
   1.7148497e-02
   1.7109459e-02
   1.7070524e-02
   1.7031690e-02
   1.6992958e-02
   1.6954327e-02
   1.6915797e-02
   1.6877368e-02
   1.6839040e-02
   1.6800812e-02
   1.6762684e-02
   1.6724655e-02
   1.6686727e-02
   1.6648897e-02
   1.6611167e-02
   1.6573535e-02
   1.6536002e-02
   1.6498567e-02
   1.6461230e-02
   1.6423990e-02
   1.6386848e-02
   1.6349804e-02
   1.6312856e-02
   1.6276005e-02
   1.6239250e-02
   1.6202591e-02
   1.6166029e-02
   1.6129562e-02
   1.6093190e-02
   1.6056914e-02
   1.6020733e-02
   1.5984646e-02
   1.5948653e-02
   1.5912755e-02
   1.5876951e-02
   1.5841240e-02
   1.5805623e-02
   1.5770099e-02
   1.5734668e-02
   1.5699330e-02
   1.5664084e-02
   1.5628930e-02
   1.5593869e-02
   1.5558899e-02
   1.5524020e-02
   1.5489233e-02
   1.5454537e-02
   1.5419931e-02
   1.5385416e-02
   1.5350992e-02
   1.5316657e-02
   1.5282413e-02
   1.5248257e-02
   1.5214192e-02
   1.5180215e-02
   1.5146327e-02
   1.5112528e-02
   1.5078817e-02
   1.5045195e-02
   1.5011660e-02
   1.4978213e-02
   1.4944854e-02
   1.4911582e-02
   1.4878397e-02
   1.4845298e-02
   1.4812287e-02
   1.4779361e-02
   1.4746522e-02
   1.4713769e-02
   1.4681101e-02
   1.4648519e-02
   1.4616022e-02
   1.4583610e-02
   1.4551283e-02
   1.4519040e-02
   1.4486882e-02
   1.4454808e-02
   1.4422817e-02
   1.4390911e-02
   1.4359088e-02
   1.4327348e-02
   1.4295691e-02
   1.4264117e-02
   1.4232625e-02
   1.4201216e-02
   1.4169889e-02
   1.4138644e-02
   1.4107480e-02
   1.4076399e-02
   1.4045398e-02
   1.4014478e-02
   1.3983640e-02
   1.3952882e-02
   1.3922204e-02
   1.3891607e-02
   1.3861090e-02
   1.3830652e-02
   1.3800294e-02
   1.3770016e-02
   1.3739816e-02
   1.3709696e-02
   1.3679654e-02
   1.3649691e-02
   1.3619807e-02
   1.3590000e-02
   1.3560271e-02
   1.3530621e-02
   1.3501047e-02
   1.3471551e-02
   1.3442132e-02
   1.3412790e-02
   1.3383525e-02
   1.3354337e-02
   1.3325224e-02
   1.3296188e-02
   1.3267228e-02
   1.3238343e-02
   1.3209534e-02
   1.3180800e-02
   1.3152142e-02
   1.3123558e-02
   1.3095049e-02
   1.3066615e-02
   1.3038255e-02
   1.3009969e-02
   1.2981757e-02
   1.2953619e-02
   1.2925554e-02
   1.2897563e-02
   1.2869645e-02
   1.2841800e-02
   1.2814027e-02
   1.2786328e-02
   1.2758701e-02
   1.2731146e-02
   1.2703663e-02
   1.2676252e-02
   1.2648912e-02
   1.2621644e-02
   1.2594447e-02
   1.2567322e-02
   1.2540267e-02
   1.2513283e-02
   1.2486370e-02
   1.2459527e-02
   1.2432754e-02
   1.2406051e-02
   1.2379418e-02
   1.2352854e-02
   1.2326360e-02
   1.2299936e-02
   1.2273580e-02
   1.2247293e-02
   1.2221075e-02
   1.2194926e-02
   1.2168844e-02
   1.2142831e-02
   1.2116886e-02
   1.2091009e-02
   1.2065199e-02
   1.2039457e-02
   1.2013783e-02
   1.1988175e-02
   1.1962634e-02
   1.1937160e-02
   1.1911753e-02
   1.1886412e-02
   1.1861137e-02
   1.1835928e-02
   1.1810785e-02
   1.1785708e-02
   1.1760697e-02
   1.1735750e-02
   1.1710869e-02
   1.1686053e-02
   1.1661302e-02
   1.1636616e-02
   1.1611994e-02
   1.1587436e-02
   1.1562943e-02
   1.1538513e-02
   1.1514148e-02
   1.1489846e-02
   1.1465608e-02
   1.1441433e-02
   1.1417321e-02
   1.1393272e-02
   1.1369286e-02
