   1.0633586e+00
   1.0630166e+00
   1.0626746e+00
   1.0623328e+00
   1.0619911e+00
   1.0616495e+00
   1.0613080e+00
   1.0609667e+00
   1.0606255e+00
   1.0602844e+00
   1.0599434e+00
   1.0596026e+00
   1.0592618e+00
   1.0589212e+00
   1.0585808e+00
   1.0582404e+00
   1.0579002e+00
   1.0575600e+00
   1.0572201e+00
   1.0568802e+00
   1.0565404e+00
   1.0562008e+00
   1.0558613e+00
   1.0555219e+00
   1.0551827e+00
   1.0548435e+00
   1.0545045e+00
   1.0541656e+00
   1.0538268e+00
   1.0534882e+00
   1.0531497e+00
   1.0528113e+00
   1.0524730e+00
   1.0521348e+00
   1.0517968e+00
   1.0514588e+00
   1.0511210e+00
   1.0507833e+00
   1.0504458e+00
   1.0501083e+00
   1.0497710e+00
   1.0494338e+00
   1.0490967e+00
   1.0487598e+00
   1.0484229e+00
   1.0480862e+00
   1.0477496e+00
   1.0474132e+00
   1.0470768e+00
   1.0467406e+00
   1.0464045e+00
   1.0460685e+00
   1.0457326e+00
   1.0453968e+00
   1.0450612e+00
   1.0447257e+00
   1.0443903e+00
   1.0440550e+00
   1.0437199e+00
   1.0433848e+00
   1.0430499e+00
   1.0427151e+00
   1.0423804e+00
   1.0420459e+00
   1.0417114e+00
   1.0413771e+00
   1.0410429e+00
   1.0407088e+00
   1.0403749e+00
   1.0400410e+00
   1.0397073e+00
   1.0393737e+00
   1.0390402e+00
   1.0387069e+00
   1.0383736e+00
   1.0380405e+00
   1.0377075e+00
   1.0373746e+00
   1.0370418e+00
   1.0367092e+00
   1.0363766e+00
   1.0360442e+00
   1.0357119e+00
   1.0353797e+00
   1.0350477e+00
   1.0347157e+00
   1.0343839e+00
   1.0340522e+00
   1.0337206e+00
   1.0333892e+00
   1.0330578e+00
   1.0327266e+00
   1.0323955e+00
   1.0320645e+00
   1.0317336e+00
   1.0314028e+00
   1.0310722e+00
   1.0307416e+00
   1.0304112e+00
   1.0300809e+00
   1.0297508e+00
   1.0294345e+00
   1.1691882e+00
   1.3062052e+00
   1.4407233e+00
   1.5729470e+00
   1.7030664e+00
   1.8312600e+00
   1.9576968e+00
   2.0825379e+00
   2.2059390e+00
   2.3280520e+00
   2.4490290e+00
   2.5690272e+00
   2.6882147e+00
   2.8067808e+00
   2.9249481e+00
   3.0429907e+00
   3.1612596e+00
   3.2802180e+00
   3.4004918e+00
   3.5229477e+00
   3.6488048e+00
   3.7798174e+00
   3.9185723e+00
   4.0690058e+00
   4.2373734e+00
   4.4341512e+00
   4.6781182e+00
   5.0058857e+00
   5.4963976e+00
   6.3403959e+00
   8.0755860e+00
   1.2073516e+01
   1.5595602e+01
   1.7014631e+01
   1.7450760e+01
   1.7522859e+01
   1.7463299e+01
   1.7353069e+01
   1.7220164e+01
   1.7074632e+01
   1.6920545e+01
   1.6759992e+01
   1.6594362e+01
   1.6424761e+01
   1.6252152e+01
   1.6077372e+01
   1.5901171e+01
   1.5724199e+01
   1.5547025e+01
   1.5370140e+01
   1.5083766e+01
   1.4806922e+01
   1.4539605e+01
   1.4281727e+01
   1.4033131e+01
   1.3793611e+01
   1.3562925e+01
   1.3340809e+01
   1.3126976e+01
   1.2921132e+01
   1.2722976e+01
   1.2532203e+01
   1.2348512e+01
   1.2171604e+01
   1.2001188e+01
   1.1836975e+01
   1.1678687e+01
   1.1526056e+01
   1.1378819e+01
   1.1236725e+01
   1.1099534e+01
   1.0967008e+01
   1.0838927e+01
   1.0715077e+01
   1.0595255e+01
   1.0479267e+01
   1.0366923e+01
   1.0258048e+01
   1.0152475e+01
   1.0050039e+01
   9.9505900e+00
   9.8539804e+00
   9.7600736e+00
   9.6687408e+00
   9.5798517e+00
   9.4932903e+00
   9.4089467e+00
   9.3267125e+00
   9.2464876e+00
   9.1681750e+00
   9.0916853e+00
   9.0169339e+00
   8.9438394e+00
   8.8723264e+00
   8.8023207e+00
   8.7337534e+00
   8.6665595e+00
   8.6006797e+00
   8.5360542e+00
   8.4726294e+00
   8.4103512e+00
   8.3491712e+00
   8.2890451e+00
   8.2299271e+00
   8.1717755e+00
   8.1145519e+00
   8.0582182e+00
   8.0027415e+00
   7.9480864e+00
   7.8942225e+00
   7.8411196e+00
   7.7887505e+00
   7.7370884e+00
   7.6861073e+00
   7.6357853e+00
   7.5861003e+00
   7.5370296e+00
   7.4885543e+00
   7.4406560e+00
   7.3933148e+00
   7.3465150e+00
   7.3002402e+00
   7.2544754e+00
   7.2092069e+00
   7.1644203e+00
   7.1201011e+00
   7.0762400e+00
   7.0328238e+00
   6.9898414e+00
   6.9472835e+00
   6.9051395e+00
   6.8634006e+00
   6.8220569e+00
   6.7811007e+00
   6.7405236e+00
   6.7003189e+00
   6.6604785e+00
   6.6209956e+00
   6.5818636e+00
   6.5430766e+00
   6.5046284e+00
   6.4665137e+00
   6.4287257e+00
   6.3912610e+00
   6.3541131e+00
   6.3172787e+00
   6.2807520e+00
   6.2445306e+00
   6.2086081e+00
   6.1729827e+00
   6.1376498e+00
   6.1026048e+00
   6.0678458e+00
   6.0333685e+00
   5.9991699e+00
   5.9652466e+00
   5.9315956e+00
   5.8982146e+00
   5.8651003e+00
   5.8322503e+00
   5.7996614e+00
   5.7673295e+00
   5.7352556e+00
   5.7034353e+00
   5.6718667e+00
   5.6405485e+00
   5.6094774e+00
   5.5786504e+00
   5.5480666e+00
   5.5177243e+00
   5.4876210e+00
   5.4577548e+00
   5.4281243e+00
   5.3987274e+00
   5.3695619e+00
   5.3406267e+00
   5.3119200e+00
   5.2834397e+00
   5.2551830e+00
   5.2271502e+00
   5.1993393e+00
   5.1717490e+00
   5.1443766e+00
   5.1172218e+00
   5.0902829e+00
   5.0635579e+00
   5.0370457e+00
   5.0107445e+00
   4.9846530e+00
   4.9587679e+00
   4.9330914e+00
   4.9076206e+00
   4.8823533e+00
   4.8572892e+00
   4.8324268e+00
   4.8077648e+00
   4.7833016e+00
   4.7590363e+00
   4.7349668e+00
   4.7110926e+00
   4.6874122e+00
   4.6639255e+00
   4.6406290e+00
   4.6175228e+00
   4.5946046e+00
   4.5718752e+00
   4.5493321e+00
   4.5269745e+00
   4.5048014e+00
   4.4828115e+00
   4.4610028e+00
   4.4393745e+00
   4.4179268e+00
   4.3966580e+00
   4.3755658e+00
   4.3546507e+00
   4.3339104e+00
   4.3133446e+00
   4.2929504e+00
   4.2727296e+00
   4.2526792e+00
   4.2327985e+00
   4.2130871e+00
   4.1935431e+00
   4.1741649e+00
   4.1549524e+00
   4.1359052e+00
   4.1170222e+00
   4.0983021e+00
   4.0797439e+00
   4.0613451e+00
   4.0431058e+00
   4.0250254e+00
   4.0071027e+00
   3.9893368e+00
   3.9717268e+00
   3.9542718e+00
   3.9369707e+00
   3.9198228e+00
   3.9028270e+00
   3.8859825e+00
   3.8692884e+00
   3.8527440e+00
   3.8363481e+00
   3.8201000e+00
   3.8039987e+00
   3.7880436e+00
   3.7722336e+00
   3.7565679e+00
   3.7410457e+00
   3.7256660e+00
   3.7104294e+00
   3.6953343e+00
   3.6803795e+00
   3.6655643e+00
   3.6508877e+00
   3.6363489e+00
   3.6219490e+00
   3.6076859e+00
   3.5935597e+00
   3.5795685e+00
   3.5657127e+00
   3.5519908e+00
   3.5384036e+00
   3.5249492e+00
   3.5116278e+00
   3.4984391e+00
   3.4853823e+00
   3.4724560e+00
   3.4596597e+00
   3.4469950e+00
   3.4344605e+00
   3.4220545e+00
   3.4097776e+00
   3.3976290e+00
   3.3856081e+00
   3.3737150e+00
   3.3619489e+00
   3.3503112e+00
   3.3387999e+00
   3.3274146e+00
   3.3161551e+00
   3.3050213e+00
   3.2940127e+00
   3.2831290e+00
   3.2723700e+00
   3.2617349e+00
   3.2512230e+00
   3.2408352e+00
   3.2305707e+00
   3.2204284e+00
   3.2104082e+00
   3.2005100e+00
   3.1907330e+00
   3.1810771e+00
   3.1715415e+00
   3.1621258e+00
   3.1528293e+00
   3.1436517e+00
   3.1345924e+00
   3.1256503e+00
   3.1168255e+00
   3.1081167e+00
   3.0995244e+00
   3.0910462e+00
   3.0826817e+00
   3.0744314e+00
   3.0662945e+00
   3.0582686e+00
   3.0503532e+00
   3.0425487e+00
   3.0348541e+00
   3.0272676e+00
   3.0197894e+00
   3.0124174e+00
   3.0051518e+00
   2.9979904e+00
   2.9909335e+00
   2.9839790e+00
   2.9771271e+00
   2.9703759e+00
   2.9637259e+00
   2.9571747e+00
   2.9507215e+00
   2.9443657e+00
   2.9381063e+00
   2.9319416e+00
   2.9258722e+00
   2.9198959e+00
   2.9140117e+00
   2.9082189e+00
   2.9025163e+00
   2.8969036e+00
   2.8913790e+00
   2.8859417e+00
   2.8805913e+00
   2.8753265e+00
   2.8701464e+00
   2.8650499e+00
   2.8600359e+00
   2.8551040e+00
   2.8502528e+00
   2.8454816e+00
   2.8407897e+00
   2.8361760e+00
   2.8316396e+00
   2.8271794e+00
   2.8227946e+00
   2.8184850e+00
   2.8142491e+00
   2.8100866e+00
   2.8059958e+00
   2.8019766e+00
   2.7980283e+00
   2.7941494e+00
   2.7903395e+00
   2.7865979e+00
   2.7829236e+00
   2.7793160e+00
   2.7757749e+00
   2.7722989e+00
   2.7688871e+00
   2.7655395e+00
   2.7622545e+00
   2.7590331e+00
   2.7558718e+00
   2.7527719e+00
   2.7497332e+00
   2.7467534e+00
   2.7438335e+00
   2.7409708e+00
   2.7381659e+00
   2.7354183e+00
   2.7327274e+00
   2.7300930e+00
   2.7275124e+00
   2.7249870e+00
   2.7225157e+00
   2.7200984e+00
   2.7177340e+00
   2.7154211e+00
   2.7131592e+00
   2.7109490e+00
   2.7087893e+00
   2.7066799e+00
   2.7046196e+00
   2.7026084e+00
   2.7006461e+00
   2.6987315e+00
   2.6968644e+00
   2.6950436e+00
   2.6932704e+00
   2.6915434e+00
   2.6898611e+00
   2.6882248e+00
   2.6866327e+00
   2.6850844e+00
   2.6835801e+00
   2.6821186e+00
   2.6807007e+00
   2.6793244e+00
   2.6779896e+00
   2.6766962e+00
   2.6754438e+00
   2.6742321e+00
   2.6730614e+00
   2.6719295e+00
   2.6708376e+00
   2.6697839e+00
   2.6687684e+00
   2.6677909e+00
   2.6668518e+00
   2.6659511e+00
   2.6650860e+00
   2.6642580e+00
   2.6634654e+00
   2.6627079e+00
   2.6619871e+00
   2.6613009e+00
   2.6606489e+00
   2.6600324e+00
   2.6594495e+00
   2.6588996e+00
   2.6583839e+00
   2.6579010e+00
   2.6574512e+00
   2.6570336e+00
   2.6566482e+00
   2.6562948e+00
   2.6559731e+00
   2.6556816e+00
   2.6554212e+00
   2.6551913e+00
   2.6549916e+00
   2.6548223e+00
   2.6546818e+00
   2.6545707e+00
   2.6544888e+00
   2.6544355e+00
   2.6544111e+00
   2.6544144e+00
   2.6544457e+00
   2.6545048e+00
   2.6545911e+00
   2.6547047e+00
   2.6548447e+00
   2.6550113e+00
   2.6552042e+00
   2.6554229e+00
   2.6556676e+00
   2.6559375e+00
   2.6562330e+00
   2.6565533e+00
   2.6568981e+00
   2.6572675e+00
   2.6576622e+00
   2.6580805e+00
   2.6585227e+00
   2.6589884e+00
   2.6594771e+00
   2.6599891e+00
   2.6605250e+00
   2.6610830e+00
   2.6616636e+00
   2.6622662e+00
   2.6628907e+00
   2.6635370e+00
   2.6642057e+00
   2.6648955e+00
   2.6656074e+00
   2.6663398e+00
   2.6670936e+00
   2.6678673e+00
   2.6686624e+00
   2.6694771e+00
   2.6703131e+00
   2.6711677e+00
   2.6720422e+00
   2.6729359e+00
   2.6738494e+00
   2.6747809e+00
   2.6757318e+00
   2.6767025e+00
   2.6776913e+00
   2.6786991e+00
   2.6797244e+00
   2.6807698e+00
   2.6818315e+00
   2.6829113e+00
   2.6840085e+00
   2.6851245e+00
   2.6862567e+00
   2.6874064e+00
   2.6885733e+00
   2.6897563e+00
   2.6909562e+00
   2.6921724e+00
   2.6934060e+00
   2.6946551e+00
   2.6959215e+00
   2.6972026e+00
   2.6985009e+00
   2.6998135e+00
   2.7011430e+00
   2.7024866e+00
   2.7038468e+00
   2.7052207e+00
   2.7066108e+00
   2.7080145e+00
   2.7094340e+00
   2.7108673e+00
   2.7123161e+00
   2.7137781e+00
   2.7152545e+00
   2.7167447e+00
   2.7182494e+00
   2.7197672e+00
   2.7212994e+00
   2.7228446e+00
   2.7244039e+00
   2.7259760e+00
   2.7275620e+00
   2.7291607e+00
   2.7307730e+00
   2.7323974e+00
   2.7340353e+00
   2.7356861e+00
   2.7373491e+00
   2.7390246e+00
   2.7407128e+00
   2.7424128e+00
   2.7441252e+00
   2.7458498e+00
   2.7475861e+00
   2.7493344e+00
   2.7510946e+00
   2.7528658e+00
   2.7546495e+00
   2.7564436e+00
   2.7582499e+00
   2.7600679e+00
   2.7618962e+00
   2.7637364e+00
   2.7655864e+00
   2.7674481e+00
   2.7693209e+00
   2.7712036e+00
   2.7730974e+00
   2.7750019e+00
   2.7769161e+00
   2.7788409e+00
   2.7807761e+00
   2.7827212e+00
   2.7846776e+00
   2.7866443e+00
   2.7886200e+00
   2.7906056e+00
   2.7926006e+00
   2.7946058e+00
   2.7966204e+00
   2.7986443e+00
   2.8006788e+00
   2.8027228e+00
   2.8047753e+00
   2.8068368e+00
   2.8089066e+00
   2.8109876e+00
   2.8130768e+00
   2.8151751e+00
   2.8172821e+00
   2.8193978e+00
   2.8215218e+00
   2.8236558e+00
   2.8257978e+00
   2.8279477e+00
   2.8301071e+00
   2.8322746e+00
   2.8344512e+00
   2.8366352e+00
   2.8388277e+00
   2.8410287e+00
   2.8432383e+00
   2.8454550e+00
   2.8476795e+00
   2.8499128e+00
   2.8521538e+00
   2.8544023e+00
   2.8566584e+00
   2.8589226e+00
   2.8611941e+00
   2.8634748e+00
   2.8657629e+00
   2.8680575e+00
   2.8703598e+00
   2.8726693e+00
   2.8749860e+00
   2.8773101e+00
   2.8796415e+00
   2.8819803e+00
   2.8843257e+00
   2.8866774e+00
   2.8890377e+00
   2.8914046e+00
   2.8937782e+00
   2.8961587e+00
   2.8985459e+00
   2.9009400e+00
   2.9033408e+00
   2.9057484e+00
   2.9081628e+00
   2.9105839e+00
   2.9130113e+00
   2.9154457e+00
   2.9178866e+00
   2.9203344e+00
   2.9227875e+00
   2.9252466e+00
   2.9277121e+00
   2.9301838e+00
   2.9326614e+00
   2.9351453e+00
   2.9376360e+00
   2.9401330e+00
   2.9426351e+00
   2.9451440e+00
   2.9476587e+00
   2.9501786e+00
   2.9527048e+00
   2.9552374e+00
   2.9577749e+00
   2.9603190e+00
   2.9628686e+00
   2.9654232e+00
   2.9679841e+00
   2.9705512e+00
   2.9731227e+00
   2.9757013e+00
   2.9782841e+00
   2.9808729e+00
   2.9834666e+00
   2.9860654e+00
   2.9886696e+00
   2.9912787e+00
   2.9938936e+00
   2.9965141e+00
   2.9991396e+00
   3.0017704e+00
   3.0044061e+00
   3.0070463e+00
   3.0096918e+00
   3.0123439e+00
   3.0150010e+00
   3.0176625e+00
   3.0203288e+00
   3.0229996e+00
   3.0256755e+00
   3.0283565e+00
   3.0310423e+00
   3.0337327e+00
   3.0364278e+00
   3.0391282e+00
   3.0418333e+00
   3.0445429e+00
   3.0472571e+00
   3.0499759e+00
   3.0526992e+00
   3.0554274e+00
   3.0581605e+00
   3.0608984e+00
   3.0636406e+00
   3.0663877e+00
   3.0691393e+00
   3.0718959e+00
   3.0746566e+00
   3.0774209e+00
   3.0801905e+00
   3.0829633e+00
   3.0857412e+00
   3.0885230e+00
   3.0913090e+00
   3.0940992e+00
   3.0968939e+00
   3.0996934e+00
   3.1024972e+00
   3.1053044e+00
   3.1081157e+00
   3.1109311e+00
   3.1137509e+00
   3.1165743e+00
   3.1194026e+00
   3.1222344e+00
   3.1250704e+00
   3.1279108e+00
   3.1307551e+00
   3.1336041e+00
   3.1364571e+00
   3.1393133e+00
   3.1421730e+00
   3.1450369e+00
   3.1479051e+00
   3.1507762e+00
   3.1536531e+00
   3.1565320e+00
   3.1594147e+00
   3.1623022e+00
   3.1651922e+00
   3.1680860e+00
   3.1709831e+00
   3.1738840e+00
   3.1767896e+00
   3.1796986e+00
   3.1826118e+00
   3.1855279e+00
   3.1884477e+00
   3.1913715e+00
   3.1942998e+00
   3.1972315e+00
   3.2001656e+00
   3.2031038e+00
   3.2060449e+00
   3.2089897e+00
   3.2119385e+00
   3.2148900e+00
   3.2178453e+00
   3.2208045e+00
   3.2237664e+00
   3.2267321e+00
   3.2297018e+00
   3.2326741e+00
   3.2356503e+00
   3.2386304e+00
   3.2416127e+00
   3.2445989e+00
   3.2475888e+00
   3.2505820e+00
   3.2535776e+00
   3.2565769e+00
   3.2595788e+00
   3.2625846e+00
   3.2655944e+00
   3.2686063e+00
   3.2716212e+00
   3.2746387e+00
   3.2776599e+00
   3.2806843e+00
   3.2837118e+00
   3.2867429e+00
   3.2897774e+00
   3.2928147e+00
   3.2958555e+00
   3.2988985e+00
   3.3019446e+00
   3.3049932e+00
   3.3080457e+00
   3.3111015e+00
   3.3141605e+00
   3.3172223e+00
   3.3202877e+00
   3.3233553e+00
   3.3264260e+00
   3.3294994e+00
   3.3325767e+00
   3.3356574e+00
   3.3387405e+00
   3.3418274e+00
   3.3449158e+00
   3.3480082e+00
   3.3511025e+00
   3.3542006e+00
   3.3573008e+00
   3.3604048e+00
   3.3635108e+00
   3.3666207e+00
   3.3697325e+00
   3.3728483e+00
   3.3759660e+00
   3.3790877e+00
   3.3822108e+00
   3.3853366e+00
   3.3884657e+00
   3.3915970e+00
   3.3947324e+00
   3.3978697e+00
   3.4010111e+00
   3.4041538e+00
   3.4072992e+00
   3.4104486e+00
   3.4136003e+00
   3.4167536e+00
   3.4199108e+00
   3.4230699e+00
   3.4262309e+00
   3.4293957e+00
   3.4325629e+00
   3.4357341e+00
   3.4389065e+00
   3.4420816e+00
   3.4452609e+00
   3.4484427e+00
   3.4516260e+00
   3.4548122e+00
   3.4580020e+00
   3.4611929e+00
   3.4643867e+00
   3.4675830e+00
   3.4707831e+00
   3.4739855e+00
   3.4771895e+00
   3.4803953e+00
   3.4836042e+00
   3.4868155e+00
   3.4900298e+00
   3.4932460e+00
   3.4964664e+00
   3.4996885e+00
   3.5029131e+00
   3.5061400e+00
   3.5093695e+00
   3.5126019e+00
   3.5158364e+00
   3.5190738e+00
   3.5223134e+00
   3.5255560e+00
   3.5288002e+00
   3.5320486e+00
   3.5352981e+00
   3.5385515e+00
   3.5418060e+00
   3.5450644e+00
   3.5483239e+00
   3.5515875e+00
   3.5548521e+00
   3.5581208e+00
   3.5613900e+00
   3.5646622e+00
   3.5679366e+00
   3.5712133e+00
   3.5744921e+00
   3.5777729e+00
   3.5810575e+00
   3.5843436e+00
   3.5876322e+00
   3.5909225e+00
   3.5942178e+00
   3.5975137e+00
   3.6008115e+00
   3.6041115e+00
   3.6074136e+00
   3.6107206e+00
   3.6140285e+00
   3.6173387e+00
   3.6206511e+00
   3.6239655e+00
   3.6272823e+00
   3.6306013e+00
   3.6339228e+00
   3.6372466e+00
   3.6405729e+00
   3.6439015e+00
   3.6472327e+00
   3.6505663e+00
   3.6539024e+00
   3.6572404e+00
   3.6605801e+00
   3.6639221e+00
   3.6672661e+00
   3.6706148e+00
   3.6739643e+00
   3.6773159e+00
   3.6806700e+00
   3.6840256e+00
   3.6873842e+00
   3.6907445e+00
   3.6941080e+00
   3.6974741e+00
   3.7008416e+00
   3.7042115e+00
   3.7075841e+00
   3.7109587e+00
   3.7143353e+00
   3.7177144e+00
   3.7210950e+00
   3.7244782e+00
   3.7278640e+00
   3.7312517e+00
   3.7346415e+00
   3.7380338e+00
   3.7414287e+00
   3.7448254e+00
   3.7482239e+00
   3.7516249e+00
   3.7550275e+00
   3.7584330e+00
   3.7618406e+00
   3.7652503e+00
   3.7686626e+00
   3.7720766e+00
   3.7754935e+00
   3.7789121e+00
   3.7823333e+00
   3.7857565e+00
   3.7891816e+00
   3.7926094e+00
   3.7960385e+00
   3.7994703e+00
   3.8029051e+00
   3.8063411e+00
   3.8097786e+00
   3.8132185e+00
   3.8166610e+00
   3.8201063e+00
   3.8235529e+00
   3.8270011e+00
   3.8304518e+00
   3.8339050e+00
   3.8373612e+00
   3.8408187e+00
   3.8442779e+00
   3.8477393e+00
   3.8512034e+00
   3.8546699e+00
   3.8581384e+00
   3.8616100e+00
   3.8650821e+00
   3.8685563e+00
   3.8720320e+00
   3.8755109e+00
   3.8789932e+00
   3.8824760e+00
   3.8859611e+00
   3.8894476e+00
   3.8929361e+00
   3.8964270e+00
   3.8999203e+00
   3.9034157e+00
   3.9069142e+00
   3.9104136e+00
   3.9139152e+00
   3.9174185e+00
   3.9209238e+00
   3.9244318e+00
   3.9279416e+00
   3.9314533e+00
   3.9349667e+00
   3.9384835e+00
   3.9420013e+00
   3.9455212e+00
   3.9490431e+00
   3.9525671e+00
   3.9560933e+00
   3.9596216e+00
   3.9631534e+00
   3.9666862e+00
   3.9702204e+00
   3.9737567e+00
   3.9772955e+00
   3.9808365e+00
   3.9843797e+00
   3.9879246e+00
   3.9914715e+00
   3.9950206e+00
   3.9985720e+00
   4.0021253e+00
   4.0056806e+00
   4.0092383e+00
   4.0127973e+00
   4.0163583e+00
   4.0199218e+00
   4.0234877e+00
   4.0270550e+00
   4.0306239e+00
   4.0341955e+00
   4.0377691e+00
   4.0413444e+00
   4.0449217e+00
   4.0485016e+00
   4.0520826e+00
   4.0556661e+00
   4.0592517e+00
   4.0628392e+00
   4.0664292e+00
   4.0700208e+00
   4.0736142e+00
   4.0772098e+00
   4.0808068e+00
   4.0844058e+00
   4.0880073e+00
   4.0916106e+00
   4.0952165e+00
   4.0988237e+00
   4.1024330e+00
   4.1060452e+00
   4.1096590e+00
   4.1132742e+00
   4.1168918e+00
   4.1205109e+00
   4.1241321e+00
   4.1277563e+00
   4.1313809e+00
   4.1350077e+00
   4.1386374e+00
   4.1422685e+00
   4.1459015e+00
   4.1495366e+00
   4.1531736e+00
   4.1568120e+00
   4.1604527e+00
   4.1640963e+00
   4.1677426e+00
   4.1713894e+00
   4.1750387e+00
   4.1786899e+00
   4.1823433e+00
   4.1859990e+00
   4.1896555e+00
   4.1933136e+00
   4.1969740e+00
   4.2006356e+00
   4.2042999e+00
   4.2079662e+00
   4.2116344e+00
   4.2153051e+00
   4.2189784e+00
   4.2226526e+00
   4.2263288e+00
   4.2300073e+00
   4.2336873e+00
   4.2373696e+00
   4.2410538e+00
   4.2447397e+00
   4.2484283e+00
   4.2521186e+00
   4.2558108e+00
   4.2595047e+00
   4.2632013e+00
   4.2668990e+00
   4.2705987e+00
   4.2743003e+00
   4.2780045e+00
   4.2817100e+00
   4.2854176e+00
   4.2891270e+00
   4.2928380e+00
   4.2965508e+00
   4.3002651e+00
   4.3039823e+00
   4.3077015e+00
   4.3114221e+00
   4.3151454e+00
   4.3188706e+00
   4.3225973e+00
   4.3263261e+00
   4.3300567e+00
   4.3337892e+00
   4.3375228e+00
   4.3412589e+00
   4.3449970e+00
   4.3487367e+00
   4.3524785e+00
   4.3562223e+00
   4.3599683e+00
   4.3637154e+00
   4.3674651e+00
   4.3712171e+00
   4.3749708e+00
   4.3787266e+00
   4.3824835e+00
   4.3862427e+00
   4.3900036e+00
   4.3937669e+00
   4.3975313e+00
   4.4012981e+00
   4.4050667e+00
   4.4088377e+00
   4.4126100e+00
   4.4163848e+00
   4.4201615e+00
   4.4239398e+00
   4.4277194e+00
   4.4315014e+00
   4.4352849e+00
   4.4390708e+00
   4.4428583e+00
   4.4466482e+00
   4.4504399e+00
   4.4542338e+00
   4.4580287e+00
   4.4618266e+00
   4.4656264e+00
   4.4694275e+00
   4.4732308e+00
   4.4770357e+00
   4.4808425e+00
   4.4846517e+00
   4.4884619e+00
   4.4922757e+00
   4.4960898e+00
   4.4999057e+00
   4.5037244e+00
   4.5075442e+00
   4.5113661e+00
   4.5151895e+00
   4.5190160e+00
   4.5228430e+00
   4.5266718e+00
   4.5305036e+00
   4.5343367e+00
   4.5381713e+00
   4.5420090e+00
   4.5458477e+00
   4.5496879e+00
   4.5535315e+00
   4.5573757e+00
   4.5612217e+00
   4.5650693e+00
   4.5689202e+00
   4.5727711e+00
   4.5766234e+00
   4.5804787e+00
   4.5843360e+00
   4.5881948e+00
   4.5920550e+00
   4.5959166e+00
   4.5997797e+00
   4.6036446e+00
   4.6075125e+00
   4.6113838e+00
   4.6152554e+00
   4.6191289e+00
   4.6230043e+00
   4.6268817e+00
   4.6307612e+00
   4.6346428e+00
   4.6385266e+00
   4.6424110e+00
   4.6462975e+00
   4.6501849e+00
   4.6540756e+00
   4.6579676e+00
   4.6618616e+00
   4.6657580e+00
   4.6696563e+00
   4.6735566e+00
   4.6774593e+00
   4.6813628e+00
   4.6852681e+00
   4.6891747e+00
   4.6930830e+00
   4.6969930e+00
   4.7009047e+00
   4.7048181e+00
   4.7087331e+00
   4.7126499e+00
   4.7165684e+00
   4.7204887e+00
   4.7244112e+00
   4.7283367e+00
   4.7322637e+00
   4.7361917e+00
   4.7401228e+00
   4.7440553e+00
   4.7479885e+00
   4.7519235e+00
   4.7558603e+00
   4.7597990e+00
   4.7637394e+00
   4.7676818e+00
   4.7716259e+00
   4.7755720e+00
   4.7795199e+00
   4.7834697e+00
   4.7874214e+00
   4.7913749e+00
   4.7953304e+00
   4.7992879e+00
   4.8032472e+00
   4.8072085e+00
   4.8111718e+00
   4.8151370e+00
   4.8191042e+00
   4.8230734e+00
   4.8270445e+00
   4.8310177e+00
   4.8349929e+00
   4.8389701e+00
   4.8429493e+00
   4.8469292e+00
   4.8509105e+00
   4.8548950e+00
   4.8588804e+00
   4.8628676e+00
   4.8668581e+00
   4.8708489e+00
   4.8748414e+00
   4.8788374e+00
   4.8828342e+00
   4.8868331e+00
   4.8908357e+00
   4.8948381e+00
   4.8988428e+00
   4.9028492e+00
   4.9068568e+00
   4.9108657e+00
   4.9148787e+00
   4.9188914e+00
   4.9229048e+00
   4.9269204e+00
   4.9309381e+00
   4.9349581e+00
   4.9389804e+00
   4.9430036e+00
   4.9470287e+00
   4.9510564e+00
   4.9550853e+00
   4.9591159e+00
   4.9631507e+00
   4.9671851e+00
   4.9712226e+00
   4.9752613e+00
   4.9793011e+00
   4.9833426e+00
   4.9873866e+00
   4.9914318e+00
   4.9954788e+00
   4.9995283e+00
   5.0035788e+00
   5.0076316e+00
   5.0116868e+00
   5.0157433e+00
   5.0198009e+00
   5.0238618e+00
   5.0279240e+00
   5.0319876e+00
   5.0360521e+00
   5.0401206e+00
   5.0441895e+00
   5.0482604e+00
   5.0523334e+00
   5.0564072e+00
   5.0604843e+00
   5.0645620e+00
   5.0686413e+00
   5.0727231e+00
   5.0768066e+00
   5.0808910e+00
   5.0849784e+00
   5.0890673e+00
   5.0931572e+00
   5.0972493e+00
   5.1013429e+00
   5.1054383e+00
   5.1095355e+00
   5.1136345e+00
   5.1177352e+00
   5.1218378e+00
   5.1259422e+00
   5.1300484e+00
   5.1341565e+00
   5.1382665e+00
   5.1423784e+00
   5.1464921e+00
   5.1506078e+00
   5.1547254e+00
   5.1588450e+00
   5.1629666e+00
   5.1670892e+00
   5.1712136e+00
   5.1753401e+00
   5.1794683e+00
   5.1835982e+00
   5.1877291e+00
   5.1918628e+00
   5.1959975e+00
   5.2001352e+00
   5.2042750e+00
   5.2084153e+00
   5.2125573e+00
   5.2167016e+00
   5.2208481e+00
   5.2249957e+00
   5.2291455e+00
   5.2332967e+00
   5.2374501e+00
   5.2416048e+00
   5.2457618e+00
   5.2499202e+00
   5.2540809e+00
   5.2582431e+00
   5.2624076e+00
   5.2665728e+00
   5.2707401e+00
   5.2749090e+00
   5.2790800e+00
   5.2832522e+00
   5.2874265e+00
   5.2916033e+00
   5.2957815e+00
   5.2999622e+00
   5.3041441e+00
   5.3083274e+00
   5.3125132e+00
   5.3167003e+00
   5.3208889e+00
   5.3250800e+00
   5.3292725e+00
   5.3334666e+00
   5.3376634e+00
   5.3418608e+00
   5.3460610e+00
   5.3502623e+00
   5.3544661e+00
   5.3586716e+00
   5.3628786e+00
   5.3670872e+00
   5.3712987e+00
   5.3755109e+00
   5.3797262e+00
   5.3839422e+00
   5.3881597e+00
   5.3923786e+00
   5.3965994e+00
   5.4008233e+00
   5.4050481e+00
   5.4092746e+00
   5.4135026e+00
   5.4177325e+00
   5.4219658e+00
   5.4261991e+00
   5.4304343e+00
   5.4346713e+00
   5.4389101e+00
   5.4431505e+00
   5.4473930e+00
   5.4516373e+00
   5.4558835e+00
   5.4601316e+00
   5.4643815e+00
   5.4686326e+00
   5.4728871e+00
   5.4771423e+00
   5.4813986e+00
   5.4856582e+00
   5.4899187e+00
   5.4941804e+00
   5.4984455e+00
   5.5027115e+00
   5.5069786e+00
   5.5112478e+00
   5.5155182e+00
   5.5197908e+00
   5.5240648e+00
   5.5283409e+00
   5.5326185e+00
   5.5368984e+00
   5.5411796e+00
   5.5454633e+00
   5.5497484e+00
   5.5540359e+00
   5.5583251e+00
   5.5626165e+00
   5.5669090e+00
   5.5712033e+00
   5.5755000e+00
   5.5797989e+00
   5.5840989e+00
   5.5884001e+00
   5.5927034e+00
   5.5970087e+00
   5.6013166e+00
   5.6056256e+00
   5.6099358e+00
   5.6142484e+00
   5.6185631e+00
   5.6228805e+00
   5.6271992e+00
   5.6315189e+00
   5.6358413e+00
   5.6401651e+00
   5.6444900e+00
   5.6488176e+00
   5.6531467e+00
   5.6574769e+00
   5.6618100e+00
   5.6661445e+00
   5.6704803e+00
   5.6748190e+00
   5.6791593e+00
   5.6835008e+00
   5.6878453e+00
   5.6921905e+00
   5.6965375e+00
   5.7008868e+00
   5.7052379e+00
   5.7095903e+00
   5.7139459e+00
   5.7183023e+00
   5.7226606e+00
   5.7270215e+00
   5.7313834e+00
   5.7357472e+00
   5.7401122e+00
   5.7444789e+00
   5.7488472e+00
   5.7532172e+00
   5.7575905e+00
   5.7619650e+00
   5.7663416e+00
   5.7707196e+00
   5.7750994e+00
   5.7794814e+00
   5.7838648e+00
   5.7882502e+00
   5.7926378e+00
   5.7970266e+00
   5.8014178e+00
   5.8058105e+00
   5.8102054e+00
   5.8146017e+00
   5.8190005e+00
   5.8234008e+00
   5.8278036e+00
   5.8322071e+00
   5.8366123e+00
   5.8410196e+00
   5.8454288e+00
   5.8498409e+00
   5.8542539e+00
   5.8586683e+00
   5.8630863e+00
   5.8675046e+00
   5.8719245e+00
   5.8763475e+00
   5.8807718e+00
   5.8851967e+00
   5.8896238e+00
   5.8940533e+00
   5.8984852e+00
   5.9029187e+00
   5.9073535e+00
   5.9117899e+00
   5.9162280e+00
   5.9206677e+00
   5.9251096e+00
   5.9295535e+00
   5.9339992e+00
   5.9384468e+00
   5.9428949e+00
   5.9473459e+00
   5.9517993e+00
   5.9562538e+00
   5.9607119e+00
   5.9651703e+00
   5.9696308e+00
   5.9740924e+00
   5.9785575e+00
   5.9830246e+00
   5.9874936e+00
   5.9919645e+00
   5.9964373e+00
   6.0009122e+00
   6.0053881e+00
   6.0098650e+00
   6.0143459e+00
   6.0188273e+00
   6.0233111e+00
   6.0277960e+00
   6.0322835e+00
   6.0367725e+00
   6.0412657e+00
   6.0457578e+00
   6.0502518e+00
   6.0547486e+00
   6.0592465e+00
   6.0637476e+00
   6.0682492e+00
   6.0727533e+00
   6.0772600e+00
   6.0817674e+00
   6.0862774e+00
   6.0907892e+00
   6.0953029e+00
   6.0998184e+00
   6.1043360e+00
   6.1088554e+00
   6.1133769e+00
   6.1179004e+00
   6.1224261e+00
   6.1269531e+00
   6.1314819e+00
   6.1360118e+00
   6.1405441e+00
   6.1450790e+00
   6.1496171e+00
   6.1541551e+00
   6.1586967e+00
   6.1632386e+00
   6.1677840e+00
   6.1723298e+00
   6.1768794e+00
   6.1814294e+00
   6.1859813e+00
   6.1905345e+00
   6.1950898e+00
   6.1996472e+00
   6.2042060e+00
   6.2087686e+00
   6.2133325e+00
   6.2178983e+00
   6.2224657e+00
   6.2270341e+00
   6.2316053e+00
   6.2361783e+00
   6.2407532e+00
   6.2453308e+00
   6.2499097e+00
   6.2544898e+00
   6.2590731e+00
   6.2636583e+00
   6.2682459e+00
   6.2728342e+00
   6.2774243e+00
   6.2820174e+00
   6.2866118e+00
   6.2912071e+00
   6.2958058e+00
   6.3004060e+00
   6.3050084e+00
   6.3096125e+00
   6.3142194e+00
   6.3188276e+00
   6.3234375e+00
   6.3280485e+00
   6.3326632e+00
   6.3372791e+00
   6.3418975e+00
   6.3465177e+00
   6.3511394e+00
   6.3557623e+00
   6.3603886e+00
   6.3650167e+00
   6.3696465e+00
   6.3742790e+00
   6.3789127e+00
   6.3835473e+00
   6.3881835e+00
   6.3928235e+00
   6.3974653e+00
   6.4021091e+00
   6.4067548e+00
   6.4114025e+00
   6.4160523e+00
   6.4207042e+00
   6.4253582e+00
   6.4300144e+00
   6.4346721e+00
   6.4393312e+00
   6.4439934e+00
   6.4486572e+00
   6.4533218e+00
   6.4579882e+00
   6.4626570e+00
   6.4673273e+00
   6.4720017e+00
   6.4766782e+00
   6.4813559e+00
   6.4860344e+00
   6.4907155e+00
   6.4953986e+00
   6.5000845e+00
   6.5047723e+00
   6.5094616e+00
   6.5141535e+00
   6.5188475e+00
   6.5235434e+00
   6.5282407e+00
   6.5329398e+00
   6.5376419e+00
   6.5423463e+00
   6.5470527e+00
   6.5517609e+00
   6.5564705e+00
   6.5611814e+00
   6.5658946e+00
   6.5706106e+00
   6.5753291e+00
   6.5800493e+00
   6.5847713e+00
   6.5894953e+00
   6.5942213e+00
   6.5989494e+00
   6.6036795e+00
   6.6084120e+00
   6.6131468e+00
   6.6178838e+00
   6.6226216e+00
   6.6273617e+00
   6.6321046e+00
   6.6368484e+00
   6.6415946e+00
   6.6463439e+00
   6.6510941e+00
   6.6558473e+00
   6.6606021e+00
   6.6653589e+00
   6.6701182e+00
   6.6748787e+00
   6.6796407e+00
   6.6844059e+00
   6.6891732e+00
   6.6939405e+00
   6.6987118e+00
   6.7034850e+00
   6.7082608e+00
   6.7130381e+00
   6.7178163e+00
   6.7225972e+00
   6.7273802e+00
   6.7321654e+00
   6.7369528e+00
   6.7417426e+00
   6.7465347e+00
   6.7513293e+00
   6.7561246e+00
   6.7609228e+00
   6.7657230e+00
   6.7705240e+00
   6.7753282e+00
   6.7801345e+00
   6.7849428e+00
   6.7897520e+00
   6.7945644e+00
   6.7993772e+00
   6.8041937e+00
   6.8090128e+00
   6.8138339e+00
   6.8186561e+00
   6.8234818e+00
   6.8283084e+00
   6.8331375e+00
   6.8379673e+00
   6.8428010e+00
   6.8476359e+00
   6.8524731e+00
   6.8573112e+00
   6.8621524e+00
   6.8669958e+00
   6.8718420e+00
   6.8766897e+00
   6.8815399e+00
   6.8863915e+00
   6.8912458e+00
   6.8961017e+00
   6.9009603e+00
   6.9058202e+00
   6.9106823e+00
   6.9155469e+00
   6.9204132e+00
   6.9252809e+00
   6.9301516e+00
   6.9350241e+00
   6.9398987e+00
   6.9447764e+00
   6.9496553e+00
   6.9545348e+00
   6.9594185e+00
   6.9643036e+00
   6.9691891e+00
   6.9740778e+00
   6.9789694e+00
   6.9838625e+00
   6.9887575e+00
   6.9936543e+00
   6.9985536e+00
   7.0034545e+00
   7.0083579e+00
   7.0132626e+00
   7.0181693e+00
   7.0230792e+00
   7.0279905e+00
   7.0329026e+00
   7.0378194e+00
   7.0427376e+00
   7.0476561e+00
   7.0525797e+00
   7.0575048e+00
   7.0624297e+00
   7.0673589e+00
   7.0722900e+00
   7.0772212e+00
   7.0821571e+00
   7.0870950e+00
   7.0920323e+00
   7.0969711e+00
   7.1019134e+00
   7.1068564e+00
   7.1118030e+00
   7.1167502e+00
   7.1217014e+00
   7.1266551e+00
   7.1316095e+00
   7.1365656e+00
   7.1415245e+00
   7.1464863e+00
   7.1514493e+00
   7.1564143e+00
   7.1613825e+00
   7.1663513e+00
   7.1713226e+00
   7.1762970e+00
   7.1812721e+00
   7.1862492e+00
   7.1912272e+00
   7.1962086e+00
   7.2011915e+00
   7.2061766e+00
   7.2111633e+00
   7.2161516e+00
   7.2211403e+00
   7.2261326e+00
   7.2311265e+00
   7.2361233e+00
   7.2411215e+00
   7.2461215e+00
   7.2511235e+00
   7.2561263e+00
   7.2611330e+00
   7.2661415e+00
   7.2711516e+00
   7.2761649e+00
   7.2811790e+00
   7.2861938e+00
   7.2912117e+00
   7.2962325e+00
   7.3012540e+00
   7.3062768e+00
   7.3113028e+00
   7.3163307e+00
   7.3213601e+00
   7.3263914e+00
   7.3314248e+00
   7.3364593e+00
   7.3414960e+00
   7.3465342e+00
   7.3515745e+00
   7.3566172e+00
   7.3616612e+00
   7.3667067e+00
   7.3717547e+00
   7.3768043e+00
   7.3818555e+00
   7.3869086e+00
   7.3919634e+00
   7.3970203e+00
   7.4020791e+00
   7.4071400e+00
   7.4122022e+00
   7.4172659e+00
   7.4223321e+00
   7.4274006e+00
   7.4324708e+00
   7.4375429e+00
   7.4426159e+00
   7.4476910e+00
   7.4527679e+00
   7.4578480e+00
   7.4629287e+00
   7.4680108e+00
   7.4730951e+00
   7.4781807e+00
   7.4832688e+00
   7.4883570e+00
   7.4934481e+00
   7.4985402e+00
   7.5036361e+00
   7.5087318e+00
   7.5138294e+00
   7.5189299e+00
   7.5240311e+00
   7.5291345e+00
   7.5342390e+00
   7.5393459e+00
   7.5444540e+00
   7.5495631e+00
   7.5546726e+00
   7.5597837e+00
   7.5648971e+00
   7.5700132e+00
   7.5751308e+00
   7.5802498e+00
   7.5853698e+00
   7.5904916e+00
   7.5956155e+00
   7.6007401e+00
   7.6058671e+00
   7.6109953e+00
   7.6161249e+00
   7.6212561e+00
   7.6263881e+00
   7.6315222e+00
   7.6366571e+00
   7.6417935e+00
   7.6469309e+00
   7.6520705e+00
   7.6572119e+00
   7.6623544e+00
   7.6674983e+00
   7.6726432e+00
   7.6777897e+00
   7.6829381e+00
   7.6880873e+00
   7.6932389e+00
   7.6983913e+00
   7.7035446e+00
   7.7087009e+00
   7.7138561e+00
   7.7190130e+00
   7.7241717e+00
   7.7293316e+00
   7.7344925e+00
   7.7396553e+00
   7.7448187e+00
   7.7499835e+00
   7.7551505e+00
   7.7603176e+00
   7.7654857e+00
   7.7706570e+00
   7.7758280e+00
   7.7810005e+00
   7.7861739e+00
   7.7913475e+00
   7.7965225e+00
   7.8016985e+00
   7.8068762e+00
   7.8120552e+00
   7.8172338e+00
   7.8224155e+00
   7.8275971e+00
   7.8327790e+00
   7.8379620e+00
   7.8431461e+00
   7.8483312e+00
   7.8535170e+00
   7.8587045e+00
   7.8638927e+00
   7.8690813e+00
   7.8742704e+00
   7.8794607e+00
   7.8846520e+00
   7.8898442e+00
   7.8950387e+00
   7.9002330e+00
   7.9054272e+00
   7.9106222e+00
   7.9158181e+00
   7.9210141e+00
   7.9262116e+00
   7.9314100e+00
   7.9366080e+00
   7.9418057e+00
   7.9470067e+00
   7.9522067e+00
   7.9574078e+00
   7.9626084e+00
   7.9678090e+00
   7.9730113e+00
   7.9782156e+00
   7.9834192e+00
   7.9886225e+00
   7.9938279e+00
   7.9990319e+00
   8.0042367e+00
   8.0094421e+00
   8.0146482e+00
   8.0198549e+00
   8.0250618e+00
   8.0302692e+00
   8.0354762e+00
   8.0406834e+00
   8.0458907e+00
   8.0510970e+00
   8.0563048e+00
   8.0615128e+00
   8.0667208e+00
   8.0719288e+00
   8.0771359e+00
   8.0823451e+00
   8.0875536e+00
   8.0927621e+00
   8.0979703e+00
   8.1031789e+00
   8.1083870e+00
   8.1135948e+00
   8.1188033e+00
   8.1240105e+00
   8.1292173e+00
   8.1344240e+00
   8.1396300e+00
   8.1448377e+00
   8.1500427e+00
   8.1552487e+00
   8.1604541e+00
   8.1656590e+00
   8.1708642e+00
   8.1760686e+00
   8.1812724e+00
   8.1864756e+00
   8.1916797e+00
   8.1968822e+00
   8.2020845e+00
   8.2072853e+00
   8.2124846e+00
   8.2176829e+00
   8.2228805e+00
   8.2280786e+00
   8.2332751e+00
   8.2384699e+00
   8.2436645e+00
   8.2488583e+00
   8.2540506e+00
   8.2592435e+00
   8.2644345e+00
   8.2696242e+00
   8.2748125e+00
   8.2799997e+00
   8.2851856e+00
   8.2903704e+00
   8.2955542e+00
   8.3007371e+00
   8.3059175e+00
   8.3110967e+00
   8.3162759e+00
   8.3214519e+00
   8.3266279e+00
   8.3318023e+00
   8.3369737e+00
   8.3421437e+00
   8.3473117e+00
   8.3524777e+00
   8.3576421e+00
   8.3628051e+00
   8.3679659e+00
   8.3731242e+00
   8.3782805e+00
   8.3834359e+00
   8.3885889e+00
   8.3937400e+00
   8.3988881e+00
   8.4040340e+00
   8.4091782e+00
   8.4143195e+00
   8.4194592e+00
   8.4245962e+00
   8.4297305e+00
   8.4348636e+00
   8.4399924e+00
   8.4451190e+00
   8.4502422e+00
   8.4553634e+00
   8.4604816e+00
   8.4655958e+00
   8.4707085e+00
   8.4758178e+00
   8.4809238e+00
   8.4860266e+00
   8.4911252e+00
   8.4962220e+00
   8.5013159e+00
   8.5064056e+00
   8.5114911e+00
   8.5165723e+00
   8.5216511e+00
   8.5267266e+00
   8.5317980e+00
   8.5368667e+00
   8.5419298e+00
   8.5469891e+00
   8.5520445e+00
   8.5570961e+00
   8.5621430e+00
   8.5671861e+00
   8.5722246e+00
   8.5772596e+00
   8.5822900e+00
   8.5873159e+00
   8.5923371e+00
   8.5973538e+00
   8.6023649e+00
   8.6073713e+00
   8.6123728e+00
   8.6173690e+00
   8.6223598e+00
   8.6273454e+00
   8.6323260e+00
   8.6373008e+00
   8.6422704e+00
   8.6472344e+00
   8.6521921e+00
   8.6571439e+00
   8.6620898e+00
   8.6670299e+00
   8.6719645e+00
   8.6768930e+00
   8.6818154e+00
   8.6867313e+00
   8.6916407e+00
   8.6965435e+00
   8.7014399e+00
   8.7063292e+00
   8.7112113e+00
   8.7160861e+00
   8.7209536e+00
   8.7258146e+00
   8.7306672e+00
   8.7355136e+00
   8.7403526e+00
   8.7451838e+00
   8.7500071e+00
   8.7548225e+00
   8.7596298e+00
   8.7644294e+00
   8.7692204e+00
   8.7740034e+00
   8.7787779e+00
   8.7835438e+00
   8.7883010e+00
   8.7930490e+00
   8.7977877e+00
   8.8025180e+00
   8.8072377e+00
   8.8119485e+00
   8.8166501e+00
   8.8213418e+00
   8.8260240e+00
   8.8306963e+00
   8.8353585e+00
   8.8400119e+00
   8.8446532e+00
   8.8492855e+00
   8.8539060e+00
   8.8585165e+00
   8.8631168e+00
   8.8677055e+00
   8.8722825e+00
   8.8768498e+00
   8.8814053e+00
   8.8859487e+00
   8.8904796e+00
   8.8949984e+00
   8.8995074e+00
   8.9040030e+00
   8.9084854e+00
   8.9129560e+00
   8.9174151e+00
   8.9218610e+00
   8.9262935e+00
   8.9307137e+00
   8.9351203e+00
   8.9395131e+00
   8.9438933e+00
   8.9482588e+00
   8.9526102e+00
   8.9569495e+00
   8.9612736e+00
   8.9655832e+00
   8.9698791e+00
   8.9741602e+00
   8.9784256e+00
   8.9826770e+00
   8.9869136e+00
   8.9911344e+00
   8.9953397e+00
   8.9995290e+00
   9.0037027e+00
   9.0078606e+00
   9.0120028e+00
   9.0161293e+00
   9.0202384e+00
   9.0243310e+00
   9.0284080e+00
   9.0324670e+00
   9.0365082e+00
   9.0405326e+00
   9.0445397e+00
   9.0485304e+00
   9.0525019e+00
   9.0564555e+00
   9.0603909e+00
   9.0643087e+00
   9.0682086e+00
   9.0720884e+00
   9.0759492e+00
   9.0797912e+00
   9.0836136e+00
   9.0874166e+00
   9.0912008e+00
   9.0949646e+00
   9.0987089e+00
   9.1024327e+00
   9.1061368e+00
   9.1098196e+00
   9.1134824e+00
   9.1171245e+00
   9.1207454e+00
   9.1243454e+00
   9.1279248e+00
   9.1314817e+00
   9.1350177e+00
   9.1385309e+00
   9.1420210e+00
   9.1454903e+00
   9.1489362e+00
   9.1523600e+00
   9.1557601e+00
   9.1591384e+00
   9.1624924e+00
   9.1658240e+00
   9.1691312e+00
   9.1724161e+00
   9.1756757e+00
   9.1789104e+00
   9.1821224e+00
   9.1853087e+00
   9.1884699e+00
   9.1916082e+00
   9.1947196e+00
   9.1978066e+00
   9.2008677e+00
   9.2039032e+00
   9.2069119e+00
   9.2098952e+00
   9.2128514e+00
   9.2157823e+00
   9.2186858e+00
   9.2215632e+00
   9.2244145e+00
   9.2272372e+00
   9.2300327e+00
   9.2328002e+00
   9.2355408e+00
   9.2382536e+00
   9.2409372e+00
   9.2435941e+00
   9.2462215e+00
   9.2488191e+00
   9.2513874e+00
   9.2539274e+00
   9.2564381e+00
   9.2589188e+00
   9.2613701e+00
   9.2637908e+00
   9.2661806e+00
   9.2685408e+00
   9.2708702e+00
   9.2731687e+00
   9.2754361e+00
   9.2776724e+00
   9.2798772e+00
   9.2820502e+00
   9.2841914e+00
   9.2863002e+00
   9.2883767e+00
   9.2904196e+00
   9.2924297e+00
   9.2944074e+00
   9.2963512e+00
   9.2982616e+00
   9.3001388e+00
   9.3019823e+00
   9.3037918e+00
   9.3055666e+00
   9.3073064e+00
   9.3090107e+00
   9.3106800e+00
   9.3123136e+00
   9.3139120e+00
   9.3154747e+00
   9.3170023e+00
   9.3184926e+00
   9.3199457e+00
   9.3213629e+00
   9.3227427e+00
   9.3240850e+00
   9.3253899e+00
   9.3266566e+00
   9.3278849e+00
   9.3290754e+00
   9.3302282e+00
   9.3313411e+00
   9.3324148e+00
   9.3334488e+00
   9.3344431e+00
   9.3353979e+00
   9.3363126e+00
   9.3371866e+00
   9.3380194e+00
   9.3388109e+00
   9.3395616e+00
   9.3402698e+00
   9.3409365e+00
   9.3415610e+00
   9.3421434e+00
   9.3426828e+00
   9.3431790e+00
   9.3436320e+00
   9.3440404e+00
   9.3444054e+00
   9.3447257e+00
   9.3450009e+00
   9.3452310e+00
   9.3454157e+00
   9.3455549e+00
   9.3456485e+00
   9.3456965e+00
   9.3456973e+00
   9.3456507e+00
   9.3455580e+00
   9.3454170e+00
   9.3452280e+00
   9.3449906e+00
   9.3447048e+00
   9.3443693e+00
   9.3439852e+00
   9.3435515e+00
   9.3430678e+00
   9.3425332e+00
   9.3419476e+00
   9.3413109e+00
   9.3406228e+00
   9.3398825e+00
   9.3390909e+00
   9.3382461e+00
   9.3373482e+00
   9.3363964e+00
   9.3353912e+00
   9.3343310e+00
   9.3332165e+00
   9.3320475e+00
   9.3308222e+00
   9.3295422e+00
   9.3282051e+00
   9.3268111e+00
   9.3253611e+00
   9.3238530e+00
   9.3222868e+00
   9.3206626e+00
   9.3189788e+00
   9.3172364e+00
   9.3154337e+00
   9.3135707e+00
   9.3116483e+00
   9.3096640e+00
   9.3076192e+00
   9.3055121e+00
   9.3033423e+00
   9.3011093e+00
   9.2988137e+00
   9.2964539e+00
   9.2940297e+00
   9.2915411e+00
   9.2889876e+00
   9.2863685e+00
   9.2836832e+00
   9.2809320e+00
   9.2781128e+00
   9.2752264e+00
   9.2722707e+00
   9.2692468e+00
   9.2661537e+00
   9.2629907e+00
   9.2597567e+00
   9.2564529e+00
   9.2530777e+00
   9.2496306e+00
   9.2461102e+00
   9.2425167e+00
   9.2388498e+00
   9.2351092e+00
   9.2312941e+00
   9.2274038e+00
   9.2234388e+00
   9.2193975e+00
   9.2152794e+00
   9.2110840e+00
   9.2068109e+00
   9.2024593e+00
   9.1980276e+00
   9.1935165e+00
   9.1889255e+00
   9.1842543e+00
   9.1795006e+00
   9.1746652e+00
   9.1697470e+00
   9.1647460e+00
   9.1596614e+00
   9.1544918e+00
   9.1492370e+00
   9.1438959e+00
   9.1384692e+00
   9.1329548e+00
   9.1273535e+00
   9.1216638e+00
   9.1158851e+00
   9.1100172e+00
   9.1040582e+00
   9.0980085e+00
   9.0918677e+00
   9.0856348e+00
   9.0793086e+00
   9.0728894e+00
   9.0663759e+00
   9.0597683e+00
   9.0530642e+00
   9.0462639e+00
   9.0393664e+00
   9.0323724e+00
   9.0252793e+00
   9.0180878e+00
   9.0107963e+00
   9.0034045e+00
   8.9959116e+00
   8.9883160e+00
   8.9806176e+00
   8.9728165e+00
   8.9649118e+00
   8.9569019e+00
   8.9487865e+00
   8.9405644e+00
   8.9322361e+00
   8.9237991e+00
   8.9152547e+00
   8.9066003e+00
   8.8978362e+00
   8.8889611e+00
   8.8799747e+00
   8.8708757e+00
   8.8616643e+00
   8.8523391e+00
   8.8428993e+00
   8.8333445e+00
   8.8236736e+00
   8.8138860e+00
   8.8039807e+00
   8.7939575e+00
   8.7838140e+00
   8.7735515e+00
   8.7631674e+00
   8.7526636e+00
   8.7420369e+00
   8.7312863e+00
   8.7204123e+00
   8.7094144e+00
   8.6982904e+00
   8.6870401e+00
   8.6756626e+00
   8.6641574e+00
   8.6525240e+00
   8.6407619e+00
   8.6288692e+00
   8.6168456e+00
   8.6046905e+00
   8.5924031e+00
   8.5799823e+00
   8.5674278e+00
   8.5547378e+00
   8.5419132e+00
   8.5289520e+00
   8.5158533e+00
   8.5026166e+00
   8.4892423e+00
   8.4757290e+00
   8.4620756e+00
   8.4482807e+00
   8.4343441e+00
   8.4202651e+00
   8.4060434e+00
   8.3916779e+00
   8.3771676e+00
   8.3625122e+00
   8.3477110e+00
   8.3327623e+00
   8.3176671e+00
   8.3024230e+00
   8.2870302e+00
   8.2714892e+00
   8.2557974e+00
   8.2399555e+00
   8.2239615e+00
   8.2078159e+00
   8.1915174e+00
   8.1750661e+00
   8.1584614e+00
   8.1417016e+00
   8.1247869e+00
   8.1077169e+00
   8.0904910e+00
   8.0731088e+00
   8.0555699e+00
   8.0378735e+00
   8.0200186e+00
   8.0020051e+00
   7.9838329e+00
   7.9655016e+00
   7.9470108e+00
   7.9283597e+00
   7.9095479e+00
   7.8905755e+00
   7.8714422e+00
   7.8521476e+00
   7.8326912e+00
   7.8130726e+00
   7.7932925e+00
   7.7733505e+00
   7.7532455e+00
   7.7329783e+00
   7.7125486e+00
   7.6919559e+00
   7.6712002e+00
   7.6502822e+00
   7.6292020e+00
   7.6079591e+00
   7.5865533e+00
   7.5649853e+00
   7.5432562e+00
   7.5213645e+00
   7.4993114e+00
   7.4770966e+00
   7.4547214e+00
   7.4321847e+00
   7.4094882e+00
   7.3866318e+00
   7.3636165e+00
   7.3404420e+00
   7.3171096e+00
   7.2936200e+00
   7.2699734e+00
   7.2461706e+00
   7.2222129e+00
   7.1981008e+00
   7.1738351e+00
   7.1494177e+00
   7.1248484e+00
   7.1001289e+00
   7.0752601e+00
   7.0502434e+00
   7.0250799e+00
   6.9997708e+00
   6.9743178e+00
   6.9487223e+00
   6.9229856e+00
   6.8971090e+00
   6.8710944e+00
   6.8449434e+00
   6.8186579e+00
   6.7922395e+00
   6.7656904e+00
   6.7390121e+00
   6.7122067e+00
   6.6852764e+00
   6.6582234e+00
   6.6310497e+00
   6.6037577e+00
   6.5763497e+00
   6.5488283e+00
   6.5211962e+00
   6.4934552e+00
   6.4656080e+00
   6.4376579e+00
   6.4096072e+00
   6.3814588e+00
   6.3532159e+00
   6.3248807e+00
   6.2964568e+00
   6.2679470e+00
   6.2393547e+00
   6.2106827e+00
   6.1819346e+00
   6.1531136e+00
   6.1242233e+00
   6.0952666e+00
   6.0662474e+00
   6.0371695e+00
   6.0080357e+00
   5.9788499e+00
   5.9496163e+00
   5.9203385e+00
   5.8910204e+00
   5.8616657e+00
   5.8322784e+00
   5.8028626e+00
   5.7734220e+00
   5.7439604e+00
   5.7144825e+00
   5.6849919e+00
   5.6554930e+00
   5.6259900e+00
   5.5964869e+00
   5.5669879e+00
   5.5374973e+00
   5.5080195e+00
   5.4785585e+00
   5.4491189e+00
   5.4197048e+00
   5.3903207e+00
   5.3609709e+00
   5.3316597e+00
   5.3023912e+00
   5.2731700e+00
   5.2440002e+00
   5.2148858e+00
   5.1858316e+00
   5.1568411e+00
   5.1279195e+00
   5.0990704e+00
   5.0702980e+00
   5.0416073e+00
   5.0130011e+00
   4.9844838e+00
   4.9560600e+00
   4.9277337e+00
   4.8995090e+00
   4.8713894e+00
   4.8433788e+00
   4.8154813e+00
   4.7877000e+00
   4.7600393e+00
   4.7325035e+00
   4.7050951e+00
   4.6778179e+00
   4.6506760e+00
   4.6236722e+00
   4.5968095e+00
   4.5700920e+00
   4.5435225e+00
   4.5171038e+00
   4.4908396e+00
   4.4647326e+00
   4.4387856e+00
   4.4130014e+00
   4.3873826e+00
   4.3619324e+00
   4.3366526e+00
   4.3115461e+00
   4.2866152e+00
   4.2618622e+00
   4.2372892e+00
   4.2128982e+00
   4.1886913e+00
   4.1646709e+00
   4.1408386e+00
   4.1171961e+00
   4.0937450e+00
   4.0704870e+00
   4.0474234e+00
   4.0245560e+00
   4.0018856e+00
   3.9794134e+00
   3.9571408e+00
   3.9350688e+00
   3.9131984e+00
   3.8915306e+00
   3.8700661e+00
   3.8488056e+00
   3.8277495e+00
   3.8068986e+00
   3.7862534e+00
   3.7658143e+00
   3.7455810e+00
   3.7255538e+00
   3.7057335e+00
   3.6861199e+00
   3.6667128e+00
   3.6475122e+00
   3.6285181e+00
   3.6097299e+00
   3.5911480e+00
   3.5727716e+00
   3.5546002e+00
   3.5366336e+00
   3.5188710e+00
   3.5013119e+00
   3.4839554e+00
   3.4668012e+00
   3.4498484e+00
   3.4330962e+00
   3.4165436e+00
   3.4001895e+00
   3.3840334e+00
   3.3680739e+00
   3.3523102e+00
   3.3367410e+00
   3.3213652e+00
   3.3061816e+00
   3.2911891e+00
   3.2763864e+00
   3.2617721e+00
   3.2473449e+00
   3.2331033e+00
   3.2190462e+00
   3.2051721e+00
   3.1914795e+00
   3.1779669e+00
   3.1646328e+00
   3.1514757e+00
   3.1384941e+00
   3.1256863e+00
   3.1130509e+00
   3.1005862e+00
   3.0882906e+00
   3.0761626e+00
   3.0642004e+00
   3.0524024e+00
   3.0407668e+00
   3.0292921e+00
   3.0179766e+00
   3.0068186e+00
   2.9958164e+00
   2.9849682e+00
   2.9742725e+00
   2.9637274e+00
   2.9533313e+00
   2.9430824e+00
   2.9329790e+00
   2.9230196e+00
   2.9132022e+00
   2.9035252e+00
   2.8939867e+00
   2.8845854e+00
   2.8753191e+00
   2.8661864e+00
   2.8571855e+00
   2.8483149e+00
   2.8395727e+00
   2.8309573e+00
   2.8224671e+00
   2.8141004e+00
   2.8058554e+00
   2.7977305e+00
   2.7897242e+00
   2.7818347e+00
   2.7740605e+00
   2.7664002e+00
   2.7588519e+00
   2.7514140e+00
   2.7440851e+00
   2.7368635e+00
   2.7297478e+00
   2.7227363e+00
   2.7158276e+00
   2.7090201e+00
   2.7023125e+00
   2.6957033e+00
   2.6891908e+00
   2.6827737e+00
   2.6764505e+00
   2.6702197e+00
   2.6640801e+00
   2.6580301e+00
   2.6520685e+00
   2.6461938e+00
   2.6404046e+00
   2.6346997e+00
   2.6290777e+00
   2.6235374e+00
   2.6180775e+00
   2.6126966e+00
   2.6073936e+00
   2.6021671e+00
   2.5970159e+00
   2.5919388e+00
   2.5869348e+00
   2.5820024e+00
   2.5771405e+00
   2.5723481e+00
   2.5676239e+00
   2.5629668e+00
   2.5583758e+00
   2.5538497e+00
   2.5493874e+00
   2.5449879e+00
   2.5406501e+00
   2.5363731e+00
   2.5321556e+00
   2.5279969e+00
   2.5238958e+00
   2.5198515e+00
   2.5158629e+00
   2.5119290e+00
   2.5080490e+00
   2.5042220e+00
   2.5004469e+00
   2.4967230e+00
   2.4930492e+00
   2.4894249e+00
   2.4858490e+00
   2.4823208e+00
   2.4788395e+00
   2.4754041e+00
   2.4720139e+00
   2.4686682e+00
   2.4653662e+00
   2.4621070e+00
   2.4588899e+00
   2.4557142e+00
   2.4525791e+00
   2.4494838e+00
   2.4464278e+00
   2.4434104e+00
   2.4404308e+00
   2.4374883e+00
   2.4345823e+00
   2.4317122e+00
   2.4288772e+00
   2.4260769e+00
   2.4233106e+00
   2.4205776e+00
   2.4178774e+00
   2.4152092e+00
   2.4125727e+00
   2.4099672e+00
   2.4073921e+00
   2.4048469e+00
   2.4023311e+00
   2.3998441e+00
   2.3973854e+00
   2.3949544e+00
   2.3925507e+00
   2.3901739e+00
   2.3878234e+00
   2.3854986e+00
   2.3831992e+00
   2.3809247e+00
   2.3786747e+00
   2.3764486e+00
   2.3742461e+00
   2.3720667e+00
   2.3699100e+00
   2.3677756e+00
   2.3656631e+00
   2.3635721e+00
   2.3615022e+00
   2.3594530e+00
   2.3574241e+00
   2.3554151e+00
   2.3534257e+00
   2.3514555e+00
   2.3495043e+00
   2.3475716e+00
   2.3456570e+00
   2.3437603e+00
   2.3418811e+00
   2.3400192e+00
   2.3381742e+00
   2.3363457e+00
   2.3345335e+00
   2.3327373e+00
   2.3309568e+00
   2.3291916e+00
   2.3274416e+00
   2.3257064e+00
   2.3239857e+00
   2.3222794e+00
   2.3205871e+00
   2.3189087e+00
   2.3172438e+00
   2.3155921e+00
   2.3139535e+00
   2.3123276e+00
   2.3107144e+00
   2.3091134e+00
   2.3075245e+00
   2.3059477e+00
   2.3043825e+00
   2.3028287e+00
   2.3012862e+00
   2.2997548e+00
   2.2982342e+00
   2.2967242e+00
   2.2952247e+00
   2.2937355e+00
   2.2922565e+00
   2.2907873e+00
   2.2893278e+00
   2.2878779e+00
   2.2864374e+00
   2.2850060e+00
   2.2835837e+00
   2.2821703e+00
   2.2807657e+00
   2.2793696e+00
   2.2779820e+00
   2.2766026e+00
   2.2752313e+00
   2.2738679e+00
   2.2725124e+00
   2.2711646e+00
   2.2698244e+00
   2.2684916e+00
   2.2671661e+00
   2.2658478e+00
   2.2645364e+00
   2.2632320e+00
   2.2619344e+00
   2.2606434e+00
   2.2593590e+00
   2.2580811e+00
   2.2568095e+00
   2.2555441e+00
   2.2542849e+00
   2.2530316e+00
   2.2517842e+00
   2.2505426e+00
   2.2493068e+00
   2.2480765e+00
   2.2468518e+00
   2.2456325e+00
   2.2444185e+00
   2.2432097e+00
   2.2420061e+00
   2.2408075e+00
   2.2396139e+00
   2.2384252e+00
   2.2372413e+00
   2.2360621e+00
   2.2348876e+00
   2.2337177e+00
   2.2325522e+00
   2.2313911e+00
   2.2302344e+00
   2.2290820e+00
   2.2279338e+00
   2.2267897e+00
   2.2256497e+00
   2.2245137e+00
   2.2233817e+00
   2.2222535e+00
   2.2211291e+00
   2.2200085e+00
   2.2188916e+00
   2.2177783e+00
   2.2166686e+00
   2.2155624e+00
   2.2144597e+00
   2.2133604e+00
   2.2122644e+00
   2.2111718e+00
   2.2100825e+00
   2.2089963e+00
   2.2079133e+00
   2.2068334e+00
   2.2057566e+00
   2.2046827e+00
   2.2036119e+00
   2.2025439e+00
   2.2014789e+00
   2.2004167e+00
   2.1993573e+00
   2.1983007e+00
   2.1972467e+00
   2.1961955e+00
   2.1951469e+00
   2.1941009e+00
   2.1930574e+00
   2.1920165e+00
   2.1909781e+00
   2.1899422e+00
   2.1889086e+00
   2.1878775e+00
   2.1868487e+00
   2.1858222e+00
   2.1847980e+00
   2.1837761e+00
   2.1827565e+00
   2.1817390e+00
   2.1807237e+00
   2.1797105e+00
   2.1786994e+00
   2.1776905e+00
   2.1766836e+00
   2.1756787e+00
   2.1746758e+00
   2.1736750e+00
   2.1726760e+00
   2.1716790e+00
   2.1706839e+00
   2.1696907e+00
   2.1686993e+00
   2.1677098e+00
   2.1667222e+00
   2.1657363e+00
   2.1647521e+00
   2.1637698e+00
   2.1627891e+00
   2.1618102e+00
   2.1608329e+00
   2.1598573e+00
   2.1588834e+00
   2.1579111e+00
   2.1569404e+00
   2.1559714e+00
   2.1550038e+00
   2.1540379e+00
   2.1530735e+00
   2.1521106e+00
   2.1511493e+00
   2.1501894e+00
   2.1492310e+00
   2.1482741e+00
   2.1473186e+00
   2.1463646e+00
   2.1454119e+00
   2.1444607e+00
   2.1435109e+00
   2.1425624e+00
   2.1416153e+00
   2.1406696e+00
   2.1397252e+00
   2.1387821e+00
   2.1378403e+00
   2.1368999e+00
   2.1359607e+00
   2.1350228e+00
   2.1340861e+00
   2.1331507e+00
   2.1322166e+00
   2.1312837e+00
   2.1303520e+00
   2.1294214e+00
   2.1284922e+00
   2.1275641e+00
   2.1266371e+00
   2.1257114e+00
   2.1247868e+00
   2.1238633e+00
   2.1229410e+00
   2.1220198e+00
   2.1210997e+00
   2.1201807e+00
   2.1192629e+00
   2.1183461e+00
   2.1174304e+00
   2.1165158e+00
   2.1156023e+00
   2.1146898e+00
   2.1137784e+00
   2.1128681e+00
   2.1119587e+00
   2.1110505e+00
   2.1101432e+00
   2.1092369e+00
   2.1083317e+00
   2.1074275e+00
   2.1065242e+00
   2.1056219e+00
   2.1047206e+00
   2.1038204e+00
   2.1029211e+00
   2.1020227e+00
   2.1011253e+00
   2.1002289e+00
   2.0993334e+00
   2.0984388e+00
   2.0975452e+00
   2.0966525e+00
   2.0957607e+00
   2.0948698e+00
   2.0939798e+00
   2.0930908e+00
   2.0922027e+00
   2.0913155e+00
   2.0904291e+00
   2.0895437e+00
   2.0886591e+00
   2.0877754e+00
   2.0868925e+00
   2.0860106e+00
   2.0851295e+00
   2.0842492e+00
   2.0833698e+00
   2.0824913e+00
   2.0816137e+00
   2.0807368e+00
   2.0798608e+00
   2.0789857e+00
   2.0781113e+00
   2.0772378e+00
   2.0763651e+00
   2.0754932e+00
   2.0746221e+00
   2.0737519e+00
   2.0728825e+00
   2.0720139e+00
   2.0711460e+00
   2.0702790e+00
   2.0694128e+00
   2.0685473e+00
   2.0676826e+00
   2.0668187e+00
   2.0659556e+00
   2.0650933e+00
   2.0642317e+00
   2.0633710e+00
   2.0625110e+00
   2.0616517e+00
   2.0607932e+00
   2.0599355e+00
   2.0590785e+00
   2.0582223e+00
   2.0573668e+00
   2.0565121e+00
   2.0556581e+00
   2.0548049e+00
   2.0539524e+00
   2.0531006e+00
   2.0522496e+00
   2.0513993e+00
   2.0505498e+00
   2.0497009e+00
   2.0488528e+00
   2.0480054e+00
   2.0471587e+00
   2.0463127e+00
   2.0454675e+00
   2.0446230e+00
   2.0437791e+00
   2.0429360e+00
   2.0420936e+00
   2.0412519e+00
   2.0404109e+00
   2.0395706e+00
   2.0387310e+00
   2.0378920e+00
   2.0370538e+00
   2.0362163e+00
   2.0353794e+00
   2.0345433e+00
   2.0337078e+00
   2.0328730e+00
   2.0320389e+00
   2.0312054e+00
   2.0303727e+00
   2.0295406e+00
   2.0287092e+00
   2.0278784e+00
   2.0270483e+00
   2.0262189e+00
   2.0253902e+00
   2.0245621e+00
   2.0237347e+00
   2.0229079e+00
   2.0220818e+00
   2.0212564e+00
   2.0204316e+00
   2.0196074e+00
   2.0187839e+00
   2.0179611e+00
   2.0171389e+00
   2.0163174e+00
   2.0154965e+00
   2.0146762e+00
   2.0138566e+00
   2.0130377e+00
   2.0122193e+00
   2.0114016e+00
   2.0105846e+00
   2.0097681e+00
   2.0089523e+00
   2.0081372e+00
   2.0073227e+00
   2.0065088e+00
   2.0056955e+00
   2.0048829e+00
   2.0040708e+00
   2.0032594e+00
   2.0024487e+00
   2.0016385e+00
   2.0008289e+00
   2.0000200e+00
   1.9992117e+00
   1.9984040e+00
   1.9975970e+00
   1.9967905e+00
   1.9959846e+00
   1.9951794e+00
   1.9943748e+00
   1.9935707e+00
   1.9927673e+00
   1.9919645e+00
   1.9911622e+00
   1.9903606e+00
   1.9895596e+00
   1.9887592e+00
   1.9879594e+00
   1.9871602e+00
   1.9863616e+00
   1.9855635e+00
   1.9847661e+00
   1.9839692e+00
   1.9831730e+00
   1.9823773e+00
   1.9815822e+00
   1.9807878e+00
   1.9799939e+00
   1.9792006e+00
   1.9784078e+00
   1.9776157e+00
   1.9768241e+00
   1.9760331e+00
   1.9752427e+00
   1.9744529e+00
   1.9736636e+00
   1.9728749e+00
   1.9720868e+00
   1.9712993e+00
   1.9705124e+00
   1.9697260e+00
   1.9689402e+00
   1.9681550e+00
   1.9673704e+00
   1.9665863e+00
   1.9658028e+00
   1.9650198e+00
   1.9642374e+00
   1.9634556e+00
   1.9626743e+00
   1.9618936e+00
   1.9611135e+00
   1.9603339e+00
   1.9595549e+00
   1.9587765e+00
   1.9579985e+00
   1.9572212e+00
   1.9564444e+00
   1.9556682e+00
   1.9548925e+00
   1.9541173e+00
   1.9533427e+00
   1.9525687e+00
   1.9517952e+00
   1.9510223e+00
   1.9502499e+00
   1.9494780e+00
   1.9487067e+00
   1.9479360e+00
   1.9471658e+00
   1.9463961e+00
   1.9456270e+00
   1.9448584e+00
   1.9440903e+00
   1.9433228e+00
   1.9425559e+00
   1.9417894e+00
   1.9410235e+00
   1.9402582e+00
   1.9394933e+00
   1.9387290e+00
   1.9379653e+00
   1.9372020e+00
   1.9364393e+00
   1.9356772e+00
   1.9349155e+00
   1.9341544e+00
   1.9333938e+00
   1.9326338e+00
   1.9318743e+00
   1.9311152e+00
   1.9303568e+00
   1.9295988e+00
   1.9288414e+00
   1.9280845e+00
   1.9273281e+00
   1.9265722e+00
   1.9258168e+00
   1.9250620e+00
   1.9243077e+00
   1.9235539e+00
   1.9228006e+00
   1.9220478e+00
   1.9212956e+00
   1.9205438e+00
   1.9197926e+00
   1.9190419e+00
   1.9182916e+00
   1.9175419e+00
   1.9167928e+00
   1.9160441e+00
   1.9152959e+00
   1.9145482e+00
   1.9138011e+00
   1.9130544e+00
   1.9123083e+00
   1.9115626e+00
   1.9108175e+00
   1.9100729e+00
   1.9093287e+00
   1.9085851e+00
   1.9078420e+00
   1.9070993e+00
   1.9063572e+00
   1.9056155e+00
   1.9048744e+00
   1.9041338e+00
   1.9033936e+00
   1.9026539e+00
   1.9019148e+00
   1.9011761e+00
   1.9004379e+00
   1.8997003e+00
   1.8989631e+00
   1.8982264e+00
   1.8974902e+00
   1.8967544e+00
   1.8960192e+00
   1.8952844e+00
   1.8945502e+00
   1.8938164e+00
   1.8930831e+00
   1.8923503e+00
   1.8916180e+00
   1.8908862e+00
   1.8901548e+00
   1.8894239e+00
   1.8886936e+00
   1.8879636e+00
   1.8872342e+00
   1.8865053e+00
   1.8857768e+00
   1.8850488e+00
   1.8843213e+00
   1.8835942e+00
   1.8828677e+00
   1.8821416e+00
   1.8814160e+00
   1.8806908e+00
   1.8799661e+00
   1.8792419e+00
   1.8785182e+00
   1.8777950e+00
   1.8770722e+00
   1.8763498e+00
   1.8756280e+00
   1.8749066e+00
   1.8741857e+00
   1.8734653e+00
   1.8727453e+00
   1.8720258e+00
   1.8713067e+00
   1.8705881e+00
   1.8698700e+00
   1.8691523e+00
   1.8684351e+00
   1.8677184e+00
   1.8670021e+00
   1.8662863e+00
   1.8655710e+00
   1.8648561e+00
   1.8641416e+00
   1.8634276e+00
   1.8627141e+00
   1.8620010e+00
   1.8612884e+00
   1.8605763e+00
   1.8598646e+00
   1.8591533e+00
   1.8584425e+00
   1.8577322e+00
   1.8570223e+00
   1.8563128e+00
   1.8556039e+00
   1.8548953e+00
   1.8541872e+00
   1.8534796e+00
   1.8527724e+00
   1.8520656e+00
   1.8513593e+00
   1.8506535e+00
   1.8499481e+00
   1.8492431e+00
   1.8485386e+00
   1.8478345e+00
   1.8471309e+00
   1.8464277e+00
   1.8457249e+00
   1.8450226e+00
   1.8443208e+00
   1.8436193e+00
   1.8429183e+00
   1.8422178e+00
   1.8415177e+00
   1.8408180e+00
   1.8401188e+00
   1.8394200e+00
   1.8387216e+00
   1.8380237e+00
   1.8373262e+00
   1.8366291e+00
   1.8359325e+00
   1.8352363e+00
   1.8345406e+00
   1.8338452e+00
   1.8331503e+00
   1.8324559e+00
   1.8317618e+00
   1.8310682e+00
   1.8303751e+00
   1.8296823e+00
   1.8289900e+00
   1.8282981e+00
   1.8276066e+00
   1.8269156e+00
   1.8262250e+00
   1.8255348e+00
   1.8248450e+00
   1.8241557e+00
   1.8234668e+00
   1.8227783e+00
   1.8220902e+00
   1.8214025e+00
   1.8207153e+00
   1.8200285e+00
   1.8193421e+00
   1.8186561e+00
   1.8179706e+00
   1.8172854e+00
   1.8166007e+00
   1.8159164e+00
   1.8152325e+00
   1.8145491e+00
   1.8138660e+00
   1.8131834e+00
   1.8125012e+00
   1.8118193e+00
   1.8111380e+00
   1.8104570e+00
   1.8097764e+00
   1.8090962e+00
   1.8084165e+00
   1.8077372e+00
   1.8070582e+00
   1.8063797e+00
   1.8057016e+00
   1.8050239e+00
   1.8043466e+00
   1.8036697e+00
   1.8029932e+00
   1.8023172e+00
   1.8016415e+00
   1.8009663e+00
   1.8002914e+00
   1.7996169e+00
   1.7989429e+00
   1.7982693e+00
   1.7975960e+00
   1.7969232e+00
   1.7962507e+00
   1.7955787e+00
   1.7949071e+00
   1.7942358e+00
   1.7935650e+00
   1.7928946e+00
   1.7922245e+00
   1.7915549e+00
   1.7908856e+00
   1.7902168e+00
   1.7895483e+00
   1.7888803e+00
   1.7882126e+00
   1.7875454e+00
   1.7868785e+00
   1.7862120e+00
   1.7855460e+00
   1.7848803e+00
   1.7842150e+00
   1.7835501e+00
   1.7828856e+00
   1.7822215e+00
   1.7815577e+00
   1.7808944e+00
   1.7802314e+00
   1.7795689e+00
   1.7789067e+00
   1.7782449e+00
   1.7775835e+00
   1.7769225e+00
   1.7762619e+00
   1.7756017e+00
   1.7749418e+00
   1.7742824e+00
   1.7736233e+00
   1.7729646e+00
   1.7723063e+00
   1.7716484e+00
   1.7709908e+00
   1.7703337e+00
   1.7696769e+00
   1.7690205e+00
   1.7683645e+00
   1.7677088e+00
   1.7670536e+00
   1.7663987e+00
   1.7657442e+00
   1.7650901e+00
   1.7644364e+00
   1.7637830e+00
   1.7631300e+00
   1.7624774e+00
   1.7618252e+00
   1.7611733e+00
   1.7605218e+00
   1.7598707e+00
   1.7592200e+00
   1.7585697e+00
   1.7579197e+00
   1.7572701e+00
   1.7566208e+00
   1.7559720e+00
   1.7553235e+00
   1.7546754e+00
   1.7540276e+00
   1.7533802e+00
   1.7527332e+00
   1.7520866e+00
   1.7514403e+00
   1.7507944e+00
   1.7501489e+00
   1.7495037e+00
   1.7488589e+00
   1.7482145e+00
   1.7475704e+00
   1.7469267e+00
   1.7462834e+00
   1.7456404e+00
   1.7449978e+00
   1.7443556e+00
   1.7437137e+00
   1.7430722e+00
   1.7424311e+00
   1.7417903e+00
   1.7411499e+00
   1.7405098e+00
   1.7398701e+00
   1.7392308e+00
   1.7385918e+00
   1.7379532e+00
   1.7373149e+00
   1.7366770e+00
   1.7360395e+00
   1.7354023e+00
   1.7347655e+00
   1.7341290e+00
   1.7334929e+00
   1.7328572e+00
   1.7322218e+00
   1.7315867e+00
   1.7309521e+00
   1.7303177e+00
   1.7296838e+00
   1.7290501e+00
   1.7284169e+00
   1.7277840e+00
   1.7271514e+00
   1.7265192e+00
   1.7258873e+00
   1.7252558e+00
   1.7246247e+00
   1.7239939e+00
   1.7233634e+00
   1.7227333e+00
   1.7221036e+00
   1.7214742e+00
   1.7208451e+00
   1.7202164e+00
   1.7195881e+00
   1.7189601e+00
   1.7183324e+00
   1.7177051e+00
   1.7170781e+00
   1.7164515e+00
   1.7158252e+00
   1.7151993e+00
   1.7145737e+00
   1.7139485e+00
   1.7133236e+00
   1.7126990e+00
   1.7120748e+00
   1.7114510e+00
   1.7108274e+00
   1.7102043e+00
   1.7095814e+00
   1.7089589e+00
   1.7083368e+00
   1.7077149e+00
   1.7070935e+00
   1.7064723e+00
   1.7058515e+00
   1.7052311e+00
   1.7046110e+00
   1.7039912e+00
   1.7033717e+00
   1.7027526e+00
   1.7021339e+00
   1.7015154e+00
   1.7008973e+00
   1.7002796e+00
   1.6996622e+00
   1.6990451e+00
   1.6984283e+00
   1.6978119e+00
   1.6971958e+00
   1.6965801e+00
   1.6959647e+00
   1.6953496e+00
   1.6947348e+00
   1.6941204e+00
   1.6935063e+00
   1.6928926e+00
   1.6922791e+00
   1.6916660e+00
   1.6910533e+00
   1.6904409e+00
   1.6898288e+00
   1.6892170e+00
   1.6886055e+00
   1.6879944e+00
   1.6873836e+00
   1.6867732e+00
   1.6861630e+00
   1.6855532e+00
   1.6849438e+00
   1.6843346e+00
   1.6837258e+00
   1.6831173e+00
   1.6825091e+00
   1.6819013e+00
   1.6812937e+00
   1.6806865e+00
   1.6800797e+00
   1.6794731e+00
   1.6788669e+00
   1.6782610e+00
   1.6776554e+00
   1.6770501e+00
   1.6764452e+00
   1.6758406e+00
   1.6752363e+00
   1.6746323e+00
   1.6740287e+00
   1.6734253e+00
   1.6728223e+00
   1.6722196e+00
   1.6716173e+00
   1.6710152e+00
   1.6704135e+00
   1.6698120e+00
   1.6692109e+00
   1.6686101e+00
   1.6680097e+00
   1.6674095e+00
   1.6668097e+00
   1.6662102e+00
   1.6656110e+00
   1.6650121e+00
   1.6644135e+00
   1.6638153e+00
   1.6632173e+00
   1.6626197e+00
   1.6620224e+00
   1.6614254e+00
   1.6608287e+00
   1.6602323e+00
   1.6596362e+00
   1.6590405e+00
   1.6584450e+00
   1.6578499e+00
   1.6572551e+00
   1.6566606e+00
   1.6560664e+00
   1.6554725e+00
   1.6548789e+00
   1.6542857e+00
   1.6536927e+00
   1.6531001e+00
   1.6525077e+00
   1.6519157e+00
   1.6513240e+00
   1.6507326e+00
   1.6501414e+00
   1.6495506e+00
   1.6489601e+00
   1.6483700e+00
   1.6477801e+00
   1.6471905e+00
   1.6466012e+00
   1.6460122e+00
   1.6454236e+00
   1.6448352e+00
   1.6442472e+00
   1.6436594e+00
   1.6430720e+00
   1.6424848e+00
   1.6418980e+00
   1.6413114e+00
   1.6407252e+00
   1.6401393e+00
   1.6395536e+00
   1.6389683e+00
   1.6383833e+00
   1.6377985e+00
   1.6372141e+00
   1.6366300e+00
   1.6360461e+00
   1.6354626e+00
   1.6348794e+00
   1.6342964e+00
   1.6337138e+00
   1.6331315e+00
   1.6325494e+00
   1.6319677e+00
   1.6313862e+00
   1.6308051e+00
   1.6302242e+00
   1.6296437e+00
   1.6290634e+00
   1.6284834e+00
   1.6279038e+00
   1.6273244e+00
   1.6267453e+00
   1.6261665e+00
   1.6255880e+00
   1.6250098e+00
   1.6244319e+00
   1.6238543e+00
   1.6232770e+00
   1.6227000e+00
   1.6221233e+00
   1.6215468e+00
   1.6209707e+00
   1.6203948e+00
   1.6198193e+00
   1.6192440e+00
   1.6186690e+00
   1.6180943e+00
   1.6175199e+00
   1.6169458e+00
   1.6163720e+00
   1.6157984e+00
   1.6152252e+00
   1.6146522e+00
   1.6140796e+00
   1.6135072e+00
   1.6129351e+00
   1.6123633e+00
   1.6117918e+00
   1.6112205e+00
   1.6106496e+00
   1.6100789e+00
   1.6095086e+00
   1.6089385e+00
   1.6083687e+00
   1.6077992e+00
   1.6072299e+00
   1.6066610e+00
   1.6060923e+00
   1.6055239e+00
   1.6049558e+00
   1.6043880e+00
   1.6038205e+00
   1.6032533e+00
   1.6026863e+00
   1.6021196e+00
   1.6015532e+00
   1.6009871e+00
   1.6004213e+00
   1.5998557e+00
   1.5992905e+00
   1.5987255e+00
   1.5981608e+00
   1.5975963e+00
   1.5970322e+00
   1.5964683e+00
   1.5959047e+00
   1.5953414e+00
   1.5947784e+00
   1.5942156e+00
   1.5936532e+00
   1.5930910e+00
   1.5925291e+00
   1.5919674e+00
   1.5914060e+00
   1.5908450e+00
   1.5902842e+00
   1.5897236e+00
   1.5891634e+00
   1.5886034e+00
   1.5880437e+00
   1.5874842e+00
   1.5869251e+00
   1.5863662e+00
   1.5858076e+00
   1.5852493e+00
   1.5846912e+00
   1.5841334e+00
   1.5835759e+00
   1.5830187e+00
   1.5824617e+00
   1.5819050e+00
   1.5813486e+00
   1.5807925e+00
   1.5802366e+00
   1.5796810e+00
   1.5791257e+00
   1.5785706e+00
   1.5780158e+00
   1.5774613e+00
   1.5769071e+00
   1.5763531e+00
   1.5757994e+00
   1.5752459e+00
   1.5746928e+00
   1.5741399e+00
   1.5735873e+00
   1.5730349e+00
   1.5724828e+00
   1.5719310e+00
   1.5713794e+00
   1.5708281e+00
   1.5702771e+00
   1.5697264e+00
   1.5691759e+00
   1.5686257e+00
   1.5680757e+00
   1.5675260e+00
   1.5669766e+00
   1.5664274e+00
   1.5658786e+00
   1.5653299e+00
   1.5647816e+00
   1.5642335e+00
   1.5636856e+00
   1.5631381e+00
   1.5625908e+00
   1.5620437e+00
   1.5614970e+00
   1.5609505e+00
   1.5604042e+00
   1.5598582e+00
   1.5593125e+00
   1.5587670e+00
   1.5582218e+00
   1.5576769e+00
   1.5571322e+00
   1.5565878e+00
   1.5560437e+00
   1.5554998e+00
   1.5549561e+00
   1.5544128e+00
   1.5538697e+00
   1.5533268e+00
   1.5527842e+00
   1.5522419e+00
   1.5516998e+00
   1.5511580e+00
   1.5506165e+00
   1.5500752e+00
   1.5495341e+00
   1.5489933e+00
   1.5484528e+00
   1.5479126e+00
   1.5473725e+00
   1.5468328e+00
   1.5462933e+00
   1.5457541e+00
   1.5452151e+00
   1.5446764e+00
   1.5441379e+00
   1.5435997e+00
   1.5430617e+00
   1.5425240e+00
   1.5419866e+00
   1.5414494e+00
   1.5409125e+00
   1.5403758e+00
   1.5398393e+00
   1.5393032e+00
   1.5387672e+00
   1.5382316e+00
   1.5376962e+00
   1.5371610e+00
   1.5366261e+00
   1.5360914e+00
   1.5355570e+00
   1.5350229e+00
   1.5344890e+00
   1.5339553e+00
   1.5334219e+00
   1.5328888e+00
   1.5323559e+00
   1.5318233e+00
   1.5312909e+00
   1.5307587e+00
   1.5302268e+00
   1.5296952e+00
   1.5291638e+00
   1.5286326e+00
   1.5281017e+00
   1.5275711e+00
   1.5270407e+00
   1.5265105e+00
   1.5259806e+00
   1.5254510e+00
   1.5249216e+00
   1.5243924e+00
   1.5238635e+00
   1.5233349e+00
   1.5228064e+00
   1.5222783e+00
   1.5217504e+00
   1.5212227e+00
   1.5206952e+00
   1.5201681e+00
   1.5196411e+00
   1.5191144e+00
   1.5185880e+00
   1.5180618e+00
   1.5175358e+00
   1.5170101e+00
   1.5164846e+00
   1.5159594e+00
   1.5154344e+00
   1.5149097e+00
   1.5143852e+00
   1.5138610e+00
   1.5133370e+00
   1.5128132e+00
   1.5122897e+00
   1.5117664e+00
   1.5112434e+00
   1.5107206e+00
   1.5101980e+00
   1.5096757e+00
   1.5091536e+00
   1.5086318e+00
   1.5081102e+00
   1.5075889e+00
   1.5070678e+00
   1.5065469e+00
   1.5060263e+00
   1.5055059e+00
   1.5049858e+00
   1.5044658e+00
   1.5039462e+00
   1.5034268e+00
   1.5029076e+00
   1.5023886e+00
   1.5018699e+00
   1.5013514e+00
   1.5008332e+00
   1.5003152e+00
   1.4997975e+00
   1.4992799e+00
   1.4987627e+00
   1.4982456e+00
   1.4977288e+00
   1.4972122e+00
   1.4966959e+00
   1.4961798e+00
   1.4956639e+00
   1.4951483e+00
   1.4946329e+00
   1.4941178e+00
   1.4936028e+00
   1.4930882e+00
   1.4925737e+00
   1.4920595e+00
   1.4915455e+00
   1.4910318e+00
   1.4905183e+00
   1.4900050e+00
   1.4894919e+00
   1.4889791e+00
   1.4884666e+00
   1.4879542e+00
   1.4874421e+00
   1.4869302e+00
   1.4864186e+00
   1.4859072e+00
   1.4853960e+00
   1.4848851e+00
   1.4843743e+00
   1.4838639e+00
   1.4833536e+00
   1.4828436e+00
   1.4823338e+00
   1.4818242e+00
   1.4813149e+00
   1.4808058e+00
   1.4802969e+00
   1.4797883e+00
   1.4792799e+00
   1.4787717e+00
   1.4782638e+00
   1.4777561e+00
   1.4772486e+00
   1.4767413e+00
   1.4762343e+00
   1.4757275e+00
   1.4752209e+00
   1.4747146e+00
   1.4742084e+00
   1.4737025e+00
   1.4731969e+00
   1.4726914e+00
   1.4721862e+00
   1.4716813e+00
   1.4711765e+00
   1.4706720e+00
   1.4701677e+00
   1.4696636e+00
   1.4691598e+00
   1.4686561e+00
   1.4681528e+00
   1.4676496e+00
   1.4671466e+00
   1.4666439e+00
   1.4661414e+00
   1.4656392e+00
   1.4651371e+00
   1.4646353e+00
   1.4641337e+00
   1.4636323e+00
   1.4631312e+00
   1.4626303e+00
   1.4621296e+00
   1.4616291e+00
   1.4611288e+00
   1.4606288e+00
   1.4601290e+00
   1.4596294e+00
   1.4591301e+00
   1.4586309e+00
   1.4581320e+00
   1.4576333e+00
   1.4571348e+00
   1.4566366e+00
   1.4561386e+00
   1.4556408e+00
   1.4551432e+00
   1.4546458e+00
   1.4541487e+00
   1.4536517e+00
   1.4531550e+00
   1.4526586e+00
   1.4521623e+00
   1.4516663e+00
   1.4511704e+00
   1.4506748e+00
   1.4501795e+00
   1.4496843e+00
   1.4491893e+00
   1.4486946e+00
   1.4482001e+00
   1.4477058e+00
   1.4472118e+00
   1.4467179e+00
   1.4462243e+00
   1.4457309e+00
   1.4452377e+00
   1.4447447e+00
   1.4442519e+00
   1.4437594e+00
   1.4432670e+00
   1.4427749e+00
   1.4422830e+00
   1.4417914e+00
   1.4412999e+00
   1.4408086e+00
   1.4403176e+00
   1.4398268e+00
   1.4393362e+00
   1.4388458e+00
   1.4383557e+00
   1.4378657e+00
   1.4373760e+00
   1.4368864e+00
   1.4363971e+00
   1.4359080e+00
   1.4354192e+00
   1.4349305e+00
   1.4344420e+00
   1.4339538e+00
   1.4334658e+00
   1.4329780e+00
   1.4324904e+00
   1.4320030e+00
   1.4315158e+00
   1.4310289e+00
   1.4305421e+00
   1.4300556e+00
   1.4295693e+00
   1.4290832e+00
   1.4285973e+00
   1.4281116e+00
   1.4276261e+00
   1.4271408e+00
   1.4266558e+00
   1.4261710e+00
   1.4256863e+00
   1.4252019e+00
   1.4247177e+00
   1.4242337e+00
   1.4237499e+00
   1.4232664e+00
   1.4227830e+00
   1.4222998e+00
   1.4218169e+00
   1.4213342e+00
   1.4208516e+00
   1.4203693e+00
   1.4198872e+00
   1.4194053e+00
   1.4189236e+00
   1.4184422e+00
   1.4179609e+00
   1.4174798e+00
   1.4169990e+00
   1.4165183e+00
   1.4160379e+00
   1.4155576e+00
   1.4150776e+00
   1.4145978e+00
   1.4141182e+00
   1.4136388e+00
   1.4131596e+00
   1.4126806e+00
   1.4122018e+00
   1.4117233e+00
   1.4112449e+00
   1.4107667e+00
   1.4102888e+00
   1.4098110e+00
   1.4093335e+00
   1.4088561e+00
   1.4083790e+00
   1.4079021e+00
   1.4074253e+00
   1.4069488e+00
   1.4064725e+00
   1.4059964e+00
   1.4055205e+00
   1.4050448e+00
   1.4045693e+00
   1.4040940e+00
   1.4036189e+00
   1.4031440e+00
   1.4026694e+00
   1.4021949e+00
   1.4017206e+00
   1.4012465e+00
   1.4007727e+00
   1.4002990e+00
   1.3998255e+00
   1.3993523e+00
   1.3988792e+00
   1.3984064e+00
   1.3979337e+00
   1.3974613e+00
   1.3969890e+00
   1.3965170e+00
   1.3960451e+00
   1.3955735e+00
   1.3951020e+00
   1.3946308e+00
   1.3941597e+00
   1.3936889e+00
   1.3932183e+00
   1.3927478e+00
   1.3922776e+00
   1.3918075e+00
   1.3913377e+00
   1.3908680e+00
   1.3903986e+00
   1.3899294e+00
   1.3894603e+00
   1.3889915e+00
   1.3885228e+00
   1.3880544e+00
   1.3875861e+00
   1.3871181e+00
   1.3866503e+00
   1.3861826e+00
   1.3857151e+00
   1.3852479e+00
   1.3847808e+00
   1.3843140e+00
   1.3838473e+00
   1.3833809e+00
   1.3829146e+00
   1.3824485e+00
   1.3819827e+00
   1.3815170e+00
   1.3810515e+00
   1.3805862e+00
   1.3801211e+00
   1.3796562e+00
   1.3791916e+00
   1.3787271e+00
   1.3782628e+00
   1.3777987e+00
   1.3773348e+00
   1.3768710e+00
   1.3764075e+00
   1.3759442e+00
   1.3754811e+00
   1.3750181e+00
   1.3745554e+00
   1.3740929e+00
   1.3736305e+00
   1.3731684e+00
   1.3727064e+00
   1.3722446e+00
   1.3717831e+00
   1.3713217e+00
   1.3708605e+00
   1.3703995e+00
   1.3699387e+00
   1.3694781e+00
   1.3690177e+00
   1.3685575e+00
   1.3680975e+00
   1.3676376e+00
   1.3671780e+00
   1.3667186e+00
   1.3662593e+00
   1.3658003e+00
   1.3653414e+00
   1.3648827e+00
   1.3644242e+00
   1.3639659e+00
   1.3635078e+00
   1.3630499e+00
   1.3625922e+00
   1.3621347e+00
   1.3616773e+00
   1.3612202e+00
   1.3607632e+00
   1.3603065e+00
   1.3598499e+00
   1.3593935e+00
   1.3589373e+00
   1.3584813e+00
   1.3580255e+00
   1.3575699e+00
   1.3571144e+00
   1.3566592e+00
   1.3562041e+00
   1.3557493e+00
   1.3552946e+00
   1.3548401e+00
   1.3543858e+00
   1.3539317e+00
   1.3534778e+00
   1.3530241e+00
   1.3525705e+00
   1.3521172e+00
   1.3516640e+00
   1.3512110e+00
   1.3507582e+00
   1.3503056e+00
   1.3498532e+00
   1.3494010e+00
   1.3489489e+00
   1.3484971e+00
   1.3480454e+00
   1.3475939e+00
   1.3471426e+00
   1.3466915e+00
   1.3462406e+00
   1.3457899e+00
   1.3453393e+00
   1.3448890e+00
   1.3444388e+00
   1.3439888e+00
   1.3435390e+00
   1.3430894e+00
   1.3426399e+00
   1.3421907e+00
   1.3417416e+00
   1.3412928e+00
   1.3408441e+00
   1.3403956e+00
   1.3399472e+00
   1.3394991e+00
   1.3390512e+00
   1.3386034e+00
   1.3381558e+00
   1.3377084e+00
   1.3372612e+00
   1.3368142e+00
   1.3363673e+00
   1.3359206e+00
   1.3354742e+00
   1.3350279e+00
   1.3345817e+00
   1.3341358e+00
   1.3336901e+00
   1.3332445e+00
   1.3327991e+00
   1.3323539e+00
   1.3319089e+00
   1.3314641e+00
   1.3310194e+00
   1.3305749e+00
   1.3301307e+00
   1.3296866e+00
   1.3292426e+00
   1.3287989e+00
   1.3283553e+00
   1.3279119e+00
   1.3274687e+00
   1.3270257e+00
   1.3265829e+00
   1.3261402e+00
   1.3256978e+00
   1.3252555e+00
   1.3248134e+00
   1.3243714e+00
   1.3239297e+00
   1.3234881e+00
   1.3230467e+00
   1.3226055e+00
   1.3221645e+00
   1.3217236e+00
   1.3212829e+00
   1.3208424e+00
   1.3204021e+00
   1.3199620e+00
   1.3195220e+00
   1.3190823e+00
   1.3186427e+00
   1.3182032e+00
   1.3177640e+00
   1.3173249e+00
   1.3168861e+00
   1.3164474e+00
   1.3160088e+00
   1.3155705e+00
   1.3151323e+00
   1.3146943e+00
   1.3142565e+00
   1.3138189e+00
   1.3133814e+00
   1.3129441e+00
   1.3125070e+00
   1.3120701e+00
   1.3116333e+00
   1.3111968e+00
   1.3107604e+00
   1.3103241e+00
   1.3098881e+00
   1.3094522e+00
   1.3090165e+00
   1.3085810e+00
   1.3081457e+00
   1.3077105e+00
   1.3072755e+00
   1.3068407e+00
   1.3064061e+00
   1.3059716e+00
   1.3055373e+00
   1.3051032e+00
   1.3046693e+00
   1.3042355e+00
   1.3038019e+00
   1.3033685e+00
   1.3029353e+00
   1.3025022e+00
   1.3020693e+00
   1.3016366e+00
   1.3012041e+00
   1.3007717e+00
   1.3003395e+00
   1.2999075e+00
   1.2994757e+00
   1.2990440e+00
   1.2986125e+00
   1.2981812e+00
   1.2977501e+00
   1.2973191e+00
   1.2968883e+00
   1.2964577e+00
   1.2960272e+00
   1.2955969e+00
   1.2951668e+00
   1.2947369e+00
   1.2943071e+00
   1.2938775e+00
   1.2934481e+00
   1.2930188e+00
   1.2925898e+00
   1.2921609e+00
   1.2917321e+00
   1.2913036e+00
   1.2908752e+00
   1.2904470e+00
   1.2900189e+00
   1.2895910e+00
   1.2891633e+00
   1.2887358e+00
   1.2883084e+00
   1.2878813e+00
   1.2874542e+00
   1.2870274e+00
   1.2866007e+00
   1.2861742e+00
   1.2857479e+00
   1.2853217e+00
   1.2848957e+00
   1.2844699e+00
   1.2840442e+00
   1.2836187e+00
   1.2831934e+00
   1.2827682e+00
   1.2823433e+00
   1.2819185e+00
   1.2814938e+00
   1.2810693e+00
   1.2806450e+00
   1.2802209e+00
   1.2797969e+00
   1.2793731e+00
   1.2789495e+00
   1.2785261e+00
   1.2781028e+00
   1.2776796e+00
   1.2772567e+00
   1.2768339e+00
   1.2764113e+00
   1.2759888e+00
   1.2755665e+00
   1.2751444e+00
   1.2747225e+00
   1.2743007e+00
   1.2738791e+00
   1.2734576e+00
   1.2730364e+00
   1.2726152e+00
   1.2721943e+00
   1.2717735e+00
   1.2713529e+00
   1.2709325e+00
   1.2705122e+00
   1.2700921e+00
   1.2696721e+00
   1.2692523e+00
   1.2688327e+00
   1.2684133e+00
   1.2679940e+00
   1.2675749e+00
   1.2671559e+00
   1.2667371e+00
   1.2663185e+00
   1.2659001e+00
   1.2654818e+00
   1.2650636e+00
   1.2646457e+00
   1.2642279e+00
   1.2638103e+00
   1.2633928e+00
   1.2629755e+00
   1.2625583e+00
   1.2621414e+00
   1.2617246e+00
   1.2613079e+00
   1.2608914e+00
   1.2604751e+00
   1.2600590e+00
   1.2596430e+00
   1.2592272e+00
   1.2588115e+00
   1.2583960e+00
   1.2579807e+00
   1.2575655e+00
   1.2571505e+00
   1.2567357e+00
   1.2563210e+00
   1.2559065e+00
   1.2554921e+00
   1.2550779e+00
   1.2546639e+00
   1.2542500e+00
   1.2538363e+00
   1.2534228e+00
   1.2530094e+00
   1.2525962e+00
   1.2521831e+00
   1.2517702e+00
   1.2513575e+00
   1.2509449e+00
   1.2505325e+00
   1.2501202e+00
   1.2497082e+00
   1.2492962e+00
   1.2488845e+00
   1.2484729e+00
   1.2480614e+00
   1.2476501e+00
   1.2472390e+00
   1.2468281e+00
   1.2464173e+00
   1.2460066e+00
   1.2455961e+00
   1.2451858e+00
   1.2447757e+00
   1.2443657e+00
   1.2439558e+00
   1.2435462e+00
   1.2431366e+00
   1.2427273e+00
   1.2423181e+00
   1.2419090e+00
   1.2415002e+00
   1.2410914e+00
   1.2406829e+00
   1.2402745e+00
   1.2398662e+00
   1.2394582e+00
   1.2390502e+00
   1.2386425e+00
   1.2382349e+00
   1.2378274e+00
   1.2374201e+00
   1.2370130e+00
   1.2366060e+00
   1.2361992e+00
   1.2357925e+00
   1.2353860e+00
   1.2349797e+00
   1.2345735e+00
   1.2341675e+00
   1.2337616e+00
   1.2333559e+00
   1.2329504e+00
   1.2325450e+00
   1.2321397e+00
   1.2317347e+00
   1.2313297e+00
   1.2309250e+00
   1.2305204e+00
   1.2301159e+00
   1.2297116e+00
   1.2293075e+00
   1.2289035e+00
   1.2284997e+00
   1.2280960e+00
   1.2276925e+00
   1.2272891e+00
   1.2268859e+00
   1.2264829e+00
   1.2260800e+00
   1.2256772e+00
   1.2252747e+00
   1.2248722e+00
   1.2244700e+00
   1.2240679e+00
   1.2236659e+00
   1.2232641e+00
   1.2228625e+00
   1.2224610e+00
   1.2220596e+00
   1.2216585e+00
   1.2212574e+00
   1.2208566e+00
   1.2204558e+00
   1.2200553e+00
   1.2196549e+00
   1.2192546e+00
   1.2188545e+00
   1.2184546e+00
   1.2180548e+00
   1.2176551e+00
   1.2172557e+00
   1.2168563e+00
   1.2164572e+00
   1.2160581e+00
   1.2156593e+00
   1.2152605e+00
   1.2148620e+00
   1.2144636e+00
   1.2140653e+00
   1.2136672e+00
   1.2132693e+00
   1.2128715e+00
   1.2124738e+00
   1.2120763e+00
   1.2116790e+00
   1.2112818e+00
   1.2108848e+00
   1.2104879e+00
   1.2100912e+00
   1.2096946e+00
   1.2092982e+00
   1.2089019e+00
   1.2085058e+00
   1.2081098e+00
   1.2077140e+00
   1.2073183e+00
   1.2069228e+00
   1.2065275e+00
   1.2061322e+00
   1.2057372e+00
   1.2053423e+00
   1.2049475e+00
   1.2045529e+00
   1.2041585e+00
   1.2037642e+00
   1.2033700e+00
   1.2029760e+00
   1.2025822e+00
   1.2021885e+00
   1.2017949e+00
   1.2014015e+00
   1.2010083e+00
   1.2006152e+00
   1.2002222e+00
   1.1998294e+00
   1.1994368e+00
   1.1990443e+00
   1.1986519e+00
   1.1982597e+00
   1.1978677e+00
   1.1974758e+00
   1.1970840e+00
   1.1966924e+00
   1.1963009e+00
   1.1959096e+00
   1.1955185e+00
   1.1951275e+00
   1.1947366e+00
   1.1943459e+00
   1.1939554e+00
   1.1935649e+00
   1.1931747e+00
   1.1927846e+00
   1.1923946e+00
   1.1920048e+00
   1.1916151e+00
   1.1912256e+00
   1.1908362e+00
   1.1904470e+00
   1.1900579e+00
   1.1896690e+00
   1.1892802e+00
   1.1888916e+00
   1.1885031e+00
   1.1881148e+00
   1.1877266e+00
   1.1873385e+00
   1.1869506e+00
   1.1865629e+00
   1.1861753e+00
   1.1857878e+00
   1.1854005e+00
   1.1850134e+00
   1.1846263e+00
   1.1842395e+00
   1.1838527e+00
   1.1834662e+00
   1.1830797e+00
   1.1826935e+00
   1.1823073e+00
   1.1819213e+00
   1.1815355e+00
   1.1811498e+00
   1.1807642e+00
   1.1803788e+00
   1.1799936e+00
   1.1796085e+00
   1.1792235e+00
   1.1788387e+00
   1.1784540e+00
   1.1780695e+00
   1.1776851e+00
   1.1773008e+00
   1.1769167e+00
   1.1765328e+00
   1.1761490e+00
   1.1757653e+00
   1.1753818e+00
   1.1749984e+00
   1.1746152e+00
   1.1742321e+00
   1.1738492e+00
   1.1734664e+00
   1.1730837e+00
   1.1727012e+00
   1.1723189e+00
   1.1719366e+00
   1.1715546e+00
   1.1711726e+00
   1.1707909e+00
   1.1704092e+00
   1.1700277e+00
   1.1696464e+00
   1.1692651e+00
   1.1688841e+00
   1.1685032e+00
   1.1681224e+00
   1.1677417e+00
   1.1673612e+00
   1.1669809e+00
   1.1666007e+00
   1.1662206e+00
   1.1658407e+00
   1.1654609e+00
   1.1650813e+00
   1.1647018e+00
   1.1643224e+00
   1.1639432e+00
   1.1635641e+00
   1.1631852e+00
   1.1628064e+00
   1.1624278e+00
   1.1620493e+00
   1.1616709e+00
   1.1612927e+00
   1.1609146e+00
   1.1605367e+00
   1.1601589e+00
   1.1597813e+00
   1.1594038e+00
   1.1590264e+00
   1.1586492e+00
   1.1582721e+00
   1.1578952e+00
   1.1575184e+00
   1.1571417e+00
   1.1567652e+00
   1.1563888e+00
   1.1560126e+00
   1.1556365e+00
   1.1552605e+00
   1.1548847e+00
   1.1545090e+00
   1.1541335e+00
   1.1537581e+00
   1.1533828e+00
   1.1530077e+00
   1.1526327e+00
   1.1522579e+00
   1.1518832e+00
   1.1515087e+00
   1.1511342e+00
   1.1507600e+00
   1.1503858e+00
   1.1500118e+00
   1.1496380e+00
   1.1492643e+00
   1.1488907e+00
   1.1485173e+00
   1.1481440e+00
   1.1477708e+00
   1.1473978e+00
   1.1470249e+00
   1.1466522e+00
   1.1462795e+00
   1.1459071e+00
   1.1455348e+00
   1.1451626e+00
   1.1447905e+00
   1.1444186e+00
   1.1440468e+00
   1.1436752e+00
   1.1433037e+00
   1.1429324e+00
   1.1425611e+00
   1.1421901e+00
   1.1418191e+00
   1.1414483e+00
   1.1410776e+00
   1.1407071e+00
   1.1403367e+00
   1.1399665e+00
   1.1395963e+00
   1.1392264e+00
   1.1388565e+00
   1.1384868e+00
   1.1381172e+00
   1.1377478e+00
   1.1373785e+00
   1.1370094e+00
   1.1366403e+00
   1.1362715e+00
   1.1359027e+00
   1.1355341e+00
   1.1351656e+00
   1.1347973e+00
   1.1344291e+00
   1.1340610e+00
   1.1336931e+00
   1.1333253e+00
   1.1329577e+00
   1.1325901e+00
   1.1322228e+00
   1.1318555e+00
   1.1314884e+00
   1.1311214e+00
   1.1307546e+00
   1.1303879e+00
   1.1300213e+00
   1.1296549e+00
   1.1292886e+00
   1.1289224e+00
   1.1285564e+00
   1.1281905e+00
   1.1278248e+00
   1.1274591e+00
   1.1270936e+00
   1.1267283e+00
   1.1263631e+00
   1.1259980e+00
   1.1256331e+00
   1.1252682e+00
   1.1249036e+00
   1.1245390e+00
   1.1241746e+00
   1.1238103e+00
   1.1234462e+00
   1.1230822e+00
   1.1227183e+00
   1.1223546e+00
   1.1219910e+00
   1.1216275e+00
   1.1212642e+00
   1.1209010e+00
   1.1205379e+00
   1.1201750e+00
   1.1198122e+00
   1.1194495e+00
   1.1190870e+00
   1.1187246e+00
   1.1183623e+00
   1.1180002e+00
   1.1176382e+00
   1.1172763e+00
   1.1169146e+00
   1.1165530e+00
   1.1161915e+00
   1.1158302e+00
   1.1154690e+00
   1.1151079e+00
   1.1147470e+00
   1.1143862e+00
   1.1140255e+00
   1.1136650e+00
   1.1133046e+00
   1.1129443e+00
   1.1125842e+00
   1.1122242e+00
   1.1118643e+00
   1.1115045e+00
   1.1111449e+00
   1.1107854e+00
   1.1104261e+00
   1.1100669e+00
   1.1097078e+00
   1.1093488e+00
   1.1089900e+00
   1.1086313e+00
   1.1082728e+00
   1.1079143e+00
   1.1075560e+00
   1.1071979e+00
   1.1068398e+00
   1.1064819e+00
   1.1061242e+00
   1.1057665e+00
   1.1054090e+00
   1.1050516e+00
   1.1046944e+00
   1.1043373e+00
   1.1039803e+00
   1.1036234e+00
   1.1032667e+00
   1.1029101e+00
   1.1025536e+00
   1.1021973e+00
   1.1018411e+00
   1.1014850e+00
   1.1011291e+00
   1.1007733e+00
   1.1004176e+00
   1.1000620e+00
   1.0997066e+00
   1.0993513e+00
   1.0989961e+00
   1.0986411e+00
   1.0982862e+00
   1.0979314e+00
   1.0975768e+00
   1.0972223e+00
   1.0968679e+00
   1.0965136e+00
   1.0961595e+00
   1.0958055e+00
   1.0954516e+00
   1.0950979e+00
   1.0947443e+00
   1.0943908e+00
   1.0940374e+00
   1.0936842e+00
   1.0933311e+00
   1.0929781e+00
   1.0926253e+00
   1.0922726e+00
   1.0919200e+00
   1.0915675e+00
   1.0912152e+00
   1.0908630e+00
   1.0905109e+00
   1.0901590e+00
   1.0898072e+00
   1.0894555e+00
   1.0891039e+00
   1.0887525e+00
   1.0884012e+00
   1.0880500e+00
   1.0876990e+00
   1.0873480e+00
   1.0869972e+00
   1.0866466e+00
   1.0862960e+00
   1.0859456e+00
   1.0855953e+00
   1.0852452e+00
   1.0848952e+00
   1.0845453e+00
   1.0841955e+00
   1.0838458e+00
   1.0834963e+00
   1.0831469e+00
   1.0827976e+00
   1.0824485e+00
   1.0820995e+00
   1.0817506e+00
   1.0814018e+00
   1.0810532e+00
   1.0807047e+00
   1.0803563e+00
   1.0800080e+00
   1.0796599e+00
   1.0793119e+00
   1.0789640e+00
   1.0786163e+00
   1.0782687e+00
   1.0779212e+00
   1.0775738e+00
   1.0772265e+00
   1.0768794e+00
   1.0765324e+00
   1.0761855e+00
   1.0758388e+00
   1.0754922e+00
   1.0751457e+00
   1.0747993e+00
   1.0744531e+00
   1.0741069e+00
   1.0737609e+00
   1.0734151e+00
   1.0730693e+00
   1.0727237e+00
   1.0723782e+00
   1.0720328e+00
   1.0716876e+00
   1.0713425e+00
   1.0709975e+00
   1.0706526e+00
   1.0703078e+00
   1.0699632e+00
   1.0696187e+00
   1.0692743e+00
   1.0689301e+00
   1.0685860e+00
   1.0682420e+00
   1.0678981e+00
   1.0675543e+00
   1.0672107e+00
   1.0668672e+00
   1.0665238e+00
   1.0661806e+00
   1.0658374e+00
   1.0654944e+00
   1.0651515e+00
   1.0648088e+00
   1.0644661e+00
   1.0641236e+00
   1.0637812e+00
   1.0634389e+00
   1.0630968e+00
   1.0627548e+00
   1.0624129e+00
