   2.2685141e+00
   2.2684758e+00
   2.2684375e+00
   2.2683992e+00
   2.2683610e+00
   2.2683228e+00
   2.2682846e+00
   2.2682465e+00
   2.2682084e+00
   2.2681703e+00
   2.2681322e+00
   2.2680942e+00
   2.2680562e+00
   2.2680183e+00
   2.2679803e+00
   2.2679424e+00
   2.2679045e+00
   2.2678667e+00
   2.2678289e+00
   2.2677911e+00
   2.2677534e+00
   2.2677157e+00
   2.2676780e+00
   2.2676403e+00
   2.2676027e+00
   2.2675651e+00
   2.2675275e+00
   2.2674900e+00
   2.2674525e+00
   2.2674150e+00
   2.2673775e+00
   2.2673401e+00
   2.2673027e+00
   2.2672654e+00
   2.2672280e+00
   2.2671907e+00
   2.2671535e+00
   2.2671162e+00
   2.2670790e+00
   2.2670418e+00
   2.2670047e+00
   2.2669675e+00
   2.2669304e+00
   2.2668934e+00
   2.2668563e+00
   2.2668193e+00
   2.2667824e+00
   2.2667454e+00
   2.2667085e+00
   2.2666716e+00
   2.2666348e+00
   2.2665979e+00
   2.2665611e+00
   2.2665244e+00
   2.2664876e+00
   2.2664509e+00
   2.2664142e+00
   2.2663776e+00
   2.2663409e+00
   2.2663043e+00
   2.2662678e+00
   2.2662312e+00
   2.2661947e+00
   2.2661582e+00
   2.2661218e+00
   2.2660854e+00
   2.2660490e+00
   2.2660126e+00
   2.2659763e+00
   2.2659400e+00
   2.2659037e+00
   2.2658674e+00
   2.2658312e+00
   2.2657950e+00
   2.2657589e+00
   2.2657227e+00
   2.2656866e+00
   2.2656505e+00
   2.2656145e+00
   2.2655785e+00
   2.2655425e+00
   2.2655065e+00
   2.2654706e+00
   2.2654347e+00
   2.2653988e+00
   2.2653629e+00
   2.2653271e+00
   2.2652913e+00
   2.2652555e+00
   2.2652198e+00
   2.2651841e+00
   2.2651484e+00
   2.2651128e+00
   2.2650771e+00
   2.2650415e+00
   2.2650060e+00
   2.2649704e+00
   2.2649349e+00
   2.2648994e+00
   2.2648639e+00
   2.2648285e+00
   2.2648232e+00
   2.5688943e+00
   2.8661595e+00
   3.1571567e+00
   3.4423452e+00
   3.7221471e+00
   3.9969534e+00
   4.2671293e+00
   4.5330173e+00
   4.7949421e+00
   5.0532154e+00
   5.3081427e+00
   5.5600330e+00
   5.8092110e+00
   6.0560357e+00
   6.3009239e+00
   6.5443836e+00
   6.7870600e+00
   7.0298003e+00
   7.2737398e+00
   7.5204399e+00
   7.7720787e+00
   8.0317544e+00
   8.3039778e+00
   8.5955004e+00
   8.9168355e+00
   9.2851109e+00
   9.7298421e+00
   1.0305050e+01
   1.1114155e+01
   1.2342870e+01
   1.4067400e+01
   1.2942298e+01
   7.9886754e+00
   5.9184536e+00
   5.1981049e+00
   4.9040893e+00
   4.7534978e+00
   4.6569901e+00
   4.5848144e+00
   4.5265500e+00
   4.4781518e+00
   4.4376878e+00
   4.4039478e+00
   4.3759976e+00
   4.3530365e+00
   4.3343528e+00
   4.3193075e+00
   4.3073260e+00
   4.2978938e+00
   4.2905544e+00
   4.4177555e+00
   4.5462063e+00
   4.6752720e+00
   4.8037952e+00
   4.9313051e+00
   5.0573796e+00
   5.1816430e+00
   5.3037622e+00
   5.4234452e+00
   5.5404387e+00
   5.6545239e+00
   5.7655168e+00
   5.8732649e+00
   5.9776456e+00
   6.0785640e+00
   6.1759487e+00
   6.2697530e+00
   6.3599513e+00
   6.4465368e+00
   6.5295186e+00
   6.6089223e+00
   6.6847865e+00
   6.7571620e+00
   6.8261077e+00
   6.8916939e+00
   6.9539957e+00
   7.0130962e+00
   7.0690814e+00
   7.1220429e+00
   7.1720739e+00
   7.2192714e+00
   7.2637309e+00
   7.3055517e+00
   7.3448303e+00
   7.3816652e+00
   7.4161527e+00
   7.4483882e+00
   7.4784657e+00
   7.5064769e+00
   7.5325125e+00
   7.5566599e+00
   7.5790043e+00
   7.5996297e+00
   7.6186158e+00
   7.6360411e+00
   7.6519804e+00
   7.6665063e+00
   7.6796892e+00
   7.6915974e+00
   7.7022950e+00
   7.7118440e+00
   7.7203040e+00
   7.7277332e+00
   7.7341862e+00
   7.7397151e+00
   7.7443704e+00
   7.7482004e+00
   7.7512511e+00
   7.7535660e+00
   7.7551871e+00
   7.7561545e+00
   7.7565062e+00
   7.7562784e+00
   7.7555058e+00
   7.7542212e+00
   7.7524559e+00
   7.7502398e+00
   7.7476013e+00
   7.7445673e+00
   7.7411634e+00
   7.7374141e+00
   7.7333423e+00
   7.7289701e+00
   7.7243183e+00
   7.7194067e+00
   7.7142541e+00
   7.7088783e+00
   7.7032963e+00
   7.6975239e+00
   7.6915764e+00
   7.6854682e+00
   7.6792129e+00
   7.6728234e+00
   7.6663119e+00
   7.6596900e+00
   7.6529687e+00
   7.6461583e+00
   7.6392686e+00
   7.6323090e+00
   7.6252881e+00
   7.6182143e+00
   7.6110955e+00
   7.6039390e+00
   7.5967518e+00
   7.5895406e+00
   7.5823117e+00
   7.5750710e+00
   7.5678239e+00
   7.5605759e+00
   7.5533319e+00
   7.5460966e+00
   7.5388745e+00
   7.5316696e+00
   7.5244861e+00
   7.5173276e+00
   7.5101976e+00
   7.5030996e+00
   7.4960365e+00
   7.4890114e+00
   7.4820272e+00
   7.4750863e+00
   7.4681914e+00
   7.4613448e+00
   7.4545486e+00
   7.4478051e+00
   7.4411161e+00
   7.4344836e+00
   7.4279093e+00
   7.4213950e+00
   7.4149421e+00
   7.4085522e+00
   7.4022268e+00
   7.3959671e+00
   7.3897744e+00
   7.3836500e+00
   7.3775949e+00
   7.3716104e+00
   7.3656973e+00
   7.3598568e+00
   7.3540898e+00
   7.3483971e+00
   7.3427796e+00
   7.3372382e+00
   7.3317736e+00
   7.3263865e+00
   7.3210779e+00
   7.3158482e+00
   7.3106982e+00
   7.3056286e+00
   7.3006400e+00
   7.2957330e+00
   7.2909082e+00
   7.2861662e+00
   7.2815076e+00
   7.2769329e+00
   7.2724427e+00
   7.2680376e+00
   7.2637180e+00
   7.2594845e+00
   7.2553377e+00
   7.2512780e+00
   7.2473060e+00
   7.2434221e+00
   7.2396270e+00
   7.2359211e+00
   7.2323050e+00
   7.2287791e+00
   7.2253440e+00
   7.2220003e+00
   7.2187484e+00
   7.2155889e+00
   7.2125224e+00
   7.2095493e+00
   7.2066703e+00
   7.2038860e+00
   7.2011968e+00
   7.1986034e+00
   7.1961063e+00
   7.1937062e+00
   7.1914036e+00
   7.1891993e+00
   7.1870937e+00
   7.1850875e+00
   7.1831815e+00
   7.1813761e+00
   7.1796721e+00
   7.1780702e+00
   7.1765709e+00
   7.1751751e+00
   7.1738834e+00
   7.1726964e+00
   7.1716150e+00
   7.1706397e+00
   7.1697713e+00
   7.1690106e+00
   7.1683581e+00
   7.1678147e+00
   7.1673811e+00
   7.1670579e+00
   7.1668459e+00
   7.1667457e+00
   7.1667581e+00
   7.1668837e+00
   7.1671231e+00
   7.1674771e+00
   7.1679462e+00
   7.1685310e+00
   7.1692322e+00
   7.1700501e+00
   7.1709855e+00
   7.1720386e+00
   7.1732099e+00
   7.1744998e+00
   7.1759087e+00
   7.1774366e+00
   7.1790840e+00
   7.1808508e+00
   7.1827371e+00
   7.1847429e+00
   7.1868680e+00
   7.1891123e+00
   7.1914754e+00
   7.1939568e+00
   7.1965562e+00
   7.1992727e+00
   7.2021057e+00
   7.2050541e+00
   7.2081171e+00
   7.2112934e+00
   7.2145816e+00
   7.2179804e+00
   7.2214881e+00
   7.2251029e+00
   7.2288230e+00
   7.2326462e+00
   7.2365703e+00
   7.2405930e+00
   7.2447118e+00
   7.2489239e+00
   7.2532266e+00
   7.2576168e+00
   7.2620917e+00
   7.2666479e+00
   7.2712821e+00
   7.2759910e+00
   7.2807710e+00
   7.2856185e+00
   7.2905300e+00
   7.2955017e+00
   7.3005298e+00
   7.3056107e+00
   7.3107404e+00
   7.3159152e+00
   7.3211314e+00
   7.3263851e+00
   7.3316726e+00
   7.3369903e+00
   7.3423346e+00
   7.3477019e+00
   7.3530887e+00
   7.3584917e+00
   7.3639077e+00
   7.3693335e+00
   7.3747659e+00
   7.3802022e+00
   7.3856396e+00
   7.3910752e+00
   7.3965067e+00
   7.4019317e+00
   7.4073477e+00
   7.4127528e+00
   7.4181449e+00
   7.4235221e+00
   7.4288827e+00
   7.4342251e+00
   7.4395478e+00
   7.4448495e+00
   7.4501288e+00
   7.4553847e+00
   7.4606162e+00
   7.4658222e+00
   7.4710020e+00
   7.4761549e+00
   7.4812803e+00
   7.4863775e+00
   7.4914462e+00
   7.4964859e+00
   7.5014963e+00
   7.5064772e+00
   7.5114283e+00
   7.5163496e+00
   7.5212410e+00
   7.5261024e+00
   7.5309339e+00
   7.5357356e+00
   7.5405074e+00
   7.5452497e+00
   7.5499625e+00
   7.5546460e+00
   7.5593006e+00
   7.5639264e+00
   7.5685236e+00
   7.5730927e+00
   7.5776339e+00
   7.5821475e+00
   7.5866339e+00
   7.5910935e+00
   7.5955265e+00
   7.5999333e+00
   7.6043144e+00
   7.6086702e+00
   7.6130009e+00
   7.6173069e+00
   7.6215888e+00
   7.6258468e+00
   7.6300814e+00
   7.6342929e+00
   7.6384817e+00
   7.6426483e+00
   7.6467930e+00
   7.6509161e+00
   7.6550182e+00
   7.6590995e+00
   7.6631604e+00
   7.6672012e+00
   7.6712225e+00
   7.6752244e+00
   7.6792075e+00
   7.6831719e+00
   7.6871181e+00
   7.6910464e+00
   7.6949571e+00
   7.6988506e+00
   7.7027272e+00
   7.7065872e+00
   7.7104309e+00
   7.7142586e+00
   7.7180707e+00
   7.7218674e+00
   7.7256490e+00
   7.7294158e+00
   7.7331681e+00
   7.7369061e+00
   7.7406302e+00
   7.7443406e+00
   7.7480376e+00
   7.7517213e+00
   7.7553921e+00
   7.7590503e+00
   7.7626960e+00
   7.7663295e+00
   7.7699510e+00
   7.7735608e+00
   7.7771591e+00
   7.7807461e+00
   7.7843221e+00
   7.7878871e+00
   7.7914416e+00
   7.7949855e+00
   7.7985193e+00
   7.8020430e+00
   7.8055569e+00
   7.8090611e+00
   7.8125559e+00
   7.8160414e+00
   7.8195178e+00
   7.8229854e+00
   7.8264442e+00
   7.8298944e+00
   7.8333363e+00
   7.8367700e+00
   7.8401956e+00
   7.8436133e+00
   7.8470234e+00
   7.8504259e+00
   7.8538209e+00
   7.8572088e+00
   7.8605895e+00
   7.8639634e+00
   7.8673304e+00
   7.8706908e+00
   7.8740447e+00
   7.8773922e+00
   7.8807335e+00
   7.8840687e+00
   7.8873980e+00
   7.8907215e+00
   7.8940393e+00
   7.8973515e+00
   7.9006584e+00
   7.9039599e+00
   7.9072563e+00
   7.9105476e+00
   7.9138340e+00
   7.9171156e+00
   7.9203925e+00
   7.9236649e+00
   7.9269328e+00
   7.9301964e+00
   7.9334557e+00
   7.9367110e+00
   7.9399622e+00
   7.9432096e+00
   7.9464531e+00
   7.9496930e+00
   7.9529293e+00
   7.9561621e+00
   7.9593915e+00
   7.9626177e+00
   7.9658407e+00
   7.9690606e+00
   7.9722775e+00
   7.9754916e+00
   7.9787028e+00
   7.9819113e+00
   7.9851173e+00
   7.9883207e+00
   7.9915216e+00
   7.9947203e+00
   7.9979166e+00
   8.0011108e+00
   8.0043029e+00
   8.0074930e+00
   8.0106812e+00
   8.0138675e+00
   8.0170521e+00
   8.0202350e+00
   8.0234162e+00
   8.0265959e+00
   8.0297742e+00
   8.0329511e+00
   8.0361267e+00
   8.0393010e+00
   8.0424742e+00
   8.0456463e+00
   8.0488174e+00
   8.0519875e+00
   8.0551567e+00
   8.0583251e+00
   8.0614927e+00
   8.0646596e+00
   8.0678259e+00
   8.0709917e+00
   8.0741569e+00
   8.0773217e+00
   8.0804861e+00
   8.0836502e+00
   8.0868140e+00
   8.0899777e+00
   8.0931411e+00
   8.0963045e+00
   8.0994679e+00
   8.1026312e+00
   8.1057946e+00
   8.1089582e+00
   8.1121219e+00
   8.1152859e+00
   8.1184501e+00
   8.1216146e+00
   8.1247796e+00
   8.1279449e+00
   8.1311107e+00
   8.1342771e+00
   8.1374440e+00
   8.1406115e+00
   8.1437797e+00
   8.1469486e+00
   8.1501182e+00
   8.1532886e+00
   8.1564598e+00
   8.1596319e+00
   8.1628049e+00
   8.1659789e+00
   8.1691538e+00
   8.1723298e+00
   8.1755068e+00
   8.1786850e+00
   8.1818643e+00
   8.1850447e+00
   8.1882264e+00
   8.1914093e+00
   8.1945935e+00
   8.1977791e+00
   8.2009660e+00
   8.2041542e+00
   8.2073439e+00
   8.2105350e+00
   8.2137277e+00
   8.2169218e+00
   8.2201175e+00
   8.2233147e+00
   8.2265135e+00
   8.2297140e+00
   8.2329162e+00
   8.2361200e+00
   8.2393255e+00
   8.2425328e+00
   8.2457419e+00
   8.2489527e+00
   8.2521654e+00
   8.2553799e+00
   8.2585963e+00
   8.2618146e+00
   8.2650348e+00
   8.2682570e+00
   8.2714811e+00
   8.2747072e+00
   8.2779353e+00
   8.2811655e+00
   8.2843977e+00
   8.2876320e+00
   8.2908683e+00
   8.2941068e+00
   8.2973475e+00
   8.3005903e+00
   8.3038353e+00
   8.3070825e+00
   8.3103319e+00
   8.3135835e+00
   8.3168374e+00
   8.3200935e+00
   8.3233520e+00
   8.3266127e+00
   8.3298758e+00
   8.3331412e+00
   8.3364089e+00
   8.3396791e+00
   8.3429516e+00
   8.3462265e+00
   8.3495038e+00
   8.3527836e+00
   8.3560658e+00
   8.3593505e+00
   8.3626376e+00
   8.3659273e+00
   8.3692194e+00
   8.3725141e+00
   8.3758112e+00
   8.3791109e+00
   8.3824132e+00
   8.3857180e+00
   8.3890255e+00
   8.3923355e+00
   8.3956480e+00
   8.3989633e+00
   8.4022811e+00
   8.4056015e+00
   8.4089247e+00
   8.4122504e+00
   8.4155788e+00
   8.4189099e+00
   8.4222437e+00
   8.4255802e+00
   8.4289194e+00
   8.4322612e+00
   8.4356058e+00
   8.4389532e+00
   8.4423033e+00
   8.4456561e+00
   8.4490117e+00
   8.4523700e+00
   8.4557311e+00
   8.4590950e+00
   8.4624617e+00
   8.4658311e+00
   8.4692034e+00
   8.4725785e+00
   8.4759564e+00
   8.4793371e+00
   8.4827206e+00
   8.4861070e+00
   8.4894962e+00
   8.4928883e+00
   8.4962832e+00
   8.4996810e+00
   8.5030817e+00
   8.5064852e+00
   8.5098916e+00
   8.5133009e+00
   8.5167130e+00
   8.5201281e+00
   8.5235460e+00
   8.5269669e+00
   8.5303907e+00
   8.5338174e+00
   8.5372469e+00
   8.5406795e+00
   8.5441149e+00
   8.5475533e+00
   8.5509946e+00
   8.5544388e+00
   8.5578860e+00
   8.5613362e+00
   8.5647893e+00
   8.5682453e+00
   8.5717043e+00
   8.5751662e+00
   8.5786312e+00
   8.5820991e+00
   8.5855699e+00
   8.5890437e+00
   8.5925206e+00
   8.5960003e+00
   8.5994831e+00
   8.6029689e+00
   8.6064576e+00
   8.6099493e+00
   8.6134441e+00
   8.6169418e+00
   8.6204425e+00
   8.6239462e+00
   8.6274529e+00
   8.6309626e+00
   8.6344754e+00
   8.6379911e+00
   8.6415099e+00
   8.6450316e+00
   8.6485564e+00
   8.6520842e+00
   8.6556150e+00
   8.6591488e+00
   8.6626856e+00
   8.6662255e+00
   8.6697684e+00
   8.6733143e+00
   8.6768632e+00
   8.6804152e+00
   8.6839702e+00
   8.6875282e+00
   8.6910893e+00
   8.6946533e+00
   8.6982204e+00
   8.7017906e+00
   8.7053638e+00
   8.7089400e+00
   8.7125192e+00
   8.7161015e+00
   8.7196868e+00
   8.7232752e+00
   8.7268666e+00
   8.7304610e+00
   8.7340585e+00
   8.7376590e+00
   8.7412626e+00
   8.7448692e+00
   8.7484788e+00
   8.7520915e+00
   8.7557072e+00
   8.7593259e+00
   8.7629477e+00
   8.7665726e+00
   8.7702004e+00
   8.7738314e+00
   8.7774653e+00
   8.7811023e+00
   8.7847424e+00
   8.7883854e+00
   8.7920316e+00
   8.7956807e+00
   8.7993329e+00
   8.8029882e+00
   8.8066464e+00
   8.8103078e+00
   8.8139721e+00
   8.8176395e+00
   8.8213100e+00
   8.8249834e+00
   8.8286599e+00
   8.8323395e+00
   8.8360221e+00
   8.8397077e+00
   8.8433963e+00
   8.8470880e+00
   8.8507827e+00
   8.8544805e+00
   8.8581812e+00
   8.8618850e+00
   8.8655919e+00
   8.8693017e+00
   8.8730146e+00
   8.8767306e+00
   8.8804495e+00
   8.8841715e+00
   8.8878965e+00
   8.8916245e+00
   8.8953555e+00
   8.8990896e+00
   8.9028267e+00
   8.9065668e+00
   8.9103099e+00
   8.9140560e+00
   8.9178052e+00
   8.9215574e+00
   8.9253125e+00
   8.9290707e+00
   8.9328319e+00
   8.9365961e+00
   8.9403634e+00
   8.9441336e+00
   8.9479068e+00
   8.9516830e+00
   8.9554623e+00
   8.9592445e+00
   8.9630298e+00
   8.9668180e+00
   8.9706092e+00
   8.9744034e+00
   8.9782007e+00
   8.9820009e+00
   8.9858041e+00
   8.9896103e+00
   8.9934195e+00
   8.9972316e+00
   9.0010468e+00
   9.0048649e+00
   9.0086860e+00
   9.0125101e+00
   9.0163372e+00
   9.0201672e+00
   9.0240002e+00
   9.0278362e+00
   9.0316752e+00
   9.0355171e+00
   9.0393620e+00
   9.0432099e+00
   9.0470607e+00
   9.0509145e+00
   9.0547712e+00
   9.0586309e+00
   9.0624936e+00
   9.0663592e+00
   9.0702277e+00
   9.0740992e+00
   9.0779737e+00
   9.0818511e+00
   9.0857315e+00
   9.0896147e+00
   9.0935010e+00
   9.0973901e+00
   9.1012822e+00
   9.1051773e+00
   9.1090752e+00
   9.1129761e+00
   9.1168799e+00
   9.1207867e+00
   9.1246963e+00
   9.1286089e+00
   9.1325244e+00
   9.1364428e+00
   9.1403642e+00
   9.1442884e+00
   9.1482156e+00
   9.1521456e+00
   9.1560786e+00
   9.1600145e+00
   9.1639532e+00
   9.1678949e+00
   9.1718394e+00
   9.1757869e+00
   9.1797372e+00
   9.1836905e+00
   9.1876466e+00
   9.1916056e+00
   9.1955674e+00
   9.1995322e+00
   9.2034998e+00
   9.2074703e+00
   9.2114437e+00
   9.2154199e+00
   9.2193990e+00
   9.2233810e+00
   9.2273658e+00
   9.2313535e+00
   9.2353441e+00
   9.2393375e+00
   9.2433337e+00
   9.2473328e+00
   9.2513348e+00
   9.2553395e+00
   9.2593472e+00
   9.2633576e+00
   9.2673709e+00
   9.2713870e+00
   9.2754060e+00
   9.2794278e+00
   9.2834524e+00
   9.2874798e+00
   9.2915100e+00
   9.2955431e+00
   9.2995790e+00
   9.3036177e+00
   9.3076591e+00
   9.3117034e+00
   9.3157505e+00
   9.3198004e+00
   9.3238531e+00
   9.3279086e+00
   9.3319669e+00
   9.3360279e+00
   9.3400918e+00
   9.3441584e+00
   9.3482278e+00
   9.3523000e+00
   9.3563749e+00
   9.3604526e+00
   9.3645331e+00
   9.3686164e+00
   9.3727024e+00
   9.3767911e+00
   9.3808827e+00
   9.3849769e+00
   9.3890740e+00
   9.3931737e+00
   9.3972762e+00
   9.4013815e+00
   9.4054895e+00
   9.4096002e+00
   9.4137137e+00
   9.4178298e+00
   9.4219487e+00
   9.4260704e+00
   9.4301947e+00
   9.4343218e+00
   9.4384515e+00
   9.4425840e+00
   9.4467192e+00
   9.4508571e+00
   9.4549977e+00
   9.4591410e+00
   9.4632869e+00
   9.4674356e+00
   9.4715869e+00
   9.4757410e+00
   9.4798977e+00
   9.4840571e+00
   9.4882191e+00
   9.4923839e+00
   9.4965513e+00
   9.5007213e+00
   9.5048941e+00
   9.5090695e+00
   9.5132475e+00
   9.5174282e+00
   9.5216115e+00
   9.5257975e+00
   9.5299861e+00
   9.5341774e+00
   9.5383713e+00
   9.5425678e+00
   9.5467669e+00
   9.5509687e+00
   9.5551731e+00
   9.5593801e+00
   9.5635897e+00
   9.5678019e+00
   9.5720168e+00
   9.5762342e+00
   9.5804543e+00
   9.5846769e+00
   9.5889021e+00
   9.5931300e+00
   9.5973604e+00
   9.6015934e+00
   9.6058289e+00
   9.6100671e+00
   9.6143078e+00
   9.6185511e+00
   9.6227969e+00
   9.6270453e+00
   9.6312963e+00
   9.6355498e+00
   9.6398059e+00
   9.6440645e+00
   9.6483257e+00
   9.6525894e+00
   9.6568557e+00
   9.6611244e+00
   9.6653957e+00
   9.6696696e+00
   9.6739459e+00
   9.6782248e+00
   9.6825062e+00
   9.6867901e+00
   9.6910765e+00
   9.6953654e+00
   9.6996569e+00
   9.7039508e+00
   9.7082472e+00
   9.7125461e+00
   9.7168475e+00
   9.7211514e+00
   9.7254577e+00
   9.7297665e+00
   9.7340778e+00
   9.7383916e+00
   9.7427078e+00
   9.7470265e+00
   9.7513477e+00
   9.7556713e+00
   9.7599973e+00
   9.7643258e+00
   9.7686568e+00
   9.7729902e+00
   9.7773260e+00
   9.7816642e+00
   9.7860049e+00
   9.7903480e+00
   9.7946936e+00
   9.7990415e+00
   9.8033919e+00
   9.8077446e+00
   9.8120998e+00
   9.8164574e+00
   9.8208173e+00
   9.8251797e+00
   9.8295445e+00
   9.8339116e+00
   9.8382811e+00
   9.8426530e+00
   9.8470273e+00
   9.8514040e+00
   9.8557830e+00
   9.8601644e+00
   9.8645481e+00
   9.8689343e+00
   9.8733227e+00
   9.8777135e+00
   9.8821067e+00
   9.8865022e+00
   9.8909000e+00
   9.8953002e+00
   9.8997027e+00
   9.9041075e+00
   9.9085147e+00
   9.9129242e+00
   9.9173360e+00
   9.9217501e+00
   9.9261665e+00
   9.9305852e+00
   9.9350062e+00
   9.9394295e+00
   9.9438551e+00
   9.9482830e+00
   9.9527132e+00
   9.9571457e+00
   9.9615804e+00
   9.9660174e+00
   9.9704567e+00
   9.9748983e+00
   9.9793421e+00
   9.9837882e+00
   9.9882365e+00
   9.9926871e+00
   9.9971399e+00
   1.0001595e+01
   1.0006052e+01
   1.0010512e+01
   1.0014974e+01
   1.0019438e+01
   1.0023904e+01
   1.0028372e+01
   1.0032843e+01
   1.0037316e+01
   1.0041791e+01
   1.0046268e+01
   1.0050748e+01
   1.0055230e+01
   1.0059714e+01
   1.0064200e+01
   1.0068688e+01
   1.0073178e+01
   1.0077671e+01
   1.0082166e+01
   1.0086663e+01
   1.0091162e+01
   1.0095663e+01
   1.0100167e+01
   1.0104673e+01
   1.0109180e+01
   1.0113690e+01
   1.0118202e+01
   1.0122717e+01
   1.0127233e+01
   1.0131752e+01
   1.0136272e+01
   1.0140795e+01
   1.0145320e+01
   1.0149847e+01
   1.0154376e+01
   1.0158907e+01
   1.0163441e+01
   1.0167976e+01
   1.0172514e+01
   1.0177053e+01
   1.0181595e+01
   1.0186139e+01
   1.0190685e+01
   1.0195233e+01
   1.0199783e+01
   1.0204335e+01
   1.0208890e+01
   1.0213446e+01
   1.0218004e+01
   1.0222565e+01
   1.0227127e+01
   1.0231692e+01
   1.0236259e+01
   1.0240827e+01
   1.0245398e+01
   1.0249971e+01
   1.0254545e+01
   1.0259122e+01
   1.0263701e+01
   1.0268282e+01
   1.0272865e+01
   1.0277450e+01
   1.0282037e+01
   1.0286626e+01
   1.0291217e+01
   1.0295810e+01
   1.0300405e+01
   1.0305002e+01
   1.0309601e+01
   1.0314201e+01
   1.0318804e+01
   1.0323409e+01
   1.0328016e+01
   1.0332625e+01
   1.0337236e+01
   1.0341849e+01
   1.0346463e+01
   1.0351080e+01
   1.0355699e+01
   1.0360320e+01
   1.0364942e+01
   1.0369567e+01
   1.0374193e+01
   1.0378822e+01
   1.0383452e+01
   1.0388084e+01
   1.0392719e+01
   1.0397355e+01
   1.0401993e+01
   1.0406633e+01
   1.0411275e+01
   1.0415919e+01
   1.0420564e+01
   1.0425212e+01
   1.0429862e+01
   1.0434513e+01
   1.0439167e+01
   1.0443822e+01
   1.0448479e+01
   1.0453138e+01
   1.0457799e+01
   1.0462462e+01
   1.0467126e+01
   1.0471793e+01
   1.0476461e+01
   1.0481132e+01
   1.0485804e+01
   1.0490478e+01
   1.0495154e+01
   1.0499832e+01
   1.0504511e+01
   1.0509193e+01
   1.0513876e+01
   1.0518561e+01
   1.0523248e+01
   1.0527937e+01
   1.0532628e+01
   1.0537320e+01
   1.0542014e+01
   1.0546711e+01
   1.0551409e+01
   1.0556108e+01
   1.0560810e+01
   1.0565513e+01
   1.0570219e+01
   1.0574926e+01
   1.0579634e+01
   1.0584345e+01
   1.0589057e+01
   1.0593772e+01
   1.0598488e+01
   1.0603205e+01
   1.0607925e+01
   1.0612646e+01
   1.0617370e+01
   1.0622095e+01
   1.0626821e+01
   1.0631550e+01
   1.0636280e+01
   1.0641012e+01
   1.0645746e+01
   1.0650481e+01
   1.0655218e+01
   1.0659958e+01
   1.0664698e+01
   1.0669441e+01
   1.0674185e+01
   1.0678931e+01
   1.0683679e+01
   1.0688428e+01
   1.0693180e+01
   1.0697933e+01
   1.0702687e+01
   1.0707444e+01
   1.0712202e+01
   1.0716962e+01
   1.0721723e+01
   1.0726487e+01
   1.0731252e+01
   1.0736018e+01
   1.0740787e+01
   1.0745557e+01
   1.0750329e+01
   1.0755102e+01
   1.0759878e+01
   1.0764655e+01
   1.0769433e+01
   1.0774213e+01
   1.0778995e+01
   1.0783779e+01
   1.0788565e+01
   1.0793352e+01
   1.0798140e+01
   1.0802931e+01
   1.0807723e+01
   1.0812517e+01
   1.0817312e+01
   1.0822109e+01
   1.0826908e+01
   1.0831708e+01
   1.0836510e+01
   1.0841314e+01
   1.0846120e+01
   1.0850927e+01
   1.0855735e+01
   1.0860546e+01
   1.0865358e+01
   1.0870171e+01
   1.0874987e+01
   1.0879803e+01
   1.0884622e+01
   1.0889442e+01
   1.0894264e+01
   1.0899087e+01
   1.0903913e+01
   1.0908739e+01
   1.0913568e+01
   1.0918398e+01
   1.0923229e+01
   1.0928062e+01
   1.0932897e+01
   1.0937734e+01
   1.0942572e+01
   1.0947411e+01
   1.0952252e+01
   1.0957095e+01
   1.0961940e+01
   1.0966786e+01
   1.0971634e+01
   1.0976483e+01
   1.0981334e+01
   1.0986186e+01
   1.0991040e+01
   1.0995896e+01
   1.1000753e+01
   1.1005612e+01
   1.1010472e+01
   1.1015334e+01
   1.1020198e+01
   1.1025063e+01
   1.1029930e+01
   1.1034798e+01
   1.1039668e+01
   1.1044540e+01
   1.1049413e+01
   1.1054287e+01
   1.1059163e+01
   1.1064041e+01
   1.1068921e+01
   1.1073801e+01
   1.1078684e+01
   1.1083568e+01
   1.1088454e+01
   1.1093341e+01
   1.1098229e+01
   1.1103120e+01
   1.1108011e+01
   1.1112905e+01
   1.1117800e+01
   1.1122696e+01
   1.1127594e+01
   1.1132494e+01
   1.1137395e+01
   1.1142298e+01
   1.1147202e+01
   1.1152108e+01
   1.1157015e+01
   1.1161924e+01
   1.1166834e+01
   1.1171746e+01
   1.1176660e+01
   1.1181575e+01
   1.1186491e+01
   1.1191409e+01
   1.1196329e+01
   1.1201250e+01
   1.1206173e+01
   1.1211097e+01
   1.1216022e+01
   1.1220950e+01
   1.1225878e+01
   1.1230809e+01
   1.1235741e+01
   1.1240674e+01
   1.1245609e+01
   1.1250545e+01
   1.1255483e+01
   1.1260423e+01
   1.1265364e+01
   1.1270306e+01
   1.1275250e+01
   1.1280196e+01
   1.1285143e+01
   1.1290091e+01
   1.1295041e+01
   1.1299993e+01
   1.1304946e+01
   1.1309900e+01
   1.1314857e+01
   1.1319814e+01
   1.1324773e+01
   1.1329734e+01
   1.1334696e+01
   1.1339660e+01
   1.1344625e+01
   1.1349592e+01
   1.1354560e+01
   1.1359530e+01
   1.1364501e+01
   1.1369474e+01
   1.1374448e+01
   1.1379423e+01
   1.1384401e+01
   1.1389379e+01
   1.1394360e+01
   1.1399341e+01
   1.1404325e+01
   1.1409309e+01
   1.1414296e+01
   1.1419283e+01
   1.1424273e+01
   1.1429263e+01
   1.1434256e+01
   1.1439249e+01
   1.1444245e+01
   1.1449242e+01
   1.1454240e+01
   1.1459240e+01
   1.1464241e+01
   1.1469244e+01
   1.1474248e+01
   1.1479254e+01
   1.1484261e+01
   1.1489270e+01
   1.1494280e+01
   1.1499292e+01
   1.1504305e+01
   1.1509320e+01
   1.1514336e+01
   1.1519354e+01
   1.1524373e+01
   1.1529394e+01
   1.1534416e+01
   1.1539440e+01
   1.1544465e+01
   1.1549492e+01
   1.1554520e+01
   1.1559550e+01
   1.1564581e+01
   1.1569614e+01
   1.1574649e+01
   1.1579684e+01
   1.1584722e+01
   1.1589760e+01
   1.1594801e+01
   1.1599843e+01
   1.1604886e+01
   1.1609931e+01
   1.1614977e+01
   1.1620025e+01
   1.1625074e+01
   1.1630125e+01
   1.1635177e+01
   1.1640231e+01
   1.1645287e+01
   1.1650343e+01
   1.1655402e+01
   1.1660462e+01
   1.1665523e+01
   1.1670586e+01
   1.1675651e+01
   1.1680716e+01
   1.1685784e+01
   1.1690853e+01
   1.1695923e+01
   1.1700995e+01
   1.1706069e+01
   1.1711144e+01
   1.1716220e+01
   1.1721298e+01
   1.1726378e+01
   1.1731459e+01
   1.1736542e+01
   1.1741626e+01
   1.1746712e+01
   1.1751799e+01
   1.1756887e+01
   1.1761978e+01
   1.1767069e+01
   1.1772163e+01
   1.1777257e+01
   1.1782354e+01
   1.1787452e+01
   1.1792551e+01
   1.1797652e+01
   1.1802754e+01
   1.1807858e+01
   1.1812964e+01
   1.1818071e+01
   1.1823180e+01
   1.1828290e+01
   1.1833401e+01
   1.1838515e+01
   1.1843629e+01
   1.1848746e+01
   1.1853863e+01
   1.1858983e+01
   1.1864104e+01
   1.1869226e+01
   1.1874350e+01
   1.1879476e+01
   1.1884603e+01
   1.1889731e+01
   1.1894862e+01
   1.1899993e+01
   1.1905127e+01
   1.1910261e+01
   1.1915398e+01
   1.1920536e+01
   1.1925675e+01
   1.1930816e+01
   1.1935959e+01
   1.1941103e+01
   1.1946249e+01
   1.1951396e+01
   1.1956545e+01
   1.1961696e+01
   1.1966848e+01
   1.1972002e+01
   1.1977157e+01
   1.1982314e+01
   1.1987472e+01
   1.1992632e+01
   1.1997793e+01
   1.2002956e+01
   1.2008121e+01
   1.2013287e+01
   1.2018455e+01
   1.2023625e+01
   1.2028796e+01
   1.2033968e+01
   1.2039142e+01
   1.2044318e+01
   1.2049495e+01
   1.2054674e+01
   1.2059855e+01
   1.2065037e+01
   1.2070221e+01
   1.2075406e+01
   1.2080593e+01
   1.2085782e+01
   1.2090972e+01
   1.2096164e+01
   1.2101357e+01
   1.2106552e+01
   1.2111749e+01
   1.2116947e+01
   1.2122147e+01
   1.2127348e+01
   1.2132551e+01
   1.2137756e+01
   1.2142962e+01
   1.2148170e+01
   1.2153380e+01
   1.2158591e+01
   1.2163804e+01
   1.2169018e+01
   1.2174234e+01
   1.2179452e+01
   1.2184672e+01
   1.2189893e+01
   1.2195115e+01
   1.2200340e+01
   1.2205565e+01
   1.2210793e+01
   1.2216022e+01
   1.2221253e+01
   1.2226486e+01
   1.2231720e+01
   1.2236956e+01
   1.2242193e+01
   1.2247432e+01
   1.2252673e+01
   1.2257915e+01
   1.2263160e+01
   1.2268405e+01
   1.2273653e+01
   1.2278902e+01
   1.2284153e+01
   1.2289405e+01
   1.2294659e+01
   1.2299915e+01
   1.2305173e+01
   1.2310432e+01
   1.2315693e+01
   1.2320955e+01
   1.2326219e+01
   1.2331485e+01
   1.2336753e+01
   1.2342022e+01
   1.2347293e+01
   1.2352565e+01
   1.2357840e+01
   1.2363116e+01
   1.2368394e+01
   1.2373673e+01
   1.2378954e+01
   1.2384237e+01
   1.2389521e+01
   1.2394808e+01
   1.2400095e+01
   1.2405385e+01
   1.2410676e+01
   1.2415969e+01
   1.2421264e+01
   1.2426561e+01
   1.2431859e+01
   1.2437159e+01
   1.2442460e+01
   1.2447764e+01
   1.2453069e+01
   1.2458376e+01
   1.2463684e+01
   1.2468994e+01
   1.2474306e+01
   1.2479620e+01
   1.2484935e+01
   1.2490252e+01
   1.2495571e+01
   1.2500892e+01
   1.2506214e+01
   1.2511538e+01
   1.2516864e+01
   1.2522192e+01
   1.2527521e+01
   1.2532852e+01
   1.2538185e+01
   1.2543519e+01
   1.2548856e+01
   1.2554194e+01
   1.2559533e+01
   1.2564875e+01
   1.2570218e+01
   1.2575563e+01
   1.2580910e+01
   1.2586258e+01
   1.2591608e+01
   1.2596960e+01
   1.2602314e+01
   1.2607670e+01
   1.2613027e+01
   1.2618386e+01
   1.2623747e+01
   1.2629109e+01
   1.2634474e+01
   1.2639840e+01
   1.2645207e+01
   1.2650577e+01
   1.2655948e+01
   1.2661321e+01
   1.2666696e+01
   1.2672073e+01
   1.2677451e+01
   1.2682831e+01
   1.2688213e+01
   1.2693597e+01
   1.2698982e+01
   1.2704369e+01
   1.2709758e+01
   1.2715149e+01
   1.2720542e+01
   1.2725936e+01
   1.2731332e+01
   1.2736730e+01
   1.2742129e+01
   1.2747530e+01
   1.2752934e+01
   1.2758338e+01
   1.2763745e+01
   1.2769153e+01
   1.2774563e+01
   1.2779975e+01
   1.2785389e+01
   1.2790804e+01
   1.2796222e+01
   1.2801640e+01
   1.2807061e+01
   1.2812484e+01
   1.2817908e+01
   1.2823334e+01
   1.2828761e+01
   1.2834191e+01
   1.2839622e+01
   1.2845055e+01
   1.2850490e+01
   1.2855926e+01
   1.2861364e+01
   1.2866804e+01
   1.2872246e+01
   1.2877690e+01
   1.2883135e+01
   1.2888582e+01
   1.2894030e+01
   1.2899481e+01
   1.2904933e+01
   1.2910387e+01
   1.2915842e+01
   1.2921300e+01
   1.2926759e+01
   1.2932220e+01
   1.2937682e+01
   1.2943146e+01
   1.2948612e+01
   1.2954080e+01
   1.2959549e+01
   1.2965020e+01
   1.2970493e+01
   1.2975968e+01
   1.2981444e+01
   1.2986922e+01
   1.2992401e+01
   1.2997883e+01
   1.3003366e+01
   1.3008850e+01
   1.3014337e+01
   1.3019825e+01
   1.3025314e+01
   1.3030806e+01
   1.3036299e+01
   1.3041793e+01
   1.3047290e+01
   1.3052787e+01
   1.3058287e+01
   1.3063788e+01
   1.3069291e+01
   1.3074796e+01
   1.3080302e+01
   1.3085810e+01
   1.3091319e+01
   1.3096830e+01
   1.3102343e+01
   1.3107857e+01
   1.3113373e+01
   1.3118890e+01
   1.3124409e+01
   1.3129930e+01
   1.3135452e+01
   1.3140976e+01
   1.3146501e+01
   1.3152028e+01
   1.3157556e+01
   1.3163086e+01
   1.3168617e+01
   1.3174150e+01
   1.3179685e+01
   1.3185221e+01
   1.3190758e+01
   1.3196297e+01
   1.3201838e+01
   1.3207380e+01
   1.3212923e+01
   1.3218468e+01
   1.3224014e+01
   1.3229562e+01
   1.3235111e+01
   1.3240662e+01
   1.3246214e+01
   1.3251768e+01
   1.3257322e+01
   1.3262879e+01
   1.3268436e+01
   1.3273995e+01
   1.3279556e+01
   1.3285118e+01
   1.3290681e+01
   1.3296245e+01
   1.3301811e+01
   1.3307378e+01
   1.3312946e+01
   1.3318516e+01
   1.3324087e+01
   1.3329659e+01
   1.3335232e+01
   1.3340807e+01
   1.3346383e+01
   1.3351960e+01
   1.3357538e+01
   1.3363117e+01
   1.3368698e+01
   1.3374280e+01
   1.3379863e+01
   1.3385447e+01
   1.3391032e+01
   1.3396618e+01
   1.3402206e+01
   1.3407794e+01
   1.3413384e+01
   1.3418974e+01
   1.3424566e+01
   1.3430159e+01
   1.3435752e+01
   1.3441347e+01
   1.3446942e+01
   1.3452539e+01
   1.3458136e+01
   1.3463735e+01
   1.3469334e+01
   1.3474934e+01
   1.3480535e+01
   1.3486137e+01
   1.3491739e+01
   1.3497343e+01
   1.3502947e+01
   1.3508552e+01
   1.3514158e+01
   1.3519764e+01
   1.3525372e+01
   1.3530979e+01
   1.3536588e+01
   1.3542197e+01
   1.3547807e+01
   1.3553417e+01
   1.3559028e+01
   1.3564640e+01
   1.3570252e+01
   1.3575865e+01
   1.3581478e+01
   1.3587091e+01
   1.3592705e+01
   1.3598320e+01
   1.3603935e+01
   1.3609550e+01
   1.3615165e+01
   1.3620781e+01
   1.3626397e+01
   1.3632014e+01
   1.3637630e+01
   1.3643247e+01
   1.3648864e+01
   1.3654481e+01
   1.3660099e+01
   1.3665716e+01
   1.3671334e+01
   1.3676951e+01
   1.3682569e+01
   1.3688187e+01
   1.3693804e+01
   1.3699422e+01
   1.3705039e+01
   1.3710656e+01
   1.3716273e+01
   1.3721890e+01
   1.3727507e+01
   1.3733123e+01
   1.3738739e+01
   1.3744355e+01
   1.3749970e+01
   1.3755585e+01
   1.3761200e+01
   1.3766814e+01
   1.3772428e+01
   1.3778041e+01
   1.3783653e+01
   1.3789265e+01
   1.3794876e+01
   1.3800487e+01
   1.3806097e+01
   1.3811706e+01
   1.3817314e+01
   1.3822921e+01
   1.3828528e+01
   1.3834133e+01
   1.3839738e+01
   1.3845342e+01
   1.3850944e+01
   1.3856546e+01
   1.3862146e+01
   1.3867745e+01
   1.3873343e+01
   1.3878940e+01
   1.3884536e+01
   1.3890130e+01
   1.3895722e+01
   1.3901314e+01
   1.3906903e+01
   1.3912491e+01
   1.3918078e+01
   1.3923663e+01
   1.3929246e+01
   1.3934828e+01
   1.3940408e+01
   1.3945986e+01
   1.3951562e+01
   1.3957136e+01
   1.3962708e+01
   1.3968278e+01
   1.3973846e+01
   1.3979412e+01
   1.3984976e+01
   1.3990537e+01
   1.3996096e+01
   1.4001653e+01
   1.4007207e+01
   1.4012759e+01
   1.4018309e+01
   1.4023855e+01
   1.4029399e+01
   1.4034941e+01
   1.4040479e+01
   1.4046015e+01
   1.4051548e+01
   1.4057078e+01
   1.4062605e+01
   1.4068129e+01
   1.4073649e+01
   1.4079167e+01
   1.4084681e+01
   1.4090192e+01
   1.4095699e+01
   1.4101203e+01
   1.4106704e+01
   1.4112201e+01
   1.4117694e+01
   1.4123183e+01
   1.4128669e+01
   1.4134150e+01
   1.4139628e+01
   1.4145102e+01
   1.4150572e+01
   1.4156037e+01
   1.4161498e+01
   1.4166955e+01
   1.4172408e+01
   1.4177856e+01
   1.4183299e+01
   1.4188738e+01
   1.4194172e+01
   1.4199601e+01
   1.4205026e+01
   1.4210446e+01
   1.4215860e+01
   1.4221269e+01
   1.4226674e+01
   1.4232073e+01
   1.4237466e+01
   1.4242855e+01
   1.4248237e+01
   1.4253614e+01
   1.4258986e+01
   1.4264351e+01
   1.4269711e+01
   1.4275065e+01
   1.4280412e+01
   1.4285754e+01
   1.4291089e+01
   1.4296418e+01
   1.4301741e+01
   1.4307057e+01
   1.4312367e+01
   1.4317670e+01
   1.4322966e+01
   1.4328255e+01
   1.4333537e+01
   1.4338812e+01
   1.4344080e+01
   1.4349341e+01
   1.4354594e+01
   1.4359840e+01
   1.4365078e+01
   1.4370309e+01
   1.4375532e+01
   1.4380747e+01
   1.4385954e+01
   1.4391153e+01
   1.4396344e+01
   1.4401526e+01
   1.4406700e+01
   1.4411866e+01
   1.4417023e+01
   1.4422171e+01
   1.4427310e+01
   1.4432441e+01
   1.4437562e+01
   1.4442674e+01
   1.4447777e+01
   1.4452871e+01
   1.4457955e+01
   1.4463029e+01
   1.4468094e+01
   1.4473149e+01
   1.4478194e+01
   1.4483228e+01
   1.4488253e+01
   1.4493267e+01
   1.4498271e+01
   1.4503264e+01
   1.4508247e+01
   1.4513219e+01
   1.4518180e+01
   1.4523129e+01
   1.4528068e+01
   1.4532996e+01
   1.4537911e+01
   1.4542816e+01
   1.4547709e+01
   1.4552589e+01
   1.4557458e+01
   1.4562315e+01
   1.4567160e+01
   1.4571993e+01
   1.4576813e+01
   1.4581620e+01
   1.4586415e+01
   1.4591197e+01
   1.4595966e+01
   1.4600721e+01
   1.4605464e+01
   1.4610193e+01
   1.4614909e+01
   1.4619611e+01
   1.4624299e+01
   1.4628974e+01
   1.4633634e+01
   1.4638280e+01
   1.4642912e+01
   1.4647529e+01
   1.4652132e+01
   1.4656720e+01
   1.4661293e+01
   1.4665851e+01
   1.4670394e+01
   1.4674922e+01
   1.4679434e+01
   1.4683930e+01
   1.4688411e+01
   1.4692876e+01
   1.4697324e+01
   1.4701757e+01
   1.4706173e+01
   1.4710573e+01
   1.4714956e+01
   1.4719323e+01
   1.4723672e+01
   1.4728005e+01
   1.4732320e+01
   1.4736618e+01
   1.4740898e+01
   1.4745161e+01
   1.4749406e+01
   1.4753633e+01
   1.4757842e+01
   1.4762032e+01
   1.4766204e+01
   1.4770358e+01
   1.4774493e+01
   1.4778609e+01
   1.4782706e+01
   1.4786783e+01
   1.4790842e+01
   1.4794881e+01
   1.4798900e+01
   1.4802899e+01
   1.4806879e+01
   1.4810838e+01
   1.4814777e+01
   1.4818696e+01
   1.4822594e+01
   1.4826471e+01
   1.4830328e+01
   1.4834163e+01
   1.4837977e+01
   1.4841770e+01
   1.4845541e+01
   1.4849291e+01
   1.4853019e+01
   1.4856724e+01
   1.4860408e+01
   1.4864069e+01
   1.4867708e+01
   1.4871324e+01
   1.4874917e+01
   1.4878488e+01
   1.4882035e+01
   1.4885559e+01
   1.4889059e+01
   1.4892536e+01
   1.4895989e+01
   1.4899418e+01
   1.4902823e+01
   1.4906204e+01
   1.4909560e+01
   1.4912892e+01
   1.4916199e+01
   1.4919481e+01
   1.4922738e+01
   1.4925970e+01
   1.4929176e+01
   1.4932357e+01
   1.4935512e+01
   1.4938642e+01
   1.4941745e+01
   1.4944822e+01
   1.4947872e+01
   1.4950896e+01
   1.4953893e+01
   1.4956864e+01
   1.4959807e+01
   1.4962723e+01
   1.4965612e+01
   1.4968473e+01
   1.4971307e+01
   1.4974112e+01
   1.4976890e+01
   1.4979639e+01
   1.4982360e+01
   1.4985053e+01
   1.4987716e+01
   1.4990351e+01
   1.4992957e+01
   1.4995533e+01
   1.4998080e+01
   1.5000598e+01
   1.5003086e+01
   1.5005544e+01
   1.5007971e+01
   1.5010369e+01
   1.5012736e+01
   1.5015073e+01
   1.5017379e+01
   1.5019653e+01
   1.5021897e+01
   1.5024110e+01
   1.5026290e+01
   1.5028440e+01
   1.5030557e+01
   1.5032643e+01
   1.5034696e+01
   1.5036717e+01
   1.5038706e+01
   1.5040662e+01
   1.5042584e+01
   1.5044474e+01
   1.5046331e+01
   1.5048154e+01
   1.5049944e+01
   1.5051700e+01
   1.5053421e+01
   1.5055109e+01
   1.5056762e+01
   1.5058381e+01
   1.5059966e+01
   1.5061515e+01
   1.5063029e+01
   1.5064508e+01
   1.5065951e+01
   1.5067359e+01
   1.5068731e+01
   1.5070067e+01
   1.5071367e+01
   1.5072630e+01
   1.5073857e+01
   1.5075047e+01
   1.5076200e+01
   1.5077316e+01
   1.5078394e+01
   1.5079435e+01
   1.5080438e+01
   1.5081403e+01
   1.5082330e+01
   1.5083219e+01
   1.5084069e+01
   1.5084880e+01
   1.5085652e+01
   1.5086385e+01
   1.5087078e+01
   1.5087732e+01
   1.5088346e+01
   1.5088920e+01
   1.5089453e+01
   1.5089947e+01
   1.5090399e+01
   1.5090811e+01
   1.5091181e+01
   1.5091510e+01
   1.5091798e+01
   1.5092043e+01
   1.5092247e+01
   1.5092409e+01
   1.5092528e+01
   1.5092604e+01
   1.5092637e+01
   1.5092628e+01
   1.5092574e+01
   1.5092478e+01
   1.5092337e+01
   1.5092152e+01
   1.5091923e+01
   1.5091650e+01
   1.5091331e+01
   1.5090968e+01
   1.5090559e+01
   1.5090105e+01
   1.5089605e+01
   1.5089059e+01
   1.5088467e+01
   1.5087828e+01
   1.5087143e+01
   1.5086410e+01
   1.5085631e+01
   1.5084804e+01
   1.5083929e+01
   1.5083006e+01
   1.5082034e+01
   1.5081014e+01
   1.5079946e+01
   1.5078828e+01
   1.5077661e+01
   1.5076445e+01
   1.5075178e+01
   1.5073862e+01
   1.5072495e+01
   1.5071077e+01
   1.5069609e+01
   1.5068089e+01
   1.5066518e+01
   1.5064895e+01
   1.5063221e+01
   1.5061494e+01
   1.5059714e+01
   1.5057881e+01
   1.5055996e+01
   1.5054057e+01
   1.5052064e+01
   1.5050018e+01
   1.5047917e+01
   1.5045762e+01
   1.5043552e+01
   1.5041286e+01
   1.5038966e+01
   1.5036590e+01
   1.5034158e+01
   1.5031669e+01
   1.5029124e+01
   1.5026523e+01
   1.5023864e+01
   1.5021148e+01
   1.5018374e+01
   1.5015543e+01
   1.5012653e+01
   1.5009704e+01
   1.5006697e+01
   1.5003630e+01
   1.5000504e+01
   1.4997319e+01
   1.4994073e+01
   1.4990767e+01
   1.4987401e+01
   1.4983973e+01
   1.4980485e+01
   1.4976934e+01
   1.4973323e+01
   1.4969649e+01
   1.4965912e+01
   1.4962113e+01
   1.4958251e+01
   1.4954326e+01
   1.4950337e+01
   1.4946284e+01
   1.4942167e+01
   1.4937985e+01
   1.4933739e+01
   1.4929428e+01
   1.4925051e+01
   1.4920609e+01
   1.4916100e+01
   1.4911525e+01
   1.4906884e+01
   1.4902176e+01
   1.4897401e+01
   1.4892558e+01
   1.4887647e+01
   1.4882668e+01
   1.4877621e+01
   1.4872506e+01
   1.4867321e+01
   1.4862067e+01
   1.4856743e+01
   1.4851349e+01
   1.4845886e+01
   1.4840351e+01
   1.4834746e+01
   1.4829070e+01
   1.4823323e+01
   1.4817503e+01
   1.4811612e+01
   1.4805648e+01
   1.4799612e+01
   1.4793503e+01
   1.4787321e+01
   1.4781065e+01
   1.4774735e+01
   1.4768331e+01
   1.4761853e+01
   1.4755300e+01
   1.4748672e+01
   1.4741969e+01
   1.4735190e+01
   1.4728335e+01
   1.4721404e+01
   1.4714396e+01
   1.4707312e+01
   1.4700150e+01
   1.4692911e+01
   1.4685594e+01
   1.4678199e+01
   1.4670726e+01
   1.4663174e+01
   1.4655543e+01
   1.4647832e+01
   1.4640042e+01
   1.4632173e+01
   1.4624222e+01
   1.4616192e+01
   1.4608080e+01
   1.4599888e+01
   1.4591614e+01
   1.4583258e+01
   1.4574820e+01
   1.4566300e+01
   1.4557697e+01
   1.4549011e+01
   1.4540241e+01
   1.4531388e+01
   1.4522451e+01
   1.4513430e+01
   1.4504324e+01
   1.4495133e+01
   1.4485857e+01
   1.4476495e+01
   1.4467048e+01
   1.4457514e+01
   1.4447893e+01
   1.4438186e+01
   1.4428392e+01
   1.4418510e+01
   1.4408540e+01
   1.4398482e+01
   1.4388335e+01
   1.4378100e+01
   1.4367775e+01
   1.4357361e+01
   1.4346857e+01
   1.4336263e+01
   1.4325578e+01
   1.4314802e+01
   1.4303935e+01
   1.4292977e+01
   1.4281926e+01
   1.4270784e+01
   1.4259548e+01
   1.4248220e+01
   1.4236798e+01
   1.4225283e+01
   1.4213673e+01
   1.4201969e+01
   1.4190170e+01
   1.4178276e+01
   1.4166287e+01
   1.4154202e+01
   1.4142020e+01
   1.4129742e+01
   1.4117366e+01
   1.4104894e+01
   1.4092323e+01
   1.4079655e+01
   1.4066887e+01
   1.4054021e+01
   1.4041056e+01
   1.4027991e+01
   1.4014825e+01
   1.4001560e+01
   1.3988193e+01
   1.3974725e+01
   1.3961155e+01
   1.3947483e+01
   1.3933709e+01
   1.3919831e+01
   1.3905851e+01
   1.3891766e+01
   1.3877577e+01
   1.3863284e+01
   1.3848885e+01
   1.3834381e+01
   1.3819771e+01
   1.3805055e+01
   1.3790232e+01
   1.3775302e+01
   1.3760264e+01
   1.3745118e+01
   1.3729863e+01
   1.3714499e+01
   1.3699026e+01
   1.3683443e+01
   1.3667749e+01
   1.3651944e+01
   1.3636028e+01
   1.3620001e+01
   1.3603861e+01
   1.3587608e+01
   1.3571242e+01
   1.3554762e+01
   1.3538168e+01
   1.3521459e+01
   1.3504635e+01
   1.3487695e+01
   1.3470639e+01
   1.3453467e+01
   1.3436177e+01
   1.3418769e+01
   1.3401243e+01
   1.3383598e+01
   1.3365834e+01
   1.3347951e+01
   1.3329946e+01
   1.3311821e+01
   1.3293575e+01
   1.3275207e+01
   1.3256716e+01
   1.3238102e+01
   1.3219365e+01
   1.3200503e+01
   1.3181517e+01
   1.3162406e+01
   1.3143169e+01
   1.3123805e+01
   1.3104315e+01
   1.3084697e+01
   1.3064952e+01
   1.3045077e+01
   1.3025074e+01
   1.3004941e+01
   1.2984677e+01
   1.2964283e+01
   1.2943757e+01
   1.2923099e+01
   1.2902308e+01
   1.2881384e+01
   1.2860327e+01
   1.2839134e+01
   1.2817807e+01
   1.2796345e+01
   1.2774746e+01
   1.2753010e+01
   1.2731137e+01
   1.2709125e+01
   1.2686976e+01
   1.2664686e+01
   1.2642258e+01
   1.2619688e+01
   1.2596978e+01
   1.2574125e+01
   1.2551131e+01
   1.2527994e+01
   1.2504713e+01
   1.2481288e+01
   1.2457718e+01
   1.2434002e+01
   1.2410141e+01
   1.2386133e+01
   1.2361978e+01
   1.2337676e+01
   1.2313224e+01
   1.2288624e+01
   1.2263874e+01
   1.2238974e+01
   1.2213923e+01
   1.2188720e+01
   1.2163365e+01
   1.2137858e+01
   1.2112197e+01
   1.2086382e+01
   1.2060413e+01
   1.2034289e+01
   1.2008010e+01
   1.1981574e+01
   1.1954981e+01
   1.1928231e+01
   1.1901323e+01
   1.1874256e+01
   1.1847030e+01
   1.1819645e+01
   1.1792100e+01
   1.1764394e+01
   1.1736526e+01
   1.1708497e+01
   1.1680306e+01
   1.1651952e+01
   1.1623435e+01
   1.1594754e+01
   1.1565909e+01
   1.1536899e+01
   1.1507724e+01
   1.1478384e+01
   1.1448877e+01
   1.1419204e+01
   1.1389364e+01
   1.1359357e+01
   1.1329183e+01
   1.1298840e+01
   1.1268329e+01
   1.1237650e+01
   1.1206801e+01
   1.1175784e+01
   1.1144596e+01
   1.1113239e+01
   1.1081712e+01
   1.1050014e+01
   1.1018146e+01
   1.0986108e+01
   1.0953898e+01
   1.0921518e+01
   1.0888966e+01
   1.0856243e+01
   1.0823349e+01
   1.0790284e+01
   1.0757047e+01
   1.0723639e+01
   1.0690060e+01
   1.0656309e+01
   1.0622388e+01
   1.0588295e+01
   1.0554032e+01
   1.0519598e+01
   1.0484994e+01
   1.0450220e+01
   1.0415275e+01
   1.0380162e+01
   1.0344879e+01
   1.0309428e+01
   1.0273808e+01
   1.0238021e+01
   1.0202067e+01
   1.0165946e+01
   1.0129659e+01
   1.0093207e+01
   1.0056590e+01
   1.0019809e+01
   9.9828657e+00
   9.9457600e+00
   9.9084931e+00
   9.8710660e+00
   9.8334796e+00
   9.7957351e+00
   9.7578336e+00
   9.7197763e+00
   9.6815643e+00
   9.6431991e+00
   9.6046820e+00
   9.5660144e+00
   9.5271977e+00
   9.4882336e+00
   9.4491236e+00
   9.4098694e+00
   9.3704728e+00
   9.3309355e+00
   9.2912594e+00
   9.2514465e+00
   9.2114988e+00
   9.1714184e+00
   9.1312073e+00
   9.0908679e+00
   9.0504024e+00
   9.0098132e+00
   8.9691028e+00
   8.9282736e+00
   8.8873282e+00
   8.8462694e+00
   8.8050998e+00
   8.7638224e+00
   8.7224398e+00
   8.6809553e+00
   8.6393717e+00
   8.5976923e+00
   8.5559201e+00
   8.5140586e+00
   8.4721111e+00
   8.4300810e+00
   8.3879717e+00
   8.3457870e+00
   8.3035305e+00
   8.2612058e+00
   8.2188169e+00
   8.1763676e+00
   8.1338619e+00
   8.0913038e+00
   8.0486974e+00
   8.0060469e+00
   7.9633566e+00
   7.9206307e+00
   7.8778737e+00
   7.8350899e+00
   7.7922840e+00
   7.7494604e+00
   7.7066239e+00
   7.6637790e+00
   7.6209306e+00
   7.5780835e+00
   7.5352425e+00
   7.4924125e+00
   7.4495985e+00
   7.4068055e+00
   7.3640384e+00
   7.3213025e+00
   7.2786027e+00
   7.2359444e+00
   7.1933326e+00
   7.1507725e+00
   7.1082694e+00
   7.0658286e+00
   7.0234553e+00
   6.9811548e+00
   6.9389325e+00
   6.8967936e+00
   6.8547434e+00
   6.8127873e+00
   6.7709307e+00
   6.7291787e+00
   6.6875367e+00
   6.6460100e+00
   6.6046039e+00
   6.5633236e+00
   6.5221744e+00
   6.4811614e+00
   6.4402898e+00
   6.3995647e+00
   6.3589913e+00
   6.3185746e+00
   6.2783196e+00
   6.2382313e+00
   6.1983145e+00
   6.1585741e+00
   6.1190148e+00
   6.0796415e+00
   6.0404587e+00
   6.0014711e+00
   5.9626831e+00
   5.9240992e+00
   5.8857237e+00
   5.8475609e+00
   5.8096150e+00
   5.7718900e+00
   5.7343901e+00
   5.6971190e+00
   5.6600807e+00
   5.6232787e+00
   5.5867168e+00
   5.5503985e+00
   5.5143272e+00
   5.4785061e+00
   5.4429385e+00
   5.4076275e+00
   5.3725760e+00
   5.3377869e+00
   5.3032631e+00
   5.2690070e+00
   5.2350213e+00
   5.2013083e+00
   5.1678704e+00
   5.1347098e+00
   5.1018284e+00
   5.0692283e+00
   5.0369112e+00
   5.0048790e+00
   4.9731332e+00
   4.9416753e+00
   4.9105067e+00
   4.8796285e+00
   4.8490421e+00
   4.8187483e+00
   4.7887482e+00
   4.7590424e+00
   4.7296318e+00
   4.7005169e+00
   4.6716981e+00
   4.6431759e+00
   4.6149505e+00
   4.5870220e+00
   4.5593907e+00
   4.5320563e+00
   4.5050187e+00
   4.4782779e+00
   4.4518333e+00
   4.4256846e+00
   4.3998313e+00
   4.3742727e+00
   4.3490083e+00
   4.3240372e+00
   4.2993585e+00
   4.2749714e+00
   4.2508749e+00
   4.2270678e+00
   4.2035489e+00
   4.1803171e+00
   4.1573711e+00
   4.1347094e+00
   4.1123307e+00
   4.0902335e+00
   4.0684162e+00
   4.0468771e+00
   4.0256147e+00
   4.0046272e+00
   3.9839128e+00
   3.9634697e+00
   3.9432961e+00
   3.9233899e+00
   3.9037494e+00
   3.8843724e+00
   3.8652569e+00
   3.8464009e+00
   3.8278023e+00
   3.8094589e+00
   3.7913685e+00
   3.7735289e+00
   3.7559380e+00
   3.7385934e+00
   3.7214929e+00
   3.7046342e+00
   3.6880150e+00
   3.6716330e+00
   3.6554857e+00
   3.6395709e+00
   3.6238861e+00
   3.6084290e+00
   3.5931972e+00
   3.5781883e+00
   3.5633997e+00
   3.5488293e+00
   3.5344744e+00
   3.5203326e+00
   3.5064017e+00
   3.4926790e+00
   3.4791622e+00
   3.4658489e+00
   3.4527365e+00
   3.4398228e+00
   3.4271053e+00
   3.4145815e+00
   3.4022491e+00
   3.3901056e+00
   3.3781487e+00
   3.3663760e+00
   3.3547851e+00
   3.3433737e+00
   3.3321394e+00
   3.3210798e+00
   3.3101927e+00
   3.2994757e+00
   3.2889265e+00
   3.2785429e+00
   3.2683226e+00
   3.2582632e+00
   3.2483627e+00
   3.2386188e+00
   3.2290292e+00
   3.2195918e+00
   3.2103045e+00
   3.2011650e+00
   3.1921712e+00
   3.1833211e+00
   3.1746125e+00
   3.1660434e+00
   3.1576116e+00
   3.1493153e+00
   3.1411523e+00
   3.1331207e+00
   3.1252185e+00
   3.1174437e+00
   3.1097944e+00
   3.1022687e+00
   3.0948647e+00
   3.0875806e+00
   3.0804145e+00
   3.0733645e+00
   3.0664289e+00
   3.0596058e+00
   3.0528936e+00
   3.0462904e+00
   3.0397946e+00
   3.0334044e+00
   3.0271181e+00
   3.0209342e+00
   3.0148510e+00
   3.0088668e+00
   3.0029800e+00
   2.9971892e+00
   2.9914927e+00
   2.9858889e+00
   2.9803765e+00
   2.9749538e+00
   2.9696195e+00
   2.9643721e+00
   2.9592100e+00
   2.9541321e+00
   2.9491367e+00
   2.9442226e+00
   2.9393884e+00
   2.9346328e+00
   2.9299545e+00
   2.9253521e+00
   2.9208244e+00
   2.9163702e+00
   2.9119881e+00
   2.9076770e+00
   2.9034357e+00
   2.8992630e+00
   2.8951577e+00
   2.8911187e+00
   2.8871448e+00
   2.8832350e+00
   2.8793881e+00
   2.8756030e+00
   2.8718788e+00
   2.8682142e+00
   2.8646084e+00
   2.8610603e+00
   2.8575689e+00
   2.8541333e+00
   2.8507523e+00
   2.8474252e+00
   2.8441509e+00
   2.8409286e+00
   2.8377574e+00
   2.8346363e+00
   2.8315644e+00
   2.8285410e+00
   2.8255651e+00
   2.8226360e+00
   2.8197528e+00
   2.8169146e+00
   2.8141208e+00
   2.8113705e+00
   2.8086630e+00
   2.8059974e+00
   2.8033732e+00
   2.8007894e+00
   2.7982455e+00
   2.7957407e+00
   2.7932743e+00
   2.7908457e+00
   2.7884541e+00
   2.7860989e+00
   2.7837795e+00
   2.7814952e+00
   2.7792454e+00
   2.7770294e+00
   2.7748468e+00
   2.7726968e+00
   2.7705790e+00
   2.7684927e+00
   2.7664373e+00
   2.7644124e+00
   2.7624173e+00
   2.7604515e+00
   2.7585146e+00
   2.7566060e+00
   2.7547251e+00
   2.7528715e+00
   2.7510448e+00
   2.7492443e+00
   2.7474697e+00
   2.7457205e+00
   2.7439962e+00
   2.7422964e+00
   2.7406206e+00
   2.7389685e+00
   2.7373395e+00
   2.7357333e+00
   2.7341494e+00
   2.7325875e+00
   2.7310472e+00
   2.7295280e+00
   2.7280297e+00
   2.7265517e+00
   2.7250938e+00
   2.7236556e+00
   2.7222368e+00
   2.7208369e+00
   2.7194557e+00
   2.7180928e+00
   2.7167479e+00
   2.7154206e+00
   2.7141107e+00
   2.7128179e+00
   2.7115417e+00
   2.7102820e+00
   2.7090385e+00
   2.7078107e+00
   2.7065986e+00
   2.7054017e+00
   2.7042198e+00
   2.7030526e+00
   2.7019000e+00
   2.7007615e+00
   2.6996370e+00
   2.6985263e+00
   2.6974289e+00
   2.6963449e+00
   2.6952738e+00
   2.6942154e+00
   2.6931696e+00
   2.6921361e+00
   2.6911147e+00
   2.6901051e+00
   2.6891072e+00
   2.6881208e+00
   2.6871456e+00
   2.6861815e+00
   2.6852282e+00
   2.6842856e+00
   2.6833534e+00
   2.6824315e+00
   2.6815198e+00
   2.6806179e+00
   2.6797258e+00
   2.6788433e+00
   2.6779702e+00
   2.6771063e+00
   2.6762515e+00
   2.6754057e+00
   2.6745686e+00
   2.6737401e+00
   2.6729200e+00
   2.6721083e+00
   2.6713047e+00
   2.6705092e+00
   2.6697215e+00
   2.6689416e+00
   2.6681693e+00
   2.6674044e+00
   2.6666469e+00
   2.6658967e+00
   2.6651535e+00
   2.6644173e+00
   2.6636879e+00
   2.6629653e+00
   2.6622492e+00
   2.6615397e+00
   2.6608366e+00
   2.6601397e+00
   2.6594491e+00
   2.6587645e+00
   2.6580858e+00
   2.6574130e+00
   2.6567460e+00
   2.6560846e+00
   2.6554288e+00
   2.6547785e+00
   2.6541335e+00
   2.6534939e+00
   2.6528594e+00
   2.6522301e+00
   2.6516057e+00
   2.6509863e+00
   2.6503718e+00
   2.6497621e+00
   2.6491570e+00
   2.6485566e+00
   2.6479607e+00
   2.6473692e+00
   2.6467822e+00
   2.6461995e+00
   2.6456210e+00
   2.6450467e+00
   2.6444766e+00
   2.6439104e+00
   2.6433483e+00
   2.6427900e+00
   2.6422356e+00
   2.6416850e+00
   2.6411382e+00
   2.6405949e+00
   2.6400553e+00
   2.6395193e+00
   2.6389867e+00
   2.6384576e+00
   2.6379318e+00
   2.6374094e+00
   2.6368902e+00
   2.6363743e+00
   2.6358615e+00
   2.6353519e+00
   2.6348453e+00
   2.6343418e+00
   2.6338413e+00
   2.6333436e+00
   2.6328489e+00
   2.6323570e+00
   2.6318679e+00
   2.6313816e+00
   2.6308979e+00
   2.6304170e+00
   2.6299387e+00
   2.6294629e+00
   2.6289898e+00
   2.6285191e+00
   2.6280509e+00
   2.6275852e+00
   2.6271218e+00
   2.6266609e+00
   2.6262022e+00
   2.6257459e+00
   2.6252918e+00
   2.6248400e+00
   2.6243904e+00
   2.6239429e+00
   2.6234976e+00
   2.6230543e+00
   2.6226132e+00
   2.6221741e+00
   2.6217370e+00
   2.6213019e+00
   2.6208688e+00
   2.6204376e+00
   2.6200083e+00
   2.6195809e+00
   2.6191554e+00
   2.6187316e+00
   2.6183097e+00
   2.6178896e+00
   2.6174712e+00
   2.6170546e+00
   2.6166396e+00
   2.6162264e+00
   2.6158148e+00
   2.6154048e+00
   2.6149965e+00
   2.6145898e+00
   2.6141847e+00
   2.6137811e+00
   2.6133790e+00
   2.6129785e+00
   2.6125795e+00
   2.6121819e+00
   2.6117858e+00
   2.6113912e+00
   2.6109980e+00
   2.6106062e+00
   2.6102158e+00
   2.6098267e+00
   2.6094390e+00
   2.6090527e+00
   2.6086677e+00
   2.6082839e+00
   2.6079015e+00
   2.6075204e+00
   2.6071405e+00
   2.6067619e+00
   2.6063845e+00
   2.6060083e+00
   2.6056333e+00
   2.6052595e+00
   2.6048869e+00
   2.6045155e+00
   2.6041452e+00
   2.6037761e+00
   2.6034081e+00
   2.6030412e+00
   2.6026754e+00
   2.6023107e+00
   2.6019470e+00
   2.6015845e+00
   2.6012230e+00
   2.6008625e+00
   2.6005031e+00
   2.6001447e+00
   2.5997873e+00
   2.5994309e+00
   2.5990755e+00
   2.5987211e+00
   2.5983676e+00
   2.5980152e+00
   2.5976636e+00
   2.5973131e+00
   2.5969634e+00
   2.5966147e+00
   2.5962669e+00
   2.5959200e+00
   2.5955740e+00
   2.5952290e+00
   2.5948847e+00
   2.5945414e+00
   2.5941989e+00
   2.5938573e+00
   2.5935166e+00
   2.5931767e+00
   2.5928376e+00
   2.5924994e+00
   2.5921619e+00
   2.5918253e+00
   2.5914895e+00
   2.5911545e+00
   2.5908203e+00
   2.5904869e+00
   2.5901543e+00
   2.5898225e+00
   2.5894914e+00
   2.5891611e+00
   2.5888315e+00
   2.5885027e+00
   2.5881746e+00
   2.5878473e+00
   2.5875207e+00
   2.5871948e+00
   2.5868697e+00
   2.5865453e+00
   2.5862216e+00
   2.5858986e+00
   2.5855763e+00
   2.5852547e+00
   2.5849337e+00
   2.5846135e+00
   2.5842940e+00
   2.5839751e+00
   2.5836569e+00
   2.5833394e+00
   2.5830225e+00
   2.5827063e+00
   2.5823907e+00
   2.5820758e+00
   2.5817616e+00
   2.5814479e+00
   2.5811350e+00
   2.5808226e+00
   2.5805109e+00
   2.5801998e+00
   2.5798893e+00
   2.5795795e+00
   2.5792702e+00
   2.5789616e+00
   2.5786536e+00
   2.5783461e+00
   2.5780393e+00
   2.5777331e+00
   2.5774274e+00
   2.5771224e+00
   2.5768179e+00
   2.5765140e+00
   2.5762107e+00
   2.5759080e+00
   2.5756058e+00
   2.5753042e+00
   2.5750032e+00
   2.5747027e+00
   2.5744028e+00
   2.5741035e+00
   2.5738047e+00
   2.5735064e+00
   2.5732087e+00
   2.5729116e+00
   2.5726150e+00
   2.5723189e+00
   2.5720234e+00
   2.5717284e+00
   2.5714339e+00
   2.5711400e+00
   2.5708466e+00
   2.5705537e+00
   2.5702613e+00
   2.5699695e+00
   2.5696781e+00
   2.5693873e+00
   2.5690970e+00
   2.5688072e+00
   2.5685179e+00
   2.5682292e+00
   2.5679409e+00
   2.5676531e+00
   2.5673658e+00
   2.5670790e+00
   2.5667927e+00
   2.5665069e+00
   2.5662216e+00
   2.5659368e+00
   2.5656525e+00
   2.5653686e+00
   2.5650852e+00
   2.5648024e+00
   2.5645199e+00
   2.5642380e+00
   2.5639565e+00
   2.5636756e+00
   2.5633950e+00
   2.5631150e+00
   2.5628354e+00
   2.5625563e+00
   2.5622776e+00
   2.5619994e+00
   2.5617217e+00
   2.5614444e+00
   2.5611676e+00
   2.5608912e+00
   2.5606153e+00
   2.5603398e+00
   2.5600648e+00
   2.5597902e+00
   2.5595161e+00
   2.5592425e+00
   2.5589692e+00
   2.5586964e+00
   2.5584241e+00
   2.5581522e+00
   2.5578807e+00
   2.5576097e+00
   2.5573390e+00
   2.5570689e+00
   2.5567991e+00
   2.5565298e+00
   2.5562609e+00
   2.5559925e+00
   2.5557245e+00
   2.5554569e+00
   2.5551897e+00
   2.5549229e+00
   2.5546566e+00
   2.5543906e+00
   2.5541251e+00
   2.5538601e+00
   2.5535954e+00
   2.5533311e+00
   2.5530673e+00
   2.5528038e+00
   2.5525408e+00
   2.5522782e+00
   2.5520160e+00
   2.5517542e+00
   2.5514928e+00
   2.5512318e+00
   2.5509712e+00
   2.5507110e+00
   2.5504512e+00
   2.5501919e+00
   2.5499329e+00
   2.5496743e+00
   2.5494161e+00
   2.5491583e+00
   2.5489009e+00
   2.5486439e+00
   2.5483872e+00
   2.5481310e+00
   2.5478752e+00
   2.5476197e+00
   2.5473646e+00
   2.5471100e+00
   2.5468557e+00
   2.5466018e+00
   2.5463482e+00
   2.5460951e+00
   2.5458423e+00
   2.5455899e+00
   2.5453379e+00
   2.5450863e+00
   2.5448350e+00
   2.5445842e+00
   2.5443337e+00
   2.5440835e+00
   2.5438338e+00
   2.5435844e+00
   2.5433354e+00
   2.5430868e+00
   2.5428385e+00
   2.5425906e+00
   2.5423431e+00
   2.5420959e+00
   2.5418491e+00
   2.5416027e+00
   2.5413566e+00
   2.5411109e+00
   2.5408656e+00
   2.5406206e+00
   2.5403759e+00
   2.5401317e+00
   2.5398878e+00
   2.5396442e+00
   2.5394010e+00
   2.5391582e+00
   2.5389157e+00
   2.5386736e+00
   2.5384318e+00
   2.5381904e+00
   2.5379494e+00
   2.5377086e+00
   2.5374683e+00
   2.5372283e+00
   2.5369886e+00
   2.5367493e+00
   2.5365103e+00
   2.5362717e+00
   2.5360334e+00
   2.5357955e+00
   2.5355579e+00
   2.5353207e+00
   2.5350838e+00
   2.5348472e+00
   2.5346110e+00
   2.5343751e+00
   2.5341395e+00
   2.5339043e+00
   2.5336695e+00
   2.5334350e+00
   2.5332008e+00
   2.5329669e+00
   2.5327334e+00
   2.5325002e+00
   2.5322673e+00
   2.5320348e+00
   2.5318026e+00
   2.5315708e+00
   2.5313392e+00
   2.5311081e+00
   2.5308772e+00
   2.5306466e+00
   2.5304164e+00
   2.5301865e+00
   2.5299570e+00
   2.5297277e+00
   2.5294988e+00
   2.5292703e+00
   2.5290420e+00
   2.5288141e+00
   2.5285864e+00
   2.5283591e+00
   2.5281322e+00
   2.5279055e+00
   2.5276792e+00
   2.5274532e+00
   2.5272275e+00
   2.5270021e+00
   2.5267770e+00
   2.5265523e+00
   2.5263278e+00
   2.5261037e+00
   2.5258799e+00
   2.5256564e+00
   2.5254332e+00
   2.5252104e+00
   2.5249878e+00
   2.5247656e+00
   2.5245436e+00
   2.5243220e+00
   2.5241007e+00
   2.5238797e+00
   2.5236590e+00
   2.5234386e+00
   2.5232185e+00
   2.5229987e+00
   2.5227793e+00
   2.5225601e+00
   2.5223412e+00
   2.5221227e+00
   2.5219044e+00
   2.5216864e+00
   2.5214688e+00
   2.5212514e+00
   2.5210344e+00
   2.5208176e+00
   2.5206012e+00
   2.5203850e+00
   2.5201691e+00
   2.5199536e+00
   2.5197383e+00
   2.5195233e+00
   2.5193087e+00
   2.5190943e+00
   2.5188802e+00
   2.5186664e+00
   2.5184529e+00
   2.5182397e+00
   2.5180268e+00
   2.5178142e+00
   2.5176018e+00
   2.5173898e+00
   2.5171780e+00
   2.5169666e+00
   2.5167554e+00
   2.5165445e+00
   2.5163339e+00
   2.5161236e+00
   2.5159136e+00
   2.5157039e+00
   2.5154944e+00
   2.5152852e+00
   2.5150763e+00
   2.5148677e+00
   2.5146594e+00
   2.5144514e+00
   2.5142436e+00
   2.5140362e+00
   2.5138290e+00
   2.5136221e+00
   2.5134154e+00
   2.5132091e+00
   2.5130030e+00
   2.5127972e+00
   2.5125917e+00
   2.5123865e+00
   2.5121815e+00
   2.5119768e+00
   2.5117724e+00
   2.5115683e+00
   2.5113644e+00
   2.5111608e+00
   2.5109575e+00
   2.5107545e+00
   2.5105517e+00
   2.5103492e+00
   2.5101470e+00
   2.5099450e+00
   2.5097433e+00
   2.5095419e+00
   2.5093408e+00
   2.5091399e+00
   2.5089393e+00
   2.5087390e+00
   2.5085389e+00
   2.5083391e+00
   2.5081396e+00
   2.5079403e+00
   2.5077413e+00
   2.5075425e+00
   2.5073441e+00
   2.5071459e+00
   2.5069479e+00
   2.5067502e+00
   2.5065528e+00
   2.5063556e+00
   2.5061587e+00
   2.5059621e+00
   2.5057657e+00
   2.5055696e+00
   2.5053737e+00
   2.5051781e+00
   2.5049828e+00
   2.5047877e+00
   2.5045929e+00
   2.5043983e+00
   2.5042040e+00
   2.5040100e+00
   2.5038162e+00
   2.5036226e+00
   2.5034293e+00
   2.5032363e+00
   2.5030435e+00
   2.5028510e+00
   2.5026587e+00
   2.5024667e+00
   2.5022749e+00
   2.5020834e+00
   2.5018921e+00
   2.5017011e+00
   2.5015103e+00
   2.5013198e+00
   2.5011296e+00
   2.5009395e+00
   2.5007498e+00
   2.5005603e+00
   2.5003710e+00
   2.5001820e+00
   2.4999932e+00
   2.4998046e+00
   2.4996164e+00
   2.4994283e+00
   2.4992405e+00
   2.4990530e+00
   2.4988656e+00
   2.4986786e+00
   2.4984918e+00
   2.4983052e+00
   2.4981188e+00
   2.4979327e+00
   2.4977469e+00
   2.4975613e+00
   2.4973759e+00
   2.4971908e+00
   2.4970059e+00
   2.4968212e+00
   2.4966368e+00
   2.4964526e+00
   2.4962687e+00
   2.4960850e+00
   2.4959015e+00
   2.4957183e+00
   2.4955353e+00
   2.4953525e+00
   2.4951700e+00
   2.4949877e+00
   2.4948057e+00
   2.4946239e+00
   2.4944423e+00
   2.4942609e+00
   2.4940798e+00
   2.4938989e+00
   2.4937183e+00
   2.4935379e+00
   2.4933577e+00
   2.4931777e+00
   2.4929980e+00
   2.4928185e+00
   2.4926392e+00
   2.4924602e+00
   2.4922814e+00
   2.4921028e+00
   2.4919244e+00
   2.4917463e+00
   2.4915684e+00
   2.4913907e+00
   2.4912133e+00
   2.4910361e+00
   2.4908591e+00
   2.4906823e+00
   2.4905058e+00
   2.4903295e+00
   2.4901534e+00
   2.4899775e+00
   2.4898018e+00
   2.4896264e+00
   2.4894512e+00
   2.4892762e+00
   2.4891015e+00
   2.4889269e+00
   2.4887526e+00
   2.4885785e+00
   2.4884047e+00
   2.4882310e+00
   2.4880576e+00
   2.4878844e+00
   2.4877114e+00
   2.4875386e+00
   2.4873660e+00
   2.4871937e+00
   2.4870215e+00
   2.4868496e+00
   2.4866779e+00
   2.4865065e+00
   2.4863352e+00
   2.4861642e+00
   2.4859933e+00
   2.4858227e+00
   2.4856523e+00
   2.4854821e+00
   2.4853121e+00
   2.4851424e+00
   2.4849728e+00
   2.4848035e+00
   2.4846344e+00
   2.4844655e+00
   2.4842967e+00
   2.4841283e+00
   2.4839600e+00
   2.4837919e+00
   2.4836240e+00
   2.4834564e+00
   2.4832890e+00
   2.4831217e+00
   2.4829547e+00
   2.4827879e+00
   2.4826213e+00
   2.4824549e+00
   2.4822887e+00
   2.4821227e+00
   2.4819569e+00
   2.4817913e+00
   2.4816260e+00
   2.4814608e+00
   2.4812958e+00
   2.4811311e+00
   2.4809665e+00
   2.4808022e+00
   2.4806381e+00
   2.4804741e+00
   2.4803104e+00
   2.4801468e+00
   2.4799835e+00
   2.4798204e+00
   2.4796574e+00
   2.4794947e+00
   2.4793322e+00
   2.4791699e+00
   2.4790077e+00
   2.4788458e+00
   2.4786841e+00
   2.4785226e+00
   2.4783612e+00
   2.4782001e+00
   2.4780392e+00
   2.4778784e+00
   2.4777179e+00
   2.4775576e+00
   2.4773974e+00
   2.4772375e+00
   2.4770777e+00
   2.4769182e+00
   2.4767588e+00
   2.4765996e+00
   2.4764407e+00
   2.4762819e+00
   2.4761233e+00
   2.4759649e+00
   2.4758067e+00
   2.4756487e+00
   2.4754909e+00
   2.4753333e+00
   2.4751759e+00
   2.4750187e+00
   2.4748616e+00
   2.4747048e+00
   2.4745481e+00
   2.4743917e+00
   2.4742354e+00
   2.4740793e+00
   2.4739234e+00
   2.4737677e+00
   2.4736122e+00
   2.4734569e+00
   2.4733017e+00
   2.4731468e+00
   2.4729920e+00
   2.4728374e+00
   2.4726831e+00
   2.4725289e+00
   2.4723748e+00
   2.4722210e+00
   2.4720674e+00
   2.4719139e+00
   2.4717607e+00
   2.4716076e+00
   2.4714547e+00
   2.4713019e+00
   2.4711494e+00
   2.4709971e+00
   2.4708449e+00
   2.4706929e+00
   2.4705411e+00
   2.4703895e+00
   2.4702381e+00
   2.4700868e+00
   2.4699358e+00
   2.4697849e+00
   2.4696342e+00
   2.4694836e+00
   2.4693333e+00
   2.4691831e+00
   2.4690332e+00
   2.4688834e+00
   2.4687337e+00
   2.4685843e+00
   2.4684350e+00
   2.4682859e+00
   2.4681370e+00
   2.4679883e+00
   2.4678397e+00
   2.4676914e+00
   2.4675432e+00
   2.4673951e+00
   2.4672473e+00
   2.4670996e+00
   2.4669521e+00
   2.4668048e+00
   2.4666577e+00
   2.4665107e+00
   2.4663639e+00
   2.4662173e+00
   2.4660709e+00
   2.4659246e+00
   2.4657785e+00
   2.4656326e+00
   2.4654868e+00
   2.4653412e+00
   2.4651958e+00
   2.4650506e+00
   2.4649056e+00
   2.4647607e+00
   2.4646160e+00
   2.4644714e+00
   2.4643270e+00
   2.4641828e+00
   2.4640388e+00
   2.4638949e+00
   2.4637513e+00
   2.4636077e+00
   2.4634644e+00
   2.4633212e+00
   2.4631782e+00
   2.4630353e+00
   2.4628927e+00
   2.4627502e+00
   2.4626078e+00
   2.4624656e+00
   2.4623236e+00
   2.4621818e+00
   2.4620401e+00
   2.4618986e+00
   2.4617573e+00
   2.4616161e+00
   2.4614751e+00
   2.4613343e+00
   2.4611936e+00
   2.4610531e+00
   2.4609127e+00
   2.4607725e+00
   2.4606325e+00
   2.4604927e+00
   2.4603530e+00
   2.4602134e+00
   2.4600741e+00
   2.4599349e+00
   2.4597958e+00
   2.4596569e+00
   2.4595182e+00
   2.4593797e+00
   2.4592413e+00
   2.4591030e+00
   2.4589650e+00
   2.4588271e+00
   2.4586893e+00
   2.4585517e+00
   2.4584143e+00
   2.4582770e+00
   2.4581399e+00
   2.4580030e+00
   2.4578662e+00
   2.4577295e+00
   2.4575931e+00
   2.4574568e+00
   2.4573206e+00
   2.4571846e+00
   2.4570487e+00
   2.4569131e+00
   2.4567775e+00
   2.4566422e+00
   2.4565069e+00
   2.4563719e+00
   2.4562370e+00
   2.4561022e+00
   2.4559676e+00
   2.4558332e+00
   2.4556989e+00
   2.4555648e+00
   2.4554308e+00
   2.4552970e+00
   2.4551634e+00
   2.4550298e+00
   2.4548965e+00
   2.4547633e+00
   2.4546302e+00
   2.4544973e+00
   2.4543646e+00
   2.4542320e+00
   2.4540996e+00
   2.4539673e+00
   2.4538352e+00
   2.4537032e+00
   2.4535713e+00
   2.4534397e+00
   2.4533081e+00
   2.4531768e+00
   2.4530455e+00
   2.4529144e+00
   2.4527835e+00
   2.4526527e+00
   2.4525221e+00
   2.4523916e+00
   2.4522613e+00
   2.4521311e+00
   2.4520011e+00
   2.4518712e+00
   2.4517415e+00
   2.4516119e+00
   2.4514824e+00
   2.4513531e+00
   2.4512240e+00
   2.4510950e+00
   2.4509661e+00
   2.4508374e+00
   2.4507089e+00
   2.4505805e+00
   2.4504522e+00
   2.4503241e+00
   2.4501961e+00
   2.4500682e+00
   2.4499406e+00
   2.4498130e+00
   2.4496856e+00
   2.4495584e+00
   2.4494313e+00
   2.4493043e+00
   2.4491775e+00
   2.4490508e+00
   2.4489243e+00
   2.4487979e+00
   2.4486716e+00
   2.4485455e+00
   2.4484195e+00
   2.4482937e+00
   2.4481680e+00
   2.4480425e+00
   2.4479171e+00
   2.4477918e+00
   2.4476667e+00
   2.4475418e+00
   2.4474169e+00
   2.4472922e+00
   2.4471677e+00
   2.4470433e+00
   2.4469190e+00
   2.4467949e+00
   2.4466709e+00
   2.4465470e+00
   2.4464233e+00
   2.4462997e+00
   2.4461763e+00
   2.4460530e+00
   2.4459298e+00
   2.4458068e+00
   2.4456839e+00
   2.4455611e+00
   2.4454385e+00
   2.4453161e+00
   2.4451937e+00
   2.4450715e+00
   2.4449495e+00
   2.4448275e+00
   2.4447057e+00
   2.4445841e+00
   2.4444626e+00
   2.4443412e+00
   2.4442199e+00
   2.4440988e+00
   2.4439778e+00
   2.4438570e+00
   2.4437363e+00
   2.4436157e+00
   2.4434952e+00
   2.4433749e+00
   2.4432548e+00
   2.4431347e+00
   2.4430148e+00
   2.4428950e+00
   2.4427754e+00
   2.4426559e+00
   2.4425365e+00
   2.4424173e+00
   2.4422981e+00
   2.4421792e+00
   2.4420603e+00
   2.4419416e+00
   2.4418230e+00
   2.4417046e+00
   2.4415862e+00
   2.4414680e+00
   2.4413500e+00
   2.4412320e+00
   2.4411142e+00
   2.4409966e+00
   2.4408790e+00
   2.4407616e+00
   2.4406443e+00
   2.4405272e+00
   2.4404101e+00
   2.4402932e+00
   2.4401765e+00
   2.4400598e+00
   2.4399433e+00
   2.4398269e+00
   2.4397107e+00
   2.4395946e+00
   2.4394786e+00
   2.4393627e+00
   2.4392469e+00
   2.4391313e+00
   2.4390158e+00
   2.4389005e+00
   2.4387852e+00
   2.4386701e+00
   2.4385551e+00
   2.4384403e+00
   2.4383255e+00
   2.4382109e+00
   2.4380964e+00
   2.4379821e+00
   2.4378678e+00
   2.4377537e+00
   2.4376397e+00
   2.4375259e+00
   2.4374121e+00
   2.4372985e+00
   2.4371850e+00
   2.4370717e+00
   2.4369584e+00
   2.4368453e+00
   2.4367323e+00
   2.4366194e+00
   2.4365067e+00
   2.4363941e+00
   2.4362816e+00
   2.4361692e+00
   2.4360569e+00
   2.4359448e+00
   2.4358328e+00
   2.4357209e+00
   2.4356091e+00
   2.4354974e+00
   2.4353859e+00
   2.4352745e+00
   2.4351632e+00
   2.4350520e+00
   2.4349410e+00
   2.4348301e+00
   2.4347193e+00
   2.4346086e+00
   2.4344980e+00
   2.4343875e+00
   2.4342772e+00
   2.4341670e+00
   2.4340569e+00
   2.4339469e+00
   2.4338371e+00
   2.4337273e+00
   2.4336177e+00
   2.4335082e+00
   2.4333988e+00
   2.4332896e+00
   2.4331804e+00
   2.4330714e+00
   2.4329625e+00
   2.4328537e+00
   2.4327450e+00
   2.4326364e+00
   2.4325280e+00
   2.4324197e+00
   2.4323115e+00
   2.4322034e+00
   2.4320954e+00
   2.4319875e+00
   2.4318798e+00
   2.4317721e+00
   2.4316646e+00
   2.4315572e+00
   2.4314499e+00
   2.4313427e+00
   2.4312357e+00
   2.4311287e+00
   2.4310219e+00
   2.4309152e+00
   2.4308086e+00
   2.4307021e+00
   2.4305957e+00
   2.4304895e+00
   2.4303833e+00
   2.4302773e+00
   2.4301714e+00
   2.4300655e+00
   2.4299598e+00
   2.4298543e+00
   2.4297488e+00
   2.4296434e+00
   2.4295382e+00
   2.4294330e+00
   2.4293280e+00
   2.4292231e+00
   2.4291183e+00
   2.4290136e+00
   2.4289090e+00
   2.4288046e+00
   2.4287002e+00
   2.4285960e+00
   2.4284918e+00
   2.4283878e+00
   2.4282839e+00
   2.4281801e+00
   2.4280764e+00
   2.4279728e+00
   2.4278693e+00
   2.4277660e+00
   2.4276627e+00
   2.4275596e+00
   2.4274565e+00
   2.4273536e+00
   2.4272508e+00
   2.4271480e+00
   2.4270454e+00
   2.4269429e+00
   2.4268406e+00
   2.4267383e+00
   2.4266361e+00
   2.4265340e+00
   2.4264321e+00
   2.4263302e+00
   2.4262285e+00
   2.4261268e+00
   2.4260253e+00
   2.4259239e+00
   2.4258226e+00
   2.4257214e+00
   2.4256203e+00
   2.4255193e+00
   2.4254184e+00
   2.4253176e+00
   2.4252169e+00
   2.4251163e+00
   2.4250159e+00
   2.4249155e+00
   2.4248152e+00
   2.4247151e+00
   2.4246150e+00
   2.4245151e+00
   2.4244152e+00
   2.4243155e+00
   2.4242159e+00
   2.4241163e+00
   2.4240169e+00
   2.4239176e+00
   2.4238184e+00
   2.4237193e+00
   2.4236203e+00
   2.4235213e+00
   2.4234225e+00
   2.4233238e+00
   2.4232252e+00
   2.4231267e+00
   2.4230284e+00
   2.4229301e+00
   2.4228319e+00
   2.4227338e+00
   2.4226358e+00
   2.4225379e+00
   2.4224401e+00
   2.4223425e+00
   2.4222449e+00
   2.4221474e+00
   2.4220500e+00
   2.4219528e+00
   2.4218556e+00
   2.4217585e+00
   2.4216615e+00
   2.4215647e+00
   2.4214679e+00
   2.4213712e+00
   2.4212746e+00
   2.4211782e+00
   2.4210818e+00
   2.4209855e+00
   2.4208894e+00
   2.4207933e+00
   2.4206973e+00
   2.4206014e+00
   2.4205057e+00
   2.4204100e+00
   2.4203144e+00
   2.4202189e+00
   2.4201235e+00
   2.4200282e+00
   2.4199331e+00
   2.4198380e+00
   2.4197430e+00
   2.4196481e+00
   2.4195533e+00
   2.4194586e+00
   2.4193640e+00
   2.4192695e+00
   2.4191751e+00
   2.4190808e+00
   2.4189866e+00
   2.4188924e+00
   2.4187984e+00
   2.4187045e+00
   2.4186107e+00
   2.4185170e+00
   2.4184233e+00
   2.4183298e+00
   2.4182363e+00
   2.4181430e+00
   2.4180497e+00
   2.4179566e+00
   2.4178635e+00
   2.4177706e+00
   2.4176777e+00
   2.4175849e+00
   2.4174922e+00
   2.4173996e+00
   2.4173071e+00
   2.4172147e+00
   2.4171224e+00
   2.4170302e+00
   2.4169381e+00
   2.4168461e+00
   2.4167542e+00
   2.4166623e+00
   2.4165706e+00
   2.4164789e+00
   2.4163874e+00
   2.4162959e+00
   2.4162046e+00
   2.4161133e+00
   2.4160221e+00
   2.4159310e+00
   2.4158400e+00
   2.4157491e+00
   2.4156583e+00
   2.4155676e+00
   2.4154769e+00
   2.4153864e+00
   2.4152960e+00
   2.4152056e+00
   2.4151153e+00
   2.4150252e+00
   2.4149351e+00
   2.4148451e+00
   2.4147552e+00
   2.4146654e+00
   2.4145757e+00
   2.4144861e+00
   2.4143965e+00
   2.4143071e+00
   2.4142177e+00
   2.4141285e+00
   2.4140393e+00
   2.4139502e+00
   2.4138612e+00
   2.4137723e+00
   2.4136835e+00
   2.4135948e+00
   2.4135061e+00
   2.4134176e+00
   2.4133291e+00
   2.4132407e+00
   2.4131525e+00
   2.4130643e+00
   2.4129762e+00
   2.4128882e+00
   2.4128002e+00
   2.4127124e+00
   2.4126246e+00
   2.4125370e+00
   2.4124494e+00
   2.4123619e+00
   2.4122745e+00
   2.4121872e+00
   2.4121000e+00
   2.4120129e+00
   2.4119258e+00
   2.4118388e+00
   2.4117520e+00
   2.4116652e+00
   2.4115785e+00
   2.4114919e+00
   2.4114053e+00
   2.4113189e+00
   2.4112325e+00
   2.4111463e+00
   2.4110601e+00
   2.4109740e+00
   2.4108880e+00
   2.4108021e+00
   2.4107162e+00
   2.4106305e+00
   2.4105448e+00
   2.4104592e+00
   2.4103737e+00
   2.4102883e+00
   2.4102030e+00
   2.4101177e+00
   2.4100326e+00
   2.4099475e+00
   2.4098625e+00
   2.4097776e+00
   2.4096928e+00
   2.4096081e+00
   2.4095234e+00
   2.4094388e+00
   2.4093544e+00
   2.4092700e+00
   2.4091856e+00
   2.4091014e+00
   2.4090173e+00
   2.4089332e+00
   2.4088492e+00
   2.4087653e+00
   2.4086815e+00
   2.4085978e+00
   2.4085141e+00
   2.4084305e+00
   2.4083470e+00
   2.4082636e+00
   2.4081803e+00
   2.4080971e+00
   2.4080139e+00
   2.4079309e+00
   2.4078479e+00
   2.4077650e+00
   2.4076821e+00
   2.4075994e+00
   2.4075167e+00
   2.4074341e+00
   2.4073516e+00
   2.4072692e+00
   2.4071869e+00
   2.4071046e+00
   2.4070224e+00
   2.4069403e+00
   2.4068583e+00
   2.4067764e+00
   2.4066945e+00
   2.4066127e+00
   2.4065310e+00
   2.4064494e+00
   2.4063679e+00
   2.4062864e+00
   2.4062051e+00
   2.4061238e+00
   2.4060425e+00
   2.4059614e+00
   2.4058804e+00
   2.4057994e+00
   2.4057185e+00
   2.4056377e+00
   2.4055569e+00
   2.4054763e+00
   2.4053957e+00
   2.4053152e+00
   2.4052347e+00
   2.4051544e+00
   2.4050741e+00
   2.4049939e+00
   2.4049138e+00
   2.4048338e+00
   2.4047538e+00
   2.4046740e+00
   2.4045942e+00
   2.4045144e+00
   2.4044348e+00
   2.4043552e+00
   2.4042757e+00
   2.4041963e+00
   2.4041170e+00
   2.4040377e+00
   2.4039586e+00
   2.4038795e+00
   2.4038004e+00
   2.4037215e+00
   2.4036426e+00
   2.4035638e+00
   2.4034851e+00
   2.4034065e+00
   2.4033279e+00
   2.4032494e+00
   2.4031710e+00
   2.4030926e+00
   2.4030144e+00
   2.4029362e+00
   2.4028581e+00
   2.4027800e+00
   2.4027021e+00
   2.4026242e+00
   2.4025464e+00
   2.4024687e+00
   2.4023910e+00
   2.4023134e+00
   2.4022359e+00
   2.4021585e+00
   2.4020811e+00
   2.4020038e+00
   2.4019266e+00
   2.4018495e+00
   2.4017724e+00
   2.4016954e+00
   2.4016185e+00
   2.4015417e+00
   2.4014649e+00
   2.4013882e+00
   2.4013116e+00
   2.4012351e+00
   2.4011586e+00
   2.4010822e+00
   2.4010059e+00
   2.4009296e+00
   2.4008534e+00
   2.4007773e+00
   2.4007013e+00
   2.4006254e+00
   2.4005495e+00
   2.4004737e+00
   2.4003979e+00
   2.4003223e+00
   2.4002467e+00
   2.4001711e+00
   2.4000957e+00
   2.4000203e+00
   2.3999450e+00
   2.3998698e+00
   2.3997946e+00
   2.3997195e+00
   2.3996445e+00
   2.3995696e+00
   2.3994947e+00
   2.3994199e+00
   2.3993452e+00
   2.3992705e+00
   2.3991959e+00
   2.3991214e+00
   2.3990470e+00
   2.3989726e+00
   2.3988983e+00
   2.3988241e+00
   2.3987499e+00
   2.3986758e+00
   2.3986018e+00
   2.3985278e+00
   2.3984540e+00
   2.3983802e+00
   2.3983064e+00
   2.3982327e+00
   2.3981591e+00
   2.3980856e+00
   2.3980122e+00
   2.3979388e+00
   2.3978655e+00
   2.3977922e+00
   2.3977190e+00
   2.3976459e+00
   2.3975729e+00
   2.3974999e+00
   2.3974270e+00
   2.3973542e+00
   2.3972814e+00
   2.3972087e+00
   2.3971361e+00
   2.3970635e+00
   2.3969910e+00
   2.3969186e+00
   2.3968463e+00
   2.3967740e+00
   2.3967018e+00
   2.3966296e+00
   2.3965575e+00
   2.3964855e+00
   2.3964136e+00
   2.3963417e+00
   2.3962699e+00
   2.3961982e+00
   2.3961265e+00
   2.3960549e+00
   2.3959834e+00
   2.3959119e+00
   2.3958405e+00
   2.3957692e+00
   2.3956979e+00
   2.3956267e+00
   2.3955556e+00
   2.3954845e+00
   2.3954135e+00
   2.3953426e+00
   2.3952717e+00
   2.3952009e+00
   2.3951302e+00
   2.3950595e+00
   2.3949889e+00
   2.3949184e+00
   2.3948479e+00
   2.3947775e+00
   2.3947072e+00
   2.3946369e+00
   2.3945667e+00
   2.3944966e+00
   2.3944265e+00
   2.3943565e+00
   2.3942866e+00
   2.3942167e+00
   2.3941469e+00
   2.3940771e+00
   2.3940074e+00
   2.3939378e+00
   2.3938683e+00
   2.3937988e+00
   2.3937294e+00
   2.3936600e+00
   2.3935907e+00
   2.3935215e+00
   2.3934524e+00
   2.3933833e+00
   2.3933142e+00
   2.3932453e+00
   2.3931764e+00
   2.3931075e+00
   2.3930388e+00
   2.3929701e+00
   2.3929014e+00
   2.3928328e+00
   2.3927643e+00
   2.3926959e+00
   2.3926275e+00
   2.3925591e+00
   2.3924909e+00
   2.3924227e+00
   2.3923545e+00
   2.3922865e+00
   2.3922185e+00
   2.3921505e+00
   2.3920826e+00
   2.3920148e+00
   2.3919471e+00
   2.3918794e+00
   2.3918117e+00
   2.3917442e+00
   2.3916767e+00
   2.3916092e+00
   2.3915418e+00
   2.3914745e+00
   2.3914073e+00
   2.3913401e+00
   2.3912729e+00
   2.3912059e+00
   2.3911389e+00
   2.3910719e+00
   2.3910050e+00
   2.3909382e+00
   2.3908715e+00
   2.3908048e+00
   2.3907381e+00
   2.3906716e+00
   2.3906050e+00
   2.3905386e+00
   2.3904722e+00
   2.3904059e+00
   2.3903396e+00
   2.3902734e+00
   2.3902072e+00
   2.3901412e+00
   2.3900751e+00
   2.3900092e+00
   2.3899433e+00
   2.3898774e+00
   2.3898116e+00
   2.3897459e+00
   2.3896803e+00
   2.3896147e+00
   2.3895491e+00
   2.3894836e+00
   2.3894182e+00
   2.3893529e+00
   2.3892876e+00
   2.3892223e+00
   2.3891571e+00
   2.3890920e+00
   2.3890270e+00
   2.3889620e+00
   2.3888970e+00
   2.3888321e+00
   2.3887673e+00
   2.3887026e+00
   2.3886378e+00
   2.3885732e+00
   2.3885086e+00
   2.3884441e+00
   2.3883796e+00
   2.3883152e+00
   2.3882509e+00
   2.3881866e+00
   2.3881223e+00
   2.3880582e+00
   2.3879941e+00
   2.3879300e+00
   2.3878660e+00
   2.3878021e+00
   2.3877382e+00
   2.3876744e+00
   2.3876106e+00
   2.3875469e+00
   2.3874832e+00
   2.3874197e+00
   2.3873561e+00
   2.3872926e+00
   2.3872292e+00
   2.3871659e+00
   2.3871026e+00
   2.3870393e+00
   2.3869761e+00
   2.3869130e+00
   2.3868499e+00
   2.3867869e+00
   2.3867240e+00
   2.3866611e+00
   2.3865982e+00
   2.3865354e+00
   2.3864727e+00
   2.3864100e+00
   2.3863474e+00
   2.3862849e+00
   2.3862224e+00
   2.3861599e+00
   2.3860975e+00
   2.3860352e+00
   2.3859729e+00
   2.3859107e+00
   2.3858485e+00
   2.3857864e+00
   2.3857244e+00
   2.3856624e+00
   2.3856005e+00
   2.3855386e+00
   2.3854768e+00
   2.3854150e+00
   2.3853533e+00
   2.3852916e+00
   2.3852300e+00
   2.3851685e+00
   2.3851070e+00
   2.3850455e+00
   2.3849841e+00
   2.3849228e+00
   2.3848616e+00
   2.3848003e+00
   2.3847392e+00
   2.3846781e+00
   2.3846170e+00
   2.3845560e+00
   2.3844951e+00
   2.3844342e+00
   2.3843734e+00
   2.3843126e+00
   2.3842519e+00
   2.3841912e+00
   2.3841306e+00
   2.3840700e+00
   2.3840095e+00
   2.3839491e+00
   2.3838887e+00
   2.3838284e+00
   2.3837681e+00
   2.3837078e+00
   2.3836477e+00
   2.3835875e+00
   2.3835275e+00
   2.3834674e+00
   2.3834075e+00
   2.3833476e+00
   2.3832877e+00
   2.3832279e+00
   2.3831682e+00
   2.3831085e+00
   2.3830488e+00
   2.3829892e+00
   2.3829297e+00
   2.3828702e+00
   2.3828108e+00
   2.3827514e+00
   2.3826921e+00
   2.3826328e+00
   2.3825736e+00
   2.3825144e+00
   2.3824553e+00
   2.3823963e+00
   2.3823373e+00
   2.3822783e+00
   2.3822194e+00
   2.3821606e+00
   2.3821018e+00
   2.3820430e+00
   2.3819843e+00
   2.3819257e+00
   2.3818671e+00
   2.3818086e+00
   2.3817501e+00
   2.3816917e+00
   2.3816333e+00
   2.3815750e+00
   2.3815167e+00
   2.3814585e+00
   2.3814003e+00
   2.3813422e+00
   2.3812841e+00
   2.3812261e+00
   2.3811681e+00
   2.3811102e+00
   2.3810523e+00
   2.3809945e+00
   2.3809368e+00
   2.3808791e+00
   2.3808214e+00
   2.3807638e+00
   2.3807062e+00
   2.3806487e+00
   2.3805913e+00
   2.3805339e+00
   2.3804765e+00
   2.3804192e+00
   2.3803620e+00
   2.3803048e+00
   2.3802476e+00
   2.3801905e+00
   2.3801335e+00
   2.3800765e+00
   2.3800195e+00
   2.3799626e+00
   2.3799058e+00
   2.3798490e+00
   2.3797922e+00
   2.3797356e+00
   2.3796789e+00
   2.3796223e+00
   2.3795658e+00
   2.3795093e+00
   2.3794528e+00
   2.3793964e+00
   2.3793401e+00
   2.3792838e+00
   2.3792275e+00
   2.3791713e+00
   2.3791152e+00
   2.3790591e+00
   2.3790030e+00
   2.3789470e+00
   2.3788911e+00
   2.3788352e+00
   2.3787793e+00
   2.3787235e+00
   2.3786677e+00
   2.3786120e+00
   2.3785564e+00
   2.3785008e+00
   2.3784452e+00
   2.3783897e+00
   2.3783342e+00
   2.3782788e+00
   2.3782234e+00
   2.3781681e+00
   2.3781128e+00
   2.3780576e+00
   2.3780024e+00
   2.3779473e+00
   2.3778922e+00
   2.3778372e+00
   2.3777822e+00
   2.3777273e+00
   2.3776724e+00
   2.3776176e+00
   2.3775628e+00
   2.3775080e+00
   2.3774533e+00
   2.3773987e+00
   2.3773441e+00
   2.3772895e+00
   2.3772350e+00
   2.3771806e+00
   2.3771262e+00
   2.3770718e+00
   2.3770175e+00
   2.3769632e+00
   2.3769090e+00
   2.3768548e+00
   2.3768007e+00
   2.3767466e+00
   2.3766926e+00
   2.3766386e+00
   2.3765847e+00
   2.3765308e+00
   2.3764770e+00
   2.3764232e+00
   2.3763694e+00
   2.3763157e+00
   2.3762621e+00
   2.3762084e+00
   2.3761549e+00
   2.3761014e+00
   2.3760479e+00
   2.3759945e+00
   2.3759411e+00
   2.3758878e+00
   2.3758345e+00
   2.3757812e+00
   2.3757280e+00
   2.3756749e+00
   2.3756218e+00
   2.3755687e+00
   2.3755157e+00
   2.3754628e+00
   2.3754099e+00
   2.3753570e+00
   2.3753042e+00
   2.3752514e+00
   2.3751986e+00
   2.3751460e+00
   2.3750933e+00
   2.3750407e+00
   2.3749882e+00
   2.3749356e+00
   2.3748832e+00
   2.3748308e+00
   2.3747784e+00
   2.3747261e+00
   2.3746738e+00
   2.3746216e+00
   2.3745694e+00
   2.3745172e+00
   2.3744651e+00
   2.3744131e+00
   2.3743610e+00
   2.3743091e+00
   2.3742572e+00
   2.3742053e+00
   2.3741534e+00
   2.3741017e+00
   2.3740499e+00
   2.3739982e+00
   2.3739466e+00
   2.3738949e+00
   2.3738434e+00
   2.3737919e+00
   2.3737404e+00
   2.3736889e+00
   2.3736375e+00
   2.3735862e+00
   2.3735349e+00
   2.3734836e+00
   2.3734324e+00
   2.3733813e+00
   2.3733301e+00
   2.3732791e+00
   2.3732280e+00
   2.3731770e+00
   2.3731261e+00
   2.3730752e+00
   2.3730243e+00
   2.3729735e+00
   2.3729227e+00
   2.3728720e+00
   2.3728213e+00
   2.3727706e+00
   2.3727200e+00
   2.3726695e+00
   2.3726189e+00
   2.3725685e+00
   2.3725180e+00
   2.3724676e+00
   2.3724173e+00
   2.3723670e+00
   2.3723167e+00
   2.3722665e+00
   2.3722163e+00
   2.3721662e+00
   2.3721161e+00
   2.3720661e+00
   2.3720161e+00
   2.3719661e+00
   2.3719162e+00
   2.3718663e+00
   2.3718165e+00
   2.3717667e+00
   2.3717169e+00
   2.3716672e+00
   2.3716176e+00
   2.3715680e+00
   2.3715184e+00
   2.3714688e+00
   2.3714193e+00
   2.3713699e+00
   2.3713205e+00
   2.3712711e+00
   2.3712218e+00
   2.3711725e+00
   2.3711232e+00
   2.3710740e+00
   2.3710249e+00
   2.3709758e+00
   2.3709267e+00
   2.3708776e+00
   2.3708287e+00
   2.3707797e+00
   2.3707308e+00
   2.3706819e+00
   2.3706331e+00
   2.3705843e+00
   2.3705356e+00
   2.3704868e+00
   2.3704382e+00
   2.3703896e+00
   2.3703410e+00
   2.3702924e+00
   2.3702439e+00
   2.3701955e+00
   2.3701471e+00
   2.3700987e+00
   2.3700503e+00
   2.3700021e+00
   2.3699538e+00
   2.3699056e+00
   2.3698574e+00
   2.3698093e+00
   2.3697612e+00
   2.3697131e+00
   2.3696651e+00
   2.3696171e+00
   2.3695692e+00
   2.3695213e+00
   2.3694735e+00
   2.3694257e+00
   2.3693779e+00
   2.3693302e+00
   2.3692825e+00
   2.3692348e+00
   2.3691872e+00
   2.3691396e+00
   2.3690921e+00
   2.3690446e+00
   2.3689972e+00
   2.3689498e+00
   2.3689024e+00
   2.3688551e+00
   2.3688078e+00
   2.3687605e+00
   2.3687133e+00
   2.3686661e+00
   2.3686190e+00
   2.3685719e+00
   2.3685249e+00
   2.3684778e+00
   2.3684309e+00
   2.3683839e+00
   2.3683370e+00
   2.3682902e+00
   2.3682434e+00
   2.3681966e+00
   2.3681498e+00
   2.3681031e+00
   2.3680565e+00
   2.3680099e+00
   2.3679633e+00
   2.3679167e+00
   2.3678702e+00
   2.3678238e+00
   2.3677773e+00
   2.3677309e+00
   2.3676846e+00
   2.3676383e+00
   2.3675920e+00
   2.3675458e+00
   2.3674996e+00
   2.3674534e+00
   2.3674073e+00
   2.3673612e+00
   2.3673152e+00
   2.3672692e+00
   2.3672232e+00
   2.3671773e+00
   2.3671314e+00
   2.3670855e+00
   2.3670397e+00
   2.3669939e+00
   2.3669482e+00
   2.3669025e+00
   2.3668568e+00
   2.3668112e+00
   2.3667656e+00
   2.3667201e+00
   2.3666746e+00
   2.3666291e+00
   2.3665837e+00
   2.3665383e+00
   2.3664929e+00
   2.3664476e+00
   2.3664023e+00
   2.3663571e+00
   2.3663119e+00
   2.3662667e+00
   2.3662215e+00
   2.3661765e+00
   2.3661314e+00
   2.3660864e+00
   2.3660414e+00
   2.3659964e+00
   2.3659515e+00
   2.3659067e+00
   2.3658618e+00
   2.3658170e+00
   2.3657723e+00
   2.3657275e+00
   2.3656828e+00
   2.3656382e+00
   2.3655936e+00
   2.3655490e+00
   2.3655045e+00
   2.3654599e+00
   2.3654155e+00
   2.3653710e+00
   2.3653267e+00
   2.3652823e+00
   2.3652380e+00
   2.3651937e+00
   2.3651494e+00
   2.3651052e+00
   2.3650611e+00
   2.3650169e+00
   2.3649728e+00
   2.3649287e+00
   2.3648847e+00
   2.3648407e+00
   2.3647968e+00
   2.3647528e+00
   2.3647090e+00
   2.3646651e+00
   2.3646213e+00
   2.3645775e+00
   2.3645338e+00
   2.3644901e+00
   2.3644464e+00
   2.3644028e+00
   2.3643592e+00
   2.3643156e+00
   2.3642721e+00
   2.3642286e+00
   2.3641851e+00
   2.3641417e+00
   2.3640983e+00
   2.3640550e+00
   2.3640117e+00
   2.3639684e+00
   2.3639251e+00
   2.3638819e+00
   2.3638388e+00
   2.3637956e+00
   2.3637525e+00
   2.3637095e+00
   2.3636664e+00
   2.3636234e+00
   2.3635805e+00
   2.3635376e+00
   2.3634947e+00
   2.3634518e+00
   2.3634090e+00
   2.3633662e+00
   2.3633235e+00
   2.3632807e+00
   2.3632381e+00
   2.3631954e+00
   2.3631528e+00
   2.3631102e+00
   2.3630677e+00
   2.3630252e+00
   2.3629827e+00
   2.3629403e+00
   2.3628979e+00
   2.3628555e+00
   2.3628132e+00
   2.3627709e+00
   2.3627286e+00
   2.3626864e+00
   2.3626442e+00
   2.3626020e+00
   2.3625599e+00
   2.3625178e+00
   2.3624757e+00
   2.3624337e+00
   2.3623917e+00
   2.3623498e+00
   2.3623078e+00
   2.3622659e+00
   2.3622241e+00
   2.3621823e+00
   2.3621405e+00
   2.3620987e+00
   2.3620570e+00
   2.3620153e+00
   2.3619737e+00
   2.3619321e+00
   2.3618905e+00
   2.3618489e+00
   2.3618074e+00
   2.3617659e+00
   2.3617245e+00
   2.3616831e+00
   2.3616417e+00
   2.3616003e+00
   2.3615590e+00
   2.3615177e+00
   2.3614765e+00
   2.3614353e+00
   2.3613941e+00
   2.3613529e+00
   2.3613118e+00
   2.3612707e+00
   2.3612297e+00
   2.3611887e+00
   2.3611477e+00
   2.3611067e+00
   2.3610658e+00
   2.3610249e+00
   2.3609841e+00
   2.3609433e+00
   2.3609025e+00
   2.3608617e+00
   2.3608210e+00
   2.3607803e+00
   2.3607397e+00
   2.3606991e+00
   2.3606585e+00
   2.3606179e+00
   2.3605774e+00
   2.3605369e+00
   2.3604964e+00
   2.3604560e+00
   2.3604156e+00
   2.3603753e+00
   2.3603349e+00
   2.3602946e+00
   2.3602544e+00
   2.3602141e+00
   2.3601739e+00
   2.3601338e+00
   2.3600936e+00
   2.3600535e+00
   2.3600135e+00
   2.3599734e+00
   2.3599334e+00
   2.3598935e+00
   2.3598535e+00
   2.3598136e+00
