   1.1311249e+00
   1.1308129e+00
   1.1305009e+00
   1.1301891e+00
   1.1298774e+00
   1.1295658e+00
   1.1292543e+00
   1.1289428e+00
   1.1286315e+00
   1.1283203e+00
   1.1280091e+00
   1.1276981e+00
   1.1273872e+00
   1.1270763e+00
   1.1267656e+00
   1.1264550e+00
   1.1261444e+00
   1.1258340e+00
   1.1255236e+00
   1.1252134e+00
   1.1249032e+00
   1.1245932e+00
   1.1242832e+00
   1.1239734e+00
   1.1236636e+00
   1.1233539e+00
   1.1230444e+00
   1.1227349e+00
   1.1224255e+00
   1.1221163e+00
   1.1218071e+00
   1.1214980e+00
   1.1211890e+00
   1.1208802e+00
   1.1205714e+00
   1.1202627e+00
   1.1199541e+00
   1.1196456e+00
   1.1193372e+00
   1.1190289e+00
   1.1187207e+00
   1.1184126e+00
   1.1181046e+00
   1.1177967e+00
   1.1174889e+00
   1.1171812e+00
   1.1168736e+00
   1.1165660e+00
   1.1162586e+00
   1.1159513e+00
   1.1156440e+00
   1.1153369e+00
   1.1150299e+00
   1.1147229e+00
   1.1144161e+00
   1.1141093e+00
   1.1138027e+00
   1.1134961e+00
   1.1131897e+00
   1.1128833e+00
   1.1125770e+00
   1.1122708e+00
   1.1119648e+00
   1.1116588e+00
   1.1113529e+00
   1.1110471e+00
   1.1107414e+00
   1.1104358e+00
   1.1101303e+00
   1.1098249e+00
   1.1095196e+00
   1.1092144e+00
   1.1089093e+00
   1.1086042e+00
   1.1082993e+00
   1.1079945e+00
   1.1076897e+00
   1.1073851e+00
   1.1070805e+00
   1.1067761e+00
   1.1064717e+00
   1.1061675e+00
   1.1058633e+00
   1.1055592e+00
   1.1052553e+00
   1.1049514e+00
   1.1046476e+00
   1.1043439e+00
   1.1040403e+00
   1.1037368e+00
   1.1034334e+00
   1.1031301e+00
   1.1028269e+00
   1.1025238e+00
   1.1022207e+00
   1.1019178e+00
   1.1016150e+00
   1.1013122e+00
   1.1010096e+00
   1.1007070e+00
   1.1004045e+00
   1.1001170e+00
   1.2495236e+00
   1.3959820e+00
   1.5397357e+00
   1.6809934e+00
   1.8199493e+00
   1.9567851e+00
   2.0916732e+00
   2.2247777e+00
   2.3562572e+00
   2.4862661e+00
   2.6149598e+00
   2.7424988e+00
   2.8690551e+00
   2.9948235e+00
   3.1200338e+00
   3.2449702e+00
   3.3699984e+00
   3.4956038e+00
   3.6224424e+00
   3.7514258e+00
   3.8838381e+00
   4.0215282e+00
   4.1672248e+00
   4.3250817e+00
   4.5017018e+00
   4.7081442e+00
   4.9642348e+00
   5.3086235e+00
   5.8246355e+00
   6.7135079e+00
   8.5420514e+00
   1.2751469e+01
   1.6414813e+01
   1.7786214e+01
   1.8075364e+01
   1.7963806e+01
   1.7709494e+01
   1.7402496e+01
   1.7074105e+01
   1.6735811e+01
   1.6392497e+01
   1.6046794e+01
   1.5700522e+01
   1.5355115e+01
   1.5011770e+01
   1.4671502e+01
   1.4335175e+01
   1.4003456e+01
   1.3676961e+01
   1.3356130e+01
   1.2946744e+01
   1.2556953e+01
   1.2185901e+01
   1.1832695e+01
   1.1496432e+01
   1.1176223e+01
   1.0871199e+01
   1.0580517e+01
   1.0303363e+01
   1.0038968e+01
   9.7865958e+00
   9.5455467e+00
   9.3151637e+00
   9.0948264e+00
   8.8839482e+00
   8.6819823e+00
   8.4884101e+00
   8.3027480e+00
   8.1245428e+00
   7.9533661e+00
   7.7888186e+00
   7.6305267e+00
   7.4781371e+00
   7.3313255e+00
   7.1897820e+00
   7.0532210e+00
   6.9213689e+00
   6.7939740e+00
   6.6708003e+00
   6.5516270e+00
   6.4362412e+00
   6.3244509e+00
   6.2160786e+00
   6.1109445e+00
   6.0088912e+00
   5.9097709e+00
   5.8134392e+00
   5.7197647e+00
   5.6286223e+00
   5.5398953e+00
   5.4534753e+00
   5.3692573e+00
   5.2871449e+00
   5.2070482e+00
   5.1288807e+00
   5.0525634e+00
   4.9780212e+00
   4.9051812e+00
   4.8339775e+00
   4.7643465e+00
   4.6962308e+00
   4.6295706e+00
   4.5643141e+00
   4.5004135e+00
   4.4378199e+00
   4.3764894e+00
   4.3163808e+00
   4.2574534e+00
   4.1996690e+00
   4.1429933e+00
   4.0873922e+00
   4.0328342e+00
   3.9792880e+00
   3.9267256e+00
   3.8751204e+00
   3.8244473e+00
   3.7746799e+00
   3.7257949e+00
   3.6777708e+00
   3.6305873e+00
   3.5842230e+00
   3.5386595e+00
   3.4938770e+00
   3.4498564e+00
   3.4065843e+00
   3.3640425e+00
   3.3222150e+00
   3.2810892e+00
   3.2406504e+00
   3.2008846e+00
   3.1617777e+00
   3.1233157e+00
   3.0854879e+00
   3.0482840e+00
   3.0116915e+00
   2.9757015e+00
   2.9402989e+00
   2.9054759e+00
   2.8712221e+00
   2.8375286e+00
   2.8043881e+00
   2.7717879e+00
   2.7397197e+00
   2.7081773e+00
   2.6771497e+00
   2.6466281e+00
   2.6166078e+00
   2.5870780e+00
   2.5580342e+00
   2.5294672e+00
   2.5013700e+00
   2.4737359e+00
   2.4465575e+00
   2.4198287e+00
   2.3935425e+00
   2.3676926e+00
   2.3422728e+00
   2.3172764e+00
   2.2926960e+00
   2.2685271e+00
   2.2447642e+00
   2.2214005e+00
   2.1984311e+00
   2.1758513e+00
   2.1536544e+00
   2.1318348e+00
   2.1103885e+00
   2.0893091e+00
   2.0685913e+00
   2.0482309e+00
   2.0282229e+00
   2.0085614e+00
   1.9892427e+00
   1.9702615e+00
   1.9516128e+00
   1.9332923e+00
   1.9152954e+00
   1.8976175e+00
   1.8802531e+00
   1.8631982e+00
   1.8464493e+00
   1.8300020e+00
   1.8138525e+00
   1.7979944e+00
   1.7824255e+00
   1.7671409e+00
   1.7521371e+00
   1.7374097e+00
   1.7229546e+00
   1.7087686e+00
   1.6948471e+00
   1.6811873e+00
   1.6677842e+00
   1.6546365e+00
   1.6417371e+00
   1.6290838e+00
   1.6166734e+00
   1.6045019e+00
   1.5925662e+00
   1.5808630e+00
   1.5693885e+00
   1.5581389e+00
   1.5471118e+00
   1.5363039e+00
   1.5257116e+00
   1.5153319e+00
   1.5051612e+00
   1.4951965e+00
   1.4854348e+00
   1.4758733e+00
   1.4665087e+00
   1.4573380e+00
   1.4483588e+00
   1.4395675e+00
   1.4309615e+00
   1.4225383e+00
   1.4142945e+00
   1.4062274e+00
   1.3983348e+00
   1.3906138e+00
   1.3830615e+00
   1.3756754e+00
   1.3684528e+00
   1.3613911e+00
   1.3544876e+00
   1.3477401e+00
   1.3411460e+00
   1.3347030e+00
   1.3284086e+00
   1.3222603e+00
   1.3162559e+00
   1.3103927e+00
   1.3046689e+00
   1.2990824e+00
   1.2936306e+00
   1.2883114e+00
   1.2831224e+00
   1.2780617e+00
   1.2731270e+00
   1.2683163e+00
   1.2636276e+00
   1.2590588e+00
   1.2546077e+00
   1.2502727e+00
   1.2460516e+00
   1.2419425e+00
   1.2379437e+00
   1.2340530e+00
   1.2302690e+00
   1.2265894e+00
   1.2230129e+00
   1.2195371e+00
   1.2161605e+00
   1.2128814e+00
   1.2096987e+00
   1.2066102e+00
   1.2036143e+00
   1.2007091e+00
   1.1978932e+00
   1.1951655e+00
   1.1925241e+00
   1.1899673e+00
   1.1874937e+00
   1.1851016e+00
   1.1827902e+00
   1.1805579e+00
   1.1784032e+00
   1.1763246e+00
   1.1743209e+00
   1.1723909e+00
   1.1705331e+00
   1.1687464e+00
   1.1670298e+00
   1.1653816e+00
   1.1638007e+00
   1.1622865e+00
   1.1608376e+00
   1.1594524e+00
   1.1581304e+00
   1.1568703e+00
   1.1556707e+00
   1.1545310e+00
   1.1534501e+00
   1.1524271e+00
   1.1514608e+00
   1.1505507e+00
   1.1496955e+00
   1.1488943e+00
   1.1481465e+00
   1.1474508e+00
   1.1468067e+00
   1.1462131e+00
   1.1456693e+00
   1.1451745e+00
   1.1447277e+00
   1.1443283e+00
   1.1439755e+00
   1.1436684e+00
   1.1434063e+00
   1.1431885e+00
   1.1430141e+00
   1.1428824e+00
   1.1427926e+00
   1.1427441e+00
   1.1427362e+00
   1.1427681e+00
   1.1428390e+00
   1.1429485e+00
   1.1430956e+00
   1.1432798e+00
   1.1435003e+00
   1.1437564e+00
   1.1440474e+00
   1.1443728e+00
   1.1447318e+00
   1.1451238e+00
   1.1455482e+00
   1.1460042e+00
   1.1464913e+00
   1.1470089e+00
   1.1475562e+00
   1.1481327e+00
   1.1487377e+00
   1.1493707e+00
   1.1500313e+00
   1.1507185e+00
   1.1514320e+00
   1.1521711e+00
   1.1529354e+00
   1.1537241e+00
   1.1545367e+00
   1.1553729e+00
   1.1562318e+00
   1.1571132e+00
   1.1580163e+00
   1.1589408e+00
   1.1598860e+00
   1.1608516e+00
   1.1618369e+00
   1.1628420e+00
   1.1638655e+00
   1.1649077e+00
   1.1659677e+00
   1.1670454e+00
   1.1681399e+00
   1.1692511e+00
   1.1703784e+00
   1.1715218e+00
   1.1726803e+00
   1.1738539e+00
   1.1750422e+00
   1.1762448e+00
   1.1774608e+00
   1.1786903e+00
   1.1799329e+00
   1.1811882e+00
   1.1824557e+00
   1.1837352e+00
   1.1850265e+00
   1.1863293e+00
   1.1876431e+00
   1.1889673e+00
   1.1903018e+00
   1.1916463e+00
   1.1930009e+00
   1.1943647e+00
   1.1957376e+00
   1.1971195e+00
   1.1985098e+00
   1.1999085e+00
   1.2013151e+00
   1.2027296e+00
   1.2041515e+00
   1.2055808e+00
   1.2070168e+00
   1.2084595e+00
   1.2099090e+00
   1.2113646e+00
   1.2128261e+00
   1.2142937e+00
   1.2157667e+00
   1.2172449e+00
   1.2187284e+00
   1.2202169e+00
   1.2217101e+00
   1.2232080e+00
   1.2247101e+00
   1.2262165e+00
   1.2277267e+00
   1.2292406e+00
   1.2307581e+00
   1.2322790e+00
   1.2338031e+00
   1.2353304e+00
   1.2368606e+00
   1.2383939e+00
   1.2399295e+00
   1.2414676e+00
   1.2430077e+00
   1.2445501e+00
   1.2460943e+00
   1.2476403e+00
   1.2491882e+00
   1.2507374e+00
   1.2522883e+00
   1.2538401e+00
   1.2553931e+00
   1.2569472e+00
   1.2585021e+00
   1.2600580e+00
   1.2616142e+00
   1.2631709e+00
   1.2647281e+00
   1.2662858e+00
   1.2678436e+00
   1.2694016e+00
   1.2709596e+00
   1.2725172e+00
   1.2740747e+00
   1.2756318e+00
   1.2771885e+00
   1.2787448e+00
   1.2803002e+00
   1.2818550e+00
   1.2834090e+00
   1.2849621e+00
   1.2865144e+00
   1.2880657e+00
   1.2896156e+00
   1.2911643e+00
   1.2927118e+00
   1.2942581e+00
   1.2958026e+00
   1.2973456e+00
   1.2988870e+00
   1.3004269e+00
   1.3019651e+00
   1.3035016e+00
   1.3050361e+00
   1.3065687e+00
   1.3080992e+00
   1.3096277e+00
   1.3111544e+00
   1.3126786e+00
   1.3142008e+00
   1.3157207e+00
   1.3172382e+00
   1.3187535e+00
   1.3202660e+00
   1.3217761e+00
   1.3232839e+00
   1.3247889e+00
   1.3262912e+00
   1.3277909e+00
   1.3292881e+00
   1.3307825e+00
   1.3322739e+00
   1.3337624e+00
   1.3352481e+00
   1.3367310e+00
   1.3382109e+00
   1.3396880e+00
   1.3411621e+00
   1.3426328e+00
   1.3441004e+00
   1.3455649e+00
   1.3470263e+00
   1.3484846e+00
   1.3499397e+00
   1.3513917e+00
   1.3528404e+00
   1.3542856e+00
   1.3557276e+00
   1.3571664e+00
   1.3586019e+00
   1.3600336e+00
   1.3614619e+00
   1.3628869e+00
   1.3643084e+00
   1.3657265e+00
   1.3671411e+00
   1.3685523e+00
   1.3699596e+00
   1.3713634e+00
   1.3727636e+00
   1.3741602e+00
   1.3755534e+00
   1.3769429e+00
   1.3783288e+00
   1.3797111e+00
   1.3810898e+00
   1.3824646e+00
   1.3838356e+00
   1.3852032e+00
   1.3865669e+00
   1.3879269e+00
   1.3892831e+00
   1.3906355e+00
   1.3919845e+00
   1.3933295e+00
   1.3946706e+00
   1.3960083e+00
   1.3973420e+00
   1.3986718e+00
   1.3999981e+00
   1.4013203e+00
   1.4026386e+00
   1.4039534e+00
   1.4052642e+00
   1.4065710e+00
   1.4078742e+00
   1.4091739e+00
   1.4104695e+00
   1.4117610e+00
   1.4130489e+00
   1.4143331e+00
   1.4156133e+00
   1.4168898e+00
   1.4181623e+00
   1.4194312e+00
   1.4206964e+00
   1.4219575e+00
   1.4232145e+00
   1.4244678e+00
   1.4257174e+00
   1.4269633e+00
   1.4282053e+00
   1.4294436e+00
   1.4306779e+00
   1.4319085e+00
   1.4331355e+00
   1.4343584e+00
   1.4355776e+00
   1.4367931e+00
   1.4380046e+00
   1.4392124e+00
   1.4404165e+00
   1.4416170e+00
   1.4428134e+00
   1.4440063e+00
   1.4451955e+00
   1.4463807e+00
   1.4475622e+00
   1.4487401e+00
   1.4499141e+00
   1.4510843e+00
   1.4522509e+00
   1.4534140e+00
   1.4545731e+00
   1.4557286e+00
   1.4568806e+00
   1.4580286e+00
   1.4591730e+00
   1.4603138e+00
   1.4614511e+00
   1.4625845e+00
   1.4637144e+00
   1.4648408e+00
   1.4659637e+00
   1.4670827e+00
   1.4681983e+00
   1.4693104e+00
   1.4704186e+00
   1.4715232e+00
   1.4726244e+00
   1.4737221e+00
   1.4748162e+00
   1.4759067e+00
   1.4769939e+00
   1.4780776e+00
   1.4791577e+00
   1.4802345e+00
   1.4813078e+00
   1.4823777e+00
   1.4834441e+00
   1.4845071e+00
   1.4855667e+00
   1.4866231e+00
   1.4876758e+00
   1.4887248e+00
   1.4897707e+00
   1.4908132e+00
   1.4918523e+00
   1.4928881e+00
   1.4939207e+00
   1.4949499e+00
   1.4959759e+00
   1.4969986e+00
   1.4980180e+00
   1.4990342e+00
   1.5000472e+00
   1.5010569e+00
   1.5020636e+00
   1.5030669e+00
   1.5040672e+00
   1.5050642e+00
   1.5060582e+00
   1.5070489e+00
   1.5080365e+00
   1.5090211e+00
   1.5100023e+00
   1.5109804e+00
   1.5119558e+00
   1.5129280e+00
   1.5138971e+00
   1.5148631e+00
   1.5158262e+00
   1.5167862e+00
   1.5177432e+00
   1.5186974e+00
   1.5196487e+00
   1.5205968e+00
   1.5215420e+00
   1.5224842e+00
   1.5234235e+00
   1.5243599e+00
   1.5252934e+00
   1.5262241e+00
   1.5271520e+00
   1.5280770e+00
   1.5289993e+00
   1.5299186e+00
   1.5308353e+00
   1.5317492e+00
   1.5326601e+00
   1.5335681e+00
   1.5344738e+00
   1.5353765e+00
   1.5362765e+00
   1.5371737e+00
   1.5380683e+00
   1.5389603e+00
   1.5398496e+00
   1.5407363e+00
   1.5416206e+00
   1.5425021e+00
   1.5433807e+00
   1.5442570e+00
   1.5451307e+00
   1.5460017e+00
   1.5468705e+00
   1.5477366e+00
   1.5486001e+00
   1.5494610e+00
   1.5503199e+00
   1.5511760e+00
   1.5520299e+00
   1.5528811e+00
   1.5537301e+00
   1.5545764e+00
   1.5554207e+00
   1.5562622e+00
   1.5571017e+00
   1.5579385e+00
   1.5587734e+00
   1.5596055e+00
   1.5604358e+00
   1.5612634e+00
   1.5620886e+00
   1.5629115e+00
   1.5637325e+00
   1.5645510e+00
   1.5653671e+00
   1.5661810e+00
   1.5669928e+00
   1.5678025e+00
   1.5686098e+00
   1.5694153e+00
   1.5702183e+00
   1.5710196e+00
   1.5718184e+00
   1.5726151e+00
   1.5734098e+00
   1.5742027e+00
   1.5749932e+00
   1.5757818e+00
   1.5765681e+00
   1.5773523e+00
   1.5781346e+00
   1.5789149e+00
   1.5796934e+00
   1.5804698e+00
   1.5812443e+00
   1.5820167e+00
   1.5827872e+00
   1.5835557e+00
   1.5843222e+00
   1.5850870e+00
   1.5858500e+00
   1.5866113e+00
   1.5873707e+00
   1.5881279e+00
   1.5888837e+00
   1.5896374e+00
   1.5903893e+00
   1.5911396e+00
   1.5918879e+00
   1.5926344e+00
   1.5933792e+00
   1.5941222e+00
   1.5948640e+00
   1.5956037e+00
   1.5963416e+00
   1.5970782e+00
   1.5978130e+00
   1.5985458e+00
   1.5992770e+00
   1.6000067e+00
   1.6007347e+00
   1.6014610e+00
   1.6021860e+00
   1.6029091e+00
   1.6036307e+00
   1.6043511e+00
   1.6050696e+00
   1.6057867e+00
   1.6065025e+00
   1.6072164e+00
   1.6079288e+00
   1.6086400e+00
   1.6093494e+00
   1.6100574e+00
   1.6107643e+00
   1.6114695e+00
   1.6121731e+00
   1.6128755e+00
   1.6135768e+00
   1.6142763e+00
   1.6149744e+00
   1.6156710e+00
   1.6163663e+00
   1.6170605e+00
   1.6177532e+00
   1.6184446e+00
   1.6191349e+00
   1.6198237e+00
   1.6205112e+00
   1.6211973e+00
   1.6218822e+00
   1.6225662e+00
   1.6232486e+00
   1.6239298e+00
   1.6246096e+00
   1.6252884e+00
   1.6259664e+00
   1.6266428e+00
   1.6273181e+00
   1.6279920e+00
   1.6286650e+00
   1.6293374e+00
   1.6300081e+00
   1.6306776e+00
   1.6313459e+00
   1.6320132e+00
   1.6326793e+00
   1.6333445e+00
   1.6340088e+00
   1.6346719e+00
   1.6353343e+00
   1.6359954e+00
   1.6366555e+00
   1.6373144e+00
   1.6379725e+00
   1.6386296e+00
   1.6392859e+00
   1.6399409e+00
   1.6405949e+00
   1.6412480e+00
   1.6419003e+00
   1.6425518e+00
   1.6432022e+00
   1.6438519e+00
   1.6445004e+00
   1.6451482e+00
   1.6457951e+00
   1.6464412e+00
   1.6470864e+00
   1.6477309e+00
   1.6483743e+00
   1.6490172e+00
   1.6496589e+00
   1.6502999e+00
   1.6509404e+00
   1.6515800e+00
   1.6522184e+00
   1.6528561e+00
   1.6534934e+00
   1.6541299e+00
   1.6547661e+00
   1.6554012e+00
   1.6560357e+00
   1.6566693e+00
   1.6573024e+00
   1.6579345e+00
   1.6585662e+00
   1.6591971e+00
   1.6598279e+00
   1.6604575e+00
   1.6610865e+00
   1.6617148e+00
   1.6623423e+00
   1.6629692e+00
   1.6635957e+00
   1.6642214e+00
   1.6648465e+00
   1.6654713e+00
   1.6660954e+00
   1.6667193e+00
   1.6673427e+00
   1.6679651e+00
   1.6685869e+00
   1.6692083e+00
   1.6698292e+00
   1.6704498e+00
   1.6710699e+00
   1.6716894e+00
   1.6723085e+00
   1.6729272e+00
   1.6735452e+00
   1.6741628e+00
   1.6747799e+00
   1.6753967e+00
   1.6760128e+00
   1.6766287e+00
   1.6772440e+00
   1.6778591e+00
   1.6784736e+00
   1.6790879e+00
   1.6797017e+00
   1.6803152e+00
   1.6809283e+00
   1.6815411e+00
   1.6821535e+00
   1.6827657e+00
   1.6833775e+00
   1.6839891e+00
   1.6846003e+00
   1.6852114e+00
   1.6858220e+00
   1.6864326e+00
   1.6870427e+00
   1.6876528e+00
   1.6882624e+00
   1.6888720e+00
   1.6894812e+00
   1.6900903e+00
   1.6906992e+00
   1.6913078e+00
   1.6919162e+00
   1.6925246e+00
   1.6931327e+00
   1.6937404e+00
   1.6943479e+00
   1.6949554e+00
   1.6955631e+00
   1.6961704e+00
   1.6967774e+00
   1.6973843e+00
   1.6979910e+00
   1.6985977e+00
   1.6992041e+00
   1.6998108e+00
   1.7004171e+00
   1.7010233e+00
   1.7016292e+00
   1.7022351e+00
   1.7028410e+00
   1.7034472e+00
   1.7040538e+00
   1.7046598e+00
   1.7052660e+00
   1.7058718e+00
   1.7064777e+00
   1.7070833e+00
   1.7076889e+00
   1.7082945e+00
   1.7089001e+00
   1.7095058e+00
   1.7101116e+00
   1.7107179e+00
   1.7113239e+00
   1.7119303e+00
   1.7125363e+00
   1.7131427e+00
   1.7137488e+00
   1.7143554e+00
   1.7149617e+00
   1.7155684e+00
   1.7161749e+00
   1.7167811e+00
   1.7173874e+00
   1.7179939e+00
   1.7186004e+00
   1.7192070e+00
   1.7198139e+00
   1.7204208e+00
   1.7210280e+00
   1.7216355e+00
   1.7222430e+00
   1.7228506e+00
   1.7234585e+00
   1.7240664e+00
   1.7246745e+00
   1.7252826e+00
   1.7258910e+00
   1.7264999e+00
   1.7271090e+00
   1.7277181e+00
   1.7283276e+00
   1.7289373e+00
   1.7295470e+00
   1.7301569e+00
   1.7307670e+00
   1.7313774e+00
   1.7319881e+00
   1.7325991e+00
   1.7332101e+00
   1.7338216e+00
   1.7344331e+00
   1.7350451e+00
   1.7356573e+00
   1.7362700e+00
   1.7368828e+00
   1.7374957e+00
   1.7381090e+00
   1.7387229e+00
   1.7393370e+00
   1.7399512e+00
   1.7405657e+00
   1.7411808e+00
   1.7417961e+00
   1.7424114e+00
   1.7430277e+00
   1.7436442e+00
   1.7442610e+00
   1.7448784e+00
   1.7454961e+00
   1.7461140e+00
   1.7467323e+00
   1.7473513e+00
   1.7479704e+00
   1.7485900e+00
   1.7492099e+00
   1.7498303e+00
   1.7504510e+00
   1.7510721e+00
   1.7516940e+00
   1.7523162e+00
   1.7529386e+00
   1.7535616e+00
   1.7541853e+00
   1.7548092e+00
   1.7554336e+00
   1.7560586e+00
   1.7566840e+00
   1.7573098e+00
   1.7579362e+00
   1.7585630e+00
   1.7591903e+00
   1.7598180e+00
   1.7604462e+00
   1.7610752e+00
   1.7617044e+00
   1.7623343e+00
   1.7629644e+00
   1.7635952e+00
   1.7642266e+00
   1.7648586e+00
   1.7654914e+00
   1.7661244e+00
   1.7667580e+00
   1.7673922e+00
   1.7680268e+00
   1.7686622e+00
   1.7692980e+00
   1.7699347e+00
   1.7705720e+00
   1.7712096e+00
   1.7718482e+00
   1.7724871e+00
   1.7731265e+00
   1.7737666e+00
   1.7744073e+00
   1.7750485e+00
   1.7756905e+00
   1.7763332e+00
   1.7769764e+00
   1.7776204e+00
   1.7782648e+00
   1.7789096e+00
   1.7795549e+00
   1.7802013e+00
   1.7808482e+00
   1.7814958e+00
   1.7821441e+00
   1.7827931e+00
   1.7834428e+00
   1.7840933e+00
   1.7847444e+00
   1.7853957e+00
   1.7860482e+00
   1.7867015e+00
   1.7873554e+00
   1.7880097e+00
   1.7886652e+00
   1.7893213e+00
   1.7899779e+00
   1.7906354e+00
   1.7912934e+00
   1.7919524e+00
   1.7926118e+00
   1.7932723e+00
   1.7939332e+00
   1.7945953e+00
   1.7952578e+00
   1.7959215e+00
   1.7965855e+00
   1.7972502e+00
   1.7979162e+00
   1.7985825e+00
   1.7992497e+00
   1.7999181e+00
   1.8005869e+00
   1.8012564e+00
   1.8019267e+00
   1.8025984e+00
   1.8032705e+00
   1.8039433e+00
   1.8046170e+00
   1.8052921e+00
   1.8059676e+00
   1.8066439e+00
   1.8073210e+00
   1.8079988e+00
   1.8086774e+00
   1.8093570e+00
   1.8100380e+00
   1.8107196e+00
   1.8114020e+00
   1.8120851e+00
   1.8127691e+00
   1.8134540e+00
   1.8141396e+00
   1.8148261e+00
   1.8155134e+00
   1.8162016e+00
   1.8168908e+00
   1.8175816e+00
   1.8182731e+00
   1.8189654e+00
   1.8196587e+00
   1.8203528e+00
   1.8210478e+00
   1.8217436e+00
   1.8224404e+00
   1.8231381e+00
   1.8238367e+00
   1.8245362e+00
   1.8252366e+00
   1.8259379e+00
   1.8266402e+00
   1.8273433e+00
   1.8280475e+00
   1.8287525e+00
   1.8294585e+00
   1.8301656e+00
   1.8308743e+00
   1.8315837e+00
   1.8322940e+00
   1.8330053e+00
   1.8337175e+00
   1.8344309e+00
   1.8351453e+00
   1.8358606e+00
   1.8365769e+00
   1.8372941e+00
   1.8380123e+00
   1.8387314e+00
   1.8394516e+00
   1.8401727e+00
   1.8408949e+00
   1.8416181e+00
   1.8423423e+00
   1.8430675e+00
   1.8437938e+00
   1.8445212e+00
   1.8452496e+00
   1.8459792e+00
   1.8467098e+00
   1.8474415e+00
   1.8481744e+00
   1.8489083e+00
   1.8496431e+00
   1.8503795e+00
   1.8511166e+00
   1.8518549e+00
   1.8525937e+00
   1.8533337e+00
   1.8540755e+00
   1.8548181e+00
   1.8555620e+00
   1.8563064e+00
   1.8570520e+00
   1.8577989e+00
   1.8585470e+00
   1.8592959e+00
   1.8600460e+00
   1.8607972e+00
   1.8615495e+00
   1.8623035e+00
   1.8630582e+00
   1.8638139e+00
   1.8645708e+00
   1.8653288e+00
   1.8660878e+00
   1.8668481e+00
   1.8676093e+00
   1.8683719e+00
   1.8691354e+00
   1.8699003e+00
   1.8706663e+00
   1.8714336e+00
   1.8722020e+00
   1.8729719e+00
   1.8737426e+00
   1.8745142e+00
   1.8752873e+00
   1.8760614e+00
   1.8768371e+00
   1.8776136e+00
   1.8783912e+00
   1.8791702e+00
   1.8799503e+00
   1.8807320e+00
   1.8815147e+00
   1.8822984e+00
   1.8830833e+00
   1.8838698e+00
   1.8846573e+00
   1.8854459e+00
   1.8862357e+00
   1.8870272e+00
   1.8878197e+00
   1.8886138e+00
   1.8894085e+00
   1.8902043e+00
   1.8910012e+00
   1.8917994e+00
   1.8925992e+00
   1.8934003e+00
   1.8942026e+00
   1.8950065e+00
   1.8958115e+00
   1.8966182e+00
   1.8974257e+00
   1.8982345e+00
   1.8990445e+00
   1.8998559e+00
   1.9006685e+00
   1.9014820e+00
   1.9022969e+00
   1.9031131e+00
   1.9039306e+00
   1.9047493e+00
   1.9055693e+00
   1.9063907e+00
   1.9072134e+00
   1.9080376e+00
   1.9088630e+00
   1.9096898e+00
   1.9105179e+00
   1.9113471e+00
   1.9121781e+00
   1.9130103e+00
   1.9138438e+00
   1.9146786e+00
   1.9155146e+00
   1.9163520e+00
   1.9171907e+00
   1.9180307e+00
   1.9188721e+00
   1.9197149e+00
   1.9205591e+00
   1.9214048e+00
   1.9222519e+00
   1.9231001e+00
   1.9239494e+00
   1.9248004e+00
   1.9256526e+00
   1.9265064e+00
   1.9273616e+00
   1.9282180e+00
   1.9290758e+00
   1.9299352e+00
   1.9307958e+00
   1.9316580e+00
   1.9325211e+00
   1.9333860e+00
   1.9342523e+00
   1.9351201e+00
   1.9359894e+00
   1.9368598e+00
   1.9377315e+00
   1.9386050e+00
   1.9394797e+00
   1.9403559e+00
   1.9412337e+00
   1.9421127e+00
   1.9429932e+00
   1.9438750e+00
   1.9447582e+00
   1.9456430e+00
   1.9465291e+00
   1.9474167e+00
   1.9483060e+00
   1.9491963e+00
   1.9500880e+00
   1.9509813e+00
   1.9518761e+00
   1.9527724e+00
   1.9536703e+00
   1.9545697e+00
   1.9554706e+00
   1.9563732e+00
   1.9572770e+00
   1.9581825e+00
   1.9590892e+00
   1.9599974e+00
   1.9609067e+00
   1.9618179e+00
   1.9627306e+00
   1.9636451e+00
   1.9645610e+00
   1.9654784e+00
   1.9663972e+00
   1.9673177e+00
   1.9682397e+00
   1.9691634e+00
   1.9700881e+00
   1.9710143e+00
   1.9719422e+00
   1.9728717e+00
   1.9738025e+00
   1.9747350e+00
   1.9756691e+00
   1.9766047e+00
   1.9775416e+00
   1.9784800e+00
   1.9794203e+00
   1.9803623e+00
   1.9813057e+00
   1.9822505e+00
   1.9831968e+00
   1.9841449e+00
   1.9850943e+00
   1.9860453e+00
   1.9869981e+00
   1.9879523e+00
   1.9889079e+00
   1.9898655e+00
   1.9908247e+00
   1.9917858e+00
   1.9927482e+00
   1.9937123e+00
   1.9946783e+00
   1.9956455e+00
   1.9966149e+00
   1.9975855e+00
   1.9985574e+00
   1.9995313e+00
   2.0005067e+00
   2.0014836e+00
   2.0024618e+00
   2.0034419e+00
   2.0044236e+00
   2.0054069e+00
   2.0063917e+00
   2.0073785e+00
   2.0083668e+00
   2.0093571e+00
   2.0103490e+00
   2.0113427e+00
   2.0123376e+00
   2.0133340e+00
   2.0143324e+00
   2.0153325e+00
   2.0163343e+00
   2.0173377e+00
   2.0183428e+00
   2.0193496e+00
   2.0203587e+00
   2.0213689e+00
   2.0223806e+00
   2.0233939e+00
   2.0244087e+00
   2.0254253e+00
   2.0264436e+00
   2.0274640e+00
   2.0284863e+00
   2.0295106e+00
   2.0305367e+00
   2.0315644e+00
   2.0325940e+00
   2.0336246e+00
   2.0346568e+00
   2.0356909e+00
   2.0367268e+00
   2.0377647e+00
   2.0388043e+00
   2.0398455e+00
   2.0408884e+00
   2.0419328e+00
   2.0429794e+00
   2.0440281e+00
   2.0450782e+00
   2.0461299e+00
   2.0471834e+00
   2.0482391e+00
   2.0492962e+00
   2.0503551e+00
   2.0514158e+00
   2.0524782e+00
   2.0535422e+00
   2.0546082e+00
   2.0556758e+00
   2.0567453e+00
   2.0578167e+00
   2.0588899e+00
   2.0599649e+00
   2.0610420e+00
   2.0621209e+00
   2.0632019e+00
   2.0642842e+00
   2.0653683e+00
   2.0664547e+00
   2.0675429e+00
   2.0686329e+00
   2.0697247e+00
   2.0708179e+00
   2.0719135e+00
   2.0730106e+00
   2.0741096e+00
   2.0752112e+00
   2.0763140e+00
   2.0774187e+00
   2.0785254e+00
   2.0796340e+00
   2.0807445e+00
   2.0818567e+00
   2.0829709e+00
   2.0840872e+00
   2.0852057e+00
   2.0863256e+00
   2.0874474e+00
   2.0885711e+00
   2.0896968e+00
   2.0908245e+00
   2.0919540e+00
   2.0930858e+00
   2.0942190e+00
   2.0953543e+00
   2.0964912e+00
   2.0976306e+00
   2.0987722e+00
   2.0999150e+00
   2.1010599e+00
   2.1022071e+00
   2.1033565e+00
   2.1045075e+00
   2.1056602e+00
   2.1068150e+00
   2.1079722e+00
   2.1091314e+00
   2.1102929e+00
   2.1114558e+00
   2.1126207e+00
   2.1137876e+00
   2.1149570e+00
   2.1161278e+00
   2.1173009e+00
   2.1184760e+00
   2.1196529e+00
   2.1208317e+00
   2.1220128e+00
   2.1231960e+00
   2.1243808e+00
   2.1255679e+00
   2.1267568e+00
   2.1279478e+00
   2.1291412e+00
   2.1303363e+00
   2.1315339e+00
   2.1327332e+00
   2.1339351e+00
   2.1351386e+00
   2.1363441e+00
   2.1375519e+00
   2.1387615e+00
   2.1399739e+00
   2.1411879e+00
   2.1424038e+00
   2.1436218e+00
   2.1448417e+00
   2.1460641e+00
   2.1472887e+00
   2.1485152e+00
   2.1497441e+00
   2.1509749e+00
   2.1522079e+00
   2.1534426e+00
   2.1546803e+00
   2.1559196e+00
   2.1571614e+00
   2.1584049e+00
   2.1596509e+00
   2.1608986e+00
   2.1621489e+00
   2.1634009e+00
   2.1646557e+00
   2.1659122e+00
   2.1671715e+00
   2.1684324e+00
   2.1696958e+00
   2.1709615e+00
   2.1722290e+00
   2.1734994e+00
   2.1747716e+00
   2.1760461e+00
   2.1773226e+00
   2.1786015e+00
   2.1798824e+00
   2.1811659e+00
   2.1824513e+00
   2.1837400e+00
   2.1850300e+00
   2.1863222e+00
   2.1876173e+00
   2.1889149e+00
   2.1902140e+00
   2.1915158e+00
   2.1928194e+00
   2.1941257e+00
   2.1954348e+00
   2.1967454e+00
   2.1980587e+00
   2.1993739e+00
   2.2006919e+00
   2.2020118e+00
   2.2033346e+00
   2.2046592e+00
   2.2059866e+00
   2.2073161e+00
   2.2086481e+00
   2.2099820e+00
   2.2113188e+00
   2.2126579e+00
   2.2139997e+00
   2.2153430e+00
   2.2166890e+00
   2.2180376e+00
   2.2193885e+00
   2.2207417e+00
   2.2220976e+00
   2.2234563e+00
   2.2248169e+00
   2.2261797e+00
   2.2275450e+00
   2.2289123e+00
   2.2302826e+00
   2.2316547e+00
   2.2330297e+00
   2.2344074e+00
   2.2357875e+00
   2.2371698e+00
   2.2385544e+00
   2.2399419e+00
   2.2413319e+00
   2.2427250e+00
   2.2441198e+00
   2.2455172e+00
   2.2469170e+00
   2.2483193e+00
   2.2497242e+00
   2.2511316e+00
   2.2525414e+00
   2.2539540e+00
   2.2553690e+00
   2.2567870e+00
   2.2582073e+00
   2.2596301e+00
   2.2610551e+00
   2.2624831e+00
   2.2639133e+00
   2.2653465e+00
   2.2667818e+00
   2.2682203e+00
   2.2696608e+00
   2.2711045e+00
   2.2725503e+00
   2.2739991e+00
   2.2754505e+00
   2.2769046e+00
   2.2783615e+00
   2.2798214e+00
   2.2812832e+00
   2.2827477e+00
   2.2842150e+00
   2.2856849e+00
   2.2871576e+00
   2.2886329e+00
   2.2901104e+00
   2.2915911e+00
   2.2930744e+00
   2.2945607e+00
   2.2960496e+00
   2.2975408e+00
   2.2990353e+00
   2.3005323e+00
   2.3020322e+00
   2.3035347e+00
   2.3050399e+00
   2.3065483e+00
   2.3080597e+00
   2.3095732e+00
   2.3110897e+00
   2.3126092e+00
   2.3141312e+00
   2.3156563e+00
   2.3171838e+00
   2.3187143e+00
   2.3202479e+00
   2.3217843e+00
   2.3233234e+00
   2.3248653e+00
   2.3264102e+00
   2.3279579e+00
   2.3295084e+00
   2.3310619e+00
   2.3326183e+00
   2.3341777e+00
   2.3357396e+00
   2.3373047e+00
   2.3388726e+00
   2.3404434e+00
   2.3420174e+00
   2.3435942e+00
   2.3451738e+00
   2.3467564e+00
   2.3483420e+00
   2.3499311e+00
   2.3515225e+00
   2.3531171e+00
   2.3547148e+00
   2.3563153e+00
   2.3579189e+00
   2.3595258e+00
   2.3611357e+00
   2.3627488e+00
   2.3643648e+00
   2.3659835e+00
   2.3676053e+00
   2.3692302e+00
   2.3708586e+00
   2.3724900e+00
   2.3741245e+00
   2.3757621e+00
   2.3774026e+00
   2.3790461e+00
   2.3806929e+00
   2.3823430e+00
   2.3839963e+00
   2.3856522e+00
   2.3873115e+00
   2.3889742e+00
   2.3906404e+00
   2.3923090e+00
   2.3939811e+00
   2.3956564e+00
   2.3973348e+00
   2.3990164e+00
   2.4007015e+00
   2.4023901e+00
   2.4040814e+00
   2.4057763e+00
   2.4074743e+00
   2.4091754e+00
   2.4108799e+00
   2.4125878e+00
   2.4142989e+00
   2.4160137e+00
   2.4177316e+00
   2.4194527e+00
   2.4211771e+00
   2.4229048e+00
   2.4246358e+00
   2.4263701e+00
   2.4281074e+00
   2.4298491e+00
   2.4315935e+00
   2.4333417e+00
   2.4350933e+00
   2.4368484e+00
   2.4386071e+00
   2.4403690e+00
   2.4421341e+00
   2.4439027e+00
   2.4456749e+00
   2.4474508e+00
   2.4492301e+00
   2.4510131e+00
   2.4527991e+00
   2.4545888e+00
   2.4563818e+00
   2.4581787e+00
   2.4599789e+00
   2.4617831e+00
   2.4635903e+00
   2.4654013e+00
   2.4672156e+00
   2.4690339e+00
   2.4708555e+00
   2.4726810e+00
   2.4745107e+00
   2.4763436e+00
   2.4781799e+00
   2.4800199e+00
   2.4818636e+00
   2.4837110e+00
   2.4855623e+00
   2.4874174e+00
   2.4892764e+00
   2.4911387e+00
   2.4930047e+00
   2.4948743e+00
   2.4967481e+00
   2.4986256e+00
   2.5005066e+00
   2.5023913e+00
   2.5042799e+00
   2.5061723e+00
   2.5080685e+00
   2.5099687e+00
   2.5118726e+00
   2.5137804e+00
   2.5156919e+00
   2.5176080e+00
   2.5195276e+00
   2.5214510e+00
   2.5233784e+00
   2.5253096e+00
   2.5272447e+00
   2.5291836e+00
   2.5311268e+00
   2.5330740e+00
   2.5350250e+00
   2.5369800e+00
   2.5389392e+00
   2.5409023e+00
   2.5428695e+00
   2.5448407e+00
   2.5468164e+00
   2.5487961e+00
   2.5507796e+00
   2.5527677e+00
   2.5547595e+00
   2.5567552e+00
   2.5587551e+00
   2.5607590e+00
   2.5627675e+00
   2.5647800e+00
   2.5667964e+00
   2.5688173e+00
   2.5708424e+00
   2.5728718e+00
   2.5749053e+00
   2.5769431e+00
   2.5789851e+00
   2.5810314e+00
   2.5830822e+00
   2.5851369e+00
   2.5871963e+00
   2.5892598e+00
   2.5913277e+00
   2.5933998e+00
   2.5954761e+00
   2.5975567e+00
   2.5996417e+00
   2.6017311e+00
   2.6038249e+00
   2.6059233e+00
   2.6080263e+00
   2.6101336e+00
   2.6122455e+00
   2.6143620e+00
   2.6164828e+00
   2.6186083e+00
   2.6207382e+00
   2.6228726e+00
   2.6250116e+00
   2.6271551e+00
   2.6293032e+00
   2.6314559e+00
   2.6336132e+00
   2.6357750e+00
   2.6379415e+00
   2.6401126e+00
   2.6422885e+00
   2.6444690e+00
   2.6466545e+00
   2.6488444e+00
   2.6510386e+00
   2.6532380e+00
   2.6554421e+00
   2.6576509e+00
   2.6598642e+00
   2.6620821e+00
   2.6643053e+00
   2.6665331e+00
   2.6687660e+00
   2.6710038e+00
   2.6732463e+00
   2.6754936e+00
   2.6777459e+00
   2.6800031e+00
   2.6822651e+00
   2.6845322e+00
   2.6868040e+00
   2.6890814e+00
   2.6913634e+00
   2.6936501e+00
   2.6959424e+00
   2.6982393e+00
   2.7005410e+00
   2.7028481e+00
   2.7051601e+00
   2.7074773e+00
   2.7097992e+00
   2.7121267e+00
   2.7144589e+00
   2.7167970e+00
   2.7191397e+00
   2.7214874e+00
   2.7238406e+00
   2.7261989e+00
   2.7285626e+00
   2.7309311e+00
   2.7333049e+00
   2.7356847e+00
   2.7380694e+00
   2.7404592e+00
   2.7428543e+00
   2.7452547e+00
   2.7476604e+00
   2.7500717e+00
   2.7524885e+00
   2.7549110e+00
   2.7573385e+00
   2.7597711e+00
   2.7622095e+00
   2.7646533e+00
   2.7671027e+00
   2.7695576e+00
   2.7720180e+00
   2.7744837e+00
   2.7769554e+00
   2.7794325e+00
   2.7819151e+00
   2.7844032e+00
   2.7868971e+00
   2.7893964e+00
   2.7919018e+00
   2.7944124e+00
   2.7969290e+00
   2.7994516e+00
   2.8019796e+00
   2.8045133e+00
   2.8070525e+00
   2.8095979e+00
   2.8121487e+00
   2.8147053e+00
   2.8172681e+00
   2.8198365e+00
   2.8224108e+00
   2.8249912e+00
   2.8275773e+00
   2.8301693e+00
   2.8327670e+00
   2.8353708e+00
   2.8379805e+00
   2.8405965e+00
   2.8432180e+00
   2.8458464e+00
   2.8484799e+00
   2.8511196e+00
   2.8537652e+00
   2.8564168e+00
   2.8590744e+00
   2.8617385e+00
   2.8644085e+00
   2.8670845e+00
   2.8697673e+00
   2.8724560e+00
   2.8751506e+00
   2.8778518e+00
   2.8805596e+00
   2.8832731e+00
   2.8859926e+00
   2.8887189e+00
   2.8914517e+00
   2.8941908e+00
   2.8969358e+00
   2.8996870e+00
   2.9024446e+00
   2.9052085e+00
   2.9079789e+00
   2.9107557e+00
   2.9135390e+00
   2.9163286e+00
   2.9191246e+00
   2.9219271e+00
   2.9247362e+00
   2.9275518e+00
   2.9303745e+00
   2.9332037e+00
   2.9360398e+00
   2.9388821e+00
   2.9417312e+00
   2.9445870e+00
   2.9474491e+00
   2.9503182e+00
   2.9531941e+00
   2.9560762e+00
   2.9589655e+00
   2.9618613e+00
   2.9647641e+00
   2.9676733e+00
   2.9705898e+00
   2.9735127e+00
   2.9764423e+00
   2.9793788e+00
   2.9823225e+00
   2.9852728e+00
   2.9882304e+00
   2.9911951e+00
   2.9941665e+00
   2.9971450e+00
   3.0001299e+00
   3.0031222e+00
   3.0061216e+00
   3.0091280e+00
   3.0121414e+00
   3.0151617e+00
   3.0181891e+00
   3.0212239e+00
   3.0242658e+00
   3.0273146e+00
   3.0303707e+00
   3.0334343e+00
   3.0365047e+00
   3.0395827e+00
   3.0426674e+00
   3.0457594e+00
   3.0488588e+00
   3.0519655e+00
   3.0550797e+00
   3.0582011e+00
   3.0613299e+00
   3.0644663e+00
   3.0676098e+00
   3.0707607e+00
   3.0739191e+00
   3.0770847e+00
   3.0802577e+00
   3.0834377e+00
   3.0866255e+00
   3.0898209e+00
   3.0930239e+00
   3.0962343e+00
   3.0994522e+00
   3.1026776e+00
   3.1059104e+00
   3.1091511e+00
   3.1123995e+00
   3.1156558e+00
   3.1189192e+00
   3.1221903e+00
   3.1254691e+00
   3.1287555e+00
   3.1320494e+00
   3.1353511e+00
   3.1386607e+00
   3.1419779e+00
   3.1453033e+00
   3.1486361e+00
   3.1519766e+00
   3.1553250e+00
   3.1586812e+00
   3.1620453e+00
   3.1654169e+00
   3.1687964e+00
   3.1721842e+00
   3.1755797e+00
   3.1789831e+00
   3.1823940e+00
   3.1858132e+00
   3.1892405e+00
   3.1926756e+00
   3.1961192e+00
   3.1995701e+00
   3.2030288e+00
   3.2064962e+00
   3.2099711e+00
   3.2134540e+00
   3.2169456e+00
   3.2204448e+00
   3.2239524e+00
   3.2274681e+00
   3.2309917e+00
   3.2345231e+00
   3.2380623e+00
   3.2416101e+00
   3.2451660e+00
   3.2487300e+00
   3.2523022e+00
   3.2558825e+00
   3.2594707e+00
   3.2630677e+00
   3.2666729e+00
   3.2702868e+00
   3.2739081e+00
   3.2775378e+00
   3.2811758e+00
   3.2848221e+00
   3.2884766e+00
   3.2921390e+00
   3.2958100e+00
   3.2994890e+00
   3.3031766e+00
   3.3068725e+00
   3.3105766e+00
   3.3142891e+00
   3.3180099e+00
   3.3217391e+00
   3.3254765e+00
   3.3292218e+00
   3.3329761e+00
   3.3367384e+00
   3.3405090e+00
   3.3442880e+00
   3.3480754e+00
   3.3518713e+00
   3.3556759e+00
   3.3594884e+00
   3.3633094e+00
   3.3671388e+00
   3.3709770e+00
   3.3748229e+00
   3.3786772e+00
   3.3825400e+00
   3.3864114e+00
   3.3902909e+00
   3.3941792e+00
   3.3980757e+00
   3.4019806e+00
   3.4058938e+00
   3.4098159e+00
   3.4137460e+00
   3.4176846e+00
   3.4216315e+00
   3.4255866e+00
   3.4295502e+00
   3.4335222e+00
   3.4375029e+00
   3.4414916e+00
   3.4454892e+00
   3.4494948e+00
   3.4535089e+00
   3.4575312e+00
   3.4615620e+00
   3.4656006e+00
   3.4696475e+00
   3.4737031e+00
   3.4777670e+00
   3.4818392e+00
   3.4859197e+00
   3.4900086e+00
   3.4941063e+00
   3.4982118e+00
   3.5023255e+00
   3.5064477e+00
   3.5105781e+00
   3.5147170e+00
   3.5188641e+00
   3.5230194e+00
   3.5271831e+00
   3.5313547e+00
   3.5355345e+00
   3.5397221e+00
   3.5439189e+00
   3.5481232e+00
   3.5523358e+00
   3.5565567e+00
   3.5607854e+00
   3.5650224e+00
   3.5692677e+00
   3.5735208e+00
   3.5777820e+00
   3.5820508e+00
   3.5863280e+00
   3.5906134e+00
   3.5949067e+00
   3.5992076e+00
   3.6035169e+00
   3.6078341e+00
   3.6121592e+00
   3.6164916e+00
   3.6208326e+00
   3.6251813e+00
   3.6295378e+00
   3.6339021e+00
   3.6382743e+00
   3.6426543e+00
   3.6470421e+00
   3.6514371e+00
   3.6558397e+00
   3.6602501e+00
   3.6646680e+00
   3.6690939e+00
   3.6735276e+00
   3.6779686e+00
   3.6824172e+00
   3.6868737e+00
   3.6913373e+00
   3.6958088e+00
   3.7002874e+00
   3.7047736e+00
   3.7092667e+00
   3.7137676e+00
   3.7182753e+00
   3.7227907e+00
   3.7273130e+00
   3.7318432e+00
   3.7363799e+00
   3.7409234e+00
   3.7454739e+00
   3.7500320e+00
   3.7545969e+00
   3.7591690e+00
   3.7637482e+00
   3.7683340e+00
   3.7729266e+00
   3.7775267e+00
   3.7821335e+00
   3.7867474e+00
   3.7913673e+00
   3.7959940e+00
   3.8006278e+00
   3.8052680e+00
   3.8099149e+00
   3.8145682e+00
   3.8192280e+00
   3.8238945e+00
   3.8285670e+00
   3.8332461e+00
   3.8379318e+00
   3.8426238e+00
   3.8473218e+00
   3.8520262e+00
   3.8567365e+00
   3.8614531e+00
   3.8661759e+00
   3.8709048e+00
   3.8756399e+00
   3.8803811e+00
   3.8851278e+00
   3.8898805e+00
   3.8946389e+00
   3.8994033e+00
   3.9041732e+00
   3.9089491e+00
   3.9137307e+00
   3.9185178e+00
   3.9233106e+00
   3.9281084e+00
   3.9329120e+00
   3.9377206e+00
   3.9425350e+00
   3.9473547e+00
   3.9521791e+00
   3.9570093e+00
   3.9618447e+00
   3.9666851e+00
   3.9715307e+00
   3.9763809e+00
   3.9812360e+00
   3.9860963e+00
   3.9909613e+00
   3.9958314e+00
   4.0007061e+00
   4.0055860e+00
   4.0104701e+00
   4.0153585e+00
   4.0202517e+00
   4.0251498e+00
   4.0300520e+00
   4.0349585e+00
   4.0398691e+00
   4.0447843e+00
   4.0497034e+00
   4.0546268e+00
   4.0595545e+00
   4.0644862e+00
   4.0694216e+00
   4.0743610e+00
   4.0793042e+00
   4.0842512e+00
   4.0892017e+00
   4.0941561e+00
   4.0991139e+00
   4.1040757e+00
   4.1090410e+00
   4.1140092e+00
   4.1189811e+00
   4.1239558e+00
   4.1289337e+00
   4.1339148e+00
   4.1388993e+00
   4.1438872e+00
   4.1488775e+00
   4.1538706e+00
   4.1588671e+00
   4.1638660e+00
   4.1688676e+00
   4.1738718e+00
   4.1788784e+00
   4.1838877e+00
   4.1888992e+00
   4.1939132e+00
   4.1989294e+00
   4.2039481e+00
   4.2089682e+00
   4.2139906e+00
   4.2190145e+00
   4.2240406e+00
   4.2290682e+00
   4.2340980e+00
   4.2391292e+00
   4.2441619e+00
   4.2491958e+00
   4.2542313e+00
   4.2592677e+00
   4.2643057e+00
   4.2693445e+00
   4.2743846e+00
   4.2794251e+00
   4.2844669e+00
   4.2895098e+00
   4.2945530e+00
   4.2995966e+00
   4.3046411e+00
   4.3096855e+00
   4.3147304e+00
   4.3197752e+00
   4.3248205e+00
   4.3298654e+00
   4.3349102e+00
   4.3399547e+00
   4.3449991e+00
   4.3500431e+00
   4.3550862e+00
   4.3601290e+00
   4.3651711e+00
   4.3702118e+00
   4.3752517e+00
   4.3802906e+00
   4.3853284e+00
   4.3903644e+00
   4.3953987e+00
   4.4004318e+00
   4.4054631e+00
   4.4104927e+00
   4.4155203e+00
   4.4205457e+00
   4.4255689e+00
   4.4305897e+00
   4.4356075e+00
   4.4406231e+00
   4.4456360e+00
   4.4506456e+00
   4.4556520e+00
   4.4606556e+00
   4.4656559e+00
   4.4706524e+00
   4.4756456e+00
   4.4806346e+00
   4.4856197e+00
   4.4906008e+00
   4.4955775e+00
   4.5005503e+00
   4.5055187e+00
   4.5104821e+00
   4.5154407e+00
   4.5203939e+00
   4.5253415e+00
   4.5302840e+00
   4.5352208e+00
   4.5401523e+00
   4.5450776e+00
   4.5499964e+00
   4.5549091e+00
   4.5598156e+00
   4.5647155e+00
   4.5696085e+00
   4.5744942e+00
   4.5793727e+00
   4.5842436e+00
   4.5891068e+00
   4.5939623e+00
   4.5988097e+00
   4.6036489e+00
   4.6084796e+00
   4.6133016e+00
   4.6181146e+00
   4.6229186e+00
   4.6277133e+00
   4.6324983e+00
   4.6372732e+00
   4.6420383e+00
   4.6467928e+00
   4.6515368e+00
   4.6562705e+00
   4.6609931e+00
   4.6657044e+00
   4.6704043e+00
   4.6750922e+00
   4.6797683e+00
   4.6844325e+00
   4.6890839e+00
   4.6937226e+00
   4.6983483e+00
   4.7029609e+00
   4.7075599e+00
   4.7121448e+00
   4.7167156e+00
   4.7212725e+00
   4.7258143e+00
   4.7303411e+00
   4.7348526e+00
   4.7393491e+00
   4.7438298e+00
   4.7482941e+00
   4.7527419e+00
   4.7571729e+00
   4.7615868e+00
   4.7659837e+00
   4.7703625e+00
   4.7747237e+00
   4.7790668e+00
   4.7833908e+00
   4.7876963e+00
   4.7919821e+00
   4.7962487e+00
   4.8004955e+00
   4.8047219e+00
   4.8089275e+00
   4.8131122e+00
   4.8172756e+00
   4.8214171e+00
   4.8255363e+00
   4.8296330e+00
   4.8337068e+00
   4.8377574e+00
   4.8417845e+00
   4.8457877e+00
   4.8497672e+00
   4.8537218e+00
   4.8576514e+00
   4.8615552e+00
   4.8654331e+00
   4.8692852e+00
   4.8731100e+00
   4.8769079e+00
   4.8806778e+00
   4.8844205e+00
   4.8881342e+00
   4.8918194e+00
   4.8954750e+00
   4.8991005e+00
   4.9026965e+00
   4.9062619e+00
   4.9097962e+00
   4.9132983e+00
   4.9167690e+00
   4.9202075e+00
   4.9236130e+00
   4.9269848e+00
   4.9303225e+00
   4.9336267e+00
   4.9368958e+00
   4.9401294e+00
   4.9433274e+00
   4.9464887e+00
   4.9496134e+00
   4.9527007e+00
   4.9557498e+00
   4.9587618e+00
   4.9617350e+00
   4.9646677e+00
   4.9675606e+00
   4.9704128e+00
   4.9732239e+00
   4.9759935e+00
   4.9787203e+00
   4.9814046e+00
   4.9840447e+00
   4.9866413e+00
   4.9891941e+00
   4.9917018e+00
   4.9941633e+00
   4.9965790e+00
   4.9989475e+00
   5.0012685e+00
   5.0035422e+00
   5.0057672e+00
   5.0079424e+00
   5.0100677e+00
   5.0121418e+00
   5.0141653e+00
   5.0161363e+00
   5.0180558e+00
   5.0199215e+00
   5.0217330e+00
   5.0234902e+00
   5.0251928e+00
   5.0268390e+00
   5.0284294e+00
   5.0299625e+00
   5.0314383e+00
   5.0328548e+00
   5.0342119e+00
   5.0355089e+00
   5.0367457e+00
   5.0379204e+00
   5.0390330e+00
   5.0400828e+00
   5.0410695e+00
   5.0419918e+00
   5.0428498e+00
   5.0436413e+00
   5.0443655e+00
   5.0450237e+00
   5.0456133e+00
   5.0461341e+00
   5.0465853e+00
   5.0469661e+00
   5.0472758e+00
   5.0475130e+00
   5.0476777e+00
   5.0477690e+00
   5.0477857e+00
   5.0477269e+00
   5.0475921e+00
   5.0473811e+00
   5.0470927e+00
   5.0467253e+00
   5.0462791e+00
   5.0457525e+00
   5.0451447e+00
   5.0444551e+00
   5.0436832e+00
   5.0428280e+00
   5.0418882e+00
   5.0408636e+00
   5.0397528e+00
   5.0385549e+00
   5.0372695e+00
   5.0358954e+00
   5.0344313e+00
   5.0328774e+00
   5.0312322e+00
   5.0294952e+00
   5.0276648e+00
   5.0257412e+00
   5.0237227e+00
   5.0216088e+00
   5.0193988e+00
   5.0170913e+00
   5.0146851e+00
   5.0121803e+00
   5.0095756e+00
   5.0068703e+00
   5.0040635e+00
   5.0011556e+00
   4.9981427e+00
   4.9950261e+00
   4.9918050e+00
   4.9884770e+00
   4.9850426e+00
   4.9815003e+00
   4.9778492e+00
   4.9740889e+00
   4.9702187e+00
   4.9662372e+00
   4.9621440e+00
   4.9579377e+00
   4.9536184e+00
   4.9491854e+00
   4.9446374e+00
   4.9399748e+00
   4.9351955e+00
   4.9302985e+00
   4.9252833e+00
   4.9201488e+00
   4.9148950e+00
   4.9095219e+00
   4.9040284e+00
   4.8984128e+00
   4.8926750e+00
   4.8868148e+00
   4.8808313e+00
   4.8747235e+00
   4.8684908e+00
   4.8621333e+00
   4.8556508e+00
   4.8490415e+00
   4.8423055e+00
   4.8354421e+00
   4.8284509e+00
   4.8213322e+00
   4.8140843e+00
   4.8067078e+00
   4.7992016e+00
   4.7915666e+00
   4.7838009e+00
   4.7759048e+00
   4.7678799e+00
   4.7597229e+00
   4.7514350e+00
   4.7430158e+00
   4.7344659e+00
   4.7257845e+00
   4.7169718e+00
   4.7080271e+00
   4.6989512e+00
   4.6897444e+00
   4.6804061e+00
   4.6709371e+00
   4.6613367e+00
   4.6516057e+00
   4.6417442e+00
   4.6317526e+00
   4.6216315e+00
   4.6113806e+00
   4.6010001e+00
   4.5904922e+00
   4.5798573e+00
   4.5690942e+00
   4.5582044e+00
   4.5471886e+00
   4.5360470e+00
   4.5247812e+00
   4.5133915e+00
   4.5018791e+00
   4.4902453e+00
   4.4784905e+00
   4.4666153e+00
   4.4546217e+00
   4.4425109e+00
   4.4302835e+00
   4.4179406e+00
   4.4054840e+00
   4.3929151e+00
   4.3802351e+00
   4.3674456e+00
   4.3545482e+00
   4.3415441e+00
   4.3284355e+00
   4.3152241e+00
   4.3019111e+00
   4.2884986e+00
   4.2749887e+00
   4.2613836e+00
   4.2476844e+00
   4.2338932e+00
   4.2200129e+00
   4.2060448e+00
   4.1919919e+00
   4.1778557e+00
   4.1636390e+00
   4.1493438e+00
   4.1349725e+00
   4.1205277e+00
   4.1060118e+00
   4.0914273e+00
   4.0767768e+00
   4.0620629e+00
   4.0472882e+00
   4.0324551e+00
   4.0175669e+00
   4.0026257e+00
   3.9876348e+00
   3.9725965e+00
   3.9575143e+00
   3.9423908e+00
   3.9272286e+00
   3.9120309e+00
   3.8968002e+00
   3.8815401e+00
   3.8662534e+00
   3.8509429e+00
   3.8356115e+00
   3.8202626e+00
   3.8048988e+00
   3.7895234e+00
   3.7741390e+00
   3.7587494e+00
   3.7433571e+00
   3.7279652e+00
   3.7125772e+00
   3.6971956e+00
   3.6818235e+00
   3.6664637e+00
   3.6511196e+00
   3.6357937e+00
   3.6204899e+00
   3.6052100e+00
   3.5899573e+00
   3.5747348e+00
   3.5595452e+00
   3.5443915e+00
   3.5292764e+00
   3.5142027e+00
   3.4991735e+00
   3.4841913e+00
   3.4692584e+00
   3.4543775e+00
   3.4395515e+00
   3.4247828e+00
   3.4100738e+00
   3.3954269e+00
   3.3808447e+00
   3.3663298e+00
   3.3518840e+00
   3.3375098e+00
   3.3232094e+00
   3.3089849e+00
   3.2948387e+00
   3.2807725e+00
   3.2667887e+00
   3.2528884e+00
   3.2390731e+00
   3.2253466e+00
   3.2117095e+00
   3.1981640e+00
   3.1847111e+00
   3.1713525e+00
   3.1580901e+00
   3.1449251e+00
   3.1318588e+00
   3.1188926e+00
   3.1060282e+00
   3.0932662e+00
   3.0806081e+00
   3.0680551e+00
   3.0556081e+00
   3.0432682e+00
   3.0310361e+00
   3.0189127e+00
   3.0068990e+00
   2.9949956e+00
   2.9832036e+00
   2.9715231e+00
   2.9599551e+00
   2.9485001e+00
   2.9371586e+00
   2.9259311e+00
   2.9148174e+00
   2.9038182e+00
   2.8929340e+00
   2.8821647e+00
   2.8715106e+00
   2.8609719e+00
   2.8505486e+00
   2.8402406e+00
   2.8300484e+00
   2.8199716e+00
   2.8100100e+00
   2.8001637e+00
   2.7904324e+00
   2.7808159e+00
   2.7713137e+00
   2.7619261e+00
   2.7526524e+00
   2.7434921e+00
   2.7344449e+00
   2.7255106e+00
   2.7166885e+00
   2.7079781e+00
   2.6993790e+00
   2.6908907e+00
   2.6825125e+00
   2.6742437e+00
   2.6660835e+00
   2.6580317e+00
   2.6500871e+00
   2.6422495e+00
   2.6345182e+00
   2.6268920e+00
   2.6193703e+00
   2.6119524e+00
   2.6046375e+00
   2.5974247e+00
   2.5903134e+00
   2.5833024e+00
   2.5763911e+00
   2.5695785e+00
   2.5628637e+00
   2.5562456e+00
   2.5497235e+00
   2.5432964e+00
   2.5369634e+00
   2.5307235e+00
   2.5245760e+00
   2.5185195e+00
   2.5125534e+00
   2.5066764e+00
   2.5008877e+00
   2.4951862e+00
   2.4895709e+00
   2.4840410e+00
   2.4785956e+00
   2.4732332e+00
   2.4679531e+00
   2.4627541e+00
   2.4576354e+00
   2.4525963e+00
   2.4476354e+00
   2.4427516e+00
   2.4379440e+00
   2.4332116e+00
   2.4285535e+00
   2.4239686e+00
   2.4194560e+00
   2.4150147e+00
   2.4106436e+00
   2.4063419e+00
   2.4021086e+00
   2.3979425e+00
   2.3938428e+00
   2.3898085e+00
   2.3858386e+00
   2.3819322e+00
   2.3780884e+00
   2.3743063e+00
   2.3705848e+00
   2.3669231e+00
   2.3633201e+00
   2.3597751e+00
   2.3562873e+00
   2.3528554e+00
   2.3494785e+00
   2.3461560e+00
   2.3428871e+00
   2.3396708e+00
   2.3365061e+00
   2.3333922e+00
   2.3303286e+00
   2.3273143e+00
   2.3243483e+00
   2.3214299e+00
   2.3185580e+00
   2.3157323e+00
   2.3129516e+00
   2.3102153e+00
   2.3075228e+00
   2.3048731e+00
   2.3022656e+00
   2.2996994e+00
   2.2971738e+00
   2.2946880e+00
   2.2922415e+00
   2.2898335e+00
   2.2874634e+00
   2.2851303e+00
   2.2828336e+00
   2.2805726e+00
   2.2783466e+00
   2.2761551e+00
   2.2739974e+00
   2.2718729e+00
   2.2697810e+00
   2.2677209e+00
   2.2656921e+00
   2.2636939e+00
   2.2617258e+00
   2.2597872e+00
   2.2578776e+00
   2.2559964e+00
   2.2541430e+00
   2.2523169e+00
   2.2505175e+00
   2.2487443e+00
   2.2469969e+00
   2.2452746e+00
   2.2435768e+00
   2.2419033e+00
   2.2402535e+00
   2.2386268e+00
   2.2370228e+00
   2.2354410e+00
   2.2338811e+00
   2.2323424e+00
   2.2308246e+00
   2.2293273e+00
   2.2278501e+00
   2.2263924e+00
   2.2249539e+00
   2.2235343e+00
   2.2221329e+00
   2.2207495e+00
   2.2193837e+00
   2.2180351e+00
   2.2167034e+00
   2.2153882e+00
   2.2140891e+00
   2.2128058e+00
   2.2115379e+00
   2.2102851e+00
   2.2090470e+00
   2.2078232e+00
   2.2066136e+00
   2.2054177e+00
   2.2042353e+00
   2.2030661e+00
   2.2019097e+00
   2.2007659e+00
   2.1996343e+00
   2.1985147e+00
   2.1974067e+00
   2.1963103e+00
   2.1952250e+00
   2.1941507e+00
   2.1930870e+00
   2.1920337e+00
   2.1909905e+00
   2.1899573e+00
   2.1889337e+00
   2.1879197e+00
   2.1869148e+00
   2.1859190e+00
   2.1849320e+00
   2.1839535e+00
   2.1829833e+00
   2.1820213e+00
   2.1810672e+00
   2.1801210e+00
   2.1791823e+00
   2.1782510e+00
   2.1773268e+00
   2.1764097e+00
   2.1754993e+00
   2.1745956e+00
   2.1736985e+00
   2.1728076e+00
   2.1719228e+00
   2.1710441e+00
   2.1701713e+00
   2.1693041e+00
   2.1684424e+00
   2.1675862e+00
   2.1667352e+00
   2.1658892e+00
   2.1650483e+00
   2.1642122e+00
   2.1633808e+00
   2.1625541e+00
   2.1617317e+00
   2.1609138e+00
   2.1600999e+00
   2.1592902e+00
   2.1584844e+00
   2.1576826e+00
   2.1568845e+00
   2.1560902e+00
   2.1552992e+00
   2.1545117e+00
   2.1537275e+00
   2.1529466e+00
   2.1521688e+00
   2.1513941e+00
   2.1506224e+00
   2.1498536e+00
   2.1490876e+00
   2.1483243e+00
   2.1475636e+00
   2.1468055e+00
   2.1460499e+00
   2.1452967e+00
   2.1445457e+00
   2.1437971e+00
   2.1430506e+00
   2.1423063e+00
   2.1415640e+00
   2.1408236e+00
   2.1400852e+00
   2.1393486e+00
   2.1386138e+00
   2.1378806e+00
   2.1371492e+00
   2.1364194e+00
   2.1356911e+00
   2.1349643e+00
   2.1342390e+00
   2.1335151e+00
   2.1327925e+00
   2.1320712e+00
   2.1313512e+00
   2.1306324e+00
   2.1299147e+00
   2.1291982e+00
   2.1284828e+00
   2.1277683e+00
   2.1270549e+00
   2.1263425e+00
   2.1256311e+00
   2.1249204e+00
   2.1242107e+00
   2.1235017e+00
   2.1227935e+00
   2.1220861e+00
   2.1213794e+00
   2.1206734e+00
   2.1199681e+00
   2.1192633e+00
   2.1185592e+00
   2.1178556e+00
   2.1171526e+00
   2.1164502e+00
   2.1157482e+00
   2.1150467e+00
   2.1143457e+00
   2.1136451e+00
   2.1129448e+00
   2.1122450e+00
   2.1115456e+00
   2.1108464e+00
   2.1101476e+00
   2.1094491e+00
   2.1087510e+00
   2.1080530e+00
   2.1073554e+00
   2.1066579e+00
   2.1059607e+00
   2.1052637e+00
   2.1045669e+00
   2.1038703e+00
   2.1031738e+00
   2.1024775e+00
   2.1017813e+00
   2.1010853e+00
   2.1003893e+00
   2.0996935e+00
   2.0989978e+00
   2.0983022e+00
   2.0976066e+00
   2.0969111e+00
   2.0962157e+00
   2.0955202e+00
   2.0948249e+00
   2.0941296e+00
   2.0934342e+00
   2.0927389e+00
   2.0920437e+00
   2.0913484e+00
   2.0906531e+00
   2.0899578e+00
   2.0892625e+00
   2.0885672e+00
   2.0878718e+00
   2.0871765e+00
   2.0864811e+00
   2.0857856e+00
   2.0850901e+00
   2.0843946e+00
   2.0836990e+00
   2.0830034e+00
   2.0823077e+00
   2.0816119e+00
   2.0809161e+00
   2.0802202e+00
   2.0795243e+00
   2.0788283e+00
   2.0781322e+00
   2.0774361e+00
   2.0767399e+00
   2.0760436e+00
   2.0753472e+00
   2.0746508e+00
   2.0739543e+00
   2.0732577e+00
   2.0725610e+00
   2.0718643e+00
   2.0711675e+00
   2.0704706e+00
   2.0697736e+00
   2.0690766e+00
   2.0683795e+00
   2.0676823e+00
   2.0669851e+00
   2.0662877e+00
   2.0655903e+00
   2.0648928e+00
   2.0641953e+00
   2.0634977e+00
   2.0628000e+00
   2.0621022e+00
   2.0614044e+00
   2.0607065e+00
   2.0600086e+00
   2.0593106e+00
   2.0586126e+00
   2.0579145e+00
   2.0572164e+00
   2.0565181e+00
   2.0558199e+00
   2.0551216e+00
   2.0544232e+00
   2.0537248e+00
   2.0530264e+00
   2.0523279e+00
   2.0516294e+00
   2.0509309e+00
   2.0502323e+00
   2.0495337e+00
   2.0488351e+00
   2.0481365e+00
   2.0474378e+00
   2.0467392e+00
   2.0460405e+00
   2.0453418e+00
   2.0446431e+00
   2.0439444e+00
   2.0432456e+00
   2.0425469e+00
   2.0418482e+00
   2.0411495e+00
   2.0404508e+00
   2.0397521e+00
   2.0390535e+00
   2.0383548e+00
   2.0376562e+00
   2.0369576e+00
   2.0362590e+00
   2.0355605e+00
   2.0348619e+00
   2.0341635e+00
   2.0334650e+00
   2.0327666e+00
   2.0320683e+00
   2.0313699e+00
   2.0306717e+00
   2.0299735e+00
   2.0292754e+00
   2.0285772e+00
   2.0278792e+00
   2.0271812e+00
   2.0264834e+00
   2.0257856e+00
   2.0250878e+00
   2.0243902e+00
   2.0236926e+00
   2.0229951e+00
   2.0222977e+00
   2.0216004e+00
   2.0209032e+00
   2.0202061e+00
   2.0195091e+00
   2.0188122e+00
   2.0181154e+00
   2.0174187e+00
   2.0167221e+00
   2.0160256e+00
   2.0153293e+00
   2.0146331e+00
   2.0139370e+00
   2.0132410e+00
   2.0125452e+00
   2.0118495e+00
   2.0111539e+00
   2.0104585e+00
   2.0097632e+00
   2.0090680e+00
   2.0083731e+00
   2.0076782e+00
   2.0069835e+00
   2.0062890e+00
   2.0055946e+00
   2.0049004e+00
   2.0042063e+00
   2.0035124e+00
   2.0028187e+00
   2.0021252e+00
   2.0014318e+00
   2.0007386e+00
   2.0000456e+00
   1.9993528e+00
   1.9986601e+00
   1.9979677e+00
   1.9972754e+00
   1.9965833e+00
   1.9958914e+00
   1.9951997e+00
   1.9945083e+00
   1.9938170e+00
   1.9931259e+00
   1.9924350e+00
   1.9917444e+00
   1.9910539e+00
   1.9903637e+00
   1.9896737e+00
   1.9889839e+00
   1.9882943e+00
   1.9876049e+00
   1.9869158e+00
   1.9862269e+00
   1.9855382e+00
   1.9848497e+00
   1.9841615e+00
   1.9834736e+00
   1.9827858e+00
   1.9820983e+00
   1.9814111e+00
   1.9807240e+00
   1.9800373e+00
   1.9793508e+00
   1.9786645e+00
   1.9779785e+00
   1.9772927e+00
   1.9766072e+00
   1.9759219e+00
   1.9752370e+00
   1.9745522e+00
   1.9738678e+00
   1.9731836e+00
   1.9724996e+00
   1.9718159e+00
   1.9711325e+00
   1.9704494e+00
   1.9697666e+00
   1.9690840e+00
   1.9684017e+00
   1.9677197e+00
   1.9670379e+00
   1.9663564e+00
   1.9656753e+00
   1.9649944e+00
   1.9643138e+00
   1.9636334e+00
   1.9629534e+00
   1.9622737e+00
   1.9615942e+00
   1.9609150e+00
   1.9602362e+00
   1.9595576e+00
   1.9588793e+00
   1.9582014e+00
   1.9575237e+00
   1.9568463e+00
   1.9561693e+00
   1.9554925e+00
   1.9548160e+00
   1.9541399e+00
   1.9534640e+00
   1.9527885e+00
   1.9521133e+00
   1.9514384e+00
   1.9507638e+00
   1.9500895e+00
   1.9494155e+00
   1.9487419e+00
   1.9480685e+00
   1.9473955e+00
   1.9467228e+00
   1.9460504e+00
   1.9453784e+00
   1.9447066e+00
   1.9440352e+00
   1.9433641e+00
   1.9426933e+00
   1.9420229e+00
   1.9413528e+00
   1.9406830e+00
   1.9400136e+00
   1.9393444e+00
   1.9386756e+00
   1.9380072e+00
   1.9373391e+00
   1.9366713e+00
   1.9360038e+00
   1.9353367e+00
   1.9346699e+00
   1.9340034e+00
   1.9333373e+00
   1.9326715e+00
   1.9320061e+00
   1.9313410e+00
   1.9306762e+00
   1.9300118e+00
   1.9293477e+00
   1.9286840e+00
   1.9280206e+00
   1.9273575e+00
   1.9266948e+00
   1.9260325e+00
   1.9253705e+00
   1.9247088e+00
   1.9240475e+00
   1.9233865e+00
   1.9227259e+00
   1.9220656e+00
   1.9214057e+00
   1.9207461e+00
   1.9200869e+00
   1.9194280e+00
   1.9187694e+00
   1.9181113e+00
   1.9174534e+00
   1.9167960e+00
   1.9161388e+00
   1.9154821e+00
   1.9148257e+00
   1.9141696e+00
   1.9135139e+00
   1.9128585e+00
   1.9122035e+00
   1.9115489e+00
   1.9108946e+00
   1.9102407e+00
   1.9095871e+00
   1.9089339e+00
   1.9082811e+00
   1.9076286e+00
   1.9069764e+00
   1.9063246e+00
   1.9056732e+00
   1.9050221e+00
   1.9043714e+00
   1.9037211e+00
   1.9030711e+00
   1.9024215e+00
   1.9017722e+00
   1.9011233e+00
   1.9004747e+00
   1.8998266e+00
   1.8991787e+00
   1.8985313e+00
   1.8978842e+00
   1.8972374e+00
   1.8965910e+00
   1.8959450e+00
   1.8952994e+00
   1.8946541e+00
   1.8940092e+00
   1.8933646e+00
   1.8927204e+00
   1.8920765e+00
   1.8914331e+00
   1.8907899e+00
   1.8901472e+00
   1.8895048e+00
   1.8888628e+00
   1.8882211e+00
   1.8875798e+00
   1.8869389e+00
   1.8862983e+00
   1.8856581e+00
   1.8850182e+00
   1.8843788e+00
   1.8837396e+00
   1.8831009e+00
   1.8824625e+00
   1.8818245e+00
   1.8811868e+00
   1.8805495e+00
   1.8799126e+00
   1.8792760e+00
   1.8786398e+00
   1.8780040e+00
   1.8773685e+00
   1.8767334e+00
   1.8760986e+00
   1.8754642e+00
   1.8748302e+00
   1.8741965e+00
   1.8735632e+00
   1.8729303e+00
   1.8722977e+00
   1.8716655e+00
   1.8710337e+00
   1.8704022e+00
   1.8697711e+00
   1.8691403e+00
   1.8685099e+00
   1.8678799e+00
   1.8672502e+00
   1.8666209e+00
   1.8659920e+00
   1.8653634e+00
   1.8647352e+00
   1.8641074e+00
   1.8634799e+00
   1.8628527e+00
   1.8622260e+00
   1.8615996e+00
   1.8609735e+00
   1.8603478e+00
   1.8597225e+00
   1.8590976e+00
   1.8584730e+00
   1.8578487e+00
   1.8572248e+00
   1.8566013e+00
   1.8559782e+00
   1.8553554e+00
   1.8547329e+00
   1.8541109e+00
   1.8534892e+00
   1.8528678e+00
   1.8522468e+00
   1.8516262e+00
   1.8510059e+00
   1.8503860e+00
   1.8497664e+00
   1.8491472e+00
   1.8485284e+00
   1.8479099e+00
   1.8472917e+00
   1.8466740e+00
   1.8460565e+00
   1.8454395e+00
   1.8448228e+00
   1.8442064e+00
   1.8435905e+00
   1.8429748e+00
   1.8423596e+00
   1.8417446e+00
   1.8411301e+00
   1.8405159e+00
   1.8399020e+00
   1.8392885e+00
   1.8386754e+00
   1.8380626e+00
   1.8374501e+00
   1.8368380e+00
   1.8362263e+00
   1.8356149e+00
   1.8350039e+00
   1.8343932e+00
   1.8337829e+00
   1.8331730e+00
   1.8325633e+00
   1.8319541e+00
   1.8313452e+00
   1.8307366e+00
   1.8301284e+00
   1.8295205e+00
   1.8289130e+00
   1.8283059e+00
   1.8276991e+00
   1.8270926e+00
   1.8264865e+00
   1.8258807e+00
   1.8252753e+00
   1.8246703e+00
   1.8240655e+00
   1.8234612e+00
   1.8228572e+00
   1.8222535e+00
   1.8216502e+00
   1.8210472e+00
   1.8204445e+00
   1.8198423e+00
   1.8192403e+00
   1.8186387e+00
   1.8180375e+00
   1.8174366e+00
   1.8168360e+00
   1.8162358e+00
   1.8156359e+00
   1.8150364e+00
   1.8144372e+00
   1.8138383e+00
   1.8132398e+00
   1.8126417e+00
   1.8120439e+00
   1.8114464e+00
   1.8108492e+00
   1.8102524e+00
   1.8096560e+00
   1.8090599e+00
   1.8084641e+00
   1.8078687e+00
   1.8072736e+00
   1.8066788e+00
   1.8060844e+00
   1.8054903e+00
   1.8048966e+00
   1.8043032e+00
   1.8037101e+00
   1.8031174e+00
   1.8025250e+00
   1.8019329e+00
   1.8013412e+00
   1.8007498e+00
   1.8001588e+00
   1.7995681e+00
   1.7989777e+00
   1.7983877e+00
   1.7977980e+00
   1.7972086e+00
   1.7966195e+00
   1.7960308e+00
   1.7954425e+00
   1.7948544e+00
   1.7942667e+00
   1.7936793e+00
   1.7930923e+00
   1.7925056e+00
   1.7919192e+00
   1.7913331e+00
   1.7907474e+00
   1.7901620e+00
   1.7895769e+00
   1.7889922e+00
   1.7884078e+00
   1.7878237e+00
   1.7872400e+00
   1.7866565e+00
   1.7860734e+00
   1.7854907e+00
   1.7849082e+00
   1.7843261e+00
   1.7837443e+00
   1.7831629e+00
   1.7825817e+00
   1.7820009e+00
   1.7814204e+00
   1.7808403e+00
   1.7802604e+00
   1.7796809e+00
   1.7791017e+00
   1.7785228e+00
   1.7779443e+00
   1.7773661e+00
   1.7767881e+00
   1.7762106e+00
   1.7756333e+00
   1.7750564e+00
   1.7744797e+00
   1.7739034e+00
   1.7733275e+00
   1.7727518e+00
   1.7721765e+00
   1.7716014e+00
   1.7710267e+00
   1.7704523e+00
   1.7698783e+00
   1.7693045e+00
   1.7687311e+00
   1.7681580e+00
   1.7675852e+00
   1.7670127e+00
   1.7664405e+00
   1.7658687e+00
   1.7652971e+00
   1.7647259e+00
   1.7641550e+00
   1.7635844e+00
   1.7630141e+00
   1.7624441e+00
   1.7618745e+00
   1.7613051e+00
   1.7607361e+00
   1.7601674e+00
   1.7595990e+00
   1.7590309e+00
   1.7584631e+00
   1.7578956e+00
   1.7573285e+00
   1.7567616e+00
   1.7561951e+00
   1.7556288e+00
   1.7550629e+00
   1.7544973e+00
   1.7539320e+00
   1.7533670e+00
   1.7528023e+00
   1.7522379e+00
   1.7516738e+00
   1.7511100e+00
   1.7505465e+00
   1.7499834e+00
   1.7494205e+00
   1.7488580e+00
   1.7482957e+00
   1.7477338e+00
   1.7471721e+00
   1.7466108e+00
   1.7460497e+00
   1.7454890e+00
   1.7449286e+00
   1.7443685e+00
   1.7438086e+00
   1.7432491e+00
   1.7426899e+00
   1.7421310e+00
   1.7415724e+00
   1.7410140e+00
   1.7404560e+00
   1.7398983e+00
   1.7393409e+00
   1.7387838e+00
   1.7382269e+00
   1.7376704e+00
   1.7371142e+00
   1.7365582e+00
   1.7360026e+00
   1.7354473e+00
   1.7348922e+00
   1.7343375e+00
   1.7337831e+00
   1.7332289e+00
   1.7326750e+00
   1.7321215e+00
   1.7315682e+00
   1.7310152e+00
   1.7304626e+00
   1.7299102e+00
   1.7293581e+00
   1.7288063e+00
   1.7282548e+00
   1.7277036e+00
   1.7271527e+00
   1.7266020e+00
   1.7260517e+00
   1.7255016e+00
   1.7249519e+00
   1.7244024e+00
   1.7238532e+00
   1.7233044e+00
   1.7227558e+00
   1.7222075e+00
   1.7216594e+00
   1.7211117e+00
   1.7205643e+00
   1.7200171e+00
   1.7194702e+00
   1.7189237e+00
   1.7183774e+00
   1.7178314e+00
   1.7172856e+00
   1.7167402e+00
   1.7161950e+00
   1.7156502e+00
   1.7151056e+00
   1.7145613e+00
   1.7140173e+00
   1.7134736e+00
   1.7129301e+00
   1.7123870e+00
   1.7118441e+00
   1.7113015e+00
   1.7107592e+00
   1.7102171e+00
   1.7096754e+00
   1.7091339e+00
   1.7085927e+00
   1.7080518e+00
   1.7075112e+00
   1.7069709e+00
   1.7064308e+00
   1.7058910e+00
   1.7053515e+00
   1.7048123e+00
   1.7042733e+00
   1.7037347e+00
   1.7031963e+00
   1.7026581e+00
   1.7021203e+00
   1.7015827e+00
   1.7010455e+00
   1.7005084e+00
   1.6999717e+00
   1.6994353e+00
   1.6988991e+00
   1.6983632e+00
   1.6978275e+00
   1.6972922e+00
   1.6967571e+00
   1.6962223e+00
   1.6956878e+00
   1.6951535e+00
   1.6946195e+00
   1.6940858e+00
   1.6935523e+00
   1.6930192e+00
   1.6924863e+00
   1.6919536e+00
   1.6914213e+00
   1.6908892e+00
   1.6903574e+00
   1.6898258e+00
   1.6892946e+00
   1.6887636e+00
   1.6882328e+00
   1.6877023e+00
   1.6871721e+00
   1.6866422e+00
   1.6861126e+00
   1.6855832e+00
   1.6850540e+00
   1.6845252e+00
   1.6839966e+00
   1.6834683e+00
   1.6829402e+00
   1.6824124e+00
   1.6818849e+00
   1.6813576e+00
   1.6808306e+00
   1.6803039e+00
   1.6797774e+00
   1.6792512e+00
   1.6787253e+00
   1.6781996e+00
   1.6776742e+00
   1.6771491e+00
   1.6766242e+00
   1.6760995e+00
   1.6755752e+00
   1.6750511e+00
   1.6745273e+00
   1.6740037e+00
   1.6734804e+00
   1.6729573e+00
   1.6724345e+00
   1.6719120e+00
   1.6713897e+00
   1.6708677e+00
   1.6703460e+00
   1.6698245e+00
   1.6693032e+00
   1.6687823e+00
   1.6682616e+00
   1.6677411e+00
   1.6672209e+00
   1.6667010e+00
   1.6661813e+00
   1.6656618e+00
   1.6651427e+00
   1.6646238e+00
   1.6641051e+00
   1.6635867e+00
   1.6630685e+00
   1.6625507e+00
   1.6620330e+00
   1.6615156e+00
   1.6609985e+00
   1.6604816e+00
   1.6599650e+00
   1.6594487e+00
   1.6589325e+00
   1.6584167e+00
   1.6579011e+00
   1.6573857e+00
   1.6568706e+00
   1.6563558e+00
   1.6558412e+00
   1.6553268e+00
   1.6548127e+00
   1.6542989e+00
   1.6537853e+00
   1.6532720e+00
   1.6527589e+00
   1.6522460e+00
   1.6517335e+00
   1.6512211e+00
   1.6507090e+00
   1.6501972e+00
   1.6496856e+00
   1.6491742e+00
   1.6486631e+00
   1.6481523e+00
   1.6476417e+00
   1.6471313e+00
   1.6466212e+00
   1.6461114e+00
   1.6456017e+00
   1.6450924e+00
   1.6445832e+00
   1.6440744e+00
   1.6435657e+00
   1.6430574e+00
   1.6425492e+00
   1.6420413e+00
   1.6415337e+00
   1.6410263e+00
   1.6405191e+00
   1.6400122e+00
   1.6395055e+00
   1.6389991e+00
   1.6384929e+00
   1.6379869e+00
   1.6374812e+00
   1.6369758e+00
   1.6364705e+00
   1.6359656e+00
   1.6354608e+00
   1.6349563e+00
   1.6344521e+00
   1.6339481e+00
   1.6334443e+00
   1.6329407e+00
   1.6324374e+00
   1.6319344e+00
   1.6314316e+00
   1.6309290e+00
   1.6304267e+00
   1.6299246e+00
   1.6294227e+00
   1.6289211e+00
   1.6284197e+00
   1.6279186e+00
   1.6274176e+00
   1.6269170e+00
   1.6264165e+00
   1.6259163e+00
   1.6254164e+00
   1.6249167e+00
   1.6244172e+00
   1.6239179e+00
   1.6234189e+00
   1.6229201e+00
   1.6224216e+00
   1.6219233e+00
   1.6214252e+00
   1.6209273e+00
   1.6204297e+00
   1.6199324e+00
   1.6194352e+00
   1.6189383e+00
   1.6184416e+00
   1.6179452e+00
   1.6174490e+00
   1.6169530e+00
   1.6164573e+00
   1.6159617e+00
   1.6154665e+00
   1.6149714e+00
   1.6144766e+00
   1.6139820e+00
   1.6134876e+00
   1.6129935e+00
   1.6124996e+00
   1.6120060e+00
   1.6115125e+00
   1.6110193e+00
   1.6105263e+00
   1.6100336e+00
   1.6095411e+00
   1.6090488e+00
   1.6085567e+00
   1.6080649e+00
   1.6075733e+00
   1.6070819e+00
   1.6065908e+00
   1.6060998e+00
   1.6056091e+00
   1.6051187e+00
   1.6046284e+00
   1.6041384e+00
   1.6036486e+00
   1.6031591e+00
   1.6026697e+00
   1.6021806e+00
   1.6016917e+00
   1.6012031e+00
   1.6007146e+00
   1.6002264e+00
   1.5997384e+00
   1.5992507e+00
   1.5987631e+00
   1.5982758e+00
   1.5977887e+00
   1.5973018e+00
   1.5968152e+00
   1.5963288e+00
   1.5958426e+00
   1.5953566e+00
   1.5948708e+00
   1.5943853e+00
   1.5939000e+00
   1.5934149e+00
   1.5929300e+00
   1.5924454e+00
   1.5919610e+00
   1.5914768e+00
   1.5909928e+00
   1.5905090e+00
   1.5900255e+00
   1.5895421e+00
   1.5890590e+00
   1.5885761e+00
   1.5880935e+00
   1.5876110e+00
   1.5871288e+00
   1.5866468e+00
   1.5861650e+00
   1.5856834e+00
   1.5852021e+00
   1.5847209e+00
   1.5842400e+00
   1.5837593e+00
   1.5832788e+00
   1.5827986e+00
   1.5823185e+00
   1.5818387e+00
   1.5813590e+00
   1.5808796e+00
   1.5804005e+00
   1.5799215e+00
   1.5794427e+00
   1.5789642e+00
   1.5784859e+00
   1.5780077e+00
   1.5775298e+00
   1.5770522e+00
   1.5765747e+00
   1.5760974e+00
   1.5756204e+00
   1.5751436e+00
   1.5746670e+00
   1.5741906e+00
   1.5737144e+00
   1.5732384e+00
   1.5727626e+00
   1.5722871e+00
   1.5718117e+00
   1.5713366e+00
   1.5708617e+00
   1.5703870e+00
   1.5699125e+00
   1.5694382e+00
   1.5689642e+00
   1.5684903e+00
   1.5680167e+00
   1.5675432e+00
   1.5670700e+00
   1.5665970e+00
   1.5661242e+00
   1.5656516e+00
   1.5651792e+00
   1.5647070e+00
   1.5642350e+00
   1.5637633e+00
   1.5632917e+00
   1.5628204e+00
   1.5623492e+00
   1.5618783e+00
   1.5614076e+00
   1.5609371e+00
   1.5604668e+00
   1.5599967e+00
   1.5595268e+00
   1.5590571e+00
   1.5585876e+00
   1.5581183e+00
   1.5576493e+00
   1.5571804e+00
   1.5567118e+00
   1.5562433e+00
   1.5557751e+00
   1.5553070e+00
   1.5548392e+00
   1.5543716e+00
   1.5539042e+00
   1.5534370e+00
   1.5529699e+00
   1.5525031e+00
   1.5520365e+00
   1.5515701e+00
   1.5511039e+00
   1.5506379e+00
   1.5501722e+00
   1.5497066e+00
   1.5492412e+00
   1.5487760e+00
   1.5483110e+00
   1.5478462e+00
   1.5473817e+00
   1.5469173e+00
   1.5464531e+00
   1.5459892e+00
   1.5455254e+00
   1.5450618e+00
   1.5445985e+00
   1.5441353e+00
   1.5436723e+00
   1.5432096e+00
   1.5427470e+00
   1.5422847e+00
   1.5418225e+00
   1.5413605e+00
   1.5408988e+00
   1.5404372e+00
   1.5399758e+00
   1.5395147e+00
   1.5390537e+00
   1.5385929e+00
   1.5381324e+00
   1.5376720e+00
   1.5372118e+00
   1.5367519e+00
   1.5362921e+00
   1.5358325e+00
   1.5353731e+00
   1.5349139e+00
   1.5344549e+00
   1.5339962e+00
   1.5335376e+00
   1.5330792e+00
   1.5326210e+00
   1.5321630e+00
   1.5317052e+00
   1.5312475e+00
   1.5307901e+00
   1.5303329e+00
   1.5298759e+00
   1.5294190e+00
   1.5289624e+00
   1.5285060e+00
   1.5280497e+00
   1.5275937e+00
   1.5271378e+00
   1.5266822e+00
   1.5262267e+00
   1.5257714e+00
   1.5253163e+00
   1.5248614e+00
   1.5244067e+00
   1.5239522e+00
   1.5234979e+00
   1.5230438e+00
   1.5225899e+00
   1.5221362e+00
   1.5216826e+00
   1.5212293e+00
   1.5207761e+00
   1.5203232e+00
   1.5198704e+00
   1.5194178e+00
   1.5189654e+00
   1.5185132e+00
   1.5180612e+00
   1.5176094e+00
   1.5171578e+00
   1.5167064e+00
   1.5162551e+00
   1.5158041e+00
   1.5153532e+00
   1.5149025e+00
   1.5144520e+00
   1.5140017e+00
   1.5135516e+00
   1.5131017e+00
   1.5126520e+00
   1.5122025e+00
   1.5117531e+00
   1.5113039e+00
   1.5108550e+00
   1.5104062e+00
   1.5099576e+00
   1.5095092e+00
   1.5090610e+00
   1.5086129e+00
   1.5081651e+00
   1.5077174e+00
   1.5072699e+00
   1.5068227e+00
   1.5063756e+00
   1.5059287e+00
   1.5054819e+00
   1.5050354e+00
   1.5045890e+00
   1.5041429e+00
   1.5036969e+00
   1.5032511e+00
   1.5028055e+00
   1.5023601e+00
   1.5019148e+00
   1.5014698e+00
   1.5010249e+00
   1.5005802e+00
   1.5001357e+00
   1.4996914e+00
   1.4992473e+00
   1.4988033e+00
   1.4983595e+00
   1.4979160e+00
   1.4974726e+00
   1.4970294e+00
   1.4965863e+00
   1.4961435e+00
   1.4957008e+00
   1.4952583e+00
   1.4948160e+00
   1.4943739e+00
   1.4939320e+00
   1.4934902e+00
   1.4930487e+00
   1.4926073e+00
   1.4921661e+00
   1.4917250e+00
   1.4912842e+00
   1.4908435e+00
   1.4904031e+00
   1.4899628e+00
   1.4895226e+00
   1.4890827e+00
   1.4886429e+00
   1.4882034e+00
   1.4877640e+00
   1.4873248e+00
   1.4868857e+00
   1.4864469e+00
   1.4860082e+00
   1.4855697e+00
   1.4851314e+00
   1.4846932e+00
   1.4842553e+00
   1.4838175e+00
   1.4833799e+00
   1.4829425e+00
   1.4825052e+00
   1.4820682e+00
   1.4816313e+00
   1.4811946e+00
   1.4807580e+00
   1.4803217e+00
   1.4798855e+00
   1.4794495e+00
   1.4790137e+00
   1.4785780e+00
   1.4781426e+00
   1.4777073e+00
   1.4772722e+00
   1.4768372e+00
   1.4764025e+00
   1.4759679e+00
   1.4755335e+00
   1.4750992e+00
   1.4746652e+00
   1.4742313e+00
   1.4737976e+00
   1.4733640e+00
   1.4729307e+00
   1.4724975e+00
   1.4720645e+00
   1.4716317e+00
   1.4711990e+00
   1.4707665e+00
   1.4703342e+00
   1.4699021e+00
   1.4694701e+00
   1.4690384e+00
   1.4686068e+00
   1.4681753e+00
   1.4677441e+00
   1.4673130e+00
   1.4668820e+00
   1.4664513e+00
   1.4660207e+00
   1.4655903e+00
   1.4651601e+00
   1.4647301e+00
   1.4643002e+00
   1.4638705e+00
   1.4634409e+00
   1.4630116e+00
   1.4625824e+00
   1.4621534e+00
   1.4617245e+00
   1.4612959e+00
   1.4608674e+00
   1.4604390e+00
   1.4600109e+00
   1.4595829e+00
   1.4591550e+00
   1.4587274e+00
   1.4582999e+00
   1.4578726e+00
   1.4574455e+00
   1.4570185e+00
   1.4565917e+00
   1.4561651e+00
   1.4557386e+00
   1.4553123e+00
   1.4548862e+00
   1.4544603e+00
   1.4540345e+00
   1.4536089e+00
   1.4531834e+00
   1.4527582e+00
   1.4523331e+00
   1.4519081e+00
   1.4514834e+00
   1.4510588e+00
   1.4506343e+00
   1.4502101e+00
   1.4497860e+00
   1.4493621e+00
   1.4489383e+00
   1.4485147e+00
   1.4480913e+00
   1.4476680e+00
   1.4472449e+00
   1.4468220e+00
   1.4463993e+00
   1.4459767e+00
   1.4455543e+00
   1.4451320e+00
   1.4447099e+00
   1.4442880e+00
   1.4438662e+00
   1.4434447e+00
   1.4430232e+00
   1.4426020e+00
   1.4421809e+00
   1.4417600e+00
   1.4413392e+00
   1.4409186e+00
   1.4404982e+00
   1.4400779e+00
   1.4396578e+00
   1.4392379e+00
   1.4388181e+00
   1.4383985e+00
   1.4379790e+00
   1.4375598e+00
   1.4371406e+00
   1.4367217e+00
   1.4363029e+00
   1.4358843e+00
   1.4354658e+00
   1.4350475e+00
   1.4346294e+00
   1.4342114e+00
   1.4337936e+00
   1.4333760e+00
   1.4329585e+00
   1.4325412e+00
   1.4321240e+00
   1.4317070e+00
   1.4312902e+00
   1.4308735e+00
   1.4304570e+00
   1.4300407e+00
   1.4296245e+00
   1.4292085e+00
   1.4287926e+00
   1.4283769e+00
   1.4279614e+00
   1.4275460e+00
   1.4271308e+00
   1.4267157e+00
   1.4263009e+00
   1.4258861e+00
   1.4254716e+00
   1.4250571e+00
   1.4246429e+00
   1.4242288e+00
   1.4238149e+00
   1.4234011e+00
   1.4229875e+00
   1.4225741e+00
   1.4221608e+00
   1.4217476e+00
   1.4213347e+00
   1.4209219e+00
   1.4205092e+00
   1.4200967e+00
   1.4196844e+00
   1.4192722e+00
   1.4188602e+00
   1.4184483e+00
   1.4180366e+00
   1.4176251e+00
   1.4172137e+00
   1.4168025e+00
   1.4163914e+00
   1.4159805e+00
   1.4155698e+00
   1.4151592e+00
   1.4147488e+00
   1.4143385e+00
   1.4139284e+00
   1.4135184e+00
   1.4131086e+00
   1.4126989e+00
   1.4122895e+00
   1.4118801e+00
   1.4114709e+00
   1.4110619e+00
   1.4106531e+00
   1.4102444e+00
   1.4098358e+00
   1.4094274e+00
   1.4090192e+00
   1.4086111e+00
   1.4082032e+00
   1.4077954e+00
   1.4073878e+00
   1.4069803e+00
   1.4065730e+00
   1.4061659e+00
   1.4057589e+00
   1.4053520e+00
   1.4049453e+00
   1.4045388e+00
   1.4041324e+00
   1.4037262e+00
   1.4033201e+00
   1.4029142e+00
   1.4025085e+00
   1.4021029e+00
   1.4016974e+00
   1.4012921e+00
   1.4008870e+00
   1.4004820e+00
   1.4000772e+00
   1.3996725e+00
   1.3992679e+00
   1.3988636e+00
   1.3984593e+00
   1.3980553e+00
   1.3976514e+00
   1.3972476e+00
   1.3968440e+00
   1.3964405e+00
   1.3960372e+00
   1.3956341e+00
   1.3952311e+00
   1.3948282e+00
   1.3944255e+00
   1.3940230e+00
   1.3936206e+00
   1.3932183e+00
   1.3928162e+00
   1.3924143e+00
   1.3920125e+00
   1.3916109e+00
   1.3912094e+00
   1.3908081e+00
   1.3904069e+00
   1.3900059e+00
   1.3896050e+00
   1.3892042e+00
   1.3888037e+00
   1.3884032e+00
   1.3880030e+00
   1.3876028e+00
   1.3872028e+00
   1.3868030e+00
   1.3864033e+00
   1.3860038e+00
   1.3856044e+00
   1.3852052e+00
   1.3848061e+00
   1.3844072e+00
   1.3840084e+00
   1.3836098e+00
   1.3832113e+00
   1.3828130e+00
   1.3824148e+00
   1.3820167e+00
   1.3816188e+00
   1.3812211e+00
   1.3808235e+00
   1.3804261e+00
   1.3800288e+00
   1.3796316e+00
   1.3792346e+00
   1.3788378e+00
   1.3784411e+00
   1.3780445e+00
   1.3776481e+00
   1.3772518e+00
   1.3768557e+00
   1.3764598e+00
   1.3760639e+00
   1.3756683e+00
   1.3752727e+00
   1.3748774e+00
   1.3744821e+00
   1.3740871e+00
   1.3736921e+00
   1.3732973e+00
   1.3729027e+00
   1.3725082e+00
   1.3721138e+00
   1.3717196e+00
   1.3713256e+00
   1.3709317e+00
   1.3705379e+00
   1.3701443e+00
   1.3697508e+00
   1.3693574e+00
   1.3689643e+00
   1.3685712e+00
   1.3681783e+00
   1.3677856e+00
   1.3673930e+00
   1.3670005e+00
   1.3666082e+00
   1.3662160e+00
   1.3658240e+00
   1.3654321e+00
   1.3650404e+00
   1.3646488e+00
   1.3642573e+00
   1.3638660e+00
   1.3634749e+00
   1.3630838e+00
   1.3626930e+00
   1.3623022e+00
   1.3619117e+00
   1.3615212e+00
   1.3611309e+00
   1.3607408e+00
   1.3603507e+00
   1.3599609e+00
   1.3595712e+00
   1.3591816e+00
   1.3587921e+00
   1.3584028e+00
   1.3580137e+00
   1.3576247e+00
   1.3572358e+00
   1.3568471e+00
   1.3564585e+00
   1.3560700e+00
   1.3556817e+00
   1.3552936e+00
   1.3549056e+00
   1.3545177e+00
   1.3541299e+00
   1.3537424e+00
   1.3533549e+00
   1.3529676e+00
   1.3525804e+00
   1.3521934e+00
   1.3518065e+00
   1.3514198e+00
   1.3510332e+00
   1.3506467e+00
   1.3502604e+00
   1.3498742e+00
   1.3494882e+00
   1.3491023e+00
   1.3487165e+00
   1.3483309e+00
   1.3479454e+00
   1.3475601e+00
   1.3471749e+00
   1.3467898e+00
   1.3464049e+00
   1.3460201e+00
   1.3456355e+00
   1.3452510e+00
   1.3448666e+00
   1.3444824e+00
   1.3440983e+00
   1.3437144e+00
   1.3433305e+00
   1.3429469e+00
   1.3425634e+00
   1.3421800e+00
   1.3417967e+00
   1.3414136e+00
   1.3410306e+00
   1.3406478e+00
   1.3402651e+00
   1.3398826e+00
   1.3395001e+00
   1.3391179e+00
   1.3387357e+00
   1.3383537e+00
   1.3379718e+00
   1.3375901e+00
   1.3372085e+00
   1.3368271e+00
   1.3364458e+00
   1.3360646e+00
   1.3356835e+00
   1.3353026e+00
   1.3349219e+00
   1.3345412e+00
   1.3341608e+00
   1.3337804e+00
   1.3334002e+00
   1.3330201e+00
   1.3326402e+00
   1.3322603e+00
   1.3318807e+00
   1.3315011e+00
   1.3311217e+00
   1.3307425e+00
   1.3303633e+00
   1.3299844e+00
   1.3296055e+00
   1.3292268e+00
   1.3288482e+00
   1.3284697e+00
   1.3280914e+00
   1.3277133e+00
   1.3273352e+00
   1.3269573e+00
   1.3265795e+00
   1.3262019e+00
   1.3258244e+00
   1.3254470e+00
   1.3250698e+00
   1.3246927e+00
   1.3243157e+00
   1.3239389e+00
   1.3235622e+00
   1.3231857e+00
   1.3228092e+00
   1.3224329e+00
   1.3220568e+00
   1.3216808e+00
   1.3213049e+00
   1.3209291e+00
   1.3205535e+00
   1.3201780e+00
   1.3198027e+00
   1.3194274e+00
   1.3190524e+00
   1.3186774e+00
   1.3183026e+00
   1.3179279e+00
   1.3175534e+00
   1.3171789e+00
   1.3168046e+00
   1.3164305e+00
   1.3160565e+00
   1.3156826e+00
   1.3153088e+00
   1.3149352e+00
   1.3145617e+00
   1.3141884e+00
   1.3138151e+00
   1.3134420e+00
   1.3130691e+00
   1.3126963e+00
   1.3123236e+00
   1.3119510e+00
   1.3115786e+00
   1.3112063e+00
   1.3108341e+00
   1.3104621e+00
   1.3100902e+00
   1.3097184e+00
   1.3093467e+00
   1.3089752e+00
   1.3086038e+00
   1.3082326e+00
   1.3078615e+00
   1.3074905e+00
   1.3071196e+00
   1.3067489e+00
   1.3063783e+00
   1.3060078e+00
   1.3056375e+00
   1.3052673e+00
   1.3048972e+00
   1.3045273e+00
   1.3041575e+00
   1.3037878e+00
   1.3034182e+00
   1.3030488e+00
   1.3026795e+00
   1.3023104e+00
   1.3019413e+00
   1.3015724e+00
   1.3012036e+00
   1.3008350e+00
   1.3004665e+00
   1.3000981e+00
   1.2997298e+00
   1.2993617e+00
   1.2989937e+00
   1.2986259e+00
   1.2982581e+00
   1.2978905e+00
   1.2975230e+00
   1.2971557e+00
   1.2967884e+00
   1.2964213e+00
   1.2960544e+00
   1.2956875e+00
   1.2953208e+00
   1.2949542e+00
   1.2945878e+00
   1.2942215e+00
   1.2938553e+00
   1.2934892e+00
   1.2931232e+00
   1.2927574e+00
   1.2923917e+00
   1.2920262e+00
   1.2916608e+00
   1.2912954e+00
   1.2909303e+00
   1.2905652e+00
   1.2902003e+00
   1.2898355e+00
   1.2894708e+00
   1.2891063e+00
   1.2887419e+00
   1.2883776e+00
   1.2880134e+00
   1.2876494e+00
   1.2872855e+00
   1.2869217e+00
   1.2865580e+00
   1.2861945e+00
   1.2858311e+00
   1.2854678e+00
   1.2851047e+00
   1.2847417e+00
   1.2843788e+00
   1.2840160e+00
   1.2836534e+00
   1.2832908e+00
   1.2829284e+00
   1.2825662e+00
   1.2822040e+00
   1.2818420e+00
   1.2814801e+00
   1.2811184e+00
   1.2807567e+00
   1.2803952e+00
   1.2800338e+00
   1.2796725e+00
   1.2793114e+00
   1.2789504e+00
   1.2785895e+00
   1.2782287e+00
   1.2778681e+00
   1.2775076e+00
   1.2771472e+00
   1.2767869e+00
   1.2764268e+00
   1.2760667e+00
   1.2757068e+00
   1.2753471e+00
   1.2749874e+00
   1.2746279e+00
   1.2742685e+00
   1.2739092e+00
   1.2735501e+00
   1.2731911e+00
   1.2728322e+00
   1.2724734e+00
   1.2721147e+00
   1.2717562e+00
   1.2713978e+00
   1.2710395e+00
   1.2706813e+00
   1.2703233e+00
   1.2699654e+00
   1.2696076e+00
   1.2692499e+00
   1.2688924e+00
   1.2685349e+00
   1.2681776e+00
   1.2678204e+00
   1.2674634e+00
   1.2671065e+00
   1.2667496e+00
   1.2663929e+00
   1.2660364e+00
   1.2656799e+00
   1.2653236e+00
   1.2649674e+00
   1.2646113e+00
   1.2642554e+00
   1.2638995e+00
   1.2635438e+00
   1.2631882e+00
   1.2628328e+00
   1.2624774e+00
   1.2621222e+00
   1.2617671e+00
   1.2614121e+00
   1.2610572e+00
   1.2607025e+00
   1.2603479e+00
   1.2599934e+00
   1.2596390e+00
   1.2592847e+00
   1.2589306e+00
   1.2585766e+00
   1.2582227e+00
   1.2578689e+00
   1.2575153e+00
   1.2571617e+00
   1.2568083e+00
   1.2564550e+00
   1.2561019e+00
   1.2557488e+00
   1.2553959e+00
   1.2550431e+00
   1.2546904e+00
   1.2543378e+00
   1.2539853e+00
   1.2536330e+00
   1.2532808e+00
   1.2529287e+00
   1.2525767e+00
   1.2522249e+00
   1.2518732e+00
   1.2515215e+00
   1.2511700e+00
   1.2508187e+00
   1.2504674e+00
   1.2501163e+00
   1.2497653e+00
   1.2494144e+00
   1.2490636e+00
   1.2487129e+00
   1.2483624e+00
   1.2480120e+00
   1.2476617e+00
   1.2473115e+00
   1.2469614e+00
   1.2466115e+00
   1.2462616e+00
   1.2459119e+00
   1.2455623e+00
   1.2452129e+00
   1.2448635e+00
   1.2445143e+00
   1.2441651e+00
   1.2438161e+00
   1.2434672e+00
   1.2431185e+00
   1.2427698e+00
   1.2424213e+00
   1.2420729e+00
   1.2417246e+00
   1.2413764e+00
   1.2410284e+00
   1.2406804e+00
   1.2403326e+00
   1.2399849e+00
   1.2396373e+00
   1.2392898e+00
   1.2389425e+00
   1.2385952e+00
   1.2382481e+00
   1.2379011e+00
   1.2375542e+00
   1.2372074e+00
   1.2368608e+00
   1.2365142e+00
   1.2361678e+00
   1.2358215e+00
   1.2354753e+00
   1.2351292e+00
   1.2347833e+00
   1.2344374e+00
   1.2340917e+00
   1.2337461e+00
   1.2334006e+00
   1.2330552e+00
   1.2327100e+00
   1.2323648e+00
   1.2320198e+00
   1.2316749e+00
   1.2313301e+00
   1.2309854e+00
   1.2306408e+00
   1.2302964e+00
   1.2299520e+00
   1.2296078e+00
   1.2292637e+00
   1.2289197e+00
   1.2285758e+00
   1.2282321e+00
   1.2278884e+00
   1.2275449e+00
   1.2272015e+00
   1.2268582e+00
   1.2265150e+00
   1.2261719e+00
   1.2258290e+00
   1.2254861e+00
   1.2251434e+00
   1.2248008e+00
   1.2244583e+00
   1.2241159e+00
   1.2237736e+00
   1.2234315e+00
   1.2230894e+00
   1.2227475e+00
   1.2224057e+00
   1.2220640e+00
   1.2217224e+00
   1.2213809e+00
   1.2210396e+00
   1.2206983e+00
   1.2203572e+00
   1.2200162e+00
   1.2196753e+00
   1.2193345e+00
   1.2189938e+00
   1.2186533e+00
   1.2183128e+00
   1.2179725e+00
   1.2176322e+00
   1.2172921e+00
   1.2169521e+00
   1.2166123e+00
   1.2162725e+00
   1.2159328e+00
   1.2155933e+00
   1.2152538e+00
   1.2149145e+00
   1.2145753e+00
   1.2142362e+00
   1.2138972e+00
   1.2135584e+00
   1.2132196e+00
   1.2128810e+00
   1.2125424e+00
   1.2122040e+00
   1.2118657e+00
   1.2115275e+00
   1.2111894e+00
   1.2108514e+00
   1.2105136e+00
   1.2101758e+00
   1.2098382e+00
   1.2095007e+00
   1.2091632e+00
   1.2088259e+00
   1.2084888e+00
   1.2081517e+00
   1.2078147e+00
   1.2074778e+00
   1.2071411e+00
   1.2068045e+00
   1.2064679e+00
   1.2061315e+00
   1.2057952e+00
   1.2054590e+00
   1.2051230e+00
   1.2047870e+00
   1.2044511e+00
   1.2041154e+00
   1.2037798e+00
   1.2034442e+00
   1.2031088e+00
   1.2027735e+00
   1.2024383e+00
   1.2021032e+00
   1.2017683e+00
   1.2014334e+00
   1.2010986e+00
   1.2007640e+00
   1.2004295e+00
   1.2000950e+00
   1.1997607e+00
   1.1994265e+00
   1.1990924e+00
   1.1987585e+00
   1.1984246e+00
   1.1980908e+00
   1.1977572e+00
   1.1974236e+00
   1.1970902e+00
   1.1967569e+00
   1.1964236e+00
   1.1960905e+00
   1.1957575e+00
   1.1954247e+00
   1.1950919e+00
   1.1947592e+00
   1.1944267e+00
   1.1940942e+00
   1.1937619e+00
   1.1934296e+00
   1.1930975e+00
   1.1927655e+00
   1.1924336e+00
   1.1921018e+00
   1.1917701e+00
   1.1914385e+00
   1.1911070e+00
   1.1907757e+00
   1.1904444e+00
   1.1901133e+00
   1.1897822e+00
   1.1894513e+00
   1.1891205e+00
   1.1887898e+00
   1.1884592e+00
   1.1881287e+00
   1.1877983e+00
   1.1874680e+00
   1.1871378e+00
   1.1868078e+00
   1.1864778e+00
   1.1861479e+00
   1.1858182e+00
   1.1854886e+00
   1.1851590e+00
   1.1848296e+00
   1.1845003e+00
   1.1841711e+00
   1.1838420e+00
   1.1835130e+00
   1.1831841e+00
   1.1828553e+00
   1.1825267e+00
   1.1821981e+00
   1.1818697e+00
   1.1815413e+00
   1.1812131e+00
   1.1808849e+00
   1.1805569e+00
   1.1802290e+00
   1.1799012e+00
   1.1795735e+00
   1.1792459e+00
   1.1789184e+00
   1.1785910e+00
   1.1782637e+00
   1.1779365e+00
   1.1776094e+00
   1.1772825e+00
   1.1769556e+00
   1.1766289e+00
   1.1763022e+00
   1.1759757e+00
   1.1756492e+00
   1.1753229e+00
   1.1749967e+00
   1.1746706e+00
   1.1743446e+00
   1.1740187e+00
   1.1736929e+00
   1.1733672e+00
   1.1730416e+00
   1.1727161e+00
   1.1723907e+00
   1.1720655e+00
   1.1717403e+00
   1.1714152e+00
   1.1710903e+00
   1.1707654e+00
   1.1704407e+00
   1.1701160e+00
   1.1697915e+00
   1.1694671e+00
   1.1691427e+00
   1.1688185e+00
   1.1684944e+00
   1.1681704e+00
   1.1678465e+00
   1.1675227e+00
   1.1671990e+00
   1.1668754e+00
   1.1665519e+00
   1.1662285e+00
   1.1659052e+00
   1.1655821e+00
   1.1652590e+00
   1.1649360e+00
   1.1646132e+00
   1.1642904e+00
   1.1639677e+00
   1.1636452e+00
   1.1633227e+00
   1.1630004e+00
   1.1626782e+00
   1.1623560e+00
   1.1620340e+00
   1.1617121e+00
   1.1613902e+00
   1.1610685e+00
   1.1607469e+00
   1.1604254e+00
   1.1601040e+00
   1.1597827e+00
   1.1594615e+00
   1.1591404e+00
   1.1588194e+00
   1.1584985e+00
   1.1581777e+00
   1.1578570e+00
   1.1575364e+00
   1.1572159e+00
   1.1568956e+00
   1.1565753e+00
   1.1562551e+00
   1.1559350e+00
   1.1556151e+00
   1.1552952e+00
   1.1549754e+00
   1.1546558e+00
   1.1543362e+00
   1.1540168e+00
   1.1536974e+00
   1.1533782e+00
   1.1530590e+00
   1.1527400e+00
   1.1524210e+00
   1.1521022e+00
   1.1517834e+00
   1.1514648e+00
   1.1511463e+00
   1.1508278e+00
   1.1505095e+00
   1.1501913e+00
   1.1498731e+00
   1.1495551e+00
   1.1492372e+00
   1.1489194e+00
   1.1486017e+00
   1.1482840e+00
   1.1479665e+00
   1.1476491e+00
   1.1473318e+00
   1.1470146e+00
   1.1466975e+00
   1.1463804e+00
   1.1460635e+00
   1.1457467e+00
   1.1454300e+00
   1.1451134e+00
   1.1447969e+00
   1.1444805e+00
   1.1441642e+00
   1.1438480e+00
   1.1435319e+00
   1.1432159e+00
   1.1429000e+00
   1.1425842e+00
   1.1422685e+00
   1.1419529e+00
   1.1416374e+00
   1.1413220e+00
   1.1410067e+00
   1.1406915e+00
   1.1403764e+00
   1.1400614e+00
   1.1397465e+00
   1.1394317e+00
   1.1391170e+00
   1.1388024e+00
   1.1384879e+00
   1.1381735e+00
   1.1378592e+00
   1.1375451e+00
   1.1372310e+00
   1.1369170e+00
   1.1366031e+00
   1.1362893e+00
   1.1359756e+00
   1.1356620e+00
   1.1353485e+00
   1.1350351e+00
   1.1347218e+00
   1.1344086e+00
   1.1340955e+00
   1.1337825e+00
   1.1334696e+00
   1.1331568e+00
   1.1328441e+00
   1.1325315e+00
   1.1322190e+00
   1.1319066e+00
   1.1315943e+00
   1.1312820e+00
   1.1309699e+00
   1.1306579e+00
   1.1303460e+00
