   6.3040258e-01
   6.3009128e-01
   6.2978015e-01
   6.2946918e-01
   6.2915836e-01
   6.2884771e-01
   6.2853722e-01
   6.2822689e-01
   6.2791672e-01
   6.2760671e-01
   6.2729686e-01
   6.2698718e-01
   6.2667765e-01
   6.2636828e-01
   6.2605907e-01
   6.2575003e-01
   6.2544114e-01
   6.2513241e-01
   6.2482384e-01
   6.2451543e-01
   6.2420719e-01
   6.2389910e-01
   6.2359117e-01
   6.2328340e-01
   6.2297578e-01
   6.2266833e-01
   6.2236104e-01
   6.2205390e-01
   6.2174693e-01
   6.2144011e-01
   6.2113345e-01
   6.2082695e-01
   6.2052061e-01
   6.2021443e-01
   6.1990840e-01
   6.1960254e-01
   6.1929683e-01
   6.1899128e-01
   6.1868588e-01
   6.1838065e-01
   6.1807557e-01
   6.1777065e-01
   6.1746589e-01
   6.1716128e-01
   6.1685684e-01
   6.1655254e-01
   6.1624841e-01
   6.1594444e-01
   6.1564062e-01
   6.1533695e-01
   6.1503345e-01
   6.1473010e-01
   6.1442691e-01
   6.1412387e-01
   6.1382099e-01
   6.1351827e-01
   6.1321570e-01
   6.1291329e-01
   6.1261104e-01
   6.1230894e-01
   6.1200699e-01
   6.1170521e-01
   6.1140358e-01
   6.1110210e-01
   6.1080078e-01
   6.1049962e-01
   6.1019861e-01
   6.0989775e-01
   6.0959705e-01
   6.0929651e-01
   6.0899612e-01
   6.0869589e-01
   6.0839581e-01
   6.0809588e-01
   6.0779611e-01
   6.0749650e-01
   6.0719703e-01
   6.0689773e-01
   6.0659857e-01
   6.0629958e-01
   6.0600073e-01
   6.0570204e-01
   6.0540351e-01
   6.0510512e-01
   6.0480689e-01
   6.0450882e-01
   6.0421090e-01
   6.0391313e-01
   6.0361551e-01
   6.0331805e-01
   6.0302074e-01
   6.0272359e-01
   6.0242659e-01
   6.0212974e-01
   6.0183304e-01
   6.0153650e-01
   6.0124011e-01
   6.0094387e-01
   6.0064778e-01
   6.0035185e-01
   6.0005607e-01
   5.9976752e-01
   6.6976196e-01
   7.3568363e-01
   7.9779193e-01
   8.5631323e-01
   9.1145389e-01
   9.6340219e-01
   1.0123297e+00
   1.0583939e+00
   1.1017393e+00
   1.1424988e+00
   1.1807958e+00
   1.2167450e+00
   1.2504547e+00
   1.2820281e+00
   1.3115659e+00
   1.3391667e+00
   1.3649297e+00
   1.3889551e+00
   1.4113459e+00
   1.4322086e+00
   1.4516506e+00
   1.4697766e+00
   1.4866766e+00
   1.5024009e+00
   1.5168996e+00
   1.5298610e+00
   1.5402767e+00
   1.5450966e+00
   1.5346828e+00
   1.4760609e+00
   1.2532821e+00
   6.5948286e-01
   3.1468614e-01
   2.2217634e-01
   1.9294362e-01
   1.8212848e-01
   1.7877102e-01
   1.7875904e-01
   1.8031497e-01
   1.8272787e-01
   1.8571560e-01
   1.8915133e-01
   1.9296267e-01
   1.9709681e-01
   2.0150894e-01
   2.0615864e-01
   2.1100877e-01
   2.1602520e-01
   2.2117652e-01
   2.2643415e-01
   2.3921144e-01
   2.5244354e-01
   2.6609412e-01
   2.7957352e-01
   2.9286238e-01
   3.0594314e-01
   3.1879988e-01
   3.3141811e-01
   3.4378479e-01
   3.5588819e-01
   3.6771778e-01
   3.7926437e-01
   3.9052002e-01
   4.0147809e-01
   4.1213302e-01
   4.2248050e-01
   4.3251742e-01
   4.4224175e-01
   4.5165245e-01
   4.6074970e-01
   4.6953448e-01
   4.7800869e-01
   4.8617512e-01
   4.9403728e-01
   5.0159946e-01
   5.0886662e-01
   5.1584421e-01
   5.2253808e-01
   5.2895475e-01
   5.3510090e-01
   5.4098372e-01
   5.4661046e-01
   5.5198884e-01
   5.5712648e-01
   5.6203122e-01
   5.6671095e-01
   5.7117364e-01
   5.7542723e-01
   5.7947956e-01
   5.8333842e-01
   5.8701159e-01
   5.9050673e-01
   5.9383125e-01
   5.9699259e-01
   5.9999786e-01
   6.0285410e-01
   6.0556823e-01
   6.0814683e-01
   6.1059639e-01
   6.1292309e-01
   6.1513309e-01
   6.1723209e-01
   6.1922589e-01
   6.2111989e-01
   6.2291939e-01
   6.2462934e-01
   6.2625469e-01
   6.2780006e-01
   6.2926986e-01
   6.3066850e-01
   6.3200002e-01
   6.3326832e-01
   6.3447716e-01
   6.3563018e-01
   6.3673075e-01
   6.3778220e-01
   6.3878759e-01
   6.3974994e-01
   6.4067207e-01
   6.4155669e-01
   6.4240643e-01
   6.4322374e-01
   6.4401083e-01
   6.4477001e-01
   6.4550339e-01
   6.4621293e-01
   6.4690053e-01
   6.4756801e-01
   6.4821708e-01
   6.4884934e-01
   6.4946633e-01
   6.5006953e-01
   6.5066026e-01
   6.5123980e-01
   6.5180951e-01
   6.5237051e-01
   6.5292397e-01
   6.5347076e-01
   6.5401196e-01
   6.5454850e-01
   6.5508127e-01
   6.5561111e-01
   6.5613880e-01
   6.5666501e-01
   6.5719062e-01
   6.5771607e-01
   6.5824201e-01
   6.5876919e-01
   6.5929801e-01
   6.5982903e-01
   6.6036275e-01
   6.6089973e-01
   6.6144035e-01
   6.6198487e-01
   6.6253376e-01
   6.6308736e-01
   6.6364608e-01
   6.6421021e-01
   6.6478001e-01
   6.6535576e-01
   6.6593773e-01
   6.6652618e-01
   6.6712132e-01
   6.6772331e-01
   6.6833253e-01
   6.6894897e-01
   6.6957285e-01
   6.7020441e-01
   6.7084371e-01
   6.7149100e-01
   6.7214630e-01
   6.7280986e-01
   6.7348168e-01
   6.7416197e-01
   6.7485072e-01
   6.7554814e-01
   6.7625425e-01
   6.7696916e-01
   6.7769295e-01
   6.7842569e-01
   6.7916749e-01
   6.7991832e-01
   6.8067829e-01
   6.8144747e-01
   6.8222587e-01
   6.8301353e-01
   6.8381059e-01
   6.8461704e-01
   6.8543294e-01
   6.8625829e-01
   6.8709318e-01
   6.8793757e-01
   6.8879153e-01
   6.8965517e-01
   6.9052848e-01
   6.9141140e-01
   6.9230400e-01
   6.9320643e-01
   6.9411867e-01
   6.9504072e-01
   6.9597256e-01
   6.9691431e-01
   6.9786599e-01
   6.9882752e-01
   6.9979901e-01
   7.0078050e-01
   7.0177206e-01
   7.0277369e-01
   7.0378543e-01
   7.0480731e-01
   7.0583935e-01
   7.0688160e-01
   7.0793410e-01
   7.0899687e-01
   7.1006997e-01
   7.1115341e-01
   7.1224726e-01
   7.1335158e-01
   7.1446637e-01
   7.1559171e-01
   7.1672767e-01
   7.1787428e-01
   7.1903160e-01
   7.2019967e-01
   7.2137850e-01
   7.2256817e-01
   7.2376883e-01
   7.2498043e-01
   7.2620305e-01
   7.2743679e-01
   7.2868167e-01
   7.2993776e-01
   7.3120516e-01
   7.3248389e-01
   7.3377406e-01
   7.3507575e-01
   7.3638903e-01
   7.3771390e-01
   7.3905049e-01
   7.4039889e-01
   7.4175907e-01
   7.4313112e-01
   7.4451515e-01
   7.4591123e-01
   7.4731940e-01
   7.4873974e-01
   7.5017233e-01
   7.5161718e-01
   7.5307438e-01
   7.5454398e-01
   7.5602606e-01
   7.5752059e-01
   7.5902758e-01
   7.6054720e-01
   7.6207935e-01
   7.6362410e-01
   7.6518143e-01
   7.6675138e-01
   7.6833389e-01
   7.6992890e-01
   7.7153648e-01
   7.7315656e-01
   7.7478906e-01
   7.7643385e-01
   7.7809094e-01
   7.7976018e-01
   7.8144149e-01
   7.8313479e-01
   7.8483987e-01
   7.8655649e-01
   7.8828457e-01
   7.9002384e-01
   7.9177413e-01
   7.9353514e-01
   7.9530666e-01
   7.9708836e-01
   7.9887997e-01
   8.0068115e-01
   8.0249156e-01
   8.0431080e-01
   8.0613857e-01
   8.0797444e-01
   8.0981794e-01
   8.1166873e-01
   8.1352637e-01
   8.1539040e-01
   8.1726037e-01
   8.1913574e-01
   8.2101598e-01
   8.2290073e-01
   8.2478944e-01
   8.2668163e-01
   8.2857681e-01
   8.3047446e-01
   8.3237410e-01
   8.3427523e-01
   8.3617739e-01
   8.3808006e-01
   8.3998284e-01
   8.4188521e-01
   8.4378668e-01
   8.4568694e-01
   8.4758545e-01
   8.4948192e-01
   8.5137585e-01
   8.5326702e-01
   8.5515494e-01
   8.5703938e-01
   8.5891989e-01
   8.6079631e-01
   8.6266832e-01
   8.6453554e-01
   8.6639783e-01
   8.6825486e-01
   8.7010657e-01
   8.7195262e-01
   8.7379296e-01
   8.7562732e-01
   8.7745567e-01
   8.7927772e-01
   8.8109341e-01
   8.8290273e-01
   8.8470547e-01
   8.8650163e-01
   8.8829105e-01
   8.9007380e-01
   8.9184976e-01
   8.9361886e-01
   8.9538110e-01
   8.9713658e-01
   8.9888517e-01
   9.0062684e-01
   9.0236165e-01
   9.0408961e-01
   9.0581075e-01
   9.0752506e-01
   9.0923256e-01
   9.1093334e-01
   9.1262743e-01
   9.1431492e-01
   9.1599574e-01
   9.1766997e-01
   9.1933764e-01
   9.2099891e-01
   9.2265377e-01
   9.2430230e-01
   9.2594448e-01
   9.2758048e-01
   9.2921030e-01
   9.3083407e-01
   9.3245183e-01
   9.3406361e-01
   9.3566941e-01
   9.3726943e-01
   9.3886364e-01
   9.4045210e-01
   9.4203500e-01
   9.4361231e-01
   9.4518414e-01
   9.4675053e-01
   9.4831152e-01
   9.4986719e-01
   9.5141762e-01
   9.5296277e-01
   9.5450286e-01
   9.5603786e-01
   9.5756789e-01
   9.5909297e-01
   9.6061322e-01
   9.6212857e-01
   9.6363919e-01
   9.6514511e-01
   9.6664640e-01
   9.6814310e-01
   9.6963524e-01
   9.7112282e-01
   9.7260606e-01
   9.7408486e-01
   9.7555938e-01
   9.7702960e-01
   9.7849564e-01
   9.7995747e-01
   9.8141516e-01
   9.8286885e-01
   9.8431846e-01
   9.8576402e-01
   9.8720569e-01
   9.8864346e-01
   9.9007739e-01
   9.9150750e-01
   9.9293379e-01
   9.9435643e-01
   9.9577538e-01
   9.9719069e-01
   9.9860239e-01
   1.0000105e+00
   1.0014151e+00
   1.0028163e+00
   1.0042139e+00
   1.0056081e+00
   1.0069991e+00
   1.0083867e+00
   1.0097710e+00
   1.0111520e+00
   1.0125298e+00
   1.0139044e+00
   1.0152758e+00
   1.0166442e+00
   1.0180094e+00
   1.0193716e+00
   1.0207307e+00
   1.0220869e+00
   1.0234400e+00
   1.0247902e+00
   1.0261375e+00
   1.0274820e+00
   1.0288235e+00
   1.0301622e+00
   1.0314981e+00
   1.0328313e+00
   1.0341618e+00
   1.0354895e+00
   1.0368146e+00
   1.0381370e+00
   1.0394568e+00
   1.0407741e+00
   1.0420888e+00
   1.0434009e+00
   1.0447105e+00
   1.0460176e+00
   1.0473223e+00
   1.0486245e+00
   1.0499242e+00
   1.0512216e+00
   1.0525166e+00
   1.0538092e+00
   1.0550995e+00
   1.0563875e+00
   1.0576733e+00
   1.0589567e+00
   1.0602380e+00
   1.0615170e+00
   1.0627938e+00
   1.0640684e+00
   1.0653409e+00
   1.0666112e+00
   1.0678795e+00
   1.0691457e+00
   1.0704098e+00
   1.0716719e+00
   1.0729319e+00
   1.0741899e+00
   1.0754460e+00
   1.0767001e+00
   1.0779522e+00
   1.0792024e+00
   1.0804507e+00
   1.0816971e+00
   1.0829416e+00
   1.0841843e+00
   1.0854252e+00
   1.0866642e+00
   1.0879015e+00
   1.0891369e+00
   1.0903705e+00
   1.0916025e+00
   1.0928327e+00
   1.0940611e+00
   1.0952879e+00
   1.0965130e+00
   1.0977364e+00
   1.0989581e+00
   1.1001783e+00
   1.1013968e+00
   1.1026136e+00
   1.1038289e+00
   1.1050426e+00
   1.1062547e+00
   1.1074653e+00
   1.1086744e+00
   1.1098819e+00
   1.1110879e+00
   1.1122925e+00
   1.1134956e+00
   1.1146972e+00
   1.1158973e+00
   1.1170960e+00
   1.1182933e+00
   1.1194892e+00
   1.1206837e+00
   1.1218768e+00
   1.1230685e+00
   1.1242589e+00
   1.1254480e+00
   1.1266357e+00
   1.1278220e+00
   1.1290071e+00
   1.1301908e+00
   1.1313733e+00
   1.1325545e+00
   1.1337344e+00
   1.1349131e+00
   1.1360905e+00
   1.1372668e+00
   1.1384416e+00
   1.1396153e+00
   1.1407879e+00
   1.1419592e+00
   1.1431294e+00
   1.1442984e+00
   1.1454663e+00
   1.1466330e+00
   1.1477985e+00
   1.1489630e+00
   1.1501261e+00
   1.1512883e+00
   1.1524494e+00
   1.1536094e+00
   1.1547683e+00
   1.1559261e+00
   1.1570828e+00
   1.1582385e+00
   1.1593932e+00
   1.1605468e+00
   1.1616993e+00
   1.1628509e+00
   1.1640014e+00
   1.1651510e+00
   1.1662995e+00
   1.1674470e+00
   1.1685936e+00
   1.1697392e+00
   1.1708838e+00
   1.1720275e+00
   1.1731702e+00
   1.1743120e+00
   1.1754528e+00
   1.1765928e+00
   1.1777318e+00
   1.1788698e+00
   1.1800070e+00
   1.1811432e+00
   1.1822786e+00
   1.1834131e+00
   1.1845467e+00
   1.1856794e+00
   1.1868113e+00
   1.1879424e+00
   1.1890725e+00
   1.1902019e+00
   1.1913304e+00
   1.1924580e+00
   1.1935849e+00
   1.1947108e+00
   1.1958359e+00
   1.1969603e+00
   1.1980838e+00
   1.1992065e+00
   1.2003285e+00
   1.2014496e+00
   1.2025700e+00
   1.2036897e+00
   1.2048085e+00
   1.2059266e+00
   1.2070438e+00
   1.2081604e+00
   1.2092762e+00
   1.2103912e+00
   1.2115055e+00
   1.2126191e+00
   1.2137320e+00
   1.2148442e+00
   1.2159556e+00
   1.2170663e+00
   1.2181763e+00
   1.2192855e+00
   1.2203941e+00
   1.2215021e+00
   1.2226093e+00
   1.2237159e+00
   1.2248217e+00
   1.2259269e+00
   1.2270313e+00
   1.2281351e+00
   1.2292383e+00
   1.2303407e+00
   1.2314425e+00
   1.2325437e+00
   1.2336442e+00
   1.2347440e+00
   1.2358433e+00
   1.2369419e+00
   1.2380398e+00
   1.2391372e+00
   1.2402339e+00
   1.2413300e+00
   1.2424255e+00
   1.2435204e+00
   1.2446147e+00
   1.2457083e+00
   1.2468013e+00
   1.2478937e+00
   1.2489856e+00
   1.2500769e+00
   1.2511676e+00
   1.2522577e+00
   1.2533471e+00
   1.2544361e+00
   1.2555244e+00
   1.2566122e+00
   1.2576994e+00
   1.2587860e+00
   1.2598721e+00
   1.2609576e+00
   1.2620426e+00
   1.2631270e+00
   1.2642108e+00
   1.2652941e+00
   1.2663769e+00
   1.2674592e+00
   1.2685409e+00
   1.2696221e+00
   1.2707027e+00
   1.2717828e+00
   1.2728624e+00
   1.2739414e+00
   1.2750200e+00
   1.2760980e+00
   1.2771755e+00
   1.2782525e+00
   1.2793290e+00
   1.2804050e+00
   1.2814805e+00
   1.2825555e+00
   1.2836300e+00
   1.2847040e+00
   1.2857775e+00
   1.2868505e+00
   1.2879231e+00
   1.2889951e+00
   1.2900667e+00
   1.2911377e+00
   1.2922083e+00
   1.2932784e+00
   1.2943481e+00
   1.2954172e+00
   1.2964860e+00
   1.2975543e+00
   1.2986220e+00
   1.2996894e+00
   1.3007563e+00
   1.3018226e+00
   1.3028886e+00
   1.3039541e+00
   1.3050192e+00
   1.3060838e+00
   1.3071480e+00
   1.3082117e+00
   1.3092749e+00
   1.3103378e+00
   1.3114002e+00
   1.3124622e+00
   1.3135236e+00
   1.3145848e+00
   1.3156455e+00
   1.3167058e+00
   1.3177656e+00
   1.3188249e+00
   1.3198839e+00
   1.3209425e+00
   1.3220007e+00
   1.3230585e+00
   1.3241158e+00
   1.3251727e+00
   1.3262291e+00
   1.3272853e+00
   1.3283410e+00
   1.3293964e+00
   1.3304513e+00
   1.3315059e+00
   1.3325600e+00
   1.3336137e+00
   1.3346670e+00
   1.3357200e+00
   1.3367725e+00
   1.3378247e+00
   1.3388764e+00
   1.3399278e+00
   1.3409788e+00
   1.3420295e+00
   1.3430797e+00
   1.3441296e+00
   1.3451791e+00
   1.3462283e+00
   1.3472771e+00
   1.3483255e+00
   1.3493736e+00
   1.3504214e+00
   1.3514686e+00
   1.3525155e+00
   1.3535621e+00
   1.3546083e+00
   1.3556542e+00
   1.3566997e+00
   1.3577449e+00
   1.3587896e+00
   1.3598341e+00
   1.3608782e+00
   1.3619220e+00
   1.3629655e+00
   1.3640087e+00
   1.3650514e+00
   1.3660938e+00
   1.3671359e+00
   1.3681776e+00
   1.3692190e+00
   1.3702601e+00
   1.3713008e+00
   1.3723412e+00
   1.3733812e+00
   1.3744210e+00
   1.3754603e+00
   1.3764994e+00
   1.3775381e+00
   1.3785765e+00
   1.3796146e+00
   1.3806525e+00
   1.3816900e+00
   1.3827273e+00
   1.3837640e+00
   1.3848005e+00
   1.3858368e+00
   1.3868727e+00
   1.3879083e+00
   1.3889437e+00
   1.3899787e+00
   1.3910135e+00
   1.3920478e+00
   1.3930820e+00
   1.3941158e+00
   1.3951492e+00
   1.3961823e+00
   1.3972153e+00
   1.3982479e+00
   1.3992802e+00
   1.4003122e+00
   1.4013440e+00
   1.4023755e+00
   1.4034066e+00
   1.4044375e+00
   1.4054681e+00
   1.4064984e+00
   1.4075284e+00
   1.4085582e+00
   1.4095877e+00
   1.4106169e+00
   1.4116457e+00
   1.4126744e+00
   1.4137027e+00
   1.4147309e+00
   1.4157586e+00
   1.4167861e+00
   1.4178135e+00
   1.4188405e+00
   1.4198673e+00
   1.4208936e+00
   1.4219198e+00
   1.4229458e+00
   1.4239715e+00
   1.4249969e+00
   1.4260220e+00
   1.4270470e+00
   1.4280716e+00
   1.4290961e+00
   1.4301201e+00
   1.4311440e+00
   1.4321677e+00
   1.4331911e+00
   1.4342142e+00
   1.4352371e+00
   1.4362596e+00
   1.4372820e+00
   1.4383042e+00
   1.4393261e+00
   1.4403477e+00
   1.4413691e+00
   1.4423903e+00
   1.4434112e+00
   1.4444319e+00
   1.4454524e+00
   1.4464725e+00
   1.4474925e+00
   1.4485122e+00
   1.4495318e+00
   1.4505511e+00
   1.4515702e+00
   1.4525890e+00
   1.4536077e+00
   1.4546261e+00
   1.4556443e+00
   1.4566622e+00
   1.4576800e+00
   1.4586975e+00
   1.4597149e+00
   1.4607320e+00
   1.4617489e+00
   1.4627656e+00
   1.4637821e+00
   1.4647983e+00
   1.4658143e+00
   1.4668301e+00
   1.4678458e+00
   1.4688612e+00
   1.4698764e+00
   1.4708915e+00
   1.4719063e+00
   1.4729209e+00
   1.4739352e+00
   1.4749494e+00
   1.4759634e+00
   1.4769772e+00
   1.4779907e+00
   1.4790042e+00
   1.4800174e+00
   1.4810304e+00
   1.4820432e+00
   1.4830558e+00
   1.4840683e+00
   1.4850805e+00
   1.4860926e+00
   1.4871045e+00
   1.4881162e+00
   1.4891277e+00
   1.4901390e+00
   1.4911502e+00
   1.4921612e+00
   1.4931720e+00
   1.4941825e+00
   1.4951930e+00
   1.4962031e+00
   1.4972132e+00
   1.4982231e+00
   1.4992328e+00
   1.5002424e+00
   1.5012519e+00
   1.5022610e+00
   1.5032701e+00
   1.5042789e+00
   1.5052876e+00
   1.5062962e+00
   1.5073046e+00
   1.5083128e+00
   1.5093209e+00
   1.5103288e+00
   1.5113365e+00
   1.5123441e+00
   1.5133516e+00
   1.5143589e+00
   1.5153660e+00
   1.5163730e+00
   1.5173799e+00
   1.5183866e+00
   1.5193931e+00
   1.5203995e+00
   1.5214057e+00
   1.5224118e+00
   1.5234178e+00
   1.5244236e+00
   1.5254293e+00
   1.5264348e+00
   1.5274403e+00
   1.5284455e+00
   1.5294506e+00
   1.5304556e+00
   1.5314605e+00
   1.5324652e+00
   1.5334698e+00
   1.5344742e+00
   1.5354786e+00
   1.5364828e+00
   1.5374868e+00
   1.5384907e+00
   1.5394944e+00
   1.5404981e+00
   1.5415017e+00
   1.5425051e+00
   1.5435085e+00
   1.5445117e+00
   1.5455148e+00
   1.5465178e+00
   1.5475207e+00
   1.5485234e+00
   1.5495261e+00
   1.5505286e+00
   1.5515310e+00
   1.5525333e+00
   1.5535355e+00
   1.5545375e+00
   1.5555395e+00
   1.5565414e+00
   1.5575432e+00
   1.5585449e+00
   1.5595465e+00
   1.5605480e+00
   1.5615495e+00
   1.5625508e+00
   1.5635521e+00
   1.5645532e+00
   1.5655542e+00
   1.5665551e+00
   1.5675560e+00
   1.5685567e+00
   1.5695573e+00
   1.5705579e+00
   1.5715584e+00
   1.5725589e+00
   1.5735591e+00
   1.5745594e+00
   1.5755594e+00
   1.5765595e+00
   1.5775596e+00
   1.5785595e+00
   1.5795594e+00
   1.5805592e+00
   1.5815589e+00
   1.5825585e+00
   1.5835580e+00
   1.5845576e+00
   1.5855570e+00
   1.5865564e+00
   1.5875557e+00
   1.5885550e+00
   1.5895541e+00
   1.5905533e+00
   1.5915524e+00
   1.5925514e+00
   1.5935504e+00
   1.5945494e+00
   1.5955483e+00
   1.5965471e+00
   1.5975459e+00
   1.5985446e+00
   1.5995433e+00
   1.6005419e+00
   1.6015405e+00
   1.6025391e+00
   1.6035376e+00
   1.6045362e+00
   1.6055346e+00
   1.6065330e+00
   1.6075314e+00
   1.6085297e+00
   1.6095280e+00
   1.6105263e+00
   1.6115246e+00
   1.6125228e+00
   1.6135211e+00
   1.6145192e+00
   1.6155173e+00
   1.6165155e+00
   1.6175136e+00
   1.6185116e+00
   1.6195097e+00
   1.6205078e+00
   1.6215059e+00
   1.6225040e+00
   1.6235020e+00
   1.6245000e+00
   1.6254980e+00
   1.6264961e+00
   1.6274940e+00
   1.6284921e+00
   1.6294901e+00
   1.6304881e+00
   1.6314862e+00
   1.6324843e+00
   1.6334823e+00
   1.6344803e+00
   1.6354784e+00
   1.6364765e+00
   1.6374745e+00
   1.6384726e+00
   1.6394707e+00
   1.6404688e+00
   1.6414670e+00
   1.6424652e+00
   1.6434634e+00
   1.6444616e+00
   1.6454598e+00
   1.6464581e+00
   1.6474564e+00
   1.6484547e+00
   1.6494530e+00
   1.6504515e+00
   1.6514499e+00
   1.6524485e+00
   1.6534470e+00
   1.6544455e+00
   1.6554442e+00
   1.6564429e+00
   1.6574416e+00
   1.6584404e+00
   1.6594392e+00
   1.6604381e+00
   1.6614370e+00
   1.6624360e+00
   1.6634349e+00
   1.6644340e+00
   1.6654332e+00
   1.6664325e+00
   1.6674318e+00
   1.6684312e+00
   1.6694306e+00
   1.6704301e+00
   1.6714296e+00
   1.6724292e+00
   1.6734288e+00
   1.6744287e+00
   1.6754286e+00
   1.6764286e+00
   1.6774287e+00
   1.6784288e+00
   1.6794291e+00
   1.6804294e+00
   1.6814299e+00
   1.6824304e+00
   1.6834310e+00
   1.6844318e+00
   1.6854326e+00
   1.6864335e+00
   1.6874345e+00
   1.6884356e+00
   1.6894369e+00
   1.6904382e+00
   1.6914397e+00
   1.6924412e+00
   1.6934430e+00
   1.6944448e+00
   1.6954468e+00
   1.6964489e+00
   1.6974511e+00
   1.6984535e+00
   1.6994560e+00
   1.7004585e+00
   1.7014613e+00
   1.7024643e+00
   1.7034673e+00
   1.7044705e+00
   1.7054738e+00
   1.7064773e+00
   1.7074809e+00
   1.7084847e+00
   1.7094886e+00
   1.7104927e+00
   1.7114970e+00
   1.7125014e+00
   1.7135060e+00
   1.7145108e+00
   1.7155157e+00
   1.7165208e+00
   1.7175260e+00
   1.7185315e+00
   1.7195371e+00
   1.7205429e+00
   1.7215488e+00
   1.7225550e+00
   1.7235614e+00
   1.7245679e+00
   1.7255745e+00
   1.7265815e+00
   1.7275886e+00
   1.7285959e+00
   1.7296034e+00
   1.7306111e+00
   1.7316191e+00
   1.7326271e+00
   1.7336354e+00
   1.7346439e+00
   1.7356526e+00
   1.7366616e+00
   1.7376707e+00
   1.7386800e+00
   1.7396896e+00
   1.7406994e+00
   1.7417096e+00
   1.7427201e+00
   1.7437308e+00
   1.7447418e+00
   1.7457530e+00
   1.7467645e+00
   1.7477761e+00
   1.7487881e+00
   1.7498002e+00
   1.7508126e+00
   1.7518253e+00
   1.7528382e+00
   1.7538514e+00
   1.7548648e+00
   1.7558785e+00
   1.7568925e+00
   1.7579067e+00
   1.7589212e+00
   1.7599359e+00
   1.7609510e+00
   1.7619663e+00
   1.7629819e+00
   1.7639978e+00
   1.7650139e+00
   1.7660304e+00
   1.7670471e+00
   1.7680642e+00
   1.7690815e+00
   1.7700992e+00
   1.7711171e+00
   1.7721355e+00
   1.7731541e+00
   1.7741732e+00
   1.7751926e+00
   1.7762121e+00
   1.7772321e+00
   1.7782524e+00
   1.7792731e+00
   1.7802941e+00
   1.7813154e+00
   1.7823372e+00
   1.7833593e+00
   1.7843817e+00
   1.7854044e+00
   1.7864275e+00
   1.7874509e+00
   1.7884748e+00
   1.7894990e+00
   1.7905236e+00
   1.7915486e+00
   1.7925738e+00
   1.7935994e+00
   1.7946254e+00
   1.7956519e+00
   1.7966787e+00
   1.7977060e+00
   1.7987337e+00
   1.7997618e+00
   1.8007902e+00
   1.8018190e+00
   1.8028482e+00
   1.8038779e+00
   1.8049079e+00
   1.8059384e+00
   1.8069694e+00
   1.8080007e+00
   1.8090324e+00
   1.8100646e+00
   1.8110971e+00
   1.8121302e+00
   1.8131637e+00
   1.8141977e+00
   1.8152321e+00
   1.8162670e+00
   1.8173023e+00
   1.8183380e+00
   1.8193742e+00
   1.8204109e+00
   1.8214480e+00
   1.8224857e+00
   1.8235238e+00
   1.8245624e+00
   1.8256015e+00
   1.8266411e+00
   1.8276811e+00
   1.8287217e+00
   1.8297627e+00
   1.8308042e+00
   1.8318463e+00
   1.8328888e+00
   1.8339319e+00
   1.8349754e+00
   1.8360195e+00
   1.8370641e+00
   1.8381092e+00
   1.8391549e+00
   1.8402011e+00
   1.8412478e+00
   1.8422952e+00
   1.8433430e+00
   1.8443913e+00
   1.8454402e+00
   1.8464897e+00
   1.8475397e+00
   1.8485903e+00
   1.8496415e+00
   1.8506933e+00
   1.8517455e+00
   1.8527984e+00
   1.8538518e+00
   1.8549059e+00
   1.8559605e+00
   1.8570157e+00
   1.8580716e+00
   1.8591281e+00
   1.8601851e+00
   1.8612427e+00
   1.8623010e+00
   1.8633598e+00
   1.8644193e+00
   1.8654795e+00
   1.8665402e+00
   1.8676017e+00
   1.8686636e+00
   1.8697262e+00
   1.8707895e+00
   1.8718535e+00
   1.8729181e+00
   1.8739833e+00
   1.8750493e+00
   1.8761159e+00
   1.8771832e+00
   1.8782511e+00
   1.8793197e+00
   1.8803890e+00
   1.8814589e+00
   1.8825296e+00
   1.8836010e+00
   1.8846731e+00
   1.8857458e+00
   1.8868193e+00
   1.8878934e+00
   1.8889683e+00
   1.8900439e+00
   1.8911203e+00
   1.8921975e+00
   1.8932753e+00
   1.8943540e+00
   1.8954332e+00
   1.8965132e+00
   1.8975939e+00
   1.8986754e+00
   1.8997577e+00
   1.9008407e+00
   1.9019245e+00
   1.9030091e+00
   1.9040945e+00
   1.9051807e+00
   1.9062677e+00
   1.9073555e+00
   1.9084440e+00
   1.9095333e+00
   1.9106233e+00
   1.9117142e+00
   1.9128059e+00
   1.9138985e+00
   1.9149918e+00
   1.9160860e+00
   1.9171811e+00
   1.9182770e+00
   1.9193738e+00
   1.9204714e+00
   1.9215699e+00
   1.9226691e+00
   1.9237692e+00
   1.9248701e+00
   1.9259719e+00
   1.9270746e+00
   1.9281782e+00
   1.9292827e+00
   1.9303880e+00
   1.9314943e+00
   1.9326015e+00
   1.9337096e+00
   1.9348186e+00
   1.9359286e+00
   1.9370394e+00
   1.9381510e+00
   1.9392636e+00
   1.9403771e+00
   1.9414916e+00
   1.9426071e+00
   1.9437234e+00
   1.9448408e+00
   1.9459591e+00
   1.9470784e+00
   1.9481986e+00
   1.9493199e+00
   1.9504420e+00
   1.9515651e+00
   1.9526892e+00
   1.9538142e+00
   1.9549403e+00
   1.9560674e+00
   1.9571955e+00
   1.9583246e+00
   1.9594548e+00
   1.9605860e+00
   1.9617182e+00
   1.9628514e+00
   1.9639857e+00
   1.9651210e+00
   1.9662573e+00
   1.9673946e+00
   1.9685330e+00
   1.9696725e+00
   1.9708131e+00
   1.9719547e+00
   1.9730975e+00
   1.9742413e+00
   1.9753862e+00
   1.9765322e+00
   1.9776793e+00
   1.9788276e+00
   1.9799768e+00
   1.9811272e+00
   1.9822787e+00
   1.9834313e+00
   1.9845851e+00
   1.9857400e+00
   1.9868961e+00
   1.9880533e+00
   1.9892117e+00
   1.9903713e+00
   1.9915320e+00
   1.9926939e+00
   1.9938569e+00
   1.9950211e+00
   1.9961864e+00
   1.9973530e+00
   1.9985208e+00
   1.9996898e+00
   2.0008600e+00
   2.0020314e+00
   2.0032040e+00
   2.0043779e+00
   2.0055530e+00
   2.0067294e+00
   2.0079070e+00
   2.0090858e+00
   2.0102659e+00
   2.0114472e+00
   2.0126298e+00
   2.0138137e+00
   2.0149988e+00
   2.0161852e+00
   2.0173729e+00
   2.0185620e+00
   2.0197523e+00
   2.0209439e+00
   2.0221368e+00
   2.0233311e+00
   2.0245266e+00
   2.0257235e+00
   2.0269218e+00
   2.0281214e+00
   2.0293223e+00
   2.0305246e+00
   2.0317283e+00
   2.0329333e+00
   2.0341397e+00
   2.0353475e+00
   2.0365566e+00
   2.0377672e+00
   2.0389791e+00
   2.0401925e+00
   2.0414073e+00
   2.0426235e+00
   2.0438411e+00
   2.0450601e+00
   2.0462806e+00
   2.0475025e+00
   2.0487259e+00
   2.0499507e+00
   2.0511770e+00
   2.0524047e+00
   2.0536340e+00
   2.0548647e+00
   2.0560969e+00
   2.0573306e+00
   2.0585658e+00
   2.0598025e+00
   2.0610407e+00
   2.0622804e+00
   2.0635217e+00
   2.0647644e+00
   2.0660088e+00
   2.0672547e+00
   2.0685021e+00
   2.0697511e+00
   2.0710016e+00
   2.0722538e+00
   2.0735075e+00
   2.0747628e+00
   2.0760196e+00
   2.0772781e+00
   2.0785382e+00
   2.0797999e+00
   2.0810633e+00
   2.0823282e+00
   2.0835948e+00
   2.0848630e+00
   2.0861329e+00
   2.0874044e+00
   2.0886776e+00
   2.0899525e+00
   2.0912290e+00
   2.0925073e+00
   2.0937872e+00
   2.0950688e+00
   2.0963521e+00
   2.0976371e+00
   2.0989239e+00
   2.1002123e+00
   2.1015025e+00
   2.1027945e+00
   2.1040882e+00
   2.1053836e+00
   2.1066808e+00
   2.1079798e+00
   2.1092805e+00
   2.1105831e+00
   2.1118874e+00
   2.1131935e+00
   2.1145015e+00
   2.1158112e+00
   2.1171228e+00
   2.1184362e+00
   2.1197514e+00
   2.1210685e+00
   2.1223874e+00
   2.1237082e+00
   2.1250308e+00
   2.1263553e+00
   2.1276818e+00
   2.1290100e+00
   2.1303402e+00
   2.1316723e+00
   2.1330063e+00
   2.1343423e+00
   2.1356801e+00
   2.1370199e+00
   2.1383616e+00
   2.1397053e+00
   2.1410510e+00
   2.1423986e+00
   2.1437482e+00
   2.1450998e+00
   2.1464533e+00
   2.1478089e+00
   2.1491665e+00
   2.1505260e+00
   2.1518877e+00
   2.1532513e+00
   2.1546170e+00
   2.1559847e+00
   2.1573545e+00
   2.1587263e+00
   2.1601003e+00
   2.1614763e+00
   2.1628544e+00
   2.1642346e+00
   2.1656169e+00
   2.1670013e+00
   2.1683878e+00
   2.1697765e+00
   2.1711673e+00
   2.1725603e+00
   2.1739554e+00
   2.1753527e+00
   2.1767521e+00
   2.1781537e+00
   2.1795576e+00
   2.1809636e+00
   2.1823719e+00
   2.1837823e+00
   2.1851950e+00
   2.1866099e+00
   2.1880271e+00
   2.1894465e+00
   2.1908682e+00
   2.1922922e+00
   2.1937184e+00
   2.1951469e+00
   2.1965777e+00
   2.1980109e+00
   2.1994463e+00
   2.2008841e+00
   2.2023242e+00
   2.2037667e+00
   2.2052115e+00
   2.2066586e+00
   2.2081082e+00
   2.2095601e+00
   2.2110144e+00
   2.2124711e+00
   2.2139303e+00
   2.2153918e+00
   2.2168558e+00
   2.2183222e+00
   2.2197911e+00
   2.2212624e+00
   2.2227362e+00
   2.2242124e+00
   2.2256912e+00
   2.2271724e+00
   2.2286562e+00
   2.2301424e+00
   2.2316312e+00
   2.2331225e+00
   2.2346164e+00
   2.2361128e+00
   2.2376118e+00
   2.2391134e+00
   2.2406175e+00
   2.2421243e+00
   2.2436336e+00
   2.2451456e+00
   2.2466602e+00
   2.2481774e+00
   2.2496973e+00
   2.2512199e+00
   2.2527451e+00
   2.2542729e+00
   2.2558035e+00
   2.2573368e+00
   2.2588728e+00
   2.2604115e+00
   2.2619529e+00
   2.2634971e+00
   2.2650440e+00
   2.2665937e+00
   2.2681461e+00
   2.2697013e+00
   2.2712594e+00
   2.2728202e+00
   2.2743839e+00
   2.2759503e+00
   2.2775197e+00
   2.2790918e+00
   2.2806669e+00
   2.2822448e+00
   2.2838256e+00
   2.2854092e+00
   2.2869958e+00
   2.2885853e+00
   2.2901777e+00
   2.2917731e+00
   2.2933714e+00
   2.2949727e+00
   2.2965769e+00
   2.2981842e+00
   2.2997944e+00
   2.3014077e+00
   2.3030239e+00
   2.3046432e+00
   2.3062655e+00
   2.3078909e+00
   2.3095194e+00
   2.3111509e+00
   2.3127855e+00
   2.3144233e+00
   2.3160641e+00
   2.3177081e+00
   2.3193552e+00
   2.3210054e+00
   2.3226588e+00
   2.3243154e+00
   2.3259752e+00
   2.3276382e+00
   2.3293044e+00
   2.3309738e+00
   2.3326465e+00
   2.3343224e+00
   2.3360015e+00
   2.3376840e+00
   2.3393697e+00
   2.3410587e+00
   2.3427511e+00
   2.3444467e+00
   2.3461457e+00
   2.3478481e+00
   2.3495538e+00
   2.3512629e+00
   2.3529754e+00
   2.3546913e+00
   2.3564106e+00
   2.3581333e+00
   2.3598595e+00
   2.3615891e+00
   2.3633222e+00
   2.3650588e+00
   2.3667989e+00
   2.3685424e+00
   2.3702895e+00
   2.3720402e+00
   2.3737944e+00
   2.3755521e+00
   2.3773135e+00
   2.3790784e+00
   2.3808469e+00
   2.3826191e+00
   2.3843949e+00
   2.3861743e+00
   2.3879574e+00
   2.3897442e+00
   2.3915346e+00
   2.3933288e+00
   2.3951266e+00
   2.3969282e+00
   2.3987336e+00
   2.4005427e+00
   2.4023556e+00
   2.4041723e+00
   2.4059927e+00
   2.4078170e+00
   2.4096452e+00
   2.4114771e+00
   2.4133130e+00
   2.4151527e+00
   2.4169963e+00
   2.4188438e+00
   2.4206952e+00
   2.4225506e+00
   2.4244099e+00
   2.4262732e+00
   2.4281405e+00
   2.4300118e+00
   2.4318870e+00
   2.4337664e+00
   2.4356497e+00
   2.4375371e+00
   2.4394286e+00
   2.4413242e+00
   2.4432239e+00
   2.4451277e+00
   2.4470356e+00
   2.4489477e+00
   2.4508639e+00
   2.4527844e+00
   2.4547090e+00
   2.4566379e+00
   2.4585710e+00
   2.4605083e+00
   2.4624499e+00
   2.4643958e+00
   2.4663460e+00
   2.4683005e+00
   2.4702593e+00
   2.4722225e+00
   2.4741900e+00
   2.4761619e+00
   2.4781382e+00
   2.4801189e+00
   2.4821041e+00
   2.4840937e+00
   2.4860877e+00
   2.4880863e+00
   2.4900893e+00
   2.4920968e+00
   2.4941089e+00
   2.4961255e+00
   2.4981467e+00
   2.5001725e+00
   2.5022029e+00
   2.5042378e+00
   2.5062775e+00
   2.5083217e+00
   2.5103707e+00
   2.5124243e+00
   2.5144826e+00
   2.5165457e+00
   2.5186134e+00
   2.5206860e+00
   2.5227633e+00
   2.5248454e+00
   2.5269323e+00
   2.5290241e+00
   2.5311207e+00
   2.5332221e+00
   2.5353285e+00
   2.5374397e+00
   2.5395559e+00
   2.5416770e+00
   2.5438030e+00
   2.5459341e+00
   2.5480701e+00
   2.5502111e+00
   2.5523572e+00
   2.5545083e+00
   2.5566645e+00
   2.5588257e+00
   2.5609921e+00
   2.5631636e+00
   2.5653402e+00
   2.5675220e+00
   2.5697090e+00
   2.5719012e+00
   2.5740986e+00
   2.5763012e+00
   2.5785091e+00
   2.5807222e+00
   2.5829407e+00
   2.5851645e+00
   2.5873936e+00
   2.5896280e+00
   2.5918678e+00
   2.5941131e+00
   2.5963637e+00
   2.5986197e+00
   2.6008813e+00
   2.6031482e+00
   2.6054207e+00
   2.6076987e+00
   2.6099822e+00
   2.6122713e+00
   2.6145659e+00
   2.6168661e+00
   2.6191720e+00
   2.6214834e+00
   2.6238005e+00
   2.6261233e+00
   2.6284518e+00
   2.6307860e+00
   2.6331259e+00
   2.6354715e+00
   2.6378230e+00
   2.6401802e+00
   2.6425432e+00
   2.6449121e+00
   2.6472868e+00
   2.6496674e+00
   2.6520539e+00
   2.6544463e+00
   2.6568447e+00
   2.6592490e+00
   2.6616592e+00
   2.6640755e+00
   2.6664978e+00
   2.6689261e+00
   2.6713605e+00
   2.6738010e+00
   2.6762476e+00
   2.6787003e+00
   2.6811591e+00
   2.6836241e+00
   2.6860953e+00
   2.6885727e+00
   2.6910563e+00
   2.6935462e+00
   2.6960424e+00
   2.6985448e+00
   2.7010535e+00
   2.7035686e+00
   2.7060901e+00
   2.7086179e+00
   2.7111521e+00
   2.7136927e+00
   2.7162398e+00
   2.7187933e+00
   2.7213533e+00
   2.7239198e+00
   2.7264929e+00
   2.7290724e+00
   2.7316586e+00
   2.7342513e+00
   2.7368507e+00
   2.7394567e+00
   2.7420693e+00
   2.7446886e+00
   2.7473146e+00
   2.7499474e+00
   2.7525868e+00
   2.7552330e+00
   2.7578860e+00
   2.7605458e+00
   2.7632125e+00
   2.7658859e+00
   2.7685663e+00
   2.7712535e+00
   2.7739476e+00
   2.7766487e+00
   2.7793567e+00
   2.7820717e+00
   2.7847937e+00
   2.7875227e+00
   2.7902588e+00
   2.7930019e+00
   2.7957520e+00
   2.7985093e+00
   2.8012737e+00
   2.8040452e+00
   2.8068240e+00
   2.8096098e+00
   2.8124029e+00
   2.8152033e+00
   2.8180108e+00
   2.8208257e+00
   2.8236478e+00
   2.8264772e+00
   2.8293140e+00
   2.8321581e+00
   2.8350096e+00
   2.8378685e+00
   2.8407348e+00
   2.8436086e+00
   2.8464898e+00
   2.8493784e+00
   2.8522746e+00
   2.8551783e+00
   2.8580895e+00
   2.8610083e+00
   2.8639347e+00
   2.8668686e+00
   2.8698102e+00
   2.8727594e+00
   2.8757163e+00
   2.8786808e+00
   2.8816530e+00
   2.8846330e+00
   2.8876207e+00
   2.8906162e+00
   2.8936194e+00
   2.8966304e+00
   2.8996492e+00
   2.9026759e+00
   2.9057104e+00
   2.9087528e+00
   2.9118031e+00
   2.9148613e+00
   2.9179274e+00
   2.9210015e+00
   2.9240836e+00
   2.9271736e+00
   2.9302716e+00
   2.9333776e+00
   2.9364917e+00
   2.9396139e+00
   2.9427441e+00
   2.9458824e+00
   2.9490288e+00
   2.9521834e+00
   2.9553461e+00
   2.9585169e+00
   2.9616959e+00
   2.9648832e+00
   2.9680786e+00
   2.9712823e+00
   2.9744942e+00
   2.9777144e+00
   2.9809429e+00
   2.9841796e+00
   2.9874247e+00
   2.9906781e+00
   2.9939398e+00
   2.9972099e+00
   3.0004884e+00
   3.0037753e+00
   3.0070706e+00
   3.0103743e+00
   3.0136864e+00
   3.0170070e+00
   3.0203360e+00
   3.0236736e+00
   3.0270196e+00
   3.0303741e+00
   3.0337372e+00
   3.0371087e+00
   3.0404889e+00
   3.0438776e+00
   3.0472749e+00
   3.0506807e+00
   3.0540952e+00
   3.0575182e+00
   3.0609499e+00
   3.0643903e+00
   3.0678393e+00
   3.0712969e+00
   3.0747633e+00
   3.0782383e+00
   3.0817220e+00
   3.0852144e+00
   3.0887155e+00
   3.0922254e+00
   3.0957440e+00
   3.0992714e+00
   3.1028075e+00
   3.1063524e+00
   3.1099060e+00
   3.1134685e+00
   3.1170397e+00
   3.1206198e+00
   3.1242087e+00
   3.1278064e+00
   3.1314129e+00
   3.1350283e+00
   3.1386526e+00
   3.1422857e+00
   3.1459276e+00
   3.1495785e+00
   3.1532382e+00
   3.1569068e+00
   3.1605843e+00
   3.1642707e+00
   3.1679660e+00
   3.1716703e+00
   3.1753834e+00
   3.1791055e+00
   3.1828365e+00
   3.1865765e+00
   3.1903254e+00
   3.1940832e+00
   3.1978500e+00
   3.2016258e+00
   3.2054105e+00
   3.2092042e+00
   3.2130068e+00
   3.2168185e+00
   3.2206391e+00
   3.2244686e+00
   3.2283072e+00
   3.2321548e+00
   3.2360113e+00
   3.2398769e+00
   3.2437514e+00
   3.2476350e+00
   3.2515275e+00
   3.2554290e+00
   3.2593396e+00
   3.2632591e+00
   3.2671877e+00
   3.2711253e+00
   3.2750719e+00
   3.2790274e+00
   3.2829921e+00
   3.2869657e+00
   3.2909483e+00
   3.2949399e+00
   3.2989406e+00
   3.3029503e+00
   3.3069689e+00
   3.3109966e+00
   3.3150334e+00
   3.3190791e+00
   3.3231338e+00
   3.3271976e+00
   3.3312703e+00
   3.3353521e+00
   3.3394429e+00
   3.3435427e+00
   3.3476514e+00
   3.3517692e+00
   3.3558960e+00
   3.3600318e+00
   3.3641767e+00
   3.3683305e+00
   3.3724933e+00
   3.3766651e+00
   3.3808459e+00
   3.3850356e+00
   3.3892344e+00
   3.3934422e+00
   3.3976589e+00
   3.4018847e+00
   3.4061194e+00
   3.4103631e+00
   3.4146158e+00
   3.4188774e+00
   3.4231481e+00
   3.4274277e+00
   3.4317162e+00
   3.4360138e+00
   3.4403203e+00
   3.4446358e+00
   3.4489602e+00
   3.4532936e+00
   3.4576359e+00
   3.4619873e+00
   3.4663475e+00
   3.4707168e+00
   3.4750949e+00
   3.4794820e+00
   3.4838781e+00
   3.4882831e+00
   3.4926971e+00
   3.4971200e+00
   3.5015519e+00
   3.5059927e+00
   3.5104424e+00
   3.5149011e+00
   3.5193687e+00
   3.5238453e+00
   3.5283308e+00
   3.5328252e+00
   3.5373286e+00
   3.5418409e+00
   3.5463622e+00
   3.5508923e+00
   3.5554315e+00
   3.5599795e+00
   3.5645366e+00
   3.5691025e+00
   3.5736774e+00
   3.5782612e+00
   3.5828540e+00
   3.5874558e+00
   3.5920664e+00
   3.5966861e+00
   3.6013146e+00
   3.6059522e+00
   3.6105986e+00
   3.6152541e+00
   3.6199185e+00
   3.6245919e+00
   3.6292742e+00
   3.6339655e+00
   3.6386658e+00
   3.6433751e+00
   3.6480933e+00
   3.6528205e+00
   3.6575567e+00
   3.6623020e+00
   3.6670562e+00
   3.6718194e+00
   3.6765916e+00
   3.6813728e+00
   3.6861631e+00
   3.6909623e+00
   3.6957706e+00
   3.7005880e+00
   3.7054144e+00
   3.7102498e+00
   3.7150943e+00
   3.7199478e+00
   3.7248104e+00
   3.7296820e+00
   3.7345628e+00
   3.7394526e+00
   3.7443515e+00
   3.7492595e+00
   3.7541767e+00
   3.7591029e+00
   3.7640382e+00
   3.7689827e+00
   3.7739363e+00
   3.7788990e+00
   3.7838709e+00
   3.7888519e+00
   3.7938421e+00
   3.7988415e+00
   3.8038500e+00
   3.8088677e+00
   3.8138946e+00
   3.8189307e+00
   3.8239760e+00
   3.8290305e+00
   3.8340942e+00
   3.8391671e+00
   3.8442493e+00
   3.8493406e+00
   3.8544413e+00
   3.8595511e+00
   3.8646702e+00
   3.8697986e+00
   3.8749362e+00
   3.8800830e+00
   3.8852392e+00
   3.8904046e+00
   3.8955792e+00
   3.9007632e+00
   3.9059564e+00
   3.9111589e+00
   3.9163707e+00
   3.9215918e+00
   3.9268221e+00
   3.9320618e+00
   3.9373107e+00
   3.9425689e+00
   3.9478364e+00
   3.9531131e+00
   3.9583992e+00
   3.9636945e+00
   3.9689991e+00
   3.9743130e+00
   3.9796361e+00
   3.9849685e+00
   3.9903102e+00
   3.9956611e+00
   4.0010212e+00
   4.0063906e+00
   4.0117691e+00
   4.0171569e+00
   4.0225539e+00
   4.0279601e+00
   4.0333755e+00
   4.0388000e+00
   4.0442337e+00
   4.0496765e+00
   4.0551284e+00
   4.0605894e+00
   4.0660595e+00
   4.0715387e+00
   4.0770269e+00
   4.0825241e+00
   4.0880304e+00
   4.0935455e+00
   4.0990697e+00
   4.1046028e+00
   4.1101447e+00
   4.1156956e+00
   4.1212552e+00
   4.1268237e+00
   4.1324009e+00
   4.1379869e+00
   4.1435816e+00
   4.1491850e+00
   4.1547970e+00
   4.1604176e+00
   4.1660467e+00
   4.1716844e+00
   4.1773305e+00
   4.1829851e+00
   4.1886480e+00
   4.1943193e+00
   4.1999989e+00
   4.2056867e+00
   4.2113827e+00
   4.2170868e+00
   4.2227990e+00
   4.2285193e+00
   4.2342475e+00
   4.2399836e+00
   4.2457275e+00
   4.2514793e+00
   4.2572388e+00
   4.2630059e+00
   4.2687806e+00
   4.2745629e+00
   4.2803526e+00
   4.2861497e+00
   4.2919541e+00
   4.2977657e+00
   4.3035846e+00
   4.3094105e+00
   4.3152434e+00
   4.3210832e+00
   4.3269299e+00
   4.3327834e+00
   4.3386435e+00
   4.3445103e+00
   4.3503835e+00
   4.3562631e+00
   4.3621491e+00
   4.3680413e+00
   4.3739397e+00
   4.3798440e+00
   4.3857544e+00
   4.3916705e+00
   4.3975924e+00
   4.4035200e+00
   4.4094530e+00
   4.4153915e+00
   4.4213354e+00
   4.4272844e+00
   4.4332385e+00
   4.4391977e+00
   4.4451617e+00
   4.4511304e+00
   4.4571038e+00
   4.4630818e+00
   4.4690641e+00
   4.4750507e+00
   4.4810415e+00
   4.4870363e+00
   4.4930350e+00
   4.4990375e+00
   4.5050436e+00
   4.5110533e+00
   4.5170663e+00
   4.5230826e+00
   4.5291020e+00
   4.5351244e+00
   4.5411496e+00
   4.5471775e+00
   4.5532079e+00
   4.5592408e+00
   4.5652759e+00
   4.5713131e+00
   4.5773523e+00
   4.5833933e+00
   4.5894360e+00
   4.5954802e+00
   4.6015257e+00
   4.6075725e+00
   4.6136202e+00
   4.6196689e+00
   4.6257182e+00
   4.6317681e+00
   4.6378184e+00
   4.6438690e+00
   4.6499195e+00
   4.6559700e+00
   4.6620201e+00
   4.6680698e+00
   4.6741189e+00
   4.6801671e+00
   4.6862143e+00
   4.6922604e+00
   4.6983051e+00
   4.7043482e+00
   4.7103897e+00
   4.7164292e+00
   4.7224666e+00
   4.7285017e+00
   4.7345344e+00
   4.7405643e+00
   4.7465914e+00
   4.7526154e+00
   4.7586362e+00
   4.7646534e+00
   4.7706670e+00
   4.7766767e+00
   4.7826823e+00
   4.7886836e+00
   4.7946804e+00
   4.8006725e+00
   4.8066596e+00
   4.8126416e+00
   4.8186182e+00
   4.8245892e+00
   4.8305544e+00
   4.8365135e+00
   4.8424664e+00
   4.8484127e+00
   4.8543523e+00
   4.8602850e+00
   4.8662105e+00
   4.8721285e+00
   4.8780388e+00
   4.8839412e+00
   4.8898354e+00
   4.8957212e+00
   4.9015984e+00
   4.9074666e+00
   4.9133256e+00
   4.9191752e+00
   4.9250151e+00
   4.9308451e+00
   4.9366648e+00
   4.9424741e+00
   4.9482726e+00
   4.9540600e+00
   4.9598362e+00
   4.9656007e+00
   4.9713534e+00
   4.9770940e+00
   4.9828221e+00
   4.9885374e+00
   4.9942398e+00
   4.9999288e+00
   5.0056042e+00
   5.0112658e+00
   5.0169130e+00
   5.0225458e+00
   5.0281637e+00
   5.0337665e+00
   5.0393537e+00
   5.0449252e+00
   5.0504806e+00
   5.0560195e+00
   5.0615416e+00
   5.0670466e+00
   5.0725342e+00
   5.0780040e+00
   5.0834556e+00
   5.0888888e+00
   5.0943031e+00
   5.0996981e+00
   5.1050737e+00
   5.1104293e+00
   5.1157646e+00
   5.1210792e+00
   5.1263728e+00
   5.1316450e+00
   5.1368953e+00
   5.1421235e+00
   5.1473290e+00
   5.1525116e+00
   5.1576707e+00
   5.1628061e+00
   5.1679172e+00
   5.1730037e+00
   5.1780651e+00
   5.1831011e+00
   5.1881111e+00
   5.1930948e+00
   5.1980517e+00
   5.2029814e+00
   5.2078833e+00
   5.2127572e+00
   5.2176024e+00
   5.2224186e+00
   5.2272052e+00
   5.2319619e+00
   5.2366880e+00
   5.2413831e+00
   5.2460468e+00
   5.2506784e+00
   5.2552776e+00
   5.2598438e+00
   5.2643765e+00
   5.2688752e+00
   5.2733393e+00
   5.2777683e+00
   5.2821616e+00
   5.2865188e+00
   5.2908392e+00
   5.2951224e+00
   5.2993677e+00
   5.3035745e+00
   5.3077424e+00
   5.3118706e+00
   5.3159586e+00
   5.3200059e+00
   5.3240118e+00
   5.3279756e+00
   5.3318968e+00
   5.3357748e+00
   5.3396089e+00
   5.3433984e+00
   5.3471427e+00
   5.3508413e+00
   5.3544933e+00
   5.3580981e+00
   5.3616551e+00
   5.3651635e+00
   5.3686227e+00
   5.3720320e+00
   5.3753906e+00
   5.3786978e+00
   5.3819530e+00
   5.3851553e+00
   5.3883041e+00
   5.3913985e+00
   5.3944378e+00
   5.3974213e+00
   5.4003481e+00
   5.4032176e+00
   5.4060288e+00
   5.4087810e+00
   5.4114734e+00
   5.4141051e+00
   5.4166754e+00
   5.4191834e+00
   5.4216282e+00
   5.4240089e+00
   5.4263248e+00
   5.4285750e+00
   5.4307585e+00
   5.4328744e+00
   5.4349220e+00
   5.4369001e+00
   5.4388080e+00
   5.4406447e+00
   5.4424093e+00
   5.4441007e+00
   5.4457181e+00
   5.4472605e+00
   5.4487269e+00
   5.4501163e+00
   5.4514276e+00
   5.4526600e+00
   5.4538124e+00
   5.4548838e+00
   5.4558730e+00
   5.4567792e+00
   5.4576011e+00
   5.4583378e+00
   5.4589882e+00
   5.4595512e+00
   5.4600257e+00
   5.4604105e+00
   5.4607047e+00
   5.4609070e+00
   5.4610164e+00
   5.4610317e+00
   5.4609516e+00
   5.4607752e+00
   5.4605012e+00
   5.4601285e+00
   5.4596558e+00
   5.4590820e+00
   5.4584058e+00
   5.4576262e+00
   5.4567417e+00
   5.4557513e+00
   5.4546537e+00
   5.4534476e+00
   5.4521319e+00
   5.4507052e+00
   5.4491664e+00
   5.4475140e+00
   5.4457470e+00
   5.4438640e+00
   5.4418636e+00
   5.4397448e+00
   5.4375061e+00
   5.4351462e+00
   5.4326639e+00
   5.4300579e+00
   5.4273269e+00
   5.4244695e+00
   5.4214845e+00
   5.4183706e+00
   5.4151265e+00
   5.4117508e+00
   5.4082422e+00
   5.4045996e+00
   5.4008214e+00
   5.3969066e+00
   5.3928537e+00
   5.3886615e+00
   5.3843287e+00
   5.3798541e+00
   5.3752363e+00
   5.3704741e+00
   5.3655663e+00
   5.3605116e+00
   5.3553087e+00
   5.3499565e+00
   5.3444538e+00
   5.3387993e+00
   5.3329919e+00
   5.3270304e+00
   5.3209136e+00
   5.3146405e+00
   5.3082100e+00
   5.3016209e+00
   5.2948722e+00
   5.2879628e+00
   5.2808917e+00
   5.2736580e+00
   5.2662606e+00
   5.2586987e+00
   5.2509713e+00
   5.2430775e+00
   5.2350166e+00
   5.2267877e+00
   5.2183900e+00
   5.2098228e+00
   5.2010854e+00
   5.1921772e+00
   5.1830975e+00
   5.1738458e+00
   5.1644216e+00
   5.1548244e+00
   5.1450538e+00
   5.1351093e+00
   5.1249908e+00
   5.1146978e+00
   5.1042303e+00
   5.0935880e+00
   5.0827709e+00
   5.0717789e+00
   5.0606120e+00
   5.0492704e+00
   5.0377541e+00
   5.0260635e+00
   5.0141988e+00
   5.0021604e+00
   4.9899487e+00
   4.9775642e+00
   4.9650075e+00
   4.9522792e+00
   4.9393801e+00
   4.9263110e+00
   4.9130727e+00
   4.8996663e+00
   4.8860927e+00
   4.8723532e+00
   4.8584489e+00
   4.8443811e+00
   4.8301512e+00
   4.8157607e+00
   4.8012110e+00
   4.7865040e+00
   4.7716411e+00
   4.7566244e+00
   4.7414556e+00
   4.7261367e+00
   4.7106699e+00
   4.6950572e+00
   4.6793009e+00
   4.6634033e+00
   4.6473668e+00
   4.6311939e+00
   4.6148872e+00
   4.5984494e+00
   4.5818831e+00
   4.5651912e+00
   4.5483766e+00
   4.5314422e+00
   4.5143912e+00
   4.4972265e+00
   4.4799515e+00
   4.4625694e+00
   4.4450834e+00
   4.4274971e+00
   4.4098138e+00
   4.3920371e+00
   4.3741706e+00
   4.3562179e+00
   4.3381827e+00
   4.3200688e+00
   4.3018798e+00
   4.2836198e+00
   4.2652924e+00
   4.2469018e+00
   4.2284518e+00
   4.2099463e+00
   4.1913895e+00
   4.1727853e+00
   4.1541378e+00
   4.1354512e+00
   4.1167294e+00
   4.0979766e+00
   4.0791970e+00
   4.0603946e+00
   4.0415736e+00
   4.0227380e+00
   4.0038921e+00
   3.9850399e+00
   3.9661855e+00
   3.9473330e+00
   3.9284865e+00
   3.9096500e+00
   3.8908275e+00
   3.8720230e+00
   3.8532404e+00
   3.8344837e+00
   3.8157567e+00
   3.7970633e+00
   3.7784073e+00
   3.7597925e+00
   3.7412224e+00
   3.7227008e+00
   3.7042312e+00
   3.6858172e+00
   3.6674622e+00
   3.6491697e+00
   3.6309430e+00
   3.6127853e+00
   3.5946999e+00
   3.5766900e+00
   3.5587585e+00
   3.5409085e+00
   3.5231429e+00
   3.5054646e+00
   3.4878763e+00
   3.4703806e+00
   3.4529803e+00
   3.4356779e+00
   3.4184757e+00
   3.4013762e+00
   3.3843816e+00
   3.3674942e+00
   3.3507161e+00
   3.3340492e+00
   3.3174957e+00
   3.3010572e+00
   3.2847357e+00
   3.2685329e+00
   3.2524503e+00
   3.2364895e+00
   3.2206520e+00
   3.2049391e+00
   3.1893523e+00
   3.1738925e+00
   3.1585612e+00
   3.1433592e+00
   3.1282876e+00
   3.1133473e+00
   3.0985391e+00
   3.0838639e+00
   3.0693222e+00
   3.0549148e+00
   3.0406422e+00
   3.0265048e+00
   3.0125031e+00
   2.9986375e+00
   2.9849082e+00
   2.9713154e+00
   2.9578594e+00
   2.9445401e+00
   2.9313577e+00
   2.9183122e+00
   2.9054034e+00
   2.8926313e+00
   2.8799956e+00
   2.8674962e+00
   2.8551327e+00
   2.8429049e+00
   2.8308124e+00
   2.8188547e+00
   2.8070315e+00
   2.7953421e+00
   2.7837860e+00
   2.7723627e+00
   2.7610716e+00
   2.7499119e+00
   2.7388831e+00
   2.7279843e+00
   2.7172149e+00
   2.7065740e+00
   2.6960608e+00
   2.6856744e+00
   2.6754141e+00
   2.6652790e+00
   2.6552680e+00
   2.6453802e+00
   2.6356148e+00
   2.6259707e+00
   2.6164469e+00
   2.6070425e+00
   2.5977562e+00
   2.5885873e+00
   2.5795344e+00
   2.5705967e+00
   2.5617729e+00
   2.5530620e+00
   2.5444630e+00
   2.5359745e+00
   2.5275957e+00
   2.5193252e+00
   2.5111619e+00
   2.5031048e+00
   2.4951527e+00
   2.4873043e+00
   2.4795586e+00
   2.4719143e+00
   2.4643704e+00
   2.4569256e+00
   2.4495788e+00
   2.4423287e+00
   2.4351744e+00
   2.4281145e+00
   2.4211479e+00
   2.4142735e+00
   2.4074900e+00
   2.4007964e+00
   2.3941915e+00
   2.3876741e+00
   2.3812431e+00
   2.3748974e+00
   2.3686358e+00
   2.3624571e+00
   2.3563604e+00
   2.3503444e+00
   2.3444081e+00
   2.3385503e+00
   2.3327700e+00
   2.3270660e+00
   2.3214374e+00
   2.3158830e+00
   2.3104017e+00
   2.3049926e+00
   2.2996545e+00
   2.2943865e+00
   2.2891875e+00
   2.2840565e+00
   2.2789925e+00
   2.2739945e+00
   2.2690615e+00
   2.2641925e+00
   2.2593867e+00
   2.2546429e+00
   2.2499603e+00
   2.2453379e+00
   2.2407748e+00
   2.2362701e+00
   2.2318229e+00
   2.2274322e+00
   2.2230973e+00
   2.2188172e+00
   2.2145911e+00
   2.2104180e+00
   2.2062973e+00
   2.2022280e+00
   2.1982093e+00
   2.1942404e+00
   2.1903205e+00
   2.1864488e+00
   2.1826246e+00
   2.1788470e+00
   2.1751153e+00
   2.1714288e+00
   2.1677867e+00
   2.1641884e+00
   2.1606329e+00
   2.1571198e+00
   2.1536482e+00
   2.1502175e+00
   2.1468270e+00
   2.1434760e+00
   2.1401639e+00
   2.1368900e+00
   2.1336537e+00
   2.1304543e+00
   2.1272913e+00
   2.1241640e+00
   2.1210718e+00
   2.1180142e+00
   2.1149905e+00
   2.1120001e+00
   2.1090426e+00
   2.1061173e+00
   2.1032237e+00
   2.1003612e+00
   2.0975294e+00
   2.0947276e+00
   2.0919555e+00
   2.0892124e+00
   2.0864979e+00
   2.0838115e+00
   2.0811527e+00
   2.0785210e+00
   2.0759160e+00
   2.0733372e+00
   2.0707841e+00
   2.0682563e+00
   2.0657535e+00
   2.0632750e+00
   2.0608206e+00
   2.0583897e+00
   2.0559821e+00
   2.0535972e+00
   2.0512348e+00
   2.0488943e+00
   2.0465755e+00
   2.0442779e+00
   2.0420012e+00
   2.0397450e+00
   2.0375090e+00
   2.0352928e+00
   2.0330960e+00
   2.0309184e+00
   2.0287596e+00
   2.0266192e+00
   2.0244970e+00
   2.0223926e+00
   2.0203057e+00
   2.0182360e+00
   2.0161833e+00
   2.0141472e+00
   2.0121274e+00
   2.0101236e+00
   2.0081357e+00
   2.0061632e+00
   2.0042059e+00
   2.0022636e+00
   2.0003361e+00
   1.9984229e+00
   1.9965240e+00
   1.9946390e+00
   1.9927677e+00
   1.9909099e+00
   1.9890653e+00
   1.9872338e+00
   1.9854150e+00
   1.9836088e+00
   1.9818150e+00
   1.9800332e+00
   1.9782635e+00
   1.9765054e+00
   1.9747588e+00
   1.9730236e+00
   1.9712995e+00
   1.9695864e+00
   1.9678840e+00
   1.9661921e+00
   1.9645107e+00
   1.9628394e+00
   1.9611782e+00
   1.9595269e+00
   1.9578853e+00
   1.9562532e+00
   1.9546304e+00
   1.9530169e+00
   1.9514125e+00
   1.9498169e+00
   1.9482301e+00
   1.9466519e+00
   1.9450822e+00
   1.9435208e+00
   1.9419676e+00
   1.9404224e+00
   1.9388852e+00
   1.9373557e+00
   1.9358339e+00
   1.9343196e+00
   1.9328127e+00
   1.9313131e+00
   1.9298206e+00
   1.9283352e+00
   1.9268567e+00
   1.9253851e+00
   1.9239201e+00
   1.9224617e+00
   1.9210099e+00
   1.9195644e+00
   1.9181251e+00
   1.9166921e+00
   1.9152651e+00
   1.9138442e+00
   1.9124291e+00
   1.9110197e+00
   1.9096161e+00
   1.9082181e+00
   1.9068257e+00
   1.9054386e+00
   1.9040569e+00
   1.9026805e+00
   1.9013093e+00
   1.8999431e+00
   1.8985820e+00
   1.8972258e+00
   1.8958745e+00
   1.8945280e+00
   1.8931862e+00
   1.8918491e+00
   1.8905165e+00
   1.8891885e+00
   1.8878649e+00
   1.8865456e+00
   1.8852307e+00
   1.8839200e+00
   1.8826135e+00
   1.8813111e+00
   1.8800128e+00
   1.8787185e+00
   1.8774281e+00
   1.8761416e+00
   1.8748589e+00
   1.8735800e+00
   1.8723048e+00
   1.8710333e+00
   1.8697654e+00
   1.8685010e+00
   1.8672402e+00
   1.8659828e+00
   1.8647289e+00
   1.8634783e+00
   1.8622310e+00
   1.8609870e+00
   1.8597462e+00
   1.8585086e+00
   1.8572742e+00
   1.8560428e+00
   1.8548145e+00
   1.8535893e+00
   1.8523669e+00
   1.8511476e+00
   1.8499311e+00
   1.8487175e+00
   1.8475067e+00
   1.8462987e+00
   1.8450935e+00
   1.8438909e+00
   1.8426911e+00
   1.8414939e+00
   1.8402993e+00
   1.8391073e+00
   1.8379178e+00
   1.8367309e+00
   1.8355464e+00
   1.8343644e+00
   1.8331849e+00
   1.8320077e+00
   1.8308329e+00
   1.8296604e+00
   1.8284903e+00
   1.8273224e+00
   1.8261568e+00
   1.8249935e+00
   1.8238323e+00
   1.8226733e+00
   1.8215165e+00
   1.8203618e+00
   1.8192092e+00
   1.8180588e+00
   1.8169103e+00
   1.8157640e+00
   1.8146196e+00
   1.8134772e+00
   1.8123368e+00
   1.8111984e+00
   1.8100619e+00
   1.8089273e+00
   1.8077947e+00
   1.8066638e+00
   1.8055349e+00
   1.8044078e+00
   1.8032825e+00
   1.8021590e+00
   1.8010373e+00
   1.7999174e+00
   1.7987992e+00
   1.7976827e+00
   1.7965680e+00
   1.7954549e+00
   1.7943436e+00
   1.7932339e+00
   1.7921258e+00
   1.7910194e+00
   1.7899147e+00
   1.7888115e+00
   1.7877099e+00
   1.7866099e+00
   1.7855115e+00
   1.7844146e+00
   1.7833193e+00
   1.7822255e+00
   1.7811332e+00
   1.7800424e+00
   1.7789531e+00
   1.7778653e+00
   1.7767790e+00
   1.7756941e+00
   1.7746106e+00
   1.7735286e+00
   1.7724479e+00
   1.7713687e+00
   1.7702909e+00
   1.7692145e+00
   1.7681395e+00
   1.7670658e+00
   1.7659935e+00
   1.7649225e+00
   1.7638528e+00
   1.7627845e+00
   1.7617175e+00
   1.7606518e+00
   1.7595875e+00
   1.7585244e+00
   1.7574625e+00
   1.7564020e+00
   1.7553427e+00
   1.7542847e+00
   1.7532279e+00
   1.7521724e+00
   1.7511181e+00
   1.7500650e+00
   1.7490131e+00
   1.7479625e+00
   1.7469130e+00
   1.7458648e+00
   1.7448177e+00
   1.7437718e+00
   1.7427271e+00
   1.7416835e+00
   1.7406411e+00
   1.7395999e+00
   1.7385598e+00
   1.7375209e+00
   1.7364830e+00
   1.7354463e+00
   1.7344108e+00
   1.7333763e+00
   1.7323430e+00
   1.7313107e+00
   1.7302796e+00
   1.7292495e+00
   1.7282206e+00
   1.7271927e+00
   1.7261659e+00
   1.7251401e+00
   1.7241154e+00
   1.7230918e+00
   1.7220693e+00
   1.7210478e+00
   1.7200273e+00
   1.7190079e+00
   1.7179895e+00
   1.7169721e+00
   1.7159558e+00
   1.7149405e+00
   1.7139262e+00
   1.7129129e+00
   1.7119006e+00
   1.7108893e+00
   1.7098791e+00
   1.7088698e+00
   1.7078615e+00
   1.7068542e+00
   1.7058479e+00
   1.7048426e+00
   1.7038382e+00
   1.7028348e+00
   1.7018324e+00
   1.7008309e+00
   1.6998305e+00
   1.6988309e+00
   1.6978323e+00
   1.6968347e+00
   1.6958380e+00
   1.6948423e+00
   1.6938474e+00
   1.6928536e+00
   1.6918606e+00
   1.6908686e+00
   1.6898775e+00
   1.6888874e+00
   1.6878981e+00
   1.6869098e+00
   1.6859224e+00
   1.6849359e+00
   1.6839503e+00
   1.6829656e+00
   1.6819818e+00
   1.6809989e+00
   1.6800169e+00
   1.6790358e+00
   1.6780556e+00
   1.6770763e+00
   1.6760979e+00
   1.6751203e+00
   1.6741436e+00
   1.6731678e+00
   1.6721929e+00
   1.6712188e+00
   1.6702457e+00
   1.6692733e+00
   1.6683019e+00
   1.6673313e+00
   1.6663616e+00
   1.6653927e+00
   1.6644247e+00
   1.6634575e+00
   1.6624912e+00
   1.6615257e+00
   1.6605611e+00
   1.6595973e+00
   1.6586344e+00
   1.6576723e+00
   1.6567110e+00
   1.6557506e+00
   1.6547910e+00
   1.6538322e+00
   1.6528743e+00
   1.6519172e+00
   1.6509609e+00
   1.6500054e+00
   1.6490508e+00
   1.6480970e+00
   1.6471439e+00
   1.6461917e+00
   1.6452404e+00
   1.6442898e+00
   1.6433400e+00
   1.6423911e+00
   1.6414429e+00
   1.6404956e+00
   1.6395490e+00
   1.6386033e+00
   1.6376583e+00
   1.6367142e+00
   1.6357708e+00
   1.6348282e+00
   1.6338865e+00
   1.6329455e+00
   1.6320053e+00
   1.6310659e+00
   1.6301272e+00
   1.6291894e+00
   1.6282523e+00
   1.6273160e+00
   1.6263805e+00
   1.6254458e+00
   1.6245118e+00
   1.6235786e+00
   1.6226462e+00
   1.6217146e+00
   1.6207837e+00
   1.6198536e+00
   1.6189243e+00
   1.6179957e+00
   1.6170678e+00
   1.6161408e+00
   1.6152145e+00
   1.6142889e+00
   1.6133642e+00
   1.6124401e+00
   1.6115168e+00
   1.6105943e+00
   1.6096725e+00
   1.6087515e+00
   1.6078312e+00
   1.6069117e+00
   1.6059929e+00
   1.6050749e+00
   1.6041576e+00
   1.6032410e+00
   1.6023252e+00
   1.6014101e+00
   1.6004958e+00
   1.5995822e+00
   1.5986693e+00
   1.5977571e+00
   1.5968457e+00
   1.5959351e+00
   1.5950251e+00
   1.5941159e+00
   1.5932074e+00
   1.5922996e+00
   1.5913926e+00
   1.5904863e+00
   1.5895807e+00
   1.5886758e+00
   1.5877716e+00
   1.5868682e+00
   1.5859655e+00
   1.5850634e+00
   1.5841622e+00
   1.5832616e+00
   1.5823617e+00
   1.5814625e+00
   1.5805641e+00
   1.5796664e+00
   1.5787693e+00
   1.5778730e+00
   1.5769774e+00
   1.5760825e+00
   1.5751883e+00
   1.5742948e+00
   1.5734020e+00
   1.5725098e+00
   1.5716184e+00
   1.5707277e+00
   1.5698377e+00
   1.5689484e+00
   1.5680598e+00
   1.5671718e+00
   1.5662846e+00
   1.5653980e+00
   1.5645122e+00
   1.5636270e+00
   1.5627425e+00
   1.5618587e+00
   1.5609756e+00
   1.5600932e+00
   1.5592115e+00
   1.5583304e+00
   1.5574500e+00
   1.5565703e+00
   1.5556913e+00
   1.5548130e+00
   1.5539353e+00
   1.5530584e+00
   1.5521821e+00
   1.5513064e+00
   1.5504315e+00
   1.5495572e+00
   1.5486836e+00
   1.5478106e+00
   1.5469384e+00
   1.5460668e+00
   1.5451958e+00
   1.5443256e+00
   1.5434559e+00
   1.5425870e+00
   1.5417187e+00
   1.5408511e+00
   1.5399842e+00
   1.5391179e+00
   1.5382523e+00
   1.5373873e+00
   1.5365230e+00
   1.5356593e+00
   1.5347963e+00
   1.5339340e+00
   1.5330723e+00
   1.5322113e+00
   1.5313509e+00
   1.5304912e+00
   1.5296321e+00
   1.5287737e+00
   1.5279159e+00
   1.5270588e+00
   1.5262023e+00
   1.5253465e+00
   1.5244913e+00
   1.5236367e+00
   1.5227828e+00
   1.5219296e+00
   1.5210770e+00
   1.5202250e+00
   1.5193737e+00
   1.5185230e+00
   1.5176729e+00
   1.5168235e+00
   1.5159747e+00
   1.5151266e+00
   1.5142791e+00
   1.5134322e+00
   1.5125860e+00
   1.5117404e+00
   1.5108954e+00
   1.5100510e+00
   1.5092073e+00
   1.5083642e+00
   1.5075218e+00
   1.5066800e+00
   1.5058388e+00
   1.5049982e+00
   1.5041582e+00
   1.5033189e+00
   1.5024802e+00
   1.5016421e+00
   1.5008047e+00
   1.4999678e+00
   1.4991316e+00
   1.4982960e+00
   1.4974610e+00
   1.4966267e+00
   1.4957929e+00
   1.4949598e+00
   1.4941273e+00
   1.4932954e+00
   1.4924641e+00
   1.4916334e+00
   1.4908033e+00
   1.4899739e+00
   1.4891451e+00
   1.4883168e+00
   1.4874892e+00
   1.4866622e+00
   1.4858358e+00
   1.4850100e+00
   1.4841848e+00
   1.4833602e+00
   1.4825362e+00
   1.4817129e+00
   1.4808901e+00
   1.4800679e+00
   1.4792463e+00
   1.4784254e+00
   1.4776050e+00
   1.4767852e+00
   1.4759660e+00
   1.4751475e+00
   1.4743295e+00
   1.4735121e+00
   1.4726953e+00
   1.4718791e+00
   1.4710635e+00
   1.4702485e+00
   1.4694341e+00
   1.4686203e+00
   1.4678070e+00
   1.4669944e+00
   1.4661824e+00
   1.4653709e+00
   1.4645600e+00
   1.4637497e+00
   1.4629400e+00
   1.4621309e+00
   1.4613224e+00
   1.4605144e+00
   1.4597071e+00
   1.4589003e+00
   1.4580941e+00
   1.4572885e+00
   1.4564834e+00
   1.4556790e+00
   1.4548751e+00
   1.4540718e+00
   1.4532691e+00
   1.4524669e+00
   1.4516654e+00
   1.4508644e+00
   1.4500640e+00
   1.4492641e+00
   1.4484648e+00
   1.4476661e+00
   1.4468680e+00
   1.4460705e+00
   1.4452735e+00
   1.4444771e+00
   1.4436812e+00
   1.4428860e+00
   1.4420913e+00
   1.4412971e+00
   1.4405036e+00
   1.4397106e+00
   1.4389181e+00
   1.4381262e+00
   1.4373349e+00
   1.4365442e+00
   1.4357540e+00
   1.4349644e+00
   1.4341753e+00
   1.4333868e+00
   1.4325989e+00
   1.4318115e+00
   1.4310247e+00
   1.4302384e+00
   1.4294527e+00
   1.4286676e+00
   1.4278830e+00
   1.4270989e+00
   1.4263155e+00
   1.4255325e+00
   1.4247502e+00
   1.4239683e+00
   1.4231871e+00
   1.4224063e+00
   1.4216262e+00
   1.4208466e+00
   1.4200675e+00
   1.4192890e+00
   1.4185110e+00
   1.4177336e+00
   1.4169567e+00
   1.4161804e+00
   1.4154046e+00
   1.4146294e+00
   1.4138547e+00
   1.4130805e+00
   1.4123069e+00
   1.4115339e+00
   1.4107613e+00
   1.4099894e+00
   1.4092179e+00
   1.4084470e+00
   1.4076767e+00
   1.4069068e+00
   1.4061376e+00
   1.4053688e+00
   1.4046006e+00
   1.4038329e+00
   1.4030658e+00
   1.4022992e+00
   1.4015331e+00
   1.4007676e+00
   1.4000026e+00
   1.3992381e+00
   1.3984742e+00
   1.3977108e+00
   1.3969479e+00
   1.3961856e+00
   1.3954238e+00
   1.3946625e+00
   1.3939017e+00
   1.3931415e+00
   1.3923818e+00
   1.3916226e+00
   1.3908640e+00
   1.3901059e+00
   1.3893483e+00
   1.3885912e+00
   1.3878347e+00
   1.3870786e+00
   1.3863231e+00
   1.3855682e+00
   1.3848137e+00
   1.3840598e+00
   1.3833063e+00
   1.3825534e+00
   1.3818011e+00
   1.3810492e+00
   1.3802979e+00
   1.3795470e+00
   1.3787967e+00
   1.3780469e+00
   1.3772977e+00
   1.3765489e+00
   1.3758007e+00
   1.3750529e+00
   1.3743057e+00
   1.3735590e+00
   1.3728128e+00
   1.3720671e+00
   1.3713219e+00
   1.3705773e+00
   1.3698331e+00
   1.3690895e+00
   1.3683464e+00
   1.3676037e+00
   1.3668616e+00
   1.3661200e+00
   1.3653789e+00
   1.3646383e+00
   1.3638982e+00
   1.3631586e+00
   1.3624195e+00
   1.3616810e+00
   1.3609429e+00
   1.3602053e+00
   1.3594682e+00
   1.3587317e+00
   1.3579956e+00
   1.3572600e+00
   1.3565250e+00
   1.3557904e+00
   1.3550563e+00
   1.3543228e+00
   1.3535897e+00
   1.3528571e+00
   1.3521250e+00
   1.3513934e+00
   1.3506624e+00
   1.3499318e+00
   1.3492017e+00
   1.3484721e+00
   1.3477429e+00
   1.3470143e+00
   1.3462862e+00
   1.3455586e+00
   1.3448314e+00
   1.3441048e+00
   1.3433786e+00
   1.3426529e+00
   1.3419278e+00
   1.3412031e+00
   1.3404789e+00
   1.3397551e+00
   1.3390319e+00
   1.3383092e+00
   1.3375869e+00
   1.3368651e+00
   1.3361438e+00
   1.3354230e+00
   1.3347027e+00
   1.3339829e+00
   1.3332635e+00
   1.3325447e+00
   1.3318263e+00
   1.3311084e+00
   1.3303910e+00
   1.3296740e+00
   1.3289575e+00
   1.3282416e+00
   1.3275261e+00
   1.3268110e+00
   1.3260965e+00
   1.3253824e+00
   1.3246688e+00
   1.3239557e+00
   1.3232431e+00
   1.3225309e+00
   1.3218192e+00
   1.3211080e+00
   1.3203972e+00
   1.3196870e+00
   1.3189772e+00
   1.3182678e+00
   1.3175590e+00
   1.3168506e+00
   1.3161427e+00
   1.3154353e+00
   1.3147283e+00
   1.3140218e+00
   1.3133158e+00
   1.3126102e+00
   1.3119051e+00
   1.3112005e+00
   1.3104963e+00
   1.3097926e+00
   1.3090894e+00
   1.3083866e+00
   1.3076843e+00
   1.3069825e+00
   1.3062811e+00
   1.3055802e+00
   1.3048798e+00
   1.3041798e+00
   1.3034803e+00
   1.3027812e+00
   1.3020826e+00
   1.3013845e+00
   1.3006868e+00
   1.2999896e+00
   1.2992929e+00
   1.2985966e+00
   1.2979008e+00
   1.2972054e+00
   1.2965105e+00
   1.2958160e+00
   1.2951220e+00
   1.2944285e+00
   1.2937354e+00
   1.2930427e+00
   1.2923505e+00
   1.2916588e+00
   1.2909675e+00
   1.2902767e+00
   1.2895863e+00
   1.2888964e+00
   1.2882070e+00
   1.2875180e+00
   1.2868294e+00
   1.2861413e+00
   1.2854536e+00
   1.2847664e+00
   1.2840797e+00
   1.2833933e+00
   1.2827075e+00
   1.2820221e+00
   1.2813371e+00
   1.2806526e+00
   1.2799685e+00
   1.2792849e+00
   1.2786017e+00
   1.2779190e+00
   1.2772367e+00
   1.2765548e+00
   1.2758734e+00
   1.2751924e+00
   1.2745119e+00
   1.2738319e+00
   1.2731522e+00
   1.2724730e+00
   1.2717943e+00
   1.2711160e+00
   1.2704381e+00
   1.2697607e+00
   1.2690837e+00
   1.2684071e+00
   1.2677310e+00
   1.2670554e+00
   1.2663801e+00
   1.2657053e+00
   1.2650310e+00
   1.2643570e+00
   1.2636835e+00
   1.2630105e+00
   1.2623379e+00
   1.2616657e+00
   1.2609939e+00
   1.2603226e+00
   1.2596517e+00
   1.2589813e+00
   1.2583113e+00
   1.2576417e+00
   1.2569725e+00
   1.2563038e+00
   1.2556355e+00
   1.2549677e+00
   1.2543003e+00
   1.2536333e+00
   1.2529667e+00
   1.2523005e+00
   1.2516348e+00
   1.2509695e+00
   1.2503047e+00
   1.2496403e+00
   1.2489763e+00
   1.2483127e+00
   1.2476495e+00
   1.2469868e+00
   1.2463245e+00
   1.2456626e+00
   1.2450012e+00
   1.2443402e+00
   1.2436795e+00
   1.2430194e+00
   1.2423596e+00
   1.2417003e+00
   1.2410414e+00
   1.2403829e+00
   1.2397248e+00
   1.2390671e+00
   1.2384099e+00
   1.2377531e+00
   1.2370967e+00
   1.2364407e+00
   1.2357852e+00
   1.2351301e+00
   1.2344753e+00
   1.2338210e+00
   1.2331672e+00
   1.2325137e+00
   1.2318606e+00
   1.2312080e+00
   1.2305558e+00
   1.2299040e+00
   1.2292526e+00
   1.2286016e+00
   1.2279511e+00
   1.2273009e+00
   1.2266512e+00
   1.2260018e+00
   1.2253529e+00
   1.2247044e+00
   1.2240564e+00
   1.2234087e+00
   1.2227614e+00
   1.2221146e+00
   1.2214681e+00
   1.2208221e+00
   1.2201764e+00
   1.2195312e+00
   1.2188864e+00
   1.2182420e+00
   1.2175980e+00
   1.2169544e+00
   1.2163113e+00
   1.2156685e+00
   1.2150261e+00
   1.2143842e+00
   1.2137426e+00
   1.2131015e+00
   1.2124607e+00
   1.2118204e+00
   1.2111804e+00
   1.2105409e+00
   1.2099018e+00
   1.2092630e+00
   1.2086247e+00
   1.2079868e+00
   1.2073493e+00
   1.2067121e+00
   1.2060754e+00
   1.2054391e+00
   1.2048032e+00
   1.2041677e+00
   1.2035325e+00
   1.2028978e+00
   1.2022635e+00
   1.2016296e+00
   1.2009960e+00
   1.2003629e+00
   1.1997302e+00
   1.1990978e+00
   1.1984659e+00
   1.1978343e+00
   1.1972032e+00
   1.1965724e+00
   1.1959421e+00
   1.1953121e+00
   1.1946825e+00
   1.1940534e+00
   1.1934246e+00
   1.1927962e+00
   1.1921682e+00
   1.1915406e+00
   1.1909134e+00
   1.1902866e+00
   1.1896601e+00
   1.1890341e+00
   1.1884084e+00
   1.1877832e+00
   1.1871583e+00
   1.1865338e+00
   1.1859097e+00
   1.1852860e+00
   1.1846627e+00
   1.1840398e+00
   1.1834173e+00
   1.1827951e+00
   1.1821734e+00
   1.1815520e+00
   1.1809310e+00
   1.1803104e+00
   1.1796902e+00
   1.1790703e+00
   1.1784509e+00
   1.1778318e+00
   1.1772131e+00
   1.1765948e+00
   1.1759769e+00
   1.1753594e+00
   1.1747423e+00
   1.1741255e+00
   1.1735091e+00
   1.1728931e+00
   1.1722775e+00
   1.1716623e+00
   1.1710474e+00
   1.1704329e+00
   1.1698188e+00
   1.1692051e+00
   1.1685918e+00
   1.1679788e+00
   1.1673663e+00
   1.1667541e+00
   1.1661422e+00
   1.1655308e+00
   1.1649197e+00
   1.1643090e+00
   1.1636987e+00
   1.1630888e+00
   1.1624792e+00
   1.1618700e+00
   1.1612612e+00
   1.1606528e+00
   1.1600447e+00
   1.1594370e+00
   1.1588297e+00
   1.1582228e+00
   1.1576162e+00
   1.1570100e+00
   1.1564042e+00
   1.1557988e+00
   1.1551937e+00
   1.1545890e+00
   1.1539847e+00
   1.1533807e+00
   1.1527771e+00
   1.1521739e+00
   1.1515711e+00
   1.1509686e+00
   1.1503665e+00
   1.1497647e+00
   1.1491633e+00
   1.1485623e+00
   1.1479617e+00
   1.1473614e+00
   1.1467615e+00
   1.1461620e+00
   1.1455628e+00
   1.1449640e+00
   1.1443656e+00
   1.1437675e+00
   1.1431698e+00
   1.1425725e+00
   1.1419755e+00
   1.1413789e+00
   1.1407827e+00
   1.1401868e+00
   1.1395913e+00
   1.1389961e+00
   1.1384013e+00
   1.1378069e+00
   1.1372129e+00
   1.1366192e+00
   1.1360258e+00
   1.1354328e+00
   1.1348402e+00
   1.1342480e+00
   1.1336561e+00
   1.1330645e+00
   1.1324733e+00
   1.1318825e+00
   1.1312921e+00
   1.1307020e+00
   1.1301122e+00
   1.1295229e+00
   1.1289338e+00
   1.1283452e+00
   1.1277569e+00
   1.1271689e+00
   1.1265813e+00
   1.1259941e+00
   1.1254072e+00
   1.1248207e+00
   1.1242345e+00
   1.1236487e+00
   1.1230632e+00
   1.1224781e+00
   1.1218934e+00
   1.1213090e+00
   1.1207249e+00
   1.1201412e+00
   1.1195579e+00
   1.1189749e+00
   1.1183923e+00
   1.1178100e+00
   1.1172281e+00
   1.1166465e+00
   1.1160653e+00
   1.1154844e+00
   1.1149039e+00
   1.1143237e+00
   1.1137439e+00
   1.1131644e+00
   1.1125853e+00
   1.1120065e+00
   1.1114281e+00
   1.1108500e+00
   1.1102723e+00
   1.1096949e+00
   1.1091178e+00
   1.1085412e+00
   1.1079648e+00
   1.1073888e+00
   1.1068132e+00
   1.1062379e+00
   1.1056629e+00
   1.1050883e+00
   1.1045141e+00
   1.1039401e+00
   1.1033666e+00
   1.1027933e+00
   1.1022205e+00
   1.1016479e+00
   1.1010757e+00
   1.1005039e+00
   1.0999324e+00
   1.0993612e+00
   1.0987904e+00
   1.0982199e+00
   1.0976498e+00
   1.0970800e+00
   1.0965105e+00
   1.0959414e+00
   1.0953726e+00
   1.0948042e+00
   1.0942361e+00
   1.0936683e+00
   1.0931009e+00
   1.0925338e+00
   1.0919671e+00
   1.0914007e+00
   1.0908346e+00
   1.0902689e+00
   1.0897035e+00
   1.0891385e+00
   1.0885738e+00
   1.0880094e+00
   1.0874454e+00
   1.0868817e+00
   1.0863183e+00
   1.0857553e+00
   1.0851926e+00
   1.0846303e+00
   1.0840682e+00
   1.0835066e+00
   1.0829452e+00
   1.0823842e+00
   1.0818235e+00
   1.0812632e+00
   1.0807032e+00
   1.0801435e+00
   1.0795841e+00
   1.0790251e+00
   1.0784664e+00
   1.0779081e+00
   1.0773501e+00
   1.0767924e+00
   1.0762350e+00
   1.0756780e+00
   1.0751213e+00
   1.0745649e+00
   1.0740089e+00
   1.0734532e+00
   1.0728978e+00
   1.0723428e+00
   1.0717881e+00
   1.0712337e+00
   1.0706796e+00
   1.0701259e+00
   1.0695725e+00
   1.0690194e+00
   1.0684667e+00
   1.0679143e+00
   1.0673622e+00
   1.0668104e+00
   1.0662590e+00
   1.0657079e+00
   1.0651571e+00
   1.0646066e+00
   1.0640565e+00
   1.0635067e+00
   1.0629572e+00
   1.0624080e+00
   1.0618592e+00
   1.0613107e+00
   1.0607625e+00
   1.0602146e+00
   1.0596671e+00
   1.0591199e+00
   1.0585730e+00
   1.0580264e+00
   1.0574801e+00
   1.0569342e+00
   1.0563886e+00
   1.0558433e+00
   1.0552984e+00
   1.0547537e+00
   1.0542094e+00
   1.0536654e+00
   1.0531217e+00
   1.0525784e+00
   1.0520353e+00
   1.0514926e+00
   1.0509502e+00
   1.0504081e+00
   1.0498663e+00
   1.0493249e+00
   1.0487838e+00
   1.0482429e+00
   1.0477025e+00
   1.0471623e+00
   1.0466224e+00
   1.0460829e+00
   1.0455436e+00
   1.0450047e+00
   1.0444661e+00
   1.0439279e+00
   1.0433899e+00
   1.0428523e+00
   1.0423149e+00
   1.0417779e+00
   1.0412412e+00
   1.0407048e+00
   1.0401687e+00
   1.0396330e+00
   1.0390975e+00
   1.0385624e+00
   1.0380276e+00
   1.0374931e+00
   1.0369589e+00
   1.0364250e+00
   1.0358914e+00
   1.0353582e+00
   1.0348252e+00
   1.0342926e+00
   1.0337603e+00
   1.0332283e+00
   1.0326966e+00
   1.0321652e+00
   1.0316341e+00
   1.0311033e+00
   1.0305729e+00
   1.0300427e+00
   1.0295129e+00
   1.0289833e+00
   1.0284541e+00
   1.0279252e+00
   1.0273966e+00
   1.0268683e+00
   1.0263403e+00
   1.0258126e+00
   1.0252852e+00
   1.0247581e+00
   1.0242314e+00
   1.0237049e+00
   1.0231788e+00
   1.0226529e+00
   1.0221274e+00
   1.0216021e+00
   1.0210772e+00
   1.0205526e+00
   1.0200283e+00
   1.0195042e+00
   1.0189805e+00
   1.0184571e+00
   1.0179340e+00
   1.0174112e+00
   1.0168887e+00
   1.0163665e+00
   1.0158446e+00
   1.0153231e+00
   1.0148018e+00
   1.0142808e+00
   1.0137601e+00
   1.0132397e+00
   1.0127197e+00
   1.0121999e+00
   1.0116804e+00
   1.0111612e+00
   1.0106424e+00
   1.0101238e+00
   1.0096055e+00
   1.0090875e+00
   1.0085699e+00
   1.0080525e+00
   1.0075354e+00
   1.0070186e+00
   1.0065022e+00
   1.0059860e+00
   1.0054701e+00
   1.0049545e+00
   1.0044392e+00
   1.0039243e+00
   1.0034096e+00
   1.0028952e+00
   1.0023811e+00
   1.0018673e+00
   1.0013538e+00
   1.0008406e+00
   1.0003277e+00
   9.9981505e-01
   9.9930273e-01
   9.9879071e-01
   9.9827898e-01
   9.9776755e-01
   9.9725641e-01
   9.9674556e-01
   9.9623501e-01
   9.9572476e-01
   9.9521480e-01
   9.9470513e-01
   9.9419575e-01
   9.9368667e-01
   9.9317788e-01
   9.9266938e-01
   9.9216118e-01
   9.9165327e-01
   9.9114565e-01
   9.9063832e-01
   9.9013128e-01
   9.8962454e-01
   9.8911808e-01
   9.8861192e-01
   9.8810604e-01
   9.8760046e-01
   9.8709517e-01
   9.8659017e-01
   9.8608545e-01
   9.8558103e-01
   9.8507690e-01
   9.8457305e-01
   9.8406949e-01
   9.8356623e-01
   9.8306325e-01
   9.8256056e-01
   9.8205815e-01
   9.8155604e-01
   9.8105421e-01
   9.8055267e-01
   9.8005142e-01
   9.7955045e-01
   9.7904977e-01
   9.7854938e-01
   9.7804927e-01
   9.7754945e-01
   9.7704992e-01
   9.7655067e-01
   9.7605170e-01
   9.7555303e-01
   9.7505463e-01
   9.7455652e-01
   9.7405870e-01
   9.7356116e-01
   9.7306390e-01
   9.7256693e-01
   9.7207024e-01
   9.7157384e-01
   9.7107772e-01
   9.7058188e-01
   9.7008632e-01
   9.6959105e-01
   9.6909606e-01
   9.6860135e-01
   9.6810693e-01
   9.6761278e-01
   9.6711892e-01
   9.6662534e-01
   9.6613204e-01
   9.6563902e-01
   9.6514628e-01
   9.6465382e-01
   9.6416164e-01
   9.6366975e-01
   9.6317813e-01
   9.6268679e-01
   9.6219573e-01
   9.6170495e-01
   9.6121445e-01
   9.6072423e-01
   9.6023429e-01
   9.5974462e-01
   9.5925524e-01
   9.5876613e-01
   9.5827730e-01
   9.5778875e-01
   9.5730047e-01
   9.5681248e-01
   9.5632476e-01
   9.5583731e-01
   9.5535014e-01
   9.5486325e-01
   9.5437664e-01
   9.5389030e-01
   9.5340424e-01
   9.5291845e-01
   9.5243294e-01
   9.5194770e-01
   9.5146274e-01
   9.5097805e-01
   9.5049364e-01
   9.5000950e-01
   9.4952564e-01
   9.4904205e-01
   9.4855874e-01
   9.4807569e-01
   9.4759292e-01
   9.4711043e-01
   9.4662821e-01
   9.4614626e-01
   9.4566458e-01
   9.4518317e-01
   9.4470204e-01
   9.4422118e-01
   9.4374059e-01
   9.4326027e-01
   9.4278023e-01
   9.4230045e-01
   9.4182095e-01
   9.4134172e-01
   9.4086275e-01
   9.4038406e-01
   9.3990564e-01
   9.3942749e-01
   9.3894961e-01
   9.3847199e-01
   9.3799465e-01
   9.3751758e-01
   9.3704077e-01
   9.3656424e-01
   9.3608797e-01
   9.3561197e-01
   9.3513624e-01
   9.3466078e-01
   9.3418558e-01
   9.3371065e-01
   9.3323599e-01
   9.3276160e-01
   9.3228748e-01
   9.3181362e-01
   9.3134003e-01
   9.3086670e-01
   9.3039364e-01
   9.2992085e-01
   9.2944832e-01
   9.2897606e-01
   9.2850407e-01
   9.2803233e-01
   9.2756087e-01
   9.2708967e-01
   9.2661873e-01
   9.2614806e-01
   9.2567766e-01
   9.2520751e-01
   9.2473764e-01
   9.2426802e-01
   9.2379867e-01
   9.2332958e-01
   9.2286076e-01
   9.2239220e-01
   9.2192390e-01
   9.2145587e-01
   9.2098809e-01
   9.2052058e-01
   9.2005333e-01
   9.1958635e-01
   9.1911962e-01
   9.1865316e-01
   9.1818696e-01
   9.1772102e-01
   9.1725534e-01
   9.1678992e-01
   9.1632476e-01
   9.1585986e-01
   9.1539522e-01
   9.1493085e-01
   9.1446673e-01
   9.1400287e-01
   9.1353927e-01
   9.1307593e-01
   9.1261285e-01
   9.1215003e-01
   9.1168747e-01
   9.1122517e-01
   9.1076312e-01
   9.1030133e-01
   9.0983980e-01
   9.0937853e-01
   9.0891752e-01
   9.0845676e-01
   9.0799627e-01
   9.0753602e-01
   9.0707604e-01
   9.0661631e-01
   9.0615684e-01
   9.0569762e-01
   9.0523867e-01
   9.0477996e-01
   9.0432152e-01
   9.0386333e-01
   9.0340539e-01
   9.0294771e-01
   9.0249028e-01
   9.0203311e-01
   9.0157620e-01
   9.0111954e-01
   9.0066313e-01
   9.0020698e-01
   8.9975108e-01
   8.9929544e-01
   8.9884005e-01
   8.9838491e-01
   8.9793002e-01
   8.9747539e-01
   8.9702102e-01
   8.9656689e-01
   8.9611302e-01
   8.9565940e-01
   8.9520603e-01
   8.9475292e-01
   8.9430005e-01
   8.9384744e-01
   8.9339508e-01
   8.9294297e-01
   8.9249111e-01
   8.9203951e-01
   8.9158815e-01
   8.9113705e-01
   8.9068619e-01
   8.9023559e-01
   8.8978523e-01
   8.8933513e-01
   8.8888527e-01
   8.8843567e-01
   8.8798631e-01
   8.8753721e-01
   8.8708835e-01
   8.8663974e-01
   8.8619138e-01
   8.8574327e-01
   8.8529541e-01
   8.8484780e-01
   8.8440043e-01
   8.8395331e-01
   8.8350644e-01
   8.8305982e-01
   8.8261344e-01
   8.8216732e-01
   8.8172143e-01
   8.8127580e-01
   8.8083041e-01
   8.8038527e-01
   8.7994038e-01
   8.7949573e-01
   8.7905133e-01
   8.7860717e-01
   8.7816326e-01
   8.7771959e-01
   8.7727617e-01
   8.7683300e-01
   8.7639007e-01
   8.7594738e-01
   8.7550494e-01
   8.7506274e-01
   8.7462079e-01
   8.7417908e-01
   8.7373762e-01
   8.7329640e-01
   8.7285542e-01
   8.7241469e-01
   8.7197420e-01
   8.7153395e-01
   8.7109395e-01
   8.7065419e-01
   8.7021467e-01
   8.6977540e-01
   8.6933636e-01
   8.6889757e-01
   8.6845902e-01
   8.6802072e-01
   8.6758265e-01
   8.6714483e-01
   8.6670724e-01
   8.6626990e-01
   8.6583280e-01
   8.6539594e-01
   8.6495932e-01
   8.6452294e-01
   8.6408680e-01
   8.6365090e-01
   8.6321524e-01
   8.6277983e-01
   8.6234465e-01
   8.6190971e-01
   8.6147501e-01
   8.6104054e-01
   8.6060632e-01
   8.6017234e-01
   8.5973859e-01
   8.5930509e-01
   8.5887182e-01
   8.5843879e-01
   8.5800600e-01
   8.5757344e-01
   8.5714113e-01
   8.5670905e-01
   8.5627721e-01
   8.5584560e-01
   8.5541424e-01
   8.5498311e-01
   8.5455221e-01
   8.5412156e-01
   8.5369113e-01
   8.5326095e-01
   8.5283100e-01
   8.5240129e-01
   8.5197181e-01
   8.5154257e-01
   8.5111357e-01
   8.5068480e-01
   8.5025626e-01
   8.4982796e-01
   8.4939990e-01
   8.4897206e-01
   8.4854447e-01
   8.4811711e-01
   8.4768998e-01
   8.4726308e-01
   8.4683642e-01
   8.4641000e-01
   8.4598381e-01
   8.4555785e-01
   8.4513212e-01
   8.4470663e-01
   8.4428137e-01
   8.4385634e-01
   8.4343154e-01
   8.4300698e-01
   8.4258265e-01
   8.4215855e-01
   8.4173469e-01
   8.4131105e-01
   8.4088765e-01
   8.4046448e-01
   8.4004154e-01
   8.3961883e-01
   8.3919635e-01
   8.3877411e-01
   8.3835209e-01
   8.3793030e-01
   8.3750875e-01
   8.3708742e-01
   8.3666633e-01
   8.3624546e-01
   8.3582483e-01
   8.3540442e-01
   8.3498425e-01
   8.3456430e-01
   8.3414458e-01
   8.3372509e-01
   8.3330583e-01
   8.3288680e-01
   8.3246800e-01
   8.3204943e-01
   8.3163108e-01
   8.3121296e-01
   8.3079507e-01
   8.3037741e-01
   8.2995998e-01
   8.2954277e-01
   8.2912579e-01
   8.2870904e-01
   8.2829251e-01
   8.2787622e-01
   8.2746014e-01
   8.2704430e-01
   8.2662868e-01
   8.2621329e-01
   8.2579812e-01
   8.2538318e-01
   8.2496847e-01
   8.2455398e-01
   8.2413971e-01
   8.2372568e-01
   8.2331186e-01
   8.2289828e-01
   8.2248491e-01
   8.2207178e-01
   8.2165886e-01
   8.2124617e-01
   8.2083371e-01
   8.2042147e-01
   8.2000945e-01
   8.1959766e-01
   8.1918609e-01
   8.1877475e-01
   8.1836362e-01
   8.1795273e-01
   8.1754205e-01
   8.1713160e-01
   8.1672137e-01
   8.1631136e-01
   8.1590158e-01
   8.1549202e-01
   8.1508268e-01
   8.1467356e-01
   8.1426467e-01
   8.1385599e-01
   8.1344754e-01
   8.1303931e-01
   8.1263130e-01
   8.1222351e-01
   8.1181595e-01
   8.1140860e-01
   8.1100148e-01
   8.1059457e-01
   8.1018789e-01
   8.0978142e-01
   8.0937518e-01
   8.0896916e-01
   8.0856335e-01
   8.0815777e-01
   8.0775241e-01
   8.0734726e-01
   8.0694234e-01
   8.0653763e-01
   8.0613315e-01
   8.0572888e-01
   8.0532483e-01
   8.0492100e-01
   8.0451739e-01
   8.0411399e-01
   8.0371082e-01
   8.0330786e-01
   8.0290512e-01
   8.0250260e-01
   8.0210030e-01
   8.0169821e-01
   8.0129634e-01
   8.0089469e-01
   8.0049325e-01
   8.0009203e-01
   7.9969103e-01
   7.9929025e-01
   7.9888968e-01
   7.9848933e-01
   7.9808919e-01
   7.9768927e-01
   7.9728957e-01
   7.9689008e-01
   7.9649081e-01
   7.9609175e-01
   7.9569291e-01
   7.9529429e-01
   7.9489588e-01
   7.9449768e-01
   7.9409970e-01
   7.9370193e-01
   7.9330438e-01
   7.9290704e-01
   7.9250992e-01
   7.9211301e-01
   7.9171632e-01
   7.9131983e-01
   7.9092357e-01
   7.9052751e-01
   7.9013167e-01
   7.8973604e-01
   7.8934063e-01
   7.8894543e-01
   7.8855044e-01
   7.8815566e-01
   7.8776110e-01
   7.8736675e-01
   7.8697261e-01
   7.8657869e-01
   7.8618497e-01
   7.8579147e-01
   7.8539818e-01
   7.8500510e-01
   7.8461223e-01
   7.8421958e-01
   7.8382713e-01
   7.8343490e-01
   7.8304287e-01
   7.8265106e-01
   7.8225946e-01
   7.8186807e-01
   7.8147689e-01
   7.8108592e-01
   7.8069516e-01
   7.8030461e-01
   7.7991427e-01
   7.7952414e-01
   7.7913422e-01
   7.7874451e-01
   7.7835500e-01
   7.7796571e-01
   7.7757663e-01
   7.7718775e-01
   7.7679909e-01
   7.7641063e-01
   7.7602238e-01
   7.7563434e-01
   7.7524651e-01
   7.7485888e-01
   7.7447147e-01
   7.7408426e-01
   7.7369726e-01
   7.7331046e-01
   7.7292388e-01
   7.7253750e-01
   7.7215133e-01
   7.7176536e-01
   7.7137961e-01
   7.7099406e-01
   7.7060871e-01
   7.7022357e-01
   7.6983864e-01
   7.6945392e-01
   7.6906940e-01
   7.6868509e-01
   7.6830098e-01
   7.6791708e-01
   7.6753338e-01
   7.6714989e-01
   7.6676661e-01
   7.6638353e-01
   7.6600065e-01
   7.6561798e-01
   7.6523552e-01
   7.6485326e-01
   7.6447120e-01
   7.6408935e-01
   7.6370771e-01
   7.6332626e-01
   7.6294503e-01
   7.6256399e-01
   7.6218316e-01
   7.6180253e-01
   7.6142211e-01
   7.6104189e-01
   7.6066187e-01
   7.6028206e-01
   7.5990245e-01
   7.5952304e-01
   7.5914383e-01
   7.5876483e-01
   7.5838603e-01
   7.5800743e-01
   7.5762903e-01
   7.5725084e-01
   7.5687285e-01
   7.5649506e-01
   7.5611747e-01
   7.5574008e-01
   7.5536290e-01
   7.5498591e-01
   7.5460913e-01
   7.5423255e-01
   7.5385617e-01
   7.5347999e-01
   7.5310401e-01
   7.5272823e-01
   7.5235265e-01
   7.5197728e-01
   7.5160210e-01
   7.5122712e-01
   7.5085234e-01
   7.5047776e-01
   7.5010339e-01
   7.4972921e-01
   7.4935523e-01
   7.4898145e-01
   7.4860787e-01
   7.4823448e-01
   7.4786130e-01
   7.4748832e-01
   7.4711553e-01
   7.4674295e-01
   7.4637056e-01
   7.4599837e-01
   7.4562637e-01
   7.4525458e-01
   7.4488298e-01
   7.4451159e-01
   7.4414039e-01
   7.4376938e-01
   7.4339858e-01
   7.4302797e-01
   7.4265756e-01
   7.4228734e-01
   7.4191733e-01
   7.4154751e-01
   7.4117788e-01
   7.4080845e-01
   7.4043922e-01
   7.4007019e-01
   7.3970135e-01
   7.3933271e-01
   7.3896426e-01
   7.3859601e-01
   7.3822796e-01
   7.3786010e-01
   7.3749244e-01
   7.3712497e-01
   7.3675769e-01
   7.3639062e-01
   7.3602373e-01
   7.3565704e-01
   7.3529055e-01
   7.3492425e-01
   7.3455815e-01
   7.3419224e-01
   7.3382652e-01
   7.3346100e-01
   7.3309567e-01
   7.3273054e-01
   7.3236560e-01
   7.3200085e-01
   7.3163630e-01
   7.3127194e-01
   7.3090777e-01
   7.3054380e-01
   7.3018002e-01
   7.2981643e-01
   7.2945304e-01
   7.2908984e-01
   7.2872683e-01
   7.2836401e-01
   7.2800139e-01
   7.2763895e-01
   7.2727671e-01
   7.2691466e-01
   7.2655281e-01
   7.2619114e-01
   7.2582967e-01
   7.2546839e-01
   7.2510730e-01
   7.2474640e-01
   7.2438569e-01
   7.2402517e-01
   7.2366485e-01
   7.2330471e-01
   7.2294477e-01
   7.2258501e-01
   7.2222545e-01
   7.2186608e-01
   7.2150689e-01
   7.2114790e-01
   7.2078910e-01
   7.2043048e-01
   7.2007206e-01
   7.1971382e-01
   7.1935578e-01
   7.1899792e-01
   7.1864026e-01
   7.1828278e-01
   7.1792549e-01
   7.1756839e-01
   7.1721148e-01
   7.1685476e-01
   7.1649823e-01
   7.1614188e-01
   7.1578573e-01
   7.1542976e-01
   7.1507398e-01
   7.1471838e-01
   7.1436298e-01
   7.1400776e-01
   7.1365273e-01
   7.1329789e-01
   7.1294324e-01
   7.1258877e-01
   7.1223449e-01
   7.1188040e-01
   7.1152649e-01
   7.1117277e-01
   7.1081924e-01
   7.1046589e-01
   7.1011273e-01
   7.0975976e-01
   7.0940697e-01
   7.0905437e-01
   7.0870196e-01
   7.0834973e-01
   7.0799769e-01
   7.0764583e-01
   7.0729416e-01
   7.0694267e-01
   7.0659137e-01
   7.0624025e-01
   7.0588932e-01
   7.0553858e-01
   7.0518801e-01
   7.0483764e-01
   7.0448745e-01
   7.0413744e-01
   7.0378762e-01
   7.0343798e-01
   7.0308852e-01
   7.0273925e-01
   7.0239017e-01
   7.0204126e-01
   7.0169255e-01
   7.0134401e-01
   7.0099566e-01
   7.0064749e-01
   7.0029951e-01
   6.9995170e-01
   6.9960408e-01
   6.9925665e-01
   6.9890940e-01
   6.9856233e-01
   6.9821544e-01
   6.9786873e-01
   6.9752221e-01
   6.9717587e-01
   6.9682971e-01
   6.9648373e-01
   6.9613794e-01
   6.9579233e-01
   6.9544690e-01
   6.9510165e-01
   6.9475658e-01
   6.9441169e-01
   6.9406699e-01
   6.9372246e-01
   6.9337812e-01
   6.9303396e-01
   6.9268998e-01
   6.9234618e-01
   6.9200256e-01
   6.9165912e-01
   6.9131586e-01
   6.9097278e-01
   6.9062988e-01
   6.9028717e-01
   6.8994463e-01
   6.8960227e-01
   6.8926009e-01
   6.8891809e-01
   6.8857627e-01
   6.8823463e-01
   6.8789317e-01
   6.8755189e-01
   6.8721079e-01
   6.8686986e-01
   6.8652912e-01
   6.8618855e-01
   6.8584817e-01
   6.8550796e-01
   6.8516793e-01
   6.8482808e-01
   6.8448840e-01
   6.8414891e-01
   6.8380959e-01
   6.8347045e-01
   6.8313149e-01
   6.8279270e-01
   6.8245410e-01
   6.8211567e-01
   6.8177742e-01
   6.8143934e-01
   6.8110145e-01
   6.8076373e-01
   6.8042618e-01
   6.8008882e-01
   6.7975163e-01
   6.7941461e-01
   6.7907778e-01
   6.7874112e-01
   6.7840463e-01
   6.7806832e-01
   6.7773219e-01
   6.7739624e-01
   6.7706046e-01
   6.7672485e-01
   6.7638943e-01
   6.7605417e-01
   6.7571910e-01
   6.7538419e-01
   6.7504947e-01
   6.7471492e-01
   6.7438054e-01
   6.7404634e-01
   6.7371231e-01
   6.7337846e-01
   6.7304478e-01
   6.7271128e-01
   6.7237795e-01
   6.7204480e-01
   6.7171182e-01
   6.7137901e-01
   6.7104638e-01
   6.7071392e-01
   6.7038163e-01
   6.7004952e-01
   6.6971759e-01
   6.6938582e-01
   6.6905423e-01
   6.6872282e-01
   6.6839157e-01
   6.6806050e-01
   6.6772960e-01
   6.6739888e-01
   6.6706833e-01
   6.6673795e-01
   6.6640774e-01
   6.6607771e-01
   6.6574784e-01
   6.6541815e-01
   6.6508863e-01
   6.6475929e-01
   6.6443011e-01
   6.6410111e-01
   6.6377228e-01
   6.6344362e-01
   6.6311514e-01
   6.6278682e-01
   6.6245867e-01
   6.6213070e-01
   6.6180290e-01
   6.6147527e-01
   6.6114781e-01
   6.6082052e-01
   6.6049340e-01
   6.6016645e-01
   6.5983967e-01
   6.5951306e-01
   6.5918663e-01
   6.5886036e-01
   6.5853426e-01
   6.5820833e-01
   6.5788258e-01
   6.5755699e-01
   6.5723157e-01
   6.5690632e-01
   6.5658124e-01
   6.5625634e-01
   6.5593160e-01
   6.5560702e-01
   6.5528262e-01
   6.5495839e-01
   6.5463433e-01
   6.5431043e-01
   6.5398670e-01
   6.5366315e-01
   6.5333976e-01
   6.5301653e-01
   6.5269348e-01
   6.5237060e-01
   6.5204788e-01
   6.5172533e-01
   6.5140295e-01
   6.5108074e-01
   6.5075869e-01
   6.5043681e-01
   6.5011510e-01
   6.4979356e-01
   6.4947219e-01
   6.4915098e-01
   6.4882994e-01
   6.4850906e-01
   6.4818835e-01
   6.4786781e-01
   6.4754744e-01
   6.4722723e-01
   6.4690719e-01
   6.4658731e-01
   6.4626761e-01
   6.4594806e-01
   6.4562869e-01
   6.4530948e-01
   6.4499043e-01
   6.4467155e-01
   6.4435284e-01
   6.4403429e-01
   6.4371591e-01
   6.4339770e-01
   6.4307965e-01
   6.4276176e-01
   6.4244404e-01
   6.4212648e-01
   6.4180909e-01
   6.4149187e-01
   6.4117481e-01
   6.4085791e-01
   6.4054118e-01
   6.4022461e-01
   6.3990821e-01
   6.3959197e-01
   6.3927589e-01
   6.3895998e-01
   6.3864424e-01
   6.3832865e-01
   6.3801323e-01
   6.3769798e-01
   6.3738289e-01
   6.3706796e-01
   6.3675319e-01
   6.3643859e-01
   6.3612415e-01
   6.3580988e-01
   6.3549576e-01
   6.3518181e-01
   6.3486803e-01
   6.3455440e-01
   6.3424094e-01
   6.3392764e-01
   6.3361450e-01
   6.3330153e-01
   6.3298872e-01
   6.3267607e-01
   6.3236358e-01
   6.3205125e-01
   6.3173909e-01
   6.3142709e-01
   6.3111525e-01
   6.3080357e-01
   6.3049205e-01
   6.3018069e-01
   6.2986950e-01
