   1.7342334e-05
   1.7281355e-05
   1.7220670e-05
   1.7160275e-05
   1.7100170e-05
   1.7040354e-05
   1.6980826e-05
   1.6921583e-05
   1.6862624e-05
   1.6803949e-05
   1.6745555e-05
   1.6687441e-05
   1.6629607e-05
   1.6572050e-05
   1.6514770e-05
   1.6457765e-05
   1.6401033e-05
   1.6344573e-05
   1.6288385e-05
   1.6232467e-05
   1.6176816e-05
   1.6121434e-05
   1.6066316e-05
   1.6011464e-05
   1.5956875e-05
   1.5902548e-05
   1.5848481e-05
   1.5794674e-05
   1.5741126e-05
   1.5687835e-05
   1.5634799e-05
   1.5582018e-05
   1.5529490e-05
   1.5477214e-05
   1.5425190e-05
   1.5373415e-05
   1.5321888e-05
   1.5270609e-05
   1.5219576e-05
   1.5168788e-05
   1.5118244e-05
   1.5067942e-05
   1.5017882e-05
   1.4968062e-05
   1.4918481e-05
   1.4869138e-05
   1.4820032e-05
   1.4771162e-05
   1.4722526e-05
   1.4674123e-05
   1.4625953e-05
   1.4578014e-05
   1.4530305e-05
   1.4482825e-05
   1.4435573e-05
   1.4388547e-05
   1.4341747e-05
   1.4295172e-05
   1.4248821e-05
   1.4202691e-05
   1.4156783e-05
   1.4111096e-05
   1.4065627e-05
   1.4020377e-05
   1.3975344e-05
   1.3930527e-05
   1.3885925e-05
   1.3841537e-05
   1.3797362e-05
   1.3753399e-05
   1.3709647e-05
   1.3666105e-05
   1.3622772e-05
   1.3579646e-05
   1.3536728e-05
   1.3494015e-05
   1.3451507e-05
   1.3409204e-05
   1.3367103e-05
   1.3325204e-05
   1.3283506e-05
   1.3242008e-05
   1.3200710e-05
   1.3159609e-05
   1.3118706e-05
   1.3077999e-05
   1.3037487e-05
   1.2997169e-05
   1.2957045e-05
   1.2917113e-05
   1.2877373e-05
   1.2837823e-05
   1.2798463e-05
   1.2759292e-05
   1.2720309e-05
   1.2681513e-05
   1.2642902e-05
   1.2604477e-05
   1.2566237e-05
   1.2528179e-05
   1.2490305e-05
   1.2452776e-05
   1.4078988e-05
   1.5657398e-05
   1.7191354e-05
   1.8683732e-05
   2.0138116e-05
   2.1563145e-05
   2.2965261e-05
   2.4349805e-05
   2.5721690e-05
   2.7085900e-05
   2.8447736e-05
   2.9812953e-05
   3.1187870e-05
   3.2579540e-05
   3.3995963e-05
   3.5446382e-05
   3.6941684e-05
   3.8494941e-05
   4.0122136e-05
   4.1843276e-05
   4.3683944e-05
   4.5677754e-05
   4.7870281e-05
   5.0325637e-05
   5.3138381e-05
   5.6455750e-05
   6.0522393e-05
   6.5774485e-05
   7.3036607e-05
   8.3812563e-05
   9.9127271e-05
   9.9073874e-05
   7.9864535e-05
   7.8259495e-05
   9.3939070e-05
   2.0436369e-04
   3.5873145e-03
   8.8052906e-03
   1.5130461e-02
   2.2070909e-02
   2.9299583e-02
   3.6680568e-02
   4.4161279e-02
   5.1720520e-02
   5.9346729e-02
   6.7031778e-02
   7.4768698e-02
   8.2551560e-02
   9.0373871e-02
   9.8229356e-02
   1.0694046e-01
   1.1581012e-01
   1.2483226e-01
   1.3400187e-01
   1.4331345e-01
   1.5255791e-01
   1.6173534e-01
   1.7084576e-01
   1.7988921e-01
   1.8886650e-01
   1.9777686e-01
   2.0662058e-01
   2.1539736e-01
   2.2410767e-01
   2.3275041e-01
   2.4132605e-01
   2.4983425e-01
   2.5827476e-01
   2.6664768e-01
   2.7495309e-01
   2.8319074e-01
   2.9136137e-01
   2.9946431e-01
   3.0750044e-01
   3.1547029e-01
   3.2337439e-01
   3.3121313e-01
   3.3898755e-01
   3.4669814e-01
   3.5434624e-01
   3.6193242e-01
   3.6945762e-01
   3.7692316e-01
   3.8432955e-01
   3.9167839e-01
   3.9897058e-01
   4.0620804e-01
   4.1339164e-01
   4.2052318e-01
   4.2760269e-01
   4.3463203e-01
   4.4161334e-01
   4.4854726e-01
   4.5543528e-01
   4.6227886e-01
   4.6907892e-01
   4.7583695e-01
   4.8255433e-01
   4.8923185e-01
   4.9587166e-01
   5.0247449e-01
   5.0904175e-01
   5.1557450e-01
   5.2207360e-01
   5.2854057e-01
   5.3497650e-01
   5.4138276e-01
   5.4776016e-01
   5.5410994e-01
   5.6043307e-01
   5.6673054e-01
   5.7300330e-01
   5.7925229e-01
   5.8547825e-01
   5.9168223e-01
   5.9786517e-01
   6.0402795e-01
   6.1017139e-01
   6.1629624e-01
   6.2240327e-01
   6.2849323e-01
   6.3456686e-01
   6.4062484e-01
   6.4666787e-01
   6.5269659e-01
   6.5871164e-01
   6.6471361e-01
   6.7070309e-01
   6.7668065e-01
   6.8264683e-01
   6.8860216e-01
   6.9454715e-01
   7.0048228e-01
   7.0640804e-01
   7.1232486e-01
   7.1823319e-01
   7.2413346e-01
   7.3002606e-01
   7.3591139e-01
   7.4178983e-01
   7.4766174e-01
   7.5352747e-01
   7.5938735e-01
   7.6524171e-01
   7.7109086e-01
   7.7693511e-01
   7.8277474e-01
   7.8861002e-01
   7.9444123e-01
   8.0026863e-01
   8.0609247e-01
   8.1191297e-01
   8.1773039e-01
   8.2354493e-01
   8.2935681e-01
   8.3516624e-01
   8.4097342e-01
   8.4677854e-01
   8.5258179e-01
   8.5838335e-01
   8.6418338e-01
   8.6998207e-01
   8.7577956e-01
   8.8157603e-01
   8.8737161e-01
   8.9316645e-01
   8.9896071e-01
   9.0475451e-01
   9.1054799e-01
   9.1634128e-01
   9.2213452e-01
   9.2792781e-01
   9.3372128e-01
   9.3951505e-01
   9.4530923e-01
   9.5110394e-01
   9.5689927e-01
   9.6269535e-01
   9.6849226e-01
   9.7429012e-01
   9.8008902e-01
   9.8588906e-01
   9.9169034e-01
   9.9749296e-01
   1.0032970e+00
   1.0091026e+00
   1.0149097e+00
   1.0207186e+00
   1.0265292e+00
   1.0323418e+00
   1.0381562e+00
   1.0439728e+00
   1.0497915e+00
   1.0556123e+00
   1.0614355e+00
   1.0672611e+00
   1.0730892e+00
   1.0789198e+00
   1.0847531e+00
   1.0905891e+00
   1.0964279e+00
   1.1022696e+00
   1.1081142e+00
   1.1139620e+00
   1.1198129e+00
   1.1256670e+00
   1.1315245e+00
   1.1373854e+00
   1.1432497e+00
   1.1491177e+00
   1.1549893e+00
   1.1608647e+00
   1.1667440e+00
   1.1726272e+00
   1.1785145e+00
   1.1844059e+00
   1.1903015e+00
   1.1962015e+00
   1.2021059e+00
   1.2080148e+00
   1.2139283e+00
   1.2198466e+00
   1.2257696e+00
   1.2316977e+00
   1.2376307e+00
   1.2435689e+00
   1.2495123e+00
   1.2554611e+00
   1.2614153e+00
   1.2673752e+00
   1.2733407e+00
   1.2793120e+00
   1.2852892e+00
   1.2912724e+00
   1.2972618e+00
   1.3032575e+00
   1.3092595e+00
   1.3152680e+00
   1.3212831e+00
   1.3273050e+00
   1.3333337e+00
   1.3393694e+00
   1.3454122e+00
   1.3514622e+00
   1.3575195e+00
   1.3635842e+00
   1.3696565e+00
   1.3757365e+00
   1.3818242e+00
   1.3879199e+00
   1.3940235e+00
   1.4001352e+00
   1.4062552e+00
   1.4123834e+00
   1.4185200e+00
   1.4246651e+00
   1.4308187e+00
   1.4369810e+00
   1.4431520e+00
   1.4493317e+00
   1.4555202e+00
   1.4617175e+00
   1.4679237e+00
   1.4741389e+00
   1.4803629e+00
   1.4865958e+00
   1.4928376e+00
   1.4990883e+00
   1.5053478e+00
   1.5116161e+00
   1.5178932e+00
   1.5241788e+00
   1.5304729e+00
   1.5367755e+00
   1.5430864e+00
   1.5494054e+00
   1.5557323e+00
   1.5620671e+00
   1.5684094e+00
   1.5747592e+00
   1.5811160e+00
   1.5874799e+00
   1.5938503e+00
   1.6002272e+00
   1.6066101e+00
   1.6129989e+00
   1.6193932e+00
   1.6257926e+00
   1.6321969e+00
   1.6386057e+00
   1.6450187e+00
   1.6514356e+00
   1.6578559e+00
   1.6642793e+00
   1.6707055e+00
   1.6771342e+00
   1.6835648e+00
   1.6899972e+00
   1.6964310e+00
   1.7028658e+00
   1.7093013e+00
   1.7157371e+00
   1.7221730e+00
   1.7286086e+00
   1.7350437e+00
   1.7414779e+00
   1.7479109e+00
   1.7543426e+00
   1.7607725e+00
   1.7672006e+00
   1.7736265e+00
   1.7800501e+00
   1.7864711e+00
   1.7928893e+00
   1.7993045e+00
   1.8057167e+00
   1.8121255e+00
   1.8185310e+00
   1.8249328e+00
   1.8313310e+00
   1.8377254e+00
   1.8441159e+00
   1.8505023e+00
   1.8568847e+00
   1.8632630e+00
   1.8696370e+00
   1.8760067e+00
   1.8823720e+00
   1.8887330e+00
   1.8950896e+00
   1.9014418e+00
   1.9077894e+00
   1.9141326e+00
   1.9204713e+00
   1.9268055e+00
   1.9331351e+00
   1.9394603e+00
   1.9457809e+00
   1.9520971e+00
   1.9584088e+00
   1.9647160e+00
   1.9710188e+00
   1.9773171e+00
   1.9836111e+00
   1.9899006e+00
   1.9961859e+00
   2.0024668e+00
   2.0087434e+00
   2.0150157e+00
   2.0212839e+00
   2.0275478e+00
   2.0338076e+00
   2.0400633e+00
   2.0463148e+00
   2.0525624e+00
   2.0588059e+00
   2.0650455e+00
   2.0712811e+00
   2.0775128e+00
   2.0837407e+00
   2.0899648e+00
   2.0961850e+00
   2.1024016e+00
   2.1086144e+00
   2.1148235e+00
   2.1210291e+00
   2.1272310e+00
   2.1334294e+00
   2.1396242e+00
   2.1458156e+00
   2.1520035e+00
   2.1581880e+00
   2.1643691e+00
   2.1705469e+00
   2.1767214e+00
   2.1828926e+00
   2.1890605e+00
   2.1952253e+00
   2.2013868e+00
   2.2075452e+00
   2.2137005e+00
   2.2198528e+00
   2.2260019e+00
   2.2321481e+00
   2.2382912e+00
   2.2444314e+00
   2.2505687e+00
   2.2567030e+00
   2.2628345e+00
   2.2689632e+00
   2.2750890e+00
   2.2812120e+00
   2.2873322e+00
   2.2934498e+00
   2.2995646e+00
   2.3056767e+00
   2.3117861e+00
   2.3178929e+00
   2.3239971e+00
   2.3300987e+00
   2.3361978e+00
   2.3422943e+00
   2.3483883e+00
   2.3544798e+00
   2.3605688e+00
   2.3666554e+00
   2.3727396e+00
   2.3788213e+00
   2.3849007e+00
   2.3909777e+00
   2.3970524e+00
   2.4031248e+00
   2.4091948e+00
   2.4152626e+00
   2.4213282e+00
   2.4273915e+00
   2.4334526e+00
   2.4395115e+00
   2.4455682e+00
   2.4516228e+00
   2.4576753e+00
   2.4637256e+00
   2.4697739e+00
   2.4758201e+00
   2.4818642e+00
   2.4879063e+00
   2.4939463e+00
   2.4999844e+00
   2.5060205e+00
   2.5120546e+00
   2.5180868e+00
   2.5241170e+00
   2.5301454e+00
   2.5361718e+00
   2.5421964e+00
   2.5482191e+00
   2.5542400e+00
   2.5602590e+00
   2.5662763e+00
   2.5722917e+00
   2.5783054e+00
   2.5843173e+00
   2.5903275e+00
   2.5963359e+00
   2.6023427e+00
   2.6083477e+00
   2.6143511e+00
   2.6203528e+00
   2.6263529e+00
   2.6323514e+00
   2.6383482e+00
   2.6443434e+00
   2.6503371e+00
   2.6563292e+00
   2.6623197e+00
   2.6683087e+00
   2.6742962e+00
   2.6802821e+00
   2.6862666e+00
   2.6922496e+00
   2.6982311e+00
   2.7042111e+00
   2.7101898e+00
   2.7161670e+00
   2.7221428e+00
   2.7281172e+00
   2.7340902e+00
   2.7400619e+00
   2.7460322e+00
   2.7520011e+00
   2.7579687e+00
   2.7639351e+00
   2.7699001e+00
   2.7758638e+00
   2.7818263e+00
   2.7877874e+00
   2.7937474e+00
   2.7997061e+00
   2.8056636e+00
   2.8116198e+00
   2.8175749e+00
   2.8235288e+00
   2.8294815e+00
   2.8354330e+00
   2.8413834e+00
   2.8473326e+00
   2.8532808e+00
   2.8592278e+00
   2.8651737e+00
   2.8711185e+00
   2.8770622e+00
   2.8830049e+00
   2.8889465e+00
   2.8948870e+00
   2.9008265e+00
   2.9067650e+00
   2.9127025e+00
   2.9186390e+00
   2.9245744e+00
   2.9305089e+00
   2.9364425e+00
   2.9423750e+00
   2.9483066e+00
   2.9542373e+00
   2.9601671e+00
   2.9660959e+00
   2.9720238e+00
   2.9779508e+00
   2.9838769e+00
   2.9898022e+00
   2.9957265e+00
   3.0016501e+00
   3.0075727e+00
   3.0134945e+00
   3.0194155e+00
   3.0253357e+00
   3.0312551e+00
   3.0371736e+00
   3.0430914e+00
   3.0490083e+00
   3.0549245e+00
   3.0608399e+00
   3.0667546e+00
   3.0726685e+00
   3.0785817e+00
   3.0844942e+00
   3.0904059e+00
   3.0963169e+00
   3.1022272e+00
   3.1081368e+00
   3.1140457e+00
   3.1199539e+00
   3.1258615e+00
   3.1317684e+00
   3.1376746e+00
   3.1435802e+00
   3.1494852e+00
   3.1553895e+00
   3.1612932e+00
   3.1671962e+00
   3.1730987e+00
   3.1790005e+00
   3.1849018e+00
   3.1908025e+00
   3.1967026e+00
   3.2026021e+00
   3.2085011e+00
   3.2143995e+00
   3.2202974e+00
   3.2261947e+00
   3.2320914e+00
   3.2379877e+00
   3.2438834e+00
   3.2497787e+00
   3.2556734e+00
   3.2615676e+00
   3.2674613e+00
   3.2733545e+00
   3.2792473e+00
   3.2851396e+00
   3.2910314e+00
   3.2969227e+00
   3.3028136e+00
   3.3087041e+00
   3.3145941e+00
   3.3204837e+00
   3.3263728e+00
   3.3322616e+00
   3.3381499e+00
   3.3440378e+00
   3.3499253e+00
   3.3558125e+00
   3.3616992e+00
   3.3675855e+00
   3.3734715e+00
   3.3793571e+00
   3.3852423e+00
   3.3911272e+00
   3.3970117e+00
   3.4028959e+00
   3.4087797e+00
   3.4146632e+00
   3.4205464e+00
   3.4264292e+00
   3.4323118e+00
   3.4381940e+00
   3.4440759e+00
   3.4499575e+00
   3.4558388e+00
   3.4617198e+00
   3.4676006e+00
   3.4734810e+00
   3.4793612e+00
   3.4852411e+00
   3.4911208e+00
   3.4970002e+00
   3.5028793e+00
   3.5087582e+00
   3.5146369e+00
   3.5205153e+00
   3.5263935e+00
   3.5322714e+00
   3.5381492e+00
   3.5440267e+00
   3.5499040e+00
   3.5557811e+00
   3.5616580e+00
   3.5675348e+00
   3.5734113e+00
   3.5792876e+00
   3.5851638e+00
   3.5910397e+00
   3.5969156e+00
   3.6027912e+00
   3.6086667e+00
   3.6145420e+00
   3.6204172e+00
   3.6262922e+00
   3.6321671e+00
   3.6380418e+00
   3.6439165e+00
   3.6497909e+00
   3.6556653e+00
   3.6615395e+00
   3.6674137e+00
   3.6732877e+00
   3.6791616e+00
   3.6850354e+00
   3.6909092e+00
   3.6967828e+00
   3.7026563e+00
   3.7085298e+00
   3.7144032e+00
   3.7202765e+00
   3.7261497e+00
   3.7320229e+00
   3.7378960e+00
   3.7437690e+00
   3.7496420e+00
   3.7555150e+00
   3.7613879e+00
   3.7672608e+00
   3.7731336e+00
   3.7790064e+00
   3.7848792e+00
   3.7907520e+00
   3.7966247e+00
   3.8024975e+00
   3.8083702e+00
   3.8142429e+00
   3.8201156e+00
   3.8259883e+00
   3.8318610e+00
   3.8377338e+00
   3.8436065e+00
   3.8494793e+00
   3.8553521e+00
   3.8612249e+00
   3.8670978e+00
   3.8729706e+00
   3.8788436e+00
   3.8847165e+00
   3.8905896e+00
   3.8964626e+00
   3.9023357e+00
   3.9082089e+00
   3.9140822e+00
   3.9199555e+00
   3.9258289e+00
   3.9317023e+00
   3.9375758e+00
   3.9434495e+00
   3.9493232e+00
   3.9551969e+00
   3.9610708e+00
   3.9669448e+00
   3.9728189e+00
   3.9786931e+00
   3.9845674e+00
   3.9904418e+00
   3.9963163e+00
   4.0021910e+00
   4.0080657e+00
   4.0139406e+00
   4.0198156e+00
   4.0256908e+00
   4.0315661e+00
   4.0374415e+00
   4.0433171e+00
   4.0491929e+00
   4.0550687e+00
   4.0609448e+00
   4.0668210e+00
   4.0726974e+00
   4.0785739e+00
   4.0844506e+00
   4.0903275e+00
   4.0962045e+00
   4.1020818e+00
   4.1079592e+00
   4.1138368e+00
   4.1197146e+00
   4.1255926e+00
   4.1314708e+00
   4.1373492e+00
   4.1432278e+00
   4.1491066e+00
   4.1549856e+00
   4.1608648e+00
   4.1667443e+00
   4.1726240e+00
   4.1785039e+00
   4.1843840e+00
   4.1902644e+00
   4.1961450e+00
   4.2020258e+00
   4.2079069e+00
   4.2137883e+00
   4.2196698e+00
   4.2255517e+00
   4.2314338e+00
   4.2373161e+00
   4.2431987e+00
   4.2490816e+00
   4.2549647e+00
   4.2608482e+00
   4.2667319e+00
   4.2726158e+00
   4.2785001e+00
   4.2843846e+00
   4.2902695e+00
   4.2961546e+00
   4.3020400e+00
   4.3079257e+00
   4.3138117e+00
   4.3196981e+00
   4.3255847e+00
   4.3314716e+00
   4.3373589e+00
   4.3432464e+00
   4.3491343e+00
   4.3550225e+00
   4.3609111e+00
   4.3668000e+00
   4.3726892e+00
   4.3785787e+00
   4.3844686e+00
   4.3903588e+00
   4.3962494e+00
   4.4021403e+00
   4.4080315e+00
   4.4139231e+00
   4.4198151e+00
   4.4257075e+00
   4.4316002e+00
   4.4374932e+00
   4.4433866e+00
   4.4492804e+00
   4.4551746e+00
   4.4610692e+00
   4.4669641e+00
   4.4728594e+00
   4.4787551e+00
   4.4846512e+00
   4.4905477e+00
   4.4964446e+00
   4.5023419e+00
   4.5082396e+00
   4.5141377e+00
   4.5200362e+00
   4.5259351e+00
   4.5318344e+00
   4.5377341e+00
   4.5436343e+00
   4.5495348e+00
   4.5554358e+00
   4.5613373e+00
   4.5672391e+00
   4.5731414e+00
   4.5790441e+00
   4.5849473e+00
   4.5908509e+00
   4.5967549e+00
   4.6026594e+00
   4.6085643e+00
   4.6144697e+00
   4.6203755e+00
   4.6262818e+00
   4.6321886e+00
   4.6380958e+00
   4.6440035e+00
   4.6499117e+00
   4.6558203e+00
   4.6617294e+00
   4.6676389e+00
   4.6735490e+00
   4.6794595e+00
   4.6853705e+00
   4.6912820e+00
   4.6971940e+00
   4.7031065e+00
   4.7090194e+00
   4.7149329e+00
   4.7208469e+00
   4.7267613e+00
   4.7326763e+00
   4.7385918e+00
   4.7445078e+00
   4.7504243e+00
   4.7563413e+00
   4.7622588e+00
   4.7681769e+00
   4.7740954e+00
   4.7800145e+00
   4.7859341e+00
   4.7918543e+00
   4.7977749e+00
   4.8036962e+00
   4.8096179e+00
   4.8155402e+00
   4.8214630e+00
   4.8273864e+00
   4.8333103e+00
   4.8392347e+00
   4.8451598e+00
   4.8510853e+00
   4.8570114e+00
   4.8629381e+00
   4.8688653e+00
   4.8747931e+00
   4.8807215e+00
   4.8866504e+00
   4.8925799e+00
   4.8985100e+00
   4.9044406e+00
   4.9103718e+00
   4.9163036e+00
   4.9222360e+00
   4.9281689e+00
   4.9341025e+00
   4.9400366e+00
   4.9459713e+00
   4.9519066e+00
   4.9578425e+00
   4.9637790e+00
   4.9697160e+00
   4.9756537e+00
   4.9815920e+00
   4.9875309e+00
   4.9934704e+00
   4.9994105e+00
   5.0053512e+00
   5.0112925e+00
   5.0172344e+00
   5.0231770e+00
   5.0291202e+00
   5.0350639e+00
   5.0410084e+00
   5.0469534e+00
   5.0528990e+00
   5.0588453e+00
   5.0647922e+00
   5.0707398e+00
   5.0766880e+00
   5.0826368e+00
   5.0885862e+00
   5.0945363e+00
   5.1004870e+00
   5.1064384e+00
   5.1123904e+00
   5.1183431e+00
   5.1242964e+00
   5.1302504e+00
   5.1362050e+00
   5.1421603e+00
   5.1481162e+00
   5.1540728e+00
   5.1600300e+00
   5.1659879e+00
   5.1719465e+00
   5.1779057e+00
   5.1838656e+00
   5.1898262e+00
   5.1957874e+00
   5.2017493e+00
   5.2077119e+00
   5.2136752e+00
   5.2196391e+00
   5.2256037e+00
   5.2315690e+00
   5.2375350e+00
   5.2435017e+00
   5.2494690e+00
   5.2554370e+00
   5.2614057e+00
   5.2673751e+00
   5.2733452e+00
   5.2793160e+00
   5.2852875e+00
   5.2912597e+00
   5.2972326e+00
   5.3032061e+00
   5.3091804e+00
   5.3151554e+00
   5.3211311e+00
   5.3271075e+00
   5.3330846e+00
   5.3390624e+00
   5.3450409e+00
   5.3510201e+00
   5.3570000e+00
   5.3629807e+00
   5.3689620e+00
   5.3749441e+00
   5.3809269e+00
   5.3869104e+00
   5.3928946e+00
   5.3988796e+00
   5.4048653e+00
   5.4108517e+00
   5.4168388e+00
   5.4228266e+00
   5.4288152e+00
   5.4348045e+00
   5.4407946e+00
   5.4467853e+00
   5.4527768e+00
   5.4587691e+00
   5.4647621e+00
   5.4707558e+00
   5.4767502e+00
   5.4827454e+00
   5.4887413e+00
   5.4947380e+00
   5.5007354e+00
   5.5067335e+00
   5.5127324e+00
   5.5187321e+00
   5.5247325e+00
   5.5307336e+00
   5.5367355e+00
   5.5427381e+00
   5.5487415e+00
   5.5547456e+00
   5.5607505e+00
   5.5667562e+00
   5.5727626e+00
   5.5787697e+00
   5.5847776e+00
   5.5907863e+00
   5.5967957e+00
   5.6028059e+00
   5.6088168e+00
   5.6148285e+00
   5.6208410e+00
   5.6268542e+00
   5.6328682e+00
   5.6388830e+00
   5.6448985e+00
   5.6509148e+00
   5.6569318e+00
   5.6629496e+00
   5.6689682e+00
   5.6749876e+00
   5.6810077e+00
   5.6870286e+00
   5.6930502e+00
   5.6990727e+00
   5.7050959e+00
   5.7111199e+00
   5.7171446e+00
   5.7231702e+00
   5.7291965e+00
   5.7352236e+00
   5.7412514e+00
   5.7472800e+00
   5.7533095e+00
   5.7593396e+00
   5.7653706e+00
   5.7714024e+00
   5.7774349e+00
   5.7834682e+00
   5.7895023e+00
   5.7955371e+00
   5.8015728e+00
   5.8076092e+00
   5.8136464e+00
   5.8196844e+00
   5.8257232e+00
   5.8317628e+00
   5.8378031e+00
   5.8438442e+00
   5.8498862e+00
   5.8559289e+00
   5.8619723e+00
   5.8680166e+00
   5.8740617e+00
   5.8801075e+00
   5.8861541e+00
   5.8922016e+00
   5.8982498e+00
   5.9042988e+00
   5.9103485e+00
   5.9163991e+00
   5.9224505e+00
   5.9285026e+00
   5.9345555e+00
   5.9406092e+00
   5.9466638e+00
   5.9527191e+00
   5.9587751e+00
   5.9648320e+00
   5.9708897e+00
   5.9769481e+00
   5.9830074e+00
   5.9890674e+00
   5.9951282e+00
   6.0011898e+00
   6.0072522e+00
   6.0133154e+00
   6.0193794e+00
   6.0254441e+00
   6.0315097e+00
   6.0375760e+00
   6.0436432e+00
   6.0497111e+00
   6.0557798e+00
   6.0618493e+00
   6.0679196e+00
   6.0739906e+00
   6.0800625e+00
   6.0861351e+00
   6.0922086e+00
   6.0982828e+00
   6.1043578e+00
   6.1104336e+00
   6.1165102e+00
   6.1225875e+00
   6.1286657e+00
   6.1347446e+00
   6.1408244e+00
   6.1469049e+00
   6.1529862e+00
   6.1590682e+00
   6.1651511e+00
   6.1712347e+00
   6.1773192e+00
   6.1834044e+00
   6.1894904e+00
   6.1955771e+00
   6.2016647e+00
   6.2077530e+00
   6.2138421e+00
   6.2199320e+00
   6.2260227e+00
   6.2321142e+00
   6.2382064e+00
   6.2442994e+00
   6.2503932e+00
   6.2564877e+00
   6.2625831e+00
   6.2686792e+00
   6.2747761e+00
   6.2808737e+00
   6.2869722e+00
   6.2930714e+00
   6.2991713e+00
   6.3052721e+00
   6.3113736e+00
   6.3174759e+00
   6.3235789e+00
   6.3296827e+00
   6.3357873e+00
   6.3418927e+00
   6.3479988e+00
   6.3541057e+00
   6.3602133e+00
   6.3663217e+00
   6.3724309e+00
   6.3785408e+00
   6.3846515e+00
   6.3907629e+00
   6.3968751e+00
   6.4029881e+00
   6.4091018e+00
   6.4152162e+00
   6.4213315e+00
   6.4274474e+00
   6.4335641e+00
   6.4396816e+00
   6.4457998e+00
   6.4519188e+00
   6.4580385e+00
   6.4641590e+00
   6.4702802e+00
   6.4764021e+00
   6.4825248e+00
   6.4886482e+00
   6.4947724e+00
   6.5008973e+00
   6.5070229e+00
   6.5131493e+00
   6.5192764e+00
   6.5254043e+00
   6.5315328e+00
   6.5376622e+00
   6.5437922e+00
   6.5499229e+00
   6.5560544e+00
   6.5621866e+00
   6.5683196e+00
   6.5744532e+00
   6.5805876e+00
   6.5867227e+00
   6.5928585e+00
   6.5989950e+00
   6.6051322e+00
   6.6112702e+00
   6.6174088e+00
   6.6235482e+00
   6.6296883e+00
   6.6358290e+00
   6.6419705e+00
   6.6481127e+00
   6.6542556e+00
   6.6603991e+00
   6.6665434e+00
   6.6726884e+00
   6.6788341e+00
   6.6849804e+00
   6.6911274e+00
   6.6972752e+00
   6.7034236e+00
   6.7095727e+00
   6.7157225e+00
   6.7218729e+00
   6.7280241e+00
   6.7341759e+00
   6.7403284e+00
   6.7464815e+00
   6.7526353e+00
   6.7587898e+00
   6.7649450e+00
   6.7711008e+00
   6.7772573e+00
   6.7834144e+00
   6.7895722e+00
   6.7957307e+00
   6.8018898e+00
   6.8080495e+00
   6.8142099e+00
   6.8203710e+00
   6.8265327e+00
   6.8326950e+00
   6.8388580e+00
   6.8450216e+00
   6.8511858e+00
   6.8573507e+00
   6.8635162e+00
   6.8696823e+00
   6.8758491e+00
   6.8820165e+00
   6.8881845e+00
   6.8943531e+00
   6.9005223e+00
   6.9066921e+00
   6.9128626e+00
   6.9190336e+00
   6.9252053e+00
   6.9313776e+00
   6.9375504e+00
   6.9437239e+00
   6.9498979e+00
   6.9560725e+00
   6.9622478e+00
   6.9684236e+00
   6.9746000e+00
   6.9807769e+00
   6.9869545e+00
   6.9931326e+00
   6.9993113e+00
   7.0054905e+00
   7.0116703e+00
   7.0178507e+00
   7.0240317e+00
   7.0302131e+00
   7.0363952e+00
   7.0425778e+00
   7.0487609e+00
   7.0549446e+00
   7.0611288e+00
   7.0673136e+00
   7.0734989e+00
   7.0796847e+00
   7.0858711e+00
   7.0920579e+00
   7.0982453e+00
   7.1044332e+00
   7.1106217e+00
   7.1168106e+00
   7.1230000e+00
   7.1291900e+00
   7.1353804e+00
   7.1415714e+00
   7.1477628e+00
   7.1539547e+00
   7.1601471e+00
   7.1663400e+00
   7.1725334e+00
   7.1787273e+00
   7.1849216e+00
   7.1911164e+00
   7.1973116e+00
   7.2035073e+00
   7.2097035e+00
   7.2159001e+00
   7.2220972e+00
   7.2282947e+00
   7.2344926e+00
   7.2406910e+00
   7.2468898e+00
   7.2530891e+00
   7.2592888e+00
   7.2654889e+00
   7.2716894e+00
   7.2778903e+00
   7.2840917e+00
   7.2902934e+00
   7.2964955e+00
   7.3026981e+00
   7.3089010e+00
   7.3151043e+00
   7.3213080e+00
   7.3275121e+00
   7.3337166e+00
   7.3399214e+00
   7.3461266e+00
   7.3523322e+00
   7.3585381e+00
   7.3647443e+00
   7.3709509e+00
   7.3771579e+00
   7.3833652e+00
   7.3895728e+00
   7.3957808e+00
   7.4019891e+00
   7.4081977e+00
   7.4144066e+00
   7.4206158e+00
   7.4268254e+00
   7.4330352e+00
   7.4392453e+00
   7.4454557e+00
   7.4516665e+00
   7.4578774e+00
   7.4640887e+00
   7.4703002e+00
   7.4765120e+00
   7.4827241e+00
   7.4889364e+00
   7.4951490e+00
   7.5013618e+00
   7.5075749e+00
   7.5137882e+00
   7.5200017e+00
   7.5262154e+00
   7.5324294e+00
   7.5386435e+00
   7.5448579e+00
   7.5510725e+00
   7.5572873e+00
   7.5635022e+00
   7.5697174e+00
   7.5759327e+00
   7.5821482e+00
   7.5883639e+00
   7.5945797e+00
   7.6007957e+00
   7.6070119e+00
   7.6132282e+00
   7.6194446e+00
   7.6256612e+00
   7.6318778e+00
   7.6380946e+00
   7.6443116e+00
   7.6505286e+00
   7.6567457e+00
   7.6629629e+00
   7.6691803e+00
   7.6753976e+00
   7.6816151e+00
   7.6878327e+00
   7.6940503e+00
   7.7002679e+00
   7.7064857e+00
   7.7127034e+00
   7.7189212e+00
   7.7251390e+00
   7.7313569e+00
   7.7375748e+00
   7.7437927e+00
   7.7500105e+00
   7.7562284e+00
   7.7624463e+00
   7.7686642e+00
   7.7748820e+00
   7.7810998e+00
   7.7873176e+00
   7.7935353e+00
   7.7997529e+00
   7.8059705e+00
   7.8121881e+00
   7.8184056e+00
   7.8246229e+00
   7.8308402e+00
   7.8370574e+00
   7.8432745e+00
   7.8494915e+00
   7.8557084e+00
   7.8619251e+00
   7.8681417e+00
   7.8743582e+00
   7.8805745e+00
   7.8867907e+00
   7.8930067e+00
   7.8992225e+00
   7.9054381e+00
   7.9116536e+00
   7.9178688e+00
   7.9240838e+00
   7.9302987e+00
   7.9365133e+00
   7.9427276e+00
   7.9489418e+00
   7.9551557e+00
   7.9613693e+00
   7.9675827e+00
   7.9737958e+00
   7.9800086e+00
   7.9862211e+00
   7.9924333e+00
   7.9986452e+00
   8.0048568e+00
   8.0110681e+00
   8.0172790e+00
   8.0234896e+00
   8.0296998e+00
   8.0359097e+00
   8.0421192e+00
   8.0483283e+00
   8.0545371e+00
   8.0607454e+00
   8.0669533e+00
   8.0731608e+00
   8.0793679e+00
   8.0855745e+00
   8.0917807e+00
   8.0979865e+00
   8.1041917e+00
   8.1103965e+00
   8.1166008e+00
   8.1228046e+00
   8.1290079e+00
   8.1352107e+00
   8.1414129e+00
   8.1476146e+00
   8.1538158e+00
   8.1600164e+00
   8.1662165e+00
   8.1724159e+00
   8.1786148e+00
   8.1848131e+00
   8.1910107e+00
   8.1972077e+00
   8.2034041e+00
   8.2095999e+00
   8.2157950e+00
   8.2219894e+00
   8.2281832e+00
   8.2343763e+00
   8.2405686e+00
   8.2467603e+00
   8.2529512e+00
   8.2591414e+00
   8.2653309e+00
   8.2715196e+00
   8.2777075e+00
   8.2838946e+00
   8.2900810e+00
   8.2962665e+00
   8.3024513e+00
   8.3086352e+00
   8.3148182e+00
   8.3210005e+00
   8.3271818e+00
   8.3333623e+00
   8.3395418e+00
   8.3457205e+00
   8.3518983e+00
   8.3580751e+00
   8.3642510e+00
   8.3704259e+00
   8.3765999e+00
   8.3827728e+00
   8.3889448e+00
   8.3951158e+00
   8.4012858e+00
   8.4074547e+00
   8.4136226e+00
   8.4197894e+00
   8.4259551e+00
   8.4321198e+00
   8.4382833e+00
   8.4444458e+00
   8.4506071e+00
   8.4567673e+00
   8.4629263e+00
   8.4690841e+00
   8.4752408e+00
   8.4813962e+00
   8.4875504e+00
   8.4937034e+00
   8.4998552e+00
   8.5060057e+00
   8.5121549e+00
   8.5183029e+00
   8.5244495e+00
   8.5305948e+00
   8.5367388e+00
   8.5428814e+00
   8.5490226e+00
   8.5551625e+00
   8.5613010e+00
   8.5674381e+00
   8.5735737e+00
   8.5797079e+00
   8.5858406e+00
   8.5919719e+00
   8.5981016e+00
   8.6042299e+00
   8.6103566e+00
   8.6164818e+00
   8.6226054e+00
   8.6287275e+00
   8.6348479e+00
   8.6409668e+00
   8.6470840e+00
   8.6531995e+00
   8.6593135e+00
   8.6654257e+00
   8.6715362e+00
   8.6776450e+00
   8.6837521e+00
   8.6898575e+00
   8.6959610e+00
   8.7020628e+00
   8.7081628e+00
   8.7142609e+00
   8.7203572e+00
   8.7264517e+00
   8.7325443e+00
   8.7386350e+00
   8.7447237e+00
   8.7508105e+00
   8.7568954e+00
   8.7629783e+00
   8.7690592e+00
   8.7751381e+00
   8.7812150e+00
   8.7872898e+00
   8.7933625e+00
   8.7994332e+00
   8.8055017e+00
   8.8115681e+00
   8.8176324e+00
   8.8236944e+00
   8.8297543e+00
   8.8358120e+00
   8.8418674e+00
   8.8479206e+00
   8.8539715e+00
   8.8600201e+00
   8.8660664e+00
   8.8721103e+00
   8.8781519e+00
   8.8841911e+00
   8.8902279e+00
   8.8962623e+00
   8.9022942e+00
   8.9083236e+00
   8.9143505e+00
   8.9203750e+00
   8.9263968e+00
   8.9324161e+00
   8.9384329e+00
   8.9444470e+00
   8.9504585e+00
   8.9564673e+00
   8.9624734e+00
   8.9684769e+00
   8.9744776e+00
   8.9804755e+00
   8.9864707e+00
   8.9924631e+00
   8.9984526e+00
   9.0044393e+00
   9.0104232e+00
   9.0164041e+00
   9.0223821e+00
   9.0283571e+00
   9.0343292e+00
   9.0402983e+00
   9.0462643e+00
   9.0522273e+00
   9.0581872e+00
   9.0641440e+00
   9.0700977e+00
   9.0760482e+00
   9.0819955e+00
   9.0879396e+00
   9.0938805e+00
   9.0998181e+00
   9.1057524e+00
   9.1116834e+00
   9.1176110e+00
   9.1235353e+00
   9.1294562e+00
   9.1353736e+00
   9.1412876e+00
   9.1471980e+00
   9.1531050e+00
   9.1590084e+00
   9.1649082e+00
   9.1708044e+00
   9.1766970e+00
   9.1825860e+00
   9.1884712e+00
   9.1943527e+00
   9.2002304e+00
   9.2061044e+00
   9.2119745e+00
   9.2178408e+00
   9.2237032e+00
   9.2295618e+00
   9.2354163e+00
   9.2412669e+00
   9.2471135e+00
   9.2529561e+00
   9.2587946e+00
   9.2646290e+00
   9.2704592e+00
   9.2762853e+00
   9.2821072e+00
   9.2879249e+00
   9.2937383e+00
   9.2995474e+00
   9.3053522e+00
   9.3111526e+00
   9.3169486e+00
   9.3227402e+00
   9.3285273e+00
   9.3343100e+00
   9.3400881e+00
   9.3458616e+00
   9.3516305e+00
   9.3573947e+00
   9.3631543e+00
   9.3689092e+00
   9.3746593e+00
   9.3804047e+00
   9.3861452e+00
   9.3918809e+00
   9.3976116e+00
   9.4033375e+00
   9.4090583e+00
   9.4147742e+00
   9.4204850e+00
   9.4261908e+00
   9.4318914e+00
   9.4375868e+00
   9.4432771e+00
   9.4489621e+00
   9.4546418e+00
   9.4603163e+00
   9.4659853e+00
   9.4716490e+00
   9.4773073e+00
   9.4829600e+00
   9.4886073e+00
   9.4942490e+00
   9.4998851e+00
   9.5055156e+00
   9.5111403e+00
   9.5167594e+00
   9.5223727e+00
   9.5279802e+00
   9.5335819e+00
   9.5391776e+00
   9.5447675e+00
   9.5503513e+00
   9.5559292e+00
   9.5615009e+00
   9.5670666e+00
   9.5726261e+00
   9.5781795e+00
   9.5837266e+00
   9.5892674e+00
   9.5948019e+00
   9.6003300e+00
   9.6058516e+00
   9.6113669e+00
   9.6168756e+00
   9.6223777e+00
   9.6278733e+00
   9.6333622e+00
   9.6388444e+00
   9.6443199e+00
   9.6497886e+00
   9.6552504e+00
   9.6607053e+00
   9.6661533e+00
   9.6715944e+00
   9.6770284e+00
   9.6824553e+00
   9.6878751e+00
   9.6932877e+00
   9.6986930e+00
   9.7040911e+00
   9.7094819e+00
   9.7148653e+00
   9.7202412e+00
   9.7256097e+00
   9.7309706e+00
   9.7363239e+00
   9.7416696e+00
   9.7470076e+00
   9.7523379e+00
   9.7576604e+00
   9.7629750e+00
   9.7682817e+00
   9.7735805e+00
   9.7788712e+00
   9.7841539e+00
   9.7894285e+00
   9.7946948e+00
   9.7999530e+00
   9.8052029e+00
   9.8104444e+00
   9.8156776e+00
   9.8209023e+00
   9.8261185e+00
   9.8313261e+00
   9.8365251e+00
   9.8417154e+00
   9.8468970e+00
   9.8520698e+00
   9.8572337e+00
   9.8623887e+00
   9.8675348e+00
   9.8726718e+00
   9.8777997e+00
   9.8829185e+00
   9.8880281e+00
   9.8931285e+00
   9.8982194e+00
   9.9033010e+00
   9.9083732e+00
   9.9134359e+00
   9.9184889e+00
   9.9235324e+00
   9.9285661e+00
   9.9335901e+00
   9.9386043e+00
   9.9436085e+00
   9.9486029e+00
   9.9535872e+00
   9.9585615e+00
   9.9635256e+00
   9.9684795e+00
   9.9734231e+00
   9.9783564e+00
   9.9832793e+00
   9.9881918e+00
   9.9930937e+00
   9.9979850e+00
   1.0002866e+01
   1.0007736e+01
   1.0012595e+01
   1.0017443e+01
   1.0022280e+01
   1.0027107e+01
   1.0031922e+01
   1.0036726e+01
   1.0041519e+01
   1.0046301e+01
   1.0051071e+01
   1.0055830e+01
   1.0060577e+01
   1.0065313e+01
   1.0070037e+01
   1.0074750e+01
   1.0079451e+01
   1.0084140e+01
   1.0088817e+01
   1.0093482e+01
   1.0098135e+01
   1.0102776e+01
   1.0107404e+01
   1.0112021e+01
   1.0116625e+01
   1.0121216e+01
   1.0125796e+01
   1.0130362e+01
   1.0134916e+01
   1.0139457e+01
   1.0143986e+01
   1.0148501e+01
   1.0153004e+01
   1.0157494e+01
   1.0161970e+01
   1.0166433e+01
   1.0170884e+01
   1.0175320e+01
   1.0179744e+01
   1.0184154e+01
   1.0188550e+01
   1.0192933e+01
   1.0197301e+01
   1.0201657e+01
   1.0205998e+01
   1.0210325e+01
   1.0214639e+01
   1.0218938e+01
   1.0223223e+01
   1.0227494e+01
   1.0231750e+01
   1.0235992e+01
   1.0240219e+01
   1.0244432e+01
   1.0248630e+01
   1.0252814e+01
   1.0256982e+01
   1.0261136e+01
   1.0265275e+01
   1.0269398e+01
   1.0273507e+01
   1.0277600e+01
   1.0281677e+01
   1.0285740e+01
   1.0289787e+01
   1.0293818e+01
   1.0297833e+01
   1.0301833e+01
   1.0305817e+01
   1.0309785e+01
   1.0313737e+01
   1.0317673e+01
   1.0321593e+01
   1.0325496e+01
   1.0329383e+01
   1.0333254e+01
   1.0337108e+01
   1.0340946e+01
   1.0344766e+01
   1.0348570e+01
   1.0352357e+01
   1.0356128e+01
   1.0359881e+01
   1.0363617e+01
   1.0367335e+01
   1.0371036e+01
   1.0374720e+01
   1.0378387e+01
   1.0382036e+01
   1.0385667e+01
   1.0389280e+01
   1.0392876e+01
   1.0396453e+01
   1.0400013e+01
   1.0403554e+01
   1.0407077e+01
   1.0410582e+01
   1.0414068e+01
   1.0417536e+01
   1.0420985e+01
   1.0424416e+01
   1.0427828e+01
   1.0431221e+01
   1.0434595e+01
   1.0437950e+01
   1.0441286e+01
   1.0444602e+01
   1.0447899e+01
   1.0451177e+01
   1.0454436e+01
   1.0457674e+01
   1.0460893e+01
   1.0464093e+01
   1.0467272e+01
   1.0470431e+01
   1.0473571e+01
   1.0476690e+01
   1.0479789e+01
   1.0482867e+01
   1.0485925e+01
   1.0488963e+01
   1.0491979e+01
   1.0494976e+01
   1.0497951e+01
   1.0500905e+01
   1.0503839e+01
   1.0506751e+01
   1.0509642e+01
   1.0512512e+01
   1.0515360e+01
   1.0518187e+01
   1.0520992e+01
   1.0523776e+01
   1.0526537e+01
   1.0529277e+01
   1.0531995e+01
   1.0534691e+01
   1.0537365e+01
   1.0540016e+01
   1.0542646e+01
   1.0545252e+01
   1.0547836e+01
   1.0550398e+01
   1.0552937e+01
   1.0555453e+01
   1.0557946e+01
   1.0560416e+01
   1.0562862e+01
   1.0565286e+01
   1.0567686e+01
   1.0570063e+01
   1.0572417e+01
   1.0574747e+01
   1.0577053e+01
   1.0579335e+01
   1.0581594e+01
   1.0583828e+01
   1.0586039e+01
   1.0588225e+01
   1.0590387e+01
   1.0592525e+01
   1.0594638e+01
   1.0596726e+01
   1.0598790e+01
   1.0600829e+01
   1.0602844e+01
   1.0604833e+01
   1.0606798e+01
   1.0608737e+01
   1.0610651e+01
   1.0612540e+01
   1.0614403e+01
   1.0616241e+01
   1.0618053e+01
   1.0619840e+01
   1.0621600e+01
   1.0623335e+01
   1.0625044e+01
   1.0626727e+01
   1.0628384e+01
   1.0630014e+01
   1.0631618e+01
   1.0633195e+01
   1.0634746e+01
   1.0636271e+01
   1.0637768e+01
   1.0639239e+01
   1.0640683e+01
   1.0642100e+01
   1.0643490e+01
   1.0644852e+01
   1.0646187e+01
   1.0647495e+01
   1.0648776e+01
   1.0650029e+01
   1.0651254e+01
   1.0652451e+01
   1.0653621e+01
   1.0654762e+01
   1.0655876e+01
   1.0656962e+01
   1.0658019e+01
   1.0659048e+01
   1.0660048e+01
   1.0661020e+01
   1.0661964e+01
   1.0662879e+01
   1.0663765e+01
   1.0664622e+01
   1.0665451e+01
   1.0666250e+01
   1.0667020e+01
   1.0667761e+01
   1.0668473e+01
   1.0669155e+01
   1.0669808e+01
   1.0670432e+01
   1.0671025e+01
   1.0671589e+01
   1.0672123e+01
   1.0672628e+01
   1.0673102e+01
   1.0673546e+01
   1.0673960e+01
   1.0674344e+01
   1.0674697e+01
   1.0675020e+01
   1.0675313e+01
   1.0675575e+01
   1.0675806e+01
   1.0676007e+01
   1.0676177e+01
   1.0676315e+01
   1.0676423e+01
   1.0676500e+01
   1.0676545e+01
   1.0676560e+01
   1.0676543e+01
   1.0676494e+01
   1.0676414e+01
   1.0676302e+01
   1.0676159e+01
   1.0675984e+01
   1.0675777e+01
   1.0675539e+01
   1.0675268e+01
   1.0674965e+01
   1.0674630e+01
   1.0674263e+01
   1.0673864e+01
   1.0673432e+01
   1.0672968e+01
   1.0672471e+01
   1.0671942e+01
   1.0671380e+01
   1.0670785e+01
   1.0670157e+01
   1.0669496e+01
   1.0668803e+01
   1.0668076e+01
   1.0667316e+01
   1.0666523e+01
   1.0665697e+01
   1.0664837e+01
   1.0663944e+01
   1.0663017e+01
   1.0662057e+01
   1.0661063e+01
   1.0660035e+01
   1.0658974e+01
   1.0657878e+01
   1.0656749e+01
   1.0655585e+01
   1.0654388e+01
   1.0653156e+01
   1.0651890e+01
   1.0650590e+01
   1.0649255e+01
   1.0647886e+01
   1.0646483e+01
   1.0645044e+01
   1.0643571e+01
   1.0642064e+01
   1.0640521e+01
   1.0638944e+01
   1.0637332e+01
   1.0635684e+01
   1.0634002e+01
   1.0632284e+01
   1.0630531e+01
   1.0628743e+01
   1.0626920e+01
   1.0625061e+01
   1.0623167e+01
   1.0621237e+01
   1.0619271e+01
   1.0617270e+01
   1.0615233e+01
   1.0613160e+01
   1.0611051e+01
   1.0608906e+01
   1.0606725e+01
   1.0604508e+01
   1.0602255e+01
   1.0599966e+01
   1.0597640e+01
   1.0595278e+01
   1.0592880e+01
   1.0590445e+01
   1.0587973e+01
   1.0585465e+01
   1.0582920e+01
   1.0580338e+01
   1.0577719e+01
   1.0575064e+01
   1.0572371e+01
   1.0569642e+01
   1.0566875e+01
   1.0564072e+01
   1.0561230e+01
   1.0558352e+01
   1.0555436e+01
   1.0552483e+01
   1.0549492e+01
   1.0546464e+01
   1.0543398e+01
   1.0540294e+01
   1.0537153e+01
   1.0533973e+01
   1.0530756e+01
   1.0527500e+01
   1.0524207e+01
   1.0520875e+01
   1.0517506e+01
   1.0514097e+01
   1.0510651e+01
   1.0507166e+01
   1.0503643e+01
   1.0500081e+01
   1.0496480e+01
   1.0492840e+01
   1.0489162e+01
   1.0485445e+01
   1.0481689e+01
   1.0477894e+01
   1.0474060e+01
   1.0470186e+01
   1.0466274e+01
   1.0462322e+01
   1.0458330e+01
   1.0454299e+01
   1.0450229e+01
   1.0446119e+01
   1.0441969e+01
   1.0437779e+01
   1.0433549e+01
   1.0429280e+01
   1.0424970e+01
   1.0420620e+01
   1.0416230e+01
   1.0411800e+01
   1.0407329e+01
   1.0402818e+01
   1.0398266e+01
   1.0393674e+01
   1.0389041e+01
   1.0384367e+01
   1.0379652e+01
   1.0374895e+01
   1.0370098e+01
   1.0365260e+01
   1.0360380e+01
   1.0355459e+01
   1.0350497e+01
   1.0345493e+01
   1.0340447e+01
   1.0335359e+01
   1.0330230e+01
   1.0325058e+01
   1.0319845e+01
   1.0314589e+01
   1.0309291e+01
   1.0303951e+01
   1.0298568e+01
   1.0293143e+01
   1.0287675e+01
   1.0282164e+01
   1.0276610e+01
   1.0271014e+01
   1.0265374e+01
   1.0259691e+01
   1.0253965e+01
   1.0248195e+01
   1.0242381e+01
   1.0236524e+01
   1.0230624e+01
   1.0224679e+01
   1.0218690e+01
   1.0212658e+01
   1.0206581e+01
   1.0200459e+01
   1.0194294e+01
   1.0188083e+01
   1.0181828e+01
   1.0175528e+01
   1.0169184e+01
   1.0162794e+01
   1.0156359e+01
   1.0149878e+01
   1.0143353e+01
   1.0136781e+01
   1.0130165e+01
   1.0123502e+01
   1.0116793e+01
   1.0110039e+01
   1.0103238e+01
   1.0096391e+01
   1.0089497e+01
   1.0082557e+01
   1.0075570e+01
   1.0068537e+01
   1.0061456e+01
   1.0054329e+01
   1.0047154e+01
   1.0039932e+01
   1.0032662e+01
   1.0025345e+01
   1.0017980e+01
   1.0010568e+01
   1.0003107e+01
   9.9955983e+00
   9.9880413e+00
   9.9804359e+00
   9.9727820e+00
   9.9650794e+00
   9.9573281e+00
   9.9495278e+00
   9.9416785e+00
   9.9337800e+00
   9.9258322e+00
   9.9178349e+00
   9.9097880e+00
   9.9016914e+00
   9.8935450e+00
   9.8853485e+00
   9.8771019e+00
   9.8688050e+00
   9.8604577e+00
   9.8520599e+00
   9.8436114e+00
   9.8351121e+00
   9.8265618e+00
   9.8179604e+00
   9.8093078e+00
   9.8006039e+00
   9.7918485e+00
   9.7830414e+00
   9.7741826e+00
   9.7652718e+00
   9.7563091e+00
   9.7472942e+00
   9.7382269e+00
   9.7291073e+00
   9.7199350e+00
   9.7107101e+00
   9.7014323e+00
   9.6921016e+00
   9.6827177e+00
   9.6732806e+00
   9.6637901e+00
   9.6542462e+00
   9.6446486e+00
   9.6349972e+00
   9.6252920e+00
   9.6155327e+00
   9.6057192e+00
   9.5958515e+00
   9.5859294e+00
   9.5759527e+00
   9.5659213e+00
   9.5558351e+00
   9.5456940e+00
   9.5354978e+00
   9.5252465e+00
   9.5149398e+00
   9.5045777e+00
   9.4941600e+00
   9.4836866e+00
   9.4731574e+00
   9.4625722e+00
   9.4519310e+00
   9.4412336e+00
   9.4304798e+00
   9.4196697e+00
   9.4088029e+00
   9.3978795e+00
   9.3868992e+00
   9.3758620e+00
   9.3647678e+00
   9.3536163e+00
   9.3424076e+00
   9.3311415e+00
   9.3198178e+00
   9.3084364e+00
   9.2969973e+00
   9.2855003e+00
   9.2739452e+00
   9.2623320e+00
   9.2506606e+00
   9.2389308e+00
   9.2271425e+00
   9.2152955e+00
   9.2033899e+00
   9.1914254e+00
   9.1794020e+00
   9.1673195e+00
   9.1551777e+00
   9.1429767e+00
   9.1307163e+00
   9.1183963e+00
   9.1060167e+00
   9.0935773e+00
   9.0810780e+00
   9.0685187e+00
   9.0558993e+00
   9.0432197e+00
   9.0304797e+00
   9.0176793e+00
   9.0048183e+00
   8.9918967e+00
   8.9789142e+00
   8.9658708e+00
   8.9527665e+00
   8.9396009e+00
   8.9263742e+00
   8.9130861e+00
   8.8997365e+00
   8.8863253e+00
   8.8728524e+00
   8.8593177e+00
   8.8457211e+00
   8.8320625e+00
   8.8183417e+00
   8.8045587e+00
   8.7907133e+00
   8.7768054e+00
   8.7628349e+00
   8.7488017e+00
   8.7347056e+00
   8.7205467e+00
   8.7063246e+00
   8.6920395e+00
   8.6776910e+00
   8.6632792e+00
   8.6488039e+00
   8.6342649e+00
   8.6196623e+00
   8.6049958e+00
   8.5902653e+00
   8.5754708e+00
   8.5606121e+00
   8.5456891e+00
   8.5307017e+00
   8.5156498e+00
   8.5005332e+00
   8.4853519e+00
   8.4701058e+00
   8.4547946e+00
   8.4394184e+00
   8.4239770e+00
   8.4084702e+00
   8.3928980e+00
   8.3772603e+00
   8.3615569e+00
   8.3457877e+00
   8.3299526e+00
   8.3140515e+00
   8.2980843e+00
   8.2820508e+00
   8.2659510e+00
   8.2497847e+00
   8.2335518e+00
   8.2172522e+00
   8.2008858e+00
   8.1844524e+00
   8.1679520e+00
   8.1513844e+00
   8.1347495e+00
   8.1180472e+00
   8.1012774e+00
   8.0844399e+00
   8.0675347e+00
   8.0505616e+00
   8.0335206e+00
   8.0164114e+00
   7.9992340e+00
   7.9819882e+00
   7.9646740e+00
   7.9472913e+00
   7.9298398e+00
   7.9123195e+00
   7.8947303e+00
   7.8770721e+00
   7.8593447e+00
   7.8415481e+00
   7.8236821e+00
   7.8057466e+00
   7.7877414e+00
   7.7696666e+00
   7.7515219e+00
   7.7333072e+00
   7.7150225e+00
   7.6966676e+00
   7.6782424e+00
   7.6597468e+00
   7.6411807e+00
   7.6225440e+00
   7.6038365e+00
   7.5850582e+00
   7.5662089e+00
   7.5472886e+00
   7.5282972e+00
   7.5092344e+00
   7.4901003e+00
   7.4708947e+00
   7.4516175e+00
   7.4322687e+00
   7.4128480e+00
   7.3933555e+00
   7.3737910e+00
   7.3541544e+00
   7.3344456e+00
   7.3146646e+00
   7.2948112e+00
   7.2748854e+00
   7.2548870e+00
   7.2348160e+00
   7.2146723e+00
   7.1944558e+00
   7.1741664e+00
   7.1538041e+00
   7.1333687e+00
   7.1128602e+00
   7.0922786e+00
   7.0716236e+00
   7.0508954e+00
   7.0300937e+00
   7.0092187e+00
   6.9882701e+00
   6.9672479e+00
   6.9461521e+00
   6.9249826e+00
   6.9037394e+00
   6.8824225e+00
   6.8610317e+00
   6.8395671e+00
   6.8180286e+00
   6.7964162e+00
   6.7747298e+00
   6.7529695e+00
   6.7311352e+00
   6.7092270e+00
   6.6872447e+00
   6.6651884e+00
   6.6430581e+00
   6.6208539e+00
   6.5985756e+00
   6.5762234e+00
   6.5537973e+00
   6.5312972e+00
   6.5087232e+00
   6.4860754e+00
   6.4633538e+00
   6.4405584e+00
   6.4176894e+00
   6.3947467e+00
   6.3717305e+00
   6.3486408e+00
   6.3254777e+00
   6.3022413e+00
   6.2789318e+00
   6.2555491e+00
   6.2320935e+00
   6.2085651e+00
   6.1849640e+00
   6.1612904e+00
   6.1375443e+00
   6.1137260e+00
   6.0898357e+00
   6.0658735e+00
   6.0418397e+00
   6.0177343e+00
   5.9935578e+00
   5.9693102e+00
   5.9449918e+00
   5.9206029e+00
   5.8961437e+00
   5.8716145e+00
   5.8470156e+00
   5.8223474e+00
   5.7976100e+00
   5.7728039e+00
   5.7479293e+00
   5.7229867e+00
   5.6979764e+00
   5.6728988e+00
   5.6477544e+00
   5.6225434e+00
   5.5972664e+00
   5.5719238e+00
   5.5465160e+00
   5.5210436e+00
   5.4955071e+00
   5.4699069e+00
   5.4442437e+00
   5.4185179e+00
   5.3927302e+00
   5.3668812e+00
   5.3409714e+00
   5.3150015e+00
   5.2889721e+00
   5.2628840e+00
   5.2367379e+00
   5.2105343e+00
   5.1842742e+00
   5.1579583e+00
   5.1315873e+00
   5.1051621e+00
   5.0786835e+00
   5.0521523e+00
   5.0255695e+00
   4.9989360e+00
   4.9722527e+00
   4.9455206e+00
   4.9187406e+00
   4.8919138e+00
   4.8650412e+00
   4.8381239e+00
   4.8111630e+00
   4.7841596e+00
   4.7571149e+00
   4.7300300e+00
   4.7029062e+00
   4.6757447e+00
   4.6485468e+00
   4.6213137e+00
   4.5940469e+00
   4.5667476e+00
   4.5394174e+00
   4.5120575e+00
   4.4846695e+00
   4.4572548e+00
   4.4298149e+00
   4.4023515e+00
   4.3748661e+00
   4.3473603e+00
   4.3198357e+00
   4.2922941e+00
   4.2647371e+00
   4.2371665e+00
   4.2095841e+00
   4.1819916e+00
   4.1543910e+00
   4.1267840e+00
   4.0991727e+00
   4.0715588e+00
   4.0439445e+00
   4.0163316e+00
   3.9887222e+00
   3.9611184e+00
   3.9335223e+00
   3.9059360e+00
   3.8783615e+00
   3.8508012e+00
   3.8232572e+00
   3.7957317e+00
   3.7682271e+00
   3.7407455e+00
   3.7132894e+00
   3.6858609e+00
   3.6584626e+00
   3.6310968e+00
   3.6037658e+00
   3.5764722e+00
   3.5492184e+00
   3.5220068e+00
   3.4948399e+00
   3.4677203e+00
   3.4406504e+00
   3.4136328e+00
   3.3866701e+00
   3.3597648e+00
   3.3329194e+00
   3.3061367e+00
   3.2794191e+00
   3.2527692e+00
   3.2261898e+00
   3.1996833e+00
   3.1732524e+00
   3.1468998e+00
   3.1206279e+00
   3.0944395e+00
   3.0683371e+00
   3.0423234e+00
   3.0164009e+00
   2.9905722e+00
   2.9648399e+00
   2.9392066e+00
   2.9136748e+00
   2.8882470e+00
   2.8629258e+00
   2.8377136e+00
   2.8126130e+00
   2.7876263e+00
   2.7627559e+00
   2.7380044e+00
   2.7133740e+00
   2.6888671e+00
   2.6644860e+00
   2.6402330e+00
   2.6161103e+00
   2.5921201e+00
   2.5682645e+00
   2.5445457e+00
   2.5209658e+00
   2.4975267e+00
   2.4742305e+00
   2.4510792e+00
   2.4280745e+00
   2.4052185e+00
   2.3825127e+00
   2.3599591e+00
   2.3375592e+00
   2.3153148e+00
   2.2932273e+00
   2.2712984e+00
   2.2495294e+00
   2.2279219e+00
   2.2064771e+00
   2.1851963e+00
   2.1640808e+00
   2.1431317e+00
   2.1223501e+00
   2.1017371e+00
   2.0812937e+00
   2.0610208e+00
   2.0409192e+00
   2.0209898e+00
   2.0012332e+00
   1.9816502e+00
   1.9622413e+00
   1.9430071e+00
   1.9239481e+00
   1.9050647e+00
   1.8863572e+00
   1.8678259e+00
   1.8494712e+00
   1.8312930e+00
   1.8132916e+00
   1.7954671e+00
   1.7778193e+00
   1.7603483e+00
   1.7430539e+00
   1.7259359e+00
   1.7089941e+00
   1.6922282e+00
   1.6756380e+00
   1.6592229e+00
   1.6429825e+00
   1.6269164e+00
   1.6110239e+00
   1.5953045e+00
   1.5797576e+00
   1.5643825e+00
   1.5491784e+00
   1.5341445e+00
   1.5192801e+00
   1.5045842e+00
   1.4900561e+00
   1.4756946e+00
   1.4614990e+00
   1.4474681e+00
   1.4336009e+00
   1.4198963e+00
   1.4063533e+00
   1.3929707e+00
   1.3797473e+00
   1.3666819e+00
   1.3537734e+00
   1.3410204e+00
   1.3284217e+00
   1.3159760e+00
   1.3036820e+00
   1.2915383e+00
   1.2795437e+00
   1.2676967e+00
   1.2559960e+00
   1.2444401e+00
   1.2330276e+00
   1.2217572e+00
   1.2106273e+00
   1.1996366e+00
   1.1887836e+00
   1.1780667e+00
   1.1674846e+00
   1.1570358e+00
   1.1467187e+00
   1.1365319e+00
   1.1264740e+00
   1.1165433e+00
   1.1067384e+00
   1.0970579e+00
   1.0875001e+00
   1.0780637e+00
   1.0687472e+00
   1.0595489e+00
   1.0504675e+00
   1.0415015e+00
   1.0326494e+00
   1.0239097e+00
   1.0152809e+00
   1.0067617e+00
   9.9835047e-01
   9.9004583e-01
   9.8184635e-01
   9.7375059e-01
   9.6575713e-01
   9.5786455e-01
   9.5007147e-01
   9.4237647e-01
   9.3477820e-01
   9.2727526e-01
   9.1986631e-01
   9.1255000e-01
   9.0532498e-01
   8.9818995e-01
   8.9114359e-01
   8.8418459e-01
   8.7731168e-01
   8.7052359e-01
   8.6381904e-01
   8.5719681e-01
   8.5065565e-01
   8.4419435e-01
   8.3781170e-01
   8.3150652e-01
   8.2527763e-01
   8.1912386e-01
   8.1304407e-01
   8.0703712e-01
   8.0110190e-01
   7.9523729e-01
   7.8944221e-01
   7.8371559e-01
   7.7805635e-01
   7.7246345e-01
   7.6693587e-01
   7.6147257e-01
   7.5607255e-01
   7.5073483e-01
   7.4545842e-01
   7.4024237e-01
   7.3508572e-01
   7.2998754e-01
   7.2494691e-01
   7.1996292e-01
   7.1503469e-01
   7.1016132e-01
   7.0534196e-01
   7.0057575e-01
   6.9586185e-01
   6.9119944e-01
   6.8658770e-01
   6.8202583e-01
   6.7751305e-01
   6.7304857e-01
   6.6863165e-01
   6.6426153e-01
   6.5993747e-01
   6.5565874e-01
   6.5142464e-01
   6.4723446e-01
   6.4308752e-01
   6.3898313e-01
   6.3492062e-01
   6.3089936e-01
   6.2691868e-01
   6.2297796e-01
   6.1907658e-01
   6.1521392e-01
   6.1138939e-01
   6.0760239e-01
   6.0385234e-01
   6.0013868e-01
   5.9646085e-01
   5.9281829e-01
   5.8921047e-01
   5.8563685e-01
   5.8209691e-01
   5.7859015e-01
   5.7511606e-01
   5.7167415e-01
   5.6826393e-01
   5.6488493e-01
   5.6153667e-01
   5.5821871e-01
   5.5493058e-01
   5.5167185e-01
   5.4844209e-01
   5.4524086e-01
   5.4206775e-01
   5.3892235e-01
   5.3580425e-01
   5.3271306e-01
   5.2964839e-01
   5.2660985e-01
   5.2359707e-01
   5.2060969e-01
   5.1764735e-01
   5.1470968e-01
   5.1179634e-01
   5.0890699e-01
   5.0604129e-01
   5.0319892e-01
   5.0037955e-01
   4.9758287e-01
   4.9480856e-01
   4.9205631e-01
   4.8932584e-01
   4.8661683e-01
   4.8392902e-01
   4.8126210e-01
   4.7861580e-01
   4.7598986e-01
   4.7338399e-01
   4.7079795e-01
   4.6823146e-01
   4.6568427e-01
   4.6315615e-01
   4.6064683e-01
   4.5815609e-01
   4.5568368e-01
   4.5322937e-01
   4.5079295e-01
   4.4837417e-01
   4.4597283e-01
   4.4358872e-01
   4.4122161e-01
   4.3887130e-01
   4.3653758e-01
   4.3422027e-01
   4.3191916e-01
   4.2963405e-01
   4.2736477e-01
   4.2511112e-01
   4.2287292e-01
   4.2064999e-01
   4.1844215e-01
   4.1624924e-01
   4.1407108e-01
   4.1190750e-01
   4.0975835e-01
   4.0762345e-01
   4.0550265e-01
   4.0339580e-01
   4.0130275e-01
   3.9922333e-01
   3.9715741e-01
   3.9510484e-01
   3.9306547e-01
   3.9103918e-01
   3.8902581e-01
   3.8702523e-01
   3.8503732e-01
   3.8306193e-01
   3.8109894e-01
   3.7914823e-01
   3.7720967e-01
   3.7528314e-01
   3.7336851e-01
   3.7146567e-01
   3.6957451e-01
   3.6769490e-01
   3.6582674e-01
   3.6396991e-01
   3.6212431e-01
   3.6028983e-01
   3.5846637e-01
   3.5665381e-01
   3.5485206e-01
   3.5306101e-01
   3.5128058e-01
   3.4951066e-01
   3.4775115e-01
   3.4600196e-01
   3.4426300e-01
   3.4253418e-01
   3.4081540e-01
   3.3910658e-01
   3.3740764e-01
   3.3571848e-01
   3.3403902e-01
   3.3236917e-01
   3.3070886e-01
   3.2905801e-01
   3.2741653e-01
   3.2578434e-01
   3.2416137e-01
   3.2254755e-01
   3.2094279e-01
   3.1934703e-01
   3.1776018e-01
   3.1618219e-01
   3.1461297e-01
   3.1305245e-01
   3.1150058e-01
   3.0995728e-01
   3.0842248e-01
   3.0689611e-01
   3.0537812e-01
   3.0386843e-01
   3.0236699e-01
   3.0087373e-01
   2.9938859e-01
   2.9791151e-01
   2.9644242e-01
   2.9498127e-01
   2.9352801e-01
   2.9208256e-01
   2.9064489e-01
   2.8921491e-01
   2.8779260e-01
   2.8637788e-01
   2.8497070e-01
   2.8357102e-01
   2.8217877e-01
   2.8079390e-01
   2.7941637e-01
   2.7804612e-01
   2.7668311e-01
   2.7532727e-01
   2.7397857e-01
   2.7263695e-01
   2.7130237e-01
   2.6997477e-01
   2.6865412e-01
   2.6734036e-01
   2.6603345e-01
   2.6473334e-01
   2.6343999e-01
   2.6215336e-01
   2.6087339e-01
   2.5960005e-01
   2.5833330e-01
   2.5707309e-01
   2.5581937e-01
   2.5457212e-01
   2.5333128e-01
   2.5209682e-01
   2.5086869e-01
   2.4964686e-01
   2.4843128e-01
   2.4722193e-01
   2.4601875e-01
   2.4482171e-01
   2.4363077e-01
   2.4244590e-01
   2.4126706e-01
   2.4009421e-01
   2.3892731e-01
   2.3776633e-01
   2.3661124e-01
   2.3546199e-01
   2.3431855e-01
   2.3318089e-01
   2.3204898e-01
   2.3092278e-01
   2.2980225e-01
   2.2868736e-01
   2.2757809e-01
   2.2647439e-01
   2.2537623e-01
   2.2428358e-01
   2.2319642e-01
   2.2211470e-01
   2.2103840e-01
   2.1996749e-01
   2.1890193e-01
   2.1784169e-01
   2.1678675e-01
   2.1573707e-01
   2.1469262e-01
   2.1365338e-01
   2.1261932e-01
   2.1159040e-01
   2.1056660e-01
   2.0954788e-01
   2.0853423e-01
   2.0752561e-01
   2.0652199e-01
   2.0552335e-01
   2.0452965e-01
   2.0354088e-01
   2.0255701e-01
   2.0157800e-01
   2.0060383e-01
   1.9963448e-01
   1.9866991e-01
   1.9771011e-01
   1.9675504e-01
   1.9580469e-01
   1.9485902e-01
   1.9391801e-01
   1.9298163e-01
   1.9204987e-01
   1.9112269e-01
   1.9020007e-01
   1.8928199e-01
   1.8836842e-01
   1.8745934e-01
   1.8655472e-01
   1.8565454e-01
   1.8475879e-01
   1.8386742e-01
   1.8298043e-01
   1.8209778e-01
   1.8121946e-01
   1.8034544e-01
   1.7947570e-01
   1.7861022e-01
   1.7774897e-01
   1.7689193e-01
   1.7603909e-01
   1.7519041e-01
   1.7434589e-01
   1.7350548e-01
   1.7266919e-01
   1.7183697e-01
   1.7100882e-01
   1.7018471e-01
   1.6936462e-01
   1.6854852e-01
   1.6773641e-01
   1.6692826e-01
   1.6612404e-01
   1.6532374e-01
   1.6452734e-01
   1.6373482e-01
   1.6294616e-01
   1.6216133e-01
   1.6138032e-01
   1.6060312e-01
   1.5982969e-01
   1.5906002e-01
   1.5829410e-01
   1.5753190e-01
   1.5677340e-01
   1.5601859e-01
   1.5526744e-01
   1.5451994e-01
   1.5377607e-01
   1.5303582e-01
   1.5229915e-01
   1.5156606e-01
   1.5083653e-01
   1.5011054e-01
   1.4938807e-01
   1.4866910e-01
   1.4795362e-01
   1.4724160e-01
   1.4653304e-01
   1.4582791e-01
   1.4512620e-01
   1.4442789e-01
   1.4373296e-01
   1.4304140e-01
   1.4235318e-01
   1.4166830e-01
   1.4098674e-01
   1.4030847e-01
   1.3963349e-01
   1.3896177e-01
   1.3829330e-01
   1.3762807e-01
   1.3696606e-01
   1.3630724e-01
   1.3565162e-01
   1.3499916e-01
   1.3434986e-01
   1.3370370e-01
   1.3306066e-01
   1.3242073e-01
   1.3178390e-01
   1.3115014e-01
   1.3051944e-01
   1.2989179e-01
   1.2926717e-01
   1.2864557e-01
   1.2802697e-01
   1.2741136e-01
   1.2679873e-01
   1.2618905e-01
   1.2558231e-01
   1.2497851e-01
   1.2437761e-01
   1.2377962e-01
   1.2318452e-01
   1.2259229e-01
   1.2200291e-01
   1.2141638e-01
   1.2083268e-01
   1.2025180e-01
   1.1967372e-01
   1.1909843e-01
   1.1852591e-01
   1.1795615e-01
   1.1738914e-01
   1.1682487e-01
   1.1626332e-01
   1.1570447e-01
   1.1514832e-01
   1.1459485e-01
   1.1404405e-01
   1.1349591e-01
   1.1295040e-01
   1.1240753e-01
   1.1186727e-01
   1.1132962e-01
   1.1079456e-01
   1.1026207e-01
   1.0973216e-01
   1.0920479e-01
   1.0867997e-01
   1.0815767e-01
   1.0763789e-01
   1.0712062e-01
   1.0660584e-01
   1.0609353e-01
   1.0558370e-01
   1.0507632e-01
   1.0457138e-01
   1.0406888e-01
   1.0356880e-01
   1.0307112e-01
   1.0257584e-01
   1.0208295e-01
   1.0159243e-01
   1.0110427e-01
   1.0061846e-01
   1.0013499e-01
   9.9653845e-02
   9.9175019e-02
   9.8698498e-02
   9.8224271e-02
   9.7752327e-02
   9.7282654e-02
   9.6815242e-02
   9.6350079e-02
   9.5887156e-02
   9.5426460e-02
   9.4967981e-02
   9.4511709e-02
   9.4057633e-02
   9.3605741e-02
   9.3156024e-02
   9.2708472e-02
   9.2263072e-02
   9.1819816e-02
   9.1378692e-02
   9.0939691e-02
   9.0502801e-02
   9.0068014e-02
   8.9635318e-02
   8.9204704e-02
   8.8776161e-02
   8.8349680e-02
   8.7925251e-02
   8.7502863e-02
   8.7082506e-02
   8.6664172e-02
   8.6247850e-02
   8.5833530e-02
   8.5421203e-02
   8.5010859e-02
   8.4602488e-02
   8.4196082e-02
   8.3791630e-02
   8.3389123e-02
   8.2988552e-02
   8.2589907e-02
   8.2193179e-02
   8.1798359e-02
   8.1405437e-02
   8.1014405e-02
   8.0625253e-02
   8.0237972e-02
   7.9852554e-02
   7.9468988e-02
   7.9087267e-02
   7.8707381e-02
   7.8329322e-02
   7.7953080e-02
   7.7578647e-02
   7.7206014e-02
   7.6835173e-02
   7.6466114e-02
   7.6098830e-02
   7.5733311e-02
   7.5369550e-02
   7.5007537e-02
   7.4647264e-02
   7.4288724e-02
   7.3931907e-02
   7.3576805e-02
   7.3223410e-02
   7.2871713e-02
   7.2521707e-02
   7.2173384e-02
   7.1826735e-02
   7.1481752e-02
   7.1138427e-02
   7.0796752e-02
   7.0456719e-02
   7.0118321e-02
   6.9781549e-02
   6.9446396e-02
   6.9112854e-02
   6.8780914e-02
   6.8450570e-02
   6.8121814e-02
   6.7794637e-02
   6.7469033e-02
   6.7144994e-02
   6.6822512e-02
   6.6501579e-02
   6.6182189e-02
   6.5864334e-02
   6.5548006e-02
   6.5233198e-02
   6.4919903e-02
   6.4608114e-02
   6.4297823e-02
   6.3989023e-02
   6.3681707e-02
   6.3375867e-02
   6.3071497e-02
   6.2768590e-02
   6.2467138e-02
   6.2167135e-02
   6.1868573e-02
   6.1571446e-02
   6.1275746e-02
   6.0981467e-02
   6.0688602e-02
   6.0397145e-02
   6.0107087e-02
   5.9818424e-02
   5.9531147e-02
   5.9245250e-02
   5.8960728e-02
   5.8677572e-02
   5.8395776e-02
   5.8115335e-02
   5.7836241e-02
   5.7558487e-02
   5.7282069e-02
   5.7006978e-02
   5.6733209e-02
   5.6460755e-02
   5.6189610e-02
   5.5919767e-02
   5.5651222e-02
   5.5383966e-02
   5.5117994e-02
   5.4853300e-02
   5.4589877e-02
   5.4327720e-02
   5.4066823e-02
   5.3807178e-02
   5.3548782e-02
   5.3291626e-02
   5.3035706e-02
   5.2781015e-02
   5.2527548e-02
   5.2275298e-02
   5.2024260e-02
   5.1774428e-02
   5.1525796e-02
   5.1278358e-02
   5.1032110e-02
   5.0787044e-02
   5.0543155e-02
   5.0300437e-02
   5.0058886e-02
   4.9818495e-02
   4.9579259e-02
   4.9341172e-02
   4.9104228e-02
   4.8868423e-02
   4.8633750e-02
   4.8400205e-02
   4.8167781e-02
   4.7936474e-02
   4.7706278e-02
   4.7477188e-02
   4.7249198e-02
   4.7022303e-02
   4.6796498e-02
   4.6571778e-02
   4.6348136e-02
   4.6125570e-02
   4.5904072e-02
   4.5683638e-02
   4.5464263e-02
   4.5245941e-02
   4.5028669e-02
   4.4812440e-02
   4.4597249e-02
   4.4383092e-02
   4.4169963e-02
   4.3957859e-02
   4.3746773e-02
   4.3536701e-02
   4.3327637e-02
   4.3119578e-02
   4.2912519e-02
   4.2706453e-02
   4.2501378e-02
   4.2297287e-02
   4.2094177e-02
   4.1892042e-02
   4.1690878e-02
   4.1490680e-02
   4.1291444e-02
   4.1093164e-02
   4.0895837e-02
   4.0699458e-02
   4.0504022e-02
   4.0309524e-02
   4.0115961e-02
   3.9923327e-02
   3.9731618e-02
   3.9540830e-02
   3.9350959e-02
   3.9161999e-02
   3.8973947e-02
   3.8786797e-02
   3.8600547e-02
   3.8415191e-02
   3.8230726e-02
   3.8047146e-02
   3.7864448e-02
   3.7682628e-02
   3.7501680e-02
   3.7321602e-02
   3.7142388e-02
   3.6964036e-02
   3.6786539e-02
   3.6609895e-02
   3.6434100e-02
   3.6259149e-02
   3.6085038e-02
   3.5911763e-02
   3.5739320e-02
   3.5567705e-02
   3.5396915e-02
   3.5226945e-02
   3.5057791e-02
   3.4889449e-02
   3.4721916e-02
   3.4555187e-02
   3.4389259e-02
   3.4224128e-02
   3.4059790e-02
   3.3896241e-02
   3.3733478e-02
   3.3571496e-02
   3.3410292e-02
   3.3249863e-02
   3.3090203e-02
   3.2931311e-02
   3.2773181e-02
   3.2615811e-02
   3.2459197e-02
   3.2303334e-02
   3.2148221e-02
   3.1993852e-02
   3.1840224e-02
   3.1687334e-02
   3.1535179e-02
   3.1383754e-02
   3.1233056e-02
   3.1083082e-02
   3.0933828e-02
   3.0785291e-02
   3.0637467e-02
   3.0490353e-02
   3.0343946e-02
   3.0198241e-02
   3.0053237e-02
   2.9908928e-02
   2.9765313e-02
   2.9622387e-02
   2.9480148e-02
   2.9338592e-02
   2.9197715e-02
   2.9057515e-02
   2.8917988e-02
   2.8779132e-02
   2.8640942e-02
   2.8503415e-02
   2.8366549e-02
   2.8230341e-02
   2.8094786e-02
   2.7959882e-02
   2.7825626e-02
   2.7692015e-02
   2.7559046e-02
   2.7426715e-02
   2.7295019e-02
   2.7163956e-02
   2.7033522e-02
   2.6903715e-02
   2.6774531e-02
   2.6645967e-02
   2.6518021e-02
   2.6390689e-02
   2.6263968e-02
   2.6137856e-02
   2.6012350e-02
   2.5887446e-02
   2.5763142e-02
   2.5639435e-02
   2.5516322e-02
   2.5393800e-02
   2.5271866e-02
   2.5150518e-02
   2.5029753e-02
   2.4909568e-02
   2.4789960e-02
   2.4670926e-02
   2.4552463e-02
   2.4434570e-02
   2.4317243e-02
   2.4200479e-02
   2.4084276e-02
   2.3968630e-02
   2.3853540e-02
   2.3739003e-02
   2.3625016e-02
   2.3511576e-02
   2.3398681e-02
   2.3286328e-02
   2.3174514e-02
   2.3063238e-02
   2.2952495e-02
   2.2842285e-02
   2.2732604e-02
   2.2623449e-02
   2.2514818e-02
   2.2406710e-02
   2.2299120e-02
   2.2192047e-02
   2.2085488e-02
   2.1979441e-02
   2.1873903e-02
   2.1768871e-02
   2.1664345e-02
   2.1560320e-02
   2.1456794e-02
   2.1353766e-02
   2.1251232e-02
   2.1149191e-02
   2.1047640e-02
   2.0946576e-02
   2.0845998e-02
   2.0745903e-02
   2.0646288e-02
   2.0547151e-02
   2.0448491e-02
   2.0350304e-02
   2.0252589e-02
   2.0155343e-02
   2.0058565e-02
   1.9962250e-02
   1.9866399e-02
   1.9771007e-02
   1.9676074e-02
   1.9581596e-02
   1.9487572e-02
   1.9394000e-02
   1.9300877e-02
   1.9208201e-02
   1.9115970e-02
   1.9024182e-02
   1.8932835e-02
   1.8841926e-02
   1.8751454e-02
   1.8661416e-02
   1.8571811e-02
   1.8482636e-02
   1.8393889e-02
   1.8305569e-02
   1.8217672e-02
   1.8130197e-02
   1.8043143e-02
   1.7956506e-02
   1.7870286e-02
   1.7784480e-02
   1.7699085e-02
   1.7614101e-02
   1.7529525e-02
   1.7445354e-02
   1.7361588e-02
   1.7278225e-02
   1.7195261e-02
   1.7112696e-02
   1.7030528e-02
   1.6948754e-02
   1.6867372e-02
   1.6786382e-02
   1.6705780e-02
   1.6625565e-02
   1.6545736e-02
   1.6466290e-02
   1.6387225e-02
   1.6308540e-02
   1.6230233e-02
   1.6152302e-02
   1.6074745e-02
   1.5997560e-02
   1.5920747e-02
   1.5844302e-02
   1.5768224e-02
   1.5692511e-02
   1.5617162e-02
   1.5542175e-02
   1.5467547e-02
   1.5393279e-02
   1.5319366e-02
   1.5245809e-02
   1.5172605e-02
   1.5099753e-02
   1.5027250e-02
   1.4955095e-02
   1.4883287e-02
   1.4811824e-02
   1.4740704e-02
   1.4669925e-02
   1.4599487e-02
   1.4529386e-02
   1.4459622e-02
   1.4390193e-02
   1.4321098e-02
   1.4252334e-02
   1.4183901e-02
   1.4115796e-02
   1.4048018e-02
   1.3980566e-02
   1.3913437e-02
   1.3846631e-02
   1.3780146e-02
   1.3713980e-02
   1.3648131e-02
   1.3582599e-02
   1.3517382e-02
   1.3452477e-02
   1.3387885e-02
   1.3323602e-02
   1.3259628e-02
   1.3195962e-02
   1.3132601e-02
   1.3069544e-02
   1.3006790e-02
   1.2944338e-02
   1.2882185e-02
   1.2820331e-02
   1.2758774e-02
   1.2697513e-02
   1.2636545e-02
   1.2575871e-02
   1.2515488e-02
   1.2455394e-02
   1.2395590e-02
   1.2336072e-02
   1.2276840e-02
   1.2217893e-02
   1.2159229e-02
   1.2100846e-02
   1.2042744e-02
   1.1984921e-02
   1.1927376e-02
   1.1870107e-02
   1.1813112e-02
   1.1756392e-02
   1.1699944e-02
   1.1643767e-02
   1.1587860e-02
   1.1532221e-02
   1.1476849e-02
   1.1421744e-02
   1.1366903e-02
   1.1312325e-02
   1.1258009e-02
   1.1203954e-02
   1.1150159e-02
   1.1096622e-02
   1.1043342e-02
   1.0990318e-02
   1.0937549e-02
   1.0885033e-02
   1.0832769e-02
   1.0780757e-02
   1.0728994e-02
   1.0677479e-02
   1.0626212e-02
   1.0575191e-02
   1.0524415e-02
   1.0473883e-02
   1.0423594e-02
   1.0373546e-02
   1.0323739e-02
   1.0274170e-02
   1.0224840e-02
   1.0175746e-02
   1.0126889e-02
   1.0078266e-02
   1.0029876e-02
   9.9817189e-03
   9.9337930e-03
   9.8860972e-03
   9.8386305e-03
   9.7913917e-03
   9.7443798e-03
   9.6975936e-03
   9.6510321e-03
   9.6046942e-03
   9.5585788e-03
   9.5126849e-03
   9.4670113e-03
   9.4215571e-03
   9.3763212e-03
   9.3313025e-03
   9.2865000e-03
   9.2419127e-03
   9.1975395e-03
   9.1533793e-03
   9.1094313e-03
   9.0656943e-03
   9.0221673e-03
   8.9788493e-03
   8.9357394e-03
   8.8928365e-03
   8.8501396e-03
   8.8076478e-03
   8.7653600e-03
   8.7232754e-03
   8.6813928e-03
   8.6397113e-03
   8.5982300e-03
   8.5569480e-03
   8.5158641e-03
   8.4749776e-03
   8.4342874e-03
   8.3937927e-03
   8.3534924e-03
   8.3133856e-03
   8.2734714e-03
   8.2337490e-03
   8.1942172e-03
   8.1548754e-03
   8.1157224e-03
   8.0767575e-03
   8.0379798e-03
   7.9993882e-03
   7.9609820e-03
   7.9227602e-03
   7.8847220e-03
   7.8468664e-03
   7.8091927e-03
   7.7716999e-03
   7.7343871e-03
   7.6972535e-03
   7.6602983e-03
   7.6235205e-03
   7.5869194e-03
   7.5504940e-03
   7.5142436e-03
   7.4781672e-03
   7.4422641e-03
   7.4065335e-03
   7.3709744e-03
   7.3355861e-03
   7.3003678e-03
   7.2653186e-03
   7.2304377e-03
   7.1957243e-03
   7.1611777e-03
   7.1267970e-03
   7.0925813e-03
   7.0585300e-03
   7.0246423e-03
   6.9909172e-03
   6.9573542e-03
   6.9239523e-03
   6.8907109e-03
   6.8576291e-03
   6.8247062e-03
   6.7919413e-03
   6.7593339e-03
   6.7268830e-03
   6.6945880e-03
   6.6624481e-03
   6.6304626e-03
   6.5986307e-03
   6.5669516e-03
   6.5354247e-03
   6.5040492e-03
   6.4728244e-03
   6.4417495e-03
   6.4108239e-03
   6.3800469e-03
   6.3494176e-03
   6.3189354e-03
   6.2885997e-03
   6.2584096e-03
   6.2283645e-03
   6.1984637e-03
   6.1687066e-03
   6.1390923e-03
   6.1096203e-03
   6.0802898e-03
   6.0511002e-03
   6.0220508e-03
   5.9931409e-03
   5.9643698e-03
   5.9357369e-03
   5.9072416e-03
   5.8788831e-03
   5.8506608e-03
   5.8225740e-03
   5.7946222e-03
   5.7668046e-03
   5.7391206e-03
   5.7115695e-03
   5.6841508e-03
   5.6568638e-03
   5.6297078e-03
   5.6026822e-03
   5.5757865e-03
   5.5490199e-03
   5.5223819e-03
   5.4958718e-03
   5.4694891e-03
   5.4432330e-03
   5.4171031e-03
   5.3910987e-03
   5.3652192e-03
   5.3394639e-03
   5.3138324e-03
   5.2883240e-03
   5.2629381e-03
   5.2376741e-03
   5.2125314e-03
   5.1875096e-03
   5.1626079e-03
   5.1378258e-03
   5.1131627e-03
   5.0886181e-03
   5.0641914e-03
   5.0398820e-03
   5.0156893e-03
   4.9916129e-03
   4.9676521e-03
   4.9438064e-03
   4.9200752e-03
   4.8964580e-03
   4.8729542e-03
   4.8495633e-03
   4.8262848e-03
   4.8031181e-03
   4.7800626e-03
   4.7571179e-03
   4.7342834e-03
   4.7115586e-03
   4.6889429e-03
   4.6664359e-03
   4.6440369e-03
   4.6217456e-03
   4.5995613e-03
   4.5774836e-03
   4.5555119e-03
   4.5336457e-03
   4.5118846e-03
   4.4902280e-03
   4.4686754e-03
   4.4472264e-03
   4.4258803e-03
   4.4046368e-03
   4.3834954e-03
   4.3624554e-03
   4.3415166e-03
   4.3206783e-03
   4.2999401e-03
   4.2793015e-03
   4.2587621e-03
   4.2383213e-03
   4.2179787e-03
   4.1977338e-03
   4.1775861e-03
   4.1575353e-03
   4.1375807e-03
   4.1177220e-03
   4.0979587e-03
   4.0782903e-03
   4.0587164e-03
   4.0392365e-03
   4.0198501e-03
   4.0005569e-03
   3.9813564e-03
   3.9622481e-03
   3.9432315e-03
   3.9243064e-03
   3.9054721e-03
   3.8867283e-03
   3.8680745e-03
   3.8495104e-03
   3.8310354e-03
   3.8126491e-03
   3.7943512e-03
   3.7761412e-03
   3.7580186e-03
   3.7399831e-03
   3.7220342e-03
   3.7041715e-03
   3.6863947e-03
   3.6687032e-03
   3.6510967e-03
   3.6335748e-03
   3.6161371e-03
   3.5987831e-03
   3.5815125e-03
   3.5643248e-03
   3.5472197e-03
   3.5301968e-03
   3.5132557e-03
   3.4963959e-03
   3.4796171e-03
   3.4629189e-03
   3.4463009e-03
   3.4297628e-03
   3.4133041e-03
   3.3969244e-03
   3.3806235e-03
   3.3644008e-03
   3.3482561e-03
   3.3321889e-03
   3.3161989e-03
   3.3002858e-03
   3.2844490e-03
   3.2686884e-03
   3.2530034e-03
   3.2373938e-03
   3.2218592e-03
   3.2063992e-03
   3.1910135e-03
   3.1757017e-03
   3.1604634e-03
   3.1452983e-03
   3.1302061e-03
   3.1151864e-03
   3.1002389e-03
   3.0853631e-03
   3.0705588e-03
   3.0558257e-03
   3.0411633e-03
   3.0265713e-03
   3.0120494e-03
   2.9975973e-03
   2.9832147e-03
   2.9689011e-03
   2.9546563e-03
   2.9404799e-03
   2.9263716e-03
   2.9123311e-03
   2.8983580e-03
   2.8844521e-03
   2.8706129e-03
   2.8568403e-03
   2.8431338e-03
   2.8294932e-03
   2.8159181e-03
   2.8024082e-03
   2.7889632e-03
   2.7755828e-03
   2.7622667e-03
   2.7490145e-03
   2.7358260e-03
   2.7227009e-03
   2.7096388e-03
   2.6966395e-03
   2.6837026e-03
   2.6708279e-03
   2.6580150e-03
   2.6452637e-03
   2.6325737e-03
   2.6199446e-03
   2.6073761e-03
   2.5948681e-03
   2.5824202e-03
   2.5700320e-03
   2.5577034e-03
   2.5454340e-03
   2.5332235e-03
   2.5210717e-03
   2.5089783e-03
   2.4969430e-03
   2.4849655e-03
   2.4730455e-03
   2.4611828e-03
   2.4493771e-03
   2.4376282e-03
   2.4259356e-03
   2.4142993e-03
   2.4027188e-03
   2.3911940e-03
   2.3797245e-03
   2.3683102e-03
   2.3569507e-03
   2.3456457e-03
   2.3343951e-03
   2.3231985e-03
   2.3120558e-03
   2.3009665e-03
   2.2899306e-03
   2.2789476e-03
   2.2680174e-03
   2.2571398e-03
   2.2463144e-03
   2.2355410e-03
   2.2248193e-03
   2.2141492e-03
   2.2035303e-03
   2.1929625e-03
   2.1824454e-03
   2.1719789e-03
   2.1615626e-03
   2.1511964e-03
   2.1408800e-03
   2.1306132e-03
   2.1203957e-03
   2.1102273e-03
   2.1001077e-03
   2.0900367e-03
   2.0800142e-03
   2.0700398e-03
   2.0601133e-03
   2.0502345e-03
   2.0404032e-03
   2.0306191e-03
   2.0208820e-03
   2.0111917e-03
   2.0015479e-03
   1.9919505e-03
   1.9823992e-03
   1.9728938e-03
   1.9634341e-03
   1.9540198e-03
   1.9446508e-03
   1.9353267e-03
   1.9260475e-03
   1.9168128e-03
   1.9076226e-03
   1.8984764e-03
   1.8893742e-03
   1.8803158e-03
   1.8713009e-03
   1.8623293e-03
   1.8534008e-03
   1.8445152e-03
   1.8356722e-03
   1.8268718e-03
   1.8181137e-03
   1.8093976e-03
   1.8007235e-03
   1.7920910e-03
   1.7834999e-03
   1.7749502e-03
   1.7664415e-03
   1.7579737e-03
   1.7495467e-03
   1.7411600e-03
   1.7328137e-03
   1.7245075e-03
   1.7162413e-03
   1.7080147e-03
   1.6998276e-03
   1.6916799e-03
   1.6835714e-03
   1.6755018e-03
   1.6674710e-03
   1.6594787e-03
   1.6515249e-03
   1.6436093e-03
   1.6357317e-03
   1.6278920e-03
   1.6200899e-03
   1.6123253e-03
   1.6045981e-03
   1.5969080e-03
   1.5892548e-03
   1.5816384e-03
   1.5740586e-03
   1.5665152e-03
   1.5590080e-03
   1.5515370e-03
   1.5441018e-03
   1.5367024e-03
   1.5293385e-03
   1.5220100e-03
   1.5147167e-03
   1.5074585e-03
   1.5002351e-03
   1.4930464e-03
   1.4858923e-03
   1.4787726e-03
   1.4716871e-03
   1.4646356e-03
   1.4576180e-03
   1.4506341e-03
   1.4436838e-03
   1.4367669e-03
   1.4298832e-03
   1.4230326e-03
   1.4162150e-03
   1.4094301e-03
   1.4026777e-03
   1.3959579e-03
   1.3892703e-03
   1.3826149e-03
   1.3759914e-03
   1.3693998e-03
   1.3628398e-03
   1.3563114e-03
   1.3498143e-03
   1.3433485e-03
   1.3369137e-03
   1.3305099e-03
   1.3241368e-03
   1.3177943e-03
   1.3114824e-03
   1.3052007e-03
   1.2989493e-03
   1.2927278e-03
   1.2865363e-03
   1.2803746e-03
   1.2742424e-03
   1.2681397e-03
   1.2620664e-03
   1.2560222e-03
   1.2500071e-03
   1.2440208e-03
   1.2380634e-03
   1.2321346e-03
   1.2262342e-03
   1.2203622e-03
   1.2145185e-03
   1.2087028e-03
   1.2029151e-03
   1.1971551e-03
   1.1914229e-03
   1.1857182e-03
   1.1800409e-03
   1.1743909e-03
   1.1687681e-03
   1.1631723e-03
   1.1576033e-03
   1.1520612e-03
   1.1465456e-03
   1.1410566e-03
   1.1355939e-03
   1.1301575e-03
   1.1247473e-03
   1.1193630e-03
   1.1140046e-03
   1.1086720e-03
   1.1033649e-03
   1.0980834e-03
   1.0928273e-03
   1.0875964e-03
   1.0823907e-03
   1.0772100e-03
   1.0720541e-03
   1.0669231e-03
   1.0618167e-03
   1.0567349e-03
   1.0516774e-03
   1.0466443e-03
   1.0416354e-03
   1.0366505e-03
   1.0316896e-03
   1.0267526e-03
   1.0218392e-03
   1.0169495e-03
   1.0120833e-03
   1.0072405e-03
   1.0024209e-03
   9.9762452e-04
   9.9285117e-04
   9.8810077e-04
   9.8337319e-04
   9.7866834e-04
   9.7398610e-04
   9.6932636e-04
   9.6468901e-04
   9.6007395e-04
   9.5548107e-04
   9.5091027e-04
   9.4636143e-04
   9.4183445e-04
   9.3732924e-04
   9.3284567e-04
   9.2838365e-04
   9.2394308e-04
   9.1952384e-04
   9.1512585e-04
   9.1074899e-04
   9.0639317e-04
   9.0205829e-04
   8.9774424e-04
   8.9345092e-04
   8.8917823e-04
   8.8492608e-04
   8.8069437e-04
   8.7648300e-04
   8.7229186e-04
   8.6812087e-04
   8.6396993e-04
   8.5983893e-04
   8.5572780e-04
   8.5163641e-04
   8.4756470e-04
   8.4351255e-04
   8.3947988e-04
   8.3546659e-04
   8.3147259e-04
   8.2749779e-04
   8.2354209e-04
   8.1960540e-04
   8.1568763e-04
   8.1178869e-04
   8.0790849e-04
   8.0404695e-04
   8.0020396e-04
   7.9637944e-04
   7.9257330e-04
   7.8878546e-04
   7.8501582e-04
   7.8126430e-04
   7.7753082e-04
   7.7381527e-04
   7.7011759e-04
   7.6643767e-04
   7.6277545e-04
   7.5913083e-04
   7.5550372e-04
   7.5189405e-04
   7.4830173e-04
   7.4472667e-04
   7.4116880e-04
   7.3762802e-04
   7.3410427e-04
   7.3059745e-04
   7.2710749e-04
   7.2363431e-04
   7.2017781e-04
   7.1673793e-04
   7.1331459e-04
   7.0990770e-04
   7.0651718e-04
   7.0314296e-04
   6.9978496e-04
   6.9644310e-04
   6.9311730e-04
   6.8980749e-04
   6.8651359e-04
   6.8323552e-04
   6.7997321e-04
   6.7672657e-04
   6.7349554e-04
   6.7028005e-04
   6.6708000e-04
   6.6389534e-04
   6.6072599e-04
   6.5757187e-04
   6.5443291e-04
   6.5130904e-04
   6.4820019e-04
   6.4510628e-04
   6.4202724e-04
   6.3896300e-04
   6.3591349e-04
   6.3287863e-04
   6.2985837e-04
   6.2685262e-04
   6.2386132e-04
   6.2088440e-04
   6.1792179e-04
   6.1497342e-04
   6.1203922e-04
   6.0911912e-04
   6.0621306e-04
   6.0332097e-04
   6.0044278e-04
   5.9757843e-04
   5.9472785e-04
   5.9189096e-04
   5.8906772e-04
   5.8625804e-04
   5.8346187e-04
   5.8067914e-04
   5.7790979e-04
   5.7515375e-04
   5.7241096e-04
   5.6968135e-04
   5.6696486e-04
   5.6426143e-04
   5.6157100e-04
   5.5889350e-04
   5.5622887e-04
   5.5357705e-04
   5.5093797e-04
   5.4831158e-04
   5.4569782e-04
   5.4309662e-04
   5.4050792e-04
   5.3793167e-04
   5.3536780e-04
   5.3281626e-04
   5.3027698e-04
   5.2774991e-04
   5.2523499e-04
   5.2273215e-04
   5.2024135e-04
   5.1776252e-04
   5.1529561e-04
   5.1284055e-04
   5.1039730e-04
   5.0796579e-04
   5.0554597e-04
   5.0313778e-04
   5.0074117e-04
   4.9835608e-04
   4.9598245e-04
   4.9362024e-04
   4.9126938e-04
   4.8892982e-04
   4.8660151e-04
   4.8428439e-04
   4.8197841e-04
   4.7968352e-04
   4.7739965e-04
   4.7512677e-04
   4.7286481e-04
   4.7061373e-04
   4.6837346e-04
   4.6614397e-04
   4.6392519e-04
   4.6171709e-04
   4.5951959e-04
   4.5733266e-04
   4.5515624e-04
   4.5299029e-04
   4.5083475e-04
   4.4868957e-04
   4.4655470e-04
   4.4443009e-04
   4.4231570e-04
   4.4021148e-04
   4.3811736e-04
   4.3603332e-04
   4.3395930e-04
   4.3189524e-04
   4.2984111e-04
   4.2779685e-04
   4.2576242e-04
   4.2373777e-04
   4.2172286e-04
   4.1971763e-04
   4.1772204e-04
   4.1573604e-04
   4.1375960e-04
   4.1179265e-04
   4.0983516e-04
   4.0788708e-04
   4.0594836e-04
   4.0401897e-04
   4.0209885e-04
   4.0018796e-04
   3.9828626e-04
   3.9639370e-04
   3.9451024e-04
   3.9263583e-04
   3.9077044e-04
   3.8891401e-04
   3.8706651e-04
   3.8522789e-04
   3.8339811e-04
   3.8157712e-04
   3.7976489e-04
   3.7796138e-04
   3.7616653e-04
   3.7438031e-04
   3.7260268e-04
   3.7083359e-04
   3.6907301e-04
   3.6732090e-04
   3.6557721e-04
   3.6384190e-04
   3.6211493e-04
   3.6039627e-04
   3.5868587e-04
   3.5698369e-04
   3.5528969e-04
   3.5360384e-04
   3.5192610e-04
   3.5025642e-04
   3.4859476e-04
   3.4694110e-04
   3.4529539e-04
   3.4365759e-04
   3.4202766e-04
   3.4040557e-04
   3.3879127e-04
   3.3718474e-04
   3.3558594e-04
   3.3399481e-04
   3.3241134e-04
   3.3083548e-04
   3.2926720e-04
   3.2770646e-04
   3.2615322e-04
   3.2460745e-04
   3.2306911e-04
   3.2153817e-04
   3.2001458e-04
   3.1849833e-04
   3.1698936e-04
   3.1548765e-04
   3.1399315e-04
   3.1250584e-04
   3.1102569e-04
   3.0955265e-04
   3.0808669e-04
   3.0662778e-04
   3.0517588e-04
   3.0373096e-04
   3.0229299e-04
   3.0086194e-04
   2.9943776e-04
   2.9802044e-04
   2.9660992e-04
   2.9520619e-04
   2.9380921e-04
   2.9241894e-04
   2.9103536e-04
   2.8965843e-04
   2.8828812e-04
   2.8692440e-04
   2.8556723e-04
   2.8421659e-04
   2.8287245e-04
   2.8153476e-04
   2.8020351e-04
   2.7887866e-04
   2.7756018e-04
   2.7624804e-04
   2.7494221e-04
   2.7364265e-04
   2.7234934e-04
   2.7106226e-04
   2.6978136e-04
   2.6850661e-04
   2.6723800e-04
   2.6597549e-04
   2.6471905e-04
   2.6346864e-04
   2.6222425e-04
   2.6098585e-04
   2.5975340e-04
   2.5852687e-04
   2.5730624e-04
   2.5609148e-04
   2.5488256e-04
   2.5367945e-04
   2.5248213e-04
   2.5129056e-04
   2.5010473e-04
   2.4892459e-04
   2.4775013e-04
   2.4658132e-04
   2.4541812e-04
   2.4426052e-04
   2.4310849e-04
   2.4196199e-04
   2.4082101e-04
   2.3968551e-04
   2.3855547e-04
   2.3743087e-04
   2.3631167e-04
   2.3519785e-04
   2.3408939e-04
   2.3298626e-04
   2.3188843e-04
   2.3079588e-04
   2.2970859e-04
   2.2862652e-04
   2.2754966e-04
   2.2647797e-04
   2.2541144e-04
   2.2435003e-04
   2.2329373e-04
   2.2224251e-04
   2.2119634e-04
   2.2015520e-04
   2.1911907e-04
   2.1808791e-04
   2.1706172e-04
   2.1604046e-04
   2.1502412e-04
   2.1401266e-04
   2.1300606e-04
   2.1200430e-04
   2.1100736e-04
   2.1001521e-04
   2.0902784e-04
   2.0804521e-04
   2.0706730e-04
   2.0609410e-04
   2.0512558e-04
   2.0416171e-04
   2.0320248e-04
   2.0224786e-04
   2.0129783e-04
   2.0035237e-04
   1.9941146e-04
   1.9847507e-04
   1.9754318e-04
   1.9661577e-04
   1.9569282e-04
   1.9477431e-04
   1.9386022e-04
   1.9295052e-04
   1.9204520e-04
   1.9114423e-04
   1.9024759e-04
   1.8935526e-04
   1.8846722e-04
   1.8758346e-04
   1.8670394e-04
   1.8582865e-04
   1.8495757e-04
   1.8409068e-04
   1.8322796e-04
   1.8236938e-04
   1.8151494e-04
   1.8066460e-04
   1.7981835e-04
   1.7897617e-04
   1.7813804e-04
   1.7730394e-04
   1.7647386e-04
   1.7564776e-04
   1.7482563e-04
   1.7400746e-04
   1.7319322e-04
   1.7238290e-04
   1.7157647e-04
   1.7077393e-04
   1.6997524e-04
   1.6918039e-04
   1.6838936e-04
   1.6760214e-04
   1.6681870e-04
   1.6603903e-04
   1.6526311e-04
   1.6449092e-04
   1.6372244e-04
   1.6295765e-04
   1.6219655e-04
   1.6143910e-04
   1.6068530e-04
   1.5993512e-04
   1.5918855e-04
   1.5844557e-04
   1.5770616e-04
   1.5697031e-04
   1.5623799e-04
   1.5550920e-04
   1.5478391e-04
   1.5406211e-04
   1.5334378e-04
   1.5262890e-04
   1.5191746e-04
   1.5120945e-04
   1.5050483e-04
   1.4980361e-04
   1.4910575e-04
   1.4841126e-04
   1.4772010e-04
   1.4703226e-04
   1.4634774e-04
   1.4566650e-04
   1.4498854e-04
   1.4431384e-04
   1.4364239e-04
   1.4297416e-04
   1.4230915e-04
   1.4164733e-04
   1.4098870e-04
   1.4033323e-04
   1.3968092e-04
   1.3903174e-04
   1.3838568e-04
   1.3774273e-04
   1.3710288e-04
   1.3646610e-04
   1.3583238e-04
   1.3520171e-04
   1.3457407e-04
   1.3394945e-04
   1.3332783e-04
   1.3270920e-04
   1.3209355e-04
   1.3148086e-04
   1.3087111e-04
   1.3026429e-04
   1.2966040e-04
   1.2905940e-04
   1.2846130e-04
   1.2786608e-04
   1.2727371e-04
   1.2668419e-04
   1.2609751e-04
   1.2551365e-04
   1.2493260e-04
   1.2435434e-04
   1.2377886e-04
   1.2320615e-04
   1.2263620e-04
   1.2206898e-04
   1.2150449e-04
   1.2094272e-04
   1.2038365e-04
   1.1982726e-04
   1.1927355e-04
   1.1872251e-04
   1.1817411e-04
   1.1762835e-04
   1.1708522e-04
   1.1654470e-04
   1.1600677e-04
   1.1547143e-04
   1.1493867e-04
   1.1440847e-04
   1.1388082e-04
   1.1335571e-04
   1.1283312e-04
   1.1231304e-04
   1.1179547e-04
   1.1128038e-04
   1.1076777e-04
   1.1025762e-04
   1.0974993e-04
   1.0924468e-04
   1.0874186e-04
   1.0824146e-04
   1.0774346e-04
   1.0724786e-04
   1.0675464e-04
   1.0626380e-04
   1.0577531e-04
   1.0528917e-04
   1.0480537e-04
   1.0432390e-04
   1.0384474e-04
   1.0336789e-04
   1.0289333e-04
   1.0242105e-04
   1.0195104e-04
   1.0148329e-04
   1.0101779e-04
   1.0055453e-04
   1.0009350e-04
   9.9634687e-05
   9.9178078e-05
   9.8723664e-05
   9.8271436e-05
   9.7821382e-05
   9.7373493e-05
   9.6927757e-05
   9.6484165e-05
   9.6042705e-05
   9.5603369e-05
   9.5166145e-05
   9.4731024e-05
   9.4297995e-05
   9.3867048e-05
   9.3438174e-05
   9.3011361e-05
   9.2586602e-05
   9.2163885e-05
   9.1743200e-05
   9.1324538e-05
   9.0907890e-05
   9.0493245e-05
   9.0080594e-05
   8.9669928e-05
   8.9261236e-05
   8.8854509e-05
   8.8449738e-05
   8.8046914e-05
   8.7646026e-05
   8.7247067e-05
   8.6850025e-05
   8.6454893e-05
   8.6061661e-05
   8.5670320e-05
   8.5280861e-05
   8.4893275e-05
   8.4507552e-05
   8.4123684e-05
   8.3741662e-05
   8.3361477e-05
   8.2983120e-05
   8.2606583e-05
   8.2231856e-05
   8.1858931e-05
   8.1487799e-05
   8.1118452e-05
   8.0750881e-05
   8.0385078e-05
   8.0021033e-05
   7.9658739e-05
   7.9298188e-05
   7.8939369e-05
   7.8582277e-05
   7.8226901e-05
   7.7873235e-05
   7.7521268e-05
   7.7170995e-05
   7.6822406e-05
   7.6475493e-05
   7.6130248e-05
   7.5786663e-05
   7.5444730e-05
   7.5104442e-05
   7.4765790e-05
   7.4428766e-05
   7.4093363e-05
   7.3759573e-05
   7.3427387e-05
   7.3096800e-05
   7.2767801e-05
   7.2440385e-05
   7.2114543e-05
   7.1790268e-05
   7.1467552e-05
   7.1146388e-05
   7.0826769e-05
   7.0508686e-05
   7.0192133e-05
   6.9877101e-05
   6.9563585e-05
   6.9251576e-05
   6.8941068e-05
   6.8632053e-05
   6.8324523e-05
   6.8018472e-05
   6.7713893e-05
   6.7410779e-05
   6.7109122e-05
   6.6808915e-05
   6.6510152e-05
   6.6212826e-05
   6.5916929e-05
   6.5622455e-05
   6.5329397e-05
   6.5037748e-05
   6.4747502e-05
   6.4458651e-05
   6.4171189e-05
   6.3885109e-05
   6.3600405e-05
   6.3317070e-05
   6.3035098e-05
   6.2754481e-05
   6.2475213e-05
   6.2197288e-05
   6.1920700e-05
   6.1645441e-05
   6.1371507e-05
   6.1098889e-05
   6.0827582e-05
   6.0557580e-05
   6.0288875e-05
   6.0021463e-05
   5.9755337e-05
   5.9490490e-05
   5.9226917e-05
   5.8964611e-05
   5.8703567e-05
   5.8443777e-05
   5.8185237e-05
   5.7927940e-05
   5.7671880e-05
   5.7417051e-05
   5.7163447e-05
   5.6911063e-05
   5.6659893e-05
   5.6409930e-05
   5.6161169e-05
   5.5913604e-05
   5.5667229e-05
   5.5422039e-05
   5.5178028e-05
   5.4935190e-05
   5.4693520e-05
   5.4453012e-05
   5.4213660e-05
   5.3975459e-05
   5.3738403e-05
   5.3502487e-05
   5.3267706e-05
   5.3034053e-05
   5.2801524e-05
   5.2570113e-05
   5.2339814e-05
   5.2110623e-05
   5.1882533e-05
   5.1655541e-05
   5.1429639e-05
   5.1204824e-05
   5.0981090e-05
   5.0758432e-05
   5.0536844e-05
   5.0316321e-05
   5.0096859e-05
   4.9878452e-05
   4.9661095e-05
   4.9444783e-05
   4.9229511e-05
   4.9015274e-05
   4.8802067e-05
   4.8589885e-05
   4.8378724e-05
   4.8168577e-05
   4.7959441e-05
   4.7751311e-05
   4.7544181e-05
   4.7338047e-05
   4.7132904e-05
   4.6928748e-05
   4.6725573e-05
   4.6523374e-05
   4.6322148e-05
   4.6121890e-05
   4.5922594e-05
   4.5724256e-05
   4.5526872e-05
   4.5330437e-05
   4.5134946e-05
   4.4940396e-05
   4.4746780e-05
   4.4554096e-05
   4.4362337e-05
   4.4171501e-05
   4.3981582e-05
   4.3792576e-05
   4.3604479e-05
   4.3417287e-05
   4.3230994e-05
   4.3045597e-05
   4.2861091e-05
   4.2677472e-05
   4.2494736e-05
   4.2312878e-05
   4.2131895e-05
   4.1951782e-05
   4.1772535e-05
   4.1594149e-05
   4.1416621e-05
   4.1239947e-05
   4.1064122e-05
   4.0889142e-05
   4.0715003e-05
   4.0541702e-05
   4.0369233e-05
   4.0197594e-05
   4.0026780e-05
   3.9856787e-05
   3.9687612e-05
   3.9519249e-05
   3.9351696e-05
   3.9184949e-05
   3.9019003e-05
   3.8853855e-05
   3.8689501e-05
   3.8525937e-05
   3.8363159e-05
   3.8201164e-05
   3.8039947e-05
   3.7879506e-05
   3.7719835e-05
   3.7560933e-05
   3.7402794e-05
   3.7245415e-05
   3.7088793e-05
   3.6932924e-05
   3.6777804e-05
   3.6623430e-05
   3.6469798e-05
   3.6316904e-05
   3.6164746e-05
   3.6013319e-05
   3.5862619e-05
   3.5712645e-05
   3.5563391e-05
   3.5414854e-05
   3.5267032e-05
   3.5119920e-05
   3.4973515e-05
   3.4827814e-05
   3.4682814e-05
   3.4538510e-05
   3.4394900e-05
   3.4251981e-05
   3.4109748e-05
   3.3968199e-05
   3.3827331e-05
   3.3687139e-05
   3.3547622e-05
   3.3408775e-05
   3.3270595e-05
   3.3133080e-05
   3.2996225e-05
   3.2860029e-05
   3.2724487e-05
   3.2589597e-05
   3.2455355e-05
   3.2321758e-05
   3.2188803e-05
   3.2056488e-05
   3.1924808e-05
   3.1793762e-05
   3.1663345e-05
   3.1533555e-05
   3.1404389e-05
   3.1275843e-05
   3.1147916e-05
   3.1020603e-05
   3.0893903e-05
   3.0767811e-05
   3.0642326e-05
   3.0517443e-05
   3.0393161e-05
   3.0269476e-05
   3.0146385e-05
   3.0023886e-05
   2.9901976e-05
   2.9780652e-05
   2.9659911e-05
   2.9539750e-05
   2.9420167e-05
   2.9301158e-05
   2.9182722e-05
   2.9064854e-05
   2.8947553e-05
   2.8830816e-05
   2.8714640e-05
   2.8599022e-05
   2.8483960e-05
   2.8369451e-05
   2.8255492e-05
   2.8142081e-05
   2.8029215e-05
   2.7916891e-05
   2.7805108e-05
   2.7693861e-05
   2.7583149e-05
   2.7472969e-05
   2.7363318e-05
   2.7254195e-05
   2.7145596e-05
   2.7037519e-05
   2.6929961e-05
   2.6822920e-05
   2.6716393e-05
   2.6610378e-05
   2.6504873e-05
   2.6399875e-05
   2.6295381e-05
   2.6191390e-05
   2.6087898e-05
   2.5984904e-05
   2.5882404e-05
   2.5780397e-05
   2.5678880e-05
   2.5577851e-05
   2.5477308e-05
   2.5377248e-05
   2.5277668e-05
   2.5178567e-05
   2.5079942e-05
   2.4981791e-05
   2.4884112e-05
   2.4786902e-05
   2.4690159e-05
   2.4593881e-05
   2.4498066e-05
   2.4402710e-05
   2.4307814e-05
   2.4213373e-05
   2.4119386e-05
   2.4025850e-05
   2.3932764e-05
   2.3840125e-05
   2.3747932e-05
   2.3656181e-05
   2.3564871e-05
   2.3474000e-05
   2.3383565e-05
   2.3293565e-05
   2.3203998e-05
   2.3114860e-05
   2.3026151e-05
   2.2937868e-05
   2.2850010e-05
   2.2762573e-05
   2.2675556e-05
   2.2588958e-05
   2.2502776e-05
   2.2417007e-05
   2.2331651e-05
   2.2246705e-05
   2.2162167e-05
   2.2078035e-05
   2.1994307e-05
   2.1910981e-05
   2.1828056e-05
   2.1745529e-05
   2.1663399e-05
   2.1581663e-05
   2.1500320e-05
   2.1419367e-05
   2.1338804e-05
   2.1258627e-05
   2.1178836e-05
   2.1099428e-05
   2.1020401e-05
   2.0941754e-05
   2.0863485e-05
   2.0785592e-05
   2.0708073e-05
   2.0630926e-05
   2.0554150e-05
   2.0477743e-05
   2.0401702e-05
   2.0326027e-05
   2.0250716e-05
   2.0175766e-05
   2.0101176e-05
   2.0026945e-05
   1.9953070e-05
   1.9879550e-05
   1.9806383e-05
   1.9733567e-05
   1.9661101e-05
   1.9588984e-05
   1.9517212e-05
   1.9445786e-05
   1.9374702e-05
   1.9303960e-05
   1.9233557e-05
   1.9163493e-05
   1.9093765e-05
   1.9024373e-05
   1.8955313e-05
   1.8886585e-05
   1.8818187e-05
   1.8750118e-05
   1.8682375e-05
   1.8614958e-05
   1.8547865e-05
   1.8481094e-05
   1.8414643e-05
   1.8348512e-05
   1.8282698e-05
   1.8217200e-05
   1.8152017e-05
   1.8087147e-05
   1.8022588e-05
   1.7958340e-05
   1.7894400e-05
   1.7830767e-05
   1.7767439e-05
   1.7704416e-05
   1.7641695e-05
   1.7579275e-05
   1.7517156e-05
   1.7455334e-05
   1.7393809e-05
   1.7332580e-05
   1.7271645e-05
