   1.7205296e-01
   1.7184239e-01
   1.7163208e-01
   1.7142203e-01
   1.7121224e-01
   1.7100270e-01
   1.7079343e-01
   1.7058441e-01
   1.7037565e-01
   1.7016715e-01
   1.6995890e-01
   1.6975091e-01
   1.6954318e-01
   1.6933571e-01
   1.6912849e-01
   1.6892152e-01
   1.6871481e-01
   1.6850836e-01
   1.6830216e-01
   1.6809622e-01
   1.6789053e-01
   1.6768509e-01
   1.6747991e-01
   1.6727497e-01
   1.6707030e-01
   1.6686587e-01
   1.6666170e-01
   1.6645778e-01
   1.6625411e-01
   1.6605069e-01
   1.6584752e-01
   1.6564460e-01
   1.6544193e-01
   1.6523952e-01
   1.6503735e-01
   1.6483543e-01
   1.6463376e-01
   1.6443234e-01
   1.6423117e-01
   1.6403024e-01
   1.6382957e-01
   1.6362914e-01
   1.6342895e-01
   1.6322902e-01
   1.6302933e-01
   1.6282989e-01
   1.6263069e-01
   1.6243174e-01
   1.6223303e-01
   1.6203457e-01
   1.6183635e-01
   1.6163838e-01
   1.6144065e-01
   1.6124317e-01
   1.6104593e-01
   1.6084893e-01
   1.6065217e-01
   1.6045566e-01
   1.6025939e-01
   1.6006336e-01
   1.5986758e-01
   1.5967203e-01
   1.5947673e-01
   1.5928166e-01
   1.5908684e-01
   1.5889226e-01
   1.5869791e-01
   1.5850381e-01
   1.5830995e-01
   1.5811632e-01
   1.5792293e-01
   1.5772978e-01
   1.5753687e-01
   1.5734420e-01
   1.5715176e-01
   1.5695957e-01
   1.5676760e-01
   1.5657588e-01
   1.5638439e-01
   1.5619314e-01
   1.5600212e-01
   1.5581134e-01
   1.5562079e-01
   1.5543048e-01
   1.5524040e-01
   1.5505056e-01
   1.5486095e-01
   1.5467157e-01
   1.5448243e-01
   1.5429352e-01
   1.5410485e-01
   1.5391640e-01
   1.5372819e-01
   1.5354021e-01
   1.5335246e-01
   1.5316494e-01
   1.5297766e-01
   1.5279060e-01
   1.5260378e-01
   1.5241718e-01
   1.5223082e-01
   1.5204667e-01
   1.7194243e-01
   1.9125772e-01
   2.1003170e-01
   2.2830051e-01
   2.4609546e-01
   2.6344455e-01
   2.8037402e-01
   2.9690985e-01
   3.1307409e-01
   3.2888839e-01
   3.4437353e-01
   3.5955003e-01
   3.7443881e-01
   3.8906232e-01
   4.0344575e-01
   4.1761885e-01
   4.3161836e-01
   4.4549131e-01
   4.5929933e-01
   4.7312548e-01
   4.8708338e-01
   5.0133152e-01
   5.1609599e-01
   5.3170753e-01
   5.4866762e-01
   5.6776693e-01
   5.9029957e-01
   6.1844538e-01
   6.5570122e-01
   7.0503008e-01
   7.4294382e-01
   5.5680963e-01
   3.0267434e-01
   2.1801688e-01
   1.9190623e-01
   1.8417122e-01
   1.8190140e-01
   1.8160273e-01
   1.8214925e-01
   1.8315754e-01
   1.8448745e-01
   1.8607604e-01
   1.8788849e-01
   1.8989826e-01
   1.9208189e-01
   1.9441790e-01
   1.9688614e-01
   1.9946781e-01
   2.0214514e-01
   2.0490165e-01
   2.1436603e-01
   2.2409514e-01
   2.3406031e-01
   2.4423069e-01
   2.5457948e-01
   2.6508064e-01
   2.7570894e-01
   2.8644030e-01
   2.9725184e-01
   3.0812161e-01
   3.1902863e-01
   3.2995369e-01
   3.4087804e-01
   3.5178462e-01
   3.6265736e-01
   3.7348164e-01
   3.8424393e-01
   3.9493191e-01
   4.0553438e-01
   4.1604134e-01
   4.2644385e-01
   4.3673411e-01
   4.4690530e-01
   4.5695141e-01
   4.6686765e-01
   4.7664987e-01
   4.8629473e-01
   4.9579951e-01
   5.0516246e-01
   5.1438218e-01
   5.2345804e-01
   5.3238994e-01
   5.4117757e-01
   5.4982255e-01
   5.5832512e-01
   5.6668700e-01
   5.7491052e-01
   5.8299705e-01
   5.9094922e-01
   5.9876878e-01
   6.0645926e-01
   6.1402290e-01
   6.2146230e-01
   6.2878096e-01
   6.3598169e-01
   6.4306752e-01
   6.5004146e-01
   6.5690669e-01
   6.6366637e-01
   6.7032364e-01
   6.7688160e-01
   6.8334338e-01
   6.8971202e-01
   6.9599057e-01
   7.0218202e-01
   7.0828930e-01
   7.1431530e-01
   7.2026285e-01
   7.2613471e-01
   7.3193359e-01
   7.3766217e-01
   7.4332298e-01
   7.4891848e-01
   7.5445119e-01
   7.5992343e-01
   7.6533753e-01
   7.7069570e-01
   7.7600012e-01
   7.8125287e-01
   7.8645599e-01
   7.9161145e-01
   7.9672115e-01
   8.0178692e-01
   8.0681054e-01
   8.1179372e-01
   8.1673811e-01
   8.2164532e-01
   8.2651689e-01
   8.3135429e-01
   8.3615896e-01
   8.4093228e-01
   8.4567559e-01
   8.5039015e-01
   8.5507722e-01
   8.5973798e-01
   8.6437357e-01
   8.6898510e-01
   8.7357364e-01
   8.7814020e-01
   8.8268578e-01
   8.8721132e-01
   8.9171774e-01
   8.9620592e-01
   9.0067672e-01
   9.0513094e-01
   9.0956938e-01
   9.1399280e-01
   9.1840193e-01
   9.2279749e-01
   9.2718014e-01
   9.3155056e-01
   9.3590937e-01
   9.4025720e-01
   9.4459462e-01
   9.4892223e-01
   9.5324057e-01
   9.5755017e-01
   9.6185157e-01
   9.6614526e-01
   9.7043172e-01
   9.7471144e-01
   9.7898487e-01
   9.8325246e-01
   9.8751464e-01
   9.9177183e-01
   9.9602444e-01
   1.0002729e+00
   1.0045175e+00
   1.0087588e+00
   1.0129969e+00
   1.0172325e+00
   1.0214657e+00
   1.0256969e+00
   1.0299265e+00
   1.0341548e+00
   1.0383821e+00
   1.0426087e+00
   1.0468350e+00
   1.0510613e+00
   1.0552879e+00
   1.0595151e+00
   1.0637432e+00
   1.0679724e+00
   1.0722031e+00
   1.0764356e+00
   1.0806701e+00
   1.0849070e+00
   1.0891464e+00
   1.0933888e+00
   1.0976344e+00
   1.1018834e+00
   1.1061361e+00
   1.1103929e+00
   1.1146539e+00
   1.1189195e+00
   1.1231900e+00
   1.1274656e+00
   1.1317465e+00
   1.1360331e+00
   1.1403257e+00
   1.1446245e+00
   1.1489298e+00
   1.1532419e+00
   1.1575610e+00
   1.1618875e+00
   1.1662216e+00
   1.1705637e+00
   1.1749140e+00
   1.1792727e+00
   1.1836403e+00
   1.1880170e+00
   1.1924030e+00
   1.1967988e+00
   1.2012046e+00
   1.2056206e+00
   1.2100473e+00
   1.2144849e+00
   1.2189338e+00
   1.2233942e+00
   1.2278665e+00
   1.2323511e+00
   1.2368482e+00
   1.2413582e+00
   1.2458814e+00
   1.2504182e+00
   1.2549688e+00
   1.2595338e+00
   1.2641133e+00
   1.2687079e+00
   1.2733177e+00
   1.2779433e+00
   1.2825848e+00
   1.2872429e+00
   1.2919177e+00
   1.2966097e+00
   1.3013192e+00
   1.3060466e+00
   1.3107924e+00
   1.3155568e+00
   1.3203403e+00
   1.3251433e+00
   1.3299661e+00
   1.3348091e+00
   1.3396728e+00
   1.3445574e+00
   1.3494634e+00
   1.3543911e+00
   1.3593409e+00
   1.3643132e+00
   1.3693084e+00
   1.3743268e+00
   1.3793687e+00
   1.3844345e+00
   1.3895245e+00
   1.3946390e+00
   1.3997783e+00
   1.4049428e+00
   1.4101327e+00
   1.4153482e+00
   1.4205896e+00
   1.4258572e+00
   1.4311510e+00
   1.4364713e+00
   1.4418182e+00
   1.4471918e+00
   1.4525923e+00
   1.4580196e+00
   1.4634738e+00
   1.4689550e+00
   1.4744629e+00
   1.4799977e+00
   1.4855591e+00
   1.4911470e+00
   1.4967612e+00
   1.5024015e+00
   1.5080675e+00
   1.5137590e+00
   1.5194757e+00
   1.5252170e+00
   1.5309826e+00
   1.5367719e+00
   1.5425845e+00
   1.5484199e+00
   1.5542773e+00
   1.5601562e+00
   1.5660559e+00
   1.5719757e+00
   1.5779149e+00
   1.5838728e+00
   1.5898486e+00
   1.5958415e+00
   1.6018508e+00
   1.6078755e+00
   1.6139149e+00
   1.6199682e+00
   1.6260346e+00
   1.6321132e+00
   1.6382031e+00
   1.6443037e+00
   1.6504140e+00
   1.6565334e+00
   1.6626609e+00
   1.6687959e+00
   1.6749375e+00
   1.6810852e+00
   1.6872382e+00
   1.6933957e+00
   1.6995573e+00
   1.7057221e+00
   1.7118897e+00
   1.7180595e+00
   1.7242309e+00
   1.7304035e+00
   1.7365767e+00
   1.7427500e+00
   1.7489231e+00
   1.7550956e+00
   1.7612670e+00
   1.7674371e+00
   1.7736054e+00
   1.7797717e+00
   1.7859358e+00
   1.7920973e+00
   1.7982561e+00
   1.8044119e+00
   1.8105645e+00
   1.8167138e+00
   1.8228596e+00
   1.8290018e+00
   1.8351402e+00
   1.8412748e+00
   1.8474055e+00
   1.8535322e+00
   1.8596547e+00
   1.8657732e+00
   1.8718875e+00
   1.8779976e+00
   1.8841035e+00
   1.8902051e+00
   1.8963025e+00
   1.9023957e+00
   1.9084847e+00
   1.9145695e+00
   1.9206501e+00
   1.9267266e+00
   1.9327989e+00
   1.9388672e+00
   1.9449314e+00
   1.9509917e+00
   1.9570480e+00
   1.9631004e+00
   1.9691490e+00
   1.9751937e+00
   1.9812348e+00
   1.9872722e+00
   1.9933059e+00
   1.9993362e+00
   2.0053629e+00
   2.0113862e+00
   2.0174061e+00
   2.0234228e+00
   2.0294362e+00
   2.0354464e+00
   2.0414535e+00
   2.0474576e+00
   2.0534587e+00
   2.0594568e+00
   2.0654521e+00
   2.0714446e+00
   2.0774344e+00
   2.0834215e+00
   2.0894060e+00
   2.0953879e+00
   2.1013673e+00
   2.1073443e+00
   2.1133189e+00
   2.1192912e+00
   2.1252613e+00
   2.1312291e+00
   2.1371948e+00
   2.1431584e+00
   2.1491199e+00
   2.1550795e+00
   2.1610371e+00
   2.1669928e+00
   2.1729467e+00
   2.1788988e+00
   2.1848492e+00
   2.1907979e+00
   2.1967449e+00
   2.2026904e+00
   2.2086343e+00
   2.2145767e+00
   2.2205177e+00
   2.2264572e+00
   2.2323954e+00
   2.2383323e+00
   2.2442679e+00
   2.2502022e+00
   2.2561354e+00
   2.2620674e+00
   2.2679984e+00
   2.2739282e+00
   2.2798570e+00
   2.2857849e+00
   2.2917118e+00
   2.2976378e+00
   2.3035629e+00
   2.3094871e+00
   2.3154106e+00
   2.3213334e+00
   2.3272554e+00
   2.3331767e+00
   2.3390974e+00
   2.3450175e+00
   2.3509369e+00
   2.3568559e+00
   2.3627743e+00
   2.3686923e+00
   2.3746099e+00
   2.3805270e+00
   2.3864438e+00
   2.3923602e+00
   2.3982763e+00
   2.4041922e+00
   2.4101078e+00
   2.4160232e+00
   2.4219385e+00
   2.4278536e+00
   2.4337686e+00
   2.4396835e+00
   2.4455984e+00
   2.4515132e+00
   2.4574281e+00
   2.4633430e+00
   2.4692580e+00
   2.4751731e+00
   2.4810883e+00
   2.4870038e+00
   2.4929194e+00
   2.4988352e+00
   2.5047513e+00
   2.5106676e+00
   2.5165843e+00
   2.5225013e+00
   2.5284187e+00
   2.5343365e+00
   2.5402547e+00
   2.5461734e+00
   2.5520925e+00
   2.5580122e+00
   2.5639324e+00
   2.5698531e+00
   2.5757745e+00
   2.5816964e+00
   2.5876190e+00
   2.5935423e+00
   2.5994663e+00
   2.6053910e+00
   2.6113164e+00
   2.6172426e+00
   2.6231696e+00
   2.6290974e+00
   2.6350261e+00
   2.6409556e+00
   2.6468861e+00
   2.6528175e+00
   2.6587498e+00
   2.6646831e+00
   2.6706174e+00
   2.6765527e+00
   2.6824890e+00
   2.6884264e+00
   2.6943649e+00
   2.7003046e+00
   2.7062453e+00
   2.7121872e+00
   2.7181303e+00
   2.7240746e+00
   2.7300202e+00
   2.7359670e+00
   2.7419150e+00
   2.7478643e+00
   2.7538150e+00
   2.7597670e+00
   2.7657204e+00
   2.7716751e+00
   2.7776312e+00
   2.7835888e+00
   2.7895478e+00
   2.7955083e+00
   2.8014702e+00
   2.8074336e+00
   2.8133986e+00
   2.8193651e+00
   2.8253332e+00
   2.8313029e+00
   2.8372741e+00
   2.8432470e+00
   2.8492215e+00
   2.8551977e+00
   2.8611756e+00
   2.8671552e+00
   2.8731364e+00
   2.8791194e+00
   2.8851042e+00
   2.8910907e+00
   2.8970791e+00
   2.9030692e+00
   2.9090611e+00
   2.9150549e+00
   2.9210506e+00
   2.9270481e+00
   2.9330475e+00
   2.9390488e+00
   2.9450521e+00
   2.9510573e+00
   2.9570644e+00
   2.9630735e+00
   2.9690847e+00
   2.9750978e+00
   2.9811129e+00
   2.9871301e+00
   2.9931494e+00
   2.9991707e+00
   3.0051941e+00
   3.0112196e+00
   3.0172472e+00
   3.0232769e+00
   3.0293088e+00
   3.0353429e+00
   3.0413791e+00
   3.0474175e+00
   3.0534581e+00
   3.0595010e+00
   3.0655460e+00
   3.0715933e+00
   3.0776429e+00
   3.0836948e+00
   3.0897489e+00
   3.0958053e+00
   3.1018641e+00
   3.1079251e+00
   3.1139885e+00
   3.1200543e+00
   3.1261224e+00
   3.1321929e+00
   3.1382658e+00
   3.1443411e+00
   3.1504188e+00
   3.1564990e+00
   3.1625816e+00
   3.1686666e+00
   3.1747541e+00
   3.1808441e+00
   3.1869365e+00
   3.1930315e+00
   3.1991290e+00
   3.2052290e+00
   3.2113315e+00
   3.2174366e+00
   3.2235442e+00
   3.2296544e+00
   3.2357672e+00
   3.2418826e+00
   3.2480005e+00
   3.2541211e+00
   3.2602443e+00
   3.2663702e+00
   3.2724986e+00
   3.2786298e+00
   3.2847636e+00
   3.2909000e+00
   3.2970392e+00
   3.3031810e+00
   3.3093256e+00
   3.3154728e+00
   3.3216228e+00
   3.3277755e+00
   3.3339310e+00
   3.3400892e+00
   3.3462502e+00
   3.3524139e+00
   3.3585805e+00
   3.3647498e+00
   3.3709219e+00
   3.3770968e+00
   3.3832746e+00
   3.3894551e+00
   3.3956385e+00
   3.4018248e+00
   3.4080139e+00
   3.4142058e+00
   3.4204006e+00
   3.4265983e+00
   3.4327989e+00
   3.4390024e+00
   3.4452088e+00
   3.4514181e+00
   3.4576303e+00
   3.4638455e+00
   3.4700635e+00
   3.4762846e+00
   3.4825085e+00
   3.4887355e+00
   3.4949654e+00
   3.5011982e+00
   3.5074341e+00
   3.5136729e+00
   3.5199148e+00
   3.5261596e+00
   3.5324075e+00
   3.5386584e+00
   3.5449123e+00
   3.5511693e+00
   3.5574292e+00
   3.5636923e+00
   3.5699584e+00
   3.5762275e+00
   3.5824998e+00
   3.5887751e+00
   3.5950535e+00
   3.6013350e+00
   3.6076196e+00
   3.6139072e+00
   3.6201981e+00
   3.6264920e+00
   3.6327890e+00
   3.6390892e+00
   3.6453925e+00
   3.6516990e+00
   3.6580086e+00
   3.6643214e+00
   3.6706373e+00
   3.6769564e+00
   3.6832787e+00
   3.6896042e+00
   3.6959329e+00
   3.7022647e+00
   3.7085998e+00
   3.7149381e+00
   3.7212796e+00
   3.7276243e+00
   3.7339722e+00
   3.7403234e+00
   3.7466778e+00
   3.7530354e+00
   3.7593963e+00
   3.7657605e+00
   3.7721279e+00
   3.7784986e+00
   3.7848726e+00
   3.7912498e+00
   3.7976303e+00
   3.8040142e+00
   3.8104013e+00
   3.8167917e+00
   3.8231854e+00
   3.8295825e+00
   3.8359828e+00
   3.8423865e+00
   3.8487935e+00
   3.8552038e+00
   3.8616175e+00
   3.8680346e+00
   3.8744549e+00
   3.8808787e+00
   3.8873058e+00
   3.8937362e+00
   3.9001701e+00
   3.9066073e+00
   3.9130479e+00
   3.9194918e+00
   3.9259392e+00
   3.9323900e+00
   3.9388441e+00
   3.9453017e+00
   3.9517627e+00
   3.9582271e+00
   3.9646949e+00
   3.9711662e+00
   3.9776409e+00
   3.9841190e+00
   3.9906005e+00
   3.9970855e+00
   4.0035740e+00
   4.0100659e+00
   4.0165613e+00
   4.0230601e+00
   4.0295624e+00
   4.0360682e+00
   4.0425774e+00
   4.0490901e+00
   4.0556063e+00
   4.0621261e+00
   4.0686493e+00
   4.0751760e+00
   4.0817062e+00
   4.0882399e+00
   4.0947771e+00
   4.1013179e+00
   4.1078621e+00
   4.1144099e+00
   4.1209613e+00
   4.1275161e+00
   4.1340745e+00
   4.1406365e+00
   4.1472019e+00
   4.1537710e+00
   4.1603436e+00
   4.1669197e+00
   4.1734995e+00
   4.1800828e+00
   4.1866696e+00
   4.1932600e+00
   4.1998541e+00
   4.2064517e+00
   4.2130529e+00
   4.2196576e+00
   4.2262660e+00
   4.2328780e+00
   4.2394936e+00
   4.2461128e+00
   4.2527355e+00
   4.2593620e+00
   4.2659920e+00
   4.2726256e+00
   4.2792629e+00
   4.2859038e+00
   4.2925484e+00
   4.2991966e+00
   4.3058484e+00
   4.3125039e+00
   4.3191630e+00
   4.3258258e+00
   4.3324922e+00
   4.3391623e+00
   4.3458360e+00
   4.3525134e+00
   4.3591945e+00
   4.3658793e+00
   4.3725677e+00
   4.3792598e+00
   4.3859556e+00
   4.3926551e+00
   4.3993583e+00
   4.4060652e+00
   4.4127757e+00
   4.4194900e+00
   4.4262080e+00
   4.4329297e+00
   4.4396550e+00
   4.4463842e+00
   4.4531170e+00
   4.4598535e+00
   4.4665938e+00
   4.4733378e+00
   4.4800855e+00
   4.4868370e+00
   4.4935922e+00
   4.5003511e+00
   4.5071138e+00
   4.5138802e+00
   4.5206504e+00
   4.5274243e+00
   4.5342020e+00
   4.5409834e+00
   4.5477686e+00
   4.5545576e+00
   4.5613503e+00
   4.5681468e+00
   4.5749470e+00
   4.5817511e+00
   4.5885589e+00
   4.5953705e+00
   4.6021859e+00
   4.6090051e+00
   4.6158280e+00
   4.6226548e+00
   4.6294853e+00
   4.6363197e+00
   4.6431578e+00
   4.6499998e+00
   4.6568456e+00
   4.6636951e+00
   4.6705485e+00
   4.6774057e+00
   4.6842667e+00
   4.6911315e+00
   4.6980002e+00
   4.7048727e+00
   4.7117490e+00
   4.7186291e+00
   4.7255130e+00
   4.7324008e+00
   4.7392925e+00
   4.7461880e+00
   4.7530873e+00
   4.7599904e+00
   4.7668974e+00
   4.7738083e+00
   4.7807230e+00
   4.7876416e+00
   4.7945640e+00
   4.8014902e+00
   4.8084204e+00
   4.8153544e+00
   4.8222922e+00
   4.8292340e+00
   4.8361796e+00
   4.8431290e+00
   4.8500824e+00
   4.8570396e+00
   4.8640007e+00
   4.8709657e+00
   4.8779345e+00
   4.8849073e+00
   4.8918839e+00
   4.8988644e+00
   4.9058489e+00
   4.9128372e+00
   4.9198294e+00
   4.9268255e+00
   4.9338255e+00
   4.9408294e+00
   4.9478372e+00
   4.9548489e+00
   4.9618645e+00
   4.9688840e+00
   4.9759074e+00
   4.9829347e+00
   4.9899660e+00
   4.9970012e+00
   5.0040403e+00
   5.0110833e+00
   5.0181302e+00
   5.0251810e+00
   5.0322358e+00
   5.0392945e+00
   5.0463571e+00
   5.0534237e+00
   5.0604942e+00
   5.0675686e+00
   5.0746469e+00
   5.0817292e+00
   5.0888154e+00
   5.0959056e+00
   5.1029997e+00
   5.1100978e+00
   5.1171998e+00
   5.1243057e+00
   5.1314156e+00
   5.1385294e+00
   5.1456472e+00
   5.1527689e+00
   5.1598946e+00
   5.1670242e+00
   5.1741578e+00
   5.1812953e+00
   5.1884368e+00
   5.1955823e+00
   5.2027317e+00
   5.2098851e+00
   5.2170424e+00
   5.2242037e+00
   5.2313690e+00
   5.2385382e+00
   5.2457114e+00
   5.2528886e+00
   5.2600697e+00
   5.2672548e+00
   5.2744439e+00
   5.2816370e+00
   5.2888340e+00
   5.2960350e+00
   5.3032400e+00
   5.3104489e+00
   5.3176619e+00
   5.3248788e+00
   5.3320997e+00
   5.3393245e+00
   5.3465534e+00
   5.3537862e+00
   5.3610230e+00
   5.3682639e+00
   5.3755086e+00
   5.3827574e+00
   5.3900102e+00
   5.3972669e+00
   5.4045277e+00
   5.4117924e+00
   5.4190611e+00
   5.4263338e+00
   5.4336105e+00
   5.4408912e+00
   5.4481759e+00
   5.4554645e+00
   5.4627572e+00
   5.4700539e+00
   5.4773545e+00
   5.4846592e+00
   5.4919678e+00
   5.4992805e+00
   5.5065971e+00
   5.5139177e+00
   5.5212424e+00
   5.5285710e+00
   5.5359037e+00
   5.5432403e+00
   5.5505809e+00
   5.5579256e+00
   5.5652742e+00
   5.5726268e+00
   5.5799835e+00
   5.5873441e+00
   5.5947088e+00
   5.6020774e+00
   5.6094501e+00
   5.6168267e+00
   5.6242074e+00
   5.6315921e+00
   5.6389807e+00
   5.6463734e+00
   5.6537701e+00
   5.6611708e+00
   5.6685754e+00
   5.6759841e+00
   5.6833968e+00
   5.6908135e+00
   5.6982342e+00
   5.7056590e+00
   5.7130877e+00
   5.7205204e+00
   5.7279571e+00
   5.7353979e+00
   5.7428426e+00
   5.7502914e+00
   5.7577441e+00
   5.7652009e+00
   5.7726616e+00
   5.7801264e+00
   5.7875952e+00
   5.7950680e+00
   5.8025448e+00
   5.8100255e+00
   5.8175103e+00
   5.8249991e+00
   5.8324920e+00
   5.8399888e+00
   5.8474896e+00
   5.8549944e+00
   5.8625032e+00
   5.8700161e+00
   5.8775329e+00
   5.8850537e+00
   5.8925786e+00
   5.9001074e+00
   5.9076403e+00
   5.9151771e+00
   5.9227179e+00
   5.9302628e+00
   5.9378116e+00
   5.9453645e+00
   5.9529213e+00
   5.9604822e+00
   5.9680470e+00
   5.9756159e+00
   5.9831887e+00
   5.9907656e+00
   5.9983464e+00
   6.0059313e+00
   6.0135201e+00
   6.0211129e+00
   6.0287097e+00
   6.0363106e+00
   6.0439154e+00
   6.0515242e+00
   6.0591370e+00
   6.0667538e+00
   6.0743746e+00
   6.0819993e+00
   6.0896281e+00
   6.0972609e+00
   6.1048976e+00
   6.1125383e+00
   6.1201831e+00
   6.1278318e+00
   6.1354845e+00
   6.1431411e+00
   6.1508018e+00
   6.1584664e+00
   6.1661351e+00
   6.1738077e+00
   6.1814843e+00
   6.1891649e+00
   6.1968494e+00
   6.2045379e+00
   6.2122305e+00
   6.2199270e+00
   6.2276274e+00
   6.2353319e+00
   6.2430403e+00
   6.2507527e+00
   6.2584690e+00
   6.2661894e+00
   6.2739137e+00
   6.2816419e+00
   6.2893742e+00
   6.2971104e+00
   6.3048506e+00
   6.3125947e+00
   6.3203428e+00
   6.3280949e+00
   6.3358509e+00
   6.3436109e+00
   6.3513749e+00
   6.3591428e+00
   6.3669147e+00
   6.3746905e+00
   6.3824703e+00
   6.3902541e+00
   6.3980418e+00
   6.4058334e+00
   6.4136290e+00
   6.4214286e+00
   6.4292321e+00
   6.4370396e+00
   6.4448510e+00
   6.4526663e+00
   6.4604856e+00
   6.4683089e+00
   6.4761360e+00
   6.4839672e+00
   6.4918022e+00
   6.4996412e+00
   6.5074842e+00
   6.5153310e+00
   6.5231818e+00
   6.5310366e+00
   6.5388953e+00
   6.5467579e+00
   6.5546244e+00
   6.5624949e+00
   6.5703693e+00
   6.5782476e+00
   6.5861298e+00
   6.5940160e+00
   6.6019061e+00
   6.6098001e+00
   6.6176980e+00
   6.6255999e+00
   6.6335056e+00
   6.6414153e+00
   6.6493289e+00
   6.6572464e+00
   6.6651678e+00
   6.6730932e+00
   6.6810224e+00
   6.6889555e+00
   6.6968926e+00
   6.7048335e+00
   6.7127784e+00
   6.7207271e+00
   6.7286798e+00
   6.7366363e+00
   6.7445967e+00
   6.7525611e+00
   6.7605293e+00
   6.7685014e+00
   6.7764775e+00
   6.7844574e+00
   6.7924411e+00
   6.8004288e+00
   6.8084204e+00
   6.8164158e+00
   6.8244151e+00
   6.8324183e+00
   6.8404254e+00
   6.8484364e+00
   6.8564512e+00
   6.8644699e+00
   6.8724925e+00
   6.8805190e+00
   6.8885493e+00
   6.8965835e+00
   6.9046215e+00
   6.9126634e+00
   6.9207092e+00
   6.9287588e+00
   6.9368123e+00
   6.9448697e+00
   6.9529309e+00
   6.9609960e+00
   6.9690649e+00
   6.9771377e+00
   6.9852143e+00
   6.9932947e+00
   7.0013791e+00
   7.0094672e+00
   7.0175592e+00
   7.0256551e+00
   7.0337547e+00
   7.0418583e+00
   7.0499656e+00
   7.0580768e+00
   7.0661918e+00
   7.0743107e+00
   7.0824334e+00
   7.0905599e+00
   7.0986903e+00
   7.1068244e+00
   7.1149624e+00
   7.1231042e+00
   7.1312499e+00
   7.1393993e+00
   7.1475526e+00
   7.1557097e+00
   7.1638706e+00
   7.1720353e+00
   7.1802038e+00
   7.1883761e+00
   7.1965523e+00
   7.2047322e+00
   7.2129160e+00
   7.2211035e+00
   7.2292949e+00
   7.2374900e+00
   7.2456890e+00
   7.2538917e+00
   7.2620982e+00
   7.2703086e+00
   7.2785227e+00
   7.2867406e+00
   7.2949623e+00
   7.3031878e+00
   7.3114170e+00
   7.3196501e+00
   7.3278869e+00
   7.3361275e+00
   7.3443719e+00
   7.3526201e+00
   7.3608720e+00
   7.3691277e+00
   7.3773872e+00
   7.3856504e+00
   7.3939175e+00
   7.4021882e+00
   7.4104628e+00
   7.4187411e+00
   7.4270232e+00
   7.4353090e+00
   7.4435986e+00
   7.4518919e+00
   7.4601890e+00
   7.4684899e+00
   7.4767945e+00
   7.4851028e+00
   7.4934149e+00
   7.5017308e+00
   7.5100504e+00
   7.5183737e+00
   7.5267008e+00
   7.5350316e+00
   7.5433662e+00
   7.5517045e+00
   7.5600465e+00
   7.5683923e+00
   7.5767418e+00
   7.5850950e+00
   7.5934520e+00
   7.6018127e+00
   7.6101771e+00
   7.6185453e+00
   7.6269171e+00
   7.6352927e+00
   7.6436720e+00
   7.6520551e+00
   7.6604418e+00
   7.6688323e+00
   7.6772265e+00
   7.6856244e+00
   7.6940260e+00
   7.7024313e+00
   7.7108403e+00
   7.7192531e+00
   7.7276695e+00
   7.7360897e+00
   7.7445135e+00
   7.7529411e+00
   7.7613723e+00
   7.7698073e+00
   7.7782460e+00
   7.7866883e+00
   7.7951344e+00
   7.8035841e+00
   7.8120375e+00
   7.8204947e+00
   7.8289555e+00
   7.8374200e+00
   7.8458882e+00
   7.8543601e+00
   7.8628356e+00
   7.8713149e+00
   7.8797978e+00
   7.8882844e+00
   7.8967747e+00
   7.9052687e+00
   7.9137663e+00
   7.9222677e+00
   7.9307727e+00
   7.9392813e+00
   7.9477937e+00
   7.9563097e+00
   7.9648294e+00
   7.9733528e+00
   7.9818798e+00
   7.9904105e+00
   7.9989448e+00
   8.0074829e+00
   8.0160246e+00
   8.0245699e+00
   8.0331189e+00
   8.0416716e+00
   8.0502279e+00
   8.0587879e+00
   8.0673516e+00
   8.0759189e+00
   8.0844899e+00
   8.0930645e+00
   8.1016428e+00
   8.1102247e+00
   8.1188103e+00
   8.1273995e+00
   8.1359924e+00
   8.1445889e+00
   8.1531891e+00
   8.1617929e+00
   8.1704004e+00
   8.1790115e+00
   8.1876263e+00
   8.1962447e+00
   8.2048667e+00
   8.2134924e+00
   8.2221217e+00
   8.2307547e+00
   8.2393913e+00
   8.2480316e+00
   8.2566755e+00
   8.2653230e+00
   8.2739742e+00
   8.2826290e+00
   8.2912874e+00
   8.2999495e+00
   8.3086152e+00
   8.3172846e+00
   8.3259576e+00
   8.3346342e+00
   8.3433144e+00
   8.3519983e+00
   8.3606858e+00
   8.3693770e+00
   8.3780717e+00
   8.3867701e+00
   8.3954722e+00
   8.4041778e+00
   8.4128871e+00
   8.4216000e+00
   8.4303166e+00
   8.4390368e+00
   8.4477606e+00
   8.4564880e+00
   8.4652191e+00
   8.4739538e+00
   8.4826921e+00
   8.4914340e+00
   8.5001796e+00
   8.5089288e+00
   8.5176816e+00
   8.5264380e+00
   8.5351981e+00
   8.5439618e+00
   8.5527291e+00
   8.5615000e+00
   8.5702746e+00
   8.5790528e+00
   8.5878346e+00
   8.5966201e+00
   8.6054091e+00
   8.6142018e+00
   8.6229981e+00
   8.6317981e+00
   8.6406016e+00
   8.6494088e+00
   8.6582197e+00
   8.6670341e+00
   8.6758522e+00
   8.6846739e+00
   8.6934992e+00
   8.7023281e+00
   8.7111607e+00
   8.7199969e+00
   8.7288367e+00
   8.7376802e+00
   8.7465273e+00
   8.7553780e+00
   8.7642323e+00
   8.7730903e+00
   8.7819519e+00
   8.7908171e+00
   8.7996860e+00
   8.8085585e+00
   8.8174346e+00
   8.8263143e+00
   8.8351977e+00
   8.8440848e+00
   8.8529754e+00
   8.8618697e+00
   8.8707676e+00
   8.8796692e+00
   8.8885744e+00
   8.8974832e+00
   8.9063957e+00
   8.9153118e+00
   8.9242316e+00
   8.9331550e+00
   8.9420820e+00
   8.9510127e+00
   8.9599470e+00
   8.9688850e+00
   8.9778266e+00
   8.9867719e+00
   8.9957208e+00
   9.0046733e+00
   9.0136295e+00
   9.0225894e+00
   9.0315529e+00
   9.0405201e+00
   9.0494909e+00
   9.0584654e+00
   9.0674435e+00
   9.0764253e+00
   9.0854107e+00
   9.0943998e+00
   9.1033926e+00
   9.1123890e+00
   9.1213891e+00
   9.1303929e+00
   9.1394003e+00
   9.1484114e+00
   9.1574262e+00
   9.1664447e+00
   9.1754668e+00
   9.1844926e+00
   9.1935221e+00
   9.2025552e+00
   9.2115921e+00
   9.2206326e+00
   9.2296768e+00
   9.2387247e+00
   9.2477762e+00
   9.2568315e+00
   9.2658905e+00
   9.2749531e+00
   9.2840195e+00
   9.2930895e+00
   9.3021632e+00
   9.3112407e+00
   9.3203218e+00
   9.3294067e+00
   9.3384952e+00
   9.3475875e+00
   9.3566835e+00
   9.3657832e+00
   9.3748866e+00
   9.3839937e+00
   9.3931046e+00
   9.4022192e+00
   9.4113375e+00
   9.4204595e+00
   9.4295853e+00
   9.4387147e+00
   9.4478480e+00
   9.4569849e+00
   9.4661256e+00
   9.4752701e+00
   9.4844183e+00
   9.4935702e+00
   9.5027259e+00
   9.5118854e+00
   9.5210486e+00
   9.5302155e+00
   9.5393863e+00
   9.5485608e+00
   9.5577390e+00
   9.5669211e+00
   9.5761069e+00
   9.5852964e+00
   9.5944898e+00
   9.6036869e+00
   9.6128879e+00
   9.6220926e+00
   9.6313011e+00
   9.6405134e+00
   9.6497295e+00
   9.6589494e+00
   9.6681731e+00
   9.6774006e+00
   9.6866319e+00
   9.6958671e+00
   9.7051060e+00
   9.7143488e+00
   9.7235954e+00
   9.7328459e+00
   9.7421001e+00
   9.7513582e+00
   9.7606202e+00
   9.7698860e+00
   9.7791556e+00
   9.7884291e+00
   9.7977064e+00
   9.8069876e+00
   9.8162727e+00
   9.8255616e+00
   9.8348544e+00
   9.8441511e+00
   9.8534516e+00
   9.8627560e+00
   9.8720643e+00
   9.8813765e+00
   9.8906926e+00
   9.9000126e+00
   9.9093365e+00
   9.9186643e+00
   9.9279960e+00
   9.9373317e+00
   9.9466712e+00
   9.9560147e+00
   9.9653621e+00
   9.9747134e+00
   9.9840687e+00
   9.9934279e+00
   1.0002791e+01
   1.0012158e+01
   1.0021529e+01
   1.0030904e+01
   1.0040283e+01
   1.0049666e+01
   1.0059053e+01
   1.0068444e+01
   1.0077839e+01
   1.0087238e+01
   1.0096641e+01
   1.0106047e+01
   1.0115458e+01
   1.0124873e+01
   1.0134292e+01
   1.0143715e+01
   1.0153142e+01
   1.0162573e+01
   1.0172008e+01
   1.0181447e+01
   1.0190890e+01
   1.0200337e+01
   1.0209788e+01
   1.0219244e+01
   1.0228703e+01
   1.0238166e+01
   1.0247634e+01
   1.0257105e+01
   1.0266581e+01
   1.0276061e+01
   1.0285544e+01
   1.0295032e+01
   1.0304524e+01
   1.0314020e+01
   1.0323521e+01
   1.0333025e+01
   1.0342534e+01
   1.0352046e+01
   1.0361563e+01
   1.0371084e+01
   1.0380609e+01
   1.0390139e+01
   1.0399672e+01
   1.0409210e+01
   1.0418751e+01
   1.0428297e+01
   1.0437848e+01
   1.0447402e+01
   1.0456961e+01
   1.0466523e+01
   1.0476090e+01
   1.0485662e+01
   1.0495237e+01
   1.0504817e+01
   1.0514401e+01
   1.0523989e+01
   1.0533582e+01
   1.0543178e+01
   1.0552779e+01
   1.0562385e+01
   1.0571994e+01
   1.0581608e+01
   1.0591226e+01
   1.0600849e+01
   1.0610475e+01
   1.0620107e+01
   1.0629742e+01
   1.0639382e+01
   1.0649026e+01
   1.0658674e+01
   1.0668327e+01
   1.0677984e+01
   1.0687646e+01
   1.0697312e+01
   1.0706982e+01
   1.0716657e+01
   1.0726336e+01
   1.0736019e+01
   1.0745707e+01
   1.0755399e+01
   1.0765096e+01
   1.0774797e+01
   1.0784503e+01
   1.0794213e+01
   1.0803927e+01
   1.0813646e+01
   1.0823370e+01
   1.0833097e+01
   1.0842830e+01
   1.0852567e+01
   1.0862308e+01
   1.0872054e+01
   1.0881804e+01
   1.0891559e+01
   1.0901319e+01
   1.0911083e+01
   1.0920851e+01
   1.0930624e+01
   1.0940402e+01
   1.0950184e+01
   1.0959971e+01
   1.0969762e+01
   1.0979558e+01
   1.0989359e+01
   1.0999164e+01
   1.1008974e+01
   1.1018788e+01
   1.1028607e+01
   1.1038431e+01
   1.1048259e+01
   1.1058092e+01
   1.1067930e+01
   1.1077772e+01
   1.1087619e+01
   1.1097471e+01
   1.1107327e+01
   1.1117188e+01
   1.1127054e+01
   1.1136925e+01
   1.1146800e+01
   1.1156680e+01
   1.1166565e+01
   1.1176454e+01
   1.1186349e+01
   1.1196248e+01
   1.1206152e+01
   1.1216060e+01
   1.1225974e+01
   1.1235892e+01
   1.1245815e+01
   1.1255743e+01
   1.1265675e+01
   1.1275613e+01
   1.1285555e+01
   1.1295503e+01
   1.1305455e+01
   1.1315412e+01
   1.1325373e+01
   1.1335340e+01
   1.1345312e+01
   1.1355288e+01
   1.1365270e+01
   1.1375256e+01
   1.1385248e+01
   1.1395244e+01
   1.1405245e+01
   1.1415251e+01
   1.1425262e+01
   1.1435279e+01
   1.1445300e+01
   1.1455326e+01
   1.1465357e+01
   1.1475393e+01
   1.1485434e+01
   1.1495480e+01
   1.1505531e+01
   1.1515588e+01
   1.1525649e+01
   1.1535715e+01
   1.1545787e+01
   1.1555863e+01
   1.1565945e+01
   1.1576031e+01
   1.1586123e+01
   1.1596220e+01
   1.1606322e+01
   1.1616429e+01
   1.1626541e+01
   1.1636659e+01
   1.1646781e+01
   1.1656909e+01
   1.1667042e+01
   1.1677180e+01
   1.1687323e+01
   1.1697471e+01
   1.1707625e+01
   1.1717784e+01
   1.1727948e+01
   1.1738117e+01
   1.1748292e+01
   1.1758471e+01
   1.1768656e+01
   1.1778847e+01
   1.1789042e+01
   1.1799243e+01
   1.1809449e+01
   1.1819660e+01
   1.1829877e+01
   1.1840099e+01
   1.1850326e+01
   1.1860558e+01
   1.1870796e+01
   1.1881040e+01
   1.1891288e+01
   1.1901542e+01
   1.1911801e+01
   1.1922066e+01
   1.1932336e+01
   1.1942611e+01
   1.1952892e+01
   1.1963178e+01
   1.1973470e+01
   1.1983766e+01
   1.1994069e+01
   1.2004376e+01
   1.2014690e+01
   1.2025008e+01
   1.2035332e+01
   1.2045662e+01
   1.2055997e+01
   1.2066337e+01
   1.2076683e+01
   1.2087034e+01
   1.2097391e+01
   1.2107753e+01
   1.2118121e+01
   1.2128494e+01
   1.2138873e+01
   1.2149257e+01
   1.2159647e+01
   1.2170042e+01
   1.2180442e+01
   1.2190849e+01
   1.2201260e+01
   1.2211678e+01
   1.2222101e+01
   1.2232529e+01
   1.2242963e+01
   1.2253402e+01
   1.2263847e+01
   1.2274298e+01
   1.2284754e+01
   1.2295216e+01
   1.2305683e+01
   1.2316156e+01
   1.2326634e+01
   1.2337118e+01
   1.2347608e+01
   1.2358103e+01
   1.2368603e+01
   1.2379110e+01
   1.2389622e+01
   1.2400139e+01
   1.2410662e+01
   1.2421191e+01
   1.2431725e+01
   1.2442265e+01
   1.2452810e+01
   1.2463361e+01
   1.2473918e+01
   1.2484480e+01
   1.2495048e+01
   1.2505622e+01
   1.2516201e+01
   1.2526786e+01
   1.2537376e+01
   1.2547972e+01
   1.2558573e+01
   1.2569181e+01
   1.2579793e+01
   1.2590412e+01
   1.2601036e+01
   1.2611665e+01
   1.2622300e+01
   1.2632941e+01
   1.2643587e+01
   1.2654239e+01
   1.2664897e+01
   1.2675560e+01
   1.2686229e+01
   1.2696903e+01
   1.2707583e+01
   1.2718268e+01
   1.2728959e+01
   1.2739656e+01
   1.2750358e+01
   1.2761065e+01
   1.2771779e+01
   1.2782497e+01
   1.2793222e+01
   1.2803951e+01
   1.2814687e+01
   1.2825428e+01
   1.2836174e+01
   1.2846926e+01
   1.2857683e+01
   1.2868446e+01
   1.2879215e+01
   1.2889988e+01
   1.2900768e+01
   1.2911552e+01
   1.2922343e+01
   1.2933138e+01
   1.2943939e+01
   1.2954746e+01
   1.2965558e+01
   1.2976375e+01
   1.2987198e+01
   1.2998026e+01
   1.3008859e+01
   1.3019698e+01
   1.3030542e+01
   1.3041391e+01
   1.3052246e+01
   1.3063106e+01
   1.3073971e+01
   1.3084841e+01
   1.3095717e+01
   1.3106598e+01
   1.3117484e+01
   1.3128375e+01
   1.3139272e+01
   1.3150173e+01
   1.3161080e+01
   1.3171992e+01
   1.3182909e+01
   1.3193831e+01
   1.3204758e+01
   1.3215691e+01
   1.3226628e+01
   1.3237570e+01
   1.3248517e+01
   1.3259469e+01
   1.3270426e+01
   1.3281388e+01
   1.3292355e+01
   1.3303327e+01
   1.3314303e+01
   1.3325285e+01
   1.3336271e+01
   1.3347262e+01
   1.3358257e+01
   1.3369258e+01
   1.3380263e+01
   1.3391272e+01
   1.3402287e+01
   1.3413305e+01
   1.3424329e+01
   1.3435357e+01
   1.3446389e+01
   1.3457426e+01
   1.3468467e+01
   1.3479513e+01
   1.3490563e+01
   1.3501617e+01
   1.3512676e+01
   1.3523739e+01
   1.3534806e+01
   1.3545877e+01
   1.3556952e+01
   1.3568032e+01
   1.3579115e+01
   1.3590203e+01
   1.3601294e+01
   1.3612390e+01
   1.3623489e+01
   1.3634592e+01
   1.3645699e+01
   1.3656810e+01
   1.3667924e+01
   1.3679043e+01
   1.3690164e+01
   1.3701290e+01
   1.3712418e+01
   1.3723551e+01
   1.3734687e+01
   1.3745826e+01
   1.3756968e+01
   1.3768114e+01
   1.3779263e+01
   1.3790415e+01
   1.3801570e+01
   1.3812728e+01
   1.3823890e+01
   1.3835054e+01
   1.3846221e+01
   1.3857391e+01
   1.3868563e+01
   1.3879739e+01
   1.3890917e+01
   1.3902097e+01
   1.3913281e+01
   1.3924466e+01
   1.3935654e+01
   1.3946844e+01
   1.3958037e+01
   1.3969232e+01
   1.3980428e+01
   1.3991627e+01
   1.4002828e+01
   1.4014031e+01
   1.4025236e+01
   1.4036442e+01
   1.4047650e+01
   1.4058860e+01
   1.4070071e+01
   1.4081284e+01
   1.4092498e+01
   1.4103713e+01
   1.4114930e+01
   1.4126148e+01
   1.4137367e+01
   1.4148586e+01
   1.4159807e+01
   1.4171029e+01
   1.4182251e+01
   1.4193474e+01
   1.4204697e+01
   1.4215921e+01
   1.4227146e+01
   1.4238370e+01
   1.4249595e+01
   1.4260820e+01
   1.4272045e+01
   1.4283269e+01
   1.4294494e+01
   1.4305718e+01
   1.4316942e+01
   1.4328166e+01
   1.4339388e+01
   1.4350611e+01
   1.4361832e+01
   1.4373053e+01
   1.4384272e+01
   1.4395490e+01
   1.4406708e+01
   1.4417923e+01
   1.4429138e+01
   1.4440351e+01
   1.4451562e+01
   1.4462772e+01
   1.4473979e+01
   1.4485185e+01
   1.4496388e+01
   1.4507590e+01
   1.4518789e+01
   1.4529985e+01
   1.4541179e+01
   1.4552370e+01
   1.4563559e+01
   1.4574744e+01
   1.4585927e+01
   1.4597106e+01
   1.4608282e+01
   1.4619454e+01
   1.4630623e+01
   1.4641789e+01
   1.4652950e+01
   1.4664107e+01
   1.4675261e+01
   1.4686410e+01
   1.4697554e+01
   1.4708695e+01
   1.4719830e+01
   1.4730961e+01
   1.4742087e+01
   1.4753208e+01
   1.4764323e+01
   1.4775433e+01
   1.4786538e+01
   1.4797637e+01
   1.4808731e+01
   1.4819818e+01
   1.4830899e+01
   1.4841974e+01
   1.4853043e+01
   1.4864105e+01
   1.4875161e+01
   1.4886209e+01
   1.4897251e+01
   1.4908286e+01
   1.4919313e+01
   1.4930333e+01
   1.4941345e+01
   1.4952350e+01
   1.4963346e+01
   1.4974335e+01
   1.4985315e+01
   1.4996286e+01
   1.5007250e+01
   1.5018204e+01
   1.5029150e+01
   1.5040086e+01
   1.5051013e+01
   1.5061931e+01
   1.5072839e+01
   1.5083738e+01
   1.5094627e+01
   1.5105505e+01
   1.5116373e+01
   1.5127231e+01
   1.5138078e+01
   1.5148915e+01
   1.5159740e+01
   1.5170554e+01
   1.5181357e+01
   1.5192149e+01
   1.5202929e+01
   1.5213697e+01
   1.5224453e+01
   1.5235197e+01
   1.5245928e+01
   1.5256647e+01
   1.5267353e+01
   1.5278046e+01
   1.5288726e+01
   1.5299393e+01
   1.5310046e+01
   1.5320685e+01
   1.5331311e+01
   1.5341923e+01
   1.5352520e+01
   1.5363103e+01
   1.5373671e+01
   1.5384225e+01
   1.5394763e+01
   1.5405286e+01
   1.5415794e+01
   1.5426287e+01
   1.5436763e+01
   1.5447224e+01
   1.5457668e+01
   1.5468096e+01
   1.5478508e+01
   1.5488903e+01
   1.5499281e+01
   1.5509642e+01
   1.5519985e+01
   1.5530311e+01
   1.5540619e+01
   1.5550909e+01
   1.5561181e+01
   1.5571435e+01
   1.5581671e+01
   1.5591887e+01
   1.5602085e+01
   1.5612264e+01
   1.5622423e+01
   1.5632563e+01
   1.5642683e+01
   1.5652783e+01
   1.5662863e+01
   1.5672922e+01
   1.5682961e+01
   1.5692980e+01
   1.5702977e+01
   1.5712953e+01
   1.5722908e+01
   1.5732842e+01
   1.5742753e+01
   1.5752643e+01
   1.5762510e+01
   1.5772355e+01
   1.5782178e+01
   1.5791977e+01
   1.5801754e+01
   1.5811507e+01
   1.5821237e+01
   1.5830944e+01
   1.5840626e+01
   1.5850285e+01
   1.5859919e+01
   1.5869528e+01
   1.5879113e+01
   1.5888673e+01
   1.5898208e+01
   1.5907718e+01
   1.5917202e+01
   1.5926660e+01
   1.5936092e+01
   1.5945498e+01
   1.5954877e+01
   1.5964230e+01
   1.5973556e+01
   1.5982855e+01
   1.5992127e+01
   1.6001371e+01
   1.6010587e+01
   1.6019775e+01
   1.6028936e+01
   1.6038067e+01
   1.6047170e+01
   1.6056244e+01
   1.6065289e+01
   1.6074305e+01
   1.6083291e+01
   1.6092247e+01
   1.6101174e+01
   1.6110069e+01
   1.6118935e+01
   1.6127770e+01
   1.6136573e+01
   1.6145346e+01
   1.6154087e+01
   1.6162796e+01
   1.6171473e+01
   1.6180119e+01
   1.6188731e+01
   1.6197311e+01
   1.6205859e+01
   1.6214373e+01
   1.6222853e+01
   1.6231300e+01
   1.6239713e+01
   1.6248092e+01
   1.6256436e+01
   1.6264745e+01
   1.6273020e+01
   1.6281259e+01
   1.6289463e+01
   1.6297631e+01
   1.6305763e+01
   1.6313859e+01
   1.6321918e+01
   1.6329940e+01
   1.6337926e+01
   1.6345873e+01
   1.6353783e+01
   1.6361656e+01
   1.6369489e+01
   1.6377285e+01
   1.6385041e+01
   1.6392758e+01
   1.6400436e+01
   1.6408074e+01
   1.6415672e+01
   1.6423230e+01
   1.6430747e+01
   1.6438223e+01
   1.6445658e+01
   1.6453052e+01
   1.6460403e+01
   1.6467713e+01
   1.6474979e+01
   1.6482203e+01
   1.6489384e+01
   1.6496521e+01
   1.6503615e+01
   1.6510664e+01
   1.6517669e+01
   1.6524629e+01
   1.6531543e+01
   1.6538413e+01
   1.6545236e+01
   1.6552013e+01
   1.6558743e+01
   1.6565427e+01
   1.6572063e+01
   1.6578652e+01
   1.6585192e+01
   1.6591684e+01
   1.6598127e+01
   1.6604521e+01
   1.6610866e+01
   1.6617160e+01
   1.6623405e+01
   1.6629598e+01
   1.6635741e+01
   1.6641832e+01
   1.6647871e+01
   1.6653857e+01
   1.6659791e+01
   1.6665672e+01
   1.6671500e+01
   1.6677273e+01
   1.6682992e+01
   1.6688656e+01
   1.6694265e+01
   1.6699819e+01
   1.6705316e+01
   1.6710757e+01
   1.6716140e+01
   1.6721467e+01
   1.6726735e+01
   1.6731946e+01
   1.6737097e+01
   1.6742189e+01
   1.6747222e+01
   1.6752195e+01
   1.6757107e+01
   1.6761957e+01
   1.6766747e+01
   1.6771474e+01
   1.6776139e+01
   1.6780741e+01
   1.6785280e+01
   1.6789755e+01
   1.6794165e+01
   1.6798510e+01
   1.6802790e+01
   1.6807005e+01
   1.6811152e+01
   1.6815233e+01
   1.6819247e+01
   1.6823192e+01
   1.6827070e+01
   1.6830878e+01
   1.6834617e+01
   1.6838286e+01
   1.6841884e+01
   1.6845412e+01
   1.6848868e+01
   1.6852252e+01
   1.6855563e+01
   1.6858801e+01
   1.6861966e+01
   1.6865057e+01
   1.6868072e+01
   1.6871013e+01
   1.6873878e+01
   1.6876666e+01
   1.6879377e+01
   1.6882011e+01
   1.6884567e+01
   1.6887045e+01
   1.6889443e+01
   1.6891762e+01
   1.6894000e+01
   1.6896157e+01
   1.6898234e+01
   1.6900228e+01
   1.6902139e+01
   1.6903968e+01
   1.6905713e+01
   1.6907374e+01
   1.6908950e+01
   1.6910440e+01
   1.6911845e+01
   1.6913163e+01
   1.6914393e+01
   1.6915536e+01
   1.6916591e+01
   1.6917557e+01
   1.6918433e+01
   1.6919219e+01
   1.6919915e+01
   1.6920519e+01
   1.6921031e+01
   1.6921451e+01
   1.6921777e+01
   1.6922010e+01
   1.6922149e+01
   1.6922192e+01
   1.6922140e+01
   1.6921992e+01
   1.6921747e+01
   1.6921405e+01
   1.6920964e+01
   1.6920425e+01
   1.6919787e+01
   1.6919049e+01
   1.6918210e+01
   1.6917270e+01
   1.6916229e+01
   1.6915085e+01
   1.6913837e+01
   1.6912487e+01
   1.6911032e+01
   1.6909472e+01
   1.6907806e+01
   1.6906034e+01
   1.6904156e+01
   1.6902169e+01
   1.6900075e+01
   1.6897872e+01
   1.6895559e+01
   1.6893136e+01
   1.6890602e+01
   1.6887957e+01
   1.6885200e+01
   1.6882330e+01
   1.6879346e+01
   1.6876249e+01
   1.6873036e+01
   1.6869708e+01
   1.6866264e+01
   1.6862704e+01
   1.6859025e+01
   1.6855229e+01
   1.6851314e+01
   1.6847279e+01
   1.6843123e+01
   1.6838847e+01
   1.6834450e+01
   1.6829930e+01
   1.6825287e+01
   1.6820520e+01
   1.6815629e+01
   1.6810612e+01
   1.6805470e+01
   1.6800201e+01
   1.6794805e+01
   1.6789281e+01
   1.6783629e+01
   1.6777846e+01
   1.6771934e+01
   1.6765891e+01
   1.6759716e+01
   1.6753408e+01
   1.6746968e+01
   1.6740393e+01
   1.6733684e+01
   1.6726840e+01
   1.6719859e+01
   1.6712742e+01
   1.6705487e+01
   1.6698093e+01
   1.6690561e+01
   1.6682888e+01
   1.6675074e+01
   1.6667119e+01
   1.6659022e+01
   1.6650782e+01
   1.6642398e+01
   1.6633869e+01
   1.6625194e+01
   1.6616374e+01
   1.6607406e+01
   1.6598290e+01
   1.6589026e+01
   1.6579612e+01
   1.6570048e+01
   1.6560332e+01
   1.6550465e+01
   1.6540444e+01
   1.6530270e+01
   1.6519941e+01
   1.6509457e+01
   1.6498817e+01
   1.6488020e+01
   1.6477064e+01
   1.6465950e+01
   1.6454676e+01
   1.6443242e+01
   1.6431646e+01
   1.6419888e+01
   1.6407966e+01
   1.6395880e+01
   1.6383630e+01
   1.6371213e+01
   1.6358630e+01
   1.6345878e+01
   1.6332958e+01
   1.6319869e+01
   1.6306609e+01
   1.6293177e+01
   1.6279573e+01
   1.6265796e+01
   1.6251845e+01
   1.6237718e+01
   1.6223415e+01
   1.6208935e+01
   1.6194277e+01
   1.6179439e+01
   1.6164422e+01
   1.6149224e+01
   1.6133843e+01
   1.6118280e+01
   1.6102532e+01
   1.6086600e+01
   1.6070481e+01
   1.6054176e+01
   1.6037682e+01
   1.6021000e+01
   1.6004127e+01
   1.5987063e+01
   1.5969808e+01
   1.5952359e+01
   1.5934715e+01
   1.5916877e+01
   1.5898842e+01
   1.5880610e+01
   1.5862180e+01
   1.5843550e+01
   1.5824720e+01
   1.5805688e+01
   1.5786453e+01
   1.5767015e+01
   1.5747372e+01
   1.5727523e+01
   1.5707467e+01
   1.5687203e+01
   1.5666729e+01
   1.5646046e+01
   1.5625151e+01
   1.5604044e+01
   1.5582723e+01
   1.5561188e+01
   1.5539437e+01
   1.5517469e+01
   1.5495283e+01
   1.5472878e+01
   1.5450252e+01
   1.5427406e+01
   1.5404337e+01
   1.5381044e+01
   1.5357527e+01
   1.5333784e+01
   1.5309814e+01
   1.5285616e+01
   1.5261189e+01
   1.5236532e+01
   1.5211643e+01
   1.5186522e+01
   1.5161168e+01
   1.5135578e+01
   1.5109753e+01
   1.5083691e+01
   1.5057390e+01
   1.5030851e+01
   1.5004071e+01
   1.4977050e+01
   1.4949787e+01
   1.4922280e+01
   1.4894528e+01
   1.4866531e+01
   1.4838287e+01
   1.4809796e+01
   1.4781055e+01
   1.4752064e+01
   1.4722823e+01
   1.4693329e+01
   1.4663583e+01
   1.4633582e+01
   1.4603327e+01
   1.4572815e+01
   1.4542046e+01
   1.4511020e+01
   1.4479734e+01
   1.4448189e+01
   1.4416382e+01
   1.4384314e+01
   1.4351983e+01
   1.4319389e+01
   1.4286530e+01
   1.4253407e+01
   1.4220016e+01
   1.4186359e+01
   1.4152435e+01
   1.4118242e+01
   1.4083779e+01
   1.4049047e+01
   1.4014044e+01
   1.3978769e+01
   1.3943222e+01
   1.3907403e+01
   1.3871311e+01
   1.3834944e+01
   1.3798304e+01
   1.3761388e+01
   1.3724197e+01
   1.3686730e+01
   1.3648987e+01
   1.3610967e+01
   1.3572670e+01
   1.3534096e+01
   1.3495244e+01
   1.3456114e+01
   1.3416706e+01
   1.3377021e+01
   1.3337056e+01
   1.3296814e+01
   1.3256293e+01
   1.3215493e+01
   1.3174416e+01
   1.3133060e+01
   1.3091426e+01
   1.3049515e+01
   1.3007326e+01
   1.2964860e+01
   1.2922117e+01
   1.2879099e+01
   1.2835804e+01
   1.2792234e+01
   1.2748390e+01
   1.2704272e+01
   1.2659881e+01
   1.2615218e+01
   1.2570284e+01
   1.2525080e+01
   1.2479606e+01
   1.2433865e+01
   1.2387856e+01
   1.2341583e+01
   1.2295045e+01
   1.2248244e+01
   1.2201182e+01
   1.2153861e+01
   1.2106282e+01
   1.2058448e+01
   1.2010359e+01
   1.1962018e+01
   1.1913427e+01
   1.1864588e+01
   1.1815503e+01
   1.1766175e+01
   1.1716607e+01
   1.1666800e+01
   1.1616758e+01
   1.1566482e+01
   1.1515977e+01
   1.1465245e+01
   1.1414289e+01
   1.1363112e+01
   1.1311718e+01
   1.1260110e+01
   1.1208291e+01
   1.1156265e+01
   1.1104036e+01
   1.1051608e+01
   1.0998984e+01
   1.0946169e+01
   1.0893166e+01
   1.0839981e+01
   1.0786617e+01
   1.0733080e+01
   1.0679372e+01
   1.0625501e+01
   1.0571469e+01
   1.0517283e+01
   1.0462947e+01
   1.0408466e+01
   1.0353846e+01
   1.0299092e+01
   1.0244210e+01
   1.0189205e+01
   1.0134084e+01
   1.0078851e+01
   1.0023513e+01
   9.9680757e+00
   9.9125455e+00
   9.8569286e+00
   9.8012313e+00
   9.7454600e+00
   9.6896213e+00
   9.6337217e+00
   9.5777679e+00
   9.5217667e+00
   9.4657250e+00
   9.4096498e+00
   9.3535479e+00
   9.2974265e+00
   9.2412927e+00
   9.1851538e+00
   9.1290169e+00
   9.0728895e+00
   9.0167788e+00
   8.9606924e+00
   8.9046375e+00
   8.8486218e+00
   8.7926527e+00
   8.7367379e+00
   8.6808848e+00
   8.6251011e+00
   8.5693943e+00
   8.5137721e+00
   8.4582421e+00
   8.4028119e+00
   8.3474892e+00
   8.2922814e+00
   8.2371961e+00
   8.1822410e+00
   8.1274235e+00
   8.0727511e+00
   8.0182313e+00
   7.9638715e+00
   7.9096789e+00
   7.8556610e+00
   7.8018248e+00
   7.7481777e+00
   7.6947266e+00
   7.6414787e+00
   7.5884407e+00
   7.5356197e+00
   7.4830223e+00
   7.4306552e+00
   7.3785249e+00
   7.3266380e+00
   7.2750007e+00
   7.2236193e+00
   7.1724999e+00
   7.1216484e+00
   7.0710708e+00
   7.0207728e+00
   6.9707600e+00
   6.9210378e+00
   6.8716115e+00
   6.8224864e+00
   6.7736675e+00
   6.7251596e+00
   6.6769675e+00
   6.6290958e+00
   6.5815489e+00
   6.5343310e+00
   6.4874464e+00
   6.4408988e+00
   6.3946922e+00
   6.3488302e+00
   6.3033161e+00
   6.2581534e+00
   6.2133451e+00
   6.1688942e+00
   6.1248035e+00
   6.0810757e+00
   6.0377132e+00
   5.9947183e+00
   5.9520933e+00
   5.9098400e+00
   5.8679603e+00
   5.8264559e+00
   5.7853283e+00
   5.7445788e+00
   5.7042086e+00
   5.6642187e+00
   5.6246100e+00
   5.5853833e+00
   5.5465391e+00
   5.5080778e+00
   5.4699998e+00
   5.4323051e+00
   5.3949939e+00
   5.3580659e+00
   5.3215208e+00
   5.2853584e+00
   5.2495780e+00
   5.2141791e+00
   5.1791608e+00
   5.1445222e+00
   5.1102623e+00
   5.0763800e+00
   5.0428741e+00
   5.0097432e+00
   4.9769858e+00
   4.9446005e+00
   4.9125855e+00
   4.8809391e+00
   4.8496595e+00
   4.8187447e+00
   4.7881928e+00
   4.7580016e+00
   4.7281689e+00
   4.6986926e+00
   4.6695703e+00
   4.6407996e+00
   4.6123781e+00
   4.5843032e+00
   4.5565724e+00
   4.5291830e+00
   4.5021323e+00
   4.4754177e+00
   4.4490362e+00
   4.4229851e+00
   4.3972615e+00
   4.3718624e+00
   4.3467850e+00
   4.3220262e+00
   4.2975831e+00
   4.2734525e+00
   4.2496313e+00
   4.2261166e+00
   4.2029051e+00
   4.1799937e+00
   4.1573792e+00
   4.1350585e+00
   4.1130284e+00
   4.0912857e+00
   4.0698271e+00
   4.0486495e+00
   4.0277495e+00
   4.0071241e+00
   3.9867699e+00
   3.9666837e+00
   3.9468623e+00
   3.9273025e+00
   3.9080010e+00
   3.8889546e+00
   3.8701602e+00
   3.8516144e+00
   3.8333142e+00
   3.8152563e+00
   3.7974376e+00
   3.7798549e+00
   3.7625051e+00
   3.7453850e+00
   3.7284915e+00
   3.7118217e+00
   3.6953723e+00
   3.6791403e+00
   3.6631227e+00
   3.6473165e+00
   3.6317188e+00
   3.6163264e+00
   3.6011366e+00
   3.5861463e+00
   3.5713527e+00
   3.5567529e+00
   3.5423441e+00
   3.5281234e+00
   3.5140881e+00
   3.5002354e+00
   3.4865625e+00
   3.4730667e+00
   3.4597454e+00
   3.4465959e+00
   3.4336156e+00
   3.4208018e+00
   3.4081520e+00
   3.3956636e+00
   3.3833342e+00
   3.3711613e+00
   3.3591423e+00
   3.3472749e+00
   3.3355567e+00
   3.3239853e+00
   3.3125584e+00
   3.3012736e+00
   3.2901287e+00
   3.2791214e+00
   3.2682495e+00
   3.2575108e+00
   3.2469032e+00
   3.2364245e+00
   3.2260726e+00
   3.2158454e+00
   3.2057409e+00
   3.1957571e+00
   3.1858919e+00
   3.1761435e+00
   3.1665098e+00
   3.1569890e+00
   3.1475792e+00
   3.1382785e+00
   3.1290851e+00
   3.1199972e+00
   3.1110131e+00
   3.1021309e+00
   3.0933491e+00
   3.0846658e+00
   3.0760794e+00
   3.0675884e+00
   3.0591909e+00
   3.0508856e+00
   3.0426708e+00
   3.0345449e+00
   3.0265065e+00
   3.0185541e+00
   3.0106861e+00
   3.0029012e+00
   2.9951979e+00
   2.9875749e+00
   2.9800307e+00
   2.9725640e+00
   2.9651735e+00
   2.9578579e+00
   2.9506158e+00
   2.9434460e+00
   2.9363473e+00
   2.9293185e+00
   2.9223583e+00
   2.9154656e+00
   2.9086391e+00
   2.9018779e+00
   2.8951806e+00
   2.8885463e+00
   2.8819738e+00
   2.8754621e+00
   2.8690102e+00
   2.8626169e+00
   2.8562813e+00
   2.8500024e+00
   2.8437793e+00
   2.8376109e+00
   2.8314963e+00
   2.8254346e+00
   2.8194249e+00
   2.8134663e+00
   2.8075579e+00
   2.8016988e+00
   2.7958883e+00
   2.7901254e+00
   2.7844094e+00
   2.7787394e+00
   2.7731146e+00
   2.7675344e+00
   2.7619979e+00
   2.7565044e+00
   2.7510531e+00
   2.7456434e+00
   2.7402745e+00
   2.7349458e+00
   2.7296565e+00
   2.7244059e+00
   2.7191935e+00
   2.7140186e+00
   2.7088806e+00
   2.7037788e+00
   2.6987126e+00
   2.6936815e+00
   2.6886847e+00
   2.6837219e+00
   2.6787924e+00
   2.6738956e+00
   2.6690310e+00
   2.6641980e+00
   2.6593963e+00
   2.6546251e+00
   2.6498841e+00
   2.6451727e+00
   2.6404904e+00
   2.6358369e+00
   2.6312115e+00
   2.6266138e+00
   2.6220435e+00
   2.6175000e+00
   2.6129828e+00
   2.6084917e+00
   2.6040262e+00
   2.5995858e+00
   2.5951701e+00
   2.5907789e+00
   2.5864116e+00
   2.5820679e+00
   2.5777474e+00
   2.5734497e+00
   2.5691746e+00
   2.5649216e+00
   2.5606904e+00
   2.5564806e+00
   2.5522920e+00
   2.5481242e+00
   2.5439769e+00
   2.5398497e+00
   2.5357424e+00
   2.5316547e+00
   2.5275862e+00
   2.5235367e+00
   2.5195058e+00
   2.5154934e+00
   2.5114991e+00
   2.5075227e+00
   2.5035638e+00
   2.4996223e+00
   2.4956979e+00
   2.4917903e+00
   2.4878993e+00
   2.4840247e+00
   2.4801661e+00
   2.4763235e+00
   2.4724965e+00
   2.4686849e+00
   2.4648886e+00
   2.4611073e+00
   2.4573407e+00
   2.4535888e+00
   2.4498512e+00
   2.4461278e+00
   2.4424184e+00
   2.4387228e+00
   2.4350408e+00
   2.4313723e+00
   2.4277170e+00
   2.4240748e+00
   2.4204454e+00
   2.4168289e+00
   2.4132248e+00
   2.4096332e+00
   2.4060538e+00
   2.4024865e+00
   2.3989312e+00
   2.3953876e+00
   2.3918556e+00
   2.3883352e+00
   2.3848260e+00
   2.3813281e+00
   2.3778412e+00
   2.3743653e+00
   2.3709001e+00
   2.3674456e+00
   2.3640017e+00
   2.3605682e+00
   2.3571449e+00
   2.3537318e+00
   2.3503288e+00
   2.3469357e+00
   2.3435524e+00
   2.3401789e+00
   2.3368149e+00
   2.3334604e+00
   2.3301153e+00
   2.3267795e+00
   2.3234529e+00
   2.3201353e+00
   2.3168268e+00
   2.3135271e+00
   2.3102362e+00
   2.3069540e+00
   2.3036804e+00
   2.3004153e+00
   2.2971587e+00
   2.2939104e+00
   2.2906704e+00
   2.2874385e+00
   2.2842147e+00
   2.2809990e+00
   2.2777912e+00
   2.2745912e+00
   2.2713991e+00
   2.2682146e+00
   2.2650378e+00
   2.2618686e+00
   2.2587068e+00
   2.2555525e+00
   2.2524055e+00
   2.2492659e+00
   2.2461334e+00
   2.2430082e+00
   2.2398900e+00
   2.2367789e+00
   2.2336747e+00
   2.2305775e+00
   2.2274871e+00
   2.2244035e+00
   2.2213267e+00
   2.2182566e+00
   2.2151931e+00
   2.2121362e+00
   2.2090858e+00
   2.2060419e+00
   2.2030044e+00
   2.1999733e+00
   2.1969485e+00
   2.1939300e+00
   2.1909178e+00
   2.1879117e+00
   2.1849118e+00
   2.1819179e+00
   2.1789301e+00
   2.1759484e+00
   2.1729726e+00
   2.1700027e+00
   2.1670387e+00
   2.1640805e+00
   2.1611282e+00
   2.1581816e+00
   2.1552407e+00
   2.1523055e+00
   2.1493760e+00
   2.1464521e+00
   2.1435338e+00
   2.1406210e+00
   2.1377137e+00
   2.1348119e+00
   2.1319155e+00
   2.1290245e+00
   2.1261389e+00
   2.1232586e+00
   2.1203837e+00
   2.1175140e+00
   2.1146496e+00
   2.1117904e+00
   2.1089364e+00
   2.1060875e+00
   2.1032438e+00
   2.1004052e+00
   2.0975716e+00
   2.0947432e+00
   2.0919197e+00
   2.0891012e+00
   2.0862877e+00
   2.0834791e+00
   2.0806755e+00
   2.0778767e+00
   2.0750828e+00
   2.0722937e+00
   2.0695095e+00
   2.0667301e+00
   2.0639554e+00
   2.0611855e+00
   2.0584203e+00
   2.0556599e+00
   2.0529041e+00
   2.0501529e+00
   2.0474065e+00
   2.0446646e+00
   2.0419273e+00
   2.0391947e+00
   2.0364665e+00
   2.0337430e+00
   2.0310239e+00
   2.0283093e+00
   2.0255993e+00
   2.0228937e+00
   2.0201925e+00
   2.0174958e+00
   2.0148035e+00
   2.0121155e+00
   2.0094320e+00
   2.0067528e+00
   2.0040779e+00
   2.0014074e+00
   1.9987412e+00
   1.9960793e+00
   1.9934216e+00
   1.9907682e+00
   1.9881191e+00
   1.9854742e+00
   1.9828335e+00
   1.9801970e+00
   1.9775647e+00
   1.9749366e+00
   1.9723126e+00
   1.9696927e+00
   1.9670770e+00
   1.9644654e+00
   1.9618579e+00
   1.9592545e+00
   1.9566552e+00
   1.9540599e+00
   1.9514686e+00
   1.9488814e+00
   1.9462982e+00
   1.9437191e+00
   1.9411439e+00
   1.9385727e+00
   1.9360055e+00
   1.9334422e+00
   1.9308829e+00
   1.9283275e+00
   1.9257760e+00
   1.9232284e+00
   1.9206848e+00
   1.9181450e+00
   1.9156091e+00
   1.9130771e+00
   1.9105489e+00
   1.9080246e+00
   1.9055041e+00
   1.9029874e+00
   1.9004745e+00
   1.8979655e+00
   1.8954602e+00
   1.8929587e+00
   1.8904610e+00
   1.8879670e+00
   1.8854768e+00
   1.8829903e+00
   1.8805076e+00
   1.8780285e+00
   1.8755532e+00
   1.8730816e+00
   1.8706137e+00
   1.8681495e+00
   1.8656889e+00
   1.8632320e+00
   1.8607787e+00
   1.8583291e+00
   1.8558832e+00
   1.8534408e+00
   1.8510021e+00
   1.8485670e+00
   1.8461355e+00
   1.8437076e+00
   1.8412833e+00
   1.8388625e+00
   1.8364454e+00
   1.8340317e+00
   1.8316217e+00
   1.8292151e+00
   1.8268121e+00
   1.8244127e+00
   1.8220167e+00
   1.8196243e+00
   1.8172353e+00
   1.8148499e+00
   1.8124679e+00
   1.8100895e+00
   1.8077145e+00
   1.8053429e+00
   1.8029749e+00
   1.8006102e+00
   1.7982490e+00
   1.7958913e+00
   1.7935369e+00
   1.7911860e+00
   1.7888385e+00
   1.7864944e+00
   1.7841537e+00
   1.7818164e+00
   1.7794825e+00
   1.7771520e+00
   1.7748248e+00
   1.7725010e+00
   1.7701805e+00
   1.7678634e+00
   1.7655496e+00
   1.7632392e+00
   1.7609321e+00
   1.7586283e+00
   1.7563278e+00
   1.7540307e+00
   1.7517368e+00
   1.7494462e+00
   1.7471590e+00
   1.7448750e+00
   1.7425942e+00
   1.7403168e+00
   1.7380426e+00
   1.7357717e+00
   1.7335040e+00
   1.7312396e+00
   1.7289784e+00
   1.7267204e+00
   1.7244656e+00
   1.7222141e+00
   1.7199658e+00
   1.7177207e+00
   1.7154788e+00
   1.7132401e+00
   1.7110046e+00
   1.7087722e+00
   1.7065431e+00
   1.7043171e+00
   1.7020942e+00
   1.6998746e+00
   1.6976580e+00
   1.6954447e+00
   1.6932344e+00
   1.6910273e+00
   1.6888234e+00
   1.6866225e+00
   1.6844248e+00
   1.6822302e+00
   1.6800387e+00
   1.6778503e+00
   1.6756650e+00
   1.6734828e+00
   1.6713037e+00
   1.6691276e+00
   1.6669546e+00
   1.6647847e+00
   1.6626179e+00
   1.6604541e+00
   1.6582933e+00
   1.6561356e+00
   1.6539810e+00
   1.6518294e+00
   1.6496808e+00
   1.6475352e+00
   1.6453927e+00
   1.6432532e+00
   1.6411166e+00
   1.6389831e+00
   1.6368526e+00
   1.6347251e+00
   1.6326005e+00
   1.6304790e+00
   1.6283604e+00
   1.6262448e+00
   1.6241322e+00
   1.6220225e+00
   1.6199158e+00
   1.6178120e+00
   1.6157112e+00
   1.6136133e+00
   1.6115184e+00
   1.6094264e+00
   1.6073373e+00
   1.6052511e+00
   1.6031679e+00
   1.6010876e+00
   1.5990101e+00
   1.5969356e+00
   1.5948640e+00
   1.5927953e+00
   1.5907294e+00
   1.5886664e+00
   1.5866064e+00
   1.5845492e+00
   1.5824948e+00
   1.5804433e+00
   1.5783947e+00
   1.5763489e+00
   1.5743060e+00
   1.5722659e+00
   1.5702287e+00
   1.5681943e+00
   1.5661627e+00
   1.5641340e+00
   1.5621081e+00
   1.5600850e+00
   1.5580647e+00
   1.5560472e+00
   1.5540325e+00
   1.5520206e+00
   1.5500115e+00
   1.5480052e+00
   1.5460017e+00
   1.5440009e+00
   1.5420030e+00
   1.5400078e+00
   1.5380153e+00
   1.5360256e+00
   1.5340387e+00
   1.5320546e+00
   1.5300731e+00
   1.5280945e+00
   1.5261185e+00
   1.5241453e+00
   1.5221749e+00
   1.5202071e+00
   1.5182421e+00
   1.5162798e+00
   1.5143202e+00
   1.5123633e+00
   1.5104091e+00
   1.5084576e+00
   1.5065088e+00
   1.5045627e+00
   1.5026193e+00
   1.5006786e+00
   1.4987405e+00
   1.4968051e+00
   1.4948724e+00
   1.4929424e+00
   1.4910150e+00
   1.4890902e+00
   1.4871682e+00
   1.4852487e+00
   1.4833319e+00
   1.4814178e+00
   1.4795063e+00
   1.4775974e+00
   1.4756911e+00
   1.4737875e+00
   1.4718865e+00
   1.4699881e+00
   1.4680923e+00
   1.4661991e+00
   1.4643085e+00
   1.4624205e+00
   1.4605351e+00
   1.4586523e+00
   1.4567721e+00
   1.4548944e+00
   1.4530194e+00
   1.4511469e+00
   1.4492770e+00
   1.4474096e+00
   1.4455448e+00
   1.4436826e+00
   1.4418229e+00
   1.4399657e+00
   1.4381112e+00
   1.4362591e+00
   1.4344096e+00
   1.4325626e+00
   1.4307182e+00
   1.4288762e+00
   1.4270368e+00
   1.4251999e+00
   1.4233656e+00
   1.4215337e+00
   1.4197043e+00
   1.4178775e+00
   1.4160531e+00
   1.4142312e+00
   1.4124119e+00
   1.4105950e+00
   1.4087805e+00
   1.4069686e+00
   1.4051592e+00
   1.4033522e+00
   1.4015476e+00
   1.3997456e+00
   1.3979460e+00
   1.3961488e+00
   1.3943542e+00
   1.3925619e+00
   1.3907721e+00
   1.3889847e+00
   1.3871998e+00
   1.3854173e+00
   1.3836373e+00
   1.3818596e+00
   1.3800844e+00
   1.3783116e+00
   1.3765412e+00
   1.3747732e+00
   1.3730077e+00
   1.3712445e+00
   1.3694837e+00
   1.3677254e+00
   1.3659694e+00
   1.3642158e+00
   1.3624646e+00
   1.3607157e+00
   1.3589693e+00
   1.3572252e+00
   1.3554835e+00
   1.3537442e+00
   1.3520072e+00
   1.3502726e+00
   1.3485403e+00
   1.3468104e+00
   1.3450828e+00
   1.3433576e+00
   1.3416347e+00
   1.3399142e+00
   1.3381960e+00
   1.3364801e+00
   1.3347665e+00
   1.3330553e+00
   1.3313464e+00
   1.3296398e+00
   1.3279355e+00
   1.3262335e+00
   1.3245339e+00
   1.3228365e+00
   1.3211414e+00
   1.3194486e+00
   1.3177582e+00
   1.3160700e+00
   1.3143841e+00
   1.3127004e+00
   1.3110191e+00
   1.3093400e+00
   1.3076632e+00
   1.3059887e+00
   1.3043164e+00
   1.3026464e+00
   1.3009786e+00
   1.2993131e+00
   1.2976499e+00
   1.2959888e+00
   1.2943301e+00
   1.2926736e+00
   1.2910193e+00
   1.2893672e+00
   1.2877174e+00
   1.2860698e+00
   1.2844244e+00
   1.2827813e+00
   1.2811403e+00
   1.2795016e+00
   1.2778651e+00
   1.2762308e+00
   1.2745987e+00
   1.2729688e+00
   1.2713411e+00
   1.2697155e+00
   1.2680922e+00
   1.2664711e+00
   1.2648521e+00
   1.2632354e+00
   1.2616208e+00
   1.2600083e+00
   1.2583981e+00
   1.2567900e+00
   1.2551841e+00
   1.2535803e+00
   1.2519787e+00
   1.2503792e+00
   1.2487819e+00
   1.2471868e+00
   1.2455938e+00
   1.2440029e+00
   1.2424142e+00
   1.2408276e+00
   1.2392431e+00
   1.2376608e+00
   1.2360806e+00
   1.2345025e+00
   1.2329265e+00
   1.2313527e+00
   1.2297809e+00
   1.2282113e+00
   1.2266438e+00
   1.2250784e+00
   1.2235150e+00
   1.2219538e+00
   1.2203947e+00
   1.2188377e+00
   1.2172827e+00
   1.2157298e+00
   1.2141791e+00
   1.2126304e+00
   1.2110837e+00
   1.2095392e+00
   1.2079967e+00
   1.2064563e+00
   1.2049179e+00
   1.2033816e+00
   1.2018474e+00
   1.2003152e+00
   1.1987850e+00
   1.1972569e+00
   1.1957309e+00
   1.1942069e+00
   1.1926849e+00
   1.1911650e+00
   1.1896471e+00
   1.1881313e+00
   1.1866174e+00
   1.1851056e+00
   1.1835958e+00
   1.1820880e+00
   1.1805823e+00
   1.1790785e+00
   1.1775768e+00
   1.1760771e+00
   1.1745793e+00
   1.1730836e+00
   1.1715899e+00
   1.1700981e+00
   1.1686084e+00
   1.1671206e+00
   1.1656348e+00
   1.1641510e+00
   1.1626692e+00
   1.1611894e+00
   1.1597115e+00
   1.1582357e+00
   1.1567617e+00
   1.1552898e+00
   1.1538198e+00
   1.1523517e+00
   1.1508857e+00
   1.1494215e+00
   1.1479594e+00
   1.1464991e+00
   1.1450409e+00
   1.1435845e+00
   1.1421301e+00
   1.1406777e+00
   1.1392271e+00
   1.1377785e+00
   1.1363319e+00
   1.1348871e+00
   1.1334443e+00
   1.1320034e+00
   1.1305644e+00
   1.1291273e+00
   1.1276922e+00
   1.1262589e+00
   1.1248276e+00
   1.1233981e+00
   1.1219706e+00
   1.1205450e+00
   1.1191212e+00
   1.1176993e+00
   1.1162794e+00
   1.1148613e+00
   1.1134451e+00
   1.1120308e+00
   1.1106183e+00
   1.1092078e+00
   1.1077991e+00
   1.1063922e+00
   1.1049873e+00
   1.1035842e+00
   1.1021830e+00
   1.1007836e+00
   1.0993861e+00
   1.0979904e+00
   1.0965966e+00
   1.0952047e+00
   1.0938146e+00
   1.0924263e+00
   1.0910398e+00
   1.0896553e+00
   1.0882725e+00
   1.0868916e+00
   1.0855125e+00
   1.0841352e+00
   1.0827598e+00
   1.0813861e+00
   1.0800143e+00
   1.0786444e+00
   1.0772762e+00
   1.0759098e+00
   1.0745453e+00
   1.0731825e+00
   1.0718216e+00
   1.0704624e+00
   1.0691051e+00
   1.0677495e+00
   1.0663958e+00
   1.0650438e+00
   1.0636936e+00
   1.0623453e+00
   1.0609986e+00
   1.0596538e+00
   1.0583108e+00
   1.0569695e+00
   1.0556300e+00
   1.0542923e+00
   1.0529563e+00
   1.0516221e+00
   1.0502897e+00
   1.0489590e+00
   1.0476301e+00
   1.0463029e+00
   1.0449775e+00
   1.0436538e+00
   1.0423319e+00
   1.0410117e+00
   1.0396933e+00
   1.0383766e+00
   1.0370617e+00
   1.0357484e+00
   1.0344370e+00
   1.0331272e+00
   1.0318192e+00
   1.0305129e+00
   1.0292083e+00
   1.0279054e+00
   1.0266043e+00
   1.0253049e+00
   1.0240071e+00
   1.0227111e+00
   1.0214168e+00
   1.0201242e+00
   1.0188334e+00
   1.0175442e+00
   1.0162567e+00
   1.0149709e+00
   1.0136868e+00
   1.0124044e+00
   1.0111236e+00
   1.0098446e+00
   1.0085672e+00
   1.0072916e+00
   1.0060176e+00
   1.0047453e+00
   1.0034746e+00
   1.0022056e+00
   1.0009383e+00
   9.9967270e-01
   9.9840873e-01
   9.9714641e-01
   9.9588576e-01
   9.9462677e-01
   9.9336943e-01
   9.9211374e-01
   9.9085971e-01
   9.8960732e-01
   9.8835657e-01
   9.8710747e-01
   9.8586002e-01
   9.8461420e-01
   9.8337001e-01
   9.8212746e-01
   9.8088654e-01
   9.7964725e-01
   9.7840959e-01
   9.7717355e-01
   9.7593914e-01
   9.7470634e-01
   9.7347516e-01
   9.7224560e-01
   9.7101765e-01
   9.6979131e-01
   9.6856658e-01
   9.6734346e-01
   9.6612194e-01
   9.6490202e-01
   9.6368370e-01
   9.6246698e-01
   9.6125186e-01
   9.6003832e-01
   9.5882638e-01
   9.5761603e-01
   9.5640726e-01
   9.5520007e-01
   9.5399447e-01
   9.5279045e-01
   9.5158800e-01
   9.5038713e-01
   9.4918783e-01
   9.4799010e-01
   9.4679394e-01
   9.4559934e-01
   9.4440631e-01
   9.4321484e-01
   9.4202493e-01
   9.4083658e-01
   9.3964978e-01
   9.3846454e-01
   9.3728084e-01
   9.3609870e-01
   9.3491810e-01
   9.3373904e-01
   9.3256153e-01
   9.3138555e-01
   9.3021112e-01
   9.2903821e-01
   9.2786685e-01
   9.2669701e-01
   9.2552870e-01
   9.2436192e-01
   9.2319666e-01
   9.2203293e-01
   9.2087072e-01
   9.1971002e-01
   9.1855084e-01
   9.1739317e-01
   9.1623702e-01
   9.1508238e-01
   9.1392924e-01
   9.1277761e-01
   9.1162748e-01
   9.1047886e-01
   9.0933173e-01
   9.0818610e-01
   9.0704197e-01
   9.0589932e-01
   9.0475817e-01
   9.0361851e-01
   9.0248033e-01
   9.0134364e-01
   9.0020843e-01
   8.9907471e-01
   8.9794246e-01
   8.9681168e-01
   8.9568238e-01
   8.9455455e-01
   8.9342820e-01
   8.9230331e-01
   8.9117989e-01
   8.9005793e-01
   8.8893743e-01
   8.8781839e-01
   8.8670081e-01
   8.8558469e-01
   8.8447002e-01
   8.8335680e-01
   8.8224503e-01
   8.8113471e-01
   8.8002583e-01
   8.7891840e-01
   8.7781241e-01
   8.7670786e-01
   8.7560475e-01
   8.7450307e-01
   8.7340283e-01
   8.7230402e-01
   8.7120663e-01
   8.7011068e-01
   8.6901615e-01
   8.6792305e-01
   8.6683136e-01
   8.6574110e-01
   8.6465225e-01
   8.6356482e-01
   8.6247881e-01
   8.6139420e-01
   8.6031101e-01
   8.5922922e-01
   8.5814884e-01
   8.5706986e-01
   8.5599229e-01
   8.5491611e-01
   8.5384134e-01
   8.5276796e-01
   8.5169597e-01
   8.5062538e-01
   8.4955618e-01
   8.4848836e-01
   8.4742193e-01
   8.4635689e-01
   8.4529323e-01
   8.4423095e-01
   8.4317005e-01
   8.4211053e-01
   8.4105238e-01
   8.3999561e-01
   8.3894020e-01
   8.3788617e-01
   8.3683350e-01
   8.3578220e-01
   8.3473226e-01
   8.3368369e-01
   8.3263647e-01
   8.3159061e-01
   8.3054611e-01
   8.2950297e-01
   8.2846117e-01
   8.2742073e-01
   8.2638163e-01
   8.2534389e-01
   8.2430748e-01
   8.2327242e-01
   8.2223871e-01
   8.2120633e-01
   8.2017529e-01
   8.1914558e-01
   8.1811721e-01
   8.1709017e-01
   8.1606446e-01
   8.1504008e-01
   8.1401702e-01
   8.1299530e-01
   8.1197489e-01
   8.1095580e-01
   8.0993804e-01
   8.0892159e-01
   8.0790646e-01
   8.0689264e-01
   8.0588013e-01
   8.0486893e-01
   8.0385905e-01
   8.0285046e-01
   8.0184319e-01
   8.0083721e-01
   7.9983254e-01
   7.9882917e-01
   7.9782709e-01
   7.9682632e-01
   7.9582683e-01
   7.9482864e-01
   7.9383174e-01
   7.9283612e-01
   7.9184180e-01
   7.9084876e-01
   7.8985700e-01
   7.8886652e-01
   7.8787733e-01
   7.8688941e-01
   7.8590277e-01
   7.8491740e-01
   7.8393331e-01
   7.8295049e-01
   7.8196893e-01
   7.8098865e-01
   7.8000963e-01
   7.7903188e-01
   7.7805539e-01
   7.7708015e-01
   7.7610618e-01
   7.7513347e-01
   7.7416201e-01
   7.7319180e-01
   7.7222285e-01
   7.7125515e-01
   7.7028870e-01
   7.6932349e-01
   7.6835953e-01
   7.6739681e-01
   7.6643534e-01
   7.6547510e-01
   7.6451611e-01
   7.6355835e-01
   7.6260182e-01
   7.6164653e-01
   7.6069247e-01
   7.5973965e-01
   7.5878804e-01
   7.5783767e-01
   7.5688852e-01
   7.5594060e-01
   7.5499390e-01
   7.5404841e-01
   7.5310415e-01
   7.5216110e-01
   7.5121927e-01
   7.5027865e-01
   7.4933924e-01
   7.4840105e-01
   7.4746406e-01
   7.4652828e-01
   7.4559370e-01
   7.4466033e-01
   7.4372816e-01
   7.4279719e-01
   7.4186742e-01
   7.4093884e-01
   7.4001146e-01
   7.3908528e-01
   7.3816028e-01
   7.3723648e-01
   7.3631387e-01
   7.3539244e-01
   7.3447220e-01
   7.3355315e-01
   7.3263527e-01
   7.3171858e-01
   7.3080306e-01
   7.2988873e-01
   7.2897557e-01
   7.2806358e-01
   7.2715277e-01
   7.2624313e-01
   7.2533466e-01
   7.2442735e-01
   7.2352122e-01
   7.2261624e-01
   7.2171244e-01
   7.2080979e-01
   7.1990830e-01
   7.1900797e-01
   7.1810880e-01
   7.1721079e-01
   7.1631393e-01
   7.1541822e-01
   7.1452366e-01
   7.1363025e-01
   7.1273799e-01
   7.1184687e-01
   7.1095690e-01
   7.1006807e-01
   7.0918039e-01
   7.0829384e-01
   7.0740843e-01
   7.0652416e-01
   7.0564103e-01
   7.0475903e-01
   7.0387816e-01
   7.0299842e-01
   7.0211981e-01
   7.0124232e-01
   7.0036597e-01
   6.9949074e-01
   6.9861663e-01
   6.9774364e-01
   6.9687178e-01
   6.9600103e-01
   6.9513140e-01
   6.9426288e-01
   6.9339548e-01
   6.9252919e-01
   6.9166401e-01
   6.9079994e-01
   6.8993698e-01
   6.8907513e-01
   6.8821438e-01
   6.8735474e-01
   6.8649619e-01
   6.8563875e-01
   6.8478241e-01
   6.8392716e-01
   6.8307301e-01
   6.8221995e-01
   6.8136799e-01
   6.8051712e-01
   6.7966734e-01
   6.7881865e-01
   6.7797105e-01
   6.7712453e-01
   6.7627909e-01
   6.7543474e-01
   6.7459147e-01
   6.7374928e-01
   6.7290817e-01
   6.7206814e-01
   6.7122918e-01
   6.7039130e-01
   6.6955448e-01
   6.6871874e-01
   6.6788407e-01
   6.6705047e-01
   6.6621794e-01
   6.6538647e-01
   6.6455606e-01
   6.6372672e-01
   6.6289844e-01
   6.6207122e-01
   6.6124505e-01
   6.6041995e-01
   6.5959590e-01
   6.5877290e-01
   6.5795096e-01
   6.5713006e-01
   6.5631022e-01
   6.5549143e-01
   6.5467368e-01
   6.5385698e-01
   6.5304132e-01
   6.5222671e-01
   6.5141314e-01
   6.5060060e-01
   6.4978911e-01
   6.4897865e-01
   6.4816923e-01
   6.4736085e-01
   6.4655349e-01
   6.4574717e-01
   6.4494188e-01
   6.4413762e-01
   6.4333439e-01
   6.4253218e-01
   6.4173099e-01
   6.4093083e-01
   6.4013170e-01
   6.3933358e-01
   6.3853648e-01
   6.3774040e-01
   6.3694534e-01
   6.3615129e-01
   6.3535826e-01
   6.3456624e-01
   6.3377523e-01
   6.3298523e-01
   6.3219624e-01
   6.3140825e-01
   6.3062127e-01
   6.2983530e-01
   6.2905033e-01
   6.2826636e-01
   6.2748339e-01
   6.2670142e-01
   6.2592045e-01
   6.2514048e-01
   6.2436150e-01
   6.2358351e-01
   6.2280652e-01
   6.2203051e-01
   6.2125550e-01
   6.2048148e-01
   6.1970844e-01
   6.1893639e-01
   6.1816532e-01
   6.1739524e-01
   6.1662613e-01
   6.1585801e-01
   6.1509087e-01
   6.1432471e-01
   6.1355952e-01
   6.1279531e-01
   6.1203207e-01
   6.1126981e-01
   6.1050851e-01
   6.0974819e-01
   6.0898884e-01
   6.0823045e-01
   6.0747303e-01
   6.0671657e-01
   6.0596108e-01
   6.0520655e-01
   6.0445299e-01
   6.0370038e-01
   6.0294873e-01
   6.0219804e-01
   6.0144830e-01
   6.0069952e-01
   5.9995169e-01
   5.9920482e-01
   5.9845889e-01
   5.9771392e-01
   5.9696989e-01
   5.9622681e-01
   5.9548468e-01
   5.9474349e-01
   5.9400325e-01
   5.9326394e-01
   5.9252558e-01
   5.9178816e-01
   5.9105168e-01
   5.9031613e-01
   5.8958152e-01
   5.8884785e-01
   5.8811510e-01
   5.8738329e-01
   5.8665241e-01
   5.8592246e-01
   5.8519344e-01
   5.8446535e-01
   5.8373818e-01
   5.8301194e-01
   5.8228662e-01
   5.8156223e-01
   5.8083875e-01
   5.8011619e-01
   5.7939456e-01
   5.7867384e-01
   5.7795404e-01
   5.7723515e-01
   5.7651717e-01
   5.7580011e-01
   5.7508396e-01
   5.7436872e-01
   5.7365439e-01
   5.7294097e-01
   5.7222845e-01
   5.7151684e-01
   5.7080613e-01
   5.7009633e-01
   5.6938743e-01
   5.6867943e-01
   5.6797232e-01
   5.6726612e-01
   5.6656081e-01
   5.6585640e-01
   5.6515289e-01
   5.6445026e-01
   5.6374853e-01
   5.6304769e-01
   5.6234774e-01
   5.6164868e-01
   5.6095051e-01
   5.6025322e-01
   5.5955682e-01
   5.5886130e-01
   5.5816667e-01
   5.5747292e-01
   5.5678005e-01
   5.5608805e-01
   5.5539694e-01
   5.5470670e-01
   5.5401734e-01
   5.5332885e-01
   5.5264124e-01
   5.5195450e-01
   5.5126863e-01
   5.5058363e-01
   5.4989950e-01
   5.4921624e-01
   5.4853384e-01
   5.4785231e-01
   5.4717165e-01
   5.4649185e-01
   5.4581290e-01
   5.4513483e-01
   5.4445761e-01
   5.4378125e-01
   5.4310574e-01
   5.4243110e-01
   5.4175731e-01
   5.4108437e-01
   5.4041229e-01
   5.3974105e-01
   5.3907067e-01
   5.3840114e-01
   5.3773246e-01
   5.3706462e-01
   5.3639764e-01
   5.3573149e-01
   5.3506619e-01
   5.3440174e-01
   5.3373812e-01
   5.3307535e-01
   5.3241342e-01
   5.3175232e-01
   5.3109206e-01
   5.3043264e-01
   5.2977406e-01
   5.2911630e-01
   5.2845939e-01
   5.2780330e-01
   5.2714804e-01
   5.2649362e-01
   5.2584002e-01
   5.2518725e-01
   5.2453531e-01
   5.2388419e-01
   5.2323390e-01
   5.2258443e-01
   5.2193578e-01
   5.2128795e-01
   5.2064095e-01
   5.1999476e-01
   5.1934939e-01
   5.1870484e-01
   5.1806110e-01
   5.1741818e-01
   5.1677607e-01
   5.1613477e-01
   5.1549429e-01
   5.1485461e-01
   5.1421575e-01
   5.1357769e-01
   5.1294044e-01
   5.1230400e-01
   5.1166836e-01
   5.1103353e-01
   5.1039949e-01
   5.0976627e-01
   5.0913384e-01
   5.0850221e-01
   5.0787138e-01
   5.0724135e-01
   5.0661211e-01
   5.0598367e-01
   5.0535603e-01
   5.0472917e-01
   5.0410312e-01
   5.0347785e-01
   5.0285337e-01
   5.0222968e-01
   5.0160678e-01
   5.0098467e-01
   5.0036335e-01
   4.9974281e-01
   4.9912305e-01
   4.9850408e-01
   4.9788589e-01
   4.9726848e-01
   4.9665185e-01
   4.9603600e-01
   4.9542092e-01
   4.9480663e-01
   4.9419311e-01
   4.9358036e-01
   4.9296839e-01
   4.9235720e-01
   4.9174677e-01
   4.9113712e-01
   4.9052823e-01
   4.8992012e-01
   4.8931277e-01
   4.8870619e-01
   4.8810038e-01
   4.8749533e-01
   4.8689104e-01
   4.8628752e-01
   4.8568476e-01
   4.8508276e-01
   4.8448152e-01
   4.8388104e-01
   4.8328132e-01
   4.8268236e-01
   4.8208415e-01
   4.8148669e-01
   4.8088999e-01
   4.8029405e-01
   4.7969885e-01
   4.7910441e-01
   4.7851071e-01
   4.7791777e-01
   4.7732557e-01
   4.7673412e-01
   4.7614342e-01
   4.7555346e-01
   4.7496425e-01
   4.7437578e-01
   4.7378805e-01
   4.7320106e-01
   4.7261482e-01
   4.7202931e-01
   4.7144454e-01
   4.7086051e-01
   4.7027722e-01
   4.6969466e-01
   4.6911283e-01
   4.6853174e-01
   4.6795138e-01
   4.6737176e-01
   4.6679286e-01
   4.6621470e-01
   4.6563726e-01
   4.6506055e-01
   4.6448457e-01
   4.6390931e-01
   4.6333478e-01
   4.6276098e-01
   4.6218789e-01
   4.6161553e-01
   4.6104389e-01
   4.6047297e-01
   4.5990277e-01
   4.5933329e-01
   4.5876453e-01
   4.5819648e-01
   4.5762915e-01
   4.5706253e-01
   4.5649663e-01
   4.5593144e-01
   4.5536696e-01
   4.5480319e-01
   4.5424014e-01
   4.5367779e-01
   4.5311615e-01
   4.5255522e-01
   4.5199499e-01
   4.5143547e-01
   4.5087666e-01
   4.5031854e-01
   4.4976114e-01
   4.4920443e-01
   4.4864842e-01
   4.4809312e-01
   4.4753851e-01
   4.4698460e-01
   4.4643139e-01
   4.4587887e-01
   4.4532705e-01
   4.4477593e-01
   4.4422550e-01
   4.4367576e-01
   4.4312671e-01
   4.4257836e-01
   4.4203069e-01
   4.4148371e-01
   4.4093742e-01
   4.4039182e-01
   4.3984691e-01
   4.3930268e-01
   4.3875914e-01
   4.3821628e-01
   4.3767410e-01
   4.3713260e-01
   4.3659179e-01
   4.3605166e-01
   4.3551220e-01
   4.3497343e-01
   4.3443533e-01
   4.3389791e-01
   4.3336116e-01
   4.3282509e-01
   4.3228970e-01
   4.3175497e-01
   4.3122092e-01
   4.3068754e-01
   4.3015484e-01
   4.2962280e-01
   4.2909143e-01
   4.2856073e-01
   4.2803069e-01
   4.2750132e-01
   4.2697262e-01
   4.2644458e-01
   4.2591721e-01
   4.2539050e-01
   4.2486445e-01
   4.2433906e-01
   4.2381433e-01
   4.2329026e-01
   4.2276685e-01
   4.2224410e-01
   4.2172201e-01
   4.2120057e-01
   4.2067978e-01
   4.2015965e-01
   4.1964018e-01
   4.1912135e-01
   4.1860318e-01
   4.1808566e-01
   4.1756879e-01
   4.1705257e-01
   4.1653699e-01
   4.1602207e-01
   4.1550779e-01
   4.1499416e-01
   4.1448117e-01
   4.1396883e-01
   4.1345713e-01
   4.1294607e-01
   4.1243565e-01
   4.1192588e-01
   4.1141674e-01
   4.1090825e-01
   4.1040039e-01
   4.0989317e-01
   4.0938659e-01
   4.0888064e-01
   4.0837533e-01
   4.0787065e-01
   4.0736661e-01
   4.0686320e-01
   4.0636042e-01
   4.0585827e-01
   4.0535676e-01
   4.0485587e-01
   4.0435561e-01
   4.0385597e-01
   4.0335697e-01
   4.0285859e-01
   4.0236084e-01
   4.0186371e-01
   4.0136720e-01
   4.0087132e-01
   4.0037606e-01
   3.9988142e-01
   3.9938740e-01
   3.9889401e-01
   3.9840123e-01
   3.9790907e-01
   3.9741752e-01
   3.9692659e-01
   3.9643628e-01
   3.9594659e-01
   3.9545750e-01
   3.9496903e-01
   3.9448118e-01
   3.9399393e-01
   3.9350730e-01
   3.9302127e-01
   3.9253586e-01
   3.9205105e-01
   3.9156686e-01
   3.9108327e-01
   3.9060028e-01
   3.9011790e-01
   3.8963613e-01
   3.8915496e-01
   3.8867439e-01
   3.8819443e-01
   3.8771506e-01
   3.8723630e-01
   3.8675814e-01
   3.8628058e-01
   3.8580361e-01
   3.8532725e-01
   3.8485148e-01
   3.8437630e-01
   3.8390172e-01
   3.8342774e-01
   3.8295435e-01
   3.8248156e-01
   3.8200935e-01
   3.8153774e-01
   3.8106672e-01
   3.8059629e-01
   3.8012645e-01
   3.7965719e-01
   3.7918853e-01
   3.7872045e-01
   3.7825296e-01
   3.7778605e-01
   3.7731973e-01
   3.7685399e-01
   3.7638884e-01
   3.7592426e-01
   3.7546027e-01
   3.7499686e-01
   3.7453404e-01
   3.7407179e-01
   3.7361012e-01
   3.7314902e-01
   3.7268851e-01
   3.7222857e-01
   3.7176921e-01
   3.7131042e-01
   3.7085221e-01
   3.7039457e-01
   3.6993750e-01
   3.6948101e-01
   3.6902508e-01
   3.6856973e-01
   3.6811495e-01
   3.6766074e-01
   3.6720709e-01
   3.6675401e-01
   3.6630150e-01
   3.6584956e-01
   3.6539818e-01
   3.6494737e-01
   3.6449712e-01
   3.6404743e-01
   3.6359831e-01
   3.6314975e-01
   3.6270175e-01
   3.6225431e-01
   3.6180743e-01
   3.6136111e-01
   3.6091535e-01
   3.6047014e-01
   3.6002550e-01
   3.5958140e-01
   3.5913787e-01
   3.5869489e-01
   3.5825246e-01
   3.5781059e-01
   3.5736926e-01
   3.5692849e-01
   3.5648828e-01
   3.5604861e-01
   3.5560949e-01
   3.5517092e-01
   3.5473290e-01
   3.5429543e-01
   3.5385850e-01
   3.5342213e-01
   3.5298629e-01
   3.5255100e-01
   3.5211626e-01
   3.5168206e-01
   3.5124840e-01
   3.5081528e-01
   3.5038271e-01
   3.4995067e-01
   3.4951918e-01
   3.4908823e-01
   3.4865781e-01
   3.4822793e-01
   3.4779859e-01
   3.4736979e-01
   3.4694152e-01
   3.4651379e-01
   3.4608659e-01
   3.4565992e-01
   3.4523379e-01
   3.4480819e-01
   3.4438312e-01
   3.4395859e-01
   3.4353458e-01
   3.4311111e-01
   3.4268816e-01
   3.4226574e-01
   3.4184385e-01
   3.4142249e-01
   3.4100165e-01
   3.4058134e-01
   3.4016155e-01
   3.3974229e-01
   3.3932355e-01
   3.3890533e-01
   3.3848764e-01
   3.3807047e-01
   3.3765382e-01
   3.3723768e-01
   3.3682207e-01
   3.3640698e-01
   3.3599241e-01
   3.3557835e-01
   3.3516481e-01
   3.3475179e-01
   3.3433928e-01
   3.3392729e-01
   3.3351582e-01
   3.3310485e-01
   3.3269440e-01
   3.3228446e-01
   3.3187504e-01
   3.3146612e-01
   3.3105772e-01
   3.3064982e-01
   3.3024243e-01
   3.2983556e-01
   3.2942919e-01
   3.2902332e-01
   3.2861797e-01
   3.2821312e-01
   3.2780877e-01
   3.2740493e-01
   3.2700160e-01
   3.2659876e-01
   3.2619643e-01
   3.2579460e-01
   3.2539328e-01
   3.2499245e-01
   3.2459213e-01
   3.2419230e-01
   3.2379297e-01
   3.2339414e-01
   3.2299581e-01
   3.2259797e-01
   3.2220064e-01
   3.2180379e-01
   3.2140744e-01
   3.2101159e-01
   3.2061623e-01
   3.2022136e-01
   3.1982699e-01
   3.1943311e-01
   3.1903971e-01
   3.1864681e-01
   3.1825440e-01
   3.1786248e-01
   3.1747105e-01
   3.1708010e-01
   3.1668965e-01
   3.1629968e-01
   3.1591019e-01
   3.1552120e-01
   3.1513268e-01
   3.1474465e-01
   3.1435711e-01
   3.1397005e-01
   3.1358347e-01
   3.1319737e-01
   3.1281175e-01
   3.1242662e-01
   3.1204196e-01
   3.1165779e-01
   3.1127409e-01
   3.1089087e-01
   3.1050813e-01
   3.1012587e-01
   3.0974408e-01
   3.0936277e-01
   3.0898193e-01
   3.0860157e-01
   3.0822168e-01
   3.0784227e-01
   3.0746332e-01
   3.0708485e-01
   3.0670686e-01
   3.0632933e-01
   3.0595227e-01
   3.0557569e-01
   3.0519957e-01
   3.0482392e-01
   3.0444874e-01
   3.0407402e-01
   3.0369978e-01
   3.0332600e-01
   3.0295268e-01
   3.0257983e-01
   3.0220745e-01
   3.0183552e-01
   3.0146407e-01
   3.0109307e-01
   3.0072254e-01
   3.0035246e-01
   2.9998285e-01
   2.9961370e-01
   2.9924501e-01
   2.9887678e-01
   2.9850901e-01
   2.9814169e-01
   2.9777483e-01
   2.9740843e-01
   2.9704249e-01
   2.9667700e-01
   2.9631196e-01
   2.9594738e-01
   2.9558326e-01
   2.9521958e-01
   2.9485636e-01
   2.9449360e-01
   2.9413128e-01
   2.9376942e-01
   2.9340800e-01
   2.9304704e-01
   2.9268652e-01
   2.9232645e-01
   2.9196684e-01
   2.9160767e-01
   2.9124894e-01
   2.9089066e-01
   2.9053283e-01
   2.9017545e-01
   2.8981851e-01
   2.8946201e-01
   2.8910596e-01
   2.8875034e-01
   2.8839518e-01
   2.8804045e-01
   2.8768617e-01
   2.8733232e-01
   2.8697892e-01
   2.8662596e-01
   2.8627343e-01
   2.8592135e-01
   2.8556970e-01
   2.8521849e-01
   2.8486771e-01
   2.8451738e-01
   2.8416748e-01
   2.8381801e-01
   2.8346898e-01
   2.8312038e-01
   2.8277222e-01
   2.8242449e-01
   2.8207719e-01
   2.8173032e-01
   2.8138389e-01
   2.8103789e-01
   2.8069231e-01
   2.8034717e-01
   2.8000246e-01
   2.7965817e-01
   2.7931431e-01
   2.7897088e-01
   2.7862788e-01
   2.7828530e-01
   2.7794315e-01
   2.7760143e-01
   2.7726013e-01
   2.7691925e-01
   2.7657880e-01
   2.7623877e-01
   2.7589917e-01
   2.7555998e-01
   2.7522122e-01
   2.7488288e-01
   2.7454496e-01
   2.7420746e-01
   2.7387038e-01
   2.7353372e-01
   2.7319747e-01
   2.7286165e-01
   2.7252624e-01
   2.7219125e-01
   2.7185668e-01
   2.7152252e-01
   2.7118877e-01
   2.7085544e-01
   2.7052253e-01
   2.7019003e-01
   2.6985794e-01
   2.6952627e-01
   2.6919500e-01
   2.6886415e-01
   2.6853371e-01
   2.6820368e-01
   2.6787407e-01
   2.6754486e-01
   2.6721605e-01
   2.6688766e-01
   2.6655968e-01
   2.6623210e-01
   2.6590493e-01
   2.6557817e-01
   2.6525181e-01
   2.6492586e-01
   2.6460031e-01
   2.6427517e-01
   2.6395043e-01
   2.6362610e-01
   2.6330216e-01
   2.6297863e-01
   2.6265550e-01
   2.6233278e-01
   2.6201045e-01
   2.6168853e-01
   2.6136700e-01
   2.6104587e-01
   2.6072515e-01
   2.6040482e-01
   2.6008488e-01
   2.5976535e-01
   2.5944621e-01
   2.5912747e-01
   2.5880912e-01
   2.5849117e-01
   2.5817362e-01
   2.5785646e-01
   2.5753969e-01
   2.5722331e-01
   2.5690733e-01
   2.5659174e-01
   2.5627655e-01
   2.5596174e-01
   2.5564732e-01
   2.5533330e-01
   2.5501966e-01
   2.5470642e-01
   2.5439356e-01
   2.5408109e-01
   2.5376901e-01
   2.5345732e-01
   2.5314601e-01
   2.5283509e-01
   2.5252456e-01
   2.5221441e-01
   2.5190464e-01
   2.5159526e-01
   2.5128627e-01
   2.5097766e-01
   2.5066943e-01
   2.5036158e-01
   2.5005412e-01
   2.4974703e-01
   2.4944033e-01
   2.4913401e-01
   2.4882807e-01
   2.4852251e-01
   2.4821732e-01
   2.4791252e-01
   2.4760809e-01
   2.4730404e-01
   2.4700037e-01
   2.4669708e-01
   2.4639416e-01
   2.4609162e-01
   2.4578945e-01
   2.4548766e-01
   2.4518624e-01
   2.4488520e-01
   2.4458453e-01
   2.4428423e-01
   2.4398430e-01
   2.4368475e-01
   2.4338557e-01
   2.4308676e-01
   2.4278832e-01
   2.4249025e-01
   2.4219255e-01
   2.4189522e-01
   2.4159825e-01
   2.4130166e-01
   2.4100543e-01
   2.4070958e-01
   2.4041408e-01
   2.4011896e-01
   2.3982420e-01
   2.3952980e-01
   2.3923577e-01
   2.3894211e-01
   2.3864881e-01
   2.3835587e-01
   2.3806330e-01
   2.3777109e-01
   2.3747924e-01
   2.3718775e-01
   2.3689663e-01
   2.3660586e-01
   2.3631546e-01
   2.3602541e-01
   2.3573573e-01
   2.3544640e-01
   2.3515744e-01
   2.3486883e-01
   2.3458058e-01
   2.3429268e-01
   2.3400515e-01
   2.3371797e-01
   2.3343114e-01
   2.3314467e-01
   2.3285856e-01
   2.3257280e-01
   2.3228739e-01
   2.3200234e-01
   2.3171764e-01
   2.3143330e-01
   2.3114930e-01
   2.3086566e-01
   2.3058237e-01
   2.3029943e-01
   2.3001685e-01
   2.2973461e-01
   2.2945272e-01
   2.2917118e-01
   2.2888999e-01
   2.2860915e-01
   2.2832865e-01
   2.2804851e-01
   2.2776871e-01
   2.2748926e-01
   2.2721015e-01
   2.2693139e-01
   2.2665297e-01
   2.2637490e-01
   2.2609717e-01
   2.2581979e-01
   2.2554275e-01
   2.2526606e-01
   2.2498971e-01
   2.2471370e-01
   2.2443803e-01
   2.2416270e-01
   2.2388771e-01
   2.2361307e-01
   2.2333876e-01
   2.2306480e-01
   2.2279117e-01
   2.2251788e-01
   2.2224493e-01
   2.2197232e-01
   2.2170005e-01
   2.2142811e-01
   2.2115651e-01
   2.2088525e-01
   2.2061432e-01
   2.2034373e-01
   2.2007347e-01
   2.1980355e-01
   2.1953396e-01
   2.1926470e-01
   2.1899578e-01
   2.1872720e-01
   2.1845894e-01
   2.1819102e-01
   2.1792342e-01
   2.1765616e-01
   2.1738923e-01
   2.1712263e-01
   2.1685636e-01
   2.1659042e-01
   2.1632481e-01
   2.1605953e-01
   2.1579458e-01
   2.1552995e-01
   2.1526565e-01
   2.1500168e-01
   2.1473804e-01
   2.1447472e-01
   2.1421173e-01
   2.1394906e-01
   2.1368672e-01
   2.1342470e-01
   2.1316301e-01
   2.1290164e-01
   2.1264060e-01
   2.1237988e-01
   2.1211948e-01
   2.1185940e-01
   2.1159964e-01
   2.1134021e-01
   2.1108110e-01
   2.1082230e-01
   2.1056383e-01
   2.1030568e-01
   2.1004785e-01
   2.0979033e-01
   2.0953314e-01
   2.0927626e-01
   2.0901970e-01
   2.0876346e-01
   2.0850753e-01
   2.0825192e-01
   2.0799663e-01
   2.0774165e-01
   2.0748699e-01
   2.0723265e-01
   2.0697861e-01
   2.0672490e-01
   2.0647149e-01
   2.0621840e-01
   2.0596563e-01
   2.0571316e-01
   2.0546101e-01
   2.0520917e-01
   2.0495764e-01
   2.0470642e-01
   2.0445552e-01
   2.0420492e-01
   2.0395463e-01
   2.0370465e-01
   2.0345499e-01
   2.0320563e-01
   2.0295658e-01
   2.0270783e-01
   2.0245940e-01
   2.0221127e-01
   2.0196345e-01
   2.0171593e-01
   2.0146872e-01
   2.0122182e-01
   2.0097522e-01
   2.0072893e-01
   2.0048294e-01
   2.0023725e-01
   1.9999187e-01
   1.9974680e-01
   1.9950202e-01
   1.9925755e-01
   1.9901338e-01
   1.9876951e-01
   1.9852594e-01
   1.9828268e-01
   1.9803971e-01
   1.9779705e-01
   1.9755469e-01
   1.9731262e-01
   1.9707086e-01
   1.9682939e-01
   1.9658822e-01
   1.9634735e-01
   1.9610678e-01
   1.9586650e-01
   1.9562652e-01
   1.9538684e-01
   1.9514746e-01
   1.9490837e-01
   1.9466957e-01
   1.9443107e-01
   1.9419287e-01
   1.9395496e-01
   1.9371734e-01
   1.9348002e-01
   1.9324299e-01
   1.9300626e-01
   1.9276981e-01
   1.9253366e-01
   1.9229780e-01
   1.9206223e-01
   1.9182696e-01
   1.9159197e-01
   1.9135727e-01
   1.9112287e-01
   1.9088875e-01
   1.9065492e-01
   1.9042138e-01
   1.9018813e-01
   1.8995517e-01
   1.8972250e-01
   1.8949011e-01
   1.8925801e-01
   1.8902620e-01
   1.8879467e-01
   1.8856343e-01
   1.8833248e-01
   1.8810181e-01
   1.8787142e-01
   1.8764132e-01
   1.8741151e-01
   1.8718198e-01
   1.8695273e-01
   1.8672376e-01
   1.8649508e-01
   1.8626668e-01
   1.8603856e-01
   1.8581072e-01
   1.8558317e-01
   1.8535590e-01
   1.8512890e-01
   1.8490219e-01
   1.8467576e-01
   1.8444960e-01
   1.8422373e-01
   1.8399813e-01
   1.8377282e-01
   1.8354778e-01
   1.8332302e-01
   1.8309853e-01
   1.8287433e-01
   1.8265040e-01
   1.8242675e-01
   1.8220337e-01
   1.8198027e-01
   1.8175744e-01
   1.8153489e-01
   1.8131262e-01
   1.8109062e-01
   1.8086889e-01
   1.8064744e-01
   1.8042626e-01
   1.8020535e-01
   1.7998472e-01
   1.7976436e-01
   1.7954427e-01
   1.7932445e-01
   1.7910490e-01
   1.7888563e-01
   1.7866662e-01
   1.7844789e-01
   1.7822942e-01
   1.7801123e-01
   1.7779330e-01
   1.7757565e-01
   1.7735826e-01
   1.7714114e-01
   1.7692429e-01
   1.7670770e-01
   1.7649138e-01
   1.7627533e-01
   1.7605955e-01
   1.7584403e-01
   1.7562878e-01
   1.7541380e-01
   1.7519908e-01
   1.7498462e-01
   1.7477043e-01
   1.7455651e-01
   1.7434284e-01
   1.7412944e-01
   1.7391631e-01
   1.7370344e-01
   1.7349083e-01
   1.7327848e-01
   1.7306639e-01
   1.7285457e-01
   1.7264301e-01
   1.7243171e-01
   1.7222067e-01
   1.7200989e-01
