   1.3833678e-03
   1.3791881e-03
   1.3750217e-03
   1.3708687e-03
   1.3667290e-03
   1.3626027e-03
   1.3584895e-03
   1.3543896e-03
   1.3503028e-03
   1.3462291e-03
   1.3421685e-03
   1.3381209e-03
   1.3340864e-03
   1.3300647e-03
   1.3260560e-03
   1.3220601e-03
   1.3180770e-03
   1.3141068e-03
   1.3101492e-03
   1.3062044e-03
   1.3022722e-03
   1.2983526e-03
   1.2944456e-03
   1.2905512e-03
   1.2866692e-03
   1.2827997e-03
   1.2789426e-03
   1.2750979e-03
   1.2712655e-03
   1.2674454e-03
   1.2636376e-03
   1.2598420e-03
   1.2560586e-03
   1.2522873e-03
   1.2485281e-03
   1.2447809e-03
   1.2410458e-03
   1.2373227e-03
   1.2336115e-03
   1.2299122e-03
   1.2262248e-03
   1.2225492e-03
   1.2188854e-03
   1.2152333e-03
   1.2115930e-03
   1.2079643e-03
   1.2043473e-03
   1.2007419e-03
   1.1971481e-03
   1.1935657e-03
   1.1899949e-03
   1.1864356e-03
   1.1828876e-03
   1.1793510e-03
   1.1758258e-03
   1.1723119e-03
   1.1688092e-03
   1.1653178e-03
   1.1618376e-03
   1.1583686e-03
   1.1549106e-03
   1.1514638e-03
   1.1480280e-03
   1.1446033e-03
   1.1411895e-03
   1.1377867e-03
   1.1343948e-03
   1.1310138e-03
   1.1276436e-03
   1.1242842e-03
   1.1209356e-03
   1.1175978e-03
   1.1142706e-03
   1.1109541e-03
   1.1076483e-03
   1.1043531e-03
   1.1010684e-03
   1.0977943e-03
   1.0945306e-03
   1.0912775e-03
   1.0880347e-03
   1.0848024e-03
   1.0815804e-03
   1.0783688e-03
   1.0751675e-03
   1.0719764e-03
   1.0687956e-03
   1.0656249e-03
   1.0624645e-03
   1.0593141e-03
   1.0561739e-03
   1.0530438e-03
   1.0499236e-03
   1.0468135e-03
   1.0437134e-03
   1.0406232e-03
   1.0375429e-03
   1.0344725e-03
   1.0314120e-03
   1.0283612e-03
   1.0253203e-03
   1.0223018e-03
   1.1466057e-03
   1.2649197e-03
   1.3776024e-03
   1.4850049e-03
   1.5874435e-03
   1.6852061e-03
   1.7785583e-03
   1.8677497e-03
   1.9530170e-03
   2.0345877e-03
   2.1126829e-03
   2.1875210e-03
   2.2593212e-03
   2.3283094e-03
   2.3947234e-03
   2.4588202e-03
   2.5208841e-03
   2.5812381e-03
   2.6402550e-03
   2.6983768e-03
   2.7561351e-03
   2.8141818e-03
   2.8733314e-03
   2.9346168e-03
   2.9993637e-03
   3.0692419e-03
   3.1461251e-03
   3.2309174e-03
   3.3172616e-03
   3.3589702e-03
   3.1143948e-03
   1.8591699e-03
   9.5615677e-04
   7.6602965e-04
   2.0907477e-03
   8.6762790e-03
   1.6371912e-02
   2.3978222e-02
   3.1425668e-02
   3.8725083e-02
   4.5899908e-02
   5.2975464e-02
   5.9974785e-02
   6.6917110e-02
   7.3817826e-02
   8.0688468e-02
   8.7537301e-02
   9.4369796e-02
   1.0118895e-01
   1.0799581e-01
   1.1842489e-01
   1.2929121e-01
   1.4058219e-01
   1.5227622e-01
   1.6435458e-01
   1.7679672e-01
   1.8958023e-01
   2.0268114e-01
   2.1607464e-01
   2.2973458e-01
   2.4363447e-01
   2.5774706e-01
   2.7204540e-01
   2.8650230e-01
   3.0109084e-01
   3.1578487e-01
   3.3055867e-01
   3.4538766e-01
   3.6024811e-01
   3.7511749e-01
   3.8997457e-01
   4.0479944e-01
   4.1957357e-01
   4.3427993e-01
   4.4890278e-01
   4.6342788e-01
   4.7784257e-01
   4.9213532e-01
   5.0629610e-01
   5.2031620e-01
   5.3418801e-01
   5.4790531e-01
   5.6146244e-01
   5.7485536e-01
   5.8808071e-01
   6.0113604e-01
   6.1401965e-01
   6.2673047e-01
   6.3926827e-01
   6.5163333e-01
   6.6382647e-01
   6.7584908e-01
   6.8770246e-01
   6.9938888e-01
   7.1091083e-01
   7.2227084e-01
   7.3347172e-01
   7.4451640e-01
   7.5540813e-01
   7.6615035e-01
   7.7674648e-01
   7.8719990e-01
   7.9751425e-01
   8.0769312e-01
   8.1773989e-01
   8.2765845e-01
   8.3745234e-01
   8.4712508e-01
   8.5668011e-01
   8.6612092e-01
   8.7545104e-01
   8.8467378e-01
   8.9379228e-01
   9.0281008e-01
   9.1173019e-01
   9.2055559e-01
   9.2928938e-01
   9.3793458e-01
   9.4649390e-01
   9.5497009e-01
   9.6336596e-01
   9.7168400e-01
   9.7992686e-01
   9.8809687e-01
   9.9619640e-01
   1.0042278e+00
   1.0121930e+00
   1.0200944e+00
   1.0279339e+00
   1.0357136e+00
   1.0434355e+00
   1.0511011e+00
   1.0587124e+00
   1.0662711e+00
   1.0737788e+00
   1.0812371e+00
   1.0886476e+00
   1.0960117e+00
   1.1033307e+00
   1.1106063e+00
   1.1178395e+00
   1.1250317e+00
   1.1321841e+00
   1.1392979e+00
   1.1463742e+00
   1.1534141e+00
   1.1604187e+00
   1.1673888e+00
   1.1743256e+00
   1.1812301e+00
   1.1881030e+00
   1.1949453e+00
   1.2017577e+00
   1.2085413e+00
   1.2152967e+00
   1.2220248e+00
   1.2287261e+00
   1.2354015e+00
   1.2420516e+00
   1.2486771e+00
   1.2552787e+00
   1.2618570e+00
   1.2684127e+00
   1.2749462e+00
   1.2814583e+00
   1.2879495e+00
   1.2944203e+00
   1.3008713e+00
   1.3073028e+00
   1.3137158e+00
   1.3201103e+00
   1.3264870e+00
   1.3328465e+00
   1.3391891e+00
   1.3455152e+00
   1.3518254e+00
   1.3581201e+00
   1.3643998e+00
   1.3706649e+00
   1.3769158e+00
   1.3831530e+00
   1.3893769e+00
   1.3955878e+00
   1.4017862e+00
   1.4079725e+00
   1.4141469e+00
   1.4203102e+00
   1.4264625e+00
   1.4326044e+00
   1.4387361e+00
   1.4448580e+00
   1.4509705e+00
   1.4570740e+00
   1.4631690e+00
   1.4692558e+00
   1.4753347e+00
   1.4814063e+00
   1.4874709e+00
   1.4935288e+00
   1.4995804e+00
   1.5056261e+00
   1.5116663e+00
   1.5177014e+00
   1.5237319e+00
   1.5297579e+00
   1.5357802e+00
   1.5417989e+00
   1.5478145e+00
   1.5538274e+00
   1.5598381e+00
   1.5658468e+00
   1.5718542e+00
   1.5778605e+00
   1.5838661e+00
   1.5898716e+00
   1.5958772e+00
   1.6018835e+00
   1.6078909e+00
   1.6138999e+00
   1.6199108e+00
   1.6259242e+00
   1.6319405e+00
   1.6379603e+00
   1.6439838e+00
   1.6500117e+00
   1.6560441e+00
   1.6620819e+00
   1.6681252e+00
   1.6741747e+00
   1.6802308e+00
   1.6862941e+00
   1.6923652e+00
   1.6984444e+00
   1.7045322e+00
   1.7106291e+00
   1.7167357e+00
   1.7228525e+00
   1.7289798e+00
   1.7351184e+00
   1.7412686e+00
   1.7474310e+00
   1.7536062e+00
   1.7597945e+00
   1.7659965e+00
   1.7722128e+00
   1.7784438e+00
   1.7846899e+00
   1.7909518e+00
   1.7972298e+00
   1.8035244e+00
   1.8098360e+00
   1.8161652e+00
   1.8225124e+00
   1.8288779e+00
   1.8352622e+00
   1.8416656e+00
   1.8480885e+00
   1.8545314e+00
   1.8609944e+00
   1.8674778e+00
   1.8739820e+00
   1.8805072e+00
   1.8870535e+00
   1.8936212e+00
   1.9002103e+00
   1.9068209e+00
   1.9134531e+00
   1.9201068e+00
   1.9267821e+00
   1.9334788e+00
   1.9401968e+00
   1.9469359e+00
   1.9536958e+00
   1.9604762e+00
   1.9672768e+00
   1.9740972e+00
   1.9809368e+00
   1.9877952e+00
   1.9946718e+00
   2.0015660e+00
   2.0084770e+00
   2.0154042e+00
   2.0223467e+00
   2.0293037e+00
   2.0362744e+00
   2.0432578e+00
   2.0502530e+00
   2.0572590e+00
   2.0642747e+00
   2.0712991e+00
   2.0783311e+00
   2.0853698e+00
   2.0924138e+00
   2.0994622e+00
   2.1065138e+00
   2.1135675e+00
   2.1206223e+00
   2.1276769e+00
   2.1347303e+00
   2.1417814e+00
   2.1488291e+00
   2.1558725e+00
   2.1629105e+00
   2.1699422e+00
   2.1769665e+00
   2.1839826e+00
   2.1909896e+00
   2.1979866e+00
   2.2049728e+00
   2.2119475e+00
   2.2189099e+00
   2.2258593e+00
   2.2327951e+00
   2.2397167e+00
   2.2466235e+00
   2.2535149e+00
   2.2603905e+00
   2.2672498e+00
   2.2740924e+00
   2.2809178e+00
   2.2877258e+00
   2.2945160e+00
   2.3012881e+00
   2.3080419e+00
   2.3147771e+00
   2.3214935e+00
   2.3281910e+00
   2.3348694e+00
   2.3415286e+00
   2.3481684e+00
   2.3547888e+00
   2.3613897e+00
   2.3679712e+00
   2.3745330e+00
   2.3810753e+00
   2.3875980e+00
   2.3941011e+00
   2.4005847e+00
   2.4070489e+00
   2.4134936e+00
   2.4199189e+00
   2.4263249e+00
   2.4327117e+00
   2.4390793e+00
   2.4454279e+00
   2.4517576e+00
   2.4580684e+00
   2.4643604e+00
   2.4706338e+00
   2.4768887e+00
   2.4831252e+00
   2.4893435e+00
   2.4955436e+00
   2.5017256e+00
   2.5078898e+00
   2.5140362e+00
   2.5201650e+00
   2.5262763e+00
   2.5323703e+00
   2.5384470e+00
   2.5445066e+00
   2.5505492e+00
   2.5565751e+00
   2.5625842e+00
   2.5685767e+00
   2.5745528e+00
   2.5805127e+00
   2.5864563e+00
   2.5923839e+00
   2.5982956e+00
   2.6041914e+00
   2.6100717e+00
   2.6159363e+00
   2.6217856e+00
   2.6276196e+00
   2.6334384e+00
   2.6392421e+00
   2.6450310e+00
   2.6508050e+00
   2.6565642e+00
   2.6623090e+00
   2.6680392e+00
   2.6737551e+00
   2.6794567e+00
   2.6851442e+00
   2.6908176e+00
   2.6964772e+00
   2.7021229e+00
   2.7077549e+00
   2.7133733e+00
   2.7189781e+00
   2.7245696e+00
   2.7301478e+00
   2.7357127e+00
   2.7412646e+00
   2.7468034e+00
   2.7523293e+00
   2.7578424e+00
   2.7633427e+00
   2.7688304e+00
   2.7743056e+00
   2.7797683e+00
   2.7852186e+00
   2.7906567e+00
   2.7960825e+00
   2.8014963e+00
   2.8068981e+00
   2.8122879e+00
   2.8176659e+00
   2.8230321e+00
   2.8283866e+00
   2.8337296e+00
   2.8390610e+00
   2.8443810e+00
   2.8496896e+00
   2.8549870e+00
   2.8602732e+00
   2.8655482e+00
   2.8708123e+00
   2.8760653e+00
   2.8813075e+00
   2.8865389e+00
   2.8917595e+00
   2.8969695e+00
   2.9021689e+00
   2.9073578e+00
   2.9125362e+00
   2.9177043e+00
   2.9228621e+00
   2.9280097e+00
   2.9331471e+00
   2.9382744e+00
   2.9433917e+00
   2.9484991e+00
   2.9535966e+00
   2.9586843e+00
   2.9637623e+00
   2.9688306e+00
   2.9738893e+00
   2.9789385e+00
   2.9839782e+00
   2.9890085e+00
   2.9940294e+00
   2.9990411e+00
   3.0040436e+00
   3.0090369e+00
   3.0140212e+00
   3.0189964e+00
   3.0239627e+00
   3.0289201e+00
   3.0338686e+00
   3.0388084e+00
   3.0437394e+00
   3.0486618e+00
   3.0535757e+00
   3.0584809e+00
   3.0633778e+00
   3.0682662e+00
   3.0731462e+00
   3.0780180e+00
   3.0828815e+00
   3.0877368e+00
   3.0925840e+00
   3.0974231e+00
   3.1022543e+00
   3.1070774e+00
   3.1118927e+00
   3.1167001e+00
   3.1214997e+00
   3.1262916e+00
   3.1310758e+00
   3.1358523e+00
   3.1406213e+00
   3.1453828e+00
   3.1501367e+00
   3.1548833e+00
   3.1596225e+00
   3.1643544e+00
   3.1690789e+00
   3.1737963e+00
   3.1785065e+00
   3.1832096e+00
   3.1879056e+00
   3.1925946e+00
   3.1972766e+00
   3.2019517e+00
   3.2066199e+00
   3.2112813e+00
   3.2159359e+00
   3.2205838e+00
   3.2252249e+00
   3.2298595e+00
   3.2344874e+00
   3.2391088e+00
   3.2437237e+00
   3.2483321e+00
   3.2529341e+00
   3.2575297e+00
   3.2621190e+00
   3.2667020e+00
   3.2712787e+00
   3.2758493e+00
   3.2804137e+00
   3.2849720e+00
   3.2895242e+00
   3.2940703e+00
   3.2986105e+00
   3.3031448e+00
   3.3076731e+00
   3.3121955e+00
   3.3167122e+00
   3.3212230e+00
   3.3257281e+00
   3.3302275e+00
   3.3347212e+00
   3.3392092e+00
   3.3436917e+00
   3.3481686e+00
   3.3526401e+00
   3.3571060e+00
   3.3615665e+00
   3.3660215e+00
   3.3704712e+00
   3.3749156e+00
   3.3793547e+00
   3.3837885e+00
   3.3882171e+00
   3.3926404e+00
   3.3970587e+00
   3.4014718e+00
   3.4058798e+00
   3.4102828e+00
   3.4146808e+00
   3.4190737e+00
   3.4234618e+00
   3.4278449e+00
   3.4322231e+00
   3.4365965e+00
   3.4409650e+00
   3.4453288e+00
   3.4496878e+00
   3.4540421e+00
   3.4583917e+00
   3.4627367e+00
   3.4670770e+00
   3.4714127e+00
   3.4757439e+00
   3.4800705e+00
   3.4843926e+00
   3.4887103e+00
   3.4930235e+00
   3.4973322e+00
   3.5016367e+00
   3.5059367e+00
   3.5102324e+00
   3.5145239e+00
   3.5188110e+00
   3.5230939e+00
   3.5273727e+00
   3.5316472e+00
   3.5359176e+00
   3.5401838e+00
   3.5444460e+00
   3.5487040e+00
   3.5529581e+00
   3.5572081e+00
   3.5614541e+00
   3.5656962e+00
   3.5699343e+00
   3.5741685e+00
   3.5783989e+00
   3.5826253e+00
   3.5868480e+00
   3.5910668e+00
   3.5952819e+00
   3.5994932e+00
   3.6037007e+00
   3.6079046e+00
   3.6121048e+00
   3.6163013e+00
   3.6204942e+00
   3.6246835e+00
   3.6288692e+00
   3.6330514e+00
   3.6372300e+00
   3.6414051e+00
   3.6455767e+00
   3.6497449e+00
   3.6539096e+00
   3.6580709e+00
   3.6622288e+00
   3.6663834e+00
   3.6705346e+00
   3.6746825e+00
   3.6788270e+00
   3.6829683e+00
   3.6871064e+00
   3.6912412e+00
   3.6953728e+00
   3.6995012e+00
   3.7036264e+00
   3.7077485e+00
   3.7118675e+00
   3.7159833e+00
   3.7200961e+00
   3.7242058e+00
   3.7283125e+00
   3.7324162e+00
   3.7365168e+00
   3.7406145e+00
   3.7447092e+00
   3.7488010e+00
   3.7528899e+00
   3.7569759e+00
   3.7610590e+00
   3.7651393e+00
   3.7692167e+00
   3.7732913e+00
   3.7773631e+00
   3.7814322e+00
   3.7854984e+00
   3.7895620e+00
   3.7936228e+00
   3.7976810e+00
   3.8017364e+00
   3.8057892e+00
   3.8098394e+00
   3.8138869e+00
   3.8179318e+00
   3.8219742e+00
   3.8260140e+00
   3.8300512e+00
   3.8340859e+00
   3.8381182e+00
   3.8421479e+00
   3.8461751e+00
   3.8501999e+00
   3.8542223e+00
   3.8582422e+00
   3.8622597e+00
   3.8662749e+00
   3.8702877e+00
   3.8742981e+00
   3.8783062e+00
   3.8823120e+00
   3.8863155e+00
   3.8903167e+00
   3.8943157e+00
   3.8983124e+00
   3.9023069e+00
   3.9062992e+00
   3.9102893e+00
   3.9142772e+00
   3.9182629e+00
   3.9222465e+00
   3.9262280e+00
   3.9302074e+00
   3.9341847e+00
   3.9381599e+00
   3.9421330e+00
   3.9461041e+00
   3.9500732e+00
   3.9540403e+00
   3.9580054e+00
   3.9619684e+00
   3.9659296e+00
   3.9698888e+00
   3.9738460e+00
   3.9778013e+00
   3.9817548e+00
   3.9857063e+00
   3.9896560e+00
   3.9936038e+00
   3.9975498e+00
   4.0014939e+00
   4.0054363e+00
   4.0093769e+00
   4.0133156e+00
   4.0172526e+00
   4.0211879e+00
   4.0251215e+00
   4.0290533e+00
   4.0329834e+00
   4.0369118e+00
   4.0408386e+00
   4.0447637e+00
   4.0486871e+00
   4.0526090e+00
   4.0565292e+00
   4.0604478e+00
   4.0643648e+00
   4.0682802e+00
   4.0721941e+00
   4.0761065e+00
   4.0800173e+00
   4.0839266e+00
   4.0878344e+00
   4.0917407e+00
   4.0956456e+00
   4.0995490e+00
   4.1034509e+00
   4.1073514e+00
   4.1112505e+00
   4.1151482e+00
   4.1190445e+00
   4.1229394e+00
   4.1268330e+00
   4.1307252e+00
   4.1346161e+00
   4.1385056e+00
   4.1423939e+00
   4.1462808e+00
   4.1501665e+00
   4.1540509e+00
   4.1579340e+00
   4.1618159e+00
   4.1656966e+00
   4.1695760e+00
   4.1734542e+00
   4.1773313e+00
   4.1812072e+00
   4.1850819e+00
   4.1889554e+00
   4.1928279e+00
   4.1966991e+00
   4.2005693e+00
   4.2044384e+00
   4.2083064e+00
   4.2121733e+00
   4.2160391e+00
   4.2199039e+00
   4.2237677e+00
   4.2276304e+00
   4.2314921e+00
   4.2353528e+00
   4.2392126e+00
   4.2430713e+00
   4.2469291e+00
   4.2507859e+00
   4.2546418e+00
   4.2584967e+00
   4.2623508e+00
   4.2662039e+00
   4.2700561e+00
   4.2739075e+00
   4.2777580e+00
   4.2816076e+00
   4.2854564e+00
   4.2893044e+00
   4.2931515e+00
   4.2969978e+00
   4.3008433e+00
   4.3046880e+00
   4.3085320e+00
   4.3123752e+00
   4.3162176e+00
   4.3200593e+00
   4.3239003e+00
   4.3277405e+00
   4.3315800e+00
   4.3354189e+00
   4.3392570e+00
   4.3430945e+00
   4.3469313e+00
   4.3507675e+00
   4.3546030e+00
   4.3584379e+00
   4.3622722e+00
   4.3661058e+00
   4.3699389e+00
   4.3737714e+00
   4.3776033e+00
   4.3814346e+00
   4.3852654e+00
   4.3890956e+00
   4.3929254e+00
   4.3967545e+00
   4.4005832e+00
   4.4044114e+00
   4.4082391e+00
   4.4120663e+00
   4.4158931e+00
   4.4197193e+00
   4.4235452e+00
   4.4273706e+00
   4.4311956e+00
   4.4350201e+00
   4.4388443e+00
   4.4426680e+00
   4.4464914e+00
   4.4503144e+00
   4.4541370e+00
   4.4579593e+00
   4.4617812e+00
   4.4656028e+00
   4.4694241e+00
   4.4732450e+00
   4.4770657e+00
   4.4808860e+00
   4.4847061e+00
   4.4885259e+00
   4.4923454e+00
   4.4961647e+00
   4.4999837e+00
   4.5038025e+00
   4.5076211e+00
   4.5114395e+00
   4.5152576e+00
   4.5190756e+00
   4.5228933e+00
   4.5267109e+00
   4.5305283e+00
   4.5343456e+00
   4.5381627e+00
   4.5419797e+00
   4.5457965e+00
   4.5496132e+00
   4.5534298e+00
   4.5572463e+00
   4.5610627e+00
   4.5648791e+00
   4.5686953e+00
   4.5725115e+00
   4.5763277e+00
   4.5801437e+00
   4.5839598e+00
   4.5877758e+00
   4.5915918e+00
   4.5954078e+00
   4.5992238e+00
   4.6030398e+00
   4.6068558e+00
   4.6106719e+00
   4.6144879e+00
   4.6183041e+00
   4.6221202e+00
   4.6259365e+00
   4.6297528e+00
   4.6335691e+00
   4.6373856e+00
   4.6412022e+00
   4.6450189e+00
   4.6488356e+00
   4.6526525e+00
   4.6564696e+00
   4.6602868e+00
   4.6641041e+00
   4.6679216e+00
   4.6717392e+00
   4.6755570e+00
   4.6793751e+00
   4.6831932e+00
   4.6870116e+00
   4.6908302e+00
   4.6946491e+00
   4.6984681e+00
   4.7022874e+00
   4.7061069e+00
   4.7099267e+00
   4.7137467e+00
   4.7175670e+00
   4.7213875e+00
   4.7252084e+00
   4.7290295e+00
   4.7328509e+00
   4.7366727e+00
   4.7404947e+00
   4.7443171e+00
   4.7481398e+00
   4.7519628e+00
   4.7557862e+00
   4.7596100e+00
   4.7634341e+00
   4.7672585e+00
   4.7710834e+00
   4.7749086e+00
   4.7787342e+00
   4.7825603e+00
   4.7863867e+00
   4.7902136e+00
   4.7940408e+00
   4.7978685e+00
   4.8016967e+00
   4.8055253e+00
   4.8093544e+00
   4.8131839e+00
   4.8170139e+00
   4.8208443e+00
   4.8246753e+00
   4.8285067e+00
   4.8323387e+00
   4.8361711e+00
   4.8400041e+00
   4.8438376e+00
   4.8476716e+00
   4.8515061e+00
   4.8553412e+00
   4.8591769e+00
   4.8630131e+00
   4.8668499e+00
   4.8706872e+00
   4.8745252e+00
   4.8783637e+00
   4.8822028e+00
   4.8860426e+00
   4.8898829e+00
   4.8937238e+00
   4.8975654e+00
   4.9014076e+00
   4.9052505e+00
   4.9090940e+00
   4.9129381e+00
   4.9167829e+00
   4.9206284e+00
   4.9244745e+00
   4.9283214e+00
   4.9321689e+00
   4.9360171e+00
   4.9398660e+00
   4.9437157e+00
   4.9475660e+00
   4.9514171e+00
   4.9552688e+00
   4.9591214e+00
   4.9629746e+00
   4.9668287e+00
   4.9706834e+00
   4.9745390e+00
   4.9783953e+00
   4.9822524e+00
   4.9861103e+00
   4.9899689e+00
   4.9938284e+00
   4.9976887e+00
   5.0015497e+00
   5.0054116e+00
   5.0092743e+00
   5.0131379e+00
   5.0170023e+00
   5.0208675e+00
   5.0247336e+00
   5.0286005e+00
   5.0324683e+00
   5.0363370e+00
   5.0402065e+00
   5.0440769e+00
   5.0479482e+00
   5.0518205e+00
   5.0556936e+00
   5.0595676e+00
   5.0634425e+00
   5.0673184e+00
   5.0711951e+00
   5.0750729e+00
   5.0789515e+00
   5.0828311e+00
   5.0867117e+00
   5.0905932e+00
   5.0944757e+00
   5.0983591e+00
   5.1022435e+00
   5.1061289e+00
   5.1100153e+00
   5.1139027e+00
   5.1177911e+00
   5.1216805e+00
   5.1255709e+00
   5.1294624e+00
   5.1333549e+00
   5.1372484e+00
   5.1411429e+00
   5.1450385e+00
   5.1489351e+00
   5.1528328e+00
   5.1567316e+00
   5.1606314e+00
   5.1645323e+00
   5.1684343e+00
   5.1723373e+00
   5.1762415e+00
   5.1801468e+00
   5.1840531e+00
   5.1879606e+00
   5.1918692e+00
   5.1957789e+00
   5.1996898e+00
   5.2036018e+00
   5.2075149e+00
   5.2114292e+00
   5.2153446e+00
   5.2192612e+00
   5.2231789e+00
   5.2270978e+00
   5.2310179e+00
   5.2349392e+00
   5.2388616e+00
   5.2427853e+00
   5.2467101e+00
   5.2506362e+00
   5.2545635e+00
   5.2584920e+00
   5.2624217e+00
   5.2663526e+00
   5.2702848e+00
   5.2742182e+00
   5.2781528e+00
   5.2820887e+00
   5.2860259e+00
   5.2899643e+00
   5.2939040e+00
   5.2978450e+00
   5.3017872e+00
   5.3057307e+00
   5.3096755e+00
   5.3136217e+00
   5.3175691e+00
   5.3215178e+00
   5.3254678e+00
   5.3294192e+00
   5.3333719e+00
   5.3373259e+00
   5.3412812e+00
   5.3452379e+00
   5.3491959e+00
   5.3531553e+00
   5.3571160e+00
   5.3610781e+00
   5.3650416e+00
   5.3690064e+00
   5.3729727e+00
   5.3769403e+00
   5.3809093e+00
   5.3848797e+00
   5.3888515e+00
   5.3928247e+00
   5.3967993e+00
   5.4007753e+00
   5.4047528e+00
   5.4087316e+00
   5.4127120e+00
   5.4166937e+00
   5.4206769e+00
   5.4246616e+00
   5.4286477e+00
   5.4326353e+00
   5.4366243e+00
   5.4406148e+00
   5.4446068e+00
   5.4486003e+00
   5.4525953e+00
   5.4565917e+00
   5.4605897e+00
   5.4645891e+00
   5.4685901e+00
   5.4725926e+00
   5.4765966e+00
   5.4806021e+00
   5.4846092e+00
   5.4886178e+00
   5.4926280e+00
   5.4966397e+00
   5.5006529e+00
   5.5046677e+00
   5.5086841e+00
   5.5127020e+00
   5.5167216e+00
   5.5207427e+00
   5.5247653e+00
   5.5287896e+00
   5.5328155e+00
   5.5368430e+00
   5.5408721e+00
   5.5449028e+00
   5.5489351e+00
   5.5529690e+00
   5.5570046e+00
   5.5610418e+00
   5.5650806e+00
   5.5691211e+00
   5.5731632e+00
   5.5772070e+00
   5.5812525e+00
   5.5852996e+00
   5.5893484e+00
   5.5933989e+00
   5.5974510e+00
   5.6015048e+00
   5.6055604e+00
   5.6096176e+00
   5.6136765e+00
   5.6177372e+00
   5.6217995e+00
   5.6258636e+00
   5.6299294e+00
   5.6339970e+00
   5.6380662e+00
   5.6421373e+00
   5.6462100e+00
   5.6502845e+00
   5.6543608e+00
   5.6584388e+00
   5.6625186e+00
   5.6666002e+00
   5.6706836e+00
   5.6747687e+00
   5.6788556e+00
   5.6829444e+00
   5.6870349e+00
   5.6911272e+00
   5.6952214e+00
   5.6993173e+00
   5.7034151e+00
   5.7075147e+00
   5.7116162e+00
   5.7157195e+00
   5.7198246e+00
   5.7239316e+00
   5.7280404e+00
   5.7321511e+00
   5.7362637e+00
   5.7403781e+00
   5.7444944e+00
   5.7486126e+00
   5.7527327e+00
   5.7568547e+00
   5.7609786e+00
   5.7651043e+00
   5.7692320e+00
   5.7733616e+00
   5.7774932e+00
   5.7816266e+00
   5.7857620e+00
   5.7898993e+00
   5.7940386e+00
   5.7981798e+00
   5.8023230e+00
   5.8064681e+00
   5.8106152e+00
   5.8147643e+00
   5.8189154e+00
   5.8230684e+00
   5.8272234e+00
   5.8313804e+00
   5.8355394e+00
   5.8397004e+00
   5.8438635e+00
   5.8480285e+00
   5.8521956e+00
   5.8563647e+00
   5.8605358e+00
   5.8647090e+00
   5.8688842e+00
   5.8730614e+00
   5.8772407e+00
   5.8814221e+00
   5.8856056e+00
   5.8897911e+00
   5.8939787e+00
   5.8981684e+00
   5.9023602e+00
   5.9065540e+00
   5.9107500e+00
   5.9149481e+00
   5.9191483e+00
   5.9233506e+00
   5.9275550e+00
   5.9317616e+00
   5.9359703e+00
   5.9401812e+00
   5.9443942e+00
   5.9486093e+00
   5.9528266e+00
   5.9570461e+00
   5.9612678e+00
   5.9654916e+00
   5.9697176e+00
   5.9739458e+00
   5.9781762e+00
   5.9824089e+00
   5.9866437e+00
   5.9908807e+00
   5.9951200e+00
   5.9993614e+00
   6.0036051e+00
   6.0078511e+00
   6.0120993e+00
   6.0163497e+00
   6.0206024e+00
   6.0248574e+00
   6.0291146e+00
   6.0333742e+00
   6.0376360e+00
   6.0419000e+00
   6.0461664e+00
   6.0504351e+00
   6.0547061e+00
   6.0589794e+00
   6.0632550e+00
   6.0675329e+00
   6.0718132e+00
   6.0760958e+00
   6.0803808e+00
   6.0846681e+00
   6.0889577e+00
   6.0932498e+00
   6.0975442e+00
   6.1018409e+00
   6.1061401e+00
   6.1104417e+00
   6.1147456e+00
   6.1190519e+00
   6.1233607e+00
   6.1276719e+00
   6.1319855e+00
   6.1363015e+00
   6.1406199e+00
   6.1449408e+00
   6.1492642e+00
   6.1535900e+00
   6.1579182e+00
   6.1622489e+00
   6.1665822e+00
   6.1709178e+00
   6.1752560e+00
   6.1795967e+00
   6.1839398e+00
   6.1882855e+00
   6.1926337e+00
   6.1969844e+00
   6.2013377e+00
   6.2056935e+00
   6.2100518e+00
   6.2144127e+00
   6.2187761e+00
   6.2231421e+00
   6.2275107e+00
   6.2318818e+00
   6.2362555e+00
   6.2406318e+00
   6.2450108e+00
   6.2493923e+00
   6.2537764e+00
   6.2581632e+00
   6.2625526e+00
   6.2669446e+00
   6.2713392e+00
   6.2757366e+00
   6.2801365e+00
   6.2845392e+00
   6.2889445e+00
   6.2933524e+00
   6.2977631e+00
   6.3021765e+00
   6.3065925e+00
   6.3110113e+00
   6.3154327e+00
   6.3198569e+00
   6.3242839e+00
   6.3287135e+00
   6.3331460e+00
   6.3375811e+00
   6.3420191e+00
   6.3464597e+00
   6.3509032e+00
   6.3553495e+00
   6.3597985e+00
   6.3642503e+00
   6.3687050e+00
   6.3731625e+00
   6.3776227e+00
   6.3820858e+00
   6.3865518e+00
   6.3910206e+00
   6.3954922e+00
   6.3999667e+00
   6.4044441e+00
   6.4089244e+00
   6.4134075e+00
   6.4178936e+00
   6.4223825e+00
   6.4268743e+00
   6.4313691e+00
   6.4358668e+00
   6.4403674e+00
   6.4448710e+00
   6.4493775e+00
   6.4538869e+00
   6.4583994e+00
   6.4629148e+00
   6.4674332e+00
   6.4719546e+00
   6.4764789e+00
   6.4810063e+00
   6.4855368e+00
   6.4900702e+00
   6.4946067e+00
   6.4991462e+00
   6.5036887e+00
   6.5082344e+00
   6.5127831e+00
   6.5173348e+00
   6.5218897e+00
   6.5264476e+00
   6.5310087e+00
   6.5355729e+00
   6.5401402e+00
   6.5447106e+00
   6.5492841e+00
   6.5538608e+00
   6.5584407e+00
   6.5630237e+00
   6.5676099e+00
   6.5721993e+00
   6.5767919e+00
   6.5813877e+00
   6.5859867e+00
   6.5905889e+00
   6.5951944e+00
   6.5998031e+00
   6.6044150e+00
   6.6090302e+00
   6.6136486e+00
   6.6182704e+00
   6.6228954e+00
   6.6275237e+00
   6.6321554e+00
   6.6367903e+00
   6.6414286e+00
   6.6460702e+00
   6.6507151e+00
   6.6553634e+00
   6.6600151e+00
   6.6646701e+00
   6.6693285e+00
   6.6739903e+00
   6.6786556e+00
   6.6833242e+00
   6.6879962e+00
   6.6926717e+00
   6.6973507e+00
   6.7020330e+00
   6.7067189e+00
   6.7114082e+00
   6.7161010e+00
   6.7207973e+00
   6.7254971e+00
   6.7302004e+00
   6.7349073e+00
   6.7396176e+00
   6.7443316e+00
   6.7490490e+00
   6.7537701e+00
   6.7584947e+00
   6.7632229e+00
   6.7679547e+00
   6.7726902e+00
   6.7774292e+00
   6.7821719e+00
   6.7869182e+00
   6.7916682e+00
   6.7964218e+00
   6.8011791e+00
   6.8059401e+00
   6.8107048e+00
   6.8154732e+00
   6.8202453e+00
   6.8250211e+00
   6.8298007e+00
   6.8345841e+00
   6.8393712e+00
   6.8441620e+00
   6.8489567e+00
   6.8537552e+00
   6.8585575e+00
   6.8633636e+00
   6.8681735e+00
   6.8729873e+00
   6.8778049e+00
   6.8826264e+00
   6.8874518e+00
   6.8922810e+00
   6.8971142e+00
   6.9019513e+00
   6.9067923e+00
   6.9116373e+00
   6.9164862e+00
   6.9213391e+00
   6.9261959e+00
   6.9310568e+00
   6.9359216e+00
   6.9407904e+00
   6.9456633e+00
   6.9505402e+00
   6.9554212e+00
   6.9603062e+00
   6.9651953e+00
   6.9700885e+00
   6.9749858e+00
   6.9798872e+00
   6.9847927e+00
   6.9897024e+00
   6.9946162e+00
   6.9995342e+00
   7.0044563e+00
   7.0093827e+00
   7.0143132e+00
   7.0192480e+00
   7.0241870e+00
   7.0291302e+00
   7.0340777e+00
   7.0390294e+00
   7.0439855e+00
   7.0489458e+00
   7.0539105e+00
   7.0588794e+00
   7.0638527e+00
   7.0688304e+00
   7.0738124e+00
   7.0787988e+00
   7.0837896e+00
   7.0887848e+00
   7.0937844e+00
   7.0987884e+00
   7.1037969e+00
   7.1088099e+00
   7.1138273e+00
   7.1188492e+00
   7.1238756e+00
   7.1289066e+00
   7.1339420e+00
   7.1389820e+00
   7.1440266e+00
   7.1490758e+00
   7.1541295e+00
   7.1591879e+00
   7.1642508e+00
   7.1693184e+00
   7.1743907e+00
   7.1794676e+00
   7.1845492e+00
   7.1896354e+00
   7.1947264e+00
   7.1998221e+00
   7.2049226e+00
   7.2100278e+00
   7.2151378e+00
   7.2202526e+00
   7.2253721e+00
   7.2304965e+00
   7.2356257e+00
   7.2407598e+00
   7.2458987e+00
   7.2510425e+00
   7.2561912e+00
   7.2613448e+00
   7.2665033e+00
   7.2716667e+00
   7.2768352e+00
   7.2820086e+00
   7.2871869e+00
   7.2923703e+00
   7.2975587e+00
   7.3027522e+00
   7.3079507e+00
   7.3131543e+00
   7.3183629e+00
   7.3235767e+00
   7.3287956e+00
   7.3340196e+00
   7.3392488e+00
   7.3444832e+00
   7.3497227e+00
   7.3549674e+00
   7.3602174e+00
   7.3654726e+00
   7.3707331e+00
   7.3759988e+00
   7.3812698e+00
   7.3865462e+00
   7.3918278e+00
   7.3971148e+00
   7.4024072e+00
   7.4077049e+00
   7.4130081e+00
   7.4183166e+00
   7.4236306e+00
   7.4289500e+00
   7.4342749e+00
   7.4396053e+00
   7.4449412e+00
   7.4502826e+00
   7.4556295e+00
   7.4609820e+00
   7.4663401e+00
   7.4717038e+00
   7.4770731e+00
   7.4824480e+00
   7.4878285e+00
   7.4932148e+00
   7.4986067e+00
   7.5040043e+00
   7.5094077e+00
   7.5148168e+00
   7.5202316e+00
   7.5256523e+00
   7.5310787e+00
   7.5365110e+00
   7.5419491e+00
   7.5473931e+00
   7.5528429e+00
   7.5582987e+00
   7.5637603e+00
   7.5692279e+00
   7.5747015e+00
   7.5801810e+00
   7.5856665e+00
   7.5911581e+00
   7.5966557e+00
   7.6021593e+00
   7.6076690e+00
   7.6131848e+00
   7.6187068e+00
   7.6242348e+00
   7.6297691e+00
   7.6353095e+00
   7.6408561e+00
   7.6464089e+00
   7.6519680e+00
   7.6575333e+00
   7.6631049e+00
   7.6686829e+00
   7.6742671e+00
   7.6798577e+00
   7.6854546e+00
   7.6910580e+00
   7.6966677e+00
   7.7022839e+00
   7.7079066e+00
   7.7135357e+00
   7.7191713e+00
   7.7248134e+00
   7.7304621e+00
   7.7361173e+00
   7.7417791e+00
   7.7474475e+00
   7.7531226e+00
   7.7588042e+00
   7.7644926e+00
   7.7701877e+00
   7.7758894e+00
   7.7815979e+00
   7.7873132e+00
   7.7930352e+00
   7.7987641e+00
   7.8044998e+00
   7.8102423e+00
   7.8159917e+00
   7.8217480e+00
   7.8275112e+00
   7.8332814e+00
   7.8390585e+00
   7.8448427e+00
   7.8506338e+00
   7.8564320e+00
   7.8622372e+00
   7.8680495e+00
   7.8738689e+00
   7.8796955e+00
   7.8855292e+00
   7.8913700e+00
   7.8972181e+00
   7.9030734e+00
   7.9089360e+00
   7.9148058e+00
   7.9206829e+00
   7.9265674e+00
   7.9324592e+00
   7.9383583e+00
   7.9442649e+00
   7.9501788e+00
   7.9561003e+00
   7.9620291e+00
   7.9679655e+00
   7.9739094e+00
   7.9798608e+00
   7.9858198e+00
   7.9917864e+00
   7.9977606e+00
   8.0037425e+00
   8.0097320e+00
   8.0157292e+00
   8.0217342e+00
   8.0277468e+00
   8.0337673e+00
   8.0397955e+00
   8.0458316e+00
   8.0518755e+00
   8.0579273e+00
   8.0639869e+00
   8.0700545e+00
   8.0761301e+00
   8.0822136e+00
   8.0883051e+00
   8.0944046e+00
   8.1005122e+00
   8.1066279e+00
   8.1127517e+00
   8.1188836e+00
   8.1250236e+00
   8.1311719e+00
   8.1373284e+00
   8.1434931e+00
   8.1496660e+00
   8.1558473e+00
   8.1620368e+00
   8.1682347e+00
   8.1744410e+00
   8.1806557e+00
   8.1868788e+00
   8.1931104e+00
   8.1993504e+00
   8.2055989e+00
   8.2118560e+00
   8.2181217e+00
   8.2243959e+00
   8.2306787e+00
   8.2369702e+00
   8.2432703e+00
   8.2495792e+00
   8.2558967e+00
   8.2622231e+00
   8.2685582e+00
   8.2749021e+00
   8.2812548e+00
   8.2876164e+00
   8.2939869e+00
   8.3003663e+00
   8.3067547e+00
   8.3131520e+00
   8.3195583e+00
   8.3259737e+00
   8.3323981e+00
   8.3388316e+00
   8.3452743e+00
   8.3517260e+00
   8.3581870e+00
   8.3646571e+00
   8.3711365e+00
   8.3776251e+00
   8.3841230e+00
   8.3906302e+00
   8.3971467e+00
   8.4036726e+00
   8.4102080e+00
   8.4167527e+00
   8.4233069e+00
   8.4298706e+00
   8.4364438e+00
   8.4430265e+00
   8.4496188e+00
   8.4562207e+00
   8.4628322e+00
   8.4694534e+00
   8.4760842e+00
   8.4827248e+00
   8.4893751e+00
   8.4960351e+00
   8.5027050e+00
   8.5093847e+00
   8.5160742e+00
   8.5227737e+00
   8.5294830e+00
   8.5362023e+00
   8.5429315e+00
   8.5496708e+00
   8.5564200e+00
   8.5631793e+00
   8.5699487e+00
   8.5767283e+00
   8.5835179e+00
   8.5903177e+00
   8.5971278e+00
   8.6039480e+00
   8.6107785e+00
   8.6176193e+00
   8.6244704e+00
   8.6313318e+00
   8.6382036e+00
   8.6450858e+00
   8.6519785e+00
   8.6588815e+00
   8.6657951e+00
   8.6727192e+00
   8.6796538e+00
   8.6865989e+00
   8.6935547e+00
   8.7005211e+00
   8.7074982e+00
   8.7144859e+00
   8.7214843e+00
   8.7284935e+00
   8.7355134e+00
   8.7425441e+00
   8.7495856e+00
   8.7566380e+00
   8.7637013e+00
   8.7707754e+00
   8.7778605e+00
   8.7849566e+00
   8.7920636e+00
   8.7991816e+00
   8.8063107e+00
   8.8134508e+00
   8.8206021e+00
   8.8277644e+00
   8.8349379e+00
   8.8421226e+00
   8.8493184e+00
   8.8565255e+00
   8.8637439e+00
   8.8709735e+00
   8.8782144e+00
   8.8854667e+00
   8.8927303e+00
   8.9000053e+00
   8.9072917e+00
   8.9145895e+00
   8.9218988e+00
   8.9292196e+00
   8.9365519e+00
   8.9438957e+00
   8.9512511e+00
   8.9586180e+00
   8.9659966e+00
   8.9733868e+00
   8.9807887e+00
   8.9882022e+00
   8.9956275e+00
   9.0030645e+00
   9.0105132e+00
   9.0179737e+00
   9.0254461e+00
   9.0329302e+00
   9.0404262e+00
   9.0479341e+00
   9.0554538e+00
   9.0629855e+00
   9.0705291e+00
   9.0780846e+00
   9.0856522e+00
   9.0932317e+00
   9.1008233e+00
   9.1084269e+00
   9.1160426e+00
   9.1236703e+00
   9.1313102e+00
   9.1389622e+00
   9.1466263e+00
   9.1543026e+00
   9.1619911e+00
   9.1696918e+00
   9.1774048e+00
   9.1851299e+00
   9.1928674e+00
   9.2006171e+00
   9.2083791e+00
   9.2161534e+00
   9.2239400e+00
   9.2317390e+00
   9.2395504e+00
   9.2473741e+00
   9.2552103e+00
   9.2630588e+00
   9.2709198e+00
   9.2787933e+00
   9.2866791e+00
   9.2945775e+00
   9.3024884e+00
   9.3104117e+00
   9.3183476e+00
   9.3262960e+00
   9.3342569e+00
   9.3422304e+00
   9.3502164e+00
   9.3582151e+00
   9.3662263e+00
   9.3742501e+00
   9.3822865e+00
   9.3903356e+00
   9.3983972e+00
   9.4064715e+00
   9.4145585e+00
   9.4226581e+00
   9.4307704e+00
   9.4388953e+00
   9.4470329e+00
   9.4551832e+00
   9.4633462e+00
   9.4715219e+00
   9.4797103e+00
   9.4879114e+00
   9.4961252e+00
   9.5043518e+00
   9.5125910e+00
   9.5208430e+00
   9.5291076e+00
   9.5373851e+00
   9.5456752e+00
   9.5539781e+00
   9.5622937e+00
   9.5706220e+00
   9.5789630e+00
   9.5873168e+00
   9.5956833e+00
   9.6040625e+00
   9.6124545e+00
   9.6208591e+00
   9.6292765e+00
   9.6377065e+00
   9.6461493e+00
   9.6546048e+00
   9.6630729e+00
   9.6715538e+00
   9.6800473e+00
   9.6885535e+00
   9.6970723e+00
   9.7056038e+00
   9.7141479e+00
   9.7227047e+00
   9.7312741e+00
   9.7398560e+00
   9.7484506e+00
   9.7570578e+00
   9.7656775e+00
   9.7743097e+00
   9.7829545e+00
   9.7916119e+00
   9.8002817e+00
   9.8089640e+00
   9.8176588e+00
   9.8263660e+00
   9.8350857e+00
   9.8438177e+00
   9.8525622e+00
   9.8613190e+00
   9.8700882e+00
   9.8788697e+00
   9.8876635e+00
   9.8964695e+00
   9.9052879e+00
   9.9141184e+00
   9.9229611e+00
   9.9318160e+00
   9.9406831e+00
   9.9495622e+00
   9.9584535e+00
   9.9673568e+00
   9.9762721e+00
   9.9851994e+00
   9.9941386e+00
   1.0003090e+01
   1.0012053e+01
   1.0021028e+01
   1.0030015e+01
   1.0039013e+01
   1.0048023e+01
   1.0057045e+01
   1.0066079e+01
   1.0075124e+01
   1.0084181e+01
   1.0093249e+01
   1.0102329e+01
   1.0111420e+01
   1.0120523e+01
   1.0129637e+01
   1.0138763e+01
   1.0147899e+01
   1.0157047e+01
   1.0166206e+01
   1.0175377e+01
   1.0184558e+01
   1.0193750e+01
   1.0202954e+01
   1.0212168e+01
   1.0221393e+01
   1.0230629e+01
   1.0239876e+01
   1.0249133e+01
   1.0258401e+01
   1.0267680e+01
   1.0276969e+01
   1.0286268e+01
   1.0295578e+01
   1.0304899e+01
   1.0314229e+01
   1.0323570e+01
   1.0332921e+01
   1.0342283e+01
   1.0351654e+01
   1.0361035e+01
   1.0370426e+01
   1.0379827e+01
   1.0389238e+01
   1.0398658e+01
   1.0408088e+01
   1.0417527e+01
   1.0426976e+01
   1.0436435e+01
   1.0445903e+01
   1.0455380e+01
   1.0464866e+01
   1.0474361e+01
   1.0483866e+01
   1.0493379e+01
   1.0502901e+01
   1.0512432e+01
   1.0521972e+01
   1.0531521e+01
   1.0541078e+01
   1.0550643e+01
   1.0560217e+01
   1.0569799e+01
   1.0579390e+01
   1.0588988e+01
   1.0598595e+01
   1.0608210e+01
   1.0617832e+01
   1.0627463e+01
   1.0637101e+01
   1.0646747e+01
   1.0656400e+01
   1.0666061e+01
   1.0675729e+01
   1.0685404e+01
   1.0695087e+01
   1.0704777e+01
   1.0714474e+01
   1.0724177e+01
   1.0733888e+01
   1.0743605e+01
   1.0753329e+01
   1.0763059e+01
   1.0772796e+01
   1.0782539e+01
   1.0792289e+01
   1.0802045e+01
   1.0811806e+01
   1.0821574e+01
   1.0831348e+01
   1.0841127e+01
   1.0850912e+01
   1.0860703e+01
   1.0870499e+01
   1.0880300e+01
   1.0890107e+01
   1.0899919e+01
   1.0909736e+01
   1.0919558e+01
   1.0929385e+01
   1.0939217e+01
   1.0949053e+01
   1.0958894e+01
   1.0968740e+01
   1.0978590e+01
   1.0988444e+01
   1.0998302e+01
   1.1008165e+01
   1.1018031e+01
   1.1027902e+01
   1.1037776e+01
   1.1047653e+01
   1.1057535e+01
   1.1067420e+01
   1.1077308e+01
   1.1087199e+01
   1.1097094e+01
   1.1106992e+01
   1.1116892e+01
   1.1126796e+01
   1.1136702e+01
   1.1146611e+01
   1.1156522e+01
   1.1166436e+01
   1.1176352e+01
   1.1186271e+01
   1.1196191e+01
   1.1206114e+01
   1.1216039e+01
   1.1225965e+01
   1.1235893e+01
   1.1245823e+01
   1.1255754e+01
   1.1265687e+01
   1.1275621e+01
   1.1285556e+01
   1.1295493e+01
   1.1305430e+01
   1.1315369e+01
   1.1325308e+01
   1.1335248e+01
   1.1345188e+01
   1.1355129e+01
   1.1365071e+01
   1.1375012e+01
   1.1384954e+01
   1.1394896e+01
   1.1404838e+01
   1.1414780e+01
   1.1424722e+01
   1.1434663e+01
   1.1444604e+01
   1.1454545e+01
   1.1464485e+01
   1.1474424e+01
   1.1484363e+01
   1.1494300e+01
   1.1504237e+01
   1.1514172e+01
   1.1524106e+01
   1.1534039e+01
   1.1543971e+01
   1.1553901e+01
   1.1563829e+01
   1.1573756e+01
   1.1583680e+01
   1.1593603e+01
   1.1603524e+01
   1.1613443e+01
   1.1623359e+01
   1.1633273e+01
   1.1643185e+01
   1.1653094e+01
   1.1663000e+01
   1.1672904e+01
   1.1682805e+01
   1.1692702e+01
   1.1702597e+01
   1.1712489e+01
   1.1722377e+01
   1.1732261e+01
   1.1742143e+01
   1.1752020e+01
   1.1761894e+01
   1.1771764e+01
   1.1781630e+01
   1.1791491e+01
   1.1801349e+01
   1.1811202e+01
   1.1821051e+01
   1.1830895e+01
   1.1840734e+01
   1.1850569e+01
   1.1860398e+01
   1.1870223e+01
   1.1880042e+01
   1.1889856e+01
   1.1899664e+01
   1.1909467e+01
   1.1919264e+01
   1.1929056e+01
   1.1938841e+01
   1.1948620e+01
   1.1958392e+01
   1.1968158e+01
   1.1977918e+01
   1.1987671e+01
   1.1997417e+01
   1.2007156e+01
   1.2016887e+01
   1.2026612e+01
   1.2036328e+01
   1.2046038e+01
   1.2055739e+01
   1.2065432e+01
   1.2075117e+01
   1.2084793e+01
   1.2094462e+01
   1.2104121e+01
   1.2113771e+01
   1.2123413e+01
   1.2133045e+01
   1.2142667e+01
   1.2152280e+01
   1.2161883e+01
   1.2171476e+01
   1.2181059e+01
   1.2190631e+01
   1.2200192e+01
   1.2209743e+01
   1.2219282e+01
   1.2228810e+01
   1.2238327e+01
   1.2247832e+01
   1.2257324e+01
   1.2266805e+01
   1.2276273e+01
   1.2285728e+01
   1.2295170e+01
   1.2304599e+01
   1.2314014e+01
   1.2323415e+01
   1.2332803e+01
   1.2342176e+01
   1.2351534e+01
   1.2360878e+01
   1.2370207e+01
   1.2379520e+01
   1.2388817e+01
   1.2398098e+01
   1.2407363e+01
   1.2416611e+01
   1.2425842e+01
   1.2435056e+01
   1.2444253e+01
   1.2453431e+01
   1.2462592e+01
   1.2471733e+01
   1.2480856e+01
   1.2489959e+01
   1.2499043e+01
   1.2508107e+01
   1.2517150e+01
   1.2526173e+01
   1.2535175e+01
   1.2544155e+01
   1.2553114e+01
   1.2562050e+01
   1.2570964e+01
   1.2579854e+01
   1.2588722e+01
   1.2597565e+01
   1.2606384e+01
   1.2615179e+01
   1.2623949e+01
   1.2632693e+01
   1.2641411e+01
   1.2650103e+01
   1.2658768e+01
   1.2667406e+01
   1.2676016e+01
   1.2684598e+01
   1.2693152e+01
   1.2701676e+01
   1.2710171e+01
   1.2718636e+01
   1.2727070e+01
   1.2735474e+01
   1.2743846e+01
   1.2752186e+01
   1.2760493e+01
   1.2768767e+01
   1.2777008e+01
   1.2785215e+01
   1.2793388e+01
   1.2801525e+01
   1.2809627e+01
   1.2817692e+01
   1.2825721e+01
   1.2833712e+01
   1.2841666e+01
   1.2849581e+01
   1.2857458e+01
   1.2865294e+01
   1.2873091e+01
   1.2880847e+01
   1.2888562e+01
   1.2896235e+01
   1.2903865e+01
   1.2911453e+01
   1.2918996e+01
   1.2926496e+01
   1.2933950e+01
   1.2941359e+01
   1.2948721e+01
   1.2956037e+01
   1.2963306e+01
   1.2970526e+01
   1.2977698e+01
   1.2984820e+01
   1.2991892e+01
   1.2998913e+01
   1.3005883e+01
   1.3012801e+01
   1.3019666e+01
   1.3026477e+01
   1.3033234e+01
   1.3039937e+01
   1.3046584e+01
   1.3053174e+01
   1.3059708e+01
   1.3066184e+01
   1.3072601e+01
   1.3078959e+01
   1.3085257e+01
   1.3091495e+01
   1.3097671e+01
   1.3103785e+01
   1.3109836e+01
   1.3115823e+01
   1.3121746e+01
   1.3127603e+01
   1.3133394e+01
   1.3139119e+01
   1.3144776e+01
   1.3150364e+01
   1.3155883e+01
   1.3161332e+01
   1.3166710e+01
   1.3172016e+01
   1.3177250e+01
   1.3182411e+01
   1.3187497e+01
   1.3192508e+01
   1.3197443e+01
   1.3202301e+01
   1.3207081e+01
   1.3211783e+01
   1.3216406e+01
   1.3220948e+01
   1.3225408e+01
   1.3229787e+01
   1.3234082e+01
   1.3238294e+01
   1.3242421e+01
   1.3246461e+01
   1.3250415e+01
   1.3254281e+01
   1.3258059e+01
   1.3261747e+01
   1.3265344e+01
   1.3268849e+01
   1.3272262e+01
   1.3275582e+01
   1.3278806e+01
   1.3281936e+01
   1.3284968e+01
   1.3287903e+01
   1.3290740e+01
   1.3293476e+01
   1.3296112e+01
   1.3298646e+01
   1.3301077e+01
   1.3303405e+01
   1.3305627e+01
   1.3307743e+01
   1.3309752e+01
   1.3311653e+01
   1.3313444e+01
   1.3315125e+01
   1.3316694e+01
   1.3318150e+01
   1.3319492e+01
   1.3320719e+01
   1.3321830e+01
   1.3322824e+01
   1.3323699e+01
   1.3324454e+01
   1.3325088e+01
   1.3325599e+01
   1.3325987e+01
   1.3326251e+01
   1.3326389e+01
   1.3326399e+01
   1.3326281e+01
   1.3326033e+01
   1.3325654e+01
   1.3325143e+01
   1.3324498e+01
   1.3323718e+01
   1.3322802e+01
   1.3321749e+01
   1.3320556e+01
   1.3319224e+01
   1.3317749e+01
   1.3316132e+01
   1.3314370e+01
   1.3312462e+01
   1.3310407e+01
   1.3308204e+01
   1.3305850e+01
   1.3303345e+01
   1.3300687e+01
   1.3297874e+01
   1.3294906e+01
   1.3291780e+01
   1.3288495e+01
   1.3285050e+01
   1.3281443e+01
   1.3277672e+01
   1.3273737e+01
   1.3269635e+01
   1.3265365e+01
   1.3260925e+01
   1.3256314e+01
   1.3251530e+01
   1.3246572e+01
   1.3241438e+01
   1.3236125e+01
   1.3230634e+01
   1.3224962e+01
   1.3219106e+01
   1.3213067e+01
   1.3206841e+01
   1.3200428e+01
   1.3193825e+01
   1.3187031e+01
   1.3180045e+01
   1.3172863e+01
   1.3165486e+01
   1.3157910e+01
   1.3150134e+01
   1.3142157e+01
   1.3133976e+01
   1.3125589e+01
   1.3116996e+01
   1.3108194e+01
   1.3099181e+01
   1.3089956e+01
   1.3080516e+01
   1.3070860e+01
   1.3060985e+01
   1.3050891e+01
   1.3040575e+01
   1.3030035e+01
   1.3019270e+01
   1.3008277e+01
   1.2997054e+01
   1.2985600e+01
   1.2973913e+01
   1.2961991e+01
   1.2949831e+01
   1.2937433e+01
   1.2924793e+01
   1.2911911e+01
   1.2898783e+01
   1.2885409e+01
   1.2871786e+01
   1.2857912e+01
   1.2843785e+01
   1.2829404e+01
   1.2814766e+01
   1.2799870e+01
   1.2784713e+01
   1.2769293e+01
   1.2753609e+01
   1.2737659e+01
   1.2721440e+01
   1.2704951e+01
   1.2688190e+01
   1.2671155e+01
   1.2653843e+01
   1.2636254e+01
   1.2618385e+01
   1.2600233e+01
   1.2581799e+01
   1.2563078e+01
   1.2544070e+01
   1.2524773e+01
   1.2505185e+01
   1.2485303e+01
   1.2465127e+01
   1.2444654e+01
   1.2423883e+01
   1.2402812e+01
   1.2381439e+01
   1.2359762e+01
   1.2337780e+01
   1.2315491e+01
   1.2292893e+01
   1.2269985e+01
   1.2246765e+01
   1.2223232e+01
   1.2199384e+01
   1.2175219e+01
   1.2150737e+01
   1.2125935e+01
   1.2100812e+01
   1.2075367e+01
   1.2049599e+01
   1.2023505e+01
   1.1997086e+01
   1.1970340e+01
   1.1943265e+01
   1.1915861e+01
   1.1888126e+01
   1.1860059e+01
   1.1831660e+01
   1.1802928e+01
   1.1773861e+01
   1.1744459e+01
   1.1714721e+01
   1.1684646e+01
   1.1654235e+01
   1.1623485e+01
   1.1592397e+01
   1.1560971e+01
   1.1529205e+01
   1.1497100e+01
   1.1464655e+01
   1.1431871e+01
   1.1398746e+01
   1.1365282e+01
   1.1331478e+01
   1.1297334e+01
   1.1262851e+01
   1.1228028e+01
   1.1192867e+01
   1.1157368e+01
   1.1121530e+01
   1.1085356e+01
   1.1048845e+01
   1.1011999e+01
   1.0974818e+01
   1.0937304e+01
   1.0899457e+01
   1.0861279e+01
   1.0822771e+01
   1.0783935e+01
   1.0744771e+01
   1.0705282e+01
   1.0665470e+01
   1.0625335e+01
   1.0584880e+01
   1.0544108e+01
   1.0503019e+01
   1.0461617e+01
   1.0419904e+01
   1.0377882e+01
   1.0335553e+01
   1.0292921e+01
   1.0249988e+01
   1.0206758e+01
   1.0163232e+01
   1.0119414e+01
   1.0075308e+01
   1.0030916e+01
   9.9862429e+00
   9.9412913e+00
   9.8960650e+00
   9.8505678e+00
   9.8048038e+00
   9.7587767e+00
   9.7124909e+00
   9.6659504e+00
   9.6191596e+00
   9.5721230e+00
   9.5248451e+00
   9.4773306e+00
   9.4295843e+00
   9.3816109e+00
   9.3334155e+00
   9.2850033e+00
   9.2363792e+00
   9.1875487e+00
   9.1385172e+00
   9.0892901e+00
   9.0398730e+00
   8.9902716e+00
   8.9404916e+00
   8.8905391e+00
   8.8404198e+00
   8.7901399e+00
   8.7397055e+00
   8.6891228e+00
   8.6383982e+00
   8.5875381e+00
   8.5365488e+00
   8.4854370e+00
   8.4342093e+00
   8.3828724e+00
   8.3314330e+00
   8.2798980e+00
   8.2282743e+00
   8.1765689e+00
   8.1247886e+00
   8.0729407e+00
   8.0210323e+00
   7.9690705e+00
   7.9170625e+00
   7.8650157e+00
   7.8129372e+00
   7.7608345e+00
   7.7087149e+00
   7.6565858e+00
   7.6044546e+00
   7.5523288e+00
   7.5002159e+00
   7.4481232e+00
   7.3960583e+00
   7.3440288e+00
   7.2920419e+00
   7.2401054e+00
   7.1882265e+00
   7.1364129e+00
   7.0846719e+00
   7.0330110e+00
   6.9814376e+00
   6.9299590e+00
   6.8785827e+00
   6.8273158e+00
   6.7761658e+00
   6.7251397e+00
   6.6742448e+00
   6.6234882e+00
   6.5728769e+00
   6.5224180e+00
   6.4721183e+00
   6.4219847e+00
   6.3720239e+00
   6.3222427e+00
   6.2726476e+00
   6.2232453e+00
   6.1740420e+00
   6.1250441e+00
   6.0762579e+00
   6.0276894e+00
   5.9793447e+00
   5.9312297e+00
   5.8833501e+00
   5.8357116e+00
   5.7883198e+00
   5.7411800e+00
   5.6942976e+00
   5.6476777e+00
   5.6013253e+00
   5.5552454e+00
   5.5094426e+00
   5.4639216e+00
   5.4186868e+00
   5.3737425e+00
   5.3290930e+00
   5.2847422e+00
   5.2406940e+00
   5.1969521e+00
   5.1535201e+00
   5.1104014e+00
   5.0675993e+00
   5.0251169e+00
   4.9829571e+00
   4.9411228e+00
   4.8996165e+00
   4.8584407e+00
   4.8175978e+00
   4.7770900e+00
   4.7369193e+00
   4.6970875e+00
   4.6575963e+00
   4.6184474e+00
   4.5796422e+00
   4.5411819e+00
   4.5030676e+00
   4.4653003e+00
   4.4278808e+00
   4.3908099e+00
   4.3540880e+00
   4.3177156e+00
   4.2816930e+00
   4.2460203e+00
   4.2106974e+00
   4.1757243e+00
   4.1411008e+00
   4.1068264e+00
   4.0729006e+00
   4.0393229e+00
   4.0060925e+00
   3.9732086e+00
   3.9406702e+00
   3.9084762e+00
   3.8766256e+00
   3.8451170e+00
   3.8139491e+00
   3.7831204e+00
   3.7526293e+00
   3.7224743e+00
   3.6926536e+00
   3.6631654e+00
   3.6340078e+00
   3.6051789e+00
   3.5766766e+00
   3.5484988e+00
   3.5206434e+00
   3.4931080e+00
   3.4658905e+00
   3.4389884e+00
   3.4123994e+00
   3.3861209e+00
   3.3601505e+00
   3.3344856e+00
   3.3091235e+00
   3.2840618e+00
   3.2592976e+00
   3.2348282e+00
   3.2106509e+00
   3.1867629e+00
   3.1631615e+00
   3.1398436e+00
   3.1168066e+00
   3.0940475e+00
   3.0715634e+00
   3.0493513e+00
   3.0274084e+00
   3.0057317e+00
   2.9843183e+00
   2.9631651e+00
   2.9422693e+00
   2.9216278e+00
   2.9012376e+00
   2.8810958e+00
   2.8611994e+00
   2.8415454e+00
   2.8221308e+00
   2.8029527e+00
   2.7840081e+00
   2.7652940e+00
   2.7468075e+00
   2.7285457e+00
   2.7105056e+00
   2.6926843e+00
   2.6750790e+00
   2.6576866e+00
   2.6405045e+00
   2.6235296e+00
   2.6067592e+00
   2.5901905e+00
   2.5738207e+00
   2.5576470e+00
   2.5416666e+00
   2.5258768e+00
   2.5102750e+00
   2.4948583e+00
   2.4796242e+00
   2.4645700e+00
   2.4496931e+00
   2.4349909e+00
   2.4204609e+00
   2.4061005e+00
   2.3919071e+00
   2.3778784e+00
   2.3640118e+00
   2.3503050e+00
   2.3367554e+00
   2.3233608e+00
   2.3101188e+00
   2.2970270e+00
   2.2840833e+00
   2.2712852e+00
   2.2586306e+00
   2.2461172e+00
   2.2337430e+00
   2.2215056e+00
   2.2094031e+00
   2.1974333e+00
   2.1855941e+00
   2.1738835e+00
   2.1622995e+00
   2.1508400e+00
   2.1395033e+00
   2.1282872e+00
   2.1171900e+00
   2.1062097e+00
   2.0953445e+00
   2.0845926e+00
   2.0739521e+00
   2.0634214e+00
   2.0529987e+00
   2.0426822e+00
   2.0324703e+00
   2.0223614e+00
   2.0123537e+00
   2.0024457e+00
   1.9926358e+00
   1.9829225e+00
   1.9733042e+00
   1.9637793e+00
   1.9543465e+00
   1.9450043e+00
   1.9357511e+00
   1.9265857e+00
   1.9175066e+00
   1.9085125e+00
   1.8996020e+00
   1.8907737e+00
   1.8820265e+00
   1.8733589e+00
   1.8647699e+00
   1.8562580e+00
   1.8478222e+00
   1.8394612e+00
   1.8311738e+00
   1.8229590e+00
   1.8148155e+00
   1.8067423e+00
   1.7987382e+00
   1.7908023e+00
   1.7829334e+00
   1.7751304e+00
   1.7673925e+00
   1.7597186e+00
   1.7521077e+00
   1.7445588e+00
   1.7370710e+00
   1.7296434e+00
   1.7222751e+00
   1.7149651e+00
   1.7077125e+00
   1.7005167e+00
   1.6933765e+00
   1.6862913e+00
   1.6792603e+00
   1.6722825e+00
   1.6653572e+00
   1.6584838e+00
   1.6516612e+00
   1.6448890e+00
   1.6381662e+00
   1.6314923e+00
   1.6248664e+00
   1.6182879e+00
   1.6117562e+00
   1.6052704e+00
   1.5988301e+00
   1.5924345e+00
   1.5860831e+00
   1.5797751e+00
   1.5735100e+00
   1.5672872e+00
   1.5611061e+00
   1.5549661e+00
   1.5488668e+00
   1.5428074e+00
   1.5367874e+00
   1.5308065e+00
   1.5248639e+00
   1.5189592e+00
   1.5130919e+00
   1.5072615e+00
   1.5014675e+00
   1.4957095e+00
   1.4899869e+00
   1.4842993e+00
   1.4786463e+00
   1.4730274e+00
   1.4674422e+00
   1.4618902e+00
   1.4563710e+00
   1.4508843e+00
   1.4454296e+00
   1.4400065e+00
   1.4346147e+00
   1.4292537e+00
   1.4239232e+00
   1.4186227e+00
   1.4133521e+00
   1.4081108e+00
   1.4028986e+00
   1.3977151e+00
   1.3925600e+00
   1.3874329e+00
   1.3823335e+00
   1.3772616e+00
   1.3722167e+00
   1.3671986e+00
   1.3622070e+00
   1.3572416e+00
   1.3523021e+00
   1.3473883e+00
   1.3424997e+00
   1.3376362e+00
   1.3327976e+00
   1.3279834e+00
   1.3231935e+00
   1.3184277e+00
   1.3136856e+00
   1.3089670e+00
   1.3042717e+00
   1.2995995e+00
   1.2949500e+00
   1.2903232e+00
   1.2857186e+00
   1.2811363e+00
   1.2765758e+00
   1.2720370e+00
   1.2675198e+00
   1.2630238e+00
   1.2585489e+00
   1.2540948e+00
   1.2496615e+00
   1.2452487e+00
   1.2408561e+00
   1.2364837e+00
   1.2321312e+00
   1.2277985e+00
   1.2234854e+00
   1.2191916e+00
   1.2149171e+00
   1.2106617e+00
   1.2064251e+00
   1.2022073e+00
   1.1980081e+00
   1.1938273e+00
   1.1896648e+00
   1.1855204e+00
   1.1813939e+00
   1.1772853e+00
   1.1731943e+00
   1.1691208e+00
   1.1650648e+00
   1.1610260e+00
   1.1570043e+00
   1.1529996e+00
   1.1490117e+00
   1.1450406e+00
   1.1410861e+00
   1.1371480e+00
   1.1332262e+00
   1.1293207e+00
   1.1254313e+00
   1.1215579e+00
   1.1177003e+00
   1.1138584e+00
   1.1100323e+00
   1.1062216e+00
   1.1024263e+00
   1.0986464e+00
   1.0948816e+00
   1.0911320e+00
   1.0873973e+00
   1.0836776e+00
   1.0799726e+00
   1.0762823e+00
   1.0726066e+00
   1.0689454e+00
   1.0652986e+00
   1.0616661e+00
   1.0580478e+00
   1.0544437e+00
   1.0508535e+00
   1.0472774e+00
   1.0437150e+00
   1.0401665e+00
   1.0366316e+00
   1.0331104e+00
   1.0296026e+00
   1.0261083e+00
   1.0226273e+00
   1.0191597e+00
   1.0157052e+00
   1.0122638e+00
   1.0088355e+00
   1.0054201e+00
   1.0020177e+00
   9.9862804e-01
   9.9525113e-01
   9.9188690e-01
   9.8853527e-01
   9.8519617e-01
   9.8186954e-01
   9.7855529e-01
   9.7525336e-01
   9.7196370e-01
   9.6868622e-01
   9.6542087e-01
   9.6216758e-01
   9.5892628e-01
   9.5569691e-01
   9.5247941e-01
   9.4927372e-01
   9.4607978e-01
   9.4289752e-01
   9.3972689e-01
   9.3656782e-01
   9.3342025e-01
   9.3028414e-01
   9.2715942e-01
   9.2404603e-01
   9.2094391e-01
   9.1785302e-01
   9.1477330e-01
   9.1170469e-01
   9.0864714e-01
   9.0560059e-01
   9.0256499e-01
   8.9954029e-01
   8.9652643e-01
   8.9352338e-01
   8.9053106e-01
   8.8754944e-01
   8.8457847e-01
   8.8161808e-01
   8.7866825e-01
   8.7572890e-01
   8.7280001e-01
   8.6988152e-01
   8.6697337e-01
   8.6407554e-01
   8.6118796e-01
   8.5831060e-01
   8.5544340e-01
   8.5258633e-01
   8.4973933e-01
   8.4690237e-01
   8.4407539e-01
   8.4125836e-01
   8.3845123e-01
   8.3565395e-01
   8.3286650e-01
   8.3008881e-01
   8.2732085e-01
   8.2456259e-01
   8.2181397e-01
   8.1907496e-01
   8.1634551e-01
   8.1362559e-01
   8.1091515e-01
   8.0821416e-01
   8.0552257e-01
   8.0284035e-01
   8.0016745e-01
   7.9750385e-01
   7.9484949e-01
   7.9220435e-01
   7.8956838e-01
   7.8694155e-01
   7.8432382e-01
   7.8171515e-01
   7.7911550e-01
   7.7652485e-01
   7.7394315e-01
   7.7137036e-01
   7.6880645e-01
   7.6625139e-01
   7.6370514e-01
   7.6116767e-01
   7.5863893e-01
   7.5611890e-01
   7.5360754e-01
   7.5110482e-01
   7.4861070e-01
   7.4612515e-01
   7.4364814e-01
   7.4117962e-01
   7.3871958e-01
   7.3626797e-01
   7.3382477e-01
   7.3138993e-01
   7.2896344e-01
   7.2654525e-01
   7.2413534e-01
   7.2173367e-01
   7.1934021e-01
   7.1695493e-01
   7.1457779e-01
   7.1220878e-01
   7.0984785e-01
   7.0749498e-01
   7.0515013e-01
   7.0281328e-01
   7.0048440e-01
   6.9816345e-01
   6.9585040e-01
   6.9354523e-01
   6.9124791e-01
   6.8895840e-01
   6.8667668e-01
   6.8440272e-01
   6.8213648e-01
   6.7987795e-01
   6.7762709e-01
   6.7538388e-01
   6.7314828e-01
   6.7092026e-01
   6.6869981e-01
   6.6648689e-01
   6.6428147e-01
   6.6208353e-01
   6.5989304e-01
   6.5770996e-01
   6.5553429e-01
   6.5336598e-01
   6.5120501e-01
   6.4905135e-01
   6.4690498e-01
   6.4476588e-01
   6.4263400e-01
   6.4050934e-01
   6.3839185e-01
   6.3628153e-01
   6.3417833e-01
   6.3208223e-01
   6.2999322e-01
   6.2791126e-01
   6.2583632e-01
   6.2376839e-01
   6.2170743e-01
   6.1965343e-01
   6.1760636e-01
   6.1556618e-01
   6.1353289e-01
   6.1150645e-01
   6.0948683e-01
   6.0747402e-01
   6.0546800e-01
   6.0346872e-01
   6.0147618e-01
   5.9949035e-01
   5.9751120e-01
   5.9553871e-01
   5.9357286e-01
   5.9161362e-01
   5.8966097e-01
   5.8771489e-01
   5.8577535e-01
   5.8384233e-01
   5.8191581e-01
   5.7999576e-01
   5.7808216e-01
   5.7617500e-01
   5.7427423e-01
   5.7237985e-01
   5.7049184e-01
   5.6861016e-01
   5.6673479e-01
   5.6486573e-01
   5.6300293e-01
   5.6114638e-01
   5.5929606e-01
   5.5745195e-01
   5.5561402e-01
   5.5378226e-01
   5.5195664e-01
   5.5013714e-01
   5.4832373e-01
   5.4651641e-01
   5.4471514e-01
   5.4291990e-01
   5.4113068e-01
   5.3934745e-01
   5.3757020e-01
   5.3579889e-01
   5.3403352e-01
   5.3227406e-01
   5.3052048e-01
   5.2877278e-01
   5.2703092e-01
   5.2529490e-01
   5.2356468e-01
   5.2184025e-01
   5.2012159e-01
   5.1840867e-01
   5.1670149e-01
   5.1500001e-01
   5.1330423e-01
   5.1161411e-01
   5.0992964e-01
   5.0825080e-01
   5.0657757e-01
   5.0490993e-01
   5.0324787e-01
   5.0159136e-01
   4.9994038e-01
   4.9829491e-01
   4.9665495e-01
   4.9502045e-01
   4.9339142e-01
   4.9176782e-01
   4.9014965e-01
   4.8853688e-01
   4.8692949e-01
   4.8532746e-01
   4.8373078e-01
   4.8213943e-01
   4.8055339e-01
   4.7897264e-01
   4.7739716e-01
   4.7582694e-01
   4.7426195e-01
   4.7270218e-01
   4.7114762e-01
   4.6959823e-01
   4.6805402e-01
   4.6651495e-01
   4.6498101e-01
   4.6345219e-01
   4.6192846e-01
   4.6040980e-01
   4.5889621e-01
   4.5738766e-01
   4.5588414e-01
   4.5438562e-01
   4.5289210e-01
   4.5140355e-01
   4.4991996e-01
   4.4844131e-01
   4.4696759e-01
   4.4549877e-01
   4.4403484e-01
   4.4257578e-01
   4.4112159e-01
   4.3967223e-01
   4.3822770e-01
   4.3678797e-01
   4.3535303e-01
   4.3392287e-01
   4.3249747e-01
   4.3107681e-01
   4.2966088e-01
   4.2824966e-01
   4.2684313e-01
   4.2544128e-01
   4.2404409e-01
   4.2265155e-01
   4.2126363e-01
   4.1988034e-01
   4.1850164e-01
   4.1712753e-01
   4.1575798e-01
   4.1439299e-01
   4.1303253e-01
   4.1167659e-01
   4.1032516e-01
   4.0897823e-01
   4.0763576e-01
   4.0629776e-01
   4.0496421e-01
   4.0363508e-01
   4.0231037e-01
   4.0099006e-01
   3.9967413e-01
   3.9836258e-01
   3.9705538e-01
   3.9575252e-01
   3.9445399e-01
   3.9315977e-01
   3.9186984e-01
   3.9058420e-01
   3.8930283e-01
   3.8802571e-01
   3.8675283e-01
   3.8548417e-01
   3.8421973e-01
   3.8295948e-01
   3.8170341e-01
   3.8045151e-01
   3.7920377e-01
   3.7796016e-01
   3.7672068e-01
   3.7548531e-01
   3.7425404e-01
   3.7302686e-01
   3.7180374e-01
   3.7058468e-01
   3.6936966e-01
   3.6815868e-01
   3.6695170e-01
   3.6574873e-01
   3.6454975e-01
   3.6335474e-01
   3.6216370e-01
   3.6097660e-01
   3.5979344e-01
   3.5861420e-01
   3.5743887e-01
   3.5626743e-01
   3.5509987e-01
   3.5393619e-01
   3.5277636e-01
   3.5162037e-01
   3.5046821e-01
   3.4931987e-01
   3.4817533e-01
   3.4703459e-01
   3.4589762e-01
   3.4476442e-01
   3.4363497e-01
   3.4250927e-01
   3.4138729e-01
   3.4026902e-01
   3.3915446e-01
   3.3804359e-01
   3.3693640e-01
   3.3583287e-01
   3.3473299e-01
   3.3363676e-01
   3.3254416e-01
   3.3145517e-01
   3.3036978e-01
   3.2928799e-01
   3.2820978e-01
   3.2713514e-01
   3.2606405e-01
   3.2499651e-01
   3.2393249e-01
   3.2287200e-01
   3.2181502e-01
   3.2076153e-01
   3.1971153e-01
   3.1866500e-01
   3.1762194e-01
   3.1658232e-01
   3.1554614e-01
   3.1451339e-01
   3.1348405e-01
   3.1245812e-01
   3.1143558e-01
   3.1041642e-01
   3.0940063e-01
   3.0838820e-01
   3.0737911e-01
   3.0637336e-01
   3.0537094e-01
   3.0437183e-01
   3.0337602e-01
   3.0238350e-01
   3.0139426e-01
   3.0040829e-01
   2.9942558e-01
   2.9844612e-01
   2.9746989e-01
   2.9649689e-01
   2.9552710e-01
   2.9456052e-01
   2.9359713e-01
   2.9263692e-01
   2.9167989e-01
   2.9072601e-01
   2.8977529e-01
   2.8882770e-01
   2.8788325e-01
   2.8694191e-01
   2.8600368e-01
   2.8506855e-01
   2.8413651e-01
   2.8320755e-01
   2.8228165e-01
   2.8135881e-01
   2.8043902e-01
   2.7952226e-01
   2.7860853e-01
   2.7769781e-01
   2.7679010e-01
   2.7588539e-01
   2.7498366e-01
   2.7408491e-01
   2.7318912e-01
   2.7229629e-01
   2.7140641e-01
   2.7051946e-01
   2.6963544e-01
   2.6875433e-01
   2.6787613e-01
   2.6700083e-01
   2.6612842e-01
   2.6525888e-01
   2.6439221e-01
   2.6352841e-01
   2.6266744e-01
   2.6180932e-01
   2.6095403e-01
   2.6010156e-01
   2.5925190e-01
   2.5840504e-01
   2.5756098e-01
   2.5671970e-01
   2.5588119e-01
   2.5504544e-01
   2.5421245e-01
   2.5338221e-01
   2.5255470e-01
   2.5172992e-01
   2.5090786e-01
   2.5008851e-01
   2.4927186e-01
   2.4845790e-01
   2.4764662e-01
   2.4683802e-01
   2.4603208e-01
   2.4522880e-01
   2.4442816e-01
   2.4363016e-01
   2.4283479e-01
   2.4204204e-01
   2.4125190e-01
   2.4046437e-01
   2.3967943e-01
   2.3889707e-01
   2.3811729e-01
   2.3734008e-01
   2.3656543e-01
   2.3579333e-01
   2.3502378e-01
   2.3425675e-01
   2.3349226e-01
   2.3273028e-01
   2.3197081e-01
   2.3121384e-01
   2.3045936e-01
   2.2970736e-01
   2.2895784e-01
   2.2821079e-01
   2.2746620e-01
   2.2672406e-01
   2.2598436e-01
   2.2524710e-01
   2.2451226e-01
   2.2377984e-01
   2.2304983e-01
   2.2232223e-01
   2.2159701e-01
   2.2087419e-01
   2.2015374e-01
   2.1943566e-01
   2.1871995e-01
   2.1800659e-01
   2.1729558e-01
   2.1658690e-01
   2.1588056e-01
   2.1517654e-01
   2.1447484e-01
   2.1377544e-01
   2.1307835e-01
   2.1238355e-01
   2.1169103e-01
   2.1100079e-01
   2.1031282e-01
   2.0962711e-01
   2.0894366e-01
   2.0826245e-01
   2.0758349e-01
   2.0690675e-01
   2.0623225e-01
   2.0555996e-01
   2.0488987e-01
   2.0422200e-01
   2.0355631e-01
   2.0289282e-01
   2.0223151e-01
   2.0157237e-01
   2.0091539e-01
   2.0026058e-01
   1.9960792e-01
   1.9895740e-01
   1.9830902e-01
   1.9766277e-01
   1.9701865e-01
   1.9637664e-01
   1.9573674e-01
   1.9509894e-01
   1.9446324e-01
   1.9382963e-01
   1.9319809e-01
   1.9256864e-01
   1.9194125e-01
   1.9131592e-01
   1.9069264e-01
   1.9007142e-01
   1.8945223e-01
   1.8883508e-01
   1.8821995e-01
   1.8760684e-01
   1.8699575e-01
   1.8638667e-01
   1.8577958e-01
   1.8517449e-01
   1.8457138e-01
   1.8397025e-01
   1.8337110e-01
   1.8277392e-01
   1.8217869e-01
   1.8158542e-01
   1.8099410e-01
   1.8040472e-01
   1.7981727e-01
   1.7923175e-01
   1.7864815e-01
   1.7806647e-01
   1.7748670e-01
   1.7690883e-01
   1.7633286e-01
   1.7575877e-01
   1.7518657e-01
   1.7461625e-01
   1.7404780e-01
   1.7348121e-01
   1.7291649e-01
   1.7235361e-01
   1.7179259e-01
   1.7123340e-01
   1.7067605e-01
   1.7012053e-01
   1.6956682e-01
   1.6901494e-01
   1.6846486e-01
   1.6791659e-01
   1.6737012e-01
   1.6682544e-01
   1.6628255e-01
   1.6574144e-01
   1.6520210e-01
   1.6466453e-01
   1.6412872e-01
   1.6359467e-01
   1.6306237e-01
   1.6253182e-01
   1.6200300e-01
   1.6147592e-01
   1.6095057e-01
   1.6042694e-01
   1.5990503e-01
   1.5938482e-01
   1.5886633e-01
   1.5834953e-01
   1.5783443e-01
   1.5732101e-01
   1.5680928e-01
   1.5629922e-01
   1.5579084e-01
   1.5528412e-01
   1.5477906e-01
   1.5427566e-01
   1.5377391e-01
   1.5327380e-01
   1.5277533e-01
   1.5227850e-01
   1.5178329e-01
   1.5128970e-01
   1.5079773e-01
   1.5030738e-01
   1.4981863e-01
   1.4933148e-01
   1.4884592e-01
   1.4836196e-01
   1.4787958e-01
   1.4739878e-01
   1.4691956e-01
   1.4644191e-01
   1.4596582e-01
   1.4549129e-01
   1.4501831e-01
   1.4454689e-01
   1.4407701e-01
   1.4360866e-01
   1.4314185e-01
   1.4267657e-01
   1.4221281e-01
   1.4175057e-01
   1.4128984e-01
   1.4083063e-01
   1.4037291e-01
   1.3991670e-01
   1.3946197e-01
   1.3900874e-01
   1.3855699e-01
   1.3810672e-01
   1.3765792e-01
   1.3721059e-01
   1.3676473e-01
   1.3632032e-01
   1.3587737e-01
   1.3543587e-01
   1.3499581e-01
   1.3455720e-01
   1.3412001e-01
   1.3368426e-01
   1.3324994e-01
   1.3281704e-01
   1.3238555e-01
   1.3195548e-01
   1.3152681e-01
   1.3109954e-01
   1.3067367e-01
   1.3024920e-01
   1.2982612e-01
   1.2940441e-01
   1.2898409e-01
   1.2856514e-01
   1.2814757e-01
   1.2773136e-01
   1.2731651e-01
   1.2690302e-01
   1.2649088e-01
   1.2608008e-01
   1.2567063e-01
   1.2526252e-01
   1.2485575e-01
   1.2445030e-01
   1.2404619e-01
   1.2364339e-01
   1.2324191e-01
   1.2284174e-01
   1.2244288e-01
   1.2204533e-01
   1.2164907e-01
   1.2125411e-01
   1.2086044e-01
   1.2046806e-01
   1.2007696e-01
   1.1968714e-01
   1.1929859e-01
   1.1891132e-01
   1.1852531e-01
   1.1814056e-01
   1.1775707e-01
   1.1737483e-01
   1.1699384e-01
   1.1661410e-01
   1.1623560e-01
   1.1585833e-01
   1.1548230e-01
   1.1510749e-01
   1.1473392e-01
   1.1436156e-01
   1.1399042e-01
   1.1362049e-01
   1.1325177e-01
   1.1288425e-01
   1.1251794e-01
   1.1215282e-01
   1.1178889e-01
   1.1142616e-01
   1.1106461e-01
   1.1070424e-01
   1.1034504e-01
   1.0998702e-01
   1.0963017e-01
   1.0927449e-01
   1.0891997e-01
   1.0856660e-01
   1.0821439e-01
   1.0786333e-01
   1.0751342e-01
   1.0716465e-01
   1.0681701e-01
   1.0647052e-01
   1.0612515e-01
   1.0578091e-01
   1.0543780e-01
   1.0509581e-01
   1.0475493e-01
   1.0441516e-01
   1.0407651e-01
   1.0373896e-01
   1.0340251e-01
   1.0306717e-01
   1.0273291e-01
   1.0239975e-01
   1.0206768e-01
   1.0173668e-01
   1.0140677e-01
   1.0107794e-01
   1.0075018e-01
   1.0042349e-01
   1.0009787e-01
   9.9773305e-02
   9.9449802e-02
   9.9127356e-02
   9.8805962e-02
   9.8485617e-02
   9.8166317e-02
   9.7848059e-02
   9.7530840e-02
   9.7214656e-02
   9.6899504e-02
   9.6585380e-02
   9.6272280e-02
   9.5960203e-02
   9.5649143e-02
   9.5339099e-02
   9.5030066e-02
   9.4722041e-02
   9.4415021e-02
   9.4109003e-02
   9.3803982e-02
   9.3499957e-02
   9.3196924e-02
   9.2894879e-02
   9.2593819e-02
   9.2293741e-02
   9.1994642e-02
   9.1696519e-02
   9.1399368e-02
   9.1103186e-02
   9.0807969e-02
   9.0513716e-02
   9.0220422e-02
   8.9928085e-02
   8.9636701e-02
   8.9346267e-02
   8.9056780e-02
   8.8768237e-02
   8.8480635e-02
   8.8193971e-02
   8.7908241e-02
   8.7623443e-02
   8.7339574e-02
   8.7056630e-02
   8.6774608e-02
   8.6493506e-02
   8.6213320e-02
   8.5934047e-02
   8.5655685e-02
   8.5378230e-02
   8.5101680e-02
   8.4826031e-02
   8.4551281e-02
   8.4277426e-02
   8.4004464e-02
   8.3732391e-02
   8.3461205e-02
   8.3190903e-02
   8.2921482e-02
   8.2652938e-02
   8.2385270e-02
   8.2118474e-02
   8.1852548e-02
   8.1587488e-02
   8.1323292e-02
   8.1059957e-02
   8.0797479e-02
   8.0535857e-02
   8.0275088e-02
   8.0015168e-02
   7.9756094e-02
   7.9497865e-02
   7.9240477e-02
   7.8983928e-02
   7.8728214e-02
   7.8473334e-02
   7.8219283e-02
   7.7966061e-02
   7.7713663e-02
   7.7462087e-02
   7.7211331e-02
   7.6961391e-02
   7.6712266e-02
   7.6463952e-02
   7.6216446e-02
   7.5969747e-02
   7.5723851e-02
   7.5478756e-02
   7.5234460e-02
   7.4990958e-02
   7.4748250e-02
   7.4506332e-02
   7.4265202e-02
   7.4024857e-02
   7.3785295e-02
   7.3546512e-02
   7.3308507e-02
   7.3071278e-02
   7.2834820e-02
   7.2599132e-02
   7.2364212e-02
   7.2130056e-02
   7.1896663e-02
   7.1664030e-02
   7.1432154e-02
   7.1201032e-02
   7.0970663e-02
   7.0741044e-02
   7.0512173e-02
   7.0284046e-02
   7.0056662e-02
   6.9830018e-02
   6.9604112e-02
   6.9378941e-02
   6.9154503e-02
   6.8930795e-02
   6.8707816e-02
   6.8485562e-02
   6.8264031e-02
   6.8043221e-02
   6.7823130e-02
   6.7603755e-02
   6.7385094e-02
   6.7167144e-02
   6.6949904e-02
   6.6733371e-02
   6.6517542e-02
   6.6302415e-02
   6.6087988e-02
   6.5874259e-02
   6.5661225e-02
   6.5448885e-02
   6.5237235e-02
   6.5026274e-02
   6.4815999e-02
   6.4606408e-02
   6.4397499e-02
   6.4189269e-02
   6.3981717e-02
   6.3774840e-02
   6.3568636e-02
   6.3363102e-02
   6.3158238e-02
   6.2954039e-02
   6.2750505e-02
   6.2547632e-02
   6.2345420e-02
   6.2143865e-02
   6.1942966e-02
   6.1742719e-02
   6.1543125e-02
   6.1344179e-02
   6.1145880e-02
   6.0948226e-02
   6.0751215e-02
   6.0554844e-02
   6.0359112e-02
   6.0164017e-02
   5.9969555e-02
   5.9775726e-02
   5.9582528e-02
   5.9389957e-02
   5.9198013e-02
   5.9006692e-02
   5.8815994e-02
   5.8625915e-02
   5.8436455e-02
   5.8247610e-02
   5.8059379e-02
   5.7871760e-02
   5.7684751e-02
   5.7498350e-02
   5.7312555e-02
   5.7127364e-02
   5.6942775e-02
   5.6758786e-02
   5.6575394e-02
   5.6392599e-02
   5.6210398e-02
   5.6028789e-02
   5.5847770e-02
   5.5667340e-02
   5.5487496e-02
   5.5308237e-02
   5.5129560e-02
   5.4951463e-02
   5.4773946e-02
   5.4597005e-02
   5.4420639e-02
   5.4244847e-02
   5.4069625e-02
   5.3894973e-02
   5.3720888e-02
   5.3547369e-02
   5.3374414e-02
   5.3202021e-02
   5.3030188e-02
   5.2858913e-02
   5.2688194e-02
   5.2518031e-02
   5.2348420e-02
   5.2179360e-02
   5.2010849e-02
   5.1842885e-02
   5.1675468e-02
   5.1508594e-02
   5.1342262e-02
   5.1176470e-02
   5.1011217e-02
   5.0846501e-02
   5.0682320e-02
   5.0518672e-02
   5.0355555e-02
   5.0192968e-02
   5.0030910e-02
   4.9869377e-02
   4.9708370e-02
   4.9547885e-02
   4.9387921e-02
   4.9228477e-02
   4.9069551e-02
   4.8911140e-02
   4.8753244e-02
   4.8595861e-02
   4.8438989e-02
   4.8282626e-02
   4.8126771e-02
   4.7971422e-02
   4.7816578e-02
   4.7662236e-02
   4.7508395e-02
   4.7355054e-02
   4.7202211e-02
   4.7049864e-02
   4.6898011e-02
   4.6746652e-02
   4.6595784e-02
   4.6445405e-02
   4.6295515e-02
   4.6146111e-02
   4.5997193e-02
   4.5848758e-02
   4.5700804e-02
   4.5553331e-02
   4.5406337e-02
   4.5259819e-02
   4.5113778e-02
   4.4968210e-02
   4.4823115e-02
   4.4678490e-02
   4.4534336e-02
   4.4390649e-02
   4.4247428e-02
   4.4104672e-02
   4.3962379e-02
   4.3820548e-02
   4.3679178e-02
   4.3538266e-02
   4.3397811e-02
   4.3257813e-02
   4.3118268e-02
   4.2979177e-02
   4.2840536e-02
   4.2702346e-02
   4.2564604e-02
   4.2427309e-02
   4.2290459e-02
   4.2154053e-02
   4.2018090e-02
   4.1882568e-02
   4.1747486e-02
   4.1612842e-02
   4.1478635e-02
   4.1344863e-02
   4.1211525e-02
   4.1078620e-02
   4.0946146e-02
   4.0814102e-02
   4.0682486e-02
   4.0551297e-02
   4.0420533e-02
   4.0290194e-02
   4.0160277e-02
   4.0030782e-02
   3.9901707e-02
   3.9773051e-02
   3.9644811e-02
   3.9516988e-02
   3.9389580e-02
   3.9262584e-02
   3.9136001e-02
   3.9009828e-02
   3.8884064e-02
   3.8758708e-02
   3.8633758e-02
   3.8509214e-02
   3.8385074e-02
   3.8261336e-02
   3.8137999e-02
   3.8015063e-02
   3.7892525e-02
   3.7770384e-02
   3.7648640e-02
   3.7527290e-02
   3.7406334e-02
   3.7285769e-02
   3.7165596e-02
   3.7045813e-02
   3.6926417e-02
   3.6807409e-02
   3.6688787e-02
   3.6570549e-02
   3.6452695e-02
   3.6335223e-02
   3.6218131e-02
   3.6101419e-02
   3.5985086e-02
   3.5869129e-02
   3.5753549e-02
   3.5638343e-02
   3.5523511e-02
   3.5409051e-02
   3.5294961e-02
   3.5181242e-02
   3.5067891e-02
   3.4954908e-02
   3.4842291e-02
   3.4730039e-02
   3.4618151e-02
   3.4506625e-02
   3.4395461e-02
   3.4284657e-02
   3.4174212e-02
   3.4064125e-02
   3.3954395e-02
   3.3845021e-02
   3.3736001e-02
   3.3627334e-02
   3.3519019e-02
   3.3411056e-02
   3.3303442e-02
   3.3196177e-02
   3.3089260e-02
   3.2982689e-02
   3.2876463e-02
   3.2770581e-02
   3.2665043e-02
   3.2559847e-02
   3.2454991e-02
   3.2350475e-02
   3.2246298e-02
   3.2142458e-02
   3.2038955e-02
   3.1935787e-02
   3.1832953e-02
   3.1730453e-02
   3.1628284e-02
   3.1526447e-02
   3.1424939e-02
   3.1323760e-02
   3.1222909e-02
   3.1122385e-02
   3.1022186e-02
   3.0922312e-02
   3.0822761e-02
   3.0723533e-02
   3.0624627e-02
   3.0526040e-02
   3.0427773e-02
   3.0329824e-02
   3.0232193e-02
   3.0134878e-02
   3.0037878e-02
   2.9941192e-02
   2.9844819e-02
   2.9748758e-02
   2.9653009e-02
   2.9557569e-02
   2.9462439e-02
   2.9367616e-02
   2.9273101e-02
   2.9178892e-02
   2.9084988e-02
   2.8991388e-02
   2.8898091e-02
   2.8805096e-02
   2.8712403e-02
   2.8620009e-02
   2.8527915e-02
   2.8436119e-02
   2.8344620e-02
   2.8253417e-02
   2.8162510e-02
   2.8071897e-02
   2.7981577e-02
   2.7891550e-02
   2.7801814e-02
   2.7712369e-02
   2.7623213e-02
   2.7534346e-02
   2.7445767e-02
   2.7357474e-02
   2.7269468e-02
   2.7181746e-02
   2.7094308e-02
   2.7007153e-02
   2.6920281e-02
   2.6833689e-02
   2.6747378e-02
   2.6661346e-02
   2.6575593e-02
   2.6490117e-02
   2.6404918e-02
   2.6319995e-02
   2.6235347e-02
   2.6150972e-02
   2.6066871e-02
   2.5983042e-02
   2.5899484e-02
   2.5816197e-02
   2.5733179e-02
   2.5650430e-02
   2.5567949e-02
   2.5485734e-02
   2.5403786e-02
   2.5322103e-02
   2.5240684e-02
   2.5159529e-02
   2.5078636e-02
   2.4998006e-02
   2.4917636e-02
   2.4837526e-02
   2.4757675e-02
   2.4678083e-02
   2.4598748e-02
   2.4519670e-02
   2.4440848e-02
   2.4362281e-02
   2.4283968e-02
   2.4205909e-02
   2.4128102e-02
   2.4050546e-02
   2.3973242e-02
   2.3896188e-02
   2.3819383e-02
   2.3742827e-02
   2.3666518e-02
   2.3590456e-02
   2.3514641e-02
   2.3439070e-02
   2.3363744e-02
   2.3288662e-02
   2.3213822e-02
   2.3139225e-02
   2.3064869e-02
   2.2990754e-02
   2.2916878e-02
   2.2843241e-02
   2.2769842e-02
   2.2696681e-02
   2.2623757e-02
   2.2551068e-02
   2.2478615e-02
   2.2406395e-02
   2.2334410e-02
   2.2262657e-02
   2.2191136e-02
   2.2119847e-02
   2.2048788e-02
   2.1977959e-02
   2.1907359e-02
   2.1836988e-02
   2.1766844e-02
   2.1696927e-02
   2.1627236e-02
   2.1557770e-02
   2.1488529e-02
   2.1419512e-02
   2.1350718e-02
   2.1282146e-02
   2.1213797e-02
   2.1145668e-02
   2.1077760e-02
   2.1010071e-02
   2.0942601e-02
   2.0875349e-02
   2.0808315e-02
   2.0741497e-02
   2.0674896e-02
   2.0608510e-02
   2.0542338e-02
   2.0476380e-02
   2.0410636e-02
   2.0345104e-02
   2.0279785e-02
   2.0214676e-02
   2.0149778e-02
   2.0085089e-02
   2.0020610e-02
   1.9956339e-02
   1.9892276e-02
   1.9828420e-02
   1.9764771e-02
   1.9701327e-02
   1.9638088e-02
   1.9575054e-02
   1.9512224e-02
   1.9449596e-02
   1.9387171e-02
   1.9324948e-02
   1.9262926e-02
   1.9201105e-02
   1.9139483e-02
   1.9078060e-02
   1.9016836e-02
   1.8955810e-02
   1.8894982e-02
   1.8834349e-02
   1.8773913e-02
   1.8713672e-02
   1.8653626e-02
   1.8593774e-02
   1.8534115e-02
   1.8474649e-02
   1.8415375e-02
   1.8356293e-02
   1.8297402e-02
   1.8238701e-02
   1.8180190e-02
   1.8121868e-02
   1.8063734e-02
   1.8005788e-02
   1.7948029e-02
   1.7890458e-02
   1.7833072e-02
   1.7775871e-02
   1.7718856e-02
   1.7662024e-02
   1.7605377e-02
   1.7548912e-02
   1.7492630e-02
   1.7436529e-02
   1.7380610e-02
   1.7324872e-02
   1.7269313e-02
   1.7213934e-02
   1.7158734e-02
   1.7103713e-02
   1.7048869e-02
   1.6994202e-02
   1.6939712e-02
   1.6885398e-02
   1.6831260e-02
   1.6777296e-02
   1.6723507e-02
   1.6669892e-02
   1.6616449e-02
   1.6563180e-02
   1.6510082e-02
   1.6457156e-02
   1.6404401e-02
   1.6351816e-02
   1.6299402e-02
   1.6247156e-02
   1.6195079e-02
   1.6143171e-02
   1.6091430e-02
   1.6039856e-02
   1.5988449e-02
   1.5937208e-02
   1.5886133e-02
   1.5835222e-02
   1.5784476e-02
   1.5733894e-02
   1.5683475e-02
   1.5633219e-02
   1.5583125e-02
   1.5533193e-02
   1.5483422e-02
   1.5433812e-02
   1.5384363e-02
   1.5335073e-02
   1.5285942e-02
   1.5236970e-02
   1.5188156e-02
   1.5139499e-02
   1.5091000e-02
   1.5042657e-02
   1.4994471e-02
   1.4946440e-02
   1.4898564e-02
   1.4850843e-02
   1.4803276e-02
   1.4755862e-02
   1.4708602e-02
   1.4661494e-02
   1.4614538e-02
   1.4567734e-02
   1.4521081e-02
   1.4474579e-02
   1.4428227e-02
   1.4382024e-02
   1.4335971e-02
   1.4290066e-02
   1.4244310e-02
   1.4198701e-02
   1.4153240e-02
   1.4107925e-02
   1.4062756e-02
   1.4017734e-02
   1.3972857e-02
   1.3928124e-02
   1.3883536e-02
   1.3839092e-02
   1.3794792e-02
   1.3750634e-02
   1.3706619e-02
   1.3662747e-02
   1.3619015e-02
   1.3575425e-02
   1.3531976e-02
   1.3488667e-02
   1.3445497e-02
   1.3402468e-02
   1.3359576e-02
   1.3316824e-02
   1.3274209e-02
   1.3231732e-02
   1.3189392e-02
   1.3147189e-02
   1.3105122e-02
   1.3063191e-02
   1.3021395e-02
   1.2979734e-02
   1.2938207e-02
   1.2896814e-02
   1.2855555e-02
   1.2814430e-02
   1.2773437e-02
   1.2732576e-02
   1.2691847e-02
   1.2651249e-02
   1.2610783e-02
   1.2570447e-02
   1.2530241e-02
   1.2490165e-02
   1.2450219e-02
   1.2410401e-02
   1.2370712e-02
   1.2331151e-02
   1.2291717e-02
   1.2252411e-02
   1.2213232e-02
   1.2174179e-02
   1.2135252e-02
   1.2096451e-02
   1.2057774e-02
   1.2019223e-02
   1.1980796e-02
   1.1942493e-02
   1.1904314e-02
   1.1866258e-02
   1.1828324e-02
   1.1790513e-02
   1.1752824e-02
   1.1715257e-02
   1.1677811e-02
   1.1640485e-02
   1.1603280e-02
   1.1566196e-02
   1.1529230e-02
   1.1492384e-02
   1.1455657e-02
   1.1419048e-02
   1.1382558e-02
   1.1346185e-02
   1.1309930e-02
   1.1273791e-02
   1.1237769e-02
   1.1201863e-02
   1.1166074e-02
   1.1130399e-02
   1.1094840e-02
   1.1059395e-02
   1.1024065e-02
   1.0988848e-02
   1.0953746e-02
   1.0918756e-02
   1.0883879e-02
   1.0849115e-02
   1.0814463e-02
   1.0779923e-02
   1.0745494e-02
   1.0711176e-02
   1.0676969e-02
   1.0642872e-02
   1.0608885e-02
   1.0575008e-02
   1.0541240e-02
   1.0507581e-02
   1.0474031e-02
   1.0440589e-02
   1.0407254e-02
   1.0374027e-02
   1.0340908e-02
   1.0307895e-02
   1.0274988e-02
   1.0242188e-02
   1.0209493e-02
   1.0176904e-02
   1.0144420e-02
   1.0112041e-02
   1.0079766e-02
   1.0047595e-02
   1.0015528e-02
   9.9835646e-03
   9.9517041e-03
   9.9199463e-03
   9.8882909e-03
   9.8567376e-03
   9.8252860e-03
   9.7939358e-03
   9.7626868e-03
   9.7315384e-03
   9.7004906e-03
   9.6695428e-03
   9.6386948e-03
   9.6079463e-03
   9.5772969e-03
   9.5467464e-03
   9.5162943e-03
   9.4859405e-03
   9.4556845e-03
   9.4255260e-03
   9.3954648e-03
   9.3655005e-03
   9.3356328e-03
   9.3058614e-03
   9.2761860e-03
   9.2466063e-03
   9.2171219e-03
   9.1877326e-03
   9.1584380e-03
   9.1292378e-03
   9.1001318e-03
   9.0711197e-03
   9.0422010e-03
   9.0133756e-03
   8.9846431e-03
   8.9560032e-03
   8.9274557e-03
   8.8990001e-03
   8.8706363e-03
   8.8423639e-03
   8.8141827e-03
   8.7860923e-03
   8.7580925e-03
   8.7301829e-03
   8.7023632e-03
   8.6746333e-03
   8.6469927e-03
   8.6194412e-03
   8.5919785e-03
   8.5646043e-03
   8.5373184e-03
   8.5101204e-03
   8.4830100e-03
   8.4559871e-03
   8.4290512e-03
   8.4022022e-03
   8.3754397e-03
   8.3487634e-03
   8.3221731e-03
   8.2956685e-03
   8.2692494e-03
   8.2429153e-03
   8.2166662e-03
   8.1905016e-03
   8.1644214e-03
   8.1384252e-03
   8.1125128e-03
   8.0866838e-03
   8.0609382e-03
   8.0352754e-03
   8.0096954e-03
   7.9841979e-03
   7.9587824e-03
   7.9334489e-03
   7.9081970e-03
   7.8830265e-03
   7.8579371e-03
   7.8329286e-03
   7.8080006e-03
   7.7831529e-03
   7.7583854e-03
   7.7336976e-03
   7.7090893e-03
   7.6845604e-03
   7.6601105e-03
   7.6357394e-03
   7.6114468e-03
   7.5872324e-03
   7.5630961e-03
   7.5390376e-03
   7.5150565e-03
   7.4911528e-03
   7.4673260e-03
   7.4435760e-03
   7.4199025e-03
   7.3963053e-03
   7.3727842e-03
   7.3493388e-03
   7.3259689e-03
   7.3026743e-03
   7.2794548e-03
   7.2563101e-03
   7.2332399e-03
   7.2102440e-03
   7.1873223e-03
   7.1644744e-03
   7.1417000e-03
   7.1189991e-03
   7.0963713e-03
   7.0738163e-03
   7.0513340e-03
   7.0289242e-03
   7.0065865e-03
   6.9843208e-03
   6.9621268e-03
   6.9400043e-03
   6.9179531e-03
   6.8959729e-03
   6.8740634e-03
   6.8522246e-03
   6.8304561e-03
   6.8087577e-03
   6.7871292e-03
   6.7655704e-03
   6.7440810e-03
   6.7226608e-03
   6.7013097e-03
   6.6800272e-03
   6.6588134e-03
   6.6376678e-03
   6.6165904e-03
   6.5955808e-03
   6.5746389e-03
   6.5537645e-03
   6.5329573e-03
   6.5122171e-03
   6.4915437e-03
   6.4709368e-03
   6.4503964e-03
   6.4299220e-03
   6.4095137e-03
   6.3891710e-03
   6.3688939e-03
   6.3486820e-03
   6.3285353e-03
   6.3084534e-03
   6.2884362e-03
   6.2684834e-03
   6.2485949e-03
   6.2287705e-03
   6.2090099e-03
   6.1893129e-03
   6.1696793e-03
   6.1501090e-03
   6.1306017e-03
   6.1111572e-03
   6.0917753e-03
   6.0724558e-03
   6.0531985e-03
   6.0340032e-03
   6.0148698e-03
   5.9957979e-03
   5.9767875e-03
   5.9578382e-03
   5.9389500e-03
   5.9201226e-03
   5.9013558e-03
   5.8826494e-03
   5.8640033e-03
   5.8454172e-03
   5.8268909e-03
   5.8084243e-03
   5.7900171e-03
   5.7716692e-03
   5.7533804e-03
   5.7351504e-03
   5.7169792e-03
   5.6988664e-03
   5.6808119e-03
   5.6628156e-03
   5.6448772e-03
   5.6269966e-03
   5.6091735e-03
   5.5914078e-03
   5.5736993e-03
   5.5560478e-03
   5.5384531e-03
   5.5209150e-03
   5.5034335e-03
   5.4860081e-03
   5.4686389e-03
   5.4513256e-03
   5.4340680e-03
   5.4168660e-03
   5.3997194e-03
   5.3826279e-03
   5.3655915e-03
   5.3486098e-03
   5.3316829e-03
   5.3148104e-03
   5.2979923e-03
   5.2812283e-03
   5.2645182e-03
   5.2478619e-03
   5.2312593e-03
   5.2147100e-03
   5.1982141e-03
   5.1817712e-03
   5.1653813e-03
   5.1490441e-03
   5.1327595e-03
   5.1165273e-03
   5.1003473e-03
   5.0842194e-03
   5.0681435e-03
   5.0521192e-03
   5.0361465e-03
   5.0202253e-03
   5.0043553e-03
   4.9885363e-03
   4.9727683e-03
   4.9570510e-03
   4.9413843e-03
   4.9257680e-03
   4.9102019e-03
   4.8946860e-03
   4.8792200e-03
   4.8638037e-03
   4.8484371e-03
   4.8331199e-03
   4.8178520e-03
   4.8026332e-03
   4.7874635e-03
   4.7723425e-03
   4.7572702e-03
   4.7422463e-03
   4.7272709e-03
   4.7123436e-03
   4.6974643e-03
   4.6826330e-03
   4.6678493e-03
   4.6531132e-03
   4.6384246e-03
   4.6237831e-03
   4.6091889e-03
   4.5946415e-03
   4.5801410e-03
   4.5656871e-03
   4.5512798e-03
   4.5369187e-03
   4.5226039e-03
   4.5083352e-03
   4.4941123e-03
   4.4799353e-03
   4.4658038e-03
   4.4517178e-03
   4.4376771e-03
   4.4236816e-03
   4.4097311e-03
   4.3958255e-03
   4.3819646e-03
   4.3681484e-03
   4.3543766e-03
   4.3406490e-03
   4.3269657e-03
   4.3133264e-03
   4.2997309e-03
   4.2861792e-03
   4.2726711e-03
   4.2592064e-03
   4.2457850e-03
   4.2324069e-03
   4.2190717e-03
   4.2057795e-03
   4.1925300e-03
   4.1793231e-03
   4.1661588e-03
   4.1530367e-03
   4.1399569e-03
   4.1269191e-03
   4.1139233e-03
   4.1009693e-03
   4.0880570e-03
   4.0751862e-03
   4.0623568e-03
   4.0495687e-03
   4.0368216e-03
   4.0241156e-03
   4.0114505e-03
   3.9988261e-03
   3.9862423e-03
   3.9736990e-03
   3.9611960e-03
   3.9487333e-03
   3.9363106e-03
   3.9239279e-03
   3.9115850e-03
   3.8992818e-03
   3.8870182e-03
   3.8747940e-03
   3.8626091e-03
   3.8504635e-03
   3.8383569e-03
   3.8262892e-03
   3.8142603e-03
   3.8022701e-03
   3.7903185e-03
   3.7784053e-03
   3.7665305e-03
   3.7546938e-03
   3.7428952e-03
   3.7311345e-03
   3.7194116e-03
   3.7077265e-03
   3.6960789e-03
   3.6844688e-03
   3.6728960e-03
   3.6613604e-03
   3.6498620e-03
   3.6384005e-03
   3.6269758e-03
   3.6155879e-03
   3.6042367e-03
   3.5929219e-03
   3.5816435e-03
   3.5704014e-03
   3.5591954e-03
   3.5480255e-03
   3.5368914e-03
   3.5257932e-03
   3.5147307e-03
   3.5037037e-03
   3.4927122e-03
   3.4817560e-03
   3.4708351e-03
   3.4599492e-03
   3.4490984e-03
   3.4382825e-03
   3.4275013e-03
   3.4167548e-03
   3.4060429e-03
   3.3953654e-03
   3.3847222e-03
   3.3741132e-03
   3.3635384e-03
   3.3529976e-03
   3.3424906e-03
   3.3320174e-03
   3.3215779e-03
   3.3111720e-03
   3.3007995e-03
   3.2904604e-03
   3.2801545e-03
   3.2698817e-03
   3.2596419e-03
   3.2494351e-03
   3.2392611e-03
   3.2291198e-03
   3.2190111e-03
   3.2089349e-03
   3.1988911e-03
   3.1888796e-03
   3.1789003e-03
   3.1689530e-03
   3.1590377e-03
   3.1491543e-03
   3.1393027e-03
   3.1294827e-03
   3.1196943e-03
   3.1099374e-03
   3.1002118e-03
   3.0905175e-03
   3.0808544e-03
   3.0712223e-03
   3.0616212e-03
   3.0520509e-03
   3.0425114e-03
   3.0330026e-03
   3.0235243e-03
   3.0140765e-03
   3.0046591e-03
   2.9952719e-03
   2.9859149e-03
   2.9765880e-03
   2.9672911e-03
   2.9580240e-03
   2.9487868e-03
   2.9395792e-03
   2.9304012e-03
   2.9212527e-03
   2.9121336e-03
   2.9030439e-03
   2.8939833e-03
   2.8849519e-03
   2.8759494e-03
   2.8669760e-03
   2.8580313e-03
   2.8491154e-03
   2.8402282e-03
   2.8313695e-03
   2.8225393e-03
   2.8137375e-03
   2.8049640e-03
   2.7962186e-03
   2.7875014e-03
   2.7788122e-03
   2.7701509e-03
   2.7615174e-03
   2.7529117e-03
   2.7443336e-03
   2.7357831e-03
   2.7272601e-03
   2.7187645e-03
   2.7102961e-03
   2.7018550e-03
   2.6934410e-03
   2.6850541e-03
   2.6766941e-03
   2.6683609e-03
   2.6600546e-03
   2.6517749e-03
   2.6435218e-03
   2.6352953e-03
   2.6270952e-03
   2.6189214e-03
   2.6107739e-03
   2.6026526e-03
   2.5945574e-03
   2.5864882e-03
   2.5784449e-03
   2.5704275e-03
   2.5624358e-03
   2.5544698e-03
   2.5465294e-03
   2.5386145e-03
   2.5307251e-03
   2.5228609e-03
   2.5150221e-03
   2.5072084e-03
   2.4994199e-03
   2.4916564e-03
   2.4839178e-03
   2.4762041e-03
   2.4685151e-03
   2.4608509e-03
   2.4532113e-03
   2.4455962e-03
   2.4380056e-03
   2.4304394e-03
   2.4228975e-03
   2.4153798e-03
   2.4078863e-03
   2.4004168e-03
   2.3929714e-03
   2.3855499e-03
   2.3781522e-03
   2.3707782e-03
   2.3634280e-03
   2.3561014e-03
   2.3487983e-03
   2.3415187e-03
   2.3342624e-03
   2.3270295e-03
   2.3198198e-03
   2.3126333e-03
   2.3054698e-03
   2.2983294e-03
   2.2912119e-03
   2.2841172e-03
   2.2770454e-03
   2.2699963e-03
   2.2629698e-03
   2.2559659e-03
   2.2489844e-03
   2.2420255e-03
   2.2350888e-03
   2.2281745e-03
   2.2212823e-03
   2.2144123e-03
   2.2075644e-03
   2.2007384e-03
   2.1939344e-03
   2.1871522e-03
   2.1803918e-03
   2.1736532e-03
   2.1669361e-03
   2.1602407e-03
   2.1535668e-03
   2.1469142e-03
   2.1402831e-03
   2.1336733e-03
   2.1270846e-03
   2.1205172e-03
   2.1139708e-03
   2.1074455e-03
   2.1009411e-03
   2.0944576e-03
   2.0879950e-03
   2.0815531e-03
   2.0751318e-03
   2.0687312e-03
   2.0623512e-03
   2.0559916e-03
   2.0496525e-03
   2.0433337e-03
   2.0370353e-03
   2.0307570e-03
   2.0244989e-03
   2.0182609e-03
   2.0120430e-03
   2.0058450e-03
   1.9996669e-03
   1.9935087e-03
   1.9873702e-03
   1.9812515e-03
   1.9751523e-03
   1.9690728e-03
   1.9630128e-03
   1.9569723e-03
   1.9509512e-03
   1.9449494e-03
   1.9389668e-03
   1.9330035e-03
   1.9270593e-03
   1.9211342e-03
   1.9152282e-03
   1.9093411e-03
   1.9034729e-03
   1.8976236e-03
   1.8917930e-03
   1.8859811e-03
   1.8801880e-03
   1.8744134e-03
   1.8686573e-03
   1.8629198e-03
   1.8572006e-03
   1.8514999e-03
   1.8458174e-03
   1.8401532e-03
   1.8345072e-03
   1.8288792e-03
   1.8232694e-03
   1.8176776e-03
   1.8121037e-03
   1.8065477e-03
   1.8010096e-03
   1.7954892e-03
   1.7899866e-03
   1.7845016e-03
   1.7790343e-03
   1.7735845e-03
   1.7681522e-03
   1.7627373e-03
   1.7573398e-03
   1.7519597e-03
   1.7465968e-03
   1.7412511e-03
   1.7359226e-03
   1.7306112e-03
   1.7253169e-03
   1.7200395e-03
   1.7147791e-03
   1.7095356e-03
   1.7043089e-03
   1.6990990e-03
   1.6939058e-03
   1.6887293e-03
   1.6835694e-03
   1.6784261e-03
   1.6732993e-03
   1.6681889e-03
   1.6630950e-03
   1.6580174e-03
   1.6529561e-03
   1.6479110e-03
   1.6428822e-03
   1.6378695e-03
   1.6328728e-03
   1.6278922e-03
   1.6229276e-03
   1.6179790e-03
   1.6130462e-03
   1.6081292e-03
   1.6032281e-03
   1.5983426e-03
   1.5934729e-03
   1.5886188e-03
   1.5837802e-03
   1.5789572e-03
   1.5741497e-03
   1.5693576e-03
   1.5645809e-03
   1.5598195e-03
   1.5550734e-03
   1.5503425e-03
   1.5456269e-03
   1.5409263e-03
   1.5362408e-03
   1.5315704e-03
   1.5269150e-03
   1.5222745e-03
   1.5176489e-03
   1.5130381e-03
   1.5084422e-03
   1.5038610e-03
   1.4992945e-03
   1.4947426e-03
   1.4902054e-03
   1.4856827e-03
   1.4811746e-03
   1.4766809e-03
   1.4722016e-03
   1.4677367e-03
   1.4632861e-03
   1.4588499e-03
   1.4544278e-03
   1.4500199e-03
   1.4456262e-03
   1.4412466e-03
   1.4368811e-03
   1.4325295e-03
   1.4281919e-03
   1.4238683e-03
   1.4195585e-03
   1.4152625e-03
   1.4109804e-03
   1.4067119e-03
   1.4024572e-03
   1.3982161e-03
   1.3939887e-03
   1.3897747e-03
   1.3855744e-03
   1.3813875e-03
   1.3772140e-03
