   8.4994197e-02
   8.4928988e-02
   8.4863831e-02
   8.4798726e-02
   8.4733673e-02
   8.4668673e-02
   8.4603725e-02
   8.4538828e-02
   8.4473984e-02
   8.4409192e-02
   8.4344452e-02
   8.4279763e-02
   8.4215127e-02
   8.4150542e-02
   8.4086009e-02
   8.4021528e-02
   8.3957098e-02
   8.3892721e-02
   8.3828394e-02
   8.3764120e-02
   8.3699896e-02
   8.3635725e-02
   8.3571604e-02
   8.3507535e-02
   8.3443518e-02
   8.3379552e-02
   8.3315637e-02
   8.3251773e-02
   8.3187960e-02
   8.3124199e-02
   8.3060488e-02
   8.2996829e-02
   8.2933221e-02
   8.2869663e-02
   8.2806157e-02
   8.2742701e-02
   8.2679296e-02
   8.2615943e-02
   8.2552639e-02
   8.2489387e-02
   8.2426185e-02
   8.2363034e-02
   8.2299933e-02
   8.2236883e-02
   8.2173884e-02
   8.2110935e-02
   8.2048036e-02
   8.1985188e-02
   8.1922390e-02
   8.1859642e-02
   8.1796945e-02
   8.1734298e-02
   8.1671701e-02
   8.1609154e-02
   8.1546657e-02
   8.1484210e-02
   8.1421814e-02
   8.1359467e-02
   8.1297170e-02
   8.1234923e-02
   8.1172726e-02
   8.1110579e-02
   8.1048481e-02
   8.0986433e-02
   8.0924435e-02
   8.0862486e-02
   8.0800587e-02
   8.0738738e-02
   8.0676938e-02
   8.0615188e-02
   8.0553487e-02
   8.0491835e-02
   8.0430233e-02
   8.0368680e-02
   8.0307176e-02
   8.0245722e-02
   8.0184317e-02
   8.0122961e-02
   8.0061654e-02
   8.0000396e-02
   7.9939187e-02
   7.9878027e-02
   7.9816916e-02
   7.9755854e-02
   7.9694841e-02
   7.9633876e-02
   7.9572961e-02
   7.9512094e-02
   7.9451275e-02
   7.9390506e-02
   7.9329785e-02
   7.9269113e-02
   7.9208489e-02
   7.9147914e-02
   7.9087387e-02
   7.9026909e-02
   7.8966479e-02
   7.8906097e-02
   7.8845764e-02
   7.8785478e-02
   7.8725242e-02
   7.8666110e-02
   8.9305984e-02
   9.9731470e-02
   1.1032734e-01
   1.2083549e-01
   1.3127996e-01
   1.4168540e-01
   1.5207789e-01
   1.6248353e-01
   1.7293151e-01
   1.8345276e-01
   1.9407897e-01
   2.0484531e-01
   2.1579525e-01
   2.2697276e-01
   2.3843231e-01
   2.5023778e-01
   2.6246702e-01
   2.7521889e-01
   2.8861921e-01
   3.0283637e-01
   3.1810051e-01
   3.3473779e-01
   3.5321943e-01
   3.7426602e-01
   3.9905363e-01
   4.2956013e-01
   4.6944071e-01
   5.2611626e-01
   6.1672755e-01
   7.8828534e-01
   1.2088132e+00
   2.6974696e+00
   8.6282482e+00
   1.7282409e+01
   1.9202615e+01
   2.2006848e+01
   2.5300923e+01
   2.8080690e+01
   2.9992155e+01
   3.1036753e+01
   3.1333759e+01
   3.1027785e+01
   3.0258214e+01
   2.9148953e+01
   2.7805376e+01
   2.6314135e+01
   2.4744399e+01
   2.3149737e+01
   2.1570345e+01
   2.0035315e+01
   1.8430108e+01
   1.6925486e+01
   1.5534137e+01
   1.4262699e+01
   1.3110124e+01
   1.2071206e+01
   1.1138635e+01
   1.0304226e+01
   9.5595945e+00
   8.8965653e+00
   8.3073929e+00
   7.7848753e+00
   7.3223873e+00
   6.9138587e+00
   6.5537933e+00
   6.2372150e+00
   5.9596274e+00
   5.7169698e+00
   5.5055865e+00
   5.3221892e+00
   5.1638175e+00
   5.0278069e+00
   4.9117532e+00
   4.8135004e+00
   4.7311001e+00
   4.6627913e+00
   4.6070092e+00
   4.5623272e+00
   4.5274571e+00
   4.5012463e+00
   4.4826569e+00
   4.4707461e+00
   4.4646700e+00
   4.4636671e+00
   4.4670588e+00
   4.4742281e+00
   4.4846148e+00
   4.4977227e+00
   4.5131135e+00
   4.5303822e+00
   4.5491681e+00
   4.5691591e+00
   4.5900698e+00
   4.6116461e+00
   4.6336658e+00
   4.6559324e+00
   4.6782673e+00
   4.7005208e+00
   4.7225596e+00
   4.7442609e+00
   4.7655294e+00
   4.7862814e+00
   4.8064388e+00
   4.8259447e+00
   4.8447466e+00
   4.8628036e+00
   4.8800855e+00
   4.8965649e+00
   4.9122105e+00
   4.9270361e+00
   4.9410083e+00
   4.9541296e+00
   4.9664070e+00
   4.9778415e+00
   4.9884520e+00
   4.9982462e+00
   5.0072298e+00
   5.0154217e+00
   5.0228447e+00
   5.0295108e+00
   5.0354468e+00
   5.0406669e+00
   5.0452006e+00
   5.0490627e+00
   5.0522793e+00
   5.0548751e+00
   5.0568748e+00
   5.0582988e+00
   5.0591708e+00
   5.0595163e+00
   5.0593567e+00
   5.0587173e+00
   5.0576167e+00
   5.0560776e+00
   5.0541246e+00
   5.0517742e+00
   5.0490526e+00
   5.0459769e+00
   5.0425652e+00
   5.0388384e+00
   5.0348141e+00
   5.0305099e+00
   5.0259446e+00
   5.0211367e+00
   5.0160956e+00
   5.0108394e+00
   5.0053830e+00
   4.9997402e+00
   4.9939323e+00
   4.9879596e+00
   4.9818416e+00
   4.9755925e+00
   4.9692184e+00
   4.9627334e+00
   4.9561524e+00
   4.9494802e+00
   4.9427286e+00
   4.9359023e+00
   4.9290111e+00
   4.9220714e+00
   4.9150859e+00
   4.9080572e+00
   4.9009983e+00
   4.8939140e+00
   4.8868101e+00
   4.8796990e+00
   4.8725821e+00
   4.8654672e+00
   4.8583535e+00
   4.8512446e+00
   4.8441527e+00
   4.8370814e+00
   4.8300325e+00
   4.8230093e+00
   4.8160210e+00
   4.8090664e+00
   4.8021493e+00
   4.7952700e+00
   4.7884386e+00
   4.7816563e+00
   4.7749206e+00
   4.7682386e+00
   4.7616091e+00
   4.7550362e+00
   4.7485215e+00
   4.7420710e+00
   4.7356862e+00
   4.7293611e+00
   4.7231045e+00
   4.7169151e+00
   4.7107972e+00
   4.7047478e+00
   4.6987747e+00
   4.6928776e+00
   4.6870542e+00
   4.6813064e+00
   4.6756377e+00
   4.6700468e+00
   4.6645342e+00
   4.6591050e+00
   4.6537556e+00
   4.6484899e+00
   4.6433062e+00
   4.6382063e+00
   4.6331893e+00
   4.6282569e+00
   4.6234134e+00
   4.6186573e+00
   4.6139881e+00
   4.6094054e+00
   4.6049151e+00
   4.6005112e+00
   4.5961995e+00
   4.5919748e+00
   4.5878423e+00
   4.5838000e+00
   4.5798518e+00
   4.5759944e+00
   4.5722310e+00
   4.5685591e+00
   4.5649781e+00
   4.5614946e+00
   4.5581131e+00
   4.5548290e+00
   4.5516362e+00
   4.5485456e+00
   4.5455478e+00
   4.5426455e+00
   4.5398445e+00
   4.5371403e+00
   4.5345362e+00
   4.5320321e+00
   4.5296300e+00
   4.5273282e+00
   4.5251251e+00
   4.5230208e+00
   4.5210257e+00
   4.5191369e+00
   4.5173499e+00
   4.5156713e+00
   4.5140915e+00
   4.5126218e+00
   4.5112611e+00
   4.5100082e+00
   4.5088633e+00
   4.5078256e+00
   4.5068956e+00
   4.5060739e+00
   4.5053653e+00
   4.5047749e+00
   4.5043079e+00
   4.5039627e+00
   4.5037349e+00
   4.5036240e+00
   4.5036301e+00
   4.5037539e+00
   4.5039961e+00
   4.5043571e+00
   4.5048374e+00
   4.5054376e+00
   4.5061580e+00
   4.5069991e+00
   4.5079612e+00
   4.5090448e+00
   4.5102501e+00
   4.5115774e+00
   4.5130270e+00
   4.5145990e+00
   4.5162935e+00
   4.5181106e+00
   4.5200503e+00
   4.5221124e+00
   4.5242967e+00
   4.5266031e+00
   4.5290311e+00
   4.5315802e+00
   4.5342499e+00
   4.5370394e+00
   4.5399481e+00
   4.5429748e+00
   4.5461187e+00
   4.5493786e+00
   4.5527530e+00
   4.5562407e+00
   4.5598400e+00
   4.5635492e+00
   4.5673666e+00
   4.5712900e+00
   4.5753175e+00
   4.5794467e+00
   4.5836754e+00
   4.5880010e+00
   4.5924209e+00
   4.5969325e+00
   4.6015329e+00
   4.6062191e+00
   4.6109883e+00
   4.6158372e+00
   4.6207627e+00
   4.6257617e+00
   4.6308307e+00
   4.6359665e+00
   4.6411656e+00
   4.6464248e+00
   4.6517406e+00
   4.6571096e+00
   4.6625283e+00
   4.6679934e+00
   4.6735015e+00
   4.6790493e+00
   4.6846335e+00
   4.6902508e+00
   4.6958980e+00
   4.7015721e+00
   4.7072699e+00
   4.7129886e+00
   4.7187251e+00
   4.7244768e+00
   4.7302408e+00
   4.7360147e+00
   4.7417957e+00
   4.7475816e+00
   4.7533700e+00
   4.7591586e+00
   4.7649455e+00
   4.7707284e+00
   4.7765056e+00
   4.7822753e+00
   4.7880356e+00
   4.7937851e+00
   4.7995221e+00
   4.8052454e+00
   4.8109535e+00
   4.8166453e+00
   4.8223196e+00
   4.8279754e+00
   4.8336116e+00
   4.8392275e+00
   4.8448222e+00
   4.8503949e+00
   4.8559450e+00
   4.8614720e+00
   4.8669753e+00
   4.8724544e+00
   4.8779089e+00
   4.8833385e+00
   4.8887430e+00
   4.8941219e+00
   4.8994752e+00
   4.9048027e+00
   4.9101043e+00
   4.9153799e+00
   4.9206295e+00
   4.9258531e+00
   4.9310508e+00
   4.9362225e+00
   4.9413684e+00
   4.9464886e+00
   4.9515832e+00
   4.9566525e+00
   4.9616965e+00
   4.9667155e+00
   4.9717097e+00
   4.9766793e+00
   4.9816246e+00
   4.9865459e+00
   4.9914433e+00
   4.9963172e+00
   5.0011679e+00
   5.0059957e+00
   5.0108008e+00
   5.0155835e+00
   5.0203442e+00
   5.0250833e+00
   5.0298009e+00
   5.0344974e+00
   5.0391732e+00
   5.0438285e+00
   5.0484637e+00
   5.0530791e+00
   5.0576751e+00
   5.0622519e+00
   5.0668098e+00
   5.0713493e+00
   5.0758705e+00
   5.0803739e+00
   5.0848597e+00
   5.0893282e+00
   5.0937798e+00
   5.0982147e+00
   5.1026333e+00
   5.1070358e+00
   5.1114226e+00
   5.1157939e+00
   5.1201500e+00
   5.1244912e+00
   5.1288178e+00
   5.1331301e+00
   5.1374283e+00
   5.1417126e+00
   5.1459835e+00
   5.1502411e+00
   5.1544856e+00
   5.1587174e+00
   5.1629367e+00
   5.1671437e+00
   5.1713387e+00
   5.1755219e+00
   5.1796936e+00
   5.1838539e+00
   5.1880031e+00
   5.1921415e+00
   5.1962693e+00
   5.2003866e+00
   5.2044937e+00
   5.2085909e+00
   5.2126782e+00
   5.2167560e+00
   5.2208244e+00
   5.2248836e+00
   5.2289338e+00
   5.2329753e+00
   5.2370082e+00
   5.2410326e+00
   5.2450489e+00
   5.2490571e+00
   5.2530574e+00
   5.2570501e+00
   5.2610353e+00
   5.2650131e+00
   5.2689838e+00
   5.2729475e+00
   5.2769044e+00
   5.2808547e+00
   5.2847984e+00
   5.2887358e+00
   5.2926670e+00
   5.2965922e+00
   5.3005115e+00
   5.3044251e+00
   5.3083332e+00
   5.3122358e+00
   5.3161331e+00
   5.3200253e+00
   5.3239125e+00
   5.3277949e+00
   5.3316725e+00
   5.3355456e+00
   5.3394142e+00
   5.3432785e+00
   5.3471387e+00
   5.3509948e+00
   5.3548469e+00
   5.3586953e+00
   5.3625400e+00
   5.3663812e+00
   5.3702189e+00
   5.3740533e+00
   5.3778846e+00
   5.3817128e+00
   5.3855380e+00
   5.3893604e+00
   5.3931800e+00
   5.3969971e+00
   5.4008117e+00
   5.4046238e+00
   5.4084337e+00
   5.4122414e+00
   5.4160471e+00
   5.4198507e+00
   5.4236525e+00
   5.4274526e+00
   5.4312510e+00
   5.4350478e+00
   5.4388431e+00
   5.4426371e+00
   5.4464298e+00
   5.4502214e+00
   5.4540118e+00
   5.4578013e+00
   5.4615899e+00
   5.4653776e+00
   5.4691646e+00
   5.4729510e+00
   5.4767369e+00
   5.4805222e+00
   5.4843072e+00
   5.4880919e+00
   5.4918764e+00
   5.4956608e+00
   5.4994451e+00
   5.5032295e+00
   5.5070139e+00
   5.5107986e+00
   5.5145835e+00
   5.5183687e+00
   5.5221544e+00
   5.5259405e+00
   5.5297272e+00
   5.5335145e+00
   5.5373026e+00
   5.5410914e+00
   5.5448810e+00
   5.5486716e+00
   5.5524631e+00
   5.5562557e+00
   5.5600494e+00
   5.5638442e+00
   5.5676403e+00
   5.5714377e+00
   5.5752365e+00
   5.5790367e+00
   5.5828383e+00
   5.5866416e+00
   5.5904464e+00
   5.5942529e+00
   5.5980611e+00
   5.6018711e+00
   5.6056829e+00
   5.6094966e+00
   5.6133122e+00
   5.6171299e+00
   5.6209496e+00
   5.6247714e+00
   5.6285954e+00
   5.6324215e+00
   5.6362500e+00
   5.6400807e+00
   5.6439138e+00
   5.6477493e+00
   5.6515872e+00
   5.6554277e+00
   5.6592707e+00
   5.6631162e+00
   5.6669645e+00
   5.6708154e+00
   5.6746690e+00
   5.6785254e+00
   5.6823846e+00
   5.6862466e+00
   5.6901116e+00
   5.6939795e+00
   5.6978503e+00
   5.7017242e+00
   5.7056012e+00
   5.7094812e+00
   5.7133644e+00
   5.7172507e+00
   5.7211402e+00
   5.7250330e+00
   5.7289291e+00
   5.7328285e+00
   5.7367312e+00
   5.7406373e+00
   5.7445469e+00
   5.7484599e+00
   5.7523763e+00
   5.7562963e+00
   5.7602199e+00
   5.7641470e+00
   5.7680778e+00
   5.7720122e+00
   5.7759503e+00
   5.7798921e+00
   5.7838376e+00
   5.7877869e+00
   5.7917400e+00
   5.7956969e+00
   5.7996576e+00
   5.8036223e+00
   5.8075908e+00
   5.8115633e+00
   5.8155397e+00
   5.8195202e+00
   5.8235046e+00
   5.8274931e+00
   5.8314856e+00
   5.8354822e+00
   5.8394830e+00
   5.8434879e+00
   5.8474969e+00
   5.8515101e+00
   5.8555275e+00
   5.8595492e+00
   5.8635751e+00
   5.8676052e+00
   5.8716397e+00
   5.8756785e+00
   5.8797216e+00
   5.8837690e+00
   5.8878209e+00
   5.8918771e+00
   5.8959378e+00
   5.9000029e+00
   5.9040725e+00
   5.9081465e+00
   5.9122250e+00
   5.9163081e+00
   5.9203957e+00
   5.9244878e+00
   5.9285845e+00
   5.9326858e+00
   5.9367917e+00
   5.9409022e+00
   5.9450173e+00
   5.9491371e+00
   5.9532616e+00
   5.9573907e+00
   5.9615246e+00
   5.9656631e+00
   5.9698064e+00
   5.9739545e+00
   5.9781073e+00
   5.9822649e+00
   5.9864273e+00
   5.9905945e+00
   5.9947665e+00
   5.9989434e+00
   6.0031251e+00
   6.0073117e+00
   6.0115031e+00
   6.0156994e+00
   6.0199007e+00
   6.0241068e+00
   6.0283179e+00
   6.0325340e+00
   6.0367550e+00
   6.0409809e+00
   6.0452119e+00
   6.0494478e+00
   6.0536887e+00
   6.0579347e+00
   6.0621856e+00
   6.0664416e+00
   6.0707027e+00
   6.0749688e+00
   6.0792400e+00
   6.0835163e+00
   6.0877976e+00
   6.0920841e+00
   6.0963757e+00
   6.1006724e+00
   6.1049743e+00
   6.1092812e+00
   6.1135934e+00
   6.1179107e+00
   6.1222332e+00
   6.1265608e+00
   6.1308937e+00
   6.1352317e+00
   6.1395750e+00
   6.1439235e+00
   6.1482772e+00
   6.1526362e+00
   6.1570004e+00
   6.1613698e+00
   6.1657445e+00
   6.1701245e+00
   6.1745098e+00
   6.1789003e+00
   6.1832962e+00
   6.1876974e+00
   6.1921038e+00
   6.1965156e+00
   6.2009327e+00
   6.2053552e+00
   6.2097830e+00
   6.2142161e+00
   6.2186547e+00
   6.2230985e+00
   6.2275478e+00
   6.2320024e+00
   6.2364624e+00
   6.2409278e+00
   6.2453986e+00
   6.2498748e+00
   6.2543565e+00
   6.2588435e+00
   6.2633360e+00
   6.2678339e+00
   6.2723372e+00
   6.2768460e+00
   6.2813603e+00
   6.2858800e+00
   6.2904051e+00
   6.2949358e+00
   6.2994719e+00
   6.3040135e+00
   6.3085606e+00
   6.3131131e+00
   6.3176712e+00
   6.3222348e+00
   6.3268039e+00
   6.3313785e+00
   6.3359586e+00
   6.3405443e+00
   6.3451355e+00
   6.3497322e+00
   6.3543345e+00
   6.3589423e+00
   6.3635557e+00
   6.3681746e+00
   6.3727991e+00
   6.3774292e+00
   6.3820648e+00
   6.3867061e+00
   6.3913529e+00
   6.3960053e+00
   6.4006632e+00
   6.4053268e+00
   6.4099960e+00
   6.4146708e+00
   6.4193512e+00
   6.4240372e+00
   6.4287288e+00
   6.4334261e+00
   6.4381289e+00
   6.4428375e+00
   6.4475516e+00
   6.4522714e+00
   6.4569968e+00
   6.4617279e+00
   6.4664646e+00
   6.4712070e+00
   6.4759551e+00
   6.4807088e+00
   6.4854682e+00
   6.4902332e+00
   6.4950040e+00
   6.4997804e+00
   6.5045625e+00
   6.5093503e+00
   6.5141437e+00
   6.5189429e+00
   6.5237477e+00
   6.5285583e+00
   6.5333746e+00
   6.5381965e+00
   6.5430242e+00
   6.5478576e+00
   6.5526967e+00
   6.5575415e+00
   6.5623921e+00
   6.5672484e+00
   6.5721104e+00
   6.5769781e+00
   6.5818516e+00
   6.5867308e+00
   6.5916158e+00
   6.5965065e+00
   6.6014029e+00
   6.6063051e+00
   6.6112131e+00
   6.6161268e+00
   6.6210463e+00
   6.6259715e+00
   6.6309025e+00
   6.6358392e+00
   6.6407818e+00
   6.6457301e+00
   6.6506841e+00
   6.6556440e+00
   6.6606096e+00
   6.6655810e+00
   6.6705582e+00
   6.6755412e+00
   6.6805300e+00
   6.6855245e+00
   6.6905249e+00
   6.6955310e+00
   6.7005430e+00
   6.7055607e+00
   6.7105843e+00
   6.7156136e+00
   6.7206488e+00
   6.7256897e+00
   6.7307365e+00
   6.7357891e+00
   6.7408475e+00
   6.7459117e+00
   6.7509817e+00
   6.7560576e+00
   6.7611392e+00
   6.7662267e+00
   6.7713200e+00
   6.7764192e+00
   6.7815242e+00
   6.7866349e+00
   6.7917516e+00
   6.7968740e+00
   6.8020023e+00
   6.8071365e+00
   6.8122764e+00
   6.8174222e+00
   6.8225739e+00
   6.8277314e+00
   6.8328947e+00
   6.8380639e+00
   6.8432389e+00
   6.8484198e+00
   6.8536065e+00
   6.8587990e+00
   6.8639974e+00
   6.8692017e+00
   6.8744118e+00
   6.8796278e+00
   6.8848496e+00
   6.8900773e+00
   6.8953108e+00
   6.9005502e+00
   6.9057954e+00
   6.9110465e+00
   6.9163035e+00
   6.9215663e+00
   6.9268350e+00
   6.9321095e+00
   6.9373899e+00
   6.9426762e+00
   6.9479683e+00
   6.9532663e+00
   6.9585702e+00
   6.9638799e+00
   6.9691955e+00
   6.9745170e+00
   6.9798443e+00
   6.9851775e+00
   6.9905166e+00
   6.9958615e+00
   7.0012123e+00
   7.0065690e+00
   7.0119315e+00
   7.0172999e+00
   7.0226742e+00
   7.0280543e+00
   7.0334404e+00
   7.0388322e+00
   7.0442300e+00
   7.0496336e+00
   7.0550431e+00
   7.0604585e+00
   7.0658797e+00
   7.0713068e+00
   7.0767398e+00
   7.0821786e+00
   7.0876234e+00
   7.0930739e+00
   7.0985304e+00
   7.1039927e+00
   7.1094609e+00
   7.1149350e+00
   7.1204149e+00
   7.1259007e+00
   7.1313923e+00
   7.1368899e+00
   7.1423933e+00
   7.1479025e+00
   7.1534176e+00
   7.1589386e+00
   7.1644655e+00
   7.1699982e+00
   7.1755368e+00
   7.1810812e+00
   7.1866315e+00
   7.1921876e+00
   7.1977497e+00
   7.2033175e+00
   7.2088913e+00
   7.2144708e+00
   7.2200563e+00
   7.2256476e+00
   7.2312447e+00
   7.2368477e+00
   7.2424566e+00
   7.2480713e+00
   7.2536919e+00
   7.2593183e+00
   7.2649505e+00
   7.2705886e+00
   7.2762325e+00
   7.2818823e+00
   7.2875379e+00
   7.2931994e+00
   7.2988667e+00
   7.3045399e+00
   7.3102188e+00
   7.3159036e+00
   7.3215943e+00
   7.3272908e+00
   7.3329931e+00
   7.3387012e+00
   7.3444152e+00
   7.3501349e+00
   7.3558605e+00
   7.3615920e+00
   7.3673292e+00
   7.3730723e+00
   7.3788212e+00
   7.3845759e+00
   7.3903364e+00
   7.3961027e+00
   7.4018748e+00
   7.4076527e+00
   7.4134365e+00
   7.4192260e+00
   7.4250213e+00
   7.4308225e+00
   7.4366294e+00
   7.4424421e+00
   7.4482606e+00
   7.4540849e+00
   7.4599150e+00
   7.4657509e+00
   7.4715925e+00
   7.4774400e+00
   7.4832932e+00
   7.4891522e+00
   7.4950169e+00
   7.5008874e+00
   7.5067637e+00
   7.5126458e+00
   7.5185336e+00
   7.5244271e+00
   7.5303265e+00
   7.5362315e+00
   7.5421424e+00
   7.5480589e+00
   7.5539813e+00
   7.5599093e+00
   7.5658431e+00
   7.5717826e+00
   7.5777279e+00
   7.5836789e+00
   7.5896356e+00
   7.5955981e+00
   7.6015662e+00
   7.6075401e+00
   7.6135197e+00
   7.6195050e+00
   7.6254960e+00
   7.6314927e+00
   7.6374951e+00
   7.6435032e+00
   7.6495170e+00
   7.6555365e+00
   7.6615617e+00
   7.6675926e+00
   7.6736291e+00
   7.6796713e+00
   7.6857192e+00
   7.6917728e+00
   7.6978320e+00
   7.7038969e+00
   7.7099674e+00
   7.7160436e+00
   7.7221255e+00
   7.7282130e+00
   7.7343061e+00
   7.7404049e+00
   7.7465093e+00
   7.7526193e+00
   7.7587350e+00
   7.7648562e+00
   7.7709831e+00
   7.7771156e+00
   7.7832538e+00
   7.7893975e+00
   7.7955468e+00
   7.8017017e+00
   7.8078622e+00
   7.8140283e+00
   7.8202000e+00
   7.8263773e+00
   7.8325601e+00
   7.8387485e+00
   7.8449425e+00
   7.8511420e+00
   7.8573471e+00
   7.8635578e+00
   7.8697740e+00
   7.8759957e+00
   7.8822230e+00
   7.8884558e+00
   7.8946941e+00
   7.9009379e+00
   7.9071873e+00
   7.9134422e+00
   7.9197026e+00
   7.9259685e+00
   7.9322398e+00
   7.9385167e+00
   7.9447991e+00
   7.9510870e+00
   7.9573803e+00
   7.9636791e+00
   7.9699834e+00
   7.9762931e+00
   7.9826083e+00
   7.9889289e+00
   7.9952550e+00
   8.0015865e+00
   8.0079235e+00
   8.0142659e+00
   8.0206137e+00
   8.0269669e+00
   8.0333256e+00
   8.0396896e+00
   8.0460591e+00
   8.0524339e+00
   8.0588141e+00
   8.0651997e+00
   8.0715907e+00
   8.0779871e+00
   8.0843888e+00
   8.0907959e+00
   8.0972084e+00
   8.1036262e+00
   8.1100493e+00
   8.1164778e+00
   8.1229116e+00
   8.1293507e+00
   8.1357952e+00
   8.1422450e+00
   8.1487000e+00
   8.1551604e+00
   8.1616260e+00
   8.1680970e+00
   8.1745732e+00
   8.1810547e+00
   8.1875415e+00
   8.1940335e+00
   8.2005307e+00
   8.2070333e+00
   8.2135410e+00
   8.2200540e+00
   8.2265723e+00
   8.2330957e+00
   8.2396244e+00
   8.2461582e+00
   8.2526973e+00
   8.2592415e+00
   8.2657910e+00
   8.2723456e+00
   8.2789054e+00
   8.2854704e+00
   8.2920405e+00
   8.2986157e+00
   8.3051962e+00
   8.3117817e+00
   8.3183724e+00
   8.3249682e+00
   8.3315691e+00
   8.3381751e+00
   8.3447862e+00
   8.3514024e+00
   8.3580237e+00
   8.3646501e+00
   8.3712816e+00
   8.3779181e+00
   8.3845596e+00
   8.3912062e+00
   8.3978579e+00
   8.4045146e+00
   8.4111763e+00
   8.4178430e+00
   8.4245147e+00
   8.4311914e+00
   8.4378731e+00
   8.4445598e+00
   8.4512515e+00
   8.4579482e+00
   8.4646498e+00
   8.4713563e+00
   8.4780679e+00
   8.4847843e+00
   8.4915057e+00
   8.4982319e+00
   8.5049631e+00
   8.5116992e+00
   8.5184402e+00
   8.5251861e+00
   8.5319369e+00
   8.5386925e+00
   8.5454530e+00
   8.5522183e+00
   8.5589885e+00
   8.5657635e+00
   8.5725434e+00
   8.5793280e+00
   8.5861175e+00
   8.5929117e+00
   8.5997108e+00
   8.6065146e+00
   8.6133232e+00
   8.6201366e+00
   8.6269547e+00
   8.6337776e+00
   8.6406052e+00
   8.6474375e+00
   8.6542746e+00
   8.6611163e+00
   8.6679628e+00
   8.6748139e+00
   8.6816698e+00
   8.6885303e+00
   8.6953954e+00
   8.7022652e+00
   8.7091397e+00
   8.7160188e+00
   8.7229025e+00
   8.7297908e+00
   8.7366837e+00
   8.7435812e+00
   8.7504834e+00
   8.7573900e+00
   8.7643013e+00
   8.7712171e+00
   8.7781374e+00
   8.7850623e+00
   8.7919917e+00
   8.7989256e+00
   8.8058640e+00
   8.8128069e+00
   8.8197543e+00
   8.8267062e+00
   8.8336625e+00
   8.8406233e+00
   8.8475885e+00
   8.8545582e+00
   8.8615323e+00
   8.8685108e+00
   8.8754936e+00
   8.8824809e+00
   8.8894726e+00
   8.8964686e+00
   8.9034690e+00
   8.9104737e+00
   8.9174828e+00
   8.9244962e+00
   8.9315139e+00
   8.9385359e+00
   8.9455622e+00
   8.9525927e+00
   8.9596276e+00
   8.9666667e+00
   8.9737100e+00
   8.9807576e+00
   8.9878094e+00
   8.9948654e+00
   9.0019257e+00
   9.0089901e+00
   9.0160587e+00
   9.0231314e+00
   9.0302083e+00
   9.0372894e+00
   9.0443745e+00
   9.0514638e+00
   9.0585573e+00
   9.0656548e+00
   9.0727563e+00
   9.0798620e+00
   9.0869717e+00
   9.0940855e+00
   9.1012033e+00
   9.1083251e+00
   9.1154509e+00
   9.1225808e+00
   9.1297146e+00
   9.1368524e+00
   9.1439941e+00
   9.1511398e+00
   9.1582895e+00
   9.1654430e+00
   9.1726005e+00
   9.1797619e+00
   9.1869271e+00
   9.1940962e+00
   9.2012692e+00
   9.2084460e+00
   9.2156267e+00
   9.2228112e+00
   9.2299995e+00
   9.2371916e+00
   9.2443874e+00
   9.2515870e+00
   9.2587904e+00
   9.2659975e+00
   9.2732084e+00
   9.2804230e+00
   9.2876412e+00
   9.2948632e+00
   9.3020888e+00
   9.3093181e+00
   9.3165510e+00
   9.3237875e+00
   9.3310277e+00
   9.3382715e+00
   9.3455188e+00
   9.3527698e+00
   9.3600243e+00
   9.3672823e+00
   9.3745439e+00
   9.3818090e+00
   9.3890776e+00
   9.3963497e+00
   9.4036252e+00
   9.4109042e+00
   9.4181867e+00
   9.4254726e+00
   9.4327619e+00
   9.4400546e+00
   9.4473507e+00
   9.4546501e+00
   9.4619529e+00
   9.4692591e+00
   9.4765686e+00
   9.4838813e+00
   9.4911974e+00
   9.4985168e+00
   9.5058394e+00
   9.5131652e+00
   9.5204943e+00
   9.5278266e+00
   9.5351622e+00
   9.5425008e+00
   9.5498427e+00
   9.5571877e+00
   9.5645359e+00
   9.5718871e+00
   9.5792415e+00
   9.5865990e+00
   9.5939595e+00
   9.6013231e+00
   9.6086897e+00
   9.6160593e+00
   9.6234320e+00
   9.6308076e+00
   9.6381862e+00
   9.6455678e+00
   9.6529523e+00
   9.6603397e+00
   9.6677300e+00
   9.6751232e+00
   9.6825193e+00
   9.6899182e+00
   9.6973200e+00
   9.7047245e+00
   9.7121319e+00
   9.7195420e+00
   9.7269550e+00
   9.7343706e+00
   9.7417890e+00
   9.7492101e+00
   9.7566339e+00
   9.7640603e+00
   9.7714894e+00
   9.7789212e+00
   9.7863555e+00
   9.7937925e+00
   9.8012320e+00
   9.8086741e+00
   9.8161188e+00
   9.8235659e+00
   9.8310156e+00
   9.8384678e+00
   9.8459224e+00
   9.8533795e+00
   9.8608390e+00
   9.8683009e+00
   9.8757652e+00
   9.8832318e+00
   9.8907008e+00
   9.8981722e+00
   9.9056458e+00
   9.9131218e+00
   9.9206000e+00
   9.9280804e+00
   9.9355631e+00
   9.9430480e+00
   9.9505351e+00
   9.9580243e+00
   9.9655157e+00
   9.9730092e+00
   9.9805049e+00
   9.9880026e+00
   9.9955023e+00
   1.0003004e+01
   1.0010508e+01
   1.0018014e+01
   1.0025522e+01
   1.0033031e+01
   1.0040543e+01
   1.0048057e+01
   1.0055572e+01
   1.0063089e+01
   1.0070609e+01
   1.0078130e+01
   1.0085652e+01
   1.0093177e+01
   1.0100703e+01
   1.0108232e+01
   1.0115761e+01
   1.0123293e+01
   1.0130826e+01
   1.0138361e+01
   1.0145897e+01
   1.0153435e+01
   1.0160975e+01
   1.0168516e+01
   1.0176058e+01
   1.0183602e+01
   1.0191148e+01
   1.0198695e+01
   1.0206243e+01
   1.0213793e+01
   1.0221345e+01
   1.0228897e+01
   1.0236451e+01
   1.0244006e+01
   1.0251563e+01
   1.0259120e+01
   1.0266679e+01
   1.0274239e+01
   1.0281801e+01
   1.0289363e+01
   1.0296927e+01
   1.0304491e+01
   1.0312057e+01
   1.0319624e+01
   1.0327192e+01
   1.0334761e+01
   1.0342330e+01
   1.0349901e+01
   1.0357472e+01
   1.0365045e+01
   1.0372618e+01
   1.0380192e+01
   1.0387767e+01
   1.0395343e+01
   1.0402919e+01
   1.0410497e+01
   1.0418074e+01
   1.0425653e+01
   1.0433232e+01
   1.0440812e+01
   1.0448392e+01
   1.0455973e+01
   1.0463554e+01
   1.0471136e+01
   1.0478718e+01
   1.0486301e+01
   1.0493884e+01
   1.0501467e+01
   1.0509051e+01
   1.0516635e+01
   1.0524219e+01
   1.0531804e+01
   1.0539388e+01
   1.0546973e+01
   1.0554558e+01
   1.0562143e+01
   1.0569729e+01
   1.0577314e+01
   1.0584899e+01
   1.0592485e+01
   1.0600070e+01
   1.0607655e+01
   1.0615240e+01
   1.0622825e+01
   1.0630410e+01
   1.0637994e+01
   1.0645578e+01
   1.0653162e+01
   1.0660746e+01
   1.0668329e+01
   1.0675912e+01
   1.0683494e+01
   1.0691076e+01
   1.0698658e+01
   1.0706239e+01
   1.0713819e+01
   1.0721399e+01
   1.0728978e+01
   1.0736557e+01
   1.0744134e+01
   1.0751712e+01
   1.0759288e+01
   1.0766863e+01
   1.0774438e+01
   1.0782011e+01
   1.0789584e+01
   1.0797156e+01
   1.0804727e+01
   1.0812297e+01
   1.0819865e+01
   1.0827433e+01
   1.0834999e+01
   1.0842564e+01
   1.0850128e+01
   1.0857691e+01
   1.0865252e+01
   1.0872812e+01
   1.0880370e+01
   1.0887927e+01
   1.0895483e+01
   1.0903037e+01
   1.0910590e+01
   1.0918140e+01
   1.0925690e+01
   1.0933237e+01
   1.0940783e+01
   1.0948327e+01
   1.0955869e+01
   1.0963409e+01
   1.0970948e+01
   1.0978484e+01
   1.0986019e+01
   1.0993551e+01
   1.1001081e+01
   1.1008609e+01
   1.1016135e+01
   1.1023659e+01
   1.1031181e+01
   1.1038700e+01
   1.1046216e+01
   1.1053731e+01
   1.1061243e+01
   1.1068752e+01
   1.1076259e+01
   1.1083763e+01
   1.1091264e+01
   1.1098763e+01
   1.1106259e+01
   1.1113753e+01
   1.1121243e+01
   1.1128731e+01
   1.1136215e+01
   1.1143697e+01
   1.1151175e+01
   1.1158650e+01
   1.1166123e+01
   1.1173592e+01
   1.1181057e+01
   1.1188520e+01
   1.1195979e+01
   1.1203434e+01
   1.1210887e+01
   1.1218335e+01
   1.1225780e+01
   1.1233222e+01
   1.1240659e+01
   1.1248093e+01
   1.1255523e+01
   1.1262949e+01
   1.1270372e+01
   1.1277790e+01
   1.1285204e+01
   1.1292614e+01
   1.1300021e+01
   1.1307422e+01
   1.1314820e+01
   1.1322213e+01
   1.1329602e+01
   1.1336986e+01
   1.1344366e+01
   1.1351741e+01
   1.1359112e+01
   1.1366478e+01
   1.1373839e+01
   1.1381195e+01
   1.1388547e+01
   1.1395893e+01
   1.1403235e+01
   1.1410571e+01
   1.1417902e+01
   1.1425228e+01
   1.1432549e+01
   1.1439865e+01
   1.1447175e+01
   1.1454479e+01
   1.1461778e+01
   1.1469072e+01
   1.1476359e+01
   1.1483641e+01
   1.1490917e+01
   1.1498187e+01
   1.1505452e+01
   1.1512710e+01
   1.1519962e+01
   1.1527208e+01
   1.1534448e+01
   1.1541681e+01
   1.1548908e+01
   1.1556128e+01
   1.1563342e+01
   1.1570550e+01
   1.1577750e+01
   1.1584944e+01
   1.1592131e+01
   1.1599311e+01
   1.1606484e+01
   1.1613650e+01
   1.1620809e+01
   1.1627961e+01
   1.1635105e+01
   1.1642242e+01
   1.1649371e+01
   1.1656493e+01
   1.1663607e+01
   1.1670714e+01
   1.1677813e+01
   1.1684903e+01
   1.1691986e+01
   1.1699061e+01
   1.1706127e+01
   1.1713186e+01
   1.1720236e+01
   1.1727277e+01
   1.1734310e+01
   1.1741335e+01
   1.1748351e+01
   1.1755358e+01
   1.1762356e+01
   1.1769345e+01
   1.1776325e+01
   1.1783297e+01
   1.1790258e+01
   1.1797211e+01
   1.1804154e+01
   1.1811088e+01
   1.1818012e+01
   1.1824926e+01
   1.1831831e+01
   1.1838725e+01
   1.1845610e+01
   1.1852484e+01
   1.1859349e+01
   1.1866203e+01
   1.1873046e+01
   1.1879880e+01
   1.1886702e+01
   1.1893514e+01
   1.1900315e+01
   1.1907105e+01
   1.1913884e+01
   1.1920652e+01
   1.1927409e+01
   1.1934154e+01
   1.1940888e+01
   1.1947611e+01
   1.1954322e+01
   1.1961020e+01
   1.1967708e+01
   1.1974383e+01
   1.1981046e+01
   1.1987696e+01
   1.1994335e+01
   1.2000961e+01
   1.2007574e+01
   1.2014175e+01
   1.2020762e+01
   1.2027337e+01
   1.2033899e+01
   1.2040448e+01
   1.2046983e+01
   1.2053505e+01
   1.2060014e+01
   1.2066508e+01
   1.2072989e+01
   1.2079456e+01
   1.2085909e+01
   1.2092348e+01
   1.2098773e+01
   1.2105183e+01
   1.2111579e+01
   1.2117959e+01
   1.2124325e+01
   1.2130677e+01
   1.2137013e+01
   1.2143333e+01
   1.2149639e+01
   1.2155929e+01
   1.2162203e+01
   1.2168461e+01
   1.2174704e+01
   1.2180931e+01
   1.2187141e+01
   1.2193335e+01
   1.2199512e+01
   1.2205673e+01
   1.2211817e+01
   1.2217945e+01
   1.2224055e+01
   1.2230148e+01
   1.2236223e+01
   1.2242281e+01
   1.2248322e+01
   1.2254344e+01
   1.2260349e+01
   1.2266335e+01
   1.2272303e+01
   1.2278253e+01
   1.2284184e+01
   1.2290096e+01
   1.2295989e+01
   1.2301864e+01
   1.2307719e+01
   1.2313554e+01
   1.2319370e+01
   1.2325167e+01
   1.2330943e+01
   1.2336699e+01
   1.2342435e+01
   1.2348151e+01
   1.2353846e+01
   1.2359520e+01
   1.2365173e+01
   1.2370805e+01
   1.2376416e+01
   1.2382006e+01
   1.2387573e+01
   1.2393119e+01
   1.2398643e+01
   1.2404145e+01
   1.2409624e+01
   1.2415081e+01
   1.2420515e+01
   1.2425926e+01
   1.2431313e+01
   1.2436678e+01
   1.2442019e+01
   1.2447336e+01
   1.2452629e+01
   1.2457899e+01
   1.2463144e+01
   1.2468364e+01
   1.2473560e+01
   1.2478731e+01
   1.2483876e+01
   1.2488997e+01
   1.2494092e+01
   1.2499161e+01
   1.2504204e+01
   1.2509221e+01
   1.2514212e+01
   1.2519176e+01
   1.2524114e+01
   1.2529024e+01
   1.2533908e+01
   1.2538763e+01
   1.2543591e+01
   1.2548392e+01
   1.2553164e+01
   1.2557908e+01
   1.2562623e+01
   1.2567310e+01
   1.2571967e+01
   1.2576596e+01
   1.2581195e+01
   1.2585764e+01
   1.2590303e+01
   1.2594813e+01
   1.2599291e+01
   1.2603740e+01
   1.2608157e+01
   1.2612543e+01
   1.2616898e+01
   1.2621221e+01
   1.2625513e+01
   1.2629772e+01
   1.2633999e+01
   1.2638193e+01
   1.2642355e+01
   1.2646483e+01
   1.2650578e+01
   1.2654640e+01
   1.2658667e+01
   1.2662661e+01
   1.2666620e+01
   1.2670544e+01
   1.2674434e+01
   1.2678288e+01
   1.2682107e+01
   1.2685890e+01
   1.2689637e+01
   1.2693348e+01
   1.2697023e+01
   1.2700660e+01
   1.2704261e+01
   1.2707824e+01
   1.2711349e+01
   1.2714837e+01
   1.2718286e+01
   1.2721697e+01
   1.2725069e+01
   1.2728401e+01
   1.2731695e+01
   1.2734949e+01
   1.2738163e+01
   1.2741336e+01
   1.2744469e+01
   1.2747561e+01
   1.2750612e+01
   1.2753622e+01
   1.2756590e+01
   1.2759516e+01
   1.2762399e+01
   1.2765240e+01
   1.2768037e+01
   1.2770792e+01
   1.2773502e+01
   1.2776169e+01
   1.2778792e+01
   1.2781370e+01
   1.2783903e+01
   1.2786391e+01
   1.2788833e+01
   1.2791230e+01
   1.2793580e+01
   1.2795884e+01
   1.2798140e+01
   1.2800350e+01
   1.2802512e+01
   1.2804627e+01
   1.2806693e+01
   1.2808710e+01
   1.2810679e+01
   1.2812599e+01
   1.2814469e+01
   1.2816289e+01
   1.2818058e+01
   1.2819778e+01
   1.2821446e+01
   1.2823063e+01
   1.2824628e+01
   1.2826141e+01
   1.2827602e+01
   1.2829010e+01
   1.2830365e+01
   1.2831667e+01
   1.2832915e+01
   1.2834109e+01
   1.2835248e+01
   1.2836332e+01
   1.2837361e+01
   1.2838334e+01
   1.2839251e+01
   1.2840112e+01
   1.2840916e+01
   1.2841663e+01
   1.2842353e+01
   1.2842984e+01
   1.2843558e+01
   1.2844072e+01
   1.2844528e+01
   1.2844924e+01
   1.2845261e+01
   1.2845537e+01
   1.2845752e+01
   1.2845907e+01
   1.2846000e+01
   1.2846032e+01
   1.2846001e+01
   1.2845908e+01
   1.2845752e+01
   1.2845532e+01
   1.2845249e+01
   1.2844902e+01
   1.2844490e+01
   1.2844013e+01
   1.2843471e+01
   1.2842863e+01
   1.2842189e+01
   1.2841448e+01
   1.2840641e+01
   1.2839766e+01
   1.2838823e+01
   1.2837812e+01
   1.2836733e+01
   1.2835584e+01
   1.2834367e+01
   1.2833079e+01
   1.2831721e+01
   1.2830292e+01
   1.2828793e+01
   1.2827222e+01
   1.2825579e+01
   1.2823863e+01
   1.2822075e+01
   1.2820214e+01
   1.2818279e+01
   1.2816271e+01
   1.2814188e+01
   1.2812030e+01
   1.2809797e+01
   1.2807488e+01
   1.2805103e+01
   1.2802642e+01
   1.2800103e+01
   1.2797488e+01
   1.2794794e+01
   1.2792023e+01
   1.2789173e+01
   1.2786244e+01
   1.2783235e+01
   1.2780147e+01
   1.2776978e+01
   1.2773729e+01
   1.2770398e+01
   1.2766986e+01
   1.2763492e+01
   1.2759916e+01
   1.2756257e+01
   1.2752515e+01
   1.2748689e+01
   1.2744779e+01
   1.2740785e+01
   1.2736705e+01
   1.2732541e+01
   1.2728291e+01
   1.2723955e+01
   1.2719532e+01
   1.2715022e+01
   1.2710425e+01
   1.2705741e+01
   1.2700968e+01
   1.2696107e+01
   1.2691156e+01
   1.2686117e+01
   1.2680988e+01
   1.2675768e+01
   1.2670458e+01
   1.2665057e+01
   1.2659565e+01
   1.2653981e+01
   1.2648305e+01
   1.2642537e+01
   1.2636675e+01
   1.2630721e+01
   1.2624672e+01
   1.2618530e+01
   1.2612293e+01
   1.2605962e+01
   1.2599535e+01
   1.2593013e+01
   1.2586395e+01
   1.2579681e+01
   1.2572870e+01
   1.2565962e+01
   1.2558957e+01
   1.2551854e+01
   1.2544654e+01
   1.2537355e+01
   1.2529957e+01
   1.2522460e+01
   1.2514863e+01
   1.2507167e+01
   1.2499371e+01
   1.2491475e+01
   1.2483478e+01
   1.2475380e+01
   1.2467180e+01
   1.2458879e+01
   1.2450476e+01
   1.2441971e+01
   1.2433363e+01
   1.2424652e+01
   1.2415838e+01
   1.2406921e+01
   1.2397900e+01
   1.2388775e+01
   1.2379545e+01
   1.2370212e+01
   1.2360773e+01
   1.2351229e+01
   1.2341581e+01
   1.2331826e+01
   1.2321966e+01
   1.2312000e+01
   1.2301927e+01
   1.2291748e+01
   1.2281462e+01
   1.2271070e+01
   1.2260570e+01
   1.2249963e+01
   1.2239248e+01
   1.2228426e+01
   1.2217495e+01
   1.2206457e+01
   1.2195310e+01
   1.2184055e+01
   1.2172691e+01
   1.2161219e+01
   1.2149637e+01
   1.2137947e+01
   1.2126147e+01
   1.2114238e+01
   1.2102219e+01
   1.2090091e+01
   1.2077854e+01
   1.2065506e+01
   1.2053048e+01
   1.2040481e+01
   1.2027804e+01
   1.2015016e+01
   1.2002118e+01
   1.1989110e+01
   1.1975991e+01
   1.1962762e+01
   1.1949423e+01
   1.1935974e+01
   1.1922413e+01
   1.1908743e+01
   1.1894961e+01
   1.1881070e+01
   1.1867068e+01
   1.1852955e+01
   1.1838732e+01
   1.1824398e+01
   1.1809954e+01
   1.1795400e+01
   1.1780735e+01
   1.1765960e+01
   1.1751075e+01
   1.1736080e+01
   1.1720974e+01
   1.1705759e+01
   1.1690434e+01
   1.1675000e+01
   1.1659455e+01
   1.1643801e+01
   1.1628038e+01
   1.1612166e+01
   1.1596184e+01
   1.1580094e+01
   1.1563895e+01
   1.1547587e+01
   1.1531171e+01
   1.1514647e+01
   1.1498015e+01
   1.1481275e+01
   1.1464427e+01
   1.1447472e+01
   1.1430410e+01
   1.1413241e+01
   1.1395965e+01
   1.1378584e+01
   1.1361095e+01
   1.1343502e+01
   1.1325802e+01
   1.1307997e+01
   1.1290088e+01
   1.1272073e+01
   1.1253955e+01
   1.1235732e+01
   1.1217405e+01
   1.1198976e+01
   1.1180443e+01
   1.1161807e+01
   1.1143069e+01
   1.1124230e+01
   1.1105288e+01
   1.1086246e+01
   1.1067103e+01
   1.1047859e+01
   1.1028515e+01
   1.1009072e+01
   1.0989530e+01
   1.0969889e+01
   1.0950150e+01
   1.0930313e+01
   1.0910378e+01
   1.0890347e+01
   1.0870219e+01
   1.0849995e+01
   1.0829676e+01
   1.0809262e+01
   1.0788753e+01
   1.0768151e+01
   1.0747454e+01
   1.0726665e+01
   1.0705784e+01
   1.0684810e+01
   1.0663745e+01
   1.0642590e+01
   1.0621344e+01
   1.0600008e+01
   1.0578583e+01
   1.0557070e+01
   1.0535468e+01
   1.0513779e+01
   1.0492004e+01
   1.0470142e+01
   1.0448194e+01
   1.0426161e+01
   1.0404044e+01
   1.0381843e+01
   1.0359559e+01
   1.0337192e+01
   1.0314743e+01
   1.0292213e+01
   1.0269602e+01
   1.0246912e+01
   1.0224142e+01
   1.0201293e+01
   1.0178366e+01
   1.0155362e+01
   1.0132281e+01
   1.0109124e+01
   1.0085892e+01
   1.0062585e+01
   1.0039204e+01
   1.0015750e+01
   9.9922232e+00
   9.9686247e+00
   9.9449551e+00
   9.9212151e+00
   9.8974053e+00
   9.8735266e+00
   9.8495797e+00
   9.8255652e+00
   9.8014840e+00
   9.7773368e+00
   9.7531242e+00
   9.7288472e+00
   9.7045063e+00
   9.6801024e+00
   9.6556363e+00
   9.6311086e+00
   9.6065202e+00
   9.5818719e+00
   9.5571644e+00
   9.5323984e+00
   9.5075749e+00
   9.4826945e+00
   9.4577580e+00
   9.4327663e+00
   9.4077202e+00
   9.3826203e+00
   9.3574677e+00
   9.3322630e+00
   9.3070070e+00
   9.2817007e+00
   9.2563447e+00
   9.2309400e+00
   9.2054873e+00
   9.1799875e+00
   9.1544414e+00
   9.1288499e+00
   9.1032137e+00
   9.0775337e+00
   9.0518108e+00
   9.0260458e+00
   9.0002396e+00
   8.9743929e+00
   8.9485068e+00
   8.9225820e+00
   8.8966194e+00
   8.8706198e+00
   8.8445842e+00
   8.8185134e+00
   8.7924083e+00
   8.7662697e+00
   8.7400986e+00
   8.7138958e+00
   8.6876623e+00
   8.6613988e+00
   8.6351064e+00
   8.6087858e+00
   8.5824381e+00
   8.5560641e+00
   8.5296647e+00
   8.5032408e+00
   8.4767934e+00
   8.4503234e+00
   8.4238316e+00
   8.3973190e+00
   8.3707866e+00
   8.3442352e+00
   8.3176658e+00
   8.2910794e+00
   8.2644768e+00
   8.2378589e+00
   8.2112269e+00
   8.1845815e+00
   8.1579237e+00
   8.1312546e+00
   8.1045750e+00
   8.0778858e+00
   8.0511882e+00
   8.0244829e+00
   7.9977710e+00
   7.9710534e+00
   7.9443312e+00
   7.9176052e+00
   7.8908765e+00
   7.8641460e+00
   7.8374147e+00
   7.8106835e+00
   7.7839535e+00
   7.7572256e+00
   7.7305009e+00
   7.7037802e+00
   7.6770646e+00
   7.6503551e+00
   7.6236526e+00
   7.5969582e+00
   7.5702728e+00
   7.5435974e+00
   7.5169330e+00
   7.4902807e+00
   7.4636413e+00
   7.4370158e+00
   7.4104054e+00
   7.3838109e+00
   7.3572334e+00
   7.3306738e+00
   7.3041331e+00
   7.2776124e+00
   7.2511126e+00
   7.2246346e+00
   7.1981796e+00
   7.1717484e+00
   7.1453421e+00
   7.1189617e+00
   7.0926080e+00
   7.0662821e+00
   7.0399851e+00
   7.0137177e+00
   6.9874811e+00
   6.9612762e+00
   6.9351039e+00
   6.9089652e+00
   6.8828612e+00
   6.8567926e+00
   6.8307605e+00
   6.8047659e+00
   6.7788097e+00
   6.7528927e+00
   6.7270161e+00
   6.7011806e+00
   6.6753872e+00
   6.6496369e+00
   6.6239305e+00
   6.5982690e+00
   6.5726533e+00
   6.5470842e+00
   6.5215627e+00
   6.4960897e+00
   6.4706660e+00
   6.4452925e+00
   6.4199701e+00
   6.3946996e+00
   6.3694820e+00
   6.3443179e+00
   6.3192084e+00
   6.2941542e+00
   6.2691561e+00
   6.2442150e+00
   6.2193316e+00
   6.1945069e+00
   6.1697414e+00
   6.1450362e+00
   6.1203918e+00
   6.0958092e+00
   6.0712889e+00
   6.0468319e+00
   6.0224388e+00
   5.9981104e+00
   5.9738473e+00
   5.9496503e+00
   5.9255201e+00
   5.9014574e+00
   5.8774629e+00
   5.8535371e+00
   5.8296809e+00
   5.8058948e+00
   5.7821794e+00
   5.7585355e+00
   5.7349635e+00
   5.7114642e+00
   5.6880381e+00
   5.6646858e+00
   5.6414079e+00
   5.6182049e+00
   5.5950774e+00
   5.5720259e+00
   5.5490509e+00
   5.5261531e+00
   5.5033327e+00
   5.4805905e+00
   5.4579267e+00
   5.4353420e+00
   5.4128368e+00
   5.3904114e+00
   5.3680664e+00
   5.3458022e+00
   5.3236192e+00
   5.3015177e+00
   5.2794982e+00
   5.2575610e+00
   5.2357065e+00
   5.2139351e+00
   5.1922470e+00
   5.1706427e+00
   5.1491224e+00
   5.1276864e+00
   5.1063351e+00
   5.0850687e+00
   5.0638874e+00
   5.0427915e+00
   5.0217814e+00
   5.0008571e+00
   4.9800190e+00
   4.9592671e+00
   4.9386018e+00
   4.9180233e+00
   4.8975316e+00
   4.8771269e+00
   4.8568095e+00
   4.8365794e+00
   4.8164368e+00
   4.7963818e+00
   4.7764144e+00
   4.7565348e+00
   4.7367431e+00
   4.7170394e+00
   4.6974236e+00
   4.6778960e+00
   4.6584564e+00
   4.6391049e+00
   4.6198415e+00
   4.6006663e+00
   4.5815793e+00
   4.5625804e+00
   4.5436696e+00
   4.5248468e+00
   4.5061121e+00
   4.4874654e+00
   4.4689066e+00
   4.4504356e+00
   4.4320524e+00
   4.4137568e+00
   4.3955488e+00
   4.3774283e+00
   4.3593950e+00
   4.3414489e+00
   4.3235899e+00
   4.3058178e+00
   4.2881324e+00
   4.2705336e+00
   4.2530212e+00
   4.2355950e+00
   4.2182548e+00
   4.2010004e+00
   4.1838316e+00
   4.1667482e+00
   4.1497499e+00
   4.1328365e+00
   4.1160078e+00
   4.0992635e+00
   4.0826034e+00
   4.0660271e+00
   4.0495344e+00
   4.0331251e+00
   4.0167987e+00
   4.0005551e+00
   3.9843940e+00
   3.9683149e+00
   3.9523176e+00
   3.9364017e+00
   3.9205670e+00
   3.9048131e+00
   3.8891396e+00
   3.8735461e+00
   3.8580324e+00
   3.8425980e+00
   3.8272426e+00
   3.8119658e+00
   3.7967671e+00
   3.7816463e+00
   3.7666030e+00
   3.7516366e+00
   3.7367466e+00
   3.7219324e+00
   3.7071948e+00
   3.6925326e+00
   3.6779446e+00
   3.6634310e+00
   3.6489918e+00
   3.6346262e+00
   3.6203334e+00
   3.6061133e+00
   3.5919654e+00
   3.5778892e+00
   3.5638842e+00
   3.5499499e+00
   3.5360858e+00
   3.5222916e+00
   3.5085665e+00
   3.4949103e+00
   3.4813223e+00
   3.4678020e+00
   3.4543490e+00
   3.4409627e+00
   3.4276427e+00
   3.4143882e+00
   3.4011990e+00
   3.3880744e+00
   3.3750138e+00
   3.3620168e+00
   3.3490828e+00
   3.3362112e+00
   3.3234016e+00
   3.3106533e+00
   3.2979657e+00
   3.2853385e+00
   3.2727710e+00
   3.2602625e+00
   3.2478124e+00
   3.2354204e+00
   3.2230862e+00
   3.2108080e+00
   3.1985861e+00
   3.1864207e+00
   3.1743102e+00
   3.1622535e+00
   3.1502503e+00
   3.1383013e+00
   3.1264050e+00
   3.1145596e+00
   3.1027668e+00
   3.0910260e+00
   3.0793337e+00
   3.0676900e+00
   3.0614456e+00
   3.0497905e+00
   3.0381441e+00
   3.0265555e+00
   3.0150198e+00
   3.0035367e+00
   2.9921047e+00
   2.9807242e+00
   2.9693911e+00
   2.9581093e+00
   2.9468751e+00
   2.9356867e+00
   2.9245441e+00
   2.9134477e+00
   2.9023930e+00
   2.8913841e+00
   2.8804160e+00
   2.8694865e+00
   2.8586045e+00
   2.8477581e+00
   2.8369480e+00
   2.8261845e+00
   2.8154544e+00
   2.8047594e+00
   2.7941019e+00
   2.7834765e+00
   2.7728896e+00
   2.7623345e+00
   2.7518132e+00
   2.7413246e+00
   2.7308654e+00
   2.7204394e+00
   2.7100435e+00
   2.6996721e+00
   2.6893374e+00
   2.6790272e+00
   2.6687440e+00
   2.6584883e+00
   2.6482575e+00
   2.6380520e+00
   2.6278740e+00
   2.6177190e+00
   2.6075866e+00
   2.5974770e+00
   2.5873763e+00
   2.5773193e+00
   2.5672818e+00
   2.5572568e+00
   2.5472492e+00
   2.5372674e+00
   2.5273019e+00
   2.5173511e+00
   2.5074228e+00
   2.4975077e+00
   2.4876092e+00
   2.4777276e+00
   2.4678596e+00
   2.4580067e+00
   2.4481673e+00
   2.4383410e+00
   2.4285072e+00
   2.4187271e+00
   2.4089386e+00
   2.3991599e+00
   2.3893931e+00
   2.3796353e+00
   2.3698885e+00
   2.3601476e+00
   2.3504198e+00
   2.3406962e+00
   2.3309827e+00
   2.3212767e+00
   2.3115761e+00
   2.3018819e+00
   2.2921946e+00
   2.2825091e+00
   2.2728334e+00
   2.2631569e+00
   2.2534900e+00
   2.2438240e+00
   2.2341593e+00
   2.2245024e+00
   2.2148414e+00
   2.2051903e+00
   2.1955356e+00
   2.1858847e+00
   2.1762344e+00
   2.1665849e+00
   2.1569354e+00
   2.1472856e+00
   2.1376366e+00
   2.1279879e+00
   2.1183374e+00
   2.1086865e+00
   2.0990347e+00
   2.0893797e+00
   2.0797259e+00
   2.0700700e+00
   2.0604111e+00
   2.0507474e+00
   2.0410890e+00
   2.0314241e+00
   2.0217569e+00
   2.0120882e+00
   2.0024162e+00
   1.9927421e+00
   1.9830645e+00
   1.9733844e+00
   1.9637028e+00
   1.9540157e+00
   1.9443297e+00
   1.9346394e+00
   1.9249466e+00
   1.9152528e+00
   1.9055554e+00
   1.8958531e+00
   1.8861534e+00
   1.8764506e+00
   1.8667447e+00
   1.8570387e+00
   1.8473307e+00
   1.8376212e+00
   1.8279118e+00
   1.8182016e+00
   1.8084920e+00
   1.7987816e+00
   1.7890717e+00
   1.7793627e+00
   1.7696548e+00
   1.7599471e+00
   1.7502444e+00
   1.7405425e+00
   1.7308418e+00
   1.7211481e+00
   1.7114557e+00
   1.7017689e+00
   1.6920867e+00
   1.6824104e+00
   1.6727395e+00
   1.6630754e+00
   1.6534171e+00
   1.6437697e+00
   1.6341294e+00
   1.6244987e+00
   1.6148776e+00
   1.6052655e+00
   1.5956674e+00
   1.5860808e+00
   1.5765048e+00
   1.5669450e+00
   1.5573949e+00
   1.5478680e+00
   1.5383527e+00
   1.5288535e+00
   1.5193722e+00
   1.5099104e+00
   1.5004668e+00
   1.4910432e+00
   1.4816412e+00
   1.4722610e+00
   1.4629032e+00
   1.4535693e+00
   1.4442597e+00
   1.4349763e+00
   1.4257179e+00
   1.4164886e+00
   1.4072852e+00
   1.3981139e+00
   1.3889701e+00
   1.3798589e+00
   1.3707782e+00
   1.3617320e+00
   1.3527192e+00
   1.3437404e+00
   1.3347977e+00
   1.3258866e+00
   1.3170221e+00
   1.3081918e+00
   1.2994001e+00
   1.2906491e+00
   1.2819387e+00
   1.2732705e+00
   1.2646450e+00
   1.2560631e+00
   1.2475255e+00
   1.2390332e+00
   1.2305873e+00
   1.2221880e+00
   1.2138365e+00
   1.2055335e+00
   1.1972797e+00
   1.1890762e+00
   1.1809233e+00
   1.1728214e+00
   1.1647713e+00
   1.1567757e+00
   1.1488320e+00
   1.1409431e+00
   1.1331090e+00
   1.1253301e+00
   1.1176074e+00
   1.1099404e+00
   1.1023311e+00
   1.0947781e+00
   1.0872851e+00
   1.0798496e+00
   1.0724725e+00
   1.0651558e+00
   1.0578975e+00
   1.0507004e+00
   1.0435641e+00
   1.0364881e+00
   1.0294732e+00
   1.0225198e+00
   1.0156280e+00
   1.0087985e+00
   1.0020311e+00
   9.9532528e-01
   9.8868348e-01
   9.8210348e-01
   9.7558656e-01
   9.6913255e-01
   9.6274161e-01
   9.5641368e-01
   9.5014869e-01
   9.4394732e-01
   9.3780907e-01
   9.3173351e-01
   9.2572175e-01
   9.1977256e-01
   9.1388663e-01
   9.0806289e-01
   9.0230305e-01
   8.9660542e-01
   8.9097005e-01
   8.8539724e-01
   8.7988633e-01
   8.7443694e-01
   8.6904984e-01
   8.6372457e-01
   8.5846000e-01
   8.5325628e-01
   8.4811371e-01
   8.4303094e-01
   8.3800865e-01
   8.3304590e-01
   8.2814243e-01
   8.2329837e-01
   8.1851273e-01
   8.1378550e-01
   8.0911628e-01
   8.0450444e-01
   7.9994969e-01
   7.9545183e-01
   7.9101035e-01
   7.8662464e-01
   7.8229420e-01
   7.7801868e-01
   7.7379827e-01
   7.6963140e-01
   7.6551843e-01
   7.6145876e-01
   7.5745075e-01
   7.5349648e-01
   7.4959302e-01
   7.4574085e-01
   7.4193890e-01
   7.3818687e-01
   7.3448651e-01
   7.3083407e-01
   7.2723030e-01
   7.2367428e-01
   7.2016635e-01
   7.1670585e-01
   7.1329157e-01
   7.0992336e-01
   7.0660071e-01
   7.0332309e-01
   7.0009020e-01
   6.9690074e-01
   6.9375543e-01
   6.9065273e-01
   6.8759267e-01
   6.8457413e-01
   6.8159738e-01
   6.7866125e-01
   6.7576560e-01
   6.7290963e-01
   6.7009309e-01
   6.6731550e-01
   6.6457605e-01
   6.6187431e-01
   6.5920991e-01
   6.5658243e-01
   6.5399126e-01
   6.5143579e-01
   6.4891516e-01
   6.4643003e-01
   6.4397917e-01
   6.4156177e-01
   6.3917804e-01
   6.3682716e-01
   6.3450889e-01
   6.3222221e-01
   6.2996736e-01
   6.2774336e-01
   6.2554993e-01
   6.2338651e-01
   6.2125304e-01
   6.1914828e-01
   6.1707280e-01
   6.1502586e-01
   6.1300657e-01
   6.1101489e-01
   6.0904988e-01
   6.0711215e-01
   6.0520040e-01
   6.0331447e-01
   6.0145413e-01
   5.9961863e-01
   5.9780794e-01
   5.9602158e-01
   5.9425913e-01
   5.9252009e-01
   5.9080386e-01
   5.8911080e-01
   5.8744020e-01
   5.8579151e-01
   5.8416461e-01
   5.8255879e-01
   5.8097424e-01
   5.7940996e-01
   5.7786648e-01
   5.7634281e-01
   5.7483870e-01
   5.7335391e-01
   5.7188798e-01
   5.7044096e-01
   5.6901232e-01
   5.6760142e-01
   5.6620877e-01
   5.6483335e-01
   5.6347475e-01
   5.6213375e-01
   5.6080917e-01
   5.5950062e-01
   5.5820835e-01
   5.5693146e-01
   5.5567078e-01
   5.5442472e-01
   5.5319367e-01
   5.5197791e-01
   5.5077641e-01
   5.4958901e-01
   5.4841558e-01
   5.4725569e-01
   5.4610931e-01
   5.4497689e-01
   5.4385705e-01
   5.4274985e-01
   5.4165544e-01
   5.4057332e-01
   5.3950369e-01
   5.3844580e-01
   5.3739959e-01
   5.3636500e-01
   5.3534129e-01
   5.3432950e-01
   5.3332819e-01
   5.3233803e-01
   5.3135816e-01
   5.3038869e-01
   5.2942940e-01
   5.2848018e-01
   5.2754069e-01
   5.2661091e-01
   5.2569083e-01
   5.2477994e-01
   5.2387809e-01
   5.2298557e-01
   5.2210163e-01
   5.2122634e-01
   5.2036005e-01
   5.1950193e-01
   5.1865186e-01
   5.1781011e-01
   5.1697604e-01
   5.1615013e-01
   5.1533185e-01
   5.1452118e-01
   5.1371786e-01
   5.1292178e-01
   5.1213228e-01
   5.1135090e-01
   5.1057593e-01
   5.0980750e-01
   5.0904617e-01
   5.0829111e-01
   5.0754245e-01
   5.0680036e-01
   5.0606444e-01
   5.0533450e-01
   5.0461060e-01
   5.0389250e-01
   5.0318015e-01
   5.0247372e-01
   5.0177240e-01
   5.0107701e-01
   5.0038698e-01
   4.9970217e-01
   4.9902289e-01
   4.9834828e-01
   4.9767898e-01
   4.9701449e-01
   4.9635476e-01
   4.9569984e-01
   4.9504972e-01
   4.9440409e-01
   4.9376305e-01
   4.9312625e-01
   4.9249420e-01
   4.9186627e-01
   4.9124256e-01
   4.9062279e-01
   4.9000754e-01
   4.8939589e-01
   4.8878828e-01
   4.8818460e-01
   4.8758472e-01
   4.8698880e-01
   4.8639633e-01
   4.8580729e-01
   4.8522218e-01
   4.8464038e-01
   4.8406177e-01
   4.8348683e-01
   4.8291526e-01
   4.8234699e-01
   4.8178163e-01
   4.8121975e-01
   4.8066079e-01
   4.8010489e-01
   4.7955199e-01
   4.7900185e-01
   4.7845503e-01
   4.7791088e-01
   4.7736923e-01
   4.7683067e-01
   4.7629490e-01
   4.7576178e-01
   4.7523105e-01
   4.7470290e-01
   4.7417765e-01
   4.7365471e-01
   4.7313386e-01
   4.7261613e-01
   4.7210025e-01
   4.7158703e-01
   4.7107544e-01
   4.7056725e-01
   4.7006049e-01
   4.6955595e-01
   4.6905370e-01
   4.6855406e-01
   4.6805611e-01
   4.6755961e-01
   4.6706634e-01
   4.6657450e-01
   4.6608456e-01
   4.6559654e-01
   4.6511043e-01
   4.6462637e-01
   4.6414412e-01
   4.6366357e-01
   4.6318510e-01
   4.6270796e-01
   4.6223259e-01
   4.6175955e-01
   4.6128777e-01
   4.6081751e-01
   4.6034906e-01
   4.5988243e-01
   4.5941723e-01
   4.5895357e-01
   4.5849138e-01
   4.5803069e-01
   4.5757159e-01
   4.5711402e-01
   4.5665794e-01
   4.5620333e-01
   4.5574963e-01
   4.5529804e-01
   4.5484770e-01
   4.5439832e-01
   4.5395087e-01
   4.5350440e-01
   4.5305933e-01
   4.5261504e-01
   4.5217283e-01
   4.5173128e-01
   4.5129146e-01
   4.5085250e-01
   4.5041462e-01
   4.4997848e-01
   4.4954321e-01
   4.4910896e-01
   4.4867588e-01
   4.4824404e-01
   4.4781343e-01
   4.4738386e-01
   4.4695528e-01
   4.4652776e-01
   4.4610102e-01
   4.4567607e-01
   4.4525169e-01
   4.4482838e-01
   4.4440593e-01
   4.4398476e-01
   4.4356437e-01
   4.4314513e-01
   4.4272673e-01
   4.4230932e-01
   4.4189292e-01
   4.4147734e-01
   4.4106276e-01
   4.4064897e-01
   4.4023629e-01
   4.3982405e-01
   4.3941300e-01
   4.3900303e-01
   4.3859378e-01
   4.3818521e-01
   4.3777739e-01
   4.3737053e-01
   4.3696488e-01
   4.3655966e-01
   4.3615509e-01
   4.3575194e-01
   4.3534885e-01
   4.3494714e-01
   4.3454605e-01
   4.3414543e-01
   4.3374592e-01
   4.3334682e-01
   4.3294881e-01
   4.3255120e-01
   4.3215425e-01
   4.3175854e-01
   4.3136304e-01
   4.3096874e-01
   4.3057467e-01
   4.3018175e-01
   4.2978910e-01
   4.2939755e-01
   4.2900631e-01
   4.2861569e-01
   4.2822619e-01
   4.2783694e-01
   4.2744831e-01
   4.2706080e-01
   4.2667350e-01
   4.2628681e-01
   4.2590123e-01
   4.2551586e-01
   4.2513111e-01
   4.2474735e-01
   4.2436386e-01
   4.2398097e-01
   4.2359867e-01
   4.2321696e-01
   4.2283629e-01
   4.2245580e-01
   4.2207589e-01
   4.2169658e-01
   4.2131784e-01
   4.2094007e-01
   4.2056250e-01
   4.2018549e-01
   4.1980904e-01
   4.1943316e-01
   4.1905782e-01
   4.1868304e-01
   4.1830881e-01
   4.1793515e-01
   4.1756203e-01
   4.1718959e-01
   4.1681759e-01
   4.1644603e-01
   4.1607476e-01
   4.1570458e-01
   4.1533459e-01
   4.1496489e-01
   4.1459596e-01
   4.1422767e-01
   4.1385983e-01
   4.1349242e-01
   4.1312526e-01
   4.1275891e-01
   4.1239307e-01
   4.1202769e-01
   4.1166272e-01
   4.1129800e-01
   4.1093431e-01
   4.1057077e-01
   4.1020751e-01
   4.0984505e-01
   4.0948303e-01
   4.0912120e-01
   4.0876007e-01
   4.0839958e-01
   4.0803947e-01
   4.0767972e-01
   4.0732024e-01
   4.0696156e-01
   4.0660317e-01
   4.0624503e-01
   4.0588766e-01
   4.0553065e-01
   4.0517384e-01
   4.0481771e-01
   4.0446216e-01
   4.0410699e-01
   4.0375216e-01
   4.0339758e-01
   4.0304375e-01
   4.0269026e-01
   4.0233698e-01
   4.0198446e-01
   4.0163226e-01
   4.0128028e-01
   4.0092905e-01
   4.0057786e-01
   4.0022727e-01
   3.9987738e-01
   3.9952749e-01
   3.9917836e-01
   3.9882951e-01
   3.9848087e-01
   3.9813295e-01
   3.9778508e-01
   3.9743779e-01
   3.9709121e-01
   3.9674469e-01
   3.9639858e-01
   3.9605288e-01
   3.9570764e-01
   3.9536281e-01
   3.9501838e-01
   3.9467435e-01
   3.9433071e-01
   3.9398746e-01
   3.9364460e-01
   3.9330213e-01
   3.9296005e-01
   3.9261836e-01
   3.9227706e-01
   3.9193613e-01
   3.9159560e-01
   3.9125544e-01
   3.9091567e-01
   3.9057628e-01
   3.9023727e-01
   3.8989863e-01
   3.8956037e-01
   3.8922249e-01
   3.8888499e-01
   3.8854786e-01
   3.8821110e-01
   3.8787471e-01
   3.8753869e-01
   3.8720305e-01
   3.8686777e-01
   3.8653286e-01
   3.8619832e-01
   3.8586414e-01
   3.8553033e-01
   3.8519689e-01
   3.8486380e-01
   3.8453108e-01
   3.8419872e-01
   3.8386672e-01
   3.8353508e-01
   3.8320380e-01
   3.8287287e-01
   3.8254231e-01
   3.8221210e-01
   3.8188224e-01
   3.8155274e-01
   3.8122359e-01
   3.8089479e-01
   3.8056635e-01
   3.8023825e-01
   3.7991051e-01
   3.7958312e-01
   3.7925607e-01
   3.7892937e-01
   3.7860302e-01
   3.7827702e-01
   3.7795136e-01
   3.7762604e-01
   3.7730107e-01
   3.7697645e-01
   3.7665216e-01
   3.7632822e-01
   3.7600461e-01
   3.7568135e-01
   3.7535843e-01
   3.7503584e-01
   3.7471360e-01
   3.7439169e-01
   3.7407012e-01
   3.7374888e-01
   3.7342798e-01
   3.7310741e-01
   3.7278718e-01
   3.7246728e-01
   3.7214771e-01
   3.7182848e-01
   3.7150957e-01
   3.7119100e-01
   3.7087276e-01
   3.7055485e-01
   3.7023726e-01
   3.6992000e-01
   3.6960308e-01
   3.6928647e-01
   3.6897020e-01
   3.6865425e-01
   3.6833862e-01
   3.6802332e-01
   3.6770834e-01
   3.6739369e-01
   3.6707936e-01
   3.6676535e-01
   3.6645166e-01
   3.6613830e-01
   3.6582525e-01
   3.6551253e-01
   3.6520012e-01
   3.6488803e-01
   3.6457626e-01
   3.6426481e-01
   3.6395367e-01
   3.6364285e-01
   3.6333235e-01
   3.6302216e-01
   3.6271229e-01
   3.6240273e-01
   3.6209348e-01
   3.6178455e-01
   3.6147593e-01
   3.6116762e-01
   3.6085963e-01
   3.6055194e-01
   3.6024457e-01
   3.5993751e-01
   3.5963075e-01
   3.5932431e-01
   3.5901817e-01
   3.5871234e-01
   3.5840682e-01
   3.5810161e-01
   3.5779670e-01
   3.5749210e-01
   3.5718780e-01
   3.5688381e-01
   3.5658013e-01
   3.5627675e-01
   3.5597367e-01
   3.5567089e-01
   3.5536842e-01
   3.5506625e-01
   3.5476438e-01
   3.5446282e-01
   3.5416155e-01
   3.5386058e-01
   3.5355992e-01
   3.5325955e-01
   3.5295948e-01
   3.5265972e-01
   3.5236024e-01
   3.5206107e-01
   3.5176220e-01
   3.5146362e-01
   3.5116533e-01
   3.5086735e-01
   3.5056966e-01
   3.5027226e-01
   3.4997516e-01
   3.4967835e-01
   3.4938183e-01
   3.4908561e-01
   3.4878968e-01
   3.4849405e-01
   3.4819870e-01
   3.4790365e-01
   3.4760889e-01
   3.4731442e-01
   3.4702024e-01
   3.4672635e-01
   3.4643274e-01
   3.4613943e-01
   3.4584641e-01
   3.4555367e-01
   3.4526122e-01
   3.4496906e-01
   3.4467719e-01
   3.4438560e-01
   3.4409430e-01
   3.4380328e-01
   3.4351255e-01
   3.4322211e-01
   3.4293195e-01
   3.4264207e-01
   3.4235248e-01
   3.4206317e-01
   3.4177414e-01
   3.4148539e-01
   3.4119693e-01
   3.4090875e-01
   3.4062085e-01
   3.4033323e-01
   3.4004589e-01
   3.3975883e-01
   3.3947206e-01
   3.3918556e-01
   3.3889934e-01
   3.3861339e-01
   3.3832773e-01
   3.3804235e-01
   3.3775724e-01
   3.3747241e-01
   3.3718785e-01
   3.3690357e-01
   3.3661957e-01
   3.3633585e-01
   3.3605239e-01
   3.3576922e-01
   3.3548632e-01
   3.3520369e-01
   3.3492133e-01
   3.3463925e-01
   3.3435744e-01
   3.3407591e-01
   3.3379465e-01
   3.3351365e-01
   3.3323293e-01
   3.3295249e-01
   3.3267231e-01
   3.3239240e-01
   3.3211276e-01
   3.3183340e-01
   3.3155430e-01
   3.3127547e-01
   3.3099691e-01
   3.3071862e-01
   3.3044059e-01
   3.3016284e-01
   3.2988535e-01
   3.2960812e-01
   3.2933117e-01
   3.2905448e-01
   3.2877805e-01
   3.2850190e-01
   3.2822600e-01
   3.2795037e-01
   3.2767501e-01
   3.2739991e-01
   3.2712507e-01
   3.2685050e-01
   3.2657619e-01
   3.2630214e-01
   3.2602836e-01
   3.2575484e-01
   3.2548158e-01
   3.2520858e-01
   3.2493584e-01
   3.2466336e-01
   3.2439115e-01
   3.2411919e-01
   3.2384749e-01
   3.2357605e-01
   3.2330488e-01
   3.2303396e-01
   3.2276329e-01
   3.2249289e-01
   3.2222274e-01
   3.2195286e-01
   3.2168322e-01
   3.2141385e-01
   3.2114473e-01
   3.2087587e-01
   3.2060726e-01
   3.2033891e-01
   3.2007082e-01
   3.1980298e-01
   3.1953539e-01
   3.1926806e-01
   3.1900098e-01
   3.1873416e-01
   3.1846758e-01
   3.1820127e-01
   3.1793520e-01
   3.1766939e-01
   3.1740382e-01
   3.1713851e-01
   3.1687345e-01
   3.1660865e-01
   3.1634409e-01
   3.1607978e-01
   3.1581573e-01
   3.1555192e-01
   3.1528836e-01
   3.1502505e-01
   3.1476199e-01
   3.1449918e-01
   3.1423662e-01
   3.1397431e-01
   3.1371224e-01
   3.1345042e-01
   3.1318885e-01
   3.1292752e-01
   3.1266644e-01
   3.1240561e-01
   3.1214502e-01
   3.1188468e-01
   3.1162458e-01
   3.1136473e-01
   3.1110512e-01
   3.1084576e-01
   3.1058664e-01
   3.1032776e-01
   3.1006913e-01
   3.0981074e-01
   3.0955259e-01
   3.0929469e-01
   3.0903702e-01
   3.0877960e-01
   3.0852243e-01
   3.0826549e-01
   3.0800879e-01
   3.0775234e-01
   3.0749612e-01
   3.0724015e-01
   3.0698441e-01
   3.0672892e-01
   3.0647366e-01
   3.0621864e-01
   3.0596386e-01
   3.0570932e-01
   3.0545502e-01
   3.0520096e-01
   3.0494713e-01
   3.0469354e-01
   3.0444019e-01
   3.0418707e-01
   3.0393419e-01
   3.0368155e-01
   3.0342914e-01
   3.0317697e-01
   3.0292503e-01
   3.0267333e-01
   3.0242187e-01
   3.0217063e-01
   3.0191964e-01
   3.0166887e-01
   3.0141834e-01
   3.0116804e-01
   3.0091798e-01
   3.0066815e-01
   3.0041855e-01
   3.0016918e-01
   2.9992004e-01
   2.9967114e-01
   2.9942247e-01
   2.9917403e-01
   2.9892582e-01
   2.9867784e-01
   2.9843009e-01
   2.9818257e-01
   2.9793528e-01
   2.9768822e-01
   2.9744138e-01
   2.9719478e-01
   2.9694841e-01
   2.9670226e-01
   2.9645635e-01
   2.9621066e-01
   2.9596519e-01
   2.9571996e-01
   2.9547495e-01
   2.9523017e-01
   2.9498562e-01
   2.9474129e-01
   2.9449719e-01
   2.9425331e-01
   2.9400966e-01
   2.9376623e-01
   2.9352303e-01
   2.9328006e-01
   2.9303731e-01
   2.9279478e-01
   2.9255247e-01
   2.9231039e-01
   2.9206854e-01
   2.9182690e-01
   2.9158549e-01
   2.9134430e-01
   2.9110334e-01
   2.9086259e-01
   2.9062207e-01
   2.9038177e-01
   2.9014169e-01
   2.8990183e-01
   2.8966220e-01
   2.8942278e-01
   2.8918358e-01
   2.8894460e-01
   2.8870585e-01
   2.8846731e-01
   2.8822899e-01
   2.8799089e-01
   2.8775301e-01
   2.8751535e-01
   2.8727790e-01
   2.8704068e-01
   2.8680367e-01
   2.8656688e-01
   2.8633031e-01
   2.8609395e-01
   2.8585781e-01
   2.8562189e-01
   2.8538618e-01
   2.8515069e-01
   2.8491541e-01
   2.8468035e-01
   2.8444551e-01
   2.8421088e-01
   2.8397646e-01
   2.8374226e-01
   2.8350827e-01
   2.8327450e-01
   2.8304094e-01
   2.8280760e-01
   2.8257447e-01
   2.8234155e-01
   2.8210884e-01
   2.8187635e-01
   2.8164407e-01
   2.8141200e-01
   2.8118014e-01
   2.8094850e-01
   2.8071706e-01
   2.8048584e-01
   2.8025483e-01
   2.8002402e-01
   2.7979343e-01
   2.7956305e-01
   2.7933288e-01
   2.7910292e-01
   2.7887317e-01
   2.7864362e-01
   2.7841429e-01
   2.7818517e-01
   2.7795625e-01
   2.7772754e-01
   2.7749904e-01
   2.7727075e-01
   2.7704266e-01
   2.7681478e-01
   2.7658711e-01
   2.7635965e-01
   2.7613239e-01
   2.7590534e-01
   2.7567850e-01
   2.7545186e-01
   2.7522543e-01
   2.7499920e-01
   2.7477318e-01
   2.7454736e-01
   2.7432175e-01
   2.7409634e-01
   2.7387114e-01
   2.7364614e-01
   2.7342134e-01
   2.7319675e-01
   2.7297236e-01
   2.7274818e-01
   2.7252419e-01
   2.7230041e-01
   2.7207684e-01
   2.7185346e-01
   2.7163029e-01
   2.7140732e-01
   2.7118455e-01
   2.7096198e-01
   2.7073962e-01
   2.7051745e-01
   2.7029548e-01
   2.7007372e-01
   2.6985216e-01
   2.6963079e-01
   2.6940963e-01
   2.6918866e-01
   2.6896790e-01
   2.6874733e-01
   2.6852696e-01
   2.6830680e-01
   2.6808683e-01
   2.6786705e-01
   2.6764748e-01
   2.6742811e-01
   2.6720893e-01
   2.6698995e-01
   2.6677116e-01
   2.6655258e-01
   2.6633419e-01
   2.6611599e-01
   2.6589800e-01
   2.6568020e-01
   2.6546259e-01
   2.6524518e-01
   2.6502797e-01
   2.6481095e-01
   2.6459413e-01
   2.6437750e-01
   2.6416107e-01
   2.6394483e-01
   2.6372878e-01
   2.6351293e-01
   2.6329727e-01
   2.6308181e-01
   2.6286654e-01
   2.6265146e-01
   2.6243658e-01
   2.6222189e-01
   2.6200739e-01
   2.6179308e-01
   2.6157897e-01
   2.6136504e-01
   2.6115131e-01
   2.6093777e-01
   2.6072442e-01
   2.6051127e-01
   2.6029830e-01
   2.6008552e-01
   2.5987294e-01
   2.5966054e-01
   2.5944834e-01
   2.5923632e-01
   2.5902450e-01
   2.5881286e-01
   2.5860142e-01
   2.5839016e-01
   2.5817909e-01
   2.5796821e-01
   2.5775752e-01
   2.5754701e-01
   2.5733670e-01
   2.5712657e-01
   2.5691663e-01
   2.5670687e-01
   2.5649731e-01
   2.5628793e-01
   2.5607874e-01
   2.5586973e-01
   2.5566091e-01
   2.5545228e-01
   2.5524383e-01
   2.5503557e-01
   2.5482749e-01
   2.5461960e-01
   2.5441190e-01
   2.5420438e-01
   2.5399704e-01
   2.5378989e-01
   2.5358292e-01
   2.5337614e-01
   2.5316954e-01
   2.5296313e-01
   2.5275690e-01
   2.5255085e-01
   2.5234498e-01
   2.5213930e-01
   2.5193380e-01
   2.5172849e-01
   2.5152336e-01
   2.5131840e-01
   2.5111363e-01
   2.5090905e-01
   2.5070464e-01
   2.5050042e-01
   2.5029637e-01
   2.5009251e-01
   2.4988883e-01
   2.4968533e-01
   2.4948201e-01
   2.4927887e-01
   2.4907591e-01
   2.4887313e-01
   2.4867053e-01
   2.4846811e-01
   2.4826587e-01
   2.4806381e-01
   2.4786193e-01
   2.4766022e-01
   2.4745870e-01
   2.4725735e-01
   2.4705618e-01
   2.4685519e-01
   2.4665438e-01
   2.4645375e-01
   2.4625329e-01
   2.4605301e-01
   2.4585290e-01
   2.4565298e-01
   2.4545323e-01
   2.4525366e-01
   2.4505426e-01
   2.4485504e-01
   2.4465599e-01
   2.4445713e-01
   2.4425843e-01
   2.4405991e-01
   2.4386157e-01
   2.4366340e-01
   2.4346541e-01
   2.4326759e-01
   2.4306995e-01
   2.4287248e-01
   2.4267519e-01
   2.4247807e-01
   2.4228112e-01
   2.4208435e-01
   2.4188775e-01
   2.4169132e-01
   2.4149507e-01
   2.4129899e-01
   2.4110308e-01
   2.4090734e-01
   2.4071178e-01
   2.4051639e-01
   2.4032117e-01
   2.4012612e-01
   2.3993125e-01
   2.3973654e-01
   2.3954201e-01
   2.3934765e-01
   2.3915346e-01
   2.3895944e-01
   2.3876559e-01
   2.3857191e-01
   2.3837840e-01
   2.3818506e-01
   2.3799189e-01
   2.3779889e-01
   2.3760606e-01
   2.3741340e-01
   2.3722091e-01
   2.3702859e-01
   2.3683644e-01
   2.3664445e-01
   2.3645264e-01
   2.3626099e-01
   2.3606951e-01
   2.3587820e-01
   2.3568705e-01
   2.3549608e-01
   2.3530527e-01
   2.3511462e-01
   2.3492415e-01
   2.3473384e-01
   2.3454370e-01
   2.3435373e-01
   2.3416392e-01
   2.3397427e-01
   2.3378480e-01
   2.3359549e-01
   2.3340634e-01
   2.3321736e-01
   2.3302855e-01
   2.3283990e-01
   2.3265142e-01
   2.3246310e-01
   2.3227495e-01
   2.3208696e-01
   2.3189913e-01
   2.3171147e-01
   2.3152398e-01
   2.3133664e-01
   2.3114947e-01
   2.3096247e-01
   2.3077563e-01
   2.3058895e-01
   2.3040243e-01
   2.3021608e-01
   2.3002989e-01
   2.2984386e-01
   2.2965799e-01
   2.2947229e-01
   2.2928675e-01
   2.2910137e-01
   2.2891615e-01
   2.2873109e-01
   2.2854620e-01
   2.2836146e-01
   2.2817689e-01
   2.2799248e-01
   2.2780823e-01
   2.2762414e-01
   2.2744021e-01
   2.2725644e-01
   2.2707283e-01
   2.2688938e-01
   2.2670609e-01
   2.2652296e-01
   2.2633998e-01
   2.2615717e-01
   2.2597452e-01
   2.2579202e-01
   2.2560969e-01
   2.2542751e-01
   2.2524549e-01
   2.2506363e-01
   2.2488193e-01
   2.2470039e-01
   2.2451900e-01
   2.2433777e-01
   2.2415670e-01
   2.2397579e-01
   2.2379503e-01
   2.2361443e-01
   2.2343399e-01
   2.2325370e-01
   2.2307357e-01
   2.2289360e-01
   2.2271378e-01
   2.2253412e-01
   2.2235462e-01
   2.2217527e-01
   2.2199607e-01
   2.2181704e-01
   2.2163815e-01
   2.2145943e-01
   2.2128085e-01
   2.2110244e-01
   2.2092417e-01
   2.2074606e-01
   2.2056811e-01
   2.2039031e-01
   2.2021266e-01
   2.2003517e-01
   2.1985783e-01
   2.1968065e-01
   2.1950362e-01
   2.1932674e-01
   2.1915001e-01
   2.1897344e-01
   2.1879702e-01
   2.1862075e-01
   2.1844464e-01
   2.1826868e-01
   2.1809287e-01
   2.1791721e-01
   2.1774170e-01
   2.1756635e-01
   2.1739115e-01
   2.1721610e-01
   2.1704120e-01
   2.1686645e-01
   2.1669185e-01
   2.1651741e-01
   2.1634311e-01
   2.1616896e-01
   2.1599497e-01
   2.1582112e-01
   2.1564743e-01
   2.1547389e-01
   2.1530049e-01
   2.1512725e-01
   2.1495415e-01
   2.1478120e-01
   2.1460841e-01
   2.1443576e-01
   2.1426326e-01
   2.1409091e-01
   2.1391871e-01
   2.1374665e-01
   2.1357475e-01
   2.1340299e-01
   2.1323138e-01
   2.1305992e-01
   2.1288861e-01
   2.1271744e-01
   2.1254643e-01
   2.1237556e-01
   2.1220483e-01
   2.1203426e-01
   2.1186383e-01
   2.1169354e-01
   2.1152341e-01
   2.1135342e-01
   2.1118357e-01
   2.1101387e-01
   2.1084432e-01
   2.1067492e-01
   2.1050566e-01
   2.1033654e-01
   2.1016757e-01
   2.0999875e-01
   2.0983007e-01
   2.0966154e-01
   2.0949315e-01
   2.0932491e-01
   2.0915681e-01
   2.0898885e-01
   2.0882104e-01
   2.0865337e-01
   2.0848585e-01
   2.0831847e-01
   2.0815124e-01
   2.0798415e-01
   2.0781720e-01
   2.0765040e-01
   2.0748373e-01
   2.0731722e-01
   2.0715084e-01
   2.0698461e-01
   2.0681852e-01
   2.0665257e-01
   2.0648676e-01
   2.0632110e-01
   2.0615558e-01
   2.0599020e-01
   2.0582496e-01
   2.0565987e-01
   2.0549491e-01
   2.0533010e-01
   2.0516543e-01
   2.0500090e-01
   2.0483651e-01
   2.0467226e-01
   2.0450815e-01
   2.0434418e-01
   2.0418036e-01
   2.0401667e-01
   2.0385312e-01
   2.0368972e-01
   2.0352645e-01
   2.0336332e-01
   2.0320033e-01
   2.0303749e-01
   2.0287478e-01
   2.0271221e-01
   2.0254978e-01
   2.0238748e-01
   2.0222533e-01
   2.0206332e-01
   2.0190144e-01
   2.0173970e-01
   2.0157810e-01
   2.0141664e-01
   2.0125532e-01
   2.0109413e-01
   2.0093309e-01
   2.0077218e-01
   2.0061140e-01
   2.0045077e-01
   2.0029027e-01
   2.0012991e-01
   1.9996968e-01
   1.9980960e-01
   1.9964965e-01
   1.9948983e-01
   1.9933015e-01
   1.9917061e-01
   1.9901121e-01
   1.9885194e-01
   1.9869280e-01
   1.9853380e-01
   1.9837494e-01
   1.9821621e-01
   1.9805762e-01
   1.9789917e-01
   1.9774084e-01
   1.9758266e-01
   1.9742461e-01
   1.9726669e-01
   1.9710891e-01
   1.9695126e-01
   1.9679375e-01
   1.9663637e-01
   1.9647912e-01
   1.9632201e-01
   1.9616503e-01
   1.9600819e-01
   1.9585148e-01
   1.9569490e-01
   1.9553845e-01
   1.9538214e-01
   1.9522597e-01
   1.9506992e-01
   1.9491401e-01
   1.9475823e-01
   1.9460258e-01
   1.9444707e-01
   1.9429168e-01
   1.9413643e-01
   1.9398132e-01
   1.9382633e-01
   1.9367147e-01
   1.9351675e-01
   1.9336216e-01
   1.9320770e-01
   1.9305337e-01
   1.9289917e-01
   1.9274510e-01
   1.9259117e-01
   1.9243736e-01
   1.9228369e-01
   1.9213014e-01
   1.9197673e-01
   1.9182345e-01
   1.9167029e-01
   1.9151727e-01
   1.9136438e-01
   1.9121161e-01
   1.9105898e-01
   1.9090647e-01
   1.9075410e-01
   1.9060185e-01
   1.9044974e-01
   1.9029775e-01
   1.9014589e-01
   1.8999416e-01
   1.8984256e-01
   1.8969108e-01
   1.8953974e-01
   1.8938852e-01
   1.8923743e-01
   1.8908647e-01
   1.8893564e-01
   1.8878494e-01
   1.8863436e-01
   1.8848391e-01
   1.8833359e-01
   1.8818339e-01
   1.8803333e-01
   1.8788339e-01
   1.8773357e-01
   1.8758389e-01
   1.8743433e-01
   1.8728489e-01
   1.8713559e-01
   1.8698641e-01
   1.8683735e-01
   1.8668842e-01
   1.8653962e-01
   1.8639094e-01
   1.8624239e-01
   1.8609397e-01
   1.8594567e-01
   1.8579750e-01
   1.8564945e-01
   1.8550152e-01
   1.8535373e-01
   1.8520605e-01
   1.8505850e-01
   1.8491108e-01
   1.8476378e-01
   1.8461660e-01
   1.8446955e-01
   1.8432263e-01
   1.8417582e-01
   1.8402915e-01
   1.8388259e-01
   1.8373616e-01
   1.8358985e-01
   1.8344367e-01
   1.8329761e-01
   1.8315167e-01
   1.8300586e-01
   1.8286017e-01
   1.8271460e-01
   1.8256916e-01
   1.8242383e-01
   1.8227864e-01
   1.8213356e-01
   1.8198860e-01
   1.8184377e-01
   1.8169906e-01
   1.8155447e-01
   1.8141001e-01
   1.8126566e-01
   1.8112144e-01
   1.8097734e-01
   1.8083336e-01
   1.8068950e-01
   1.8054576e-01
   1.8040215e-01
   1.8025865e-01
   1.8011528e-01
   1.7997202e-01
   1.7982889e-01
   1.7968588e-01
   1.7954299e-01
   1.7940021e-01
   1.7925756e-01
   1.7911503e-01
   1.7897262e-01
   1.7883033e-01
   1.7868816e-01
   1.7854611e-01
   1.7840417e-01
   1.7826236e-01
   1.7812067e-01
   1.7797909e-01
   1.7783764e-01
   1.7769630e-01
   1.7755508e-01
   1.7741399e-01
   1.7727301e-01
   1.7713214e-01
   1.7699140e-01
   1.7685078e-01
   1.7671027e-01
   1.7656988e-01
   1.7642961e-01
   1.7628946e-01
   1.7614942e-01
   1.7600951e-01
   1.7586971e-01
   1.7573003e-01
   1.7559046e-01
   1.7545101e-01
   1.7531168e-01
   1.7517247e-01
   1.7503337e-01
   1.7489439e-01
   1.7475553e-01
   1.7461678e-01
   1.7447815e-01
   1.7433964e-01
   1.7420124e-01
   1.7406296e-01
   1.7392480e-01
   1.7378675e-01
   1.7364881e-01
   1.7351100e-01
   1.7337330e-01
   1.7323571e-01
   1.7309824e-01
   1.7296088e-01
   1.7282364e-01
   1.7268652e-01
   1.7254951e-01
   1.7241261e-01
   1.7227583e-01
   1.7213916e-01
   1.7200261e-01
   1.7186617e-01
   1.7172985e-01
   1.7159364e-01
   1.7145755e-01
   1.7132157e-01
   1.7118570e-01
   1.7104995e-01
   1.7091431e-01
   1.7077878e-01
   1.7064337e-01
   1.7050807e-01
   1.7037289e-01
   1.7023782e-01
   1.7010286e-01
   1.6996801e-01
   1.6983328e-01
   1.6969866e-01
   1.6956415e-01
   1.6942975e-01
   1.6929547e-01
   1.6916130e-01
   1.6902724e-01
   1.6889330e-01
   1.6875946e-01
   1.6862574e-01
   1.6849213e-01
   1.6835863e-01
   1.6822525e-01
   1.6809197e-01
   1.6795881e-01
   1.6782575e-01
   1.6769281e-01
   1.6755998e-01
   1.6742726e-01
   1.6729466e-01
   1.6716216e-01
   1.6702977e-01
   1.6689750e-01
   1.6676533e-01
   1.6663328e-01
   1.6650133e-01
   1.6636950e-01
   1.6623777e-01
   1.6610616e-01
   1.6597465e-01
   1.6584326e-01
   1.6571197e-01
   1.6558080e-01
   1.6544973e-01
   1.6531878e-01
   1.6518793e-01
   1.6505719e-01
   1.6492656e-01
   1.6479604e-01
   1.6466563e-01
   1.6453533e-01
   1.6440514e-01
   1.6427505e-01
   1.6414507e-01
   1.6401521e-01
   1.6388545e-01
   1.6375580e-01
   1.6362625e-01
   1.6349682e-01
   1.6336749e-01
   1.6323827e-01
   1.6310916e-01
   1.6298016e-01
   1.6285126e-01
   1.6272247e-01
   1.6259379e-01
   1.6246521e-01
   1.6233675e-01
   1.6220839e-01
   1.6208013e-01
   1.6195199e-01
   1.6182395e-01
   1.6169601e-01
   1.6156819e-01
   1.6144047e-01
   1.6131285e-01
   1.6118535e-01
   1.6105794e-01
   1.6093065e-01
   1.6080346e-01
   1.6067638e-01
   1.6054940e-01
   1.6042253e-01
   1.6029576e-01
   1.6016910e-01
   1.6004254e-01
   1.5991609e-01
   1.5978975e-01
   1.5966351e-01
   1.5953737e-01
   1.5941135e-01
   1.5928542e-01
   1.5915960e-01
   1.5903388e-01
   1.5890827e-01
   1.5878277e-01
   1.5865736e-01
   1.5853207e-01
   1.5840687e-01
   1.5828178e-01
   1.5815680e-01
   1.5803192e-01
   1.5790714e-01
   1.5778246e-01
   1.5765789e-01
   1.5753342e-01
   1.5740906e-01
   1.5728480e-01
   1.5716064e-01
   1.5703659e-01
   1.5691264e-01
   1.5678879e-01
   1.5666504e-01
   1.5654140e-01
   1.5641786e-01
   1.5629442e-01
   1.5617109e-01
   1.5604786e-01
   1.5592473e-01
   1.5580170e-01
   1.5567877e-01
   1.5555595e-01
   1.5543323e-01
   1.5531061e-01
   1.5518809e-01
   1.5506567e-01
   1.5494336e-01
   1.5482115e-01
   1.5469903e-01
   1.5457702e-01
   1.5445511e-01
   1.5433330e-01
   1.5421160e-01
   1.5408999e-01
   1.5396848e-01
   1.5384708e-01
   1.5372578e-01
   1.5360457e-01
   1.5348347e-01
   1.5336247e-01
   1.5324156e-01
   1.5312076e-01
   1.5300006e-01
   1.5287946e-01
   1.5275895e-01
   1.5263855e-01
   1.5251825e-01
   1.5239805e-01
   1.5227794e-01
   1.5215794e-01
   1.5203803e-01
   1.5191823e-01
   1.5179852e-01
   1.5167892e-01
   1.5155941e-01
   1.5144000e-01
   1.5132069e-01
   1.5120148e-01
   1.5108237e-01
   1.5096335e-01
   1.5084444e-01
   1.5072562e-01
   1.5060690e-01
   1.5048828e-01
   1.5036976e-01
   1.5025134e-01
   1.5013301e-01
   1.5001478e-01
   1.4989665e-01
   1.4977862e-01
   1.4966068e-01
   1.4954285e-01
   1.4942511e-01
   1.4930746e-01
   1.4918992e-01
   1.4907247e-01
   1.4895512e-01
   1.4883787e-01
   1.4872071e-01
   1.4860365e-01
   1.4848669e-01
   1.4836982e-01
   1.4825305e-01
   1.4813638e-01
   1.4801980e-01
   1.4790332e-01
   1.4778693e-01
   1.4767064e-01
   1.4755445e-01
   1.4743836e-01
   1.4732236e-01
   1.4720645e-01
   1.4709064e-01
   1.4697493e-01
   1.4685931e-01
   1.4674379e-01
   1.4662836e-01
   1.4651303e-01
   1.4639780e-01
   1.4628265e-01
   1.4616761e-01
   1.4605266e-01
   1.4593780e-01
   1.4582304e-01
   1.4570837e-01
   1.4559380e-01
   1.4547933e-01
   1.4536494e-01
   1.4525065e-01
   1.4513646e-01
   1.4502236e-01
   1.4490835e-01
   1.4479444e-01
   1.4468062e-01
   1.4456690e-01
   1.4445327e-01
   1.4433973e-01
   1.4422629e-01
   1.4411294e-01
   1.4399969e-01
   1.4388653e-01
   1.4377346e-01
   1.4366048e-01
   1.4354760e-01
   1.4343481e-01
   1.4332211e-01
   1.4320951e-01
   1.4309700e-01
   1.4298458e-01
   1.4287225e-01
   1.4276002e-01
   1.4264788e-01
   1.4253583e-01
   1.4242388e-01
   1.4231201e-01
   1.4220024e-01
   1.4208856e-01
   1.4197698e-01
   1.4186548e-01
   1.4175408e-01
   1.4164277e-01
   1.4153155e-01
   1.4142042e-01
   1.4130938e-01
   1.4119844e-01
   1.4108758e-01
   1.4097682e-01
   1.4086615e-01
   1.4075557e-01
   1.4064508e-01
   1.4053468e-01
   1.4042437e-01
   1.4031415e-01
   1.4020403e-01
   1.4009399e-01
   1.3998405e-01
   1.3987419e-01
   1.3976443e-01
   1.3965475e-01
   1.3954517e-01
   1.3943568e-01
   1.3932627e-01
   1.3921696e-01
   1.3910774e-01
   1.3899860e-01
   1.3888956e-01
   1.3878060e-01
   1.3867174e-01
   1.3856296e-01
   1.3845428e-01
   1.3834568e-01
   1.3823717e-01
   1.3812876e-01
   1.3802043e-01
   1.3791219e-01
   1.3780404e-01
   1.3769597e-01
   1.3758800e-01
   1.3748012e-01
   1.3737232e-01
   1.3726461e-01
   1.3715700e-01
   1.3704947e-01
   1.3694202e-01
   1.3683467e-01
   1.3672740e-01
   1.3662023e-01
   1.3651314e-01
   1.3640614e-01
   1.3629922e-01
   1.3619240e-01
   1.3608566e-01
   1.3597901e-01
   1.3587245e-01
   1.3576597e-01
   1.3565958e-01
   1.3555328e-01
   1.3544707e-01
   1.3534094e-01
   1.3523490e-01
   1.3512895e-01
   1.3502309e-01
   1.3491731e-01
   1.3481162e-01
   1.3470601e-01
   1.3460050e-01
   1.3449506e-01
   1.3438972e-01
   1.3428446e-01
   1.3417929e-01
   1.3407420e-01
   1.3396920e-01
   1.3386429e-01
   1.3375946e-01
   1.3365472e-01
   1.3355007e-01
   1.3344550e-01
   1.3334101e-01
   1.3323661e-01
   1.3313230e-01
   1.3302807e-01
   1.3292393e-01
   1.3281988e-01
   1.3271590e-01
   1.3261202e-01
   1.3250822e-01
   1.3240450e-01
   1.3230087e-01
   1.3219733e-01
   1.3209387e-01
   1.3199049e-01
   1.3188720e-01
   1.3178399e-01
   1.3168087e-01
   1.3157783e-01
   1.3147488e-01
   1.3137201e-01
   1.3126922e-01
   1.3116652e-01
   1.3106391e-01
   1.3096138e-01
   1.3085893e-01
   1.3075656e-01
   1.3065428e-01
   1.3055208e-01
   1.3044997e-01
   1.3034794e-01
   1.3024600e-01
   1.3014413e-01
   1.3004235e-01
   1.2994066e-01
   1.2983905e-01
   1.2973752e-01
   1.2963607e-01
   1.2953471e-01
   1.2943343e-01
   1.2933223e-01
   1.2923111e-01
   1.2913008e-01
   1.2902913e-01
   1.2892827e-01
   1.2882748e-01
   1.2872678e-01
   1.2862616e-01
   1.2852562e-01
   1.2842517e-01
   1.2832479e-01
   1.2822450e-01
   1.2812430e-01
   1.2802417e-01
   1.2792412e-01
   1.2782416e-01
   1.2772428e-01
   1.2762448e-01
   1.2752476e-01
   1.2742513e-01
   1.2732557e-01
   1.2722610e-01
   1.2712670e-01
   1.2702739e-01
   1.2692816e-01
   1.2682902e-01
   1.2672995e-01
   1.2663096e-01
   1.2653205e-01
   1.2643323e-01
   1.2633449e-01
   1.2623582e-01
   1.2613724e-01
   1.2603874e-01
   1.2594031e-01
   1.2584197e-01
   1.2574371e-01
   1.2564553e-01
   1.2554743e-01
   1.2544941e-01
   1.2535147e-01
   1.2525361e-01
   1.2515583e-01
   1.2505812e-01
   1.2496050e-01
   1.2486296e-01
   1.2476550e-01
   1.2466812e-01
   1.2457081e-01
   1.2447359e-01
   1.2437645e-01
   1.2427938e-01
   1.2418240e-01
   1.2408549e-01
   1.2398866e-01
   1.2389192e-01
   1.2379525e-01
   1.2369866e-01
   1.2360214e-01
   1.2350571e-01
   1.2340936e-01
   1.2331308e-01
   1.2321688e-01
   1.2312077e-01
   1.2302473e-01
   1.2292876e-01
   1.2283288e-01
   1.2273708e-01
   1.2264135e-01
   1.2254570e-01
   1.2245013e-01
   1.2235463e-01
   1.2225922e-01
   1.2216388e-01
   1.2206862e-01
   1.2197344e-01
   1.2187834e-01
   1.2178331e-01
   1.2168836e-01
   1.2159349e-01
   1.2149869e-01
   1.2140397e-01
   1.2130933e-01
   1.2121477e-01
   1.2112029e-01
   1.2102588e-01
   1.2093154e-01
   1.2083729e-01
   1.2074311e-01
   1.2064901e-01
   1.2055498e-01
   1.2046103e-01
   1.2036716e-01
   1.2027337e-01
   1.2017965e-01
   1.2008601e-01
   1.1999244e-01
   1.1989895e-01
   1.1980553e-01
   1.1971220e-01
   1.1961893e-01
   1.1952575e-01
   1.1943264e-01
   1.1933960e-01
   1.1924665e-01
   1.1915376e-01
   1.1906096e-01
   1.1896822e-01
   1.1887557e-01
   1.1878299e-01
   1.1869048e-01
   1.1859805e-01
   1.1850570e-01
   1.1841342e-01
   1.1832121e-01
   1.1822908e-01
   1.1813703e-01
   1.1804505e-01
   1.1795314e-01
   1.1786131e-01
   1.1776956e-01
   1.1767788e-01
   1.1758627e-01
   1.1749474e-01
   1.1740328e-01
   1.1731190e-01
   1.1722059e-01
   1.1712936e-01
   1.1703820e-01
   1.1694711e-01
   1.1685610e-01
   1.1676516e-01
   1.1667430e-01
   1.1658351e-01
   1.1649279e-01
   1.1640215e-01
   1.1631158e-01
   1.1622109e-01
   1.1613066e-01
   1.1604032e-01
   1.1595004e-01
   1.1585984e-01
   1.1576971e-01
   1.1567966e-01
   1.1558968e-01
   1.1549977e-01
   1.1540993e-01
   1.1532017e-01
   1.1523048e-01
   1.1514087e-01
   1.1505132e-01
   1.1496185e-01
   1.1487246e-01
   1.1478313e-01
   1.1469388e-01
   1.1460470e-01
   1.1451559e-01
   1.1442655e-01
   1.1433759e-01
   1.1424870e-01
   1.1415988e-01
   1.1407114e-01
   1.1398246e-01
   1.1389386e-01
   1.1380533e-01
   1.1371687e-01
   1.1362848e-01
   1.1354017e-01
   1.1345193e-01
   1.1336375e-01
   1.1327565e-01
   1.1318763e-01
   1.1309967e-01
   1.1301178e-01
   1.1292397e-01
   1.1283623e-01
   1.1274855e-01
   1.1266095e-01
   1.1257342e-01
   1.1248597e-01
   1.1239858e-01
   1.1231126e-01
   1.1222402e-01
   1.1213684e-01
   1.1204974e-01
   1.1196270e-01
   1.1187574e-01
   1.1178885e-01
   1.1170203e-01
   1.1161528e-01
   1.1152860e-01
   1.1144198e-01
   1.1135544e-01
   1.1126897e-01
   1.1118257e-01
   1.1109624e-01
   1.1100998e-01
   1.1092379e-01
   1.1083767e-01
   1.1075162e-01
   1.1066564e-01
   1.1057973e-01
   1.1049389e-01
   1.1040812e-01
   1.1032242e-01
   1.1023679e-01
   1.1015122e-01
   1.1006573e-01
   1.0998031e-01
   1.0989495e-01
   1.0980967e-01
   1.0972445e-01
   1.0963930e-01
   1.0955422e-01
   1.0946921e-01
   1.0938427e-01
   1.0929940e-01
   1.0921460e-01
   1.0912986e-01
   1.0904520e-01
   1.0896060e-01
   1.0887607e-01
   1.0879161e-01
   1.0870722e-01
   1.0862290e-01
   1.0853864e-01
   1.0845445e-01
   1.0837033e-01
   1.0828628e-01
   1.0820230e-01
   1.0811839e-01
   1.0803454e-01
   1.0795076e-01
   1.0786705e-01
   1.0778341e-01
   1.0769983e-01
   1.0761633e-01
   1.0753289e-01
   1.0744952e-01
   1.0736621e-01
   1.0728297e-01
   1.0719980e-01
   1.0711670e-01
   1.0703367e-01
   1.0695070e-01
   1.0686780e-01
   1.0678496e-01
   1.0670220e-01
   1.0661950e-01
   1.0653686e-01
   1.0645430e-01
   1.0637180e-01
   1.0628937e-01
   1.0620700e-01
   1.0612470e-01
   1.0604247e-01
   1.0596030e-01
   1.0587820e-01
   1.0579617e-01
   1.0571421e-01
   1.0563231e-01
   1.0555047e-01
   1.0546870e-01
   1.0538700e-01
   1.0530537e-01
   1.0522380e-01
   1.0514229e-01
   1.0506086e-01
   1.0497948e-01
   1.0489818e-01
   1.0481694e-01
   1.0473576e-01
   1.0465466e-01
   1.0457361e-01
   1.0449263e-01
   1.0441172e-01
   1.0433088e-01
   1.0425009e-01
   1.0416938e-01
   1.0408873e-01
   1.0400814e-01
   1.0392762e-01
   1.0384717e-01
   1.0376678e-01
   1.0368645e-01
   1.0360619e-01
   1.0352600e-01
   1.0344586e-01
   1.0336580e-01
   1.0328580e-01
   1.0320586e-01
   1.0312599e-01
   1.0304618e-01
   1.0296644e-01
   1.0288676e-01
   1.0280715e-01
   1.0272760e-01
   1.0264811e-01
   1.0256869e-01
   1.0248933e-01
   1.0241004e-01
   1.0233081e-01
   1.0225165e-01
   1.0217254e-01
   1.0209351e-01
   1.0201453e-01
   1.0193563e-01
   1.0185678e-01
   1.0177800e-01
   1.0169928e-01
   1.0162062e-01
   1.0154203e-01
   1.0146351e-01
   1.0138504e-01
   1.0130664e-01
   1.0122830e-01
   1.0115003e-01
   1.0107182e-01
   1.0099367e-01
   1.0091558e-01
   1.0083756e-01
   1.0075960e-01
   1.0068171e-01
   1.0060387e-01
   1.0052610e-01
   1.0044840e-01
   1.0037075e-01
   1.0029317e-01
   1.0021565e-01
   1.0013819e-01
   1.0006080e-01
   9.9983465e-02
   9.9906195e-02
   9.9828988e-02
   9.9751843e-02
   9.9674760e-02
   9.9597740e-02
   9.9520781e-02
   9.9443885e-02
   9.9367051e-02
   9.9290279e-02
   9.9213568e-02
   9.9136920e-02
   9.9060333e-02
   9.8983809e-02
   9.8907346e-02
   9.8830944e-02
   9.8754604e-02
   9.8678326e-02
   9.8602110e-02
   9.8525954e-02
   9.8449861e-02
   9.8373828e-02
   9.8297857e-02
   9.8221947e-02
   9.8146099e-02
   9.8070311e-02
   9.7994585e-02
   9.7918919e-02
   9.7843315e-02
   9.7767772e-02
   9.7692289e-02
   9.7616868e-02
   9.7541507e-02
   9.7466207e-02
   9.7390968e-02
   9.7315789e-02
   9.7240671e-02
   9.7165614e-02
   9.7090617e-02
   9.7015680e-02
   9.6940804e-02
   9.6865988e-02
   9.6791232e-02
   9.6716537e-02
   9.6641902e-02
   9.6567327e-02
   9.6492812e-02
   9.6418358e-02
   9.6343963e-02
   9.6269628e-02
   9.6195353e-02
   9.6121138e-02
   9.6046982e-02
   9.5972887e-02
   9.5898851e-02
   9.5824875e-02
   9.5750958e-02
   9.5677101e-02
   9.5603303e-02
   9.5529565e-02
   9.5455886e-02
   9.5382267e-02
   9.5308707e-02
   9.5235206e-02
   9.5161764e-02
   9.5088381e-02
   9.5015058e-02
   9.4941793e-02
   9.4868588e-02
   9.4795441e-02
   9.4722354e-02
   9.4649325e-02
   9.4576355e-02
   9.4503444e-02
   9.4430591e-02
   9.4357798e-02
   9.4285062e-02
   9.4212386e-02
   9.4139767e-02
   9.4067208e-02
   9.3994706e-02
   9.3922263e-02
   9.3849879e-02
   9.3777552e-02
   9.3705284e-02
   9.3633074e-02
   9.3560922e-02
   9.3488828e-02
   9.3416793e-02
   9.3344815e-02
   9.3272895e-02
   9.3201033e-02
   9.3129229e-02
   9.3057482e-02
   9.2985793e-02
   9.2914162e-02
   9.2842589e-02
   9.2771073e-02
   9.2699615e-02
   9.2628214e-02
   9.2556871e-02
   9.2485585e-02
   9.2414356e-02
   9.2343185e-02
   9.2272071e-02
   9.2201014e-02
   9.2130014e-02
   9.2059071e-02
   9.1988186e-02
   9.1917357e-02
   9.1846586e-02
   9.1775871e-02
   9.1705213e-02
   9.1634612e-02
   9.1564068e-02
   9.1493580e-02
   9.1423149e-02
   9.1352775e-02
   9.1282458e-02
   9.1212197e-02
   9.1141992e-02
   9.1071844e-02
   9.1001752e-02
   9.0931717e-02
   9.0861738e-02
   9.0791815e-02
   9.0721948e-02
   9.0652138e-02
   9.0582383e-02
   9.0512685e-02
   9.0443043e-02
   9.0373456e-02
   9.0303926e-02
   9.0234451e-02
   9.0165033e-02
   9.0095670e-02
   9.0026363e-02
   8.9957111e-02
   8.9887915e-02
   8.9818775e-02
   8.9749691e-02
   8.9680661e-02
   8.9611688e-02
   8.9542770e-02
   8.9473907e-02
   8.9405099e-02
   8.9336347e-02
   8.9267650e-02
   8.9199008e-02
   8.9130421e-02
   8.9061890e-02
   8.8993413e-02
   8.8924991e-02
   8.8856625e-02
   8.8788313e-02
   8.8720056e-02
   8.8651854e-02
   8.8583707e-02
   8.8515615e-02
   8.8447577e-02
   8.8379594e-02
   8.8311665e-02
   8.8243791e-02
   8.8175971e-02
   8.8108206e-02
   8.8040496e-02
   8.7972839e-02
   8.7905237e-02
   8.7837690e-02
   8.7770196e-02
   8.7702757e-02
   8.7635372e-02
   8.7568041e-02
   8.7500764e-02
   8.7433541e-02
   8.7366372e-02
   8.7299257e-02
   8.7232195e-02
   8.7165188e-02
   8.7098234e-02
   8.7031334e-02
   8.6964488e-02
   8.6897696e-02
   8.6830957e-02
   8.6764271e-02
   8.6697639e-02
   8.6631061e-02
   8.6564536e-02
   8.6498064e-02
   8.6431646e-02
   8.6365281e-02
   8.6298969e-02
   8.6232711e-02
   8.6166506e-02
   8.6100353e-02
   8.6034254e-02
   8.5968208e-02
   8.5902215e-02
   8.5836275e-02
   8.5770388e-02
   8.5704553e-02
   8.5638771e-02
   8.5573043e-02
   8.5507366e-02
   8.5441743e-02
   8.5376172e-02
   8.5310654e-02
   8.5245188e-02
   8.5179775e-02
   8.5114414e-02
   8.5049106e-02
   8.4983850e-02
   8.4918646e-02
