   1.4348144e-02
   1.4347846e-02
   1.4347548e-02
   1.4347251e-02
   1.4346954e-02
   1.4346657e-02
   1.4346360e-02
   1.4346064e-02
   1.4345767e-02
   1.4345471e-02
   1.4345176e-02
   1.4344880e-02
   1.4344585e-02
   1.4344290e-02
   1.4343995e-02
   1.4343700e-02
   1.4343406e-02
   1.4343112e-02
   1.4342818e-02
   1.4342525e-02
   1.4342231e-02
   1.4341938e-02
   1.4341645e-02
   1.4341353e-02
   1.4341060e-02
   1.4340768e-02
   1.4340476e-02
   1.4340184e-02
   1.4339893e-02
   1.4339602e-02
   1.4339311e-02
   1.4339020e-02
   1.4338730e-02
   1.4338439e-02
   1.4338149e-02
   1.4337859e-02
   1.4337570e-02
   1.4337281e-02
   1.4336991e-02
   1.4336703e-02
   1.4336414e-02
   1.4336126e-02
   1.4335837e-02
   1.4335549e-02
   1.4335262e-02
   1.4334974e-02
   1.4334687e-02
   1.4334400e-02
   1.4334113e-02
   1.4333827e-02
   1.4333540e-02
   1.4333254e-02
   1.4332968e-02
   1.4332683e-02
   1.4332397e-02
   1.4332112e-02
   1.4331827e-02
   1.4331543e-02
   1.4331258e-02
   1.4330974e-02
   1.4330690e-02
   1.4330406e-02
   1.4330123e-02
   1.4329839e-02
   1.4329556e-02
   1.4329273e-02
   1.4328991e-02
   1.4328708e-02
   1.4328426e-02
   1.4328144e-02
   1.4327862e-02
   1.4327581e-02
   1.4327300e-02
   1.4327019e-02
   1.4326738e-02
   1.4326457e-02
   1.4326177e-02
   1.4325897e-02
   1.4325617e-02
   1.4325337e-02
   1.4325058e-02
   1.4324778e-02
   1.4324499e-02
   1.4324220e-02
   1.4323942e-02
   1.4323663e-02
   1.4323385e-02
   1.4323107e-02
   1.4322830e-02
   1.4322552e-02
   1.4322275e-02
   1.4321998e-02
   1.4321721e-02
   1.4321445e-02
   1.4321168e-02
   1.4320892e-02
   1.4320616e-02
   1.4320341e-02
   1.4320065e-02
   1.4319790e-02
   1.4319515e-02
   1.4319433e-02
   1.6268380e-02
   1.8231287e-02
   2.0220079e-02
   2.2243758e-02
   2.4309920e-02
   2.6424776e-02
   2.8593844e-02
   3.0821973e-02
   3.3113410e-02
   3.5472544e-02
   3.7902656e-02
   4.0408043e-02
   4.2992559e-02
   4.5661374e-02
   4.8419027e-02
   5.1273573e-02
   5.4232980e-02
   5.7308154e-02
   6.0515042e-02
   6.3873873e-02
   6.7414621e-02
   7.1179989e-02
   7.5232586e-02
   7.9669852e-02
   8.4646569e-02
   9.0420671e-02
   9.7456416e-02
   1.0665923e-01
   1.1998783e-01
   1.4222184e-01
   1.8705034e-01
   2.9128019e-01
   3.9692083e-01
   4.5943607e-01
   5.0016192e-01
   5.3236778e-01
   5.6134210e-01
   5.8901916e-01
   6.1608703e-01
   6.4277161e-01
   6.6915379e-01
   6.9525707e-01
   7.2109044e-01
   7.4666274e-01
   7.7198223e-01
   7.9705839e-01
   8.2190194e-01
   8.4652464e-01
   8.7093893e-01
   8.9515760e-01
   9.1252631e-01
   9.2947566e-01
   9.4604186e-01
   9.6225666e-01
   9.7815147e-01
   9.9375483e-01
   1.0090928e+00
   1.0241913e+00
   1.0390703e+00
   1.0537553e+00
   1.0682595e+00
   1.0826033e+00
   1.0968017e+00
   1.1108663e+00
   1.1248174e+00
   1.1386623e+00
   1.1524141e+00
   1.1660837e+00
   1.1796793e+00
   1.1932093e+00
   1.2066827e+00
   1.2201053e+00
   1.2334833e+00
   1.2468235e+00
   1.2601328e+00
   1.2734118e+00
   1.2866622e+00
   1.2998916e+00
   1.3131018e+00
   1.3262963e+00
   1.3394764e+00
   1.3526452e+00
   1.3658033e+00
   1.3789499e+00
   1.3920881e+00
   1.4052204e+00
   1.4183483e+00
   1.4314727e+00
   1.4445930e+00
   1.4577069e+00
   1.4708174e+00
   1.4839244e+00
   1.4970239e+00
   1.5101178e+00
   1.5232076e+00
   1.5362928e+00
   1.5493731e+00
   1.5624479e+00
   1.5755143e+00
   1.5885731e+00
   1.6016248e+00
   1.6146689e+00
   1.6277045e+00
   1.6407311e+00
   1.6537469e+00
   1.6667518e+00
   1.6797458e+00
   1.6927283e+00
   1.7056985e+00
   1.7186551e+00
   1.7315984e+00
   1.7445272e+00
   1.7574410e+00
   1.7703393e+00
   1.7832215e+00
   1.7960871e+00
   1.8089353e+00
   1.8217658e+00
   1.8345778e+00
   1.8473710e+00
   1.8601447e+00
   1.8728984e+00
   1.8856316e+00
   1.8983439e+00
   1.9110346e+00
   1.9237034e+00
   1.9363498e+00
   1.9489733e+00
   1.9615735e+00
   1.9741501e+00
   1.9867025e+00
   1.9992305e+00
   2.0117336e+00
   2.0242114e+00
   2.0366637e+00
   2.0490900e+00
   2.0614901e+00
   2.0738635e+00
   2.0862102e+00
   2.0985296e+00
   2.1108215e+00
   2.1230858e+00
   2.1353220e+00
   2.1475299e+00
   2.1597093e+00
   2.1718600e+00
   2.1839817e+00
   2.1960742e+00
   2.2081372e+00
   2.2201706e+00
   2.2321742e+00
   2.2441477e+00
   2.2560909e+00
   2.2680038e+00
   2.2798861e+00
   2.2917376e+00
   2.3035581e+00
   2.3153476e+00
   2.3271058e+00
   2.3388325e+00
   2.3505277e+00
   2.3621912e+00
   2.3738228e+00
   2.3854224e+00
   2.3969898e+00
   2.4085249e+00
   2.4200277e+00
   2.4314978e+00
   2.4429353e+00
   2.4543399e+00
   2.4657116e+00
   2.4770503e+00
   2.4883557e+00
   2.4996278e+00
   2.5108665e+00
   2.5220715e+00
   2.5332429e+00
   2.5443805e+00
   2.5554841e+00
   2.5665537e+00
   2.5775891e+00
   2.5885901e+00
   2.5995567e+00
   2.6104888e+00
   2.6213862e+00
   2.6322488e+00
   2.6430764e+00
   2.6538690e+00
   2.6646263e+00
   2.6753484e+00
   2.6860349e+00
   2.6966859e+00
   2.7073012e+00
   2.7178805e+00
   2.7284239e+00
   2.7389311e+00
   2.7494020e+00
   2.7598365e+00
   2.7702344e+00
   2.7805956e+00
   2.7909199e+00
   2.8012071e+00
   2.8114571e+00
   2.8216697e+00
   2.8318448e+00
   2.8419822e+00
   2.8520818e+00
   2.8621433e+00
   2.8721666e+00
   2.8821515e+00
   2.8920978e+00
   2.9020053e+00
   2.9118739e+00
   2.9217034e+00
   2.9314935e+00
   2.9412441e+00
   2.9509549e+00
   2.9606257e+00
   2.9702565e+00
   2.9798468e+00
   2.9893965e+00
   2.9989054e+00
   3.0083733e+00
   3.0177999e+00
   3.0271850e+00
   3.0365284e+00
   3.0458298e+00
   3.0550890e+00
   3.0643057e+00
   3.0734797e+00
   3.0826107e+00
   3.0916984e+00
   3.1007427e+00
   3.1097432e+00
   3.1186998e+00
   3.1276120e+00
   3.1364796e+00
   3.1453025e+00
   3.1540802e+00
   3.1628125e+00
   3.1714992e+00
   3.1801399e+00
   3.1887345e+00
   3.1972825e+00
   3.2057837e+00
   3.2142380e+00
   3.2226448e+00
   3.2310041e+00
   3.2393156e+00
   3.2475789e+00
   3.2557938e+00
   3.2639600e+00
   3.2720774e+00
   3.2801456e+00
   3.2881645e+00
   3.2961338e+00
   3.3040533e+00
   3.3119227e+00
   3.3197420e+00
   3.3275109e+00
   3.3352292e+00
   3.3428969e+00
   3.3505138e+00
   3.3580797e+00
   3.3655946e+00
   3.3730585e+00
   3.3804712e+00
   3.3878328e+00
   3.3951433e+00
   3.4024027e+00
   3.4096110e+00
   3.4167683e+00
   3.4238748e+00
   3.4309306e+00
   3.4379358e+00
   3.4448907e+00
   3.4517955e+00
   3.4586504e+00
   3.4654557e+00
   3.4722119e+00
   3.4789192e+00
   3.4855779e+00
   3.4921886e+00
   3.4987516e+00
   3.5052675e+00
   3.5117366e+00
   3.5181596e+00
   3.5245369e+00
   3.5308691e+00
   3.5371567e+00
   3.5434005e+00
   3.5496008e+00
   3.5557584e+00
   3.5618739e+00
   3.5679479e+00
   3.5739810e+00
   3.5799738e+00
   3.5859271e+00
   3.5918414e+00
   3.5977173e+00
   3.6035555e+00
   3.6093565e+00
   3.6151211e+00
   3.6208497e+00
   3.6265430e+00
   3.6322016e+00
   3.6378259e+00
   3.6434166e+00
   3.6489741e+00
   3.6544991e+00
   3.6599919e+00
   3.6654530e+00
   3.6708830e+00
   3.6762823e+00
   3.6816512e+00
   3.6869903e+00
   3.6922998e+00
   3.6975803e+00
   3.7028319e+00
   3.7080552e+00
   3.7132504e+00
   3.7184179e+00
   3.7235579e+00
   3.7286707e+00
   3.7337566e+00
   3.7388160e+00
   3.7438489e+00
   3.7488557e+00
   3.7538366e+00
   3.7587918e+00
   3.7637215e+00
   3.7686260e+00
   3.7735053e+00
   3.7783597e+00
   3.7831894e+00
   3.7879945e+00
   3.7927751e+00
   3.7975315e+00
   3.8022637e+00
   3.8069720e+00
   3.8116564e+00
   3.8163170e+00
   3.8209540e+00
   3.8255675e+00
   3.8301577e+00
   3.8347245e+00
   3.8392682e+00
   3.8437888e+00
   3.8482864e+00
   3.8527612e+00
   3.8572132e+00
   3.8616425e+00
   3.8660492e+00
   3.8704334e+00
   3.8747952e+00
   3.8791346e+00
   3.8834517e+00
   3.8877467e+00
   3.8920196e+00
   3.8962704e+00
   3.9004993e+00
   3.9047064e+00
   3.9088916e+00
   3.9130551e+00
   3.9171969e+00
   3.9213172e+00
   3.9254159e+00
   3.9294932e+00
   3.9335492e+00
   3.9375838e+00
   3.9415972e+00
   3.9455894e+00
   3.9495605e+00
   3.9535106e+00
   3.9574397e+00
   3.9613480e+00
   3.9652354e+00
   3.9691020e+00
   3.9729479e+00
   3.9767732e+00
   3.9805779e+00
   3.9843621e+00
   3.9881258e+00
   3.9918692e+00
   3.9955923e+00
   3.9992951e+00
   4.0029777e+00
   4.0066402e+00
   4.0102826e+00
   4.0139050e+00
   4.0175075e+00
   4.0210900e+00
   4.0246528e+00
   4.0281958e+00
   4.0317192e+00
   4.0352229e+00
   4.0387070e+00
   4.0421716e+00
   4.0456167e+00
   4.0490425e+00
   4.0524489e+00
   4.0558361e+00
   4.0592040e+00
   4.0625528e+00
   4.0658825e+00
   4.0691932e+00
   4.0724849e+00
   4.0757576e+00
   4.0790115e+00
   4.0822466e+00
   4.0854630e+00
   4.0886606e+00
   4.0918397e+00
   4.0950001e+00
   4.0981421e+00
   4.1012655e+00
   4.1043706e+00
   4.1074573e+00
   4.1105257e+00
   4.1135759e+00
   4.1166079e+00
   4.1196218e+00
   4.1226176e+00
   4.1255954e+00
   4.1285552e+00
   4.1314971e+00
   4.1344211e+00
   4.1373273e+00
   4.1402158e+00
   4.1430866e+00
   4.1459397e+00
   4.1487753e+00
   4.1515932e+00
   4.1543938e+00
   4.1571768e+00
   4.1599425e+00
   4.1626908e+00
   4.1654219e+00
   4.1681357e+00
   4.1708324e+00
   4.1735119e+00
   4.1761743e+00
   4.1788197e+00
   4.1814481e+00
   4.1840596e+00
   4.1866542e+00
   4.1892320e+00
   4.1917929e+00
   4.1943372e+00
   4.1968647e+00
   4.1993756e+00
   4.2018700e+00
   4.2043477e+00
   4.2068090e+00
   4.2092538e+00
   4.2116823e+00
   4.2140944e+00
   4.2164901e+00
   4.2188696e+00
   4.2212329e+00
   4.2235801e+00
   4.2259111e+00
   4.2282260e+00
   4.2305249e+00
   4.2328079e+00
   4.2350748e+00
   4.2373259e+00
   4.2395612e+00
   4.2417806e+00
   4.2439843e+00
   4.2461723e+00
   4.2483446e+00
   4.2505013e+00
   4.2526425e+00
   4.2547680e+00
   4.2568781e+00
   4.2589728e+00
   4.2610520e+00
   4.2631159e+00
   4.2651645e+00
   4.2671978e+00
   4.2692159e+00
   4.2712188e+00
   4.2732065e+00
   4.2751792e+00
   4.2771367e+00
   4.2790793e+00
   4.2810069e+00
   4.2829196e+00
   4.2848174e+00
   4.2867003e+00
   4.2885685e+00
   4.2904218e+00
   4.2922605e+00
   4.2940844e+00
   4.2958938e+00
   4.2976885e+00
   4.2994687e+00
   4.3012344e+00
   4.3029856e+00
   4.3047223e+00
   4.3064447e+00
   4.3081527e+00
   4.3098464e+00
   4.3115258e+00
   4.3131910e+00
   4.3148420e+00
   4.3164789e+00
   4.3181016e+00
   4.3197103e+00
   4.3213049e+00
   4.3228856e+00
   4.3244523e+00
   4.3260051e+00
   4.3275440e+00
   4.3290690e+00
   4.3305803e+00
   4.3320778e+00
   4.3335616e+00
   4.3350317e+00
   4.3364882e+00
   4.3379311e+00
   4.3393604e+00
   4.3407762e+00
   4.3421784e+00
   4.3435673e+00
   4.3449427e+00
   4.3463048e+00
   4.3476535e+00
   4.3489889e+00
   4.3503110e+00
   4.3516200e+00
   4.3529157e+00
   4.3541983e+00
   4.3554678e+00
   4.3567242e+00
   4.3579676e+00
   4.3591979e+00
   4.3604153e+00
   4.3616198e+00
   4.3628114e+00
   4.3639901e+00
   4.3651560e+00
   4.3663092e+00
   4.3674495e+00
   4.3685772e+00
   4.3696922e+00
   4.3707946e+00
   4.3718844e+00
   4.3729616e+00
   4.3740262e+00
   4.3750784e+00
   4.3761181e+00
   4.3771454e+00
   4.3781603e+00
   4.3791629e+00
   4.3801531e+00
   4.3811311e+00
   4.3820968e+00
   4.3830503e+00
   4.3839916e+00
   4.3849208e+00
   4.3858379e+00
   4.3867429e+00
   4.3876358e+00
   4.3885168e+00
   4.3893858e+00
   4.3902429e+00
   4.3910880e+00
   4.3919213e+00
   4.3927428e+00
   4.3935524e+00
   4.3943503e+00
   4.3951365e+00
   4.3959109e+00
   4.3966737e+00
   4.3974249e+00
   4.3981645e+00
   4.3988925e+00
   4.3996090e+00
   4.4003140e+00
   4.4010075e+00
   4.4016896e+00
   4.4023603e+00
   4.4030196e+00
   4.4036676e+00
   4.4043043e+00
   4.4049297e+00
   4.4055439e+00
   4.4061469e+00
   4.4067388e+00
   4.4073195e+00
   4.4078891e+00
   4.4084476e+00
   4.4089950e+00
   4.4095315e+00
   4.4100570e+00
   4.4105715e+00
   4.4110752e+00
   4.4115679e+00
   4.4120498e+00
   4.4125209e+00
   4.4129812e+00
   4.4134307e+00
   4.4138696e+00
   4.4142977e+00
   4.4147151e+00
   4.4151220e+00
   4.4155182e+00
   4.4159039e+00
   4.4162790e+00
   4.4166436e+00
   4.4169977e+00
   4.4173414e+00
   4.4176747e+00
   4.4179976e+00
   4.4183101e+00
   4.4186124e+00
   4.4189043e+00
   4.4191859e+00
   4.4194574e+00
   4.4197186e+00
   4.4199696e+00
   4.4202105e+00
   4.4204413e+00
   4.4206620e+00
   4.4208726e+00
   4.4210732e+00
   4.4212639e+00
   4.4214445e+00
   4.4216152e+00
   4.4217760e+00
   4.4219269e+00
   4.4220680e+00
   4.4221993e+00
   4.4223207e+00
   4.4224324e+00
   4.4225344e+00
   4.4226266e+00
   4.4227092e+00
   4.4227821e+00
   4.4228454e+00
   4.4228991e+00
   4.4229432e+00
   4.4229778e+00
   4.4230029e+00
   4.4230186e+00
   4.4230247e+00
   4.4230215e+00
   4.4230088e+00
   4.4229868e+00
   4.4229554e+00
   4.4229147e+00
   4.4228648e+00
   4.4228055e+00
   4.4227371e+00
   4.4226594e+00
   4.4225726e+00
   4.4224766e+00
   4.4223715e+00
   4.4222573e+00
   4.4221340e+00
   4.4220017e+00
   4.4218604e+00
   4.4217101e+00
   4.4215508e+00
   4.4213826e+00
   4.4212055e+00
   4.4210195e+00
   4.4208247e+00
   4.4206210e+00
   4.4204085e+00
   4.4201873e+00
   4.4199572e+00
   4.4197185e+00
   4.4194711e+00
   4.4192150e+00
   4.4189503e+00
   4.4186769e+00
   4.4183949e+00
   4.4181044e+00
   4.4178054e+00
   4.4174978e+00
   4.4171817e+00
   4.4168572e+00
   4.4165242e+00
   4.4161828e+00
   4.4158330e+00
   4.4154748e+00
   4.4151083e+00
   4.4147335e+00
   4.4143504e+00
   4.4139591e+00
   4.4135595e+00
   4.4131516e+00
   4.4127356e+00
   4.4123115e+00
   4.4118791e+00
   4.4114387e+00
   4.4109902e+00
   4.4105336e+00
   4.4100689e+00
   4.4095962e+00
   4.4091156e+00
   4.4086269e+00
   4.4081304e+00
   4.4076259e+00
   4.4071135e+00
   4.4065932e+00
   4.4060650e+00
   4.4055291e+00
   4.4049853e+00
   4.4044337e+00
   4.4038744e+00
   4.4033074e+00
   4.4027326e+00
   4.4021502e+00
   4.4015601e+00
   4.4009623e+00
   4.4003570e+00
   4.3997440e+00
   4.3991235e+00
   4.3984954e+00
   4.3978598e+00
   4.3972166e+00
   4.3965661e+00
   4.3959080e+00
   4.3952425e+00
   4.3945696e+00
   4.3938893e+00
   4.3932017e+00
   4.3925066e+00
   4.3918043e+00
   4.3910947e+00
   4.3903778e+00
   4.3896536e+00
   4.3889222e+00
   4.3881836e+00
   4.3874378e+00
   4.3866848e+00
   4.3859247e+00
   4.3851575e+00
   4.3843832e+00
   4.3836017e+00
   4.3828133e+00
   4.3820177e+00
   4.3812152e+00
   4.3804057e+00
   4.3795892e+00
   4.3787657e+00
   4.3779353e+00
   4.3770981e+00
   4.3762539e+00
   4.3754028e+00
   4.3745449e+00
   4.3736802e+00
   4.3728087e+00
   4.3719304e+00
   4.3710453e+00
   4.3701535e+00
   4.3692550e+00
   4.3683498e+00
   4.3674379e+00
   4.3665193e+00
   4.3655941e+00
   4.3646623e+00
   4.3637239e+00
   4.3627789e+00
   4.3618274e+00
   4.3608693e+00
   4.3599047e+00
   4.3589336e+00
   4.3579561e+00
   4.3569721e+00
   4.3559816e+00
   4.3549848e+00
   4.3539815e+00
   4.3529719e+00
   4.3519559e+00
   4.3509335e+00
   4.3499049e+00
   4.3488700e+00
   4.3478288e+00
   4.3467813e+00
   4.3457276e+00
   4.3446677e+00
   4.3436015e+00
   4.3425292e+00
   4.3414508e+00
   4.3403662e+00
   4.3392755e+00
   4.3381786e+00
   4.3370757e+00
   4.3359668e+00
   4.3348517e+00
   4.3337307e+00
   4.3326037e+00
   4.3314706e+00
   4.3303316e+00
   4.3291867e+00
   4.3280358e+00
   4.3268790e+00
   4.3257163e+00
   4.3245477e+00
   4.3233733e+00
   4.3221930e+00
   4.3210069e+00
   4.3198151e+00
   4.3186174e+00
   4.3174140e+00
   4.3162048e+00
   4.3149899e+00
   4.3137692e+00
   4.3125429e+00
   4.3113109e+00
   4.3100733e+00
   4.3088300e+00
   4.3075811e+00
   4.3063266e+00
   4.3050665e+00
   4.3038009e+00
   4.3025297e+00
   4.3012529e+00
   4.2999707e+00
   4.2986829e+00
   4.2973897e+00
   4.2960910e+00
   4.2947869e+00
   4.2934773e+00
   4.2921624e+00
   4.2908420e+00
   4.2895163e+00
   4.2881852e+00
   4.2868487e+00
   4.2855070e+00
   4.2841599e+00
   4.2828076e+00
   4.2814500e+00
   4.2800871e+00
   4.2787190e+00
   4.2773457e+00
   4.2759671e+00
   4.2745834e+00
   4.2731945e+00
   4.2718005e+00
   4.2704013e+00
   4.2689970e+00
   4.2675876e+00
   4.2661731e+00
   4.2647536e+00
   4.2633290e+00
   4.2618993e+00
   4.2604647e+00
   4.2590250e+00
   4.2575803e+00
   4.2561307e+00
   4.2546761e+00
   4.2532166e+00
   4.2517521e+00
   4.2502828e+00
   4.2488085e+00
   4.2473294e+00
   4.2458454e+00
   4.2443566e+00
   4.2428629e+00
   4.2413645e+00
   4.2398612e+00
   4.2383532e+00
   4.2368404e+00
   4.2353228e+00
   4.2338005e+00
   4.2322735e+00
   4.2307418e+00
   4.2292054e+00
   4.2276644e+00
   4.2261187e+00
   4.2245683e+00
   4.2230134e+00
   4.2214538e+00
   4.2198896e+00
   4.2183208e+00
   4.2167475e+00
   4.2151697e+00
   4.2135873e+00
   4.2120004e+00
   4.2104089e+00
   4.2088130e+00
   4.2072127e+00
   4.2056078e+00
   4.2039986e+00
   4.2023849e+00
   4.2007668e+00
   4.1991442e+00
   4.1975174e+00
   4.1958861e+00
   4.1942505e+00
   4.1926105e+00
   4.1909663e+00
   4.1893177e+00
   4.1876648e+00
   4.1860076e+00
   4.1843462e+00
   4.1826805e+00
   4.1810106e+00
   4.1793365e+00
   4.1776582e+00
   4.1759756e+00
   4.1742889e+00
   4.1725980e+00
   4.1709030e+00
   4.1692039e+00
   4.1675006e+00
   4.1657932e+00
   4.1640817e+00
   4.1623661e+00
   4.1606465e+00
   4.1589228e+00
   4.1571951e+00
   4.1554633e+00
   4.1537275e+00
   4.1519878e+00
   4.1502440e+00
   4.1484963e+00
   4.1467447e+00
   4.1449891e+00
   4.1432295e+00
   4.1414661e+00
   4.1396987e+00
   4.1379275e+00
   4.1361524e+00
   4.1343734e+00
   4.1325906e+00
   4.1308039e+00
   4.1290135e+00
   4.1272192e+00
   4.1254211e+00
   4.1236193e+00
   4.1218136e+00
   4.1200043e+00
   4.1181912e+00
   4.1163743e+00
   4.1145538e+00
   4.1127295e+00
   4.1109016e+00
   4.1090699e+00
   4.1072347e+00
   4.1053957e+00
   4.1035532e+00
   4.1017070e+00
   4.0998572e+00
   4.0980038e+00
   4.0961468e+00
   4.0942862e+00
   4.0924221e+00
   4.0905544e+00
   4.0886832e+00
   4.0868085e+00
   4.0849303e+00
   4.0830486e+00
   4.0811634e+00
   4.0792747e+00
   4.0773825e+00
   4.0754870e+00
   4.0735879e+00
   4.0716855e+00
   4.0697796e+00
   4.0678704e+00
   4.0659578e+00
   4.0640418e+00
   4.0621224e+00
   4.0601997e+00
   4.0582736e+00
   4.0563442e+00
   4.0544116e+00
   4.0524756e+00
   4.0505363e+00
   4.0485937e+00
   4.0466479e+00
   4.0446989e+00
   4.0427465e+00
   4.0407910e+00
   4.0388323e+00
   4.0368703e+00
   4.0349052e+00
   4.0329368e+00
   4.0309653e+00
   4.0289907e+00
   4.0270129e+00
   4.0250319e+00
   4.0230478e+00
   4.0210607e+00
   4.0190704e+00
   4.0170770e+00
   4.0150806e+00
   4.0130811e+00
   4.0110785e+00
   4.0090729e+00
   4.0070643e+00
   4.0050526e+00
   4.0030380e+00
   4.0010203e+00
   3.9989997e+00
   3.9969760e+00
   3.9949494e+00
   3.9929199e+00
   3.9908874e+00
   3.9888520e+00
   3.9868137e+00
   3.9847724e+00
   3.9827283e+00
   3.9806813e+00
   3.9786313e+00
   3.9765786e+00
   3.9745230e+00
   3.9724645e+00
   3.9704032e+00
   3.9683391e+00
   3.9662721e+00
   3.9642024e+00
   3.9621299e+00
   3.9600546e+00
   3.9579765e+00
   3.9558957e+00
   3.9538121e+00
   3.9517258e+00
   3.9496367e+00
   3.9475450e+00
   3.9454505e+00
   3.9433534e+00
   3.9412535e+00
   3.9391510e+00
   3.9370458e+00
   3.9349380e+00
   3.9328275e+00
   3.9307144e+00
   3.9285987e+00
   3.9264803e+00
   3.9243594e+00
   3.9222358e+00
   3.9201097e+00
   3.9179810e+00
   3.9158498e+00
   3.9137159e+00
   3.9115796e+00
   3.9094407e+00
   3.9072993e+00
   3.9051554e+00
   3.9030090e+00
   3.9008600e+00
   3.8987086e+00
   3.8965548e+00
   3.8943984e+00
   3.8922396e+00
   3.8900784e+00
   3.8879147e+00
   3.8857486e+00
   3.8835801e+00
   3.8814092e+00
   3.8792359e+00
   3.8770602e+00
   3.8748821e+00
   3.8727017e+00
   3.8705189e+00
   3.8683338e+00
   3.8661463e+00
   3.8639565e+00
   3.8617643e+00
   3.8595699e+00
   3.8573731e+00
   3.8551741e+00
   3.8529727e+00
   3.8507691e+00
   3.8485633e+00
   3.8463552e+00
   3.8441448e+00
   3.8419322e+00
   3.8397173e+00
   3.8375003e+00
   3.8352810e+00
   3.8330595e+00
   3.8308359e+00
   3.8286100e+00
   3.8263820e+00
   3.8241518e+00
   3.8219195e+00
   3.8196850e+00
   3.8174484e+00
   3.8152096e+00
   3.8129687e+00
   3.8107257e+00
   3.8084806e+00
   3.8062334e+00
   3.8039841e+00
   3.8017327e+00
   3.7994793e+00
   3.7972238e+00
   3.7949662e+00
   3.7927066e+00
   3.7904450e+00
   3.7881813e+00
   3.7859156e+00
   3.7836479e+00
   3.7813782e+00
   3.7791065e+00
   3.7768329e+00
   3.7745572e+00
   3.7722796e+00
   3.7700000e+00
   3.7677184e+00
   3.7654349e+00
   3.7631495e+00
   3.7608621e+00
   3.7585729e+00
   3.7562817e+00
   3.7539886e+00
   3.7516936e+00
   3.7493967e+00
   3.7470979e+00
   3.7447973e+00
   3.7424948e+00
   3.7401904e+00
   3.7378842e+00
   3.7355761e+00
   3.7332663e+00
   3.7309545e+00
   3.7286410e+00
   3.7263257e+00
   3.7240085e+00
   3.7216896e+00
   3.7193688e+00
   3.7170463e+00
   3.7147220e+00
   3.7123960e+00
   3.7100681e+00
   3.7077386e+00
   3.7054073e+00
   3.7030742e+00
   3.7007395e+00
   3.6984030e+00
   3.6960648e+00
   3.6937249e+00
   3.6913832e+00
   3.6890399e+00
   3.6866949e+00
   3.6843483e+00
   3.6819999e+00
   3.6796499e+00
   3.6772983e+00
   3.6749450e+00
   3.6725900e+00
   3.6702335e+00
   3.6678753e+00
   3.6655154e+00
   3.6631540e+00
   3.6607909e+00
   3.6584263e+00
   3.6560600e+00
   3.6536922e+00
   3.6513228e+00
   3.6489518e+00
   3.6465793e+00
   3.6442052e+00
   3.6418295e+00
   3.6394523e+00
   3.6370736e+00
   3.6346933e+00
   3.6323115e+00
   3.6299282e+00
   3.6275434e+00
   3.6251570e+00
   3.6227692e+00
   3.6203799e+00
   3.6179890e+00
   3.6155967e+00
   3.6132030e+00
   3.6108077e+00
   3.6084110e+00
   3.6060129e+00
   3.6036133e+00
   3.6012122e+00
   3.5988098e+00
   3.5964059e+00
   3.5940005e+00
   3.5915938e+00
   3.5891856e+00
   3.5867761e+00
   3.5843651e+00
   3.5819528e+00
   3.5795390e+00
   3.5771239e+00
   3.5747074e+00
   3.5722895e+00
   3.5698703e+00
   3.5674497e+00
   3.5650278e+00
   3.5626045e+00
   3.5601799e+00
   3.5577540e+00
   3.5553267e+00
   3.5528981e+00
   3.5504682e+00
   3.5480370e+00
   3.5456044e+00
   3.5431706e+00
   3.5407355e+00
   3.5382991e+00
   3.5358614e+00
   3.5334224e+00
   3.5309822e+00
   3.5285407e+00
   3.5260979e+00
   3.5236539e+00
   3.5212086e+00
   3.5187621e+00
   3.5163144e+00
   3.5138654e+00
   3.5114152e+00
   3.5089637e+00
   3.5065111e+00
   3.5040572e+00
   3.5016022e+00
   3.4991459e+00
   3.4966884e+00
   3.4942298e+00
   3.4917699e+00
   3.4893089e+00
   3.4868467e+00
   3.4843833e+00
   3.4819188e+00
   3.4794531e+00
   3.4769863e+00
   3.4745183e+00
   3.4720491e+00
   3.4695788e+00
   3.4671074e+00
   3.4646348e+00
   3.4621611e+00
   3.4596863e+00
   3.4572104e+00
   3.4547334e+00
   3.4522552e+00
   3.4497760e+00
   3.4472956e+00
   3.4448142e+00
   3.4423317e+00
   3.4398481e+00
   3.4373634e+00
   3.4348776e+00
   3.4323908e+00
   3.4299029e+00
   3.4274139e+00
   3.4249239e+00
   3.4224328e+00
   3.4199407e+00
   3.4174475e+00
   3.4149533e+00
   3.4124580e+00
   3.4099617e+00
   3.4074644e+00
   3.4049661e+00
   3.4024668e+00
   3.3999664e+00
   3.3974650e+00
   3.3949626e+00
   3.3924593e+00
   3.3899549e+00
   3.3874495e+00
   3.3849431e+00
   3.3824358e+00
   3.3799274e+00
   3.3774181e+00
   3.3749078e+00
   3.3723966e+00
   3.3698844e+00
   3.3673712e+00
   3.3648570e+00
   3.3623419e+00
   3.3598259e+00
   3.3573089e+00
   3.3547909e+00
   3.3522720e+00
   3.3497522e+00
   3.3472314e+00
   3.3447098e+00
   3.3421871e+00
   3.3396636e+00
   3.3371391e+00
   3.3346138e+00
   3.3320875e+00
   3.3295603e+00
   3.3270322e+00
   3.3245032e+00
   3.3219733e+00
   3.3194425e+00
   3.3169108e+00
   3.3143783e+00
   3.3118448e+00
   3.3093105e+00
   3.3067753e+00
   3.3042392e+00
   3.3017022e+00
   3.2991644e+00
   3.2966257e+00
   3.2940861e+00
   3.2915457e+00
   3.2890044e+00
   3.2864623e+00
   3.2839193e+00
   3.2813755e+00
   3.2788308e+00
   3.2762853e+00
   3.2737389e+00
   3.2711917e+00
   3.2686437e+00
   3.2660948e+00
   3.2635452e+00
   3.2609947e+00
   3.2584433e+00
   3.2558912e+00
   3.2533382e+00
   3.2507844e+00
   3.2482298e+00
   3.2456744e+00
   3.2431182e+00
   3.2405612e+00
   3.2380034e+00
   3.2354448e+00
   3.2328854e+00
   3.2303252e+00
   3.2277642e+00
   3.2252024e+00
   3.2226399e+00
   3.2200765e+00
   3.2175124e+00
   3.2149475e+00
   3.2123818e+00
   3.2098153e+00
   3.2072481e+00
   3.2046801e+00
   3.2021113e+00
   3.1995418e+00
   3.1969715e+00
   3.1944004e+00
   3.1918286e+00
   3.1892560e+00
   3.1866827e+00
   3.1841086e+00
   3.1815338e+00
   3.1789582e+00
   3.1763819e+00
   3.1738048e+00
   3.1712269e+00
   3.1686484e+00
   3.1660691e+00
   3.1634890e+00
   3.1609083e+00
   3.1583267e+00
   3.1557445e+00
   3.1531615e+00
   3.1505778e+00
   3.1479934e+00
   3.1454082e+00
   3.1428223e+00
   3.1402357e+00
   3.1376484e+00
   3.1350603e+00
   3.1324716e+00
   3.1298821e+00
   3.1272919e+00
   3.1247010e+00
   3.1221094e+00
   3.1195170e+00
   3.1169240e+00
   3.1143302e+00
   3.1117358e+00
   3.1091406e+00
   3.1065447e+00
   3.1039482e+00
   3.1013509e+00
   3.0987529e+00
   3.0961542e+00
   3.0935549e+00
   3.0909548e+00
   3.0883540e+00
   3.0857526e+00
   3.0831504e+00
   3.0805476e+00
   3.0779440e+00
   3.0753398e+00
   3.0727349e+00
   3.0701293e+00
   3.0675230e+00
   3.0649160e+00
   3.0623083e+00
   3.0597000e+00
   3.0570909e+00
   3.0544812e+00
   3.0518708e+00
   3.0492597e+00
   3.0466479e+00
   3.0440355e+00
   3.0414224e+00
   3.0388086e+00
   3.0361941e+00
   3.0335789e+00
   3.0309630e+00
   3.0283465e+00
   3.0257293e+00
   3.0231114e+00
   3.0204929e+00
   3.0178737e+00
   3.0152538e+00
   3.0126332e+00
   3.0100119e+00
   3.0073900e+00
   3.0047674e+00
   3.0021441e+00
   2.9995202e+00
   2.9968956e+00
   2.9942703e+00
   2.9916443e+00
   2.9890177e+00
   2.9863904e+00
   2.9837624e+00
   2.9811337e+00
   2.9785044e+00
   2.9758744e+00
   2.9732437e+00
   2.9706124e+00
   2.9679804e+00
   2.9653477e+00
   2.9627144e+00
   2.9600803e+00
   2.9574456e+00
   2.9548103e+00
   2.9521742e+00
   2.9495375e+00
   2.9469001e+00
   2.9442621e+00
   2.9416233e+00
   2.9389839e+00
   2.9363438e+00
   2.9337031e+00
   2.9310617e+00
   2.9284196e+00
   2.9257768e+00
   2.9231333e+00
   2.9204892e+00
   2.9178444e+00
   2.9151989e+00
   2.9125527e+00
   2.9099059e+00
   2.9072584e+00
   2.9046102e+00
   2.9019613e+00
   2.8993117e+00
   2.8966615e+00
   2.8940106e+00
   2.8913590e+00
   2.8887067e+00
   2.8860537e+00
   2.8834000e+00
   2.8807457e+00
   2.8780907e+00
   2.8754350e+00
   2.8727785e+00
   2.8701214e+00
   2.8674637e+00
   2.8648052e+00
   2.8621460e+00
   2.8594862e+00
   2.8568256e+00
   2.8541643e+00
   2.8515024e+00
   2.8488398e+00
   2.8461764e+00
   2.8435124e+00
   2.8408476e+00
   2.8381822e+00
   2.8355160e+00
   2.8328492e+00
   2.8301816e+00
   2.8275134e+00
   2.8248444e+00
   2.8221747e+00
   2.8195043e+00
   2.8168332e+00
   2.8141614e+00
   2.8114888e+00
   2.8088156e+00
   2.8061416e+00
   2.8034669e+00
   2.8007915e+00
   2.7981154e+00
   2.7954385e+00
   2.7927610e+00
   2.7900826e+00
   2.7874036e+00
   2.7847238e+00
   2.7820433e+00
   2.7793621e+00
   2.7766801e+00
   2.7739974e+00
   2.7713140e+00
   2.7686298e+00
   2.7659449e+00
   2.7632592e+00
   2.7605728e+00
   2.7578856e+00
   2.7551977e+00
   2.7525090e+00
   2.7498196e+00
   2.7471294e+00
   2.7444385e+00
   2.7417468e+00
   2.7390543e+00
   2.7363611e+00
   2.7336671e+00
   2.7309724e+00
   2.7282769e+00
   2.7255806e+00
   2.7228835e+00
   2.7201856e+00
   2.7174870e+00
   2.7147876e+00
   2.7120874e+00
   2.7093864e+00
   2.7066847e+00
   2.7039821e+00
   2.7012788e+00
   2.6985746e+00
   2.6958697e+00
   2.6931640e+00
   2.6904574e+00
   2.6877501e+00
   2.6850419e+00
   2.6823330e+00
   2.6796232e+00
   2.6769126e+00
   2.6742012e+00
   2.6714890e+00
   2.6687759e+00
   2.6660621e+00
   2.6633474e+00
   2.6606318e+00
   2.6579155e+00
   2.6551983e+00
   2.6524803e+00
   2.6497614e+00
   2.6470417e+00
   2.6443211e+00
   2.6415997e+00
   2.6388775e+00
   2.6361543e+00
   2.6334304e+00
   2.6307055e+00
   2.6279798e+00
   2.6252533e+00
   2.6225258e+00
   2.6197975e+00
   2.6170684e+00
   2.6143383e+00
   2.6116074e+00
   2.6088756e+00
   2.6061429e+00
   2.6034093e+00
   2.6006748e+00
   2.5979394e+00
   2.5952031e+00
   2.5924659e+00
   2.5897278e+00
   2.5869888e+00
   2.5842489e+00
   2.5815081e+00
   2.5787664e+00
   2.5760237e+00
   2.5732801e+00
   2.5705356e+00
   2.5677902e+00
   2.5650438e+00
   2.5622965e+00
   2.5595482e+00
   2.5567990e+00
   2.5540488e+00
   2.5512977e+00
   2.5485457e+00
   2.5457927e+00
   2.5430387e+00
   2.5402838e+00
   2.5375278e+00
   2.5347710e+00
   2.5320131e+00
   2.5292543e+00
   2.5264945e+00
   2.5237337e+00
   2.5209719e+00
   2.5182091e+00
   2.5154453e+00
   2.5126805e+00
   2.5099147e+00
   2.5071479e+00
   2.5043801e+00
   2.5016113e+00
   2.4988415e+00
   2.4960706e+00
   2.4932987e+00
   2.4905258e+00
   2.4877519e+00
   2.4849769e+00
   2.4822008e+00
   2.4794238e+00
   2.4766456e+00
   2.4738665e+00
   2.4710862e+00
   2.4683049e+00
   2.4655226e+00
   2.4627392e+00
   2.4599547e+00
   2.4571691e+00
   2.4543825e+00
   2.4515947e+00
   2.4488059e+00
   2.4460160e+00
   2.4432250e+00
   2.4404329e+00
   2.4376397e+00
   2.4348454e+00
   2.4320499e+00
   2.4292534e+00
   2.4264558e+00
   2.4236570e+00
   2.4208571e+00
   2.4180560e+00
   2.4152538e+00
   2.4124505e+00
   2.4096461e+00
   2.4068405e+00
   2.4040337e+00
   2.4012258e+00
   2.3984167e+00
   2.3956065e+00
   2.3927951e+00
   2.3899825e+00
   2.3871688e+00
   2.3843539e+00
   2.3815377e+00
   2.3787204e+00
   2.3759019e+00
   2.3730823e+00
   2.3702614e+00
   2.3674393e+00
   2.3646160e+00
   2.3617914e+00
   2.3589657e+00
   2.3561387e+00
   2.3533106e+00
   2.3504812e+00
   2.3476505e+00
   2.3448186e+00
   2.3419855e+00
   2.3391511e+00
   2.3363155e+00
   2.3334786e+00
   2.3306405e+00
   2.3278011e+00
   2.3249604e+00
   2.3221184e+00
   2.3192752e+00
   2.3164307e+00
   2.3135849e+00
   2.3107379e+00
   2.3078895e+00
   2.3050398e+00
   2.3021889e+00
   2.2993366e+00
   2.2964830e+00
   2.2936281e+00
   2.2907719e+00
   2.2879144e+00
   2.2850555e+00
   2.2821953e+00
   2.2793338e+00
   2.2764710e+00
   2.2736067e+00
   2.2707412e+00
   2.2678743e+00
   2.2650060e+00
   2.2621364e+00
   2.2592654e+00
   2.2563931e+00
   2.2535193e+00
   2.2506442e+00
   2.2477678e+00
   2.2448899e+00
   2.2420106e+00
   2.2391300e+00
   2.2362480e+00
   2.2333645e+00
   2.2304797e+00
   2.2275934e+00
   2.2247058e+00
   2.2218167e+00
   2.2189262e+00
   2.2160342e+00
   2.2131409e+00
   2.2102461e+00
   2.2073499e+00
   2.2044522e+00
   2.2015531e+00
   2.1986525e+00
   2.1957505e+00
   2.1928471e+00
   2.1899422e+00
   2.1870358e+00
   2.1841279e+00
   2.1812186e+00
   2.1783078e+00
   2.1753955e+00
   2.1724818e+00
   2.1695665e+00
   2.1666498e+00
   2.1637316e+00
   2.1608119e+00
   2.1578906e+00
   2.1549679e+00
   2.1520437e+00
   2.1491180e+00
   2.1461907e+00
   2.1432619e+00
   2.1403317e+00
   2.1373998e+00
   2.1344665e+00
   2.1315316e+00
   2.1285952e+00
   2.1256573e+00
   2.1227178e+00
   2.1197768e+00
   2.1168342e+00
   2.1138901e+00
   2.1109444e+00
   2.1079972e+00
   2.1050484e+00
   2.1020981e+00
   2.0991462e+00
   2.0961927e+00
   2.0932376e+00
   2.0902810e+00
   2.0873228e+00
   2.0843630e+00
   2.0814017e+00
   2.0784387e+00
   2.0754742e+00
   2.0725081e+00
   2.0695404e+00
   2.0665711e+00
   2.0636001e+00
   2.0606276e+00
   2.0576535e+00
   2.0546778e+00
   2.0517005e+00
   2.0487216e+00
   2.0457411e+00
   2.0427589e+00
   2.0397752e+00
   2.0367898e+00
   2.0338028e+00
   2.0308142e+00
   2.0278240e+00
   2.0248321e+00
   2.0218386e+00
   2.0188435e+00
   2.0158468e+00
   2.0128484e+00
   2.0098484e+00
   2.0068468e+00
   2.0038435e+00
   2.0008386e+00
   1.9978320e+00
   1.9948239e+00
   1.9918140e+00
   1.9888026e+00
   1.9857895e+00
   1.9827747e+00
   1.9797584e+00
   1.9767403e+00
   1.9737207e+00
   1.9706993e+00
   1.9676764e+00
   1.9646518e+00
   1.9616255e+00
   1.9585976e+00
   1.9555681e+00
   1.9525369e+00
   1.9495040e+00
   1.9464695e+00
   1.9434334e+00
   1.9403956e+00
   1.9373562e+00
   1.9343151e+00
   1.9312724e+00
   1.9282280e+00
   1.9251820e+00
   1.9221344e+00
   1.9190851e+00
   1.9160341e+00
   1.9129815e+00
   1.9099273e+00
   1.9068715e+00
   1.9038140e+00
   1.9007548e+00
   1.8976941e+00
   1.8946316e+00
   1.8915676e+00
   1.8885019e+00
   1.8854346e+00
   1.8823657e+00
   1.8792952e+00
   1.8762230e+00
   1.8731492e+00
   1.8700738e+00
   1.8669968e+00
   1.8639181e+00
   1.8608379e+00
   1.8577560e+00
   1.8546726e+00
   1.8515875e+00
   1.8485009e+00
   1.8454126e+00
   1.8423227e+00
   1.8392313e+00
   1.8361383e+00
   1.8330437e+00
   1.8299475e+00
   1.8268497e+00
   1.8237504e+00
   1.8206495e+00
   1.8175470e+00
   1.8144430e+00
   1.8113374e+00
   1.8082303e+00
   1.8051216e+00
   1.8020114e+00
   1.7988997e+00
   1.7957864e+00
   1.7926716e+00
   1.7895553e+00
   1.7864374e+00
   1.7833181e+00
   1.7801972e+00
   1.7770749e+00
   1.7739511e+00
   1.7708257e+00
   1.7676989e+00
   1.7645707e+00
   1.7614409e+00
   1.7583097e+00
   1.7551771e+00
   1.7520430e+00
   1.7489074e+00
   1.7457705e+00
   1.7426321e+00
   1.7394923e+00
   1.7363510e+00
   1.7332084e+00
   1.7300644e+00
   1.7269190e+00
   1.7237722e+00
   1.7206241e+00
   1.7174745e+00
   1.7143237e+00
   1.7111715e+00
   1.7080179e+00
   1.7048630e+00
   1.7017068e+00
   1.6985493e+00
   1.6953905e+00
   1.6922304e+00
   1.6890690e+00
   1.6859064e+00
   1.6827425e+00
   1.6795773e+00
   1.6764109e+00
   1.6732433e+00
   1.6700744e+00
   1.6669043e+00
   1.6637331e+00
   1.6605606e+00
   1.6573870e+00
   1.6542122e+00
   1.6510362e+00
   1.6478591e+00
   1.6446809e+00
   1.6415016e+00
   1.6383211e+00
   1.6351395e+00
   1.6319569e+00
   1.6287732e+00
   1.6255884e+00
   1.6224026e+00
   1.6192158e+00
   1.6160279e+00
   1.6128390e+00
   1.6096491e+00
   1.6064582e+00
   1.6032664e+00
   1.6000736e+00
   1.5968799e+00
   1.5936852e+00
   1.5904896e+00
   1.5872932e+00
   1.5840958e+00
   1.5808976e+00
   1.5776985e+00
   1.5744985e+00
   1.5712977e+00
   1.5680961e+00
   1.5648938e+00
   1.5616906e+00
   1.5584866e+00
   1.5552819e+00
   1.5520765e+00
   1.5488703e+00
   1.5456634e+00
   1.5424559e+00
   1.5392476e+00
   1.5360387e+00
   1.5328292e+00
   1.5296190e+00
   1.5264082e+00
   1.5231968e+00
   1.5199848e+00
   1.5167722e+00
   1.5135591e+00
   1.5103455e+00
   1.5071313e+00
   1.5039167e+00
   1.5007015e+00
   1.4974859e+00
   1.4942699e+00
   1.4910534e+00
   1.4878365e+00
   1.4846192e+00
   1.4814015e+00
   1.4781835e+00
   1.4749651e+00
   1.4717464e+00
   1.4685274e+00
   1.4653081e+00
   1.4620885e+00
   1.4588686e+00
   1.4556485e+00
   1.4524282e+00
   1.4492076e+00
   1.4459869e+00
   1.4427660e+00
   1.4395450e+00
   1.4363238e+00
   1.4331025e+00
   1.4298811e+00
   1.4266597e+00
   1.4234381e+00
   1.4202166e+00
   1.4169949e+00
   1.4137733e+00
   1.4105517e+00
   1.4073301e+00
   1.4041086e+00
   1.4008871e+00
   1.3976657e+00
   1.3944444e+00
   1.3912232e+00
   1.3880022e+00
   1.3847813e+00
   1.3815606e+00
   1.3783400e+00
   1.3751197e+00
   1.3718996e+00
   1.3686797e+00
   1.3654601e+00
   1.3622408e+00
   1.3590217e+00
   1.3558030e+00
   1.3525846e+00
   1.3493666e+00
   1.3461489e+00
   1.3429316e+00
   1.3397147e+00
   1.3364982e+00
   1.3332821e+00
   1.3300665e+00
   1.3268514e+00
   1.3236367e+00
   1.3204225e+00
   1.3172089e+00
   1.3139958e+00
   1.3107833e+00
   1.3075713e+00
   1.3043599e+00
   1.3011491e+00
   1.2979389e+00
   1.2947294e+00
   1.2915205e+00
   1.2883122e+00
   1.2851047e+00
   1.2818978e+00
   1.2786917e+00
   1.2754863e+00
   1.2722816e+00
   1.2690777e+00
   1.2658746e+00
   1.2626723e+00
   1.2594707e+00
   1.2562700e+00
   1.2530701e+00
   1.2498711e+00
   1.2466729e+00
   1.2434757e+00
   1.2402793e+00
   1.2370838e+00
   1.2338892e+00
   1.2306956e+00
   1.2275029e+00
   1.2243112e+00
   1.2211205e+00
   1.2179307e+00
   1.2147420e+00
   1.2115543e+00
   1.2083676e+00
   1.2051819e+00
   1.2019974e+00
   1.1988138e+00
   1.1956314e+00
   1.1924501e+00
   1.1892698e+00
   1.1860907e+00
   1.1829127e+00
   1.1797359e+00
   1.1765602e+00
   1.1733857e+00
   1.1702124e+00
   1.1670403e+00
   1.1638693e+00
   1.1606996e+00
   1.1575311e+00
   1.1543639e+00
   1.1511979e+00
   1.1480331e+00
   1.1448697e+00
   1.1417075e+00
   1.1385466e+00
   1.1353870e+00
   1.1322287e+00
   1.1290718e+00
   1.1259162e+00
   1.1227619e+00
   1.1196091e+00
   1.1164575e+00
   1.1133074e+00
   1.1101586e+00
   1.1070113e+00
   1.1038653e+00
   1.1007208e+00
   1.0975777e+00
   1.0944360e+00
   1.0912958e+00
   1.0881571e+00
   1.0850198e+00
   1.0818840e+00
   1.0787497e+00
   1.0756169e+00
   1.0724856e+00
   1.0693559e+00
   1.0662276e+00
   1.0631009e+00
   1.0599758e+00
   1.0568522e+00
   1.0537302e+00
   1.0506098e+00
   1.0474909e+00
   1.0443737e+00
   1.0412581e+00
   1.0381441e+00
   1.0350317e+00
   1.0319210e+00
   1.0288119e+00
   1.0257045e+00
   1.0225988e+00
   1.0194947e+00
   1.0163924e+00
   1.0132917e+00
   1.0101928e+00
   1.0070956e+00
   1.0040001e+00
   1.0009064e+00
   9.9781448e-01
   9.9472431e-01
   9.9163592e-01
   9.8854933e-01
   9.8546455e-01
   9.8238158e-01
   9.7930045e-01
   9.7622116e-01
   9.7314372e-01
   9.7006816e-01
   9.6699447e-01
   9.6392268e-01
   9.6085280e-01
   9.5778483e-01
   9.5471879e-01
   9.5165470e-01
   9.4859257e-01
   9.4553241e-01
   9.4247423e-01
   9.3941805e-01
   9.3636389e-01
   9.3331175e-01
   9.3026165e-01
   9.2721361e-01
   9.2416764e-01
   9.2112375e-01
   9.1808196e-01
   9.1504229e-01
   9.1200475e-01
   9.0896935e-01
   9.0593612e-01
   9.0290506e-01
   8.9987620e-01
   8.9684954e-01
   8.9382511e-01
   8.9080292e-01
   8.8778299e-01
   8.8476534e-01
   8.8174997e-01
   8.7873692e-01
   8.7572619e-01
   8.7271781e-01
   8.6971179e-01
   8.6670815e-01
   8.6370690e-01
   8.6070808e-01
   8.5771168e-01
   8.5471774e-01
   8.5172627e-01
   8.4873729e-01
   8.4575082e-01
   8.4276688e-01
   8.3978548e-01
   8.3680665e-01
   8.3383041e-01
   8.3085677e-01
   8.2788576e-01
   8.2491739e-01
   8.2195169e-01
   8.1898868e-01
   8.1602837e-01
   8.1307079e-01
   8.1011595e-01
   8.0716388e-01
   8.0421460e-01
   8.0126813e-01
   7.9832449e-01
   7.9538370e-01
   7.9244578e-01
   7.8951075e-01
   7.8657864e-01
   7.8364947e-01
   7.8072325e-01
   7.7780001e-01
   7.7487978e-01
   7.7196256e-01
   7.6904839e-01
   7.6613729e-01
   7.6322927e-01
   7.6032436e-01
   7.5742259e-01
   7.5452396e-01
   7.5162852e-01
   7.4873627e-01
   7.4584724e-01
   7.4296145e-01
   7.4007892e-01
   7.3719968e-01
   7.3432374e-01
   7.3145114e-01
   7.2858188e-01
   7.2571600e-01
   7.2285352e-01
   7.1999445e-01
   7.1713882e-01
   7.1428666e-01
   7.1143797e-01
   7.0859280e-01
   7.0575114e-01
   7.0291304e-01
   7.0007851e-01
   6.9724757e-01
   6.9442024e-01
   6.9159655e-01
   6.8877651e-01
   6.8596015e-01
   6.8314749e-01
   6.8033855e-01
   6.7753335e-01
   6.7473192e-01
   6.7193427e-01
   6.6914042e-01
   6.6635040e-01
   6.6356422e-01
   6.6078191e-01
   6.5800349e-01
   6.5522897e-01
   6.5245838e-01
   6.4969174e-01
   6.4692907e-01
   6.4417038e-01
   6.4141571e-01
   6.3866505e-01
   6.3591845e-01
   6.3317591e-01
   6.3043745e-01
   6.2770310e-01
   6.2497287e-01
   6.2224678e-01
   6.1952486e-01
   6.1680711e-01
   6.1409356e-01
   6.1138422e-01
   6.0867912e-01
   6.0597827e-01
   6.0328168e-01
   6.0058939e-01
   5.9790140e-01
   5.9521773e-01
   5.9253840e-01
   5.8986342e-01
   5.8719281e-01
   5.8452660e-01
   5.8186479e-01
   5.7920740e-01
   5.7655445e-01
   5.7390595e-01
   5.7126192e-01
   5.6862238e-01
   5.6598734e-01
   5.6335681e-01
   5.6073082e-01
   5.5810937e-01
   5.5549248e-01
   5.5288016e-01
   5.5027244e-01
   5.4766932e-01
   5.4507082e-01
   5.4247695e-01
   5.3988773e-01
   5.3730317e-01
   5.3472328e-01
   5.3214808e-01
   5.2957758e-01
   5.2701179e-01
   5.2445072e-01
   5.2189440e-01
   5.1934282e-01
   5.1679601e-01
   5.1425398e-01
   5.1171673e-01
   5.0918428e-01
   5.0665665e-01
   5.0413384e-01
   5.0161586e-01
   4.9910273e-01
   4.9659445e-01
   4.9409105e-01
   4.9159252e-01
   4.8909889e-01
   4.8661015e-01
   4.8412633e-01
   4.8164743e-01
   4.7917347e-01
   4.7670444e-01
   4.7424037e-01
   4.7178126e-01
   4.6932713e-01
   4.6687797e-01
   4.6443381e-01
   4.6199466e-01
   4.5956051e-01
   4.5713138e-01
   4.5470729e-01
   4.5228823e-01
   4.4987422e-01
   4.4746527e-01
   4.4506139e-01
   4.4266258e-01
   4.4026886e-01
   4.3788022e-01
   4.3549669e-01
   4.3311828e-01
   4.3074498e-01
   4.2837680e-01
   4.2601377e-01
   4.2365587e-01
   4.2130313e-01
   4.1895555e-01
   4.1661314e-01
   4.1427591e-01
   4.1194387e-01
   4.0961702e-01
   4.0729537e-01
   4.0497893e-01
   4.0266771e-01
   4.0036172e-01
   3.9806096e-01
   3.9576545e-01
   3.9347519e-01
   3.9119019e-01
   3.8891046e-01
   3.8663600e-01
   3.8436683e-01
   3.8210296e-01
   3.7984438e-01
   3.7759112e-01
   3.7534317e-01
   3.7310056e-01
   3.7086328e-01
   3.6863134e-01
   3.6640476e-01
   3.6418354e-01
   3.6196770e-01
   3.5975723e-01
   3.5755215e-01
   3.5535248e-01
   3.5315821e-01
   3.5096936e-01
   3.4878594e-01
   3.4660795e-01
   3.4443542e-01
   3.4226833e-01
   3.4010672e-01
   3.3795059e-01
   3.3579994e-01
   3.3365479e-01
   3.3151515e-01
   3.2938103e-01
   3.2725244e-01
   3.2512940e-01
   3.2301191e-01
   3.2089998e-01
   3.1879363e-01
   3.1669287e-01
   3.1459772e-01
   3.1250817e-01
   3.1042426e-01
   3.0834598e-01
   3.0627336e-01
   3.0420641e-01
   3.0214513e-01
   3.0008955e-01
   2.9803968e-01
   2.9599553e-01
   2.9395712e-01
   2.9192446e-01
   2.8989757e-01
   2.8787647e-01
   2.8586116e-01
   2.8385167e-01
   2.8184801e-01
   2.7985020e-01
   2.7785826e-01
   2.7587220e-01
   2.7389204e-01
   2.7191781e-01
   2.6994951e-01
   2.6798717e-01
   2.6603081e-01
   2.6408044e-01
   2.6213609e-01
   2.6019778e-01
   2.5826552e-01
   2.5633934e-01
   2.5441927e-01
   2.5250531e-01
   2.5059750e-01
   2.4869586e-01
   2.4680041e-01
   2.4491118e-01
   2.4302818e-01
   2.4115145e-01
   2.3928100e-01
   2.3741687e-01
   2.3555908e-01
   2.3370765e-01
   2.3186262e-01
   2.3002400e-01
   2.2819184e-01
   2.2636615e-01
   2.2454696e-01
   2.2273431e-01
   2.2092822e-01
   2.1912872e-01
   2.1733585e-01
   2.1554963e-01
   2.1377010e-01
   2.1199729e-01
   2.1023122e-01
   2.0847195e-01
   2.0671948e-01
   2.0497387e-01
   2.0323515e-01
   2.0150335e-01
   1.9977850e-01
   1.9806065e-01
   1.9634982e-01
   1.9464606e-01
   1.9294940e-01
   1.9125988e-01
   1.8957754e-01
   1.8790242e-01
   1.8623456e-01
   1.8457399e-01
   1.8292076e-01
   1.8127491e-01
   1.7963648e-01
   1.7800550e-01
   1.7638203e-01
   1.7476610e-01
   1.7315776e-01
   1.7155705e-01
   1.6996401e-01
   1.6837869e-01
   1.6680112e-01
   1.6523137e-01
   1.6366946e-01
   1.6211546e-01
   1.6056939e-01
   1.5903131e-01
   1.5750126e-01
   1.5597929e-01
   1.5446544e-01
   1.5295977e-01
   1.5146231e-01
   1.4997313e-01
   1.4849225e-01
   1.4701973e-01
   1.4555562e-01
   1.4409996e-01
   1.4265281e-01
   1.4121420e-01
   1.3978419e-01
   1.3836282e-01
   1.3695014e-01
   1.3554620e-01
   1.3415105e-01
   1.3276472e-01
   1.3138727e-01
   1.3001875e-01
   1.2865919e-01
   1.2730865e-01
   1.2596717e-01
   1.2463480e-01
   1.2331157e-01
   1.2199754e-01
   1.2069274e-01
   1.1939722e-01
   1.1811103e-01
   1.1683420e-01
   1.1556677e-01
   1.1430879e-01
   1.1306029e-01
   1.1182132e-01
   1.1059190e-01
   1.0937208e-01
   1.0816190e-01
   1.0696138e-01
   1.0577057e-01
   1.0458949e-01
   1.0341818e-01
   1.0225666e-01
   1.0110498e-01
   9.9963145e-02
   9.8831195e-02
   9.7709152e-02
   9.6597041e-02
   9.5494885e-02
   9.4402704e-02
   9.3320519e-02
   9.2248349e-02
   9.1186209e-02
   9.0134115e-02
   8.9092080e-02
   8.8060117e-02
   8.7038236e-02
   8.6026445e-02
   8.5024750e-02
   8.4033157e-02
   8.3051669e-02
   8.2080286e-02
   8.1119009e-02
   8.0167835e-02
   7.9226759e-02
   7.8295775e-02
   7.7374874e-02
   7.6464047e-02
   7.5563282e-02
   7.4672563e-02
   7.3791876e-02
   7.2921201e-02
   7.2060519e-02
   7.1209807e-02
   7.0369042e-02
   6.9538197e-02
   6.8717245e-02
   6.7906154e-02
   6.7104894e-02
   6.6313430e-02
   6.5531726e-02
   6.4759744e-02
   6.3997445e-02
   6.3244787e-02
   6.2501726e-02
   6.1768218e-02
   6.1044214e-02
   6.0329667e-02
   5.9624524e-02
   5.8928735e-02
   5.8242245e-02
   5.7564998e-02
   5.6896937e-02
   5.6238002e-02
   5.5588135e-02
   5.4947271e-02
   5.4315349e-02
   5.3692303e-02
   5.3078067e-02
   5.2472574e-02
   5.1875755e-02
   5.1287540e-02
   5.0707858e-02
   5.0136637e-02
   4.9573802e-02
   4.9019281e-02
   4.8472998e-02
   4.7934876e-02
   4.7404838e-02
   4.6882807e-02
   4.6368704e-02
   4.5862449e-02
   4.5363962e-02
   4.4873164e-02
   4.4389972e-02
   4.3914304e-02
   4.3446080e-02
   4.2985216e-02
   4.2531629e-02
   4.2085236e-02
   4.1645954e-02
   4.1213698e-02
   4.0788385e-02
   4.0369932e-02
   3.9958253e-02
   3.9553265e-02
   3.9154883e-02
   3.8763025e-02
   3.8377604e-02
   3.7998539e-02
   3.7625744e-02
   3.7259138e-02
   3.6898635e-02
   3.6544154e-02
   3.6195612e-02
   3.5852927e-02
   3.5516016e-02
   3.5184798e-02
   3.4859193e-02
   3.4539118e-02
   3.4224495e-02
   3.3915244e-02
   3.3611285e-02
   3.3312540e-02
   3.3018932e-02
   3.2730382e-02
   3.2446815e-02
   3.2168153e-02
   3.1894322e-02
   3.1625247e-02
   3.1360854e-02
   3.1101070e-02
   3.0845821e-02
   3.0595037e-02
   3.0348646e-02
   3.0106577e-02
   2.9868761e-02
   2.9635129e-02
   2.9405613e-02
   2.9180145e-02
   2.8958660e-02
   2.8741092e-02
   2.8527375e-02
   2.8317445e-02
   2.8111240e-02
   2.7908696e-02
   2.7709753e-02
   2.7514348e-02
   2.7322423e-02
   2.7133917e-02
   2.6948773e-02
   2.6766932e-02
   2.6588338e-02
   2.6412936e-02
   2.6240669e-02
   2.6071483e-02
   2.5905324e-02
   2.5742141e-02
   2.5581880e-02
   2.5424491e-02
   2.5269922e-02
   2.5118125e-02
   2.4969050e-02
   2.4822649e-02
   2.4678875e-02
   2.4537681e-02
   2.4399020e-02
   2.4262848e-02
   2.4129120e-02
   2.3997793e-02
   2.3868822e-02
   2.3742167e-02
   2.3617785e-02
   2.3495635e-02
   2.3375677e-02
   2.3257871e-02
   2.3142178e-02
   2.3028560e-02
   2.2916979e-02
   2.2807398e-02
   2.2699782e-02
   2.2594093e-02
   2.2490296e-02
   2.2388358e-02
   2.2288244e-02
   2.2189921e-02
   2.2093356e-02
   2.1998516e-02
   2.1905371e-02
   2.1813889e-02
   2.1724039e-02
   2.1635791e-02
   2.1549116e-02
   2.1463985e-02
   2.1380369e-02
   2.1298241e-02
   2.1217573e-02
   2.1138338e-02
   2.1060510e-02
   2.0984062e-02
   2.0908969e-02
   2.0835206e-02
   2.0762748e-02
   2.0691572e-02
   2.0621653e-02
   2.0552968e-02
   2.0485495e-02
   2.0419210e-02
   2.0354092e-02
   2.0290119e-02
   2.0227269e-02
   2.0165523e-02
   2.0104860e-02
   2.0045258e-02
   1.9986700e-02
   1.9929164e-02
   1.9872633e-02
   1.9817088e-02
   1.9762509e-02
   1.9708880e-02
   1.9656183e-02
   1.9604400e-02
   1.9553515e-02
   1.9503510e-02
   1.9454369e-02
   1.9406077e-02
   1.9358617e-02
   1.9311974e-02
   1.9266132e-02
   1.9221078e-02
   1.9176796e-02
   1.9133272e-02
   1.9090491e-02
   1.9048441e-02
   1.9007107e-02
   1.8966476e-02
   1.8926535e-02
   1.8887271e-02
   1.8848672e-02
   1.8810725e-02
   1.8773418e-02
   1.8736740e-02
   1.8700678e-02
   1.8665221e-02
   1.8630358e-02
   1.8596078e-02
   1.8562371e-02
   1.8529224e-02
   1.8496629e-02
   1.8464575e-02
   1.8433051e-02
   1.8402048e-02
   1.8371557e-02
   1.8341568e-02
   1.8312071e-02
   1.8283057e-02
   1.8254519e-02
   1.8226445e-02
   1.8198829e-02
   1.8171662e-02
   1.8144935e-02
   1.8118640e-02
   1.8092769e-02
   1.8067315e-02
   1.8042269e-02
   1.8017624e-02
   1.7993374e-02
   1.7969509e-02
   1.7946024e-02
   1.7922912e-02
   1.7900165e-02
   1.7877776e-02
   1.7855740e-02
   1.7834050e-02
   1.7812699e-02
   1.7791680e-02
   1.7770989e-02
   1.7750619e-02
   1.7730564e-02
   1.7710818e-02
   1.7691376e-02
   1.7672231e-02
   1.7653379e-02
   1.7634815e-02
   1.7616532e-02
   1.7598526e-02
   1.7580792e-02
   1.7563324e-02
   1.7546119e-02
   1.7529170e-02
   1.7512474e-02
   1.7496025e-02
   1.7479820e-02
   1.7463853e-02
   1.7448121e-02
   1.7432619e-02
   1.7417343e-02
   1.7402289e-02
   1.7387452e-02
   1.7372830e-02
   1.7358417e-02
   1.7344211e-02
   1.7330207e-02
   1.7316401e-02
   1.7302791e-02
   1.7289373e-02
   1.7276142e-02
   1.7263096e-02
   1.7250232e-02
   1.7237546e-02
   1.7225034e-02
   1.7212695e-02
   1.7200523e-02
   1.7188518e-02
   1.7176675e-02
   1.7164992e-02
   1.7153465e-02
   1.7142093e-02
   1.7130872e-02
   1.7119799e-02
   1.7108872e-02
   1.7098088e-02
   1.7087445e-02
   1.7076940e-02
   1.7066571e-02
   1.7056334e-02
   1.7046229e-02
   1.7036253e-02
   1.7026402e-02
   1.7016675e-02
   1.7007071e-02
   1.6997586e-02
   1.6988218e-02
   1.6978966e-02
   1.6969827e-02
   1.6960799e-02
   1.6951881e-02
   1.6943070e-02
   1.6934364e-02
   1.6925763e-02
   1.6917263e-02
   1.6908863e-02
   1.6900562e-02
   1.6892357e-02
   1.6884247e-02
   1.6876230e-02
   1.6868304e-02
   1.6860469e-02
   1.6852722e-02
   1.6845062e-02
   1.6837487e-02
   1.6829996e-02
   1.6822587e-02
   1.6815259e-02
   1.6808011e-02
   1.6800841e-02
   1.6793747e-02
   1.6786729e-02
   1.6779786e-02
   1.6772915e-02
   1.6766116e-02
   1.6759387e-02
   1.6752727e-02
   1.6746135e-02
   1.6739610e-02
   1.6733151e-02
   1.6726756e-02
   1.6720425e-02
   1.6714156e-02
   1.6707949e-02
   1.6701801e-02
   1.6695713e-02
   1.6689683e-02
   1.6683710e-02
   1.6677794e-02
   1.6671933e-02
   1.6666126e-02
   1.6660373e-02
   1.6654672e-02
   1.6649023e-02
   1.6643425e-02
   1.6637877e-02
   1.6632377e-02
   1.6626927e-02
   1.6621523e-02
   1.6616167e-02
   1.6610856e-02
   1.6605591e-02
   1.6600370e-02
   1.6595192e-02
   1.6590058e-02
   1.6584966e-02
   1.6579915e-02
   1.6574906e-02
   1.6569936e-02
   1.6565006e-02
   1.6560116e-02
   1.6555263e-02
   1.6550448e-02
   1.6545670e-02
   1.6540929e-02
   1.6536224e-02
   1.6531554e-02
   1.6526918e-02
   1.6522317e-02
   1.6517749e-02
   1.6513215e-02
   1.6508713e-02
   1.6504243e-02
   1.6499805e-02
   1.6495398e-02
   1.6491021e-02
   1.6486675e-02
   1.6482358e-02
   1.6478070e-02
   1.6473811e-02
   1.6469580e-02
   1.6465377e-02
   1.6461202e-02
   1.6457053e-02
   1.6452931e-02
   1.6448835e-02
   1.6444765e-02
   1.6440720e-02
   1.6436700e-02
   1.6432705e-02
   1.6428734e-02
   1.6424787e-02
   1.6420863e-02
   1.6416963e-02
   1.6413085e-02
   1.6409230e-02
   1.6405397e-02
   1.6401586e-02
   1.6397796e-02
   1.6394027e-02
   1.6390280e-02
   1.6386553e-02
   1.6382846e-02
   1.6379159e-02
   1.6375491e-02
   1.6371844e-02
   1.6368215e-02
   1.6364605e-02
   1.6361014e-02
   1.6357440e-02
   1.6353886e-02
   1.6350348e-02
   1.6346829e-02
   1.6343326e-02
   1.6339841e-02
   1.6336373e-02
   1.6332921e-02
   1.6329486e-02
   1.6326066e-02
   1.6322663e-02
   1.6319275e-02
   1.6315903e-02
   1.6312546e-02
   1.6309205e-02
   1.6305878e-02
   1.6302566e-02
   1.6299268e-02
   1.6295985e-02
   1.6292715e-02
   1.6289460e-02
   1.6286219e-02
   1.6282991e-02
   1.6279776e-02
   1.6276575e-02
   1.6273386e-02
   1.6270211e-02
   1.6267048e-02
   1.6263898e-02
   1.6260761e-02
   1.6257635e-02
   1.6254522e-02
   1.6251421e-02
   1.6248331e-02
   1.6245253e-02
   1.6242187e-02
   1.6239132e-02
   1.6236089e-02
   1.6233056e-02
   1.6230035e-02
   1.6227024e-02
   1.6224024e-02
   1.6221035e-02
   1.6218056e-02
   1.6215088e-02
   1.6212129e-02
   1.6209181e-02
   1.6206243e-02
   1.6203315e-02
   1.6200397e-02
   1.6197488e-02
   1.6194589e-02
   1.6191700e-02
   1.6188819e-02
   1.6185949e-02
   1.6183087e-02
   1.6180234e-02
   1.6177390e-02
   1.6174556e-02
   1.6171730e-02
   1.6168912e-02
   1.6166103e-02
   1.6163303e-02
   1.6160511e-02
   1.6157728e-02
   1.6154953e-02
   1.6152186e-02
   1.6149427e-02
   1.6146676e-02
   1.6143933e-02
   1.6141198e-02
   1.6138470e-02
   1.6135751e-02
   1.6133039e-02
   1.6130334e-02
   1.6127637e-02
   1.6124948e-02
   1.6122266e-02
   1.6119591e-02
   1.6116923e-02
   1.6114263e-02
   1.6111609e-02
   1.6108963e-02
   1.6106323e-02
   1.6103691e-02
   1.6101065e-02
   1.6098446e-02
   1.6095834e-02
   1.6093228e-02
   1.6090629e-02
   1.6088037e-02
   1.6085451e-02
   1.6082871e-02
   1.6080298e-02
   1.6077731e-02
   1.6075171e-02
   1.6072617e-02
   1.6070069e-02
   1.6067527e-02
   1.6064991e-02
   1.6062461e-02
   1.6059937e-02
   1.6057419e-02
   1.6054907e-02
   1.6052401e-02
   1.6049901e-02
   1.6047406e-02
   1.6044917e-02
   1.6042434e-02
   1.6039956e-02
   1.6037484e-02
   1.6035018e-02
   1.6032557e-02
   1.6030102e-02
   1.6027652e-02
   1.6025207e-02
   1.6022768e-02
   1.6020334e-02
   1.6017905e-02
   1.6015482e-02
   1.6013064e-02
   1.6010651e-02
   1.6008243e-02
   1.6005840e-02
   1.6003443e-02
   1.6001050e-02
   1.5998663e-02
   1.5996280e-02
   1.5993902e-02
   1.5991530e-02
   1.5989162e-02
   1.5986799e-02
   1.5984441e-02
   1.5982088e-02
   1.5979739e-02
   1.5977395e-02
   1.5975056e-02
   1.5972722e-02
   1.5970392e-02
   1.5968067e-02
   1.5965747e-02
   1.5963431e-02
   1.5961120e-02
   1.5958813e-02
   1.5956511e-02
   1.5954213e-02
   1.5951920e-02
   1.5949631e-02
   1.5947346e-02
   1.5945066e-02
   1.5942790e-02
   1.5940519e-02
   1.5938252e-02
   1.5935989e-02
   1.5933731e-02
   1.5931476e-02
   1.5929226e-02
   1.5926981e-02
   1.5924739e-02
   1.5922502e-02
   1.5920268e-02
   1.5918039e-02
   1.5915814e-02
   1.5913593e-02
   1.5911376e-02
   1.5909164e-02
   1.5906955e-02
   1.5904750e-02
   1.5902549e-02
   1.5900352e-02
   1.5898159e-02
   1.5895971e-02
   1.5893786e-02
   1.5891605e-02
   1.5889427e-02
   1.5887254e-02
   1.5885085e-02
   1.5882919e-02
   1.5880757e-02
   1.5878599e-02
   1.5876445e-02
   1.5874295e-02
   1.5872148e-02
   1.5870005e-02
   1.5867866e-02
   1.5865730e-02
   1.5863598e-02
   1.5861470e-02
   1.5859346e-02
   1.5857225e-02
   1.5855108e-02
   1.5852994e-02
   1.5850885e-02
   1.5848778e-02
   1.5846676e-02
   1.5844576e-02
   1.5842481e-02
   1.5840389e-02
   1.5838300e-02
   1.5836215e-02
   1.5834134e-02
   1.5832056e-02
   1.5829981e-02
   1.5827910e-02
   1.5825843e-02
   1.5823778e-02
   1.5821718e-02
   1.5819660e-02
   1.5817606e-02
   1.5815556e-02
   1.5813509e-02
   1.5811465e-02
   1.5809425e-02
   1.5807388e-02
   1.5805354e-02
   1.5803324e-02
   1.5801296e-02
   1.5799273e-02
   1.5797252e-02
   1.5795235e-02
   1.5793221e-02
   1.5791210e-02
   1.5789203e-02
   1.5787199e-02
   1.5785198e-02
   1.5783200e-02
   1.5781206e-02
   1.5779214e-02
   1.5777226e-02
   1.5775241e-02
   1.5773260e-02
   1.5771281e-02
   1.5769306e-02
   1.5767333e-02
   1.5765364e-02
   1.5763398e-02
   1.5761435e-02
   1.5759475e-02
   1.5757518e-02
   1.5755565e-02
   1.5753614e-02
   1.5751667e-02
   1.5749722e-02
   1.5747781e-02
   1.5745842e-02
   1.5743907e-02
   1.5741975e-02
   1.5740045e-02
   1.5738119e-02
   1.5736196e-02
   1.5734276e-02
   1.5732358e-02
   1.5730444e-02
   1.5728532e-02
   1.5726624e-02
   1.5724719e-02
   1.5722816e-02
   1.5720916e-02
   1.5719020e-02
   1.5717126e-02
   1.5715235e-02
   1.5713347e-02
   1.5711462e-02
   1.5709580e-02
   1.5707701e-02
   1.5705824e-02
   1.5703951e-02
   1.5702080e-02
   1.5700212e-02
   1.5698347e-02
   1.5696485e-02
   1.5694625e-02
   1.5692769e-02
   1.5690915e-02
   1.5689064e-02
   1.5687216e-02
   1.5685371e-02
   1.5683528e-02
   1.5681688e-02
   1.5679851e-02
   1.5678017e-02
   1.5676186e-02
   1.5674357e-02
   1.5672531e-02
   1.5670708e-02
   1.5668887e-02
   1.5667069e-02
   1.5665254e-02
   1.5663442e-02
   1.5661632e-02
   1.5659825e-02
   1.5658021e-02
   1.5656219e-02
   1.5654420e-02
   1.5652624e-02
   1.5650830e-02
   1.5649040e-02
   1.5647251e-02
   1.5645466e-02
   1.5643683e-02
   1.5641902e-02
   1.5640124e-02
   1.5638349e-02
   1.5636577e-02
   1.5634807e-02
   1.5633040e-02
   1.5631275e-02
   1.5629513e-02
   1.5627753e-02
   1.5625996e-02
   1.5624242e-02
   1.5622490e-02
   1.5620741e-02
   1.5618994e-02
   1.5617250e-02
   1.5615508e-02
   1.5613769e-02
   1.5612033e-02
   1.5610299e-02
   1.5608567e-02
   1.5606838e-02
   1.5605112e-02
   1.5603388e-02
   1.5601666e-02
   1.5599947e-02
   1.5598231e-02
   1.5596517e-02
   1.5594805e-02
   1.5593096e-02
   1.5591390e-02
   1.5589686e-02
   1.5587984e-02
   1.5586285e-02
   1.5584588e-02
   1.5582894e-02
   1.5581202e-02
   1.5579512e-02
   1.5577825e-02
   1.5576141e-02
   1.5574458e-02
   1.5572779e-02
   1.5571101e-02
   1.5569426e-02
   1.5567754e-02
   1.5566083e-02
   1.5564416e-02
   1.5562750e-02
   1.5561087e-02
   1.5559426e-02
   1.5557768e-02
   1.5556112e-02
   1.5554458e-02
   1.5552807e-02
   1.5551158e-02
   1.5549511e-02
   1.5547867e-02
   1.5546225e-02
   1.5544585e-02
   1.5542948e-02
   1.5541313e-02
   1.5539680e-02
   1.5538050e-02
   1.5536422e-02
   1.5534796e-02
   1.5533172e-02
   1.5531551e-02
   1.5529932e-02
   1.5528316e-02
   1.5526701e-02
   1.5525089e-02
   1.5523479e-02
   1.5521871e-02
   1.5520266e-02
   1.5518663e-02
   1.5517062e-02
   1.5515463e-02
   1.5513867e-02
   1.5512273e-02
   1.5510681e-02
   1.5509091e-02
   1.5507504e-02
   1.5505918e-02
   1.5504335e-02
   1.5502754e-02
   1.5501176e-02
   1.5499599e-02
   1.5498025e-02
   1.5496453e-02
   1.5494883e-02
   1.5493315e-02
   1.5491749e-02
   1.5490186e-02
   1.5488625e-02
   1.5487065e-02
   1.5485509e-02
   1.5483954e-02
   1.5482401e-02
   1.5480851e-02
   1.5479302e-02
   1.5477756e-02
   1.5476212e-02
   1.5474670e-02
   1.5473130e-02
   1.5471592e-02
   1.5470057e-02
   1.5468523e-02
   1.5466992e-02
   1.5465462e-02
   1.5463935e-02
   1.5462410e-02
   1.5460887e-02
   1.5459366e-02
   1.5457847e-02
   1.5456330e-02
   1.5454816e-02
   1.5453303e-02
   1.5451792e-02
   1.5450284e-02
   1.5448777e-02
   1.5447273e-02
   1.5445771e-02
   1.5444270e-02
   1.5442772e-02
   1.5441276e-02
   1.5439781e-02
   1.5438289e-02
   1.5436799e-02
   1.5435311e-02
   1.5433825e-02
   1.5432341e-02
   1.5430859e-02
   1.5429378e-02
   1.5427900e-02
   1.5426424e-02
   1.5424950e-02
   1.5423478e-02
   1.5422008e-02
   1.5420540e-02
   1.5419074e-02
   1.5417609e-02
   1.5416147e-02
   1.5414687e-02
   1.5413229e-02
   1.5411772e-02
   1.5410318e-02
   1.5408866e-02
   1.5407415e-02
   1.5405967e-02
   1.5404520e-02
   1.5403075e-02
   1.5401633e-02
   1.5400192e-02
   1.5398753e-02
   1.5397316e-02
   1.5395881e-02
   1.5394448e-02
   1.5393017e-02
   1.5391588e-02
   1.5390160e-02
   1.5388735e-02
   1.5387311e-02
   1.5385890e-02
   1.5384470e-02
   1.5383052e-02
   1.5381636e-02
   1.5380222e-02
   1.5378810e-02
   1.5377399e-02
   1.5375991e-02
   1.5374584e-02
   1.5373180e-02
   1.5371777e-02
   1.5370376e-02
   1.5368977e-02
   1.5367579e-02
   1.5366184e-02
   1.5364790e-02
   1.5363398e-02
   1.5362008e-02
   1.5360620e-02
   1.5359234e-02
   1.5357850e-02
   1.5356467e-02
   1.5355086e-02
   1.5353707e-02
   1.5352330e-02
   1.5350955e-02
   1.5349581e-02
   1.5348209e-02
   1.5346839e-02
   1.5345471e-02
   1.5344105e-02
   1.5342740e-02
   1.5341378e-02
   1.5340017e-02
   1.5338657e-02
   1.5337300e-02
   1.5335944e-02
   1.5334590e-02
   1.5333238e-02
   1.5331888e-02
   1.5330539e-02
   1.5329192e-02
   1.5327847e-02
   1.5326504e-02
   1.5325162e-02
   1.5323823e-02
   1.5322485e-02
   1.5321148e-02
   1.5319814e-02
   1.5318481e-02
   1.5317150e-02
   1.5315820e-02
   1.5314492e-02
   1.5313166e-02
   1.5311842e-02
   1.5310520e-02
   1.5309199e-02
   1.5307880e-02
   1.5306562e-02
   1.5305247e-02
   1.5303933e-02
   1.5302620e-02
   1.5301310e-02
   1.5300001e-02
   1.5298694e-02
   1.5297388e-02
   1.5296084e-02
   1.5294782e-02
   1.5293481e-02
   1.5292183e-02
   1.5290885e-02
   1.5289590e-02
   1.5288296e-02
   1.5287004e-02
   1.5285713e-02
   1.5284425e-02
   1.5283137e-02
   1.5281852e-02
   1.5280568e-02
   1.5279286e-02
   1.5278005e-02
   1.5276726e-02
   1.5275449e-02
   1.5274173e-02
   1.5272899e-02
   1.5271626e-02
   1.5270356e-02
   1.5269086e-02
   1.5267819e-02
   1.5266553e-02
   1.5265288e-02
   1.5264026e-02
   1.5262764e-02
   1.5261505e-02
   1.5260247e-02
   1.5258991e-02
   1.5257736e-02
   1.5256483e-02
   1.5255231e-02
   1.5253981e-02
   1.5252733e-02
   1.5251486e-02
   1.5250241e-02
   1.5248997e-02
   1.5247755e-02
   1.5246514e-02
   1.5245276e-02
   1.5244038e-02
   1.5242802e-02
   1.5241568e-02
   1.5240335e-02
   1.5239104e-02
   1.5237875e-02
   1.5236647e-02
   1.5235420e-02
   1.5234195e-02
   1.5232972e-02
   1.5231750e-02
   1.5230530e-02
   1.5229311e-02
   1.5228093e-02
   1.5226878e-02
   1.5225663e-02
   1.5224451e-02
   1.5223240e-02
   1.5222030e-02
   1.5220822e-02
   1.5219615e-02
   1.5218410e-02
   1.5217206e-02
   1.5216004e-02
   1.5214804e-02
   1.5213605e-02
   1.5212407e-02
   1.5211211e-02
   1.5210016e-02
   1.5208823e-02
   1.5207632e-02
   1.5206441e-02
   1.5205253e-02
   1.5204066e-02
   1.5202880e-02
   1.5201696e-02
   1.5200513e-02
   1.5199332e-02
   1.5198152e-02
   1.5196973e-02
   1.5195796e-02
   1.5194621e-02
   1.5193447e-02
   1.5192274e-02
   1.5191103e-02
   1.5189934e-02
   1.5188766e-02
   1.5187599e-02
   1.5186434e-02
   1.5185270e-02
   1.5184107e-02
   1.5182946e-02
   1.5181787e-02
   1.5180629e-02
   1.5179472e-02
   1.5178317e-02
   1.5177163e-02
   1.5176010e-02
   1.5174859e-02
   1.5173710e-02
   1.5172562e-02
   1.5171415e-02
   1.5170270e-02
   1.5169126e-02
   1.5167983e-02
   1.5166842e-02
   1.5165702e-02
   1.5164564e-02
   1.5163427e-02
   1.5162291e-02
   1.5161157e-02
   1.5160024e-02
   1.5158893e-02
   1.5157763e-02
   1.5156634e-02
   1.5155507e-02
   1.5154381e-02
   1.5153257e-02
   1.5152134e-02
   1.5151012e-02
   1.5149891e-02
   1.5148772e-02
   1.5147655e-02
   1.5146539e-02
   1.5145424e-02
   1.5144310e-02
   1.5143198e-02
   1.5142087e-02
   1.5140977e-02
   1.5139869e-02
   1.5138762e-02
   1.5137657e-02
   1.5136553e-02
   1.5135450e-02
   1.5134348e-02
   1.5133248e-02
   1.5132150e-02
   1.5131052e-02
   1.5129956e-02
   1.5128861e-02
   1.5127768e-02
   1.5126675e-02
   1.5125585e-02
   1.5124495e-02
   1.5123407e-02
   1.5122320e-02
   1.5121234e-02
   1.5120150e-02
   1.5119067e-02
   1.5117985e-02
   1.5116905e-02
   1.5115826e-02
   1.5114748e-02
   1.5113671e-02
   1.5112596e-02
   1.5111522e-02
   1.5110450e-02
   1.5109378e-02
   1.5108308e-02
   1.5107240e-02
   1.5106172e-02
   1.5105106e-02
   1.5104041e-02
   1.5102977e-02
   1.5101915e-02
   1.5100854e-02
   1.5099794e-02
   1.5098735e-02
   1.5097678e-02
   1.5096622e-02
   1.5095567e-02
   1.5094514e-02
   1.5093461e-02
   1.5092410e-02
   1.5091361e-02
   1.5090312e-02
   1.5089265e-02
   1.5088219e-02
   1.5087174e-02
   1.5086131e-02
   1.5085088e-02
   1.5084047e-02
   1.5083007e-02
   1.5081969e-02
   1.5080931e-02
   1.5079895e-02
   1.5078860e-02
   1.5077827e-02
   1.5076794e-02
   1.5075763e-02
   1.5074733e-02
   1.5073704e-02
   1.5072677e-02
   1.5071650e-02
   1.5070625e-02
   1.5069601e-02
   1.5068579e-02
   1.5067557e-02
   1.5066537e-02
   1.5065518e-02
   1.5064500e-02
   1.5063483e-02
   1.5062468e-02
   1.5061453e-02
   1.5060440e-02
   1.5059428e-02
   1.5058417e-02
   1.5057408e-02
   1.5056400e-02
   1.5055392e-02
   1.5054386e-02
   1.5053382e-02
   1.5052378e-02
   1.5051375e-02
   1.5050374e-02
   1.5049374e-02
   1.5048375e-02
   1.5047377e-02
   1.5046381e-02
   1.5045385e-02
   1.5044391e-02
   1.5043398e-02
   1.5042406e-02
   1.5041415e-02
   1.5040425e-02
   1.5039437e-02
   1.5038450e-02
   1.5037463e-02
   1.5036478e-02
   1.5035495e-02
   1.5034512e-02
   1.5033530e-02
   1.5032550e-02
   1.5031570e-02
   1.5030592e-02
   1.5029615e-02
   1.5028639e-02
   1.5027665e-02
   1.5026691e-02
   1.5025718e-02
   1.5024747e-02
   1.5023777e-02
   1.5022808e-02
   1.5021840e-02
   1.5020873e-02
   1.5019907e-02
   1.5018942e-02
   1.5017979e-02
   1.5017016e-02
   1.5016055e-02
   1.5015095e-02
   1.5014136e-02
   1.5013178e-02
   1.5012221e-02
   1.5011265e-02
   1.5010310e-02
   1.5009357e-02
   1.5008404e-02
   1.5007453e-02
   1.5006503e-02
   1.5005554e-02
   1.5004606e-02
   1.5003659e-02
   1.5002713e-02
   1.5001768e-02
   1.5000824e-02
   1.4999881e-02
   1.4998940e-02
   1.4997999e-02
   1.4997060e-02
   1.4996122e-02
   1.4995184e-02
   1.4994248e-02
   1.4993313e-02
   1.4992379e-02
   1.4991446e-02
   1.4990514e-02
   1.4989583e-02
   1.4988653e-02
   1.4987725e-02
   1.4986797e-02
   1.4985870e-02
   1.4984945e-02
   1.4984020e-02
   1.4983097e-02
   1.4982174e-02
   1.4981253e-02
   1.4980333e-02
   1.4979414e-02
   1.4978495e-02
   1.4977578e-02
   1.4976662e-02
   1.4975747e-02
   1.4974833e-02
   1.4973920e-02
   1.4973008e-02
   1.4972097e-02
   1.4971187e-02
   1.4970278e-02
   1.4969371e-02
   1.4968464e-02
   1.4967558e-02
   1.4966653e-02
   1.4965749e-02
   1.4964847e-02
   1.4963945e-02
   1.4963044e-02
   1.4962145e-02
   1.4961246e-02
   1.4960349e-02
   1.4959452e-02
   1.4958556e-02
   1.4957662e-02
   1.4956768e-02
   1.4955876e-02
   1.4954984e-02
   1.4954094e-02
   1.4953204e-02
   1.4952315e-02
   1.4951428e-02
   1.4950541e-02
   1.4949656e-02
   1.4948771e-02
   1.4947888e-02
   1.4947005e-02
   1.4946123e-02
   1.4945243e-02
   1.4944363e-02
   1.4943485e-02
   1.4942607e-02
   1.4941730e-02
   1.4940855e-02
   1.4939980e-02
   1.4939106e-02
   1.4938234e-02
   1.4937362e-02
   1.4936491e-02
   1.4935621e-02
   1.4934752e-02
   1.4933884e-02
   1.4933018e-02
   1.4932152e-02
   1.4931287e-02
   1.4930423e-02
   1.4929560e-02
   1.4928697e-02
   1.4927836e-02
   1.4926976e-02
   1.4926117e-02
   1.4925259e-02
   1.4924401e-02
   1.4923545e-02
   1.4922690e-02
   1.4921835e-02
   1.4920982e-02
   1.4920129e-02
   1.4919278e-02
   1.4918427e-02
   1.4917577e-02
   1.4916728e-02
   1.4915881e-02
   1.4915034e-02
   1.4914188e-02
   1.4913343e-02
   1.4912499e-02
   1.4911655e-02
   1.4910813e-02
   1.4909972e-02
   1.4909132e-02
   1.4908292e-02
   1.4907454e-02
   1.4906616e-02
   1.4905779e-02
   1.4904944e-02
   1.4904109e-02
   1.4903275e-02
   1.4902442e-02
   1.4901610e-02
   1.4900779e-02
   1.4899948e-02
   1.4899119e-02
   1.4898291e-02
   1.4897463e-02
   1.4896637e-02
   1.4895811e-02
   1.4894986e-02
   1.4894162e-02
   1.4893339e-02
   1.4892517e-02
   1.4891696e-02
   1.4890876e-02
   1.4890056e-02
   1.4889238e-02
   1.4888420e-02
   1.4887604e-02
   1.4886788e-02
   1.4885973e-02
   1.4885159e-02
   1.4884346e-02
   1.4883534e-02
   1.4882722e-02
   1.4881912e-02
   1.4881102e-02
   1.4880294e-02
   1.4879486e-02
   1.4878679e-02
   1.4877873e-02
   1.4877068e-02
   1.4876263e-02
   1.4875460e-02
   1.4874657e-02
   1.4873856e-02
   1.4873055e-02
   1.4872255e-02
   1.4871456e-02
   1.4870658e-02
   1.4869860e-02
   1.4869064e-02
   1.4868268e-02
   1.4867474e-02
   1.4866680e-02
   1.4865887e-02
   1.4865095e-02
   1.4864303e-02
   1.4863513e-02
   1.4862723e-02
   1.4861935e-02
   1.4861147e-02
   1.4860360e-02
   1.4859573e-02
   1.4858788e-02
   1.4858004e-02
   1.4857220e-02
   1.4856437e-02
   1.4855655e-02
   1.4854874e-02
   1.4854094e-02
   1.4853315e-02
   1.4852536e-02
   1.4851758e-02
   1.4850981e-02
   1.4850205e-02
   1.4849430e-02
   1.4848656e-02
   1.4847882e-02
   1.4847109e-02
   1.4846337e-02
   1.4845566e-02
   1.4844796e-02
   1.4844027e-02
   1.4843258e-02
   1.4842490e-02
   1.4841723e-02
   1.4840957e-02
   1.4840192e-02
   1.4839427e-02
   1.4838664e-02
   1.4837901e-02
   1.4837139e-02
   1.4836378e-02
   1.4835617e-02
   1.4834858e-02
   1.4834099e-02
   1.4833341e-02
   1.4832584e-02
   1.4831827e-02
   1.4831072e-02
   1.4830317e-02
   1.4829563e-02
   1.4828810e-02
   1.4828058e-02
   1.4827306e-02
   1.4826555e-02
   1.4825805e-02
   1.4825056e-02
   1.4824308e-02
   1.4823560e-02
   1.4822814e-02
   1.4822068e-02
   1.4821322e-02
   1.4820578e-02
   1.4819835e-02
   1.4819092e-02
   1.4818350e-02
   1.4817608e-02
   1.4816868e-02
   1.4816128e-02
   1.4815390e-02
   1.4814651e-02
   1.4813914e-02
   1.4813178e-02
   1.4812442e-02
   1.4811707e-02
   1.4810973e-02
   1.4810239e-02
   1.4809507e-02
   1.4808775e-02
   1.4808044e-02
   1.4807313e-02
   1.4806584e-02
   1.4805855e-02
   1.4805127e-02
   1.4804400e-02
   1.4803673e-02
   1.4802947e-02
   1.4802223e-02
   1.4801498e-02
   1.4800775e-02
   1.4800052e-02
   1.4799330e-02
   1.4798609e-02
   1.4797889e-02
   1.4797169e-02
   1.4796450e-02
   1.4795732e-02
   1.4795015e-02
   1.4794298e-02
   1.4793582e-02
   1.4792867e-02
   1.4792153e-02
   1.4791439e-02
   1.4790726e-02
   1.4790014e-02
   1.4789303e-02
   1.4788592e-02
   1.4787882e-02
   1.4787173e-02
   1.4786465e-02
   1.4785757e-02
   1.4785050e-02
   1.4784344e-02
   1.4783638e-02
   1.4782934e-02
   1.4782230e-02
   1.4781526e-02
   1.4780824e-02
   1.4780122e-02
   1.4779421e-02
   1.4778721e-02
   1.4778021e-02
   1.4777322e-02
   1.4776624e-02
   1.4775926e-02
   1.4775230e-02
   1.4774534e-02
   1.4773839e-02
   1.4773144e-02
   1.4772450e-02
   1.4771757e-02
   1.4771065e-02
   1.4770373e-02
   1.4769682e-02
   1.4768992e-02
   1.4768302e-02
   1.4767614e-02
   1.4766926e-02
   1.4766238e-02
   1.4765552e-02
   1.4764866e-02
   1.4764180e-02
   1.4763496e-02
   1.4762812e-02
   1.4762129e-02
   1.4761446e-02
   1.4760765e-02
   1.4760084e-02
   1.4759403e-02
   1.4758724e-02
   1.4758045e-02
   1.4757367e-02
   1.4756689e-02
   1.4756012e-02
   1.4755336e-02
   1.4754661e-02
   1.4753986e-02
   1.4753312e-02
   1.4752639e-02
   1.4751966e-02
   1.4751294e-02
   1.4750623e-02
   1.4749952e-02
   1.4749283e-02
   1.4748613e-02
   1.4747945e-02
   1.4747277e-02
   1.4746610e-02
   1.4745943e-02
   1.4745278e-02
   1.4744613e-02
   1.4743948e-02
   1.4743284e-02
   1.4742621e-02
   1.4741959e-02
   1.4741297e-02
   1.4740636e-02
   1.4739976e-02
   1.4739316e-02
   1.4738657e-02
   1.4737999e-02
   1.4737341e-02
   1.4736684e-02
   1.4736028e-02
   1.4735372e-02
   1.4734717e-02
   1.4734063e-02
   1.4733410e-02
   1.4732757e-02
   1.4732104e-02
   1.4731453e-02
   1.4730802e-02
   1.4730151e-02
   1.4729502e-02
   1.4728853e-02
   1.4728204e-02
   1.4727557e-02
   1.4726910e-02
   1.4726263e-02
   1.4725618e-02
   1.4724973e-02
   1.4724328e-02
   1.4723684e-02
   1.4723041e-02
   1.4722399e-02
   1.4721757e-02
   1.4721116e-02
   1.4720475e-02
   1.4719836e-02
   1.4719196e-02
   1.4718558e-02
   1.4717920e-02
   1.4717283e-02
   1.4716646e-02
   1.4716010e-02
   1.4715375e-02
   1.4714740e-02
   1.4714106e-02
   1.4713473e-02
   1.4712840e-02
   1.4712208e-02
   1.4711576e-02
   1.4710945e-02
   1.4710315e-02
   1.4709686e-02
   1.4709057e-02
   1.4708428e-02
   1.4707801e-02
   1.4707173e-02
   1.4706547e-02
   1.4705921e-02
   1.4705296e-02
   1.4704672e-02
   1.4704048e-02
   1.4703424e-02
   1.4702802e-02
   1.4702180e-02
   1.4701558e-02
   1.4700937e-02
   1.4700317e-02
   1.4699698e-02
   1.4699079e-02
   1.4698460e-02
   1.4697843e-02
   1.4697226e-02
   1.4696609e-02
   1.4695993e-02
   1.4695378e-02
   1.4694764e-02
   1.4694150e-02
   1.4693536e-02
   1.4692923e-02
   1.4692311e-02
   1.4691700e-02
   1.4691089e-02
   1.4690478e-02
   1.4689869e-02
   1.4689260e-02
   1.4688651e-02
   1.4688043e-02
   1.4687436e-02
   1.4686829e-02
   1.4686223e-02
   1.4685618e-02
   1.4685013e-02
   1.4684409e-02
   1.4683805e-02
   1.4683202e-02
   1.4682599e-02
   1.4681997e-02
   1.4681396e-02
   1.4680795e-02
   1.4680195e-02
   1.4679596e-02
   1.4678997e-02
   1.4678399e-02
   1.4677801e-02
   1.4677204e-02
   1.4676607e-02
   1.4676011e-02
   1.4675416e-02
   1.4674821e-02
   1.4674227e-02
   1.4673633e-02
   1.4673040e-02
   1.4672448e-02
   1.4671856e-02
   1.4671265e-02
   1.4670674e-02
   1.4670084e-02
   1.4669495e-02
   1.4668906e-02
   1.4668317e-02
   1.4667730e-02
   1.4667143e-02
   1.4666556e-02
   1.4665970e-02
   1.4665384e-02
   1.4664800e-02
   1.4664215e-02
   1.4663632e-02
   1.4663048e-02
   1.4662466e-02
   1.4661884e-02
   1.4661302e-02
   1.4660722e-02
   1.4660141e-02
   1.4659562e-02
   1.4658982e-02
   1.4658404e-02
   1.4657826e-02
   1.4657248e-02
   1.4656672e-02
   1.4656095e-02
   1.4655520e-02
   1.4654944e-02
   1.4654370e-02
   1.4653796e-02
   1.4653222e-02
   1.4652649e-02
   1.4652077e-02
   1.4651505e-02
   1.4650934e-02
   1.4650363e-02
   1.4649793e-02
   1.4649223e-02
   1.4648654e-02
   1.4648086e-02
   1.4647518e-02
   1.4646951e-02
   1.4646384e-02
   1.4645818e-02
   1.4645252e-02
   1.4644687e-02
   1.4644122e-02
   1.4643558e-02
   1.4642994e-02
   1.4642432e-02
   1.4641869e-02
   1.4641307e-02
   1.4640746e-02
   1.4640185e-02
   1.4639625e-02
   1.4639065e-02
   1.4638506e-02
   1.4637948e-02
   1.4637389e-02
   1.4636832e-02
   1.4636275e-02
   1.4635719e-02
   1.4635163e-02
   1.4634607e-02
   1.4634053e-02
   1.4633498e-02
   1.4632944e-02
   1.4632391e-02
   1.4631839e-02
   1.4631286e-02
   1.4630735e-02
   1.4630184e-02
   1.4629633e-02
   1.4629083e-02
   1.4628534e-02
   1.4627985e-02
   1.4627436e-02
   1.4626889e-02
   1.4626341e-02
   1.4625794e-02
   1.4625248e-02
   1.4624702e-02
   1.4624157e-02
   1.4623612e-02
   1.4623068e-02
   1.4622524e-02
   1.4621981e-02
   1.4621439e-02
   1.4620897e-02
   1.4620355e-02
   1.4619814e-02
   1.4619273e-02
   1.4618733e-02
   1.4618194e-02
   1.4617655e-02
   1.4617116e-02
   1.4616578e-02
   1.4616041e-02
   1.4615504e-02
   1.4614968e-02
   1.4614432e-02
   1.4613896e-02
   1.4613362e-02
   1.4612827e-02
   1.4612293e-02
   1.4611760e-02
   1.4611227e-02
   1.4610695e-02
   1.4610163e-02
   1.4609632e-02
   1.4609101e-02
   1.4608571e-02
   1.4608041e-02
   1.4607512e-02
   1.4606983e-02
   1.4606455e-02
   1.4605927e-02
   1.4605400e-02
   1.4604873e-02
   1.4604347e-02
   1.4603821e-02
   1.4603296e-02
   1.4602771e-02
   1.4602247e-02
   1.4601723e-02
   1.4601200e-02
   1.4600677e-02
   1.4600155e-02
   1.4599633e-02
   1.4599112e-02
   1.4598591e-02
   1.4598071e-02
   1.4597551e-02
   1.4597032e-02
   1.4596513e-02
   1.4595995e-02
   1.4595477e-02
   1.4594960e-02
   1.4594443e-02
   1.4593926e-02
   1.4593411e-02
   1.4592895e-02
   1.4592380e-02
   1.4591866e-02
   1.4591352e-02
   1.4590839e-02
   1.4590326e-02
   1.4589813e-02
   1.4589301e-02
   1.4588790e-02
   1.4588279e-02
   1.4587769e-02
   1.4587259e-02
   1.4586749e-02
   1.4586240e-02
   1.4585731e-02
   1.4585223e-02
   1.4584716e-02
   1.4584209e-02
   1.4583702e-02
   1.4583196e-02
   1.4582690e-02
   1.4582185e-02
   1.4581680e-02
   1.4581176e-02
   1.4580672e-02
   1.4580169e-02
   1.4579666e-02
   1.4579164e-02
   1.4578662e-02
   1.4578160e-02
   1.4577659e-02
   1.4577159e-02
   1.4576659e-02
   1.4576159e-02
   1.4575660e-02
   1.4575162e-02
   1.4574663e-02
   1.4574166e-02
   1.4573669e-02
   1.4573172e-02
   1.4572675e-02
   1.4572180e-02
   1.4571684e-02
   1.4571189e-02
   1.4570695e-02
   1.4570201e-02
   1.4569708e-02
   1.4569215e-02
   1.4568722e-02
   1.4568230e-02
   1.4567738e-02
   1.4567247e-02
   1.4566756e-02
   1.4566266e-02
   1.4565776e-02
   1.4565287e-02
   1.4564798e-02
   1.4564310e-02
   1.4563822e-02
   1.4563334e-02
   1.4562847e-02
   1.4562360e-02
   1.4561874e-02
   1.4561388e-02
   1.4560903e-02
   1.4560418e-02
   1.4559934e-02
   1.4559450e-02
   1.4558967e-02
   1.4558484e-02
   1.4558001e-02
   1.4557519e-02
   1.4557037e-02
   1.4556556e-02
   1.4556075e-02
   1.4555595e-02
   1.4555115e-02
   1.4554636e-02
   1.4554157e-02
   1.4553678e-02
   1.4553200e-02
   1.4552722e-02
   1.4552245e-02
   1.4551768e-02
   1.4551292e-02
   1.4550816e-02
   1.4550341e-02
   1.4549866e-02
   1.4549391e-02
   1.4548917e-02
   1.4548443e-02
   1.4547970e-02
   1.4547497e-02
   1.4547025e-02
   1.4546553e-02
   1.4546081e-02
   1.4545610e-02
   1.4545140e-02
   1.4544669e-02
   1.4544200e-02
   1.4543730e-02
   1.4543261e-02
   1.4542793e-02
   1.4542325e-02
   1.4541857e-02
   1.4541390e-02
   1.4540923e-02
   1.4540457e-02
   1.4539991e-02
   1.4539526e-02
   1.4539061e-02
   1.4538596e-02
   1.4538132e-02
   1.4537668e-02
   1.4537205e-02
   1.4536742e-02
   1.4536279e-02
   1.4535817e-02
   1.4535356e-02
   1.4534894e-02
   1.4534434e-02
   1.4533973e-02
   1.4533513e-02
   1.4533054e-02
   1.4532595e-02
   1.4532136e-02
   1.4531678e-02
   1.4531220e-02
   1.4530762e-02
   1.4530305e-02
   1.4529849e-02
   1.4529393e-02
   1.4528937e-02
   1.4528482e-02
   1.4528027e-02
   1.4527572e-02
   1.4527118e-02
   1.4526665e-02
   1.4526211e-02
   1.4525758e-02
   1.4525306e-02
   1.4524854e-02
   1.4524402e-02
   1.4523951e-02
   1.4523500e-02
   1.4523050e-02
   1.4522600e-02
   1.4522151e-02
   1.4521701e-02
   1.4521253e-02
   1.4520804e-02
   1.4520356e-02
   1.4519909e-02
   1.4519462e-02
   1.4519015e-02
   1.4518569e-02
   1.4518123e-02
   1.4517678e-02
   1.4517232e-02
   1.4516788e-02
   1.4516344e-02
   1.4515900e-02
   1.4515456e-02
   1.4515013e-02
   1.4514571e-02
   1.4514128e-02
   1.4513686e-02
   1.4513245e-02
   1.4512804e-02
   1.4512363e-02
   1.4511923e-02
   1.4511483e-02
   1.4511044e-02
   1.4510605e-02
   1.4510166e-02
   1.4509728e-02
   1.4509290e-02
   1.4508852e-02
   1.4508415e-02
   1.4507979e-02
   1.4507542e-02
   1.4507106e-02
   1.4506671e-02
   1.4506236e-02
   1.4505801e-02
   1.4505367e-02
   1.4504933e-02
   1.4504499e-02
   1.4504066e-02
   1.4503633e-02
   1.4503201e-02
   1.4502769e-02
   1.4502338e-02
   1.4501906e-02
   1.4501476e-02
   1.4501045e-02
   1.4500615e-02
   1.4500185e-02
   1.4499756e-02
   1.4499327e-02
   1.4498899e-02
   1.4498471e-02
   1.4498043e-02
   1.4497616e-02
   1.4497189e-02
   1.4496762e-02
   1.4496336e-02
   1.4495910e-02
   1.4495485e-02
   1.4495060e-02
   1.4494635e-02
   1.4494211e-02
   1.4493787e-02
   1.4493363e-02
   1.4492940e-02
   1.4492517e-02
   1.4492095e-02
   1.4491673e-02
   1.4491251e-02
   1.4490830e-02
   1.4490409e-02
   1.4489989e-02
   1.4489569e-02
   1.4489149e-02
   1.4488729e-02
   1.4488310e-02
   1.4487892e-02
   1.4487474e-02
   1.4487056e-02
   1.4486638e-02
   1.4486221e-02
   1.4485804e-02
   1.4485388e-02
   1.4484972e-02
   1.4484556e-02
   1.4484141e-02
   1.4483726e-02
   1.4483311e-02
   1.4482897e-02
   1.4482484e-02
   1.4482070e-02
   1.4481657e-02
   1.4481244e-02
   1.4480832e-02
   1.4480420e-02
   1.4480008e-02
   1.4479597e-02
   1.4479186e-02
   1.4478776e-02
   1.4478366e-02
   1.4477956e-02
   1.4477546e-02
   1.4477137e-02
   1.4476729e-02
   1.4476320e-02
   1.4475912e-02
   1.4475505e-02
   1.4475098e-02
   1.4474691e-02
   1.4474284e-02
   1.4473878e-02
   1.4473472e-02
   1.4473067e-02
   1.4472662e-02
   1.4472257e-02
   1.4471853e-02
   1.4471449e-02
   1.4471045e-02
   1.4470642e-02
   1.4470239e-02
   1.4469836e-02
   1.4469434e-02
   1.4469032e-02
   1.4468631e-02
   1.4468229e-02
   1.4467829e-02
   1.4467428e-02
   1.4467028e-02
   1.4466628e-02
   1.4466229e-02
   1.4465830e-02
   1.4465431e-02
   1.4465033e-02
   1.4464635e-02
   1.4464237e-02
   1.4463840e-02
   1.4463443e-02
   1.4463046e-02
   1.4462650e-02
   1.4462254e-02
   1.4461859e-02
   1.4461463e-02
   1.4461069e-02
   1.4460674e-02
   1.4460280e-02
   1.4459886e-02
   1.4459493e-02
   1.4459100e-02
   1.4458707e-02
   1.4458314e-02
   1.4457922e-02
   1.4457530e-02
   1.4457139e-02
   1.4456748e-02
   1.4456357e-02
   1.4455967e-02
   1.4455577e-02
   1.4455187e-02
   1.4454798e-02
   1.4454409e-02
   1.4454020e-02
   1.4453632e-02
   1.4453244e-02
   1.4452856e-02
   1.4452469e-02
   1.4452082e-02
   1.4451695e-02
   1.4451309e-02
   1.4450923e-02
   1.4450537e-02
   1.4450152e-02
   1.4449767e-02
   1.4449383e-02
   1.4448998e-02
   1.4448614e-02
   1.4448231e-02
   1.4447847e-02
   1.4447464e-02
   1.4447082e-02
   1.4446700e-02
   1.4446318e-02
   1.4445936e-02
   1.4445555e-02
   1.4445174e-02
   1.4444793e-02
   1.4444413e-02
   1.4444033e-02
   1.4443653e-02
   1.4443274e-02
   1.4442895e-02
   1.4442516e-02
   1.4442138e-02
   1.4441760e-02
   1.4441382e-02
   1.4441005e-02
   1.4440628e-02
   1.4440251e-02
   1.4439875e-02
   1.4439499e-02
   1.4439123e-02
   1.4438748e-02
   1.4438373e-02
   1.4437998e-02
   1.4437624e-02
   1.4437250e-02
   1.4436876e-02
   1.4436503e-02
   1.4436130e-02
   1.4435757e-02
   1.4435384e-02
   1.4435012e-02
   1.4434640e-02
   1.4434269e-02
   1.4433898e-02
   1.4433527e-02
   1.4433156e-02
   1.4432786e-02
   1.4432416e-02
   1.4432047e-02
   1.4431677e-02
   1.4431308e-02
   1.4430940e-02
   1.4430572e-02
   1.4430204e-02
   1.4429836e-02
   1.4429469e-02
   1.4429102e-02
   1.4428735e-02
   1.4428368e-02
   1.4428002e-02
   1.4427637e-02
   1.4427271e-02
   1.4426906e-02
   1.4426541e-02
   1.4426177e-02
   1.4425812e-02
   1.4425449e-02
   1.4425085e-02
   1.4424722e-02
   1.4424359e-02
   1.4423996e-02
   1.4423634e-02
   1.4423272e-02
   1.4422910e-02
   1.4422549e-02
   1.4422188e-02
   1.4421827e-02
   1.4421466e-02
   1.4421106e-02
   1.4420746e-02
   1.4420387e-02
   1.4420028e-02
   1.4419669e-02
   1.4419310e-02
   1.4418952e-02
   1.4418594e-02
   1.4418236e-02
   1.4417879e-02
   1.4417522e-02
   1.4417165e-02
   1.4416808e-02
   1.4416452e-02
   1.4416096e-02
   1.4415741e-02
   1.4415385e-02
   1.4415030e-02
   1.4414676e-02
   1.4414321e-02
   1.4413967e-02
   1.4413614e-02
   1.4413260e-02
   1.4412907e-02
   1.4412554e-02
   1.4412202e-02
   1.4411849e-02
   1.4411497e-02
   1.4411146e-02
   1.4410794e-02
   1.4410443e-02
   1.4410093e-02
   1.4409742e-02
   1.4409392e-02
   1.4409042e-02
   1.4408693e-02
   1.4408343e-02
   1.4407994e-02
   1.4407646e-02
   1.4407297e-02
   1.4406949e-02
   1.4406602e-02
   1.4406254e-02
   1.4405907e-02
   1.4405560e-02
   1.4405213e-02
   1.4404867e-02
   1.4404521e-02
   1.4404175e-02
   1.4403830e-02
   1.4403485e-02
   1.4403140e-02
   1.4402795e-02
   1.4402451e-02
   1.4402107e-02
   1.4401763e-02
   1.4401420e-02
   1.4401077e-02
   1.4400734e-02
   1.4400392e-02
   1.4400049e-02
   1.4399708e-02
   1.4399366e-02
   1.4399025e-02
   1.4398683e-02
   1.4398343e-02
   1.4398002e-02
   1.4397662e-02
   1.4397322e-02
   1.4396982e-02
   1.4396643e-02
   1.4396304e-02
   1.4395965e-02
   1.4395627e-02
   1.4395289e-02
   1.4394951e-02
   1.4394613e-02
   1.4394276e-02
   1.4393939e-02
   1.4393602e-02
   1.4393265e-02
   1.4392929e-02
   1.4392593e-02
   1.4392257e-02
   1.4391922e-02
   1.4391587e-02
   1.4391252e-02
   1.4390918e-02
   1.4390583e-02
   1.4390249e-02
   1.4389916e-02
   1.4389582e-02
   1.4389249e-02
   1.4388916e-02
   1.4388584e-02
   1.4388252e-02
   1.4387920e-02
   1.4387588e-02
   1.4387256e-02
   1.4386925e-02
   1.4386594e-02
   1.4386264e-02
   1.4385933e-02
   1.4385603e-02
   1.4385273e-02
   1.4384944e-02
   1.4384615e-02
   1.4384286e-02
   1.4383957e-02
   1.4383629e-02
   1.4383300e-02
   1.4382973e-02
   1.4382645e-02
   1.4382318e-02
   1.4381991e-02
   1.4381664e-02
   1.4381337e-02
   1.4381011e-02
   1.4380685e-02
   1.4380360e-02
   1.4380034e-02
   1.4379709e-02
   1.4379384e-02
   1.4379060e-02
   1.4378735e-02
   1.4378411e-02
   1.4378087e-02
   1.4377764e-02
   1.4377441e-02
   1.4377118e-02
   1.4376795e-02
   1.4376472e-02
   1.4376150e-02
   1.4375828e-02
   1.4375507e-02
   1.4375185e-02
   1.4374864e-02
   1.4374543e-02
   1.4374223e-02
   1.4373903e-02
   1.4373583e-02
   1.4373263e-02
   1.4372943e-02
   1.4372624e-02
   1.4372305e-02
   1.4371986e-02
   1.4371668e-02
   1.4371350e-02
   1.4371032e-02
   1.4370714e-02
   1.4370397e-02
   1.4370080e-02
   1.4369763e-02
   1.4369446e-02
   1.4369130e-02
   1.4368814e-02
   1.4368498e-02
   1.4368182e-02
   1.4367867e-02
   1.4367552e-02
   1.4367237e-02
   1.4366923e-02
   1.4366608e-02
   1.4366294e-02
   1.4365981e-02
   1.4365667e-02
   1.4365354e-02
   1.4365041e-02
   1.4364728e-02
   1.4364416e-02
   1.4364104e-02
   1.4363792e-02
   1.4363480e-02
   1.4363169e-02
   1.4362858e-02
   1.4362547e-02
   1.4362236e-02
   1.4361926e-02
   1.4361615e-02
   1.4361306e-02
   1.4360996e-02
   1.4360687e-02
   1.4360377e-02
   1.4360069e-02
   1.4359760e-02
   1.4359452e-02
   1.4359144e-02
   1.4358836e-02
   1.4358528e-02
   1.4358221e-02
   1.4357914e-02
   1.4357607e-02
   1.4357300e-02
   1.4356994e-02
   1.4356688e-02
   1.4356382e-02
   1.4356076e-02
   1.4355771e-02
   1.4355466e-02
   1.4355161e-02
   1.4354857e-02
   1.4354552e-02
   1.4354248e-02
   1.4353944e-02
   1.4353641e-02
   1.4353338e-02
   1.4353034e-02
   1.4352732e-02
   1.4352429e-02
   1.4352127e-02
   1.4351825e-02
   1.4351523e-02
   1.4351221e-02
   1.4350920e-02
   1.4350619e-02
   1.4350318e-02
   1.4350017e-02
   1.4349717e-02
   1.4349417e-02
   1.4349117e-02
   1.4348817e-02
   1.4348518e-02
   1.4348219e-02
   1.4347920e-02
   1.4347621e-02
   1.4347323e-02
   1.4347025e-02
