   9.2933454e-02
   9.2929533e-02
   9.2925618e-02
   9.2921709e-02
   9.2917805e-02
   9.2913906e-02
   9.2910013e-02
   9.2906125e-02
   9.2902243e-02
   9.2898366e-02
   9.2894494e-02
   9.2890628e-02
   9.2886767e-02
   9.2882912e-02
   9.2879062e-02
   9.2875217e-02
   9.2871378e-02
   9.2867543e-02
   9.2863715e-02
   9.2859891e-02
   9.2856073e-02
   9.2852260e-02
   9.2848452e-02
   9.2844649e-02
   9.2840852e-02
   9.2837059e-02
   9.2833272e-02
   9.2829490e-02
   9.2825714e-02
   9.2821942e-02
   9.2818175e-02
   9.2814414e-02
   9.2810658e-02
   9.2806907e-02
   9.2803160e-02
   9.2799419e-02
   9.2795683e-02
   9.2791952e-02
   9.2788226e-02
   9.2784505e-02
   9.2780789e-02
   9.2777078e-02
   9.2773372e-02
   9.2769671e-02
   9.2765975e-02
   9.2762283e-02
   9.2758597e-02
   9.2754916e-02
   9.2751239e-02
   9.2747567e-02
   9.2743901e-02
   9.2740239e-02
   9.2736582e-02
   9.2732929e-02
   9.2729282e-02
   9.2725639e-02
   9.2722001e-02
   9.2718368e-02
   9.2714740e-02
   9.2711116e-02
   9.2707498e-02
   9.2703883e-02
   9.2700274e-02
   9.2696669e-02
   9.2693069e-02
   9.2689474e-02
   9.2685884e-02
   9.2682298e-02
   9.2678716e-02
   9.2675140e-02
   9.2671568e-02
   9.2668000e-02
   9.2664438e-02
   9.2660879e-02
   9.2657326e-02
   9.2653777e-02
   9.2650232e-02
   9.2646692e-02
   9.2643157e-02
   9.2639626e-02
   9.2636100e-02
   9.2632578e-02
   9.2629060e-02
   9.2625547e-02
   9.2622039e-02
   9.2618535e-02
   9.2615036e-02
   9.2611541e-02
   9.2608050e-02
   9.2604564e-02
   9.2601082e-02
   9.2597604e-02
   9.2594131e-02
   9.2590663e-02
   9.2587198e-02
   9.2583738e-02
   9.2580283e-02
   9.2576832e-02
   9.2573385e-02
   9.2569942e-02
   9.2566504e-02
   9.2564274e-02
   1.0469767e-01
   1.1648027e-01
   1.2793461e-01
   1.3915756e-01
   1.5019135e-01
   1.6107751e-01
   1.7185813e-01
   1.8257606e-01
   1.9327523e-01
   2.0399977e-01
   2.1479725e-01
   2.2571620e-01
   2.3680846e-01
   2.4813048e-01
   2.5974314e-01
   2.7171451e-01
   2.8412053e-01
   2.9704859e-01
   3.1060211e-01
   3.2490490e-01
   3.4011148e-01
   3.5641832e-01
   3.7408534e-01
   3.9346904e-01
   4.1508067e-01
   4.3968242e-01
   4.6846043e-01
   5.0328752e-01
   5.4680139e-01
   5.9950593e-01
   6.3122245e-01
   4.4539241e-01
   2.3747174e-01
   1.7608391e-01
   1.6070810e-01
   1.7062076e-01
   1.9089549e-01
   2.1467229e-01
   2.3955774e-01
   2.6476251e-01
   2.9005076e-01
   3.1536899e-01
   3.4071728e-01
   3.6610584e-01
   3.9154145e-01
   4.1702419e-01
   4.4254729e-01
   4.6809764e-01
   4.9365734e-01
   5.1920478e-01
   5.6309135e-01
   6.0876839e-01
   6.5615747e-01
   7.0460602e-01
   7.5399808e-01
   8.0421569e-01
   8.5514016e-01
   9.0665332e-01
   9.5863940e-01
   1.0109848e+00
   1.0635793e+00
   1.1163173e+00
   1.1690980e+00
   1.2218261e+00
   1.2744122e+00
   1.3267726e+00
   1.3788298e+00
   1.4305128e+00
   1.4817570e+00
   1.5325035e+00
   1.5826999e+00
   1.6322999e+00
   1.6812623e+00
   1.7295518e+00
   1.7771382e+00
   1.8239959e+00
   1.8701040e+00
   1.9154465e+00
   1.9600106e+00
   2.0037875e+00
   2.0467713e+00
   2.0889600e+00
   2.1303537e+00
   2.1709550e+00
   2.2107691e+00
   2.2498032e+00
   2.2880659e+00
   2.3255674e+00
   2.3623193e+00
   2.3983346e+00
   2.4336274e+00
   2.4682116e+00
   2.5021032e+00
   2.5353177e+00
   2.5678710e+00
   2.5997800e+00
   2.6310613e+00
   2.6617314e+00
   2.6918080e+00
   2.7213082e+00
   2.7502480e+00
   2.7786448e+00
   2.8065149e+00
   2.8338749e+00
   2.8607408e+00
   2.8871284e+00
   2.9130530e+00
   2.9385299e+00
   2.9635741e+00
   2.9881998e+00
   3.0124211e+00
   3.0362518e+00
   3.0597053e+00
   3.0827947e+00
   3.1055327e+00
   3.1279311e+00
   3.1500016e+00
   3.1717557e+00
   3.1932045e+00
   3.2143588e+00
   3.2352289e+00
   3.2558245e+00
   3.2761554e+00
   3.2962307e+00
   3.3160594e+00
   3.3356501e+00
   3.3550112e+00
   3.3741503e+00
   3.3930751e+00
   3.4117934e+00
   3.4303119e+00
   3.4486372e+00
   3.4667765e+00
   3.4847357e+00
   3.5025211e+00
   3.5201383e+00
   3.5375924e+00
   3.5548895e+00
   3.5720349e+00
   3.5890330e+00
   3.6058888e+00
   3.6226066e+00
   3.6391910e+00
   3.6556461e+00
   3.6719762e+00
   3.6881853e+00
   3.7042766e+00
   3.7202535e+00
   3.7361202e+00
   3.7518800e+00
   3.7675359e+00
   3.7830910e+00
   3.7985480e+00
   3.8139102e+00
   3.8291803e+00
   3.8443605e+00
   3.8594538e+00
   3.8744626e+00
   3.8893890e+00
   3.9042356e+00
   3.9190048e+00
   3.9336989e+00
   3.9483192e+00
   3.9628681e+00
   3.9773477e+00
   3.9917598e+00
   4.0061061e+00
   4.0203889e+00
   4.0346095e+00
   4.0487696e+00
   4.0628711e+00
   4.0769155e+00
   4.0909045e+00
   4.1048396e+00
   4.1187220e+00
   4.1325533e+00
   4.1463350e+00
   4.1600686e+00
   4.1737552e+00
   4.1873961e+00
   4.2009931e+00
   4.2145472e+00
   4.2280598e+00
   4.2415318e+00
   4.2549650e+00
   4.2683602e+00
   4.2817191e+00
   4.2950425e+00
   4.3083316e+00
   4.3215879e+00
   4.3348125e+00
   4.3480064e+00
   4.3611708e+00
   4.3743070e+00
   4.3874159e+00
   4.4004989e+00
   4.4135568e+00
   4.4265912e+00
   4.4396029e+00
   4.4525929e+00
   4.4655627e+00
   4.4785133e+00
   4.4914460e+00
   4.5043616e+00
   4.5172615e+00
   4.5301468e+00
   4.5430185e+00
   4.5558778e+00
   4.5687261e+00
   4.5815648e+00
   4.5943943e+00
   4.6072160e+00
   4.6200311e+00
   4.6328411e+00
   4.6456471e+00
   4.6584500e+00
   4.6712513e+00
   4.6840522e+00
   4.6968539e+00
   4.7096578e+00
   4.7224647e+00
   4.7352760e+00
   4.7480932e+00
   4.7609173e+00
   4.7737499e+00
   4.7865922e+00
   4.7994454e+00
   4.8123107e+00
   4.8251899e+00
   4.8380841e+00
   4.8509946e+00
   4.8639226e+00
   4.8768697e+00
   4.8898369e+00
   4.9028259e+00
   4.9158382e+00
   4.9288747e+00
   4.9419372e+00
   4.9550268e+00
   4.9681449e+00
   4.9812930e+00
   4.9944726e+00
   5.0076847e+00
   5.0209308e+00
   5.0342123e+00
   5.0475305e+00
   5.0608868e+00
   5.0742823e+00
   5.0877182e+00
   5.1011959e+00
   5.1147165e+00
   5.1282811e+00
   5.1418909e+00
   5.1555470e+00
   5.1692504e+00
   5.1830021e+00
   5.1968030e+00
   5.2106539e+00
   5.2245557e+00
   5.2385089e+00
   5.2525143e+00
   5.2665724e+00
   5.2806835e+00
   5.2948481e+00
   5.3090663e+00
   5.3233383e+00
   5.3376640e+00
   5.3520433e+00
   5.3664759e+00
   5.3809614e+00
   5.3954993e+00
   5.4100890e+00
   5.4247294e+00
   5.4394198e+00
   5.4541588e+00
   5.4689454e+00
   5.4837779e+00
   5.4986548e+00
   5.5135745e+00
   5.5285349e+00
   5.5435340e+00
   5.5585697e+00
   5.5736397e+00
   5.5887416e+00
   5.6038728e+00
   5.6190306e+00
   5.6342123e+00
   5.6494150e+00
   5.6646359e+00
   5.6798719e+00
   5.6951200e+00
   5.7103772e+00
   5.7256403e+00
   5.7409061e+00
   5.7561717e+00
   5.7714337e+00
   5.7866892e+00
   5.8019351e+00
   5.8171683e+00
   5.8323859e+00
   5.8475849e+00
   5.8627626e+00
   5.8779161e+00
   5.8930428e+00
   5.9081402e+00
   5.9232057e+00
   5.9382370e+00
   5.9532318e+00
   5.9681880e+00
   5.9831034e+00
   5.9979763e+00
   6.0128048e+00
   6.0275872e+00
   6.0423219e+00
   6.0570074e+00
   6.0716424e+00
   6.0862257e+00
   6.1007561e+00
   6.1152325e+00
   6.1296541e+00
   6.1440199e+00
   6.1583293e+00
   6.1725815e+00
   6.1867761e+00
   6.2009125e+00
   6.2149902e+00
   6.2290090e+00
   6.2429686e+00
   6.2568687e+00
   6.2707093e+00
   6.2844902e+00
   6.2982113e+00
   6.3118728e+00
   6.3254746e+00
   6.3390169e+00
   6.3524998e+00
   6.3659235e+00
   6.3792882e+00
   6.3925941e+00
   6.4058415e+00
   6.4190307e+00
   6.4321621e+00
   6.4452359e+00
   6.4582525e+00
   6.4712123e+00
   6.4841158e+00
   6.4969632e+00
   6.5097550e+00
   6.5224917e+00
   6.5351736e+00
   6.5478012e+00
   6.5603751e+00
   6.5728955e+00
   6.5853630e+00
   6.5977780e+00
   6.6101410e+00
   6.6224525e+00
   6.6347129e+00
   6.6469227e+00
   6.6590823e+00
   6.6711923e+00
   6.6832530e+00
   6.6952649e+00
   6.7072286e+00
   6.7191444e+00
   6.7310127e+00
   6.7428341e+00
   6.7546090e+00
   6.7663378e+00
   6.7780209e+00
   6.7896589e+00
   6.8012520e+00
   6.8128007e+00
   6.8243056e+00
   6.8357668e+00
   6.8471850e+00
   6.8585604e+00
   6.8698934e+00
   6.8811846e+00
   6.8924342e+00
   6.9036426e+00
   6.9148102e+00
   6.9259374e+00
   6.9370246e+00
   6.9480722e+00
   6.9590804e+00
   6.9700496e+00
   6.9809803e+00
   6.9918727e+00
   7.0027272e+00
   7.0135441e+00
   7.0243238e+00
   7.0350666e+00
   7.0457729e+00
   7.0564429e+00
   7.0670769e+00
   7.0776754e+00
   7.0882386e+00
   7.0987668e+00
   7.1092603e+00
   7.1197195e+00
   7.1301446e+00
   7.1405359e+00
   7.1508937e+00
   7.1612183e+00
   7.1715101e+00
   7.1817692e+00
   7.1919960e+00
   7.2021907e+00
   7.2123536e+00
   7.2224851e+00
   7.2325853e+00
   7.2426545e+00
   7.2526930e+00
   7.2627011e+00
   7.2726790e+00
   7.2826270e+00
   7.2925453e+00
   7.3024342e+00
   7.3122940e+00
   7.3221248e+00
   7.3319270e+00
   7.3417007e+00
   7.3514463e+00
   7.3611639e+00
   7.3708538e+00
   7.3805162e+00
   7.3901514e+00
   7.3997596e+00
   7.4093411e+00
   7.4188960e+00
   7.4284246e+00
   7.4379271e+00
   7.4474037e+00
   7.4568547e+00
   7.4662802e+00
   7.4756805e+00
   7.4850559e+00
   7.4944064e+00
   7.5037324e+00
   7.5130340e+00
   7.5223115e+00
   7.5315650e+00
   7.5407947e+00
   7.5500010e+00
   7.5591839e+00
   7.5683436e+00
   7.5774805e+00
   7.5865946e+00
   7.5956861e+00
   7.6047553e+00
   7.6138023e+00
   7.6228274e+00
   7.6318307e+00
   7.6408124e+00
   7.6497727e+00
   7.6587118e+00
   7.6676298e+00
   7.6765270e+00
   7.6854035e+00
   7.6942596e+00
   7.7030953e+00
   7.7119109e+00
   7.7207065e+00
   7.7294823e+00
   7.7382386e+00
   7.7469753e+00
   7.7556928e+00
   7.7643912e+00
   7.7730707e+00
   7.7817313e+00
   7.7903734e+00
   7.7989970e+00
   7.8076024e+00
   7.8161896e+00
   7.8247588e+00
   7.8333102e+00
   7.8418440e+00
   7.8503603e+00
   7.8588592e+00
   7.8673409e+00
   7.8758056e+00
   7.8842535e+00
   7.8926845e+00
   7.9010990e+00
   7.9094970e+00
   7.9178788e+00
   7.9262444e+00
   7.9345939e+00
   7.9429276e+00
   7.9512456e+00
   7.9595480e+00
   7.9678349e+00
   7.9761065e+00
   7.9843629e+00
   7.9926043e+00
   8.0008308e+00
   8.0090425e+00
   8.0172396e+00
   8.0254221e+00
   8.0335903e+00
   8.0417442e+00
   8.0498840e+00
   8.0580098e+00
   8.0661217e+00
   8.0742199e+00
   8.0823044e+00
   8.0903754e+00
   8.0984331e+00
   8.1064775e+00
   8.1145087e+00
   8.1225269e+00
   8.1305323e+00
   8.1385248e+00
   8.1465046e+00
   8.1544719e+00
   8.1624268e+00
   8.1703693e+00
   8.1782996e+00
   8.1862178e+00
   8.1941240e+00
   8.2020182e+00
   8.2099008e+00
   8.2177716e+00
   8.2256309e+00
   8.2334787e+00
   8.2413151e+00
   8.2491403e+00
   8.2569544e+00
   8.2647574e+00
   8.2725494e+00
   8.2803306e+00
   8.2881011e+00
   8.2958609e+00
   8.3036102e+00
   8.3113490e+00
   8.3190774e+00
   8.3267956e+00
   8.3345037e+00
   8.3422016e+00
   8.3498896e+00
   8.3575678e+00
   8.3652361e+00
   8.3728947e+00
   8.3805437e+00
   8.3881832e+00
   8.3958133e+00
   8.4034340e+00
   8.4110455e+00
   8.4186479e+00
   8.4262411e+00
   8.4338254e+00
   8.4414007e+00
   8.4489672e+00
   8.4565250e+00
   8.4640741e+00
   8.4716147e+00
   8.4791468e+00
   8.4866704e+00
   8.4941858e+00
   8.5016929e+00
   8.5091918e+00
   8.5166826e+00
   8.5241654e+00
   8.5316403e+00
   8.5391073e+00
   8.5465666e+00
   8.5540181e+00
   8.5614621e+00
   8.5688984e+00
   8.5763273e+00
   8.5837488e+00
   8.5911629e+00
   8.5985698e+00
   8.6059695e+00
   8.6133621e+00
   8.6207477e+00
   8.6281262e+00
   8.6354979e+00
   8.6428627e+00
   8.6502208e+00
   8.6575722e+00
   8.6649169e+00
   8.6722551e+00
   8.6795868e+00
   8.6869121e+00
   8.6942310e+00
   8.7015436e+00
   8.7088500e+00
   8.7161502e+00
   8.7234443e+00
   8.7307323e+00
   8.7380144e+00
   8.7452906e+00
   8.7525610e+00
   8.7598255e+00
   8.7670843e+00
   8.7743375e+00
   8.7815851e+00
   8.7888271e+00
   8.7960636e+00
   8.8032947e+00
   8.8105205e+00
   8.8177409e+00
   8.8249561e+00
   8.8321661e+00
   8.8393710e+00
   8.8465708e+00
   8.8537656e+00
   8.8609555e+00
   8.8681404e+00
   8.8753205e+00
   8.8824958e+00
   8.8896663e+00
   8.8968322e+00
   8.9039934e+00
   8.9111501e+00
   8.9183022e+00
   8.9254499e+00
   8.9325931e+00
   8.9397320e+00
   8.9468666e+00
   8.9539969e+00
   8.9611231e+00
   8.9682450e+00
   8.9753629e+00
   8.9824767e+00
   8.9895865e+00
   8.9966923e+00
   9.0037943e+00
   9.0108924e+00
   9.0179867e+00
   9.0250772e+00
   9.0321640e+00
   9.0392472e+00
   9.0463267e+00
   9.0534027e+00
   9.0604752e+00
   9.0675442e+00
   9.0746097e+00
   9.0816719e+00
   9.0887308e+00
   9.0957864e+00
   9.1028387e+00
   9.1098879e+00
   9.1169339e+00
   9.1239768e+00
   9.1310166e+00
   9.1380534e+00
   9.1450873e+00
   9.1521182e+00
   9.1591463e+00
   9.1661715e+00
   9.1731939e+00
   9.1802135e+00
   9.1872305e+00
   9.1942448e+00
   9.2012564e+00
   9.2082655e+00
   9.2152720e+00
   9.2222760e+00
   9.2292775e+00
   9.2362767e+00
   9.2432734e+00
   9.2502679e+00
   9.2572600e+00
   9.2642498e+00
   9.2712375e+00
   9.2782229e+00
   9.2852063e+00
   9.2921875e+00
   9.2991666e+00
   9.3061438e+00
   9.3131189e+00
   9.3200921e+00
   9.3270634e+00
   9.3340329e+00
   9.3410005e+00
   9.3479663e+00
   9.3549303e+00
   9.3618926e+00
   9.3688533e+00
   9.3758122e+00
   9.3827696e+00
   9.3897254e+00
   9.3966797e+00
   9.4036325e+00
   9.4105838e+00
   9.4175336e+00
   9.4244821e+00
   9.4314292e+00
   9.4383750e+00
   9.4453195e+00
   9.4522627e+00
   9.4592048e+00
   9.4661456e+00
   9.4730853e+00
   9.4800238e+00
   9.4869613e+00
   9.4938977e+00
   9.5008331e+00
   9.5077675e+00
   9.5147010e+00
   9.5216336e+00
   9.5285652e+00
   9.5354960e+00
   9.5424260e+00
   9.5493552e+00
   9.5562836e+00
   9.5632114e+00
   9.5701384e+00
   9.5770647e+00
   9.5839905e+00
   9.5909156e+00
   9.5978401e+00
   9.6047642e+00
   9.6116877e+00
   9.6186107e+00
   9.6255333e+00
   9.6324555e+00
   9.6393773e+00
   9.6462987e+00
   9.6532198e+00
   9.6601406e+00
   9.6670612e+00
   9.6739815e+00
   9.6809016e+00
   9.6878215e+00
   9.6947413e+00
   9.7016610e+00
   9.7085805e+00
   9.7155001e+00
   9.7224195e+00
   9.7293390e+00
   9.7362585e+00
   9.7431780e+00
   9.7500976e+00
   9.7570174e+00
   9.7639372e+00
   9.7708573e+00
   9.7777775e+00
   9.7846979e+00
   9.7916186e+00
   9.7985395e+00
   9.8054607e+00
   9.8123823e+00
   9.8193042e+00
   9.8262265e+00
   9.8331492e+00
   9.8400723e+00
   9.8469959e+00
   9.8539199e+00
   9.8608445e+00
   9.8677696e+00
   9.8746952e+00
   9.8816215e+00
   9.8885483e+00
   9.8954758e+00
   9.9024040e+00
   9.9093328e+00
   9.9162623e+00
   9.9231926e+00
   9.9301236e+00
   9.9370554e+00
   9.9439880e+00
   9.9509215e+00
   9.9578558e+00
   9.9647910e+00
   9.9717271e+00
   9.9786641e+00
   9.9856021e+00
   9.9925410e+00
   9.9994810e+00
   1.0006422e+01
   1.0013364e+01
   1.0020307e+01
   1.0027251e+01
   1.0034196e+01
   1.0041143e+01
   1.0048091e+01
   1.0055039e+01
   1.0061989e+01
   1.0068940e+01
   1.0075893e+01
   1.0082847e+01
   1.0089802e+01
   1.0096758e+01
   1.0103716e+01
   1.0110675e+01
   1.0117635e+01
   1.0124597e+01
   1.0131560e+01
   1.0138525e+01
   1.0145491e+01
   1.0152459e+01
   1.0159428e+01
   1.0166398e+01
   1.0173371e+01
   1.0180345e+01
   1.0187320e+01
   1.0194297e+01
   1.0201276e+01
   1.0208256e+01
   1.0215238e+01
   1.0222222e+01
   1.0229207e+01
   1.0236194e+01
   1.0243183e+01
   1.0250174e+01
   1.0257166e+01
   1.0264160e+01
   1.0271156e+01
   1.0278154e+01
   1.0285154e+01
   1.0292156e+01
   1.0299160e+01
   1.0306165e+01
   1.0313173e+01
   1.0320182e+01
   1.0327194e+01
   1.0334207e+01
   1.0341222e+01
   1.0348240e+01
   1.0355260e+01
   1.0362281e+01
   1.0369305e+01
   1.0376331e+01
   1.0383359e+01
   1.0390389e+01
   1.0397422e+01
   1.0404456e+01
   1.0411493e+01
   1.0418532e+01
   1.0425573e+01
   1.0432616e+01
   1.0439662e+01
   1.0446710e+01
   1.0453761e+01
   1.0460813e+01
   1.0467868e+01
   1.0474926e+01
   1.0481985e+01
   1.0489048e+01
   1.0496112e+01
   1.0503179e+01
   1.0510249e+01
   1.0517321e+01
   1.0524395e+01
   1.0531472e+01
   1.0538551e+01
   1.0545633e+01
   1.0552718e+01
   1.0559805e+01
   1.0566895e+01
   1.0573987e+01
   1.0581082e+01
   1.0588179e+01
   1.0595279e+01
   1.0602382e+01
   1.0609487e+01
   1.0616596e+01
   1.0623706e+01
   1.0630820e+01
   1.0637936e+01
   1.0645055e+01
   1.0652177e+01
   1.0659302e+01
   1.0666429e+01
   1.0673559e+01
   1.0680692e+01
   1.0687828e+01
   1.0694967e+01
   1.0702109e+01
   1.0709253e+01
   1.0716400e+01
   1.0723551e+01
   1.0730704e+01
   1.0737860e+01
   1.0745019e+01
   1.0752181e+01
   1.0759347e+01
   1.0766515e+01
   1.0773686e+01
   1.0780860e+01
   1.0788037e+01
   1.0795217e+01
   1.0802401e+01
   1.0809587e+01
   1.0816777e+01
   1.0823969e+01
   1.0831165e+01
   1.0838364e+01
   1.0845566e+01
   1.0852771e+01
   1.0859980e+01
   1.0867191e+01
   1.0874406e+01
   1.0881624e+01
   1.0888845e+01
   1.0896070e+01
   1.0903297e+01
   1.0910528e+01
   1.0917763e+01
   1.0925000e+01
   1.0932241e+01
   1.0939486e+01
   1.0946733e+01
   1.0953984e+01
   1.0961238e+01
   1.0968496e+01
   1.0975757e+01
   1.0983022e+01
   1.0990289e+01
   1.0997561e+01
   1.1004836e+01
   1.1012114e+01
   1.1019395e+01
   1.1026680e+01
   1.1033969e+01
   1.1041261e+01
   1.1048557e+01
   1.1055856e+01
   1.1063159e+01
   1.1070465e+01
   1.1077775e+01
   1.1085088e+01
   1.1092405e+01
   1.1099725e+01
   1.1107050e+01
   1.1114377e+01
   1.1121709e+01
   1.1129044e+01
   1.1136382e+01
   1.1143725e+01
   1.1151071e+01
   1.1158420e+01
   1.1165774e+01
   1.1173131e+01
   1.1180492e+01
   1.1187856e+01
   1.1195224e+01
   1.1202596e+01
   1.1209972e+01
   1.1217352e+01
   1.1224735e+01
   1.1232122e+01
   1.1239513e+01
   1.1246908e+01
   1.1254307e+01
   1.1261709e+01
   1.1269115e+01
   1.1276525e+01
   1.1283939e+01
   1.1291357e+01
   1.1298779e+01
   1.1306205e+01
   1.1313634e+01
   1.1321068e+01
   1.1328505e+01
   1.1335947e+01
   1.1343392e+01
   1.1350841e+01
   1.1358295e+01
   1.1365752e+01
   1.1373213e+01
   1.1380678e+01
   1.1388148e+01
   1.1395621e+01
   1.1403098e+01
   1.1410580e+01
   1.1418065e+01
   1.1425555e+01
   1.1433048e+01
   1.1440546e+01
   1.1448048e+01
   1.1455554e+01
   1.1463064e+01
   1.1470578e+01
   1.1478096e+01
   1.1485618e+01
   1.1493145e+01
   1.1500676e+01
   1.1508211e+01
   1.1515750e+01
   1.1523293e+01
   1.1530840e+01
   1.1538392e+01
   1.1545948e+01
   1.1553508e+01
   1.1561072e+01
   1.1568641e+01
   1.1576214e+01
   1.1583791e+01
   1.1591372e+01
   1.1598958e+01
   1.1606548e+01
   1.1614142e+01
   1.1621741e+01
   1.1629344e+01
   1.1636951e+01
   1.1644562e+01
   1.1652178e+01
   1.1659799e+01
   1.1667423e+01
   1.1675052e+01
   1.1682686e+01
   1.1690324e+01
   1.1697966e+01
   1.1705612e+01
   1.1713264e+01
   1.1720919e+01
   1.1728579e+01
   1.1736243e+01
   1.1743912e+01
   1.1751585e+01
   1.1759263e+01
   1.1766945e+01
   1.1774632e+01
   1.1782323e+01
   1.1790019e+01
   1.1797719e+01
   1.1805424e+01
   1.1813134e+01
   1.1820847e+01
   1.1828566e+01
   1.1836289e+01
   1.1844016e+01
   1.1851749e+01
   1.1859485e+01
   1.1867227e+01
   1.1874973e+01
   1.1882723e+01
   1.1890478e+01
   1.1898238e+01
   1.1906002e+01
   1.1913772e+01
   1.1921545e+01
   1.1929324e+01
   1.1937107e+01
   1.1944895e+01
   1.1952687e+01
   1.1960484e+01
   1.1968286e+01
   1.1976093e+01
   1.1983904e+01
   1.1991720e+01
   1.1999541e+01
   1.2007366e+01
   1.2015196e+01
   1.2023031e+01
   1.2030871e+01
   1.2038716e+01
   1.2046565e+01
   1.2054419e+01
   1.2062278e+01
   1.2070142e+01
   1.2078011e+01
   1.2085884e+01
   1.2093763e+01
   1.2101646e+01
   1.2109534e+01
   1.2117427e+01
   1.2125324e+01
   1.2133227e+01
   1.2141135e+01
   1.2149047e+01
   1.2156964e+01
   1.2164886e+01
   1.2172814e+01
   1.2180746e+01
   1.2188683e+01
   1.2196625e+01
   1.2204572e+01
   1.2212524e+01
   1.2220480e+01
   1.2228442e+01
   1.2236409e+01
   1.2244381e+01
   1.2252358e+01
   1.2260340e+01
   1.2268327e+01
   1.2276319e+01
   1.2284316e+01
   1.2292318e+01
   1.2300325e+01
   1.2308337e+01
   1.2316354e+01
   1.2324376e+01
   1.2332404e+01
   1.2340436e+01
   1.2348474e+01
   1.2356516e+01
   1.2364564e+01
   1.2372617e+01
   1.2380675e+01
   1.2388738e+01
   1.2396807e+01
   1.2404880e+01
   1.2412959e+01
   1.2421043e+01
   1.2429132e+01
   1.2437226e+01
   1.2445326e+01
   1.2453431e+01
   1.2461541e+01
   1.2469656e+01
   1.2477776e+01
   1.2485902e+01
   1.2494033e+01
   1.2502169e+01
   1.2510310e+01
   1.2518457e+01
   1.2526609e+01
   1.2534767e+01
   1.2542929e+01
   1.2551097e+01
   1.2559270e+01
   1.2567449e+01
   1.2575633e+01
   1.2583822e+01
   1.2592017e+01
   1.2600217e+01
   1.2608422e+01
   1.2616633e+01
   1.2624849e+01
   1.2633071e+01
   1.2641298e+01
   1.2649531e+01
   1.2657768e+01
   1.2666012e+01
   1.2674260e+01
   1.2682515e+01
   1.2690774e+01
   1.2699039e+01
   1.2707310e+01
   1.2715586e+01
   1.2723868e+01
   1.2732155e+01
   1.2740448e+01
   1.2748746e+01
   1.2757049e+01
   1.2765359e+01
   1.2773673e+01
   1.2781994e+01
   1.2790320e+01
   1.2798651e+01
   1.2806988e+01
   1.2815331e+01
   1.2823679e+01
   1.2832033e+01
   1.2840393e+01
   1.2848758e+01
   1.2857129e+01
   1.2865505e+01
   1.2873888e+01
   1.2882275e+01
   1.2890669e+01
   1.2899068e+01
   1.2907473e+01
   1.2915884e+01
   1.2924300e+01
   1.2932722e+01
   1.2941150e+01
   1.2949583e+01
   1.2958023e+01
   1.2966468e+01
   1.2974919e+01
   1.2983375e+01
   1.2991838e+01
   1.3000306e+01
   1.3008780e+01
   1.3017260e+01
   1.3025746e+01
   1.3034237e+01
   1.3042735e+01
   1.3051238e+01
   1.3059747e+01
   1.3068262e+01
   1.3076783e+01
   1.3085310e+01
   1.3093843e+01
   1.3102381e+01
   1.3110926e+01
   1.3119476e+01
   1.3128033e+01
   1.3136595e+01
   1.3145164e+01
   1.3153738e+01
   1.3162319e+01
   1.3170905e+01
   1.3179498e+01
   1.3188096e+01
   1.3196701e+01
   1.3205311e+01
   1.3213928e+01
   1.3222550e+01
   1.3231179e+01
   1.3239814e+01
   1.3248455e+01
   1.3257102e+01
   1.3265755e+01
   1.3274415e+01
   1.3283080e+01
   1.3291752e+01
   1.3300430e+01
   1.3309114e+01
   1.3317804e+01
   1.3326500e+01
   1.3335203e+01
   1.3343911e+01
   1.3352626e+01
   1.3361348e+01
   1.3370075e+01
   1.3378809e+01
   1.3387549e+01
   1.3396295e+01
   1.3405048e+01
   1.3413807e+01
   1.3422572e+01
   1.3431344e+01
   1.3440122e+01
   1.3448906e+01
   1.3457697e+01
   1.3466494e+01
   1.3475298e+01
   1.3484107e+01
   1.3492924e+01
   1.3501746e+01
   1.3510576e+01
   1.3519411e+01
   1.3528253e+01
   1.3537102e+01
   1.3545957e+01
   1.3554818e+01
   1.3563686e+01
   1.3572561e+01
   1.3581442e+01
   1.3590330e+01
   1.3599224e+01
   1.3608125e+01
   1.3617032e+01
   1.3625946e+01
   1.3634867e+01
   1.3643794e+01
   1.3652728e+01
   1.3661669e+01
   1.3670616e+01
   1.3679570e+01
   1.3688530e+01
   1.3697497e+01
   1.3706471e+01
   1.3715452e+01
   1.3724440e+01
   1.3733434e+01
   1.3742435e+01
   1.3751443e+01
   1.3760457e+01
   1.3769478e+01
   1.3778507e+01
   1.3787542e+01
   1.3796584e+01
   1.3805632e+01
   1.3814688e+01
   1.3823750e+01
   1.3832820e+01
   1.3841896e+01
   1.3850979e+01
   1.3860070e+01
   1.3869167e+01
   1.3878271e+01
   1.3887382e+01
   1.3896500e+01
   1.3905625e+01
   1.3914758e+01
   1.3923897e+01
   1.3933043e+01
   1.3942197e+01
   1.3951357e+01
   1.3960525e+01
   1.3969699e+01
   1.3978881e+01
   1.3988070e+01
   1.3997266e+01
   1.4006470e+01
   1.4015680e+01
   1.4024898e+01
   1.4034123e+01
   1.4043355e+01
   1.4052595e+01
   1.4061841e+01
   1.4071095e+01
   1.4080357e+01
   1.4089625e+01
   1.4098901e+01
   1.4108185e+01
   1.4117476e+01
   1.4126774e+01
   1.4136079e+01
   1.4145392e+01
   1.4154712e+01
   1.4164040e+01
   1.4173375e+01
   1.4182718e+01
   1.4192068e+01
   1.4201426e+01
   1.4210791e+01
   1.4220164e+01
   1.4229545e+01
   1.4238933e+01
   1.4248328e+01
   1.4257731e+01
   1.4267142e+01
   1.4276561e+01
   1.4285987e+01
   1.4295421e+01
   1.4304862e+01
   1.4314311e+01
   1.4323768e+01
   1.4333233e+01
   1.4342706e+01
   1.4352186e+01
   1.4361674e+01
   1.4371170e+01
   1.4380674e+01
   1.4390185e+01
   1.4399705e+01
   1.4409232e+01
   1.4418768e+01
   1.4428311e+01
   1.4437862e+01
   1.4447421e+01
   1.4456988e+01
   1.4466564e+01
   1.4476147e+01
   1.4485738e+01
   1.4495337e+01
   1.4504945e+01
   1.4514560e+01
   1.4524184e+01
   1.4533816e+01
   1.4543455e+01
   1.4553104e+01
   1.4562760e+01
   1.4572424e+01
   1.4582097e+01
   1.4591778e+01
   1.4601467e+01
   1.4611165e+01
   1.4620871e+01
   1.4630585e+01
   1.4640308e+01
   1.4650039e+01
   1.4659778e+01
   1.4669526e+01
   1.4679282e+01
   1.4689047e+01
   1.4698820e+01
   1.4708602e+01
   1.4718392e+01
   1.4728191e+01
   1.4737998e+01
   1.4747814e+01
   1.4757639e+01
   1.4767472e+01
   1.4777314e+01
   1.4787164e+01
   1.4797024e+01
   1.4806891e+01
   1.4816768e+01
   1.4826654e+01
   1.4836548e+01
   1.4846451e+01
   1.4856363e+01
   1.4866283e+01
   1.4876213e+01
   1.4886151e+01
   1.4896099e+01
   1.4906055e+01
   1.4916020e+01
   1.4925995e+01
   1.4935978e+01
   1.4945970e+01
   1.4955972e+01
   1.4965982e+01
   1.4976002e+01
   1.4986031e+01
   1.4996068e+01
   1.5006115e+01
   1.5016172e+01
   1.5026237e+01
   1.5036312e+01
   1.5046396e+01
   1.5056489e+01
   1.5066592e+01
   1.5076704e+01
   1.5086825e+01
   1.5096956e+01
   1.5107096e+01
   1.5117246e+01
   1.5127405e+01
   1.5137573e+01
   1.5147751e+01
   1.5157939e+01
   1.5168136e+01
   1.5178343e+01
   1.5188559e+01
   1.5198785e+01
   1.5209021e+01
   1.5219267e+01
   1.5229522e+01
   1.5239787e+01
   1.5250061e+01
   1.5260346e+01
   1.5270640e+01
   1.5280944e+01
   1.5291259e+01
   1.5301583e+01
   1.5311917e+01
   1.5322260e+01
   1.5332614e+01
   1.5342978e+01
   1.5353352e+01
   1.5363736e+01
   1.5374131e+01
   1.5384535e+01
   1.5394949e+01
   1.5405374e+01
   1.5415809e+01
   1.5426254e+01
   1.5436710e+01
   1.5447175e+01
   1.5457651e+01
   1.5468138e+01
   1.5478635e+01
   1.5489142e+01
   1.5499660e+01
   1.5510188e+01
   1.5520726e+01
   1.5531276e+01
   1.5541835e+01
   1.5552406e+01
   1.5562987e+01
   1.5573579e+01
   1.5584181e+01
   1.5594794e+01
   1.5605418e+01
   1.5616052e+01
   1.5626698e+01
   1.5637354e+01
   1.5648021e+01
   1.5658699e+01
   1.5669388e+01
   1.5680088e+01
   1.5690799e+01
   1.5701521e+01
   1.5712254e+01
   1.5722998e+01
   1.5733754e+01
   1.5744520e+01
   1.5755298e+01
   1.5766086e+01
   1.5776886e+01
   1.5787698e+01
   1.5798521e+01
   1.5809355e+01
   1.5820200e+01
   1.5831057e+01
   1.5841925e+01
   1.5852805e+01
   1.5863696e+01
   1.5874599e+01
   1.5885513e+01
   1.5896440e+01
   1.5907377e+01
   1.5918327e+01
   1.5929288e+01
   1.5940261e+01
   1.5951245e+01
   1.5962242e+01
   1.5973250e+01
   1.5984271e+01
   1.5995303e+01
   1.6006347e+01
   1.6017403e+01
   1.6028471e+01
   1.6039552e+01
   1.6050644e+01
   1.6061748e+01
   1.6072865e+01
   1.6083994e+01
   1.6095135e+01
   1.6106289e+01
   1.6117455e+01
   1.6128633e+01
   1.6139823e+01
   1.6151026e+01
   1.6162242e+01
   1.6173470e+01
   1.6184711e+01
   1.6195964e+01
   1.6207230e+01
   1.6218508e+01
   1.6229799e+01
   1.6241103e+01
   1.6252420e+01
   1.6263749e+01
   1.6275092e+01
   1.6286447e+01
   1.6297815e+01
   1.6309196e+01
   1.6320590e+01
   1.6331998e+01
   1.6343418e+01
   1.6354851e+01
   1.6366298e+01
   1.6377758e+01
   1.6389231e+01
   1.6400717e+01
   1.6412217e+01
   1.6423730e+01
   1.6435256e+01
   1.6446796e+01
   1.6458350e+01
   1.6469917e+01
   1.6481497e+01
   1.6493092e+01
   1.6504699e+01
   1.6516321e+01
   1.6527956e+01
   1.6539605e+01
   1.6551268e+01
   1.6562945e+01
   1.6574636e+01
   1.6586340e+01
   1.6598059e+01
   1.6609791e+01
   1.6621538e+01
   1.6633299e+01
   1.6645074e+01
   1.6656863e+01
   1.6668667e+01
   1.6680485e+01
   1.6692317e+01
   1.6704163e+01
   1.6716024e+01
   1.6727900e+01
   1.6739790e+01
   1.6751694e+01
   1.6763613e+01
   1.6775547e+01
   1.6787495e+01
   1.6799459e+01
   1.6811437e+01
   1.6823429e+01
   1.6835437e+01
   1.6847460e+01
   1.6859497e+01
   1.6871550e+01
   1.6883618e+01
   1.6895701e+01
   1.6907799e+01
   1.6919912e+01
   1.6932040e+01
   1.6944184e+01
   1.6956343e+01
   1.6968517e+01
   1.6980707e+01
   1.6992912e+01
   1.7005133e+01
   1.7017370e+01
   1.7029622e+01
   1.7041890e+01
   1.7054173e+01
   1.7066472e+01
   1.7078787e+01
   1.7091118e+01
   1.7103465e+01
   1.7115828e+01
   1.7128207e+01
   1.7140602e+01
   1.7153013e+01
   1.7165440e+01
   1.7177883e+01
   1.7190343e+01
   1.7202818e+01
   1.7215311e+01
   1.7227819e+01
   1.7240345e+01
   1.7252886e+01
   1.7265444e+01
   1.7278019e+01
   1.7290611e+01
   1.7303219e+01
   1.7315844e+01
   1.7328485e+01
   1.7341144e+01
   1.7353819e+01
   1.7366512e+01
   1.7379221e+01
   1.7391948e+01
   1.7404691e+01
   1.7417452e+01
   1.7430230e+01
   1.7443025e+01
   1.7455838e+01
   1.7468668e+01
   1.7481515e+01
   1.7494380e+01
   1.7507263e+01
   1.7520163e+01
   1.7533080e+01
   1.7546015e+01
   1.7558968e+01
   1.7571939e+01
   1.7584928e+01
   1.7597934e+01
   1.7610959e+01
   1.7624002e+01
   1.7637062e+01
   1.7650141e+01
   1.7663238e+01
   1.7676353e+01
   1.7689486e+01
   1.7702638e+01
   1.7715808e+01
   1.7728996e+01
   1.7742203e+01
   1.7755429e+01
   1.7768673e+01
   1.7781935e+01
   1.7795217e+01
   1.7808517e+01
   1.7821836e+01
   1.7835174e+01
   1.7848531e+01
   1.7861906e+01
   1.7875301e+01
   1.7888715e+01
   1.7902148e+01
   1.7915600e+01
   1.7929072e+01
   1.7942562e+01
   1.7956072e+01
   1.7969602e+01
   1.7983151e+01
   1.7996719e+01
   1.8010307e+01
   1.8023915e+01
   1.8037542e+01
   1.8051189e+01
   1.8064856e+01
   1.8078543e+01
   1.8092250e+01
   1.8105976e+01
   1.8119723e+01
   1.8133490e+01
   1.8147276e+01
   1.8161083e+01
   1.8174911e+01
   1.8188758e+01
   1.8202626e+01
   1.8216514e+01
   1.8230423e+01
   1.8244352e+01
   1.8258302e+01
   1.8272273e+01
   1.8286264e+01
   1.8300275e+01
   1.8314308e+01
   1.8328362e+01
   1.8342436e+01
   1.8356531e+01
   1.8370648e+01
   1.8384785e+01
   1.8398943e+01
   1.8413123e+01
   1.8427324e+01
   1.8441546e+01
   1.8455790e+01
   1.8470054e+01
   1.8484341e+01
   1.8498649e+01
   1.8512978e+01
   1.8527329e+01
   1.8541702e+01
   1.8556096e+01
   1.8570512e+01
   1.8584950e+01
   1.8599410e+01
   1.8613892e+01
   1.8628395e+01
   1.8642921e+01
   1.8657469e+01
   1.8672039e+01
   1.8686631e+01
   1.8701245e+01
   1.8715882e+01
   1.8730541e+01
   1.8745223e+01
   1.8759927e+01
   1.8774653e+01
   1.8789402e+01
   1.8804174e+01
   1.8818968e+01
   1.8833785e+01
   1.8848625e+01
   1.8863487e+01
   1.8878372e+01
   1.8893281e+01
   1.8908212e+01
   1.8923166e+01
   1.8938144e+01
   1.8953144e+01
   1.8968168e+01
   1.8983215e+01
   1.8998285e+01
   1.9013378e+01
   1.9028495e+01
   1.9043635e+01
   1.9058799e+01
   1.9073986e+01
   1.9089196e+01
   1.9104431e+01
   1.9119688e+01
   1.9134970e+01
   1.9150275e+01
   1.9165604e+01
   1.9180957e+01
   1.9196334e+01
   1.9211735e+01
   1.9227159e+01
   1.9242608e+01
   1.9258080e+01
   1.9273577e+01
   1.9289098e+01
   1.9304643e+01
   1.9320212e+01
   1.9335806e+01
   1.9351423e+01
   1.9367065e+01
   1.9382732e+01
   1.9398423e+01
   1.9414138e+01
   1.9429878e+01
   1.9445642e+01
   1.9461431e+01
   1.9477244e+01
   1.9493082e+01
   1.9508945e+01
   1.9524832e+01
   1.9540744e+01
   1.9556681e+01
   1.9572643e+01
   1.9588630e+01
   1.9604641e+01
   1.9620677e+01
   1.9636739e+01
   1.9652825e+01
   1.9668936e+01
   1.9685072e+01
   1.9701234e+01
   1.9717420e+01
   1.9733631e+01
   1.9749868e+01
   1.9766130e+01
   1.9782417e+01
   1.9798729e+01
   1.9815066e+01
   1.9831429e+01
   1.9847817e+01
   1.9864230e+01
   1.9880669e+01
   1.9897132e+01
   1.9913622e+01
   1.9930136e+01
   1.9946676e+01
   1.9963242e+01
   1.9979832e+01
   1.9996449e+01
   2.0013090e+01
   2.0029758e+01
   2.0046450e+01
   2.0063169e+01
   2.0079912e+01
   2.0096681e+01
   2.0113476e+01
   2.0130296e+01
   2.0147142e+01
   2.0164014e+01
   2.0180910e+01
   2.0197833e+01
   2.0214781e+01
   2.0231755e+01
   2.0248754e+01
   2.0265778e+01
   2.0282829e+01
   2.0299904e+01
   2.0317006e+01
   2.0334133e+01
   2.0351285e+01
   2.0368463e+01
   2.0385667e+01
   2.0402896e+01
   2.0420150e+01
   2.0437430e+01
   2.0454736e+01
   2.0472067e+01
   2.0489424e+01
   2.0506806e+01
   2.0524213e+01
   2.0541646e+01
   2.0559104e+01
   2.0576587e+01
   2.0594096e+01
   2.0611631e+01
   2.0629190e+01
   2.0646775e+01
   2.0664385e+01
   2.0682020e+01
   2.0699680e+01
   2.0717366e+01
   2.0735077e+01
   2.0752812e+01
   2.0770573e+01
   2.0788359e+01
   2.0806170e+01
   2.0824006e+01
   2.0841866e+01
   2.0859752e+01
   2.0877662e+01
   2.0895597e+01
   2.0913557e+01
   2.0931541e+01
   2.0949550e+01
   2.0967583e+01
   2.0985641e+01
   2.1003724e+01
   2.1021831e+01
   2.1039962e+01
   2.1058117e+01
   2.1076297e+01
   2.1094500e+01
   2.1112728e+01
   2.1130980e+01
   2.1149256e+01
   2.1167555e+01
   2.1185879e+01
   2.1204226e+01
   2.1222596e+01
   2.1240991e+01
   2.1259408e+01
   2.1277849e+01
   2.1296314e+01
   2.1314801e+01
   2.1333312e+01
   2.1351846e+01
   2.1370403e+01
   2.1388982e+01
   2.1407585e+01
   2.1426210e+01
   2.1444857e+01
   2.1463527e+01
   2.1482220e+01
   2.1500934e+01
   2.1519671e+01
   2.1538430e+01
   2.1557211e+01
   2.1576014e+01
   2.1594838e+01
   2.1613684e+01
   2.1632551e+01
   2.1651440e+01
   2.1670350e+01
   2.1689281e+01
   2.1708233e+01
   2.1727206e+01
   2.1746200e+01
   2.1765214e+01
   2.1784249e+01
   2.1803303e+01
   2.1822379e+01
   2.1841474e+01
   2.1860589e+01
   2.1879724e+01
   2.1898878e+01
   2.1918052e+01
   2.1937245e+01
   2.1956457e+01
   2.1975688e+01
   2.1994939e+01
   2.2014207e+01
   2.2033495e+01
   2.2052800e+01
   2.2072124e+01
   2.2091466e+01
   2.2110825e+01
   2.2130203e+01
   2.2149597e+01
   2.2169009e+01
   2.2188439e+01
   2.2207885e+01
   2.2227348e+01
   2.2246827e+01
   2.2266323e+01
   2.2285835e+01
   2.2305364e+01
   2.2324908e+01
   2.2344467e+01
   2.2364042e+01
   2.2383633e+01
   2.2403238e+01
   2.2422858e+01
   2.2442493e+01
   2.2462142e+01
   2.2481806e+01
   2.2501483e+01
   2.2521174e+01
   2.2540879e+01
   2.2560597e+01
   2.2580328e+01
   2.2600073e+01
   2.2619829e+01
   2.2639599e+01
   2.2659380e+01
   2.2679174e+01
   2.2698979e+01
   2.2718796e+01
   2.2738624e+01
   2.2758464e+01
   2.2778314e+01
   2.2798175e+01
   2.2818046e+01
   2.2837927e+01
   2.2857818e+01
   2.2877719e+01
   2.2897629e+01
   2.2917548e+01
   2.2937476e+01
   2.2957413e+01
   2.2977358e+01
   2.2997311e+01
   2.3017272e+01
   2.3037240e+01
   2.3057216e+01
   2.3077199e+01
   2.3097189e+01
   2.3117185e+01
   2.3137187e+01
   2.3157196e+01
   2.3177210e+01
   2.3197230e+01
   2.3217255e+01
   2.3237284e+01
   2.3257318e+01
   2.3277357e+01
   2.3297400e+01
   2.3317446e+01
   2.3337496e+01
   2.3357549e+01
   2.3377606e+01
   2.3397664e+01
   2.3417725e+01
   2.3437788e+01
   2.3457853e+01
   2.3477920e+01
   2.3497987e+01
   2.3518056e+01
   2.3538125e+01
   2.3558194e+01
   2.3578263e+01
   2.3598332e+01
   2.3618401e+01
   2.3638468e+01
   2.3658535e+01
   2.3678599e+01
   2.3698662e+01
   2.3718723e+01
   2.3738782e+01
   2.3758837e+01
   2.3778890e+01
   2.3798939e+01
   2.3818985e+01
   2.3839027e+01
   2.3859064e+01
   2.3879097e+01
   2.3899124e+01
   2.3919147e+01
   2.3939164e+01
   2.3959175e+01
   2.3979180e+01
   2.3999178e+01
   2.4019170e+01
   2.4039154e+01
   2.4059131e+01
   2.4079100e+01
   2.4099061e+01
   2.4119013e+01
   2.4138957e+01
   2.4158892e+01
   2.4178817e+01
   2.4198732e+01
   2.4218637e+01
   2.4238531e+01
   2.4258415e+01
   2.4278288e+01
   2.4298149e+01
   2.4317999e+01
   2.4337836e+01
   2.4357660e+01
   2.4377472e+01
   2.4397271e+01
   2.4417056e+01
   2.4436827e+01
   2.4456584e+01
   2.4476327e+01
   2.4496054e+01
   2.4515766e+01
   2.4535463e+01
   2.4555143e+01
   2.4574807e+01
   2.4594454e+01
   2.4614085e+01
   2.4633697e+01
   2.4653292e+01
   2.4672869e+01
   2.4692427e+01
   2.4711966e+01
   2.4731486e+01
   2.4750986e+01
   2.4770466e+01
   2.4789925e+01
   2.4809364e+01
   2.4828781e+01
   2.4848176e+01
   2.4867550e+01
   2.4886901e+01
   2.4906229e+01
   2.4925534e+01
   2.4944816e+01
   2.4964073e+01
   2.4983306e+01
   2.5002514e+01
   2.5021696e+01
   2.5040853e+01
   2.5059984e+01
   2.5079088e+01
   2.5098165e+01
   2.5117215e+01
   2.5136237e+01
   2.5155230e+01
   2.5174195e+01
   2.5193130e+01
   2.5212036e+01
   2.5230911e+01
   2.5249756e+01
   2.5268569e+01
   2.5287352e+01
   2.5306102e+01
   2.5324819e+01
   2.5343504e+01
   2.5362155e+01
   2.5380772e+01
   2.5399354e+01
   2.5417902e+01
   2.5436413e+01
   2.5454889e+01
   2.5473328e+01
   2.5491730e+01
   2.5510095e+01
   2.5528421e+01
   2.5546708e+01
   2.5564956e+01
   2.5583165e+01
   2.5601332e+01
   2.5619459e+01
   2.5637544e+01
   2.5655587e+01
   2.5673588e+01
   2.5691544e+01
   2.5709457e+01
   2.5727326e+01
   2.5745149e+01
   2.5762926e+01
   2.5780657e+01
   2.5798340e+01
   2.5815976e+01
   2.5833564e+01
   2.5851102e+01
   2.5868591e+01
   2.5886029e+01
   2.5903416e+01
   2.5920751e+01
   2.5938034e+01
   2.5955263e+01
   2.5972439e+01
   2.5989560e+01
   2.6006625e+01
   2.6023634e+01
   2.6040587e+01
   2.6057482e+01
   2.6074318e+01
   2.6091095e+01
   2.6107812e+01
   2.6124468e+01
   2.6141063e+01
   2.6157595e+01
   2.6174064e+01
   2.6190469e+01
   2.6206810e+01
   2.6223084e+01
   2.6239292e+01
   2.6255432e+01
   2.6271504e+01
   2.6287507e+01
   2.6303440e+01
   2.6319301e+01
   2.6335091e+01
   2.6350808e+01
   2.6366451e+01
   2.6382020e+01
   2.6397513e+01
   2.6412929e+01
   2.6428267e+01
   2.6443528e+01
   2.6458708e+01
   2.6473808e+01
   2.6488827e+01
   2.6503763e+01
   2.6518615e+01
   2.6533383e+01
   2.6548065e+01
   2.6562660e+01
   2.6577168e+01
   2.6591587e+01
   2.6605916e+01
   2.6620154e+01
   2.6634300e+01
   2.6648353e+01
   2.6662311e+01
   2.6676174e+01
   2.6689941e+01
   2.6703610e+01
   2.6717180e+01
   2.6730649e+01
   2.6744018e+01
   2.6757284e+01
   2.6770447e+01
   2.6783505e+01
   2.6796457e+01
   2.6809301e+01
   2.6822038e+01
   2.6834664e+01
   2.6847180e+01
   2.6859583e+01
   2.6871873e+01
   2.6884048e+01
   2.6896107e+01
   2.6908049e+01
   2.6919872e+01
   2.6931575e+01
   2.6943157e+01
   2.6954617e+01
   2.6965952e+01
   2.6977162e+01
   2.6988245e+01
   2.6999201e+01
   2.7010027e+01
   2.7020722e+01
   2.7031284e+01
   2.7041713e+01
   2.7052007e+01
   2.7062165e+01
   2.7072185e+01
   2.7082065e+01
   2.7091804e+01
   2.7101401e+01
   2.7110855e+01
   2.7120163e+01
   2.7129324e+01
   2.7138337e+01
   2.7147200e+01
   2.7155911e+01
   2.7164470e+01
   2.7172875e+01
   2.7181123e+01
   2.7189214e+01
   2.7197145e+01
   2.7204916e+01
   2.7212525e+01
   2.7219969e+01
   2.7227248e+01
   2.7234360e+01
   2.7241303e+01
   2.7248076e+01
   2.7254676e+01
   2.7261102e+01
   2.7267353e+01
   2.7273427e+01
   2.7279322e+01
   2.7285036e+01
   2.7290568e+01
   2.7295915e+01
   2.7301077e+01
   2.7306051e+01
   2.7310836e+01
   2.7315429e+01
   2.7319830e+01
   2.7324035e+01
   2.7328044e+01
   2.7331855e+01
   2.7335465e+01
   2.7338873e+01
   2.7342077e+01
   2.7345076e+01
   2.7347866e+01
   2.7350447e+01
   2.7352816e+01
   2.7354971e+01
   2.7356911e+01
   2.7358633e+01
   2.7360136e+01
   2.7361418e+01
   2.7362476e+01
   2.7363309e+01
   2.7363914e+01
   2.7364290e+01
   2.7364434e+01
   2.7364345e+01
   2.7364020e+01
   2.7363457e+01
   2.7362655e+01
   2.7361610e+01
   2.7360321e+01
   2.7358786e+01
   2.7357003e+01
   2.7354969e+01
   2.7352682e+01
   2.7350140e+01
   2.7347341e+01
   2.7344282e+01
   2.7340962e+01
   2.7337377e+01
   2.7333527e+01
   2.7329408e+01
   2.7325018e+01
   2.7320355e+01
   2.7315416e+01
   2.7310199e+01
   2.7304702e+01
   2.7298923e+01
   2.7292858e+01
   2.7286506e+01
   2.7279864e+01
   2.7272930e+01
   2.7265700e+01
   2.7258174e+01
   2.7250347e+01
   2.7242219e+01
   2.7233785e+01
   2.7225044e+01
   2.7215993e+01
   2.7206630e+01
   2.7196951e+01
   2.7186955e+01
   2.7176638e+01
   2.7165998e+01
   2.7155032e+01
   2.7143738e+01
   2.7132113e+01
   2.7120154e+01
   2.7107859e+01
   2.7095224e+01
   2.7082248e+01
   2.7068926e+01
   2.7055257e+01
   2.7041238e+01
   2.7026866e+01
   2.7012137e+01
   2.6997050e+01
   2.6981601e+01
   2.6965787e+01
   2.6949606e+01
   2.6933054e+01
   2.6916129e+01
   2.6898828e+01
   2.6881147e+01
   2.6863085e+01
   2.6844637e+01
   2.6825801e+01
   2.6806574e+01
   2.6786952e+01
   2.6766934e+01
   2.6746515e+01
   2.6725693e+01
   2.6704464e+01
   2.6682826e+01
   2.6660775e+01
   2.6638309e+01
   2.6615424e+01
   2.6592117e+01
   2.6568385e+01
   2.6544225e+01
   2.6519634e+01
   2.6494608e+01
   2.6469145e+01
   2.6443241e+01
   2.6416893e+01
   2.6390097e+01
   2.6362852e+01
   2.6335153e+01
   2.6306997e+01
   2.6278381e+01
   2.6249303e+01
   2.6219758e+01
   2.6189743e+01
   2.6159256e+01
   2.6128293e+01
   2.6096850e+01
   2.6064926e+01
   2.6032516e+01
   2.5999617e+01
   2.5966226e+01
   2.5932341e+01
   2.5897957e+01
   2.5863071e+01
   2.5827681e+01
   2.5791784e+01
   2.5755375e+01
   2.5718453e+01
   2.5681013e+01
   2.5643053e+01
   2.5604570e+01
   2.5565560e+01
   2.5526021e+01
   2.5485950e+01
   2.5445343e+01
   2.5404197e+01
   2.5362510e+01
   2.5320279e+01
   2.5277500e+01
   2.5234171e+01
   2.5190289e+01
   2.5145851e+01
   2.5100854e+01
   2.5055296e+01
   2.5009173e+01
   2.4962483e+01
   2.4915224e+01
   2.4867392e+01
   2.4818986e+01
   2.4770002e+01
   2.4720438e+01
   2.4670291e+01
   2.4619560e+01
   2.4568241e+01
   2.4516333e+01
   2.4463833e+01
   2.4410740e+01
   2.4357050e+01
   2.4302761e+01
   2.4247873e+01
   2.4192382e+01
   2.4136287e+01
   2.4079586e+01
   2.4022278e+01
   2.3964359e+01
   2.3905830e+01
   2.3846688e+01
   2.3786932e+01
   2.3726561e+01
   2.3665572e+01
   2.3603966e+01
   2.3541740e+01
   2.3478894e+01
   2.3415427e+01
   2.3351338e+01
   2.3286626e+01
   2.3221290e+01
   2.3155330e+01
   2.3088745e+01
   2.3021535e+01
   2.2953700e+01
   2.2885239e+01
   2.2816153e+01
   2.2746441e+01
   2.2676104e+01
   2.2605142e+01
   2.2533555e+01
   2.2461344e+01
   2.2388509e+01
   2.2315052e+01
   2.2240973e+01
   2.2166273e+01
   2.2090953e+01
   2.2015015e+01
   2.1938460e+01
   2.1861289e+01
   2.1783506e+01
   2.1705110e+01
   2.1626104e+01
   2.1546491e+01
   2.1466273e+01
   2.1385451e+01
   2.1304030e+01
   2.1222011e+01
   2.1139397e+01
   2.1056192e+01
   2.0972399e+01
   2.0888020e+01
   2.0803061e+01
   2.0717524e+01
   2.0631413e+01
   2.0544733e+01
   2.0457487e+01
   2.0369681e+01
   2.0281318e+01
   2.0192404e+01
   2.0102943e+01
   2.0012941e+01
   1.9922403e+01
   1.9831334e+01
   1.9739740e+01
   1.9647627e+01
   1.9555001e+01
   1.9461868e+01
   1.9368234e+01
   1.9274107e+01
   1.9179493e+01
   1.9084399e+01
   1.8988831e+01
   1.8892799e+01
   1.8796308e+01
   1.8699367e+01
   1.8601983e+01
   1.8504166e+01
   1.8405922e+01
   1.8307261e+01
   1.8208191e+01
   1.8108721e+01
   1.8008861e+01
   1.7908618e+01
   1.7808143e+01
   1.7707304e+01
   1.7606109e+01
   1.7504570e+01
   1.7402695e+01
   1.7300496e+01
   1.7197984e+01
   1.7095169e+01
   1.6992062e+01
   1.6888673e+01
   1.6785014e+01
   1.6681096e+01
   1.6576931e+01
   1.6472530e+01
   1.6367906e+01
   1.6263070e+01
   1.6158035e+01
   1.6052812e+01
   1.5947415e+01
   1.5841854e+01
   1.5736144e+01
   1.5630298e+01
   1.5524328e+01
   1.5418246e+01
   1.5312067e+01
   1.5205803e+01
   1.5099469e+01
   1.4993077e+01
   1.4886642e+01
   1.4780176e+01
   1.4673695e+01
   1.4567209e+01
   1.4460736e+01
   1.4354288e+01
   1.4247880e+01
   1.4141523e+01
   1.4035236e+01
   1.3929031e+01
   1.3822921e+01
   1.3716922e+01
   1.3611046e+01
   1.3505309e+01
   1.3399726e+01
   1.3294310e+01
   1.3189075e+01
   1.3084036e+01
   1.2979207e+01
   1.2874601e+01
   1.2770233e+01
   1.2666117e+01
   1.2562266e+01
   1.2458695e+01
   1.2355418e+01
   1.2252448e+01
   1.2149799e+01
   1.2047483e+01
   1.1945514e+01
   1.1843906e+01
   1.1742671e+01
   1.1641823e+01
   1.1541374e+01
   1.1441337e+01
   1.1341725e+01
   1.1242548e+01
   1.1143820e+01
   1.1045553e+01
   1.0947758e+01
   1.0850446e+01
   1.0753629e+01
   1.0657318e+01
   1.0561524e+01
   1.0466257e+01
   1.0371526e+01
   1.0277345e+01
   1.0183720e+01
   1.0090662e+01
   9.9981807e+00
   9.9062850e+00
   9.8149828e+00
   9.7242831e+00
   9.6341943e+00
   9.5447241e+00
   9.4558794e+00
   9.3676689e+00
   9.2800992e+00
   9.1931767e+00
   9.1069087e+00
   9.0213000e+00
   8.9363578e+00
   8.8520861e+00
   8.7684909e+00
   8.6855772e+00
   8.6033491e+00
   8.5218121e+00
   8.4409694e+00
   8.3608251e+00
   8.2813824e+00
   8.2026441e+00
   8.1246131e+00
   8.0472926e+00
   7.9706844e+00
   7.8947903e+00
   7.8196120e+00
   7.7451501e+00
   7.6714071e+00
   7.5983829e+00
   7.5260788e+00
   7.4544943e+00
   7.3836299e+00
   7.3134851e+00
   7.2440590e+00
   7.1753515e+00
   7.1073614e+00
   7.0400872e+00
   6.9735275e+00
   6.9076807e+00
   6.8425450e+00
   6.7781185e+00
   6.7143979e+00
   6.6513812e+00
   6.5890654e+00
   6.5274476e+00
   6.4665245e+00
   6.4062927e+00
   6.3467490e+00
   6.2878892e+00
   6.2297104e+00
   6.1722076e+00
   6.1153769e+00
   6.0592141e+00
   6.0037144e+00
   5.9488735e+00
   5.8946866e+00
   5.8411490e+00
   5.7882557e+00
   5.7360013e+00
   5.6843808e+00
   5.6333893e+00
   5.5830211e+00
   5.5332707e+00
   5.4841324e+00
   5.4356008e+00
   5.3876701e+00
   5.3403350e+00
   5.2935893e+00
   5.2474271e+00
   5.2018428e+00
   5.1568300e+00
   5.1123827e+00
   5.0684952e+00
   5.0251613e+00
   4.9823749e+00
   4.9401299e+00
   4.8984201e+00
   4.8572396e+00
   4.8165820e+00
   4.7764411e+00
   4.7368109e+00
   4.6976852e+00
   4.6590577e+00
   4.6209220e+00
   4.5832725e+00
   4.5461028e+00
   4.5094066e+00
   4.4731780e+00
   4.4374109e+00
   4.4020995e+00
   4.3672374e+00
   4.3328187e+00
   4.2988374e+00
   4.2652880e+00
   4.2321639e+00
   4.1994594e+00
   4.1671689e+00
   4.1352868e+00
   4.1038069e+00
   4.0727238e+00
   4.0420318e+00
   4.0117247e+00
   3.9817979e+00
   3.9522455e+00
   3.9230619e+00
   3.8942415e+00
   3.8657796e+00
   3.8376705e+00
   3.8099090e+00
   3.7824899e+00
   3.7554083e+00
   3.7286587e+00
   3.7022363e+00
   3.6761361e+00
   3.6503532e+00
   3.6248828e+00
   3.5997198e+00
   3.5748599e+00
   3.5502979e+00
   3.5260298e+00
   3.5020508e+00
   3.4783564e+00
   3.4549421e+00
   3.4318037e+00
   3.4089368e+00
   3.3863371e+00
   3.3640003e+00
   3.3419224e+00
   3.3200992e+00
   3.2985268e+00
   3.2772013e+00
   3.2561187e+00
   3.2352748e+00
   3.2146665e+00
   3.1942897e+00
   3.1741406e+00
   3.1542158e+00
   3.1345117e+00
   3.1150246e+00
   3.0957512e+00
   3.0766883e+00
   3.0578319e+00
   3.0391793e+00
   3.0207271e+00
   3.0024721e+00
   2.9844110e+00
   2.9665411e+00
   2.9488590e+00
   2.9313619e+00
   2.9140468e+00
   2.8969108e+00
   2.8799510e+00
   2.8631647e+00
   2.8465494e+00
   2.8301018e+00
   2.8138195e+00
   2.7977003e+00
   2.7817411e+00
   2.7659397e+00
   2.7502936e+00
   2.7348002e+00
   2.7194571e+00
   2.7042622e+00
   2.6892130e+00
   2.6743074e+00
   2.6595429e+00
   2.6449174e+00
   2.6304291e+00
   2.6160755e+00
   2.6018547e+00
   2.5877647e+00
   2.5738032e+00
   2.5599685e+00
   2.5462586e+00
   2.5326720e+00
   2.5192066e+00
   2.5058603e+00
   2.4926314e+00
   2.4795183e+00
   2.4665193e+00
   2.4536327e+00
   2.4408565e+00
   2.4281894e+00
   2.4156299e+00
   2.4031763e+00
   2.3908267e+00
   2.3785801e+00
   2.3664349e+00
   2.3543894e+00
   2.3424423e+00
   2.3305924e+00
   2.3188378e+00
   2.3071779e+00
   2.2956110e+00
   2.2841357e+00
   2.2727506e+00
   2.2614544e+00
   2.2502465e+00
   2.2391253e+00
   2.2280895e+00
   2.2171379e+00
   2.2062694e+00
   2.1954832e+00
   2.1847780e+00
   2.1741526e+00
   2.1636056e+00
   2.1531367e+00
   2.1427443e+00
   2.1324279e+00
   2.1221861e+00
   2.1120182e+00
   2.1019231e+00
   2.0918999e+00
   2.0819477e+00
   2.0720657e+00
   2.0622528e+00
   2.0525083e+00
   2.0428313e+00
   2.0332206e+00
   2.0236760e+00
   2.0141962e+00
   2.0047808e+00
   1.9954288e+00
   1.9861396e+00
   1.9769122e+00
   1.9677462e+00
   1.9586406e+00
   1.9495948e+00
   1.9406081e+00
   1.9316796e+00
   1.9228089e+00
   1.9139952e+00
   1.9052380e+00
   1.8965366e+00
   1.8878904e+00
   1.8792987e+00
   1.8707610e+00
   1.8622766e+00
   1.8538450e+00
   1.8454656e+00
   1.8371377e+00
   1.8288610e+00
   1.8206347e+00
   1.8124585e+00
   1.8043317e+00
   1.7962540e+00
   1.7882247e+00
   1.7802434e+00
   1.7723096e+00
   1.7644228e+00
   1.7565825e+00
   1.7487880e+00
   1.7410393e+00
   1.7333357e+00
   1.7256768e+00
   1.7180622e+00
   1.7104915e+00
   1.7029641e+00
   1.6954798e+00
   1.6880381e+00
   1.6806386e+00
   1.6732809e+00
   1.6659646e+00
   1.6586893e+00
   1.6514546e+00
   1.6442603e+00
   1.6371059e+00
   1.6299911e+00
   1.6229155e+00
   1.6158788e+00
   1.6088806e+00
   1.6019206e+00
   1.5949986e+00
   1.5881139e+00
   1.5812665e+00
   1.5744560e+00
   1.5676821e+00
   1.5609445e+00
   1.5542429e+00
   1.5475770e+00
   1.5409465e+00
   1.5343511e+00
   1.5277906e+00
   1.5212645e+00
   1.5147727e+00
   1.5083149e+00
   1.5018908e+00
   1.4955002e+00
   1.4891427e+00
   1.4828183e+00
   1.4765266e+00
   1.4702672e+00
   1.4640401e+00
   1.4578449e+00
   1.4516814e+00
   1.4455494e+00
   1.4394486e+00
   1.4333789e+00
   1.4273399e+00
   1.4213314e+00
   1.4153534e+00
   1.4094054e+00
   1.4034874e+00
   1.3975991e+00
   1.3917402e+00
   1.3859107e+00
   1.3801101e+00
   1.3743385e+00
   1.3685956e+00
   1.3628811e+00
   1.3571949e+00
   1.3515368e+00
   1.3459066e+00
   1.3403041e+00
   1.3347291e+00
   1.3291815e+00
   1.3236611e+00
   1.3181676e+00
   1.3127009e+00
   1.3072609e+00
   1.3018473e+00
   1.2964600e+00
   1.2910988e+00
   1.2857636e+00
   1.2804543e+00
   1.2751705e+00
   1.2699122e+00
   1.2646792e+00
   1.2594713e+00
   1.2542885e+00
   1.2491305e+00
   1.2439971e+00
   1.2388883e+00
   1.2338039e+00
   1.2287437e+00
   1.2237077e+00
   1.2186955e+00
   1.2137073e+00
   1.2087426e+00
   1.2038015e+00
   1.1988838e+00
   1.1939893e+00
   1.1891179e+00
   1.1842695e+00
   1.1794440e+00
   1.1746411e+00
   1.1698609e+00
   1.1651031e+00
   1.1603676e+00
   1.1556543e+00
   1.1509631e+00
   1.1462939e+00
   1.1416464e+00
   1.1370207e+00
   1.1324165e+00
   1.1278338e+00
   1.1232724e+00
   1.1187323e+00
   1.1142133e+00
   1.1097153e+00
   1.1052381e+00
   1.1007816e+00
   1.0963459e+00
   1.0919306e+00
   1.0875358e+00
   1.0831613e+00
   1.0788070e+00
   1.0744728e+00
   1.0701585e+00
   1.0658642e+00
   1.0615896e+00
   1.0573347e+00
   1.0530994e+00
   1.0488835e+00
   1.0446870e+00
   1.0405097e+00
   1.0363516e+00
   1.0322126e+00
   1.0280925e+00
   1.0239912e+00
   1.0199088e+00
   1.0158450e+00
   1.0117997e+00
   1.0077730e+00
   1.0037646e+00
   9.9977450e-01
   9.9580260e-01
   9.9184876e-01
   9.8791294e-01
   9.8399507e-01
   9.8009499e-01
   9.7621265e-01
   9.7234793e-01
   9.6850077e-01
   9.6467111e-01
   9.6085880e-01
   9.5706380e-01
   9.5328602e-01
   9.4952535e-01
   9.4578171e-01
   9.4205500e-01
   9.3834517e-01
   9.3465214e-01
   9.3097579e-01
   9.2731606e-01
   9.2367289e-01
   9.2004617e-01
   9.1643581e-01
   9.1284173e-01
   9.0926387e-01
   9.0570216e-01
   9.0215650e-01
   8.9862681e-01
   8.9511300e-01
   8.9161502e-01
   8.8813281e-01
   8.8466624e-01
   8.8121528e-01
   8.7777986e-01
   8.7435987e-01
   8.7095525e-01
   8.6756590e-01
   8.6419178e-01
   8.6083283e-01
   8.5748894e-01
   8.5416006e-01
   8.5084608e-01
   8.4754698e-01
   8.4426269e-01
   8.4099310e-01
   8.3773816e-01
   8.3449783e-01
   8.3127199e-01
   8.2806059e-01
   8.2486355e-01
   8.2168082e-01
   8.1851235e-01
   8.1535803e-01
   8.1221782e-01
   8.0909162e-01
   8.0597941e-01
   8.0288111e-01
   7.9979664e-01
   7.9672596e-01
   7.9366900e-01
   7.9062567e-01
   7.8759593e-01
   7.8457969e-01
   7.8157691e-01
   7.7858754e-01
   7.7561148e-01
   7.7264870e-01
   7.6969914e-01
   7.6676272e-01
   7.6383937e-01
   7.6092903e-01
   7.5803166e-01
   7.5514721e-01
   7.5227559e-01
   7.4941675e-01
   7.4657061e-01
   7.4373715e-01
   7.4091631e-01
   7.3810800e-01
   7.3531219e-01
   7.3252882e-01
   7.2975782e-01
   7.2699913e-01
   7.2425269e-01
   7.2151845e-01
   7.1879638e-01
   7.1608639e-01
   7.1338844e-01
   7.1070245e-01
   7.0802839e-01
   7.0536622e-01
   7.0271585e-01
   7.0007725e-01
   6.9745037e-01
   6.9483513e-01
   6.9223150e-01
   6.8963940e-01
   6.8705880e-01
   6.8448966e-01
   6.8193189e-01
   6.7938547e-01
   6.7685031e-01
   6.7432640e-01
   6.7181369e-01
   6.6931209e-01
   6.6682158e-01
   6.6434212e-01
   6.6187362e-01
   6.5941607e-01
   6.5696937e-01
   6.5453351e-01
   6.5210845e-01
   6.4969411e-01
   6.4729046e-01
   6.4489746e-01
   6.4251504e-01
   6.4014316e-01
   6.3778175e-01
   6.3543079e-01
   6.3309025e-01
   6.3076004e-01
   6.2844014e-01
   6.2613047e-01
   6.2383103e-01
   6.2154176e-01
   6.1926259e-01
   6.1699351e-01
   6.1473446e-01
   6.1248538e-01
   6.1024624e-01
   6.0801697e-01
   6.0579756e-01
   6.0358796e-01
   6.0138810e-01
   5.9919796e-01
   5.9701748e-01
   5.9484663e-01
   5.9268537e-01
   5.9053366e-01
   5.8839144e-01
   5.8625867e-01
   5.8413532e-01
   5.8202133e-01
   5.7991668e-01
   5.7782130e-01
   5.7573517e-01
   5.7365824e-01
   5.7159047e-01
   5.6953182e-01
   5.6748224e-01
   5.6544169e-01
   5.6341015e-01
   5.6138755e-01
   5.5937387e-01
   5.5736907e-01
   5.5537310e-01
   5.5338592e-01
   5.5140750e-01
   5.4943779e-01
   5.4747676e-01
   5.4552437e-01
   5.4358057e-01
   5.4164534e-01
   5.3971863e-01
   5.3780040e-01
   5.3589062e-01
   5.3398924e-01
   5.3209624e-01
   5.3021157e-01
   5.2833519e-01
   5.2646707e-01
   5.2460717e-01
   5.2275545e-01
   5.2091189e-01
   5.1907643e-01
   5.1724905e-01
   5.1542970e-01
   5.1361836e-01
   5.1181498e-01
   5.1001954e-01
   5.0823199e-01
   5.0645230e-01
   5.0468044e-01
   5.0291636e-01
   5.0116004e-01
   4.9941144e-01
   4.9767053e-01
   4.9593727e-01
   4.9421163e-01
   4.9249356e-01
   4.9078305e-01
   4.8908006e-01
   4.8738454e-01
   4.8569647e-01
   4.8401582e-01
   4.8234256e-01
   4.8067664e-01
   4.7901803e-01
   4.7736671e-01
   4.7572264e-01
   4.7408580e-01
   4.7245613e-01
   4.7083362e-01
   4.6921824e-01
   4.6760994e-01
   4.6600871e-01
   4.6441450e-01
   4.6282729e-01
   4.6124704e-01
   4.5967373e-01
   4.5810732e-01
   4.5654778e-01
   4.5499509e-01
   4.5344920e-01
   4.5191010e-01
   4.5037774e-01
   4.4885211e-01
   4.4733317e-01
   4.4582089e-01
   4.4431524e-01
   4.4281619e-01
   4.4132371e-01
   4.3983778e-01
   4.3835836e-01
   4.3688543e-01
   4.3541895e-01
   4.3395889e-01
   4.3250524e-01
   4.3105796e-01
   4.2961702e-01
   4.2818239e-01
   4.2675404e-01
   4.2533196e-01
   4.2391610e-01
   4.2250645e-01
   4.2110297e-01
   4.1970563e-01
   4.1831442e-01
   4.1692930e-01
   4.1555024e-01
   4.1417722e-01
   4.1281021e-01
   4.1144919e-01
   4.1009412e-01
   4.0874499e-01
   4.0740176e-01
   4.0606441e-01
   4.0473291e-01
   4.0340724e-01
   4.0208737e-01
   4.0077328e-01
   3.9946493e-01
   3.9816231e-01
   3.9686539e-01
   3.9557413e-01
   3.9428853e-01
   3.9300855e-01
   3.9173417e-01
   3.9046536e-01
   3.8920210e-01
   3.8794436e-01
   3.8669212e-01
   3.8544536e-01
   3.8420404e-01
   3.8296815e-01
   3.8173767e-01
   3.8051256e-01
   3.7929281e-01
   3.7807838e-01
   3.7686927e-01
   3.7566543e-01
   3.7446686e-01
   3.7327352e-01
   3.7208539e-01
   3.7090246e-01
   3.6972469e-01
   3.6855207e-01
   3.6738457e-01
   3.6622216e-01
   3.6506483e-01
   3.6391256e-01
   3.6276531e-01
   3.6162308e-01
   3.6048583e-01
   3.5935355e-01
   3.5822620e-01
   3.5710378e-01
   3.5598626e-01
   3.5487361e-01
   3.5376582e-01
   3.5266286e-01
   3.5156472e-01
   3.5047137e-01
   3.4938278e-01
   3.4829895e-01
   3.4721984e-01
   3.4614544e-01
   3.4507572e-01
   3.4401067e-01
   3.4295027e-01
   3.4189448e-01
   3.4084330e-01
   3.3979671e-01
   3.3875467e-01
   3.3771718e-01
   3.3668421e-01
   3.3565575e-01
   3.3463176e-01
   3.3361224e-01
   3.3259716e-01
   3.3158651e-01
   3.3058025e-01
   3.2957839e-01
   3.2858088e-01
   3.2758772e-01
   3.2659889e-01
   3.2561436e-01
   3.2463413e-01
   3.2365816e-01
   3.2268644e-01
   3.2171895e-01
   3.2075567e-01
   3.1979659e-01
   3.1884169e-01
   3.1789094e-01
   3.1694432e-01
   3.1600183e-01
   3.1506344e-01
   3.1412914e-01
   3.1319890e-01
   3.1227270e-01
   3.1135054e-01
   3.1043239e-01
   3.0951823e-01
   3.0860805e-01
   3.0770183e-01
   3.0679955e-01
   3.0590119e-01
   3.0500674e-01
   3.0411618e-01
   3.0322949e-01
   3.0234666e-01
   3.0146767e-01
   3.0059249e-01
   2.9972112e-01
   2.9885354e-01
   2.9798973e-01
   2.9712967e-01
   2.9627335e-01
   2.9542075e-01
   2.9457186e-01
   2.9372665e-01
   2.9288511e-01
   2.9204723e-01
   2.9121299e-01
   2.9038238e-01
   2.8955537e-01
   2.8873195e-01
   2.8791211e-01
   2.8709582e-01
   2.8628308e-01
   2.8547387e-01
   2.8466818e-01
   2.8386597e-01
   2.8306726e-01
   2.8227200e-01
   2.8148020e-01
   2.8069184e-01
   2.7990689e-01
   2.7912535e-01
   2.7834721e-01
   2.7757243e-01
   2.7680102e-01
   2.7603295e-01
   2.7526822e-01
   2.7450680e-01
   2.7374868e-01
   2.7299385e-01
   2.7224230e-01
   2.7149400e-01
   2.7074894e-01
   2.7000712e-01
   2.6926851e-01
   2.6853310e-01
   2.6780088e-01
   2.6707183e-01
   2.6634594e-01
   2.6562320e-01
   2.6490359e-01
   2.6418709e-01
   2.6347370e-01
   2.6276340e-01
   2.6205617e-01
   2.6135201e-01
   2.6065089e-01
   2.5995281e-01
   2.5925776e-01
   2.5856571e-01
   2.5787666e-01
   2.5719059e-01
   2.5650750e-01
   2.5582735e-01
   2.5515015e-01
   2.5447589e-01
   2.5380453e-01
   2.5313609e-01
   2.5247053e-01
   2.5180786e-01
   2.5114805e-01
   2.5049109e-01
   2.4983698e-01
   2.4918569e-01
   2.4853723e-01
   2.4789156e-01
   2.4724869e-01
   2.4660859e-01
   2.4597126e-01
   2.4533669e-01
   2.4470486e-01
   2.4407576e-01
   2.4344938e-01
   2.4282570e-01
   2.4220472e-01
   2.4158642e-01
   2.4097080e-01
   2.4035783e-01
   2.3974751e-01
   2.3913983e-01
   2.3853477e-01
   2.3793232e-01
   2.3733247e-01
   2.3673521e-01
   2.3614054e-01
   2.3554842e-01
   2.3495887e-01
   2.3437186e-01
   2.3378738e-01
   2.3320542e-01
   2.3262598e-01
   2.3204903e-01
   2.3147457e-01
   2.3090260e-01
   2.3033308e-01
   2.2976603e-01
   2.2920142e-01
   2.2863924e-01
   2.2807949e-01
   2.2752215e-01
   2.2696722e-01
   2.2641468e-01
   2.2586451e-01
   2.2531672e-01
   2.2477129e-01
   2.2422821e-01
   2.2368747e-01
   2.2314906e-01
   2.2261297e-01
   2.2207919e-01
   2.2154771e-01
   2.2101851e-01
   2.2049160e-01
   2.1996695e-01
   2.1944457e-01
   2.1892443e-01
   2.1840653e-01
   2.1789086e-01
   2.1737741e-01
   2.1686617e-01
   2.1635713e-01
   2.1585028e-01
   2.1534561e-01
   2.1484311e-01
   2.1434277e-01
   2.1384459e-01
   2.1334854e-01
   2.1285464e-01
   2.1236285e-01
   2.1187318e-01
   2.1138561e-01
   2.1090014e-01
   2.1041676e-01
   2.0993546e-01
   2.0945622e-01
   2.0897904e-01
   2.0850391e-01
   2.0803083e-01
   2.0755978e-01
   2.0709075e-01
   2.0662373e-01
   2.0615872e-01
   2.0569571e-01
   2.0523468e-01
   2.0477564e-01
   2.0431856e-01
   2.0386345e-01
   2.0341029e-01
   2.0295908e-01
   2.0250980e-01
   2.0206245e-01
   2.0161702e-01
   2.0117350e-01
   2.0073188e-01
   2.0029216e-01
   1.9985432e-01
   1.9941837e-01
   1.9898428e-01
   1.9855205e-01
   1.9812167e-01
   1.9769314e-01
   1.9726645e-01
   1.9684158e-01
   1.9641854e-01
   1.9599731e-01
   1.9557788e-01
   1.9516025e-01
   1.9474441e-01
   1.9433035e-01
   1.9391807e-01
   1.9350755e-01
   1.9309878e-01
   1.9269177e-01
   1.9228650e-01
   1.9188296e-01
   1.9148116e-01
   1.9108107e-01
   1.9068269e-01
   1.9028602e-01
   1.8989105e-01
   1.8949776e-01
   1.8910616e-01
   1.8871623e-01
   1.8832797e-01
   1.8794137e-01
   1.8755642e-01
   1.8717312e-01
   1.8679146e-01
   1.8641143e-01
   1.8603302e-01
   1.8565623e-01
   1.8528105e-01
   1.8490747e-01
   1.8453549e-01
   1.8416510e-01
   1.8379629e-01
   1.8342906e-01
   1.8306339e-01
   1.8269928e-01
   1.8233673e-01
   1.8197573e-01
   1.8161627e-01
   1.8125834e-01
   1.8090194e-01
   1.8054706e-01
   1.8019369e-01
   1.7984183e-01
   1.7949147e-01
   1.7914261e-01
   1.7879523e-01
   1.7844934e-01
   1.7810492e-01
   1.7776197e-01
   1.7742048e-01
   1.7708044e-01
   1.7674186e-01
   1.7640471e-01
   1.7606901e-01
   1.7573473e-01
   1.7540188e-01
   1.7507045e-01
   1.7474042e-01
   1.7441180e-01
   1.7408459e-01
   1.7375876e-01
   1.7343432e-01
   1.7311126e-01
   1.7278958e-01
   1.7246927e-01
   1.7215031e-01
   1.7183272e-01
   1.7151648e-01
   1.7120158e-01
   1.7088802e-01
   1.7057579e-01
   1.7026489e-01
   1.6995532e-01
   1.6964705e-01
   1.6934010e-01
   1.6903446e-01
   1.6873011e-01
   1.6842705e-01
   1.6812529e-01
   1.6782480e-01
   1.6752559e-01
   1.6722765e-01
   1.6693098e-01
   1.6663556e-01
   1.6634140e-01
   1.6604849e-01
   1.6575682e-01
   1.6546639e-01
   1.6517719e-01
   1.6488922e-01
   1.6460247e-01
   1.6431693e-01
   1.6403261e-01
   1.6374949e-01
   1.6346757e-01
   1.6318685e-01
   1.6290731e-01
   1.6262896e-01
   1.6235179e-01
   1.6207580e-01
   1.6180097e-01
   1.6152731e-01
   1.6125481e-01
   1.6098346e-01
   1.6071326e-01
   1.6044420e-01
   1.6017628e-01
   1.5990950e-01
   1.5964385e-01
   1.5937932e-01
   1.5911590e-01
   1.5885361e-01
   1.5859242e-01
   1.5833234e-01
   1.5807335e-01
   1.5781546e-01
   1.5755866e-01
   1.5730295e-01
   1.5704832e-01
   1.5679476e-01
   1.5654228e-01
   1.5629086e-01
   1.5604050e-01
   1.5579120e-01
   1.5554295e-01
   1.5529576e-01
   1.5504960e-01
   1.5480448e-01
   1.5456040e-01
   1.5431735e-01
   1.5407532e-01
   1.5383432e-01
   1.5359433e-01
   1.5335535e-01
   1.5311738e-01
   1.5288042e-01
   1.5264445e-01
   1.5240948e-01
   1.5217550e-01
   1.5194250e-01
   1.5171048e-01
   1.5147945e-01
   1.5124938e-01
   1.5102029e-01
   1.5079216e-01
   1.5056499e-01
   1.5033877e-01
   1.5011351e-01
   1.4988919e-01
   1.4966582e-01
   1.4944339e-01
   1.4922190e-01
   1.4900133e-01
   1.4878170e-01
   1.4856299e-01
   1.4834519e-01
   1.4812831e-01
   1.4791235e-01
   1.4769729e-01
   1.4748313e-01
   1.4726988e-01
   1.4705752e-01
   1.4684605e-01
   1.4663547e-01
   1.4642577e-01
   1.4621695e-01
   1.4600901e-01
   1.4580194e-01
   1.4559574e-01
   1.4539041e-01
   1.4518594e-01
   1.4498232e-01
   1.4477956e-01
   1.4457765e-01
   1.4437658e-01
   1.4417636e-01
   1.4397697e-01
   1.4377843e-01
   1.4358071e-01
   1.4338382e-01
   1.4318775e-01
   1.4299251e-01
   1.4279808e-01
   1.4260447e-01
   1.4241167e-01
   1.4221967e-01
   1.4202848e-01
   1.4183809e-01
   1.4164849e-01
   1.4145968e-01
   1.4127167e-01
   1.4108444e-01
   1.4089799e-01
   1.4071233e-01
   1.4052743e-01
   1.4034331e-01
   1.4015996e-01
   1.3997738e-01
   1.3979555e-01
   1.3961449e-01
   1.3943418e-01
   1.3925463e-01
   1.3907582e-01
   1.3889776e-01
   1.3872044e-01
   1.3854386e-01
   1.3836802e-01
   1.3819291e-01
   1.3801853e-01
   1.3784487e-01
   1.3767194e-01
   1.3749974e-01
   1.3732824e-01
   1.3715746e-01
   1.3698740e-01
   1.3681804e-01
   1.3664938e-01
   1.3648143e-01
   1.3631418e-01
   1.3614762e-01
   1.3598175e-01
   1.3581658e-01
   1.3565209e-01
   1.3548828e-01
   1.3532516e-01
   1.3516271e-01
   1.3500094e-01
   1.3483984e-01
   1.3467941e-01
   1.3451964e-01
   1.3436054e-01
   1.3420210e-01
   1.3404431e-01
   1.3388719e-01
   1.3373071e-01
   1.3357488e-01
   1.3341970e-01
   1.3326516e-01
   1.3311126e-01
   1.3295800e-01
   1.3280537e-01
   1.3265338e-01
   1.3250201e-01
   1.3235128e-01
   1.3220116e-01
   1.3205167e-01
   1.3190280e-01
   1.3175454e-01
   1.3160690e-01
   1.3145987e-01
   1.3131344e-01
   1.3116762e-01
   1.3102241e-01
   1.3087779e-01
   1.3073377e-01
   1.3059035e-01
   1.3044751e-01
   1.3030527e-01
   1.3016362e-01
   1.3002255e-01
   1.2988206e-01
   1.2974215e-01
   1.2960282e-01
   1.2946407e-01
   1.2932588e-01
   1.2918827e-01
   1.2905122e-01
   1.2891474e-01
   1.2877882e-01
   1.2864346e-01
   1.2850866e-01
   1.2837441e-01
   1.2824072e-01
   1.2810757e-01
   1.2797498e-01
   1.2784293e-01
   1.2771142e-01
   1.2758045e-01
   1.2745003e-01
   1.2732013e-01
   1.2719078e-01
   1.2706195e-01
   1.2693365e-01
   1.2680588e-01
   1.2667864e-01
   1.2655192e-01
   1.2642571e-01
   1.2630003e-01
   1.2617486e-01
   1.2605020e-01
   1.2592606e-01
   1.2580242e-01
   1.2567929e-01
   1.2555667e-01
   1.2543455e-01
   1.2531293e-01
   1.2519180e-01
   1.2507118e-01
   1.2495104e-01
   1.2483140e-01
   1.2471225e-01
   1.2459359e-01
   1.2447541e-01
   1.2435771e-01
   1.2424050e-01
   1.2412376e-01
   1.2400750e-01
   1.2389172e-01
   1.2377641e-01
   1.2366157e-01
   1.2354720e-01
   1.2343329e-01
   1.2331985e-01
   1.2320688e-01
   1.2309436e-01
   1.2298231e-01
   1.2287071e-01
   1.2275956e-01
   1.2264887e-01
   1.2253863e-01
   1.2242883e-01
   1.2231949e-01
   1.2221059e-01
   1.2210213e-01
   1.2199412e-01
   1.2188654e-01
   1.2177940e-01
   1.2167270e-01
   1.2156643e-01
   1.2146059e-01
   1.2135519e-01
   1.2125021e-01
   1.2114566e-01
   1.2104153e-01
   1.2093782e-01
   1.2083454e-01
   1.2073167e-01
   1.2062922e-01
   1.2052719e-01
   1.2042557e-01
   1.2032437e-01
   1.2022357e-01
   1.2012318e-01
   1.2002320e-01
   1.1992362e-01
   1.1982445e-01
   1.1972567e-01
   1.1962730e-01
   1.1952932e-01
   1.1943174e-01
   1.1933456e-01
   1.1923777e-01
   1.1914137e-01
   1.1904535e-01
   1.1894973e-01
   1.1885449e-01
   1.1875964e-01
   1.1866517e-01
   1.1857108e-01
   1.1847737e-01
   1.1838404e-01
   1.1829108e-01
   1.1819850e-01
   1.1810629e-01
   1.1801446e-01
   1.1792299e-01
   1.1783189e-01
   1.1774116e-01
   1.1765079e-01
   1.1756079e-01
   1.1747114e-01
   1.1738186e-01
   1.1729294e-01
   1.1720437e-01
   1.1711616e-01
   1.1702831e-01
   1.1694081e-01
   1.1685365e-01
   1.1676685e-01
   1.1668040e-01
   1.1659429e-01
   1.1650853e-01
   1.1642311e-01
   1.1633804e-01
   1.1625330e-01
   1.1616890e-01
   1.1608485e-01
   1.1600112e-01
   1.1591774e-01
   1.1583468e-01
   1.1575196e-01
   1.1566957e-01
   1.1558751e-01
   1.1550578e-01
   1.1542437e-01
   1.1534329e-01
   1.1526253e-01
   1.1518209e-01
   1.1510198e-01
   1.1502218e-01
   1.1494270e-01
   1.1486354e-01
   1.1478470e-01
   1.1470617e-01
   1.1462795e-01
   1.1455004e-01
   1.1447244e-01
   1.1439515e-01
   1.1431817e-01
   1.1424150e-01
   1.1416512e-01
   1.1408906e-01
   1.1401329e-01
   1.1393783e-01
   1.1386266e-01
   1.1378780e-01
   1.1371323e-01
   1.1363895e-01
   1.1356497e-01
   1.1349129e-01
   1.1341789e-01
   1.1334479e-01
   1.1327198e-01
   1.1319945e-01
   1.1312721e-01
   1.1305526e-01
   1.1298359e-01
   1.1291221e-01
   1.1284110e-01
   1.1277028e-01
   1.1269974e-01
   1.1262947e-01
   1.1255949e-01
   1.1248978e-01
   1.1242034e-01
   1.1235118e-01
   1.1228229e-01
   1.1221367e-01
   1.1214533e-01
   1.1207725e-01
   1.1200944e-01
   1.1194189e-01
   1.1187462e-01
   1.1180760e-01
   1.1174085e-01
   1.1167436e-01
   1.1160814e-01
   1.1154217e-01
   1.1147646e-01
   1.1141102e-01
   1.1134582e-01
   1.1128089e-01
   1.1121620e-01
   1.1115177e-01
   1.1108760e-01
   1.1102367e-01
   1.1096000e-01
   1.1089657e-01
   1.1083339e-01
   1.1077046e-01
   1.1070778e-01
   1.1064534e-01
   1.1058314e-01
   1.1052119e-01
   1.1045948e-01
   1.1039801e-01
   1.1033678e-01
   1.1027579e-01
   1.1021503e-01
   1.1015452e-01
   1.1009423e-01
   1.1003419e-01
   1.0997437e-01
   1.0991479e-01
   1.0985545e-01
   1.0979633e-01
   1.0973744e-01
   1.0967878e-01
   1.0962035e-01
   1.0956214e-01
   1.0950417e-01
   1.0944641e-01
   1.0938888e-01
   1.0933158e-01
   1.0927449e-01
   1.0921763e-01
   1.0916098e-01
   1.0910456e-01
   1.0904835e-01
   1.0899237e-01
   1.0893659e-01
   1.0888104e-01
   1.0882570e-01
   1.0877057e-01
   1.0871565e-01
   1.0866095e-01
   1.0860646e-01
   1.0855217e-01
   1.0849810e-01
   1.0844424e-01
   1.0839058e-01
   1.0833713e-01
   1.0828388e-01
   1.0823084e-01
   1.0817801e-01
   1.0812537e-01
   1.0807294e-01
   1.0802071e-01
   1.0796868e-01
   1.0791686e-01
   1.0786522e-01
   1.0781379e-01
   1.0776256e-01
   1.0771152e-01
   1.0766067e-01
   1.0761002e-01
   1.0755957e-01
   1.0750931e-01
   1.0745924e-01
   1.0740936e-01
   1.0735967e-01
   1.0731017e-01
   1.0726086e-01
   1.0721174e-01
   1.0716280e-01
   1.0711406e-01
   1.0706549e-01
   1.0701712e-01
   1.0696892e-01
   1.0692092e-01
   1.0687309e-01
   1.0682544e-01
   1.0677798e-01
   1.0673070e-01
   1.0668359e-01
   1.0663667e-01
   1.0658992e-01
   1.0654335e-01
   1.0649696e-01
   1.0645074e-01
   1.0640470e-01
   1.0635883e-01
   1.0631313e-01
   1.0626761e-01
   1.0622226e-01
   1.0617708e-01
   1.0613208e-01
   1.0608724e-01
   1.0604257e-01
   1.0599807e-01
   1.0595374e-01
   1.0590957e-01
   1.0586557e-01
   1.0582174e-01
   1.0577807e-01
   1.0573457e-01
   1.0569123e-01
   1.0564805e-01
   1.0560504e-01
   1.0556218e-01
   1.0551949e-01
   1.0547696e-01
   1.0543458e-01
   1.0539237e-01
   1.0535031e-01
   1.0530841e-01
   1.0526667e-01
   1.0522509e-01
   1.0518366e-01
   1.0514238e-01
   1.0510126e-01
   1.0506029e-01
   1.0501948e-01
   1.0497882e-01
   1.0493831e-01
   1.0489795e-01
   1.0485774e-01
   1.0481768e-01
   1.0477777e-01
   1.0473800e-01
   1.0469839e-01
   1.0465892e-01
   1.0461960e-01
   1.0458043e-01
   1.0454140e-01
   1.0450251e-01
   1.0446377e-01
   1.0442517e-01
   1.0438672e-01
   1.0434841e-01
   1.0431024e-01
   1.0427221e-01
   1.0423432e-01
   1.0419657e-01
   1.0415897e-01
   1.0412150e-01
   1.0408416e-01
   1.0404697e-01
   1.0400991e-01
   1.0397299e-01
   1.0393621e-01
   1.0389956e-01
   1.0386304e-01
   1.0382666e-01
   1.0379041e-01
   1.0375430e-01
   1.0371832e-01
   1.0368247e-01
   1.0364675e-01
   1.0361116e-01
   1.0357571e-01
   1.0354038e-01
   1.0350518e-01
   1.0347011e-01
   1.0343517e-01
   1.0340036e-01
   1.0336567e-01
   1.0333111e-01
   1.0329668e-01
   1.0326237e-01
   1.0322819e-01
   1.0319413e-01
   1.0316019e-01
   1.0312638e-01
   1.0309269e-01
   1.0305913e-01
   1.0302568e-01
   1.0299236e-01
   1.0295915e-01
   1.0292607e-01
   1.0289311e-01
   1.0286027e-01
   1.0282754e-01
   1.0279494e-01
   1.0276245e-01
   1.0273008e-01
   1.0269783e-01
   1.0266569e-01
   1.0263367e-01
   1.0260176e-01
   1.0256997e-01
   1.0253829e-01
   1.0250673e-01
   1.0247528e-01
   1.0244394e-01
   1.0241272e-01
   1.0238161e-01
   1.0235061e-01
   1.0231972e-01
   1.0228894e-01
   1.0225827e-01
   1.0222772e-01
   1.0219727e-01
   1.0216693e-01
   1.0213670e-01
   1.0210657e-01
   1.0207656e-01
   1.0204665e-01
   1.0201684e-01
   1.0198715e-01
   1.0195756e-01
   1.0192807e-01
   1.0189869e-01
   1.0186942e-01
   1.0184024e-01
   1.0181118e-01
   1.0178221e-01
   1.0175335e-01
   1.0172459e-01
   1.0169593e-01
   1.0166737e-01
   1.0163892e-01
   1.0161056e-01
   1.0158230e-01
   1.0155415e-01
   1.0152609e-01
   1.0149813e-01
   1.0147028e-01
   1.0144251e-01
   1.0141485e-01
   1.0138729e-01
   1.0135982e-01
   1.0133244e-01
   1.0130517e-01
   1.0127799e-01
   1.0125090e-01
   1.0122391e-01
   1.0119702e-01
   1.0117021e-01
   1.0114351e-01
   1.0111689e-01
   1.0109037e-01
   1.0106394e-01
   1.0103760e-01
   1.0101136e-01
   1.0098520e-01
   1.0095914e-01
   1.0093317e-01
   1.0090729e-01
   1.0088149e-01
   1.0085579e-01
   1.0083018e-01
   1.0080465e-01
   1.0077922e-01
   1.0075387e-01
   1.0072861e-01
   1.0070344e-01
   1.0067835e-01
   1.0065335e-01
   1.0062844e-01
   1.0060361e-01
   1.0057887e-01
   1.0055421e-01
   1.0052964e-01
   1.0050516e-01
   1.0048075e-01
   1.0045644e-01
   1.0043220e-01
   1.0040805e-01
   1.0038398e-01
   1.0035999e-01
   1.0033609e-01
   1.0031226e-01
   1.0028852e-01
   1.0026486e-01
   1.0024128e-01
   1.0021778e-01
   1.0019436e-01
   1.0017102e-01
   1.0014776e-01
   1.0012458e-01
   1.0010148e-01
   1.0007846e-01
   1.0005551e-01
   1.0003265e-01
   1.0000986e-01
   9.9987143e-02
   9.9964507e-02
   9.9941948e-02
   9.9919465e-02
   9.9897058e-02
   9.9874726e-02
   9.9852470e-02
   9.9830289e-02
   9.9808183e-02
   9.9786151e-02
   9.9764193e-02
   9.9742309e-02
   9.9720498e-02
   9.9698761e-02
   9.9677097e-02
   9.9655505e-02
   9.9633985e-02
   9.9612538e-02
   9.9591162e-02
   9.9569857e-02
   9.9548624e-02
   9.9527462e-02
   9.9506370e-02
   9.9485348e-02
   9.9464396e-02
   9.9443514e-02
   9.9422702e-02
   9.9401958e-02
   9.9381284e-02
   9.9360678e-02
   9.9340140e-02
   9.9319670e-02
   9.9299268e-02
   9.9278934e-02
   9.9258666e-02
   9.9238466e-02
   9.9218332e-02
   9.9198264e-02
   9.9178263e-02
   9.9158327e-02
   9.9138457e-02
   9.9118652e-02
   9.9098913e-02
   9.9079238e-02
   9.9059627e-02
   9.9040081e-02
   9.9020599e-02
   9.9001180e-02
   9.8981825e-02
   9.8962533e-02
   9.8943304e-02
   9.8924138e-02
   9.8905034e-02
   9.8885992e-02
   9.8867013e-02
   9.8848094e-02
   9.8829238e-02
   9.8810442e-02
   9.8791708e-02
   9.8773034e-02
   9.8754421e-02
   9.8735867e-02
   9.8717374e-02
   9.8698941e-02
   9.8680566e-02
   9.8662252e-02
   9.8643996e-02
   9.8625799e-02
   9.8607660e-02
   9.8589580e-02
   9.8571557e-02
   9.8553593e-02
   9.8535686e-02
   9.8517836e-02
   9.8500044e-02
   9.8482308e-02
   9.8464629e-02
   9.8447007e-02
   9.8429440e-02
   9.8411930e-02
   9.8394476e-02
   9.8377076e-02
   9.8359733e-02
   9.8342444e-02
   9.8325210e-02
   9.8308031e-02
   9.8290906e-02
   9.8273835e-02
   9.8256819e-02
   9.8239856e-02
   9.8222947e-02
   9.8206091e-02
   9.8189288e-02
   9.8172538e-02
   9.8155840e-02
   9.8139196e-02
   9.8122603e-02
   9.8106062e-02
   9.8089574e-02
   9.8073137e-02
   9.8056751e-02
   9.8040417e-02
   9.8024134e-02
   9.8007901e-02
   9.7991719e-02
   9.7975588e-02
   9.7959506e-02
   9.7943475e-02
   9.7927494e-02
   9.7911562e-02
   9.7895679e-02
   9.7879846e-02
   9.7864062e-02
   9.7848327e-02
   9.7832640e-02
   9.7817002e-02
   9.7801412e-02
   9.7785870e-02
   9.7770376e-02
   9.7754929e-02
   9.7739530e-02
   9.7724179e-02
   9.7708874e-02
   9.7693616e-02
   9.7678405e-02
   9.7663241e-02
   9.7648123e-02
   9.7633051e-02
   9.7618025e-02
   9.7603045e-02
   9.7588111e-02
   9.7573222e-02
   9.7558378e-02
   9.7543579e-02
   9.7528826e-02
   9.7514117e-02
   9.7499452e-02
   9.7484832e-02
   9.7470256e-02
   9.7455724e-02
   9.7441236e-02
   9.7426792e-02
   9.7412391e-02
   9.7398034e-02
   9.7383719e-02
   9.7369448e-02
   9.7355219e-02
   9.7341034e-02
   9.7326890e-02
   9.7312789e-02
   9.7298730e-02
   9.7284713e-02
   9.7270738e-02
   9.7256804e-02
   9.7242912e-02
   9.7229062e-02
   9.7215252e-02
   9.7201484e-02
   9.7187756e-02
   9.7174069e-02
   9.7160422e-02
   9.7146816e-02
   9.7133250e-02
   9.7119724e-02
   9.7106238e-02
   9.7092792e-02
   9.7079385e-02
   9.7066018e-02
   9.7052690e-02
   9.7039401e-02
   9.7026151e-02
   9.7012939e-02
   9.6999767e-02
   9.6986633e-02
   9.6973537e-02
   9.6960479e-02
   9.6947460e-02
   9.6934478e-02
   9.6921534e-02
   9.6908628e-02
   9.6895759e-02
   9.6882928e-02
   9.6870133e-02
   9.6857376e-02
   9.6844655e-02
   9.6831972e-02
   9.6819324e-02
   9.6806714e-02
   9.6794139e-02
   9.6781601e-02
   9.6769099e-02
   9.6756632e-02
   9.6744202e-02
   9.6731806e-02
   9.6719447e-02
   9.6707123e-02
   9.6694833e-02
   9.6682579e-02
   9.6670360e-02
   9.6658176e-02
   9.6646026e-02
   9.6633911e-02
   9.6621830e-02
   9.6609783e-02
   9.6597771e-02
   9.6585792e-02
   9.6573848e-02
   9.6561937e-02
   9.6550059e-02
   9.6538215e-02
   9.6526404e-02
   9.6514627e-02
   9.6502883e-02
   9.6491171e-02
   9.6479492e-02
   9.6467846e-02
   9.6456233e-02
   9.6444652e-02
   9.6433103e-02
   9.6421587e-02
   9.6410102e-02
   9.6398650e-02
   9.6387229e-02
   9.6375840e-02
   9.6364483e-02
   9.6353157e-02
   9.6341862e-02
   9.6330598e-02
   9.6319366e-02
   9.6308164e-02
   9.6296994e-02
   9.6285854e-02
   9.6274745e-02
   9.6263666e-02
   9.6252617e-02
   9.6241599e-02
   9.6230611e-02
   9.6219653e-02
   9.6208725e-02
   9.6197827e-02
   9.6186958e-02
   9.6176119e-02
   9.6165309e-02
   9.6154529e-02
   9.6143778e-02
   9.6133056e-02
   9.6122363e-02
   9.6111699e-02
   9.6101064e-02
   9.6090457e-02
   9.6079879e-02
   9.6069330e-02
   9.6058808e-02
   9.6048315e-02
   9.6037851e-02
   9.6027414e-02
   9.6017005e-02
   9.6006624e-02
   9.5996270e-02
   9.5985945e-02
   9.5975646e-02
   9.5965376e-02
   9.5955132e-02
   9.5944916e-02
   9.5934726e-02
   9.5924564e-02
   9.5914429e-02
   9.5904320e-02
   9.5894238e-02
   9.5884182e-02
   9.5874153e-02
   9.5864151e-02
   9.5854175e-02
   9.5844224e-02
   9.5834300e-02
   9.5824402e-02
   9.5814530e-02
   9.5804684e-02
   9.5794863e-02
   9.5785068e-02
   9.5775298e-02
   9.5765554e-02
   9.5755835e-02
   9.5746141e-02
   9.5736473e-02
   9.5726829e-02
   9.5717210e-02
   9.5707616e-02
   9.5698047e-02
   9.5688503e-02
   9.5678983e-02
   9.5669487e-02
   9.5660016e-02
   9.5650569e-02
   9.5641147e-02
   9.5631748e-02
   9.5622374e-02
   9.5613023e-02
   9.5603696e-02
   9.5594393e-02
   9.5585114e-02
   9.5575858e-02
   9.5566625e-02
   9.5557416e-02
   9.5548231e-02
   9.5539068e-02
   9.5529929e-02
   9.5520812e-02
   9.5511719e-02
   9.5502648e-02
   9.5493601e-02
   9.5484576e-02
   9.5475573e-02
   9.5466593e-02
   9.5457636e-02
   9.5448701e-02
   9.5439788e-02
   9.5430897e-02
   9.5422029e-02
   9.5413182e-02
   9.5404358e-02
   9.5395555e-02
   9.5386774e-02
   9.5378015e-02
   9.5369278e-02
   9.5360562e-02
   9.5351867e-02
   9.5343194e-02
   9.5334542e-02
   9.5325912e-02
   9.5317302e-02
   9.5308714e-02
   9.5300147e-02
   9.5291600e-02
   9.5283075e-02
   9.5274570e-02
   9.5266086e-02
   9.5257622e-02
   9.5249179e-02
   9.5240757e-02
   9.5232355e-02
   9.5223973e-02
   9.5215611e-02
   9.5207270e-02
   9.5198949e-02
   9.5190648e-02
   9.5182366e-02
   9.5174105e-02
   9.5165863e-02
   9.5157641e-02
   9.5149439e-02
   9.5141256e-02
   9.5133093e-02
   9.5124950e-02
   9.5116825e-02
   9.5108720e-02
   9.5100635e-02
   9.5092568e-02
   9.5084521e-02
   9.5076492e-02
   9.5068483e-02
   9.5060492e-02
   9.5052520e-02
   9.5044567e-02
   9.5036633e-02
   9.5028717e-02
   9.5020820e-02
   9.5012941e-02
   9.5005081e-02
   9.4997239e-02
   9.4989415e-02
   9.4981610e-02
   9.4973822e-02
   9.4966053e-02
   9.4958302e-02
   9.4950568e-02
   9.4942853e-02
   9.4935156e-02
   9.4927476e-02
   9.4919814e-02
   9.4912169e-02
   9.4904542e-02
   9.4896933e-02
   9.4889341e-02
   9.4881767e-02
   9.4874209e-02
   9.4866669e-02
   9.4859147e-02
   9.4851641e-02
   9.4844153e-02
   9.4836681e-02
   9.4829226e-02
   9.4821789e-02
   9.4814368e-02
   9.4806964e-02
   9.4799576e-02
   9.4792206e-02
   9.4784852e-02
   9.4777514e-02
   9.4770193e-02
   9.4762888e-02
   9.4755600e-02
   9.4748328e-02
   9.4741072e-02
   9.4733833e-02
   9.4726609e-02
   9.4719402e-02
   9.4712211e-02
   9.4705035e-02
   9.4697876e-02
   9.4690732e-02
   9.4683604e-02
   9.4676492e-02
   9.4669396e-02
   9.4662315e-02
   9.4655250e-02
   9.4648200e-02
   9.4641166e-02
   9.4634147e-02
   9.4627143e-02
   9.4620155e-02
   9.4613182e-02
   9.4606225e-02
   9.4599282e-02
   9.4592354e-02
   9.4585442e-02
   9.4578544e-02
   9.4571662e-02
   9.4564794e-02
   9.4557941e-02
   9.4551103e-02
   9.4544280e-02
   9.4537471e-02
   9.4530677e-02
   9.4523898e-02
   9.4517133e-02
   9.4510382e-02
   9.4503646e-02
   9.4496924e-02
   9.4490217e-02
   9.4483524e-02
   9.4476845e-02
   9.4470180e-02
   9.4463529e-02
   9.4456893e-02
   9.4450270e-02
   9.4443662e-02
   9.4437067e-02
   9.4430486e-02
   9.4423919e-02
   9.4417366e-02
   9.4410827e-02
   9.4404301e-02
   9.4397789e-02
   9.4391290e-02
   9.4384806e-02
   9.4378334e-02
   9.4371876e-02
   9.4365432e-02
   9.4359000e-02
   9.4352582e-02
   9.4346178e-02
   9.4339786e-02
   9.4333408e-02
   9.4327043e-02
   9.4320691e-02
   9.4314352e-02
   9.4308026e-02
   9.4301713e-02
   9.4295413e-02
   9.4289126e-02
   9.4282852e-02
   9.4276590e-02
   9.4270342e-02
   9.4264105e-02
   9.4257882e-02
   9.4251671e-02
   9.4245473e-02
   9.4239287e-02
   9.4233114e-02
   9.4226953e-02
   9.4220805e-02
   9.4214669e-02
   9.4208545e-02
   9.4202433e-02
   9.4196334e-02
   9.4190247e-02
   9.4184172e-02
   9.4178109e-02
   9.4172059e-02
   9.4166020e-02
   9.4159993e-02
   9.4153979e-02
   9.4147976e-02
   9.4141985e-02
   9.4136006e-02
   9.4130038e-02
   9.4124083e-02
   9.4118139e-02
   9.4112207e-02
   9.4106286e-02
   9.4100377e-02
   9.4094480e-02
   9.4088594e-02
   9.4082720e-02
   9.4076857e-02
   9.4071005e-02
   9.4065165e-02
   9.4059336e-02
   9.4053519e-02
   9.4047712e-02
   9.4041917e-02
   9.4036133e-02
   9.4030361e-02
   9.4024599e-02
   9.4018848e-02
   9.4013109e-02
   9.4007380e-02
   9.4001663e-02
   9.3995956e-02
   9.3990260e-02
   9.3984575e-02
   9.3978901e-02
   9.3973238e-02
   9.3967586e-02
   9.3961944e-02
   9.3956313e-02
   9.3950692e-02
   9.3945082e-02
   9.3939483e-02
   9.3933894e-02
   9.3928316e-02
   9.3922748e-02
   9.3917191e-02
   9.3911644e-02
   9.3906107e-02
   9.3900581e-02
   9.3895065e-02
   9.3889559e-02
   9.3884064e-02
   9.3878578e-02
   9.3873103e-02
   9.3867638e-02
   9.3862184e-02
   9.3856739e-02
   9.3851304e-02
   9.3845879e-02
   9.3840465e-02
   9.3835060e-02
   9.3829665e-02
   9.3824280e-02
   9.3818905e-02
   9.3813540e-02
   9.3808184e-02
   9.3802838e-02
   9.3797502e-02
   9.3792176e-02
   9.3786859e-02
   9.3781552e-02
   9.3776254e-02
   9.3770967e-02
   9.3765688e-02
   9.3760419e-02
   9.3755160e-02
   9.3749910e-02
   9.3744670e-02
   9.3739438e-02
   9.3734217e-02
   9.3729004e-02
   9.3723801e-02
   9.3718607e-02
   9.3713423e-02
   9.3708247e-02
   9.3703081e-02
   9.3697924e-02
   9.3692776e-02
   9.3687637e-02
   9.3682507e-02
   9.3677387e-02
   9.3672275e-02
   9.3667172e-02
   9.3662078e-02
   9.3656993e-02
   9.3651917e-02
   9.3646850e-02
   9.3641792e-02
   9.3636743e-02
   9.3631702e-02
   9.3626670e-02
   9.3621647e-02
   9.3616633e-02
   9.3611627e-02
   9.3606630e-02
   9.3601641e-02
   9.3596661e-02
   9.3591690e-02
   9.3586727e-02
   9.3581773e-02
   9.3576827e-02
   9.3571890e-02
   9.3566961e-02
   9.3562041e-02
   9.3557129e-02
   9.3552225e-02
   9.3547330e-02
   9.3542443e-02
   9.3537564e-02
   9.3532694e-02
   9.3527832e-02
   9.3522978e-02
   9.3518132e-02
   9.3513294e-02
   9.3508465e-02
   9.3503643e-02
   9.3498830e-02
   9.3494025e-02
   9.3489228e-02
   9.3484438e-02
   9.3479657e-02
   9.3474884e-02
   9.3470119e-02
   9.3465361e-02
   9.3460612e-02
   9.3455870e-02
   9.3451137e-02
   9.3446411e-02
   9.3441693e-02
   9.3436982e-02
   9.3432280e-02
   9.3427585e-02
   9.3422898e-02
   9.3418218e-02
   9.3413546e-02
   9.3408882e-02
   9.3404226e-02
   9.3399577e-02
   9.3394935e-02
   9.3390301e-02
   9.3385675e-02
   9.3381056e-02
   9.3376445e-02
   9.3371841e-02
   9.3367245e-02
   9.3362656e-02
   9.3358074e-02
   9.3353500e-02
   9.3348933e-02
   9.3344373e-02
   9.3339821e-02
   9.3335276e-02
   9.3330738e-02
   9.3326208e-02
   9.3321684e-02
   9.3317168e-02
   9.3312659e-02
   9.3308158e-02
   9.3303663e-02
   9.3299176e-02
   9.3294695e-02
   9.3290222e-02
   9.3285756e-02
   9.3281296e-02
   9.3276844e-02
   9.3272399e-02
   9.3267961e-02
   9.3263529e-02
   9.3259105e-02
   9.3254687e-02
   9.3250277e-02
   9.3245873e-02
   9.3241476e-02
   9.3237086e-02
   9.3232703e-02
   9.3228327e-02
   9.3223957e-02
   9.3219594e-02
   9.3215238e-02
   9.3210888e-02
   9.3206546e-02
   9.3202210e-02
   9.3197880e-02
   9.3193557e-02
   9.3189241e-02
   9.3184932e-02
   9.3180629e-02
   9.3176332e-02
   9.3172042e-02
   9.3167759e-02
   9.3163482e-02
   9.3159212e-02
   9.3154948e-02
   9.3150690e-02
   9.3146439e-02
   9.3142195e-02
   9.3137956e-02
   9.3133725e-02
   9.3129499e-02
   9.3125280e-02
   9.3121067e-02
   9.3116861e-02
   9.3112661e-02
   9.3108467e-02
   9.3104279e-02
   9.3100098e-02
   9.3095922e-02
   9.3091753e-02
   9.3087591e-02
   9.3083434e-02
   9.3079283e-02
   9.3075139e-02
   9.3071001e-02
   9.3066869e-02
   9.3062742e-02
   9.3058622e-02
   9.3054509e-02
   9.3050401e-02
   9.3046299e-02
   9.3042203e-02
   9.3038113e-02
   9.3034029e-02
   9.3029951e-02
   9.3025879e-02
   9.3021813e-02
   9.3017752e-02
   9.3013698e-02
   9.3009649e-02
   9.3005607e-02
   9.3001570e-02
   9.2997539e-02
   9.2993514e-02
   9.2989494e-02
   9.2985481e-02
   9.2981473e-02
   9.2977471e-02
   9.2973474e-02
   9.2969484e-02
   9.2965499e-02
   9.2961519e-02
   9.2957546e-02
   9.2953578e-02
   9.2949615e-02
   9.2945659e-02
   9.2941707e-02
   9.2937762e-02
   9.2933822e-02
   9.2929888e-02
   9.2925959e-02
   9.2922035e-02
