   6.3587811e-05
   6.3585201e-05
   6.3582595e-05
   6.3579993e-05
   6.3577393e-05
   6.3574797e-05
   6.3572204e-05
   6.3569614e-05
   6.3567027e-05
   6.3564444e-05
   6.3561863e-05
   6.3559286e-05
   6.3556712e-05
   6.3554141e-05
   6.3551573e-05
   6.3549009e-05
   6.3546447e-05
   6.3543889e-05
   6.3541333e-05
   6.3538781e-05
   6.3536232e-05
   6.3533686e-05
   6.3531142e-05
   6.3528602e-05
   6.3526065e-05
   6.3523531e-05
   6.3521000e-05
   6.3518472e-05
   6.3515947e-05
   6.3513425e-05
   6.3510905e-05
   6.3508389e-05
   6.3505876e-05
   6.3503366e-05
   6.3500858e-05
   6.3498354e-05
   6.3495852e-05
   6.3493353e-05
   6.3490857e-05
   6.3488364e-05
   6.3485874e-05
   6.3483387e-05
   6.3480903e-05
   6.3478421e-05
   6.3475942e-05
   6.3473466e-05
   6.3470993e-05
   6.3468523e-05
   6.3466056e-05
   6.3463591e-05
   6.3461129e-05
   6.3458670e-05
   6.3456213e-05
   6.3453760e-05
   6.3451309e-05
   6.3448861e-05
   6.3446415e-05
   6.3443972e-05
   6.3441532e-05
   6.3439095e-05
   6.3436660e-05
   6.3434229e-05
   6.3431799e-05
   6.3429373e-05
   6.3426949e-05
   6.3424527e-05
   6.3422109e-05
   6.3419693e-05
   6.3417280e-05
   6.3414869e-05
   6.3412461e-05
   6.3410055e-05
   6.3407652e-05
   6.3405252e-05
   6.3402854e-05
   6.3400459e-05
   6.3398067e-05
   6.3395677e-05
   6.3393289e-05
   6.3390904e-05
   6.3388522e-05
   6.3386142e-05
   6.3383765e-05
   6.3381390e-05
   6.3379018e-05
   6.3376648e-05
   6.3374281e-05
   6.3371916e-05
   6.3369554e-05
   6.3367194e-05
   6.3364837e-05
   6.3362482e-05
   6.3360129e-05
   6.3357780e-05
   6.3355432e-05
   6.3353087e-05
   6.3350744e-05
   6.3348404e-05
   6.3346067e-05
   6.3343731e-05
   6.3341398e-05
   6.3339887e-05
   7.1591709e-05
   7.9599257e-05
   8.7383899e-05
   9.5049139e-05
   1.0266021e-04
   1.1027025e-04
   1.1792799e-04
   1.2568108e-04
   1.3357770e-04
   1.4166754e-04
   1.5000258e-04
   1.5863795e-04
   1.6763282e-04
   1.7705156e-04
   1.8696512e-04
   1.9745297e-04
   2.0860557e-04
   2.2052792e-04
   2.3334436e-04
   2.4720596e-04
   2.6230122e-04
   2.7887285e-04
   2.9724522e-04
   3.1786860e-04
   3.4140248e-04
   3.6886695e-04
   4.0194833e-04
   4.4363597e-04
   4.9980604e-04
   5.8310240e-04
   7.0768351e-04
   8.0894153e-04
   8.1830252e-04
   1.1556989e-03
   9.0809088e-03
   1.2184750e-01
   4.7364716e-01
   1.0133629e+00
   1.6479166e+00
   2.3244508e+00
   3.0185993e+00
   3.7183356e+00
   4.4164192e+00
   5.1075894e+00
   5.7876256e+00
   6.4530551e+00
   7.1010572e+00
   7.7294025e+00
   8.3364070e+00
   8.9208761e+00
   9.5935902e+00
   1.0252905e+01
   1.0897250e+01
   1.1476665e+01
   1.2000747e+01
   1.2477331e+01
   1.2912848e+01
   1.3312607e+01
   1.3681021e+01
   1.4021771e+01
   1.4337951e+01
   1.4632185e+01
   1.4906708e+01
   1.5163436e+01
   1.5404023e+01
   1.5629911e+01
   1.5842358e+01
   1.6042473e+01
   1.6231237e+01
   1.6409522e+01
   1.6578113e+01
   1.6737712e+01
   1.6888952e+01
   1.7032409e+01
   1.7168609e+01
   1.7298032e+01
   1.7421116e+01
   1.7538267e+01
   1.7649857e+01
   1.7756230e+01
   1.7857706e+01
   1.7954580e+01
   1.8047129e+01
   1.8135610e+01
   1.8220261e+01
   1.8301307e+01
   1.8378956e+01
   1.8453404e+01
   1.8524835e+01
   1.8593421e+01
   1.8659323e+01
   1.8722692e+01
   1.8783672e+01
   1.8842395e+01
   1.8898988e+01
   1.8953572e+01
   1.9006258e+01
   1.9057149e+01
   1.9106347e+01
   1.9153944e+01
   1.9200029e+01
   1.9244685e+01
   1.9287989e+01
   1.9330020e+01
   1.9370843e+01
   1.9410528e+01
   1.9449136e+01
   1.9486726e+01
   1.9523355e+01
   1.9559074e+01
   1.9593933e+01
   1.9627978e+01
   1.9661255e+01
   1.9693806e+01
   1.9725672e+01
   1.9756887e+01
   1.9787488e+01
   1.9817508e+01
   1.9846979e+01
   1.9875931e+01
   1.9904391e+01
   1.9932388e+01
   1.9959943e+01
   1.9987084e+01
   2.0013831e+01
   2.0040206e+01
   2.0066228e+01
   2.0091917e+01
   2.0117289e+01
   2.0142362e+01
   2.0167153e+01
   2.0191674e+01
   2.0215940e+01
   2.0239964e+01
   2.0263758e+01
   2.0287334e+01
   2.0310703e+01
   2.0333876e+01
   2.0356860e+01
   2.0379666e+01
   2.0402302e+01
   2.0424776e+01
   2.0447095e+01
   2.0469266e+01
   2.0491297e+01
   2.0513192e+01
   2.0534957e+01
   2.0556599e+01
   2.0578120e+01
   2.0599529e+01
   2.0620826e+01
   2.0642016e+01
   2.0663106e+01
   2.0684095e+01
   2.0704989e+01
   2.0725790e+01
   2.0746501e+01
   2.0767124e+01
   2.0787661e+01
   2.0808116e+01
   2.0828490e+01
   2.0848784e+01
   2.0869003e+01
   2.0889146e+01
   2.0909213e+01
   2.0929208e+01
   2.0949130e+01
   2.0968983e+01
   2.0988767e+01
   2.1008481e+01
   2.1028128e+01
   2.1047708e+01
   2.1067223e+01
   2.1086673e+01
   2.1106058e+01
   2.1125379e+01
   2.1144635e+01
   2.1163829e+01
   2.1182959e+01
   2.1202027e+01
   2.1221035e+01
   2.1239980e+01
   2.1258863e+01
   2.1277686e+01
   2.1296449e+01
   2.1315152e+01
   2.1333792e+01
   2.1352374e+01
   2.1370896e+01
   2.1389359e+01
   2.1407762e+01
   2.1426107e+01
   2.1444393e+01
   2.1462621e+01
   2.1480791e+01
   2.1498903e+01
   2.1516957e+01
   2.1534955e+01
   2.1552896e+01
   2.1570781e+01
   2.1588610e+01
   2.1606383e+01
   2.1624101e+01
   2.1641764e+01
   2.1659374e+01
   2.1676928e+01
   2.1694429e+01
   2.1711876e+01
   2.1729271e+01
   2.1746615e+01
   2.1763907e+01
   2.1781150e+01
   2.1798343e+01
   2.1815487e+01
   2.1832582e+01
   2.1849629e+01
   2.1866629e+01
   2.1883584e+01
   2.1900492e+01
   2.1917356e+01
   2.1934175e+01
   2.1950952e+01
   2.1967687e+01
   2.1984382e+01
   2.2001036e+01
   2.2017652e+01
   2.2034230e+01
   2.2050772e+01
   2.2067277e+01
   2.2083747e+01
   2.2100185e+01
   2.2116590e+01
   2.2132963e+01
   2.2149308e+01
   2.2165623e+01
   2.2181911e+01
   2.2198173e+01
   2.2214410e+01
   2.2230624e+01
   2.2246814e+01
   2.2262984e+01
   2.2279134e+01
   2.2295265e+01
   2.2311379e+01
   2.2327476e+01
   2.2343559e+01
   2.2359629e+01
   2.2375686e+01
   2.2391733e+01
   2.2407770e+01
   2.2423799e+01
   2.2439820e+01
   2.2455835e+01
   2.2471845e+01
   2.2487851e+01
   2.2503853e+01
   2.2519852e+01
   2.2535850e+01
   2.2551846e+01
   2.2567841e+01
   2.2583835e+01
   2.2599830e+01
   2.2615825e+01
   2.2631820e+01
   2.2647815e+01
   2.2663810e+01
   2.2679806e+01
   2.2695800e+01
   2.2711793e+01
   2.2727785e+01
   2.2743773e+01
   2.2759757e+01
   2.2775737e+01
   2.2791710e+01
   2.2807675e+01
   2.2823630e+01
   2.2839573e+01
   2.2855503e+01
   2.2871417e+01
   2.2887313e+01
   2.2903189e+01
   2.2919041e+01
   2.2934868e+01
   2.2950665e+01
   2.2966432e+01
   2.2982163e+01
   2.2997857e+01
   2.3013510e+01
   2.3029118e+01
   2.3044680e+01
   2.3060190e+01
   2.3075647e+01
   2.3091047e+01
   2.3106386e+01
   2.3121661e+01
   2.3136870e+01
   2.3152009e+01
   2.3167075e+01
   2.3182066e+01
   2.3196978e+01
   2.3211808e+01
   2.3226555e+01
   2.3241215e+01
   2.3255787e+01
   2.3270268e+01
   2.3284657e+01
   2.3298950e+01
   2.3313147e+01
   2.3327246e+01
   2.3341246e+01
   2.3355145e+01
   2.3368942e+01
   2.3382636e+01
   2.3396227e+01
   2.3409713e+01
   2.3423094e+01
   2.3436369e+01
   2.3449539e+01
   2.3462602e+01
   2.3475560e+01
   2.3488411e+01
   2.3501156e+01
   2.3513796e+01
   2.3526330e+01
   2.3538758e+01
   2.3551083e+01
   2.3563302e+01
   2.3575419e+01
   2.3587433e+01
   2.3599344e+01
   2.3611154e+01
   2.3622864e+01
   2.3634474e+01
   2.3645985e+01
   2.3657398e+01
   2.3668714e+01
   2.3679935e+01
   2.3691061e+01
   2.3702093e+01
   2.3713032e+01
   2.3723879e+01
   2.3734636e+01
   2.3745303e+01
   2.3755882e+01
   2.3766374e+01
   2.3776780e+01
   2.3787100e+01
   2.3797337e+01
   2.3807490e+01
   2.3817562e+01
   2.3827553e+01
   2.3837464e+01
   2.3847297e+01
   2.3857053e+01
   2.3866732e+01
   2.3876336e+01
   2.3885865e+01
   2.3895321e+01
   2.3904705e+01
   2.3914017e+01
   2.3923260e+01
   2.3932433e+01
   2.3941537e+01
   2.3950575e+01
   2.3959545e+01
   2.3968451e+01
   2.3977292e+01
   2.3986069e+01
   2.3994783e+01
   2.4003435e+01
   2.4012026e+01
   2.4020557e+01
   2.4029029e+01
   2.4037442e+01
   2.4045797e+01
   2.4054095e+01
   2.4062337e+01
   2.4070523e+01
   2.4078655e+01
   2.4086733e+01
   2.4094757e+01
   2.4102729e+01
   2.4110650e+01
   2.4118519e+01
   2.4126338e+01
   2.4134106e+01
   2.4141826e+01
   2.4149498e+01
   2.4157121e+01
   2.4164698e+01
   2.4172228e+01
   2.4179711e+01
   2.4187150e+01
   2.4194544e+01
   2.4201893e+01
   2.4209199e+01
   2.4216462e+01
   2.4223683e+01
   2.4230861e+01
   2.4237999e+01
   2.4245095e+01
   2.4252151e+01
   2.4259167e+01
   2.4266144e+01
   2.4273082e+01
   2.4279981e+01
   2.4286843e+01
   2.4293667e+01
   2.4300455e+01
   2.4307206e+01
   2.4313921e+01
   2.4320600e+01
   2.4327244e+01
   2.4333854e+01
   2.4340430e+01
   2.4346971e+01
   2.4353480e+01
   2.4359955e+01
   2.4366398e+01
   2.4372809e+01
   2.4379187e+01
   2.4385535e+01
   2.4391852e+01
   2.4398138e+01
   2.4404393e+01
   2.4410619e+01
   2.4416816e+01
   2.4422983e+01
   2.4429122e+01
   2.4435232e+01
   2.4441314e+01
   2.4447369e+01
   2.4453396e+01
   2.4459396e+01
   2.4465369e+01
   2.4471316e+01
   2.4477237e+01
   2.4483133e+01
   2.4489002e+01
   2.4494847e+01
   2.4500667e+01
   2.4506463e+01
   2.4512234e+01
   2.4517981e+01
   2.4523705e+01
   2.4529405e+01
   2.4535083e+01
   2.4540737e+01
   2.4546370e+01
   2.4551980e+01
   2.4557568e+01
   2.4563134e+01
   2.4568679e+01
   2.4574203e+01
   2.4579706e+01
   2.4585189e+01
   2.4590651e+01
   2.4596093e+01
   2.4601515e+01
   2.4606917e+01
   2.4612300e+01
   2.4617664e+01
   2.4623009e+01
   2.4628336e+01
   2.4633644e+01
   2.4638933e+01
   2.4644205e+01
   2.4649459e+01
   2.4654695e+01
   2.4659914e+01
   2.4665116e+01
   2.4670301e+01
   2.4675469e+01
   2.4680621e+01
   2.4685757e+01
   2.4690876e+01
   2.4695979e+01
   2.4701067e+01
   2.4706139e+01
   2.4711196e+01
   2.4716238e+01
   2.4721264e+01
   2.4726276e+01
   2.4731274e+01
   2.4736256e+01
   2.4741225e+01
   2.4746180e+01
   2.4751121e+01
   2.4756048e+01
   2.4760961e+01
   2.4765861e+01
   2.4770748e+01
   2.4775622e+01
   2.4780483e+01
   2.4785331e+01
   2.4790167e+01
   2.4794990e+01
   2.4799801e+01
   2.4804600e+01
   2.4809386e+01
   2.4814162e+01
   2.4818925e+01
   2.4823677e+01
   2.4828417e+01
   2.4833146e+01
   2.4837865e+01
   2.4842572e+01
   2.4847268e+01
   2.4851954e+01
   2.4856629e+01
   2.4861293e+01
   2.4865947e+01
   2.4870592e+01
   2.4875226e+01
   2.4879850e+01
   2.4884464e+01
   2.4889069e+01
   2.4893664e+01
   2.4898249e+01
   2.4902826e+01
   2.4907393e+01
   2.4911951e+01
   2.4916500e+01
   2.4921040e+01
   2.4925571e+01
   2.4930094e+01
   2.4934608e+01
   2.4939114e+01
   2.4943611e+01
   2.4948100e+01
   2.4952581e+01
   2.4957054e+01
   2.4961519e+01
   2.4965977e+01
   2.4970426e+01
   2.4974868e+01
   2.4979302e+01
   2.4983729e+01
   2.4988149e+01
   2.4992561e+01
   2.4996966e+01
   2.5001364e+01
   2.5005755e+01
   2.5010139e+01
   2.5014517e+01
   2.5018887e+01
   2.5023251e+01
   2.5027609e+01
   2.5031960e+01
   2.5036304e+01
   2.5040642e+01
   2.5044974e+01
   2.5049300e+01
   2.5053620e+01
   2.5057933e+01
   2.5062241e+01
   2.5066543e+01
   2.5070839e+01
   2.5075129e+01
   2.5079414e+01
   2.5083693e+01
   2.5087967e+01
   2.5092235e+01
   2.5096498e+01
   2.5100756e+01
   2.5105008e+01
   2.5109255e+01
   2.5113498e+01
   2.5117735e+01
   2.5121967e+01
   2.5126194e+01
   2.5130416e+01
   2.5134634e+01
   2.5138847e+01
   2.5143055e+01
   2.5147259e+01
   2.5151458e+01
   2.5155653e+01
   2.5159843e+01
   2.5164029e+01
   2.5168210e+01
   2.5172388e+01
   2.5176561e+01
   2.5180730e+01
   2.5184895e+01
   2.5189056e+01
   2.5193212e+01
   2.5197365e+01
   2.5201514e+01
   2.5205660e+01
   2.5209801e+01
   2.5213939e+01
   2.5218073e+01
   2.5222203e+01
   2.5226330e+01
   2.5230453e+01
   2.5234573e+01
   2.5238689e+01
   2.5242802e+01
   2.5246912e+01
   2.5251018e+01
   2.5255121e+01
   2.5259220e+01
   2.5263317e+01
   2.5267410e+01
   2.5271501e+01
   2.5275588e+01
   2.5279672e+01
   2.5283753e+01
   2.5287831e+01
   2.5291907e+01
   2.5295979e+01
   2.5300049e+01
   2.5304116e+01
   2.5308180e+01
   2.5312241e+01
   2.5316300e+01
   2.5320356e+01
   2.5324410e+01
   2.5328461e+01
   2.5332509e+01
   2.5336555e+01
   2.5340598e+01
   2.5344639e+01
   2.5348678e+01
   2.5352714e+01
   2.5356748e+01
   2.5360780e+01
   2.5364809e+01
   2.5368836e+01
   2.5372861e+01
   2.5376884e+01
   2.5380904e+01
   2.5384923e+01
   2.5388939e+01
   2.5392953e+01
   2.5396965e+01
   2.5400976e+01
   2.5404984e+01
   2.5408990e+01
   2.5412995e+01
   2.5416997e+01
   2.5420998e+01
   2.5424997e+01
   2.5428994e+01
   2.5432989e+01
   2.5436982e+01
   2.5440974e+01
   2.5444964e+01
   2.5448952e+01
   2.5452939e+01
   2.5456924e+01
   2.5460908e+01
   2.5464889e+01
   2.5468870e+01
   2.5472849e+01
   2.5476826e+01
   2.5480801e+01
   2.5484776e+01
   2.5488749e+01
   2.5492720e+01
   2.5496690e+01
   2.5500658e+01
   2.5504626e+01
   2.5508591e+01
   2.5512556e+01
   2.5516519e+01
   2.5520481e+01
   2.5524442e+01
   2.5528401e+01
   2.5532359e+01
   2.5536316e+01
   2.5540272e+01
   2.5544227e+01
   2.5548180e+01
   2.5552133e+01
   2.5556084e+01
   2.5560034e+01
   2.5563983e+01
   2.5567931e+01
   2.5571878e+01
   2.5575824e+01
   2.5579769e+01
   2.5583713e+01
   2.5587655e+01
   2.5591597e+01
   2.5595538e+01
   2.5599478e+01
   2.5603418e+01
   2.5607356e+01
   2.5611293e+01
   2.5615230e+01
   2.5619165e+01
   2.5623100e+01
   2.5627034e+01
   2.5630967e+01
   2.5634899e+01
   2.5638831e+01
   2.5642761e+01
   2.5646691e+01
   2.5650621e+01
   2.5654549e+01
   2.5658477e+01
   2.5662404e+01
   2.5666330e+01
   2.5670256e+01
   2.5674181e+01
   2.5678105e+01
   2.5682029e+01
   2.5685952e+01
   2.5689874e+01
   2.5693796e+01
   2.5697717e+01
   2.5701638e+01
   2.5705558e+01
   2.5709477e+01
   2.5713396e+01
   2.5717315e+01
   2.5721233e+01
   2.5725150e+01
   2.5729067e+01
   2.5732983e+01
   2.5736898e+01
   2.5740814e+01
   2.5744728e+01
   2.5748643e+01
   2.5752557e+01
   2.5756470e+01
   2.5760383e+01
   2.5764295e+01
   2.5768207e+01
   2.5772119e+01
   2.5776030e+01
   2.5779941e+01
   2.5783852e+01
   2.5787762e+01
   2.5791671e+01
   2.5795581e+01
   2.5799490e+01
   2.5803398e+01
   2.5807306e+01
   2.5811214e+01
   2.5815122e+01
   2.5819029e+01
   2.5822936e+01
   2.5826843e+01
   2.5830749e+01
   2.5834655e+01
   2.5838561e+01
   2.5842466e+01
   2.5846371e+01
   2.5850276e+01
   2.5854181e+01
   2.5858085e+01
   2.5861989e+01
   2.5865893e+01
   2.5869797e+01
   2.5873700e+01
   2.5877603e+01
   2.5881506e+01
   2.5885409e+01
   2.5889311e+01
   2.5893214e+01
   2.5897116e+01
   2.5901017e+01
   2.5904919e+01
   2.5908821e+01
   2.5912722e+01
   2.5916623e+01
   2.5920524e+01
   2.5924425e+01
   2.5928325e+01
   2.5932226e+01
   2.5936126e+01
   2.5940026e+01
   2.5943926e+01
   2.5947826e+01
   2.5951725e+01
   2.5955625e+01
   2.5959524e+01
   2.5963423e+01
   2.5967322e+01
   2.5971221e+01
   2.5975120e+01
   2.5979019e+01
   2.5982918e+01
   2.5986816e+01
   2.5990714e+01
   2.5994613e+01
   2.5998511e+01
   2.6002409e+01
   2.6006307e+01
   2.6010204e+01
   2.6014102e+01
   2.6018000e+01
   2.6021897e+01
   2.6025795e+01
   2.6029692e+01
   2.6033589e+01
   2.6037487e+01
   2.6041384e+01
   2.6045281e+01
   2.6049178e+01
   2.6053074e+01
   2.6056971e+01
   2.6060868e+01
   2.6064764e+01
   2.6068661e+01
   2.6072558e+01
   2.6076454e+01
   2.6080350e+01
   2.6084247e+01
   2.6088143e+01
   2.6092039e+01
   2.6095935e+01
   2.6099831e+01
   2.6103727e+01
   2.6107623e+01
   2.6111519e+01
   2.6115414e+01
   2.6119310e+01
   2.6123206e+01
   2.6127101e+01
   2.6130997e+01
   2.6134892e+01
   2.6138787e+01
   2.6142683e+01
   2.6146578e+01
   2.6150473e+01
   2.6154368e+01
   2.6158263e+01
   2.6162159e+01
   2.6166053e+01
   2.6169948e+01
   2.6173843e+01
   2.6177738e+01
   2.6181633e+01
   2.6185527e+01
   2.6189422e+01
   2.6193317e+01
   2.6197211e+01
   2.6201105e+01
   2.6205000e+01
   2.6208894e+01
   2.6212788e+01
   2.6216682e+01
   2.6220577e+01
   2.6224471e+01
   2.6228365e+01
   2.6232258e+01
   2.6236152e+01
   2.6240046e+01
   2.6243940e+01
   2.6247833e+01
   2.6251727e+01
   2.6255620e+01
   2.6259513e+01
   2.6263407e+01
   2.6267300e+01
   2.6271193e+01
   2.6275086e+01
   2.6278979e+01
   2.6282872e+01
   2.6286764e+01
   2.6290657e+01
   2.6294550e+01
   2.6298442e+01
   2.6302334e+01
   2.6306227e+01
   2.6310119e+01
   2.6314011e+01
   2.6317903e+01
   2.6321795e+01
   2.6325686e+01
   2.6329578e+01
   2.6333470e+01
   2.6337361e+01
   2.6341252e+01
   2.6345143e+01
   2.6349034e+01
   2.6352925e+01
   2.6356816e+01
   2.6360707e+01
   2.6364597e+01
   2.6368487e+01
   2.6372378e+01
   2.6376268e+01
   2.6380158e+01
   2.6384047e+01
   2.6387937e+01
   2.6391827e+01
   2.6395716e+01
   2.6399605e+01
   2.6403494e+01
   2.6407383e+01
   2.6411272e+01
   2.6415160e+01
   2.6419048e+01
   2.6422936e+01
   2.6426824e+01
   2.6430712e+01
   2.6434600e+01
   2.6438487e+01
   2.6442374e+01
   2.6446261e+01
   2.6450148e+01
   2.6454035e+01
   2.6457921e+01
   2.6461808e+01
   2.6465694e+01
   2.6469579e+01
   2.6473465e+01
   2.6477350e+01
   2.6481235e+01
   2.6485120e+01
   2.6489005e+01
   2.6492889e+01
   2.6496773e+01
   2.6500657e+01
   2.6504541e+01
   2.6508424e+01
   2.6512308e+01
   2.6516190e+01
   2.6520073e+01
   2.6523955e+01
   2.6527838e+01
   2.6531719e+01
   2.6535601e+01
   2.6539482e+01
   2.6543363e+01
   2.6547244e+01
   2.6551124e+01
   2.6555004e+01
   2.6558884e+01
   2.6562764e+01
   2.6566643e+01
   2.6570522e+01
   2.6574400e+01
   2.6578278e+01
   2.6582156e+01
   2.6586034e+01
   2.6589911e+01
   2.6593788e+01
   2.6597664e+01
   2.6601541e+01
   2.6605416e+01
   2.6609292e+01
   2.6613167e+01
   2.6617042e+01
   2.6620916e+01
   2.6624790e+01
   2.6628664e+01
   2.6632537e+01
   2.6636410e+01
   2.6640282e+01
   2.6644154e+01
   2.6648026e+01
   2.6651897e+01
   2.6655768e+01
   2.6659638e+01
   2.6663508e+01
   2.6667378e+01
   2.6671247e+01
   2.6675116e+01
   2.6678984e+01
   2.6682852e+01
   2.6686719e+01
   2.6690586e+01
   2.6694452e+01
   2.6698318e+01
   2.6702184e+01
   2.6706049e+01
   2.6709913e+01
   2.6713777e+01
   2.6717641e+01
   2.6721504e+01
   2.6725367e+01
   2.6729229e+01
   2.6733090e+01
   2.6736951e+01
   2.6740812e+01
   2.6744672e+01
   2.6748532e+01
   2.6752390e+01
   2.6756249e+01
   2.6760107e+01
   2.6763964e+01
   2.6767821e+01
   2.6771677e+01
   2.6775533e+01
   2.6779388e+01
   2.6783242e+01
   2.6787096e+01
   2.6790950e+01
   2.6794803e+01
   2.6798655e+01
   2.6802506e+01
   2.6806357e+01
   2.6810208e+01
   2.6814057e+01
   2.6817906e+01
   2.6821755e+01
   2.6825603e+01
   2.6829450e+01
   2.6833297e+01
   2.6837143e+01
   2.6840988e+01
   2.6844833e+01
   2.6848677e+01
   2.6852520e+01
   2.6856363e+01
   2.6860204e+01
   2.6864046e+01
   2.6867886e+01
   2.6871726e+01
   2.6875565e+01
   2.6879404e+01
   2.6883242e+01
   2.6887079e+01
   2.6890915e+01
   2.6894751e+01
   2.6898586e+01
   2.6902420e+01
   2.6906253e+01
   2.6910086e+01
   2.6913918e+01
   2.6917749e+01
   2.6921579e+01
   2.6925409e+01
   2.6929238e+01
   2.6933066e+01
   2.6936893e+01
   2.6940719e+01
   2.6944545e+01
   2.6948370e+01
   2.6952194e+01
   2.6956017e+01
   2.6959840e+01
   2.6963661e+01
   2.6967482e+01
   2.6971302e+01
   2.6975121e+01
   2.6978939e+01
   2.6982757e+01
   2.6986573e+01
   2.6990389e+01
   2.6994204e+01
   2.6998018e+01
   2.7001831e+01
   2.7005643e+01
   2.7009454e+01
   2.7013264e+01
   2.7017074e+01
   2.7020882e+01
   2.7024690e+01
   2.7028497e+01
   2.7032303e+01
   2.7036107e+01
   2.7039911e+01
   2.7043714e+01
   2.7047516e+01
   2.7051317e+01
   2.7055117e+01
   2.7058917e+01
   2.7062715e+01
   2.7066512e+01
   2.7070308e+01
   2.7074103e+01
   2.7077898e+01
   2.7081691e+01
   2.7085483e+01
   2.7089274e+01
   2.7093064e+01
   2.7096854e+01
   2.7100642e+01
   2.7104429e+01
   2.7108215e+01
   2.7112000e+01
   2.7115784e+01
   2.7119567e+01
   2.7123349e+01
   2.7127129e+01
   2.7130909e+01
   2.7134688e+01
   2.7138465e+01
   2.7142242e+01
   2.7146017e+01
   2.7149791e+01
   2.7153564e+01
   2.7157336e+01
   2.7161107e+01
   2.7164877e+01
   2.7168646e+01
   2.7172413e+01
   2.7176180e+01
   2.7179945e+01
   2.7183709e+01
   2.7187472e+01
   2.7191234e+01
   2.7194994e+01
   2.7198754e+01
   2.7202512e+01
   2.7206269e+01
   2.7210025e+01
   2.7213779e+01
   2.7217533e+01
   2.7221285e+01
   2.7225036e+01
   2.7228786e+01
   2.7232534e+01
   2.7236281e+01
   2.7240027e+01
   2.7243772e+01
   2.7247516e+01
   2.7251258e+01
   2.7254999e+01
   2.7258739e+01
   2.7262477e+01
   2.7266215e+01
   2.7269951e+01
   2.7273685e+01
   2.7277419e+01
   2.7281151e+01
   2.7284881e+01
   2.7288611e+01
   2.7292339e+01
   2.7296066e+01
   2.7299791e+01
   2.7303515e+01
   2.7307238e+01
   2.7310959e+01
   2.7314679e+01
   2.7318398e+01
   2.7322115e+01
   2.7325831e+01
   2.7329546e+01
   2.7333259e+01
   2.7336971e+01
   2.7340681e+01
   2.7344390e+01
   2.7348098e+01
   2.7351804e+01
   2.7355509e+01
   2.7359212e+01
   2.7362914e+01
   2.7366615e+01
   2.7370314e+01
   2.7374011e+01
   2.7377707e+01
   2.7381402e+01
   2.7385095e+01
   2.7388787e+01
   2.7392477e+01
   2.7396166e+01
   2.7399853e+01
   2.7403539e+01
   2.7407224e+01
   2.7410906e+01
   2.7414588e+01
   2.7418268e+01
   2.7421946e+01
   2.7425623e+01
   2.7429298e+01
   2.7432972e+01
   2.7436644e+01
   2.7440314e+01
   2.7443983e+01
   2.7447651e+01
   2.7451317e+01
   2.7454981e+01
   2.7458644e+01
   2.7462305e+01
   2.7465965e+01
   2.7469623e+01
   2.7473279e+01
   2.7476934e+01
   2.7480587e+01
   2.7484239e+01
   2.7487889e+01
   2.7491537e+01
   2.7495184e+01
   2.7498829e+01
   2.7502472e+01
   2.7506114e+01
   2.7509754e+01
   2.7513393e+01
   2.7517030e+01
   2.7520665e+01
   2.7524298e+01
   2.7527930e+01
   2.7531560e+01
   2.7535189e+01
   2.7538815e+01
   2.7542440e+01
   2.7546064e+01
   2.7549685e+01
   2.7553305e+01
   2.7556923e+01
   2.7560539e+01
   2.7564154e+01
   2.7567767e+01
   2.7571378e+01
   2.7574988e+01
   2.7578595e+01
   2.7582201e+01
   2.7585805e+01
   2.7589408e+01
   2.7593008e+01
   2.7596607e+01
   2.7600204e+01
   2.7603799e+01
   2.7607392e+01
   2.7610984e+01
   2.7614574e+01
   2.7618161e+01
   2.7621748e+01
   2.7625332e+01
   2.7628914e+01
   2.7632495e+01
   2.7636074e+01
   2.7639650e+01
   2.7643225e+01
   2.7646799e+01
   2.7650370e+01
   2.7653939e+01
   2.7657507e+01
   2.7661072e+01
   2.7664636e+01
   2.7668198e+01
   2.7671758e+01
   2.7675316e+01
   2.7678872e+01
   2.7682426e+01
   2.7685978e+01
   2.7689529e+01
   2.7693077e+01
   2.7696624e+01
   2.7700168e+01
   2.7703711e+01
   2.7707251e+01
   2.7710790e+01
   2.7714326e+01
   2.7717861e+01
   2.7721394e+01
   2.7724925e+01
   2.7728453e+01
   2.7731980e+01
   2.7735505e+01
   2.7739027e+01
   2.7742548e+01
   2.7746067e+01
   2.7749583e+01
   2.7753098e+01
   2.7756611e+01
   2.7760121e+01
   2.7763630e+01
   2.7767136e+01
   2.7770640e+01
   2.7774143e+01
   2.7777643e+01
   2.7781141e+01
   2.7784637e+01
   2.7788131e+01
   2.7791623e+01
   2.7795113e+01
   2.7798601e+01
   2.7802086e+01
   2.7805570e+01
   2.7809051e+01
   2.7812530e+01
   2.7816008e+01
   2.7819483e+01
   2.7822955e+01
   2.7826426e+01
   2.7829895e+01
   2.7833361e+01
   2.7836825e+01
   2.7840287e+01
   2.7843747e+01
   2.7847205e+01
   2.7850660e+01
   2.7854114e+01
   2.7857565e+01
   2.7861014e+01
   2.7864461e+01
   2.7867905e+01
   2.7871347e+01
   2.7874787e+01
   2.7878225e+01
   2.7881661e+01
   2.7885094e+01
   2.7888525e+01
   2.7891954e+01
   2.7895381e+01
   2.7898805e+01
   2.7902227e+01
   2.7905647e+01
   2.7909064e+01
   2.7912480e+01
   2.7915893e+01
   2.7919303e+01
   2.7922712e+01
   2.7926118e+01
   2.7929521e+01
   2.7932923e+01
   2.7936322e+01
   2.7939719e+01
   2.7943113e+01
   2.7946505e+01
   2.7949895e+01
   2.7953282e+01
   2.7956667e+01
   2.7960050e+01
   2.7963430e+01
   2.7966808e+01
   2.7970183e+01
   2.7973557e+01
   2.7976927e+01
   2.7980296e+01
   2.7983662e+01
   2.7987025e+01
   2.7990386e+01
   2.7993745e+01
   2.7997101e+01
   2.8000455e+01
   2.8003806e+01
   2.8007155e+01
   2.8010502e+01
   2.8013846e+01
   2.8017187e+01
   2.8020527e+01
   2.8023863e+01
   2.8027197e+01
   2.8030529e+01
   2.8033858e+01
   2.8037185e+01
   2.8040509e+01
   2.8043831e+01
   2.8047150e+01
   2.8050466e+01
   2.8053780e+01
   2.8057092e+01
   2.8060401e+01
   2.8063708e+01
   2.8067011e+01
   2.8070313e+01
   2.8073612e+01
   2.8076908e+01
   2.8080202e+01
   2.8083493e+01
   2.8086781e+01
   2.8090067e+01
   2.8093350e+01
   2.8096631e+01
   2.8099909e+01
   2.8103185e+01
   2.8106458e+01
   2.8109728e+01
   2.8112995e+01
   2.8116260e+01
   2.8119523e+01
   2.8122782e+01
   2.8126039e+01
   2.8129293e+01
   2.8132545e+01
   2.8135794e+01
   2.8139040e+01
   2.8142284e+01
   2.8145525e+01
   2.8148763e+01
   2.8151998e+01
   2.8155231e+01
   2.8158461e+01
   2.8161689e+01
   2.8164913e+01
   2.8168135e+01
   2.8171354e+01
   2.8174570e+01
   2.8177784e+01
   2.8180995e+01
   2.8184203e+01
   2.8187408e+01
   2.8190610e+01
   2.8193810e+01
   2.8197007e+01
   2.8200201e+01
   2.8203392e+01
   2.8206581e+01
   2.8209766e+01
   2.8212949e+01
   2.8216129e+01
   2.8219306e+01
   2.8222480e+01
   2.8225651e+01
   2.8228820e+01
   2.8231985e+01
   2.8235148e+01
   2.8238308e+01
   2.8241465e+01
   2.8244619e+01
   2.8247770e+01
   2.8250918e+01
   2.8254063e+01
   2.8257206e+01
   2.8260345e+01
   2.8263481e+01
   2.8266615e+01
   2.8269746e+01
   2.8272873e+01
   2.8275998e+01
   2.8279119e+01
   2.8282238e+01
   2.8285354e+01
   2.8288466e+01
   2.8291576e+01
   2.8294682e+01
   2.8297786e+01
   2.8300886e+01
   2.8303984e+01
   2.8307078e+01
   2.8310170e+01
   2.8313258e+01
   2.8316343e+01
   2.8319425e+01
   2.8322505e+01
   2.8325581e+01
   2.8328653e+01
   2.8331723e+01
   2.8334790e+01
   2.8337853e+01
   2.8340914e+01
   2.8343971e+01
   2.8347025e+01
   2.8350076e+01
   2.8353124e+01
   2.8356169e+01
   2.8359210e+01
   2.8362248e+01
   2.8365283e+01
   2.8368315e+01
   2.8371344e+01
   2.8374369e+01
   2.8377391e+01
   2.8380410e+01
   2.8383426e+01
   2.8386438e+01
   2.8389448e+01
   2.8392453e+01
   2.8395456e+01
   2.8398455e+01
   2.8401451e+01
   2.8404444e+01
   2.8407434e+01
   2.8410420e+01
   2.8413402e+01
   2.8416382e+01
   2.8419358e+01
   2.8422330e+01
   2.8425300e+01
   2.8428266e+01
   2.8431228e+01
   2.8434187e+01
   2.8437143e+01
   2.8440095e+01
   2.8443044e+01
   2.8445990e+01
   2.8448932e+01
   2.8451870e+01
   2.8454805e+01
   2.8457737e+01
   2.8460665e+01
   2.8463590e+01
   2.8466511e+01
   2.8469429e+01
   2.8472343e+01
   2.8475253e+01
   2.8478160e+01
   2.8481064e+01
   2.8483964e+01
   2.8486860e+01
   2.8489753e+01
   2.8492642e+01
   2.8495527e+01
   2.8498409e+01
   2.8501288e+01
   2.8504162e+01
   2.8507033e+01
   2.8509901e+01
   2.8512765e+01
   2.8515625e+01
   2.8518481e+01
   2.8521334e+01
   2.8524183e+01
   2.8527028e+01
   2.8529869e+01
   2.8532707e+01
   2.8535541e+01
   2.8538371e+01
   2.8541198e+01
   2.8544020e+01
   2.8546839e+01
   2.8549654e+01
   2.8552465e+01
   2.8555273e+01
   2.8558076e+01
   2.8560876e+01
   2.8563672e+01
   2.8566464e+01
   2.8569252e+01
   2.8572036e+01
   2.8574816e+01
   2.8577592e+01
   2.8580364e+01
   2.8583133e+01
   2.8585897e+01
   2.8588657e+01
   2.8591414e+01
   2.8594166e+01
   2.8596914e+01
   2.8599659e+01
   2.8602399e+01
   2.8605135e+01
   2.8607867e+01
   2.8610595e+01
   2.8613319e+01
   2.8616039e+01
   2.8618755e+01
   2.8621466e+01
   2.8624174e+01
   2.8626877e+01
   2.8629576e+01
   2.8632271e+01
   2.8634961e+01
   2.8637648e+01
   2.8640330e+01
   2.8643008e+01
   2.8645681e+01
   2.8648351e+01
   2.8651016e+01
   2.8653676e+01
   2.8656333e+01
   2.8658985e+01
   2.8661632e+01
   2.8664275e+01
   2.8666914e+01
   2.8669549e+01
   2.8672179e+01
   2.8674804e+01
   2.8677426e+01
   2.8680042e+01
   2.8682654e+01
   2.8685262e+01
   2.8687865e+01
   2.8690464e+01
   2.8693058e+01
   2.8695647e+01
   2.8698232e+01
   2.8700812e+01
   2.8703388e+01
   2.8705959e+01
   2.8708525e+01
   2.8711087e+01
   2.8713644e+01
   2.8716196e+01
   2.8718744e+01
   2.8721286e+01
   2.8723824e+01
   2.8726358e+01
   2.8728886e+01
   2.8731410e+01
   2.8733928e+01
   2.8736442e+01
   2.8738951e+01
   2.8741455e+01
   2.8743955e+01
   2.8746449e+01
   2.8748938e+01
   2.8751423e+01
   2.8753902e+01
   2.8756376e+01
   2.8758845e+01
   2.8761310e+01
   2.8763769e+01
   2.8766223e+01
   2.8768672e+01
   2.8771116e+01
   2.8773554e+01
   2.8775988e+01
   2.8778416e+01
   2.8780839e+01
   2.8783257e+01
   2.8785669e+01
   2.8788076e+01
   2.8790478e+01
   2.8792875e+01
   2.8795266e+01
   2.8797652e+01
   2.8800032e+01
   2.8802407e+01
   2.8804777e+01
   2.8807141e+01
   2.8809499e+01
   2.8811852e+01
   2.8814200e+01
   2.8816542e+01
   2.8818878e+01
   2.8821209e+01
   2.8823534e+01
   2.8825853e+01
   2.8828167e+01
   2.8830475e+01
   2.8832777e+01
   2.8835073e+01
   2.8837364e+01
   2.8839649e+01
   2.8841928e+01
   2.8844201e+01
   2.8846468e+01
   2.8848729e+01
   2.8850985e+01
   2.8853234e+01
   2.8855477e+01
   2.8857715e+01
   2.8859946e+01
   2.8862171e+01
   2.8864390e+01
   2.8866603e+01
   2.8868809e+01
   2.8871010e+01
   2.8873204e+01
   2.8875392e+01
   2.8877573e+01
   2.8879749e+01
   2.8881918e+01
   2.8884080e+01
   2.8886236e+01
   2.8888386e+01
   2.8890529e+01
   2.8892666e+01
   2.8894796e+01
   2.8896919e+01
   2.8899036e+01
   2.8901146e+01
   2.8903250e+01
   2.8905347e+01
   2.8907437e+01
   2.8909520e+01
   2.8911597e+01
   2.8913666e+01
   2.8915729e+01
   2.8917785e+01
   2.8919834e+01
   2.8921876e+01
   2.8923911e+01
   2.8925939e+01
   2.8927959e+01
   2.8929973e+01
   2.8931980e+01
   2.8933979e+01
   2.8935971e+01
   2.8937956e+01
   2.8939933e+01
   2.8941903e+01
   2.8943866e+01
   2.8945821e+01
   2.8947769e+01
   2.8949709e+01
   2.8951642e+01
   2.8953567e+01
   2.8955484e+01
   2.8957394e+01
   2.8959296e+01
   2.8961191e+01
   2.8963077e+01
   2.8964956e+01
   2.8966827e+01
   2.8968690e+01
   2.8970545e+01
   2.8972392e+01
   2.8974230e+01
   2.8976061e+01
   2.8977884e+01
   2.8979698e+01
   2.8981505e+01
   2.8983303e+01
   2.8985092e+01
   2.8986874e+01
   2.8988647e+01
   2.8990411e+01
   2.8992167e+01
   2.8993914e+01
   2.8995653e+01
   2.8997383e+01
   2.8999105e+01
   2.9000817e+01
   2.9002521e+01
   2.9004216e+01
   2.9005902e+01
   2.9007580e+01
   2.9009248e+01
   2.9010907e+01
   2.9012557e+01
   2.9014198e+01
   2.9015830e+01
   2.9017452e+01
   2.9019065e+01
   2.9020669e+01
   2.9022263e+01
   2.9023848e+01
   2.9025424e+01
   2.9026990e+01
   2.9028546e+01
   2.9030092e+01
   2.9031629e+01
   2.9033156e+01
   2.9034673e+01
   2.9036180e+01
   2.9037677e+01
   2.9039164e+01
   2.9040641e+01
   2.9042108e+01
   2.9043564e+01
   2.9045011e+01
   2.9046447e+01
   2.9047872e+01
   2.9049287e+01
   2.9050692e+01
   2.9052086e+01
   2.9053469e+01
   2.9054842e+01
   2.9056204e+01
   2.9057555e+01
   2.9058895e+01
   2.9060224e+01
   2.9061542e+01
   2.9062849e+01
   2.9064144e+01
   2.9065429e+01
   2.9066702e+01
   2.9067964e+01
   2.9069214e+01
   2.9070453e+01
   2.9071680e+01
   2.9072896e+01
   2.9074099e+01
   2.9075291e+01
   2.9076472e+01
   2.9077640e+01
   2.9078796e+01
   2.9079940e+01
   2.9081072e+01
   2.9082191e+01
   2.9083298e+01
   2.9084393e+01
   2.9085475e+01
   2.9086545e+01
   2.9087602e+01
   2.9088647e+01
   2.9089678e+01
   2.9090697e+01
   2.9091703e+01
   2.9092696e+01
   2.9093675e+01
   2.9094642e+01
   2.9095595e+01
   2.9096534e+01
   2.9097461e+01
   2.9098373e+01
   2.9099272e+01
   2.9100158e+01
   2.9101029e+01
   2.9101887e+01
   2.9102731e+01
   2.9103561e+01
   2.9104376e+01
   2.9105177e+01
   2.9105964e+01
   2.9106737e+01
   2.9107495e+01
   2.9108238e+01
   2.9108967e+01
   2.9109681e+01
   2.9110380e+01
   2.9111064e+01
   2.9111733e+01
   2.9112387e+01
   2.9113025e+01
   2.9113649e+01
   2.9114256e+01
   2.9114848e+01
   2.9115425e+01
   2.9115986e+01
   2.9116531e+01
   2.9117059e+01
   2.9117572e+01
   2.9118069e+01
   2.9118549e+01
   2.9119013e+01
   2.9119461e+01
   2.9119892e+01
   2.9120306e+01
   2.9120704e+01
   2.9121084e+01
   2.9121448e+01
   2.9121794e+01
   2.9122123e+01
   2.9122435e+01
   2.9122730e+01
   2.9123006e+01
   2.9123266e+01
   2.9123507e+01
   2.9123730e+01
   2.9123936e+01
   2.9124123e+01
   2.9124292e+01
   2.9124443e+01
   2.9124575e+01
   2.9124689e+01
   2.9124784e+01
   2.9124860e+01
   2.9124917e+01
   2.9124955e+01
   2.9124974e+01
   2.9124973e+01
   2.9124953e+01
   2.9124914e+01
   2.9124854e+01
   2.9124775e+01
   2.9124676e+01
   2.9124557e+01
   2.9124418e+01
   2.9124258e+01
   2.9124078e+01
   2.9123877e+01
   2.9123656e+01
   2.9123414e+01
   2.9123150e+01
   2.9122866e+01
   2.9122560e+01
   2.9122233e+01
   2.9121885e+01
   2.9121515e+01
   2.9121123e+01
   2.9120709e+01
   2.9120273e+01
   2.9119814e+01
   2.9119334e+01
   2.9118831e+01
   2.9118305e+01
   2.9117757e+01
   2.9117185e+01
   2.9116591e+01
   2.9115973e+01
   2.9115332e+01
   2.9114668e+01
   2.9113979e+01
   2.9113268e+01
   2.9112532e+01
   2.9111772e+01
   2.9110988e+01
   2.9110179e+01
   2.9109346e+01
   2.9108488e+01
   2.9107606e+01
   2.9106698e+01
   2.9105765e+01
   2.9104807e+01
   2.9103824e+01
   2.9102815e+01
   2.9101780e+01
   2.9100719e+01
   2.9099632e+01
   2.9098519e+01
   2.9097380e+01
   2.9096214e+01
   2.9095021e+01
   2.9093801e+01
   2.9092555e+01
   2.9091281e+01
   2.9089980e+01
   2.9088651e+01
   2.9087294e+01
   2.9085910e+01
   2.9084498e+01
   2.9083057e+01
   2.9081588e+01
   2.9080091e+01
   2.9078564e+01
   2.9077009e+01
   2.9075425e+01
   2.9073812e+01
   2.9072169e+01
   2.9070497e+01
   2.9068795e+01
   2.9067063e+01
   2.9065301e+01
   2.9063509e+01
   2.9061686e+01
   2.9059833e+01
   2.9057949e+01
   2.9056034e+01
   2.9054088e+01
   2.9052111e+01
   2.9050102e+01
   2.9048061e+01
   2.9045988e+01
   2.9043884e+01
   2.9041747e+01
   2.9039578e+01
   2.9037376e+01
   2.9035142e+01
   2.9032874e+01
   2.9030574e+01
   2.9028240e+01
   2.9025872e+01
   2.9023471e+01
   2.9021036e+01
   2.9018567e+01
   2.9016063e+01
   2.9013525e+01
   2.9010953e+01
   2.9008345e+01
   2.9005703e+01
   2.9003025e+01
   2.9000312e+01
   2.8997564e+01
   2.8994779e+01
   2.8991959e+01
   2.8989102e+01
   2.8986209e+01
   2.8983279e+01
   2.8980313e+01
   2.8977310e+01
   2.8974269e+01
   2.8971191e+01
   2.8968076e+01
   2.8964922e+01
   2.8961731e+01
   2.8958502e+01
   2.8955234e+01
   2.8951928e+01
   2.8948583e+01
   2.8945198e+01
   2.8941775e+01
   2.8938312e+01
   2.8934810e+01
   2.8931268e+01
   2.8927686e+01
   2.8924064e+01
   2.8920401e+01
   2.8916697e+01
   2.8912953e+01
   2.8909168e+01
   2.8905342e+01
   2.8901474e+01
   2.8897564e+01
   2.8893612e+01
   2.8889619e+01
   2.8885583e+01
   2.8881504e+01
   2.8877383e+01
   2.8873219e+01
   2.8869011e+01
   2.8864761e+01
   2.8860466e+01
   2.8856128e+01
   2.8851746e+01
   2.8847319e+01
   2.8842848e+01
   2.8838332e+01
   2.8833772e+01
   2.8829166e+01
   2.8824515e+01
   2.8819818e+01
   2.8815075e+01
   2.8810286e+01
   2.8805451e+01
   2.8800570e+01
   2.8795642e+01
   2.8790666e+01
   2.8785644e+01
   2.8780574e+01
   2.8775457e+01
   2.8770291e+01
   2.8765078e+01
   2.8759816e+01
   2.8754506e+01
   2.8749146e+01
   2.8743738e+01
   2.8738280e+01
   2.8732773e+01
   2.8727216e+01
   2.8721609e+01
   2.8715951e+01
   2.8710244e+01
   2.8704485e+01
   2.8698675e+01
   2.8692814e+01
   2.8686902e+01
   2.8680938e+01
   2.8674921e+01
   2.8668853e+01
   2.8662732e+01
   2.8656558e+01
   2.8650331e+01
   2.8644051e+01
   2.8637717e+01
   2.8631330e+01
   2.8624888e+01
   2.8618392e+01
   2.8611842e+01
   2.8605236e+01
   2.8598576e+01
   2.8591860e+01
   2.8585088e+01
   2.8578260e+01
   2.8571377e+01
   2.8564436e+01
   2.8557439e+01
   2.8550385e+01
   2.8543273e+01
   2.8536104e+01
   2.8528877e+01
   2.8521592e+01
   2.8514248e+01
   2.8506845e+01
   2.8499384e+01
   2.8491863e+01
   2.8484282e+01
   2.8476642e+01
   2.8468941e+01
   2.8461179e+01
   2.8453357e+01
   2.8445474e+01
   2.8437529e+01
   2.8429522e+01
   2.8421454e+01
   2.8413322e+01
   2.8405129e+01
   2.8396872e+01
   2.8388551e+01
   2.8380168e+01
   2.8371720e+01
   2.8363207e+01
   2.8354631e+01
   2.8345989e+01
   2.8337282e+01
   2.8328509e+01
   2.8319670e+01
   2.8310765e+01
   2.8301793e+01
   2.8292755e+01
   2.8283648e+01
   2.8274475e+01
   2.8265233e+01
   2.8255923e+01
   2.8246544e+01
   2.8237096e+01
   2.8227578e+01
   2.8217991e+01
   2.8208333e+01
   2.8198605e+01
   2.8188806e+01
   2.8178936e+01
   2.8168994e+01
   2.8158980e+01
   2.8148893e+01
   2.8138734e+01
   2.8128502e+01
   2.8118196e+01
   2.8107816e+01
   2.8097361e+01
   2.8086832e+01
   2.8076228e+01
   2.8065548e+01
   2.8054793e+01
   2.8043961e+01
   2.8033052e+01
   2.8022066e+01
   2.8011003e+01
   2.7999862e+01
   2.7988642e+01
   2.7977344e+01
   2.7965966e+01
   2.7954509e+01
   2.7942971e+01
   2.7931353e+01
   2.7919655e+01
   2.7907875e+01
   2.7896013e+01
   2.7884069e+01
   2.7872042e+01
   2.7859932e+01
   2.7847739e+01
   2.7835462e+01
   2.7823101e+01
   2.7810654e+01
   2.7798123e+01
   2.7785505e+01
   2.7772802e+01
   2.7760011e+01
   2.7747134e+01
   2.7734169e+01
   2.7721116e+01
   2.7707975e+01
   2.7694745e+01
   2.7681425e+01
   2.7668015e+01
   2.7654515e+01
   2.7640924e+01
   2.7627242e+01
   2.7613468e+01
   2.7599602e+01
   2.7585644e+01
   2.7571591e+01
   2.7557446e+01
   2.7543206e+01
   2.7528871e+01
   2.7514441e+01
   2.7499916e+01
   2.7485294e+01
   2.7470576e+01
   2.7455761e+01
   2.7440848e+01
   2.7425837e+01
   2.7410727e+01
   2.7395518e+01
   2.7380210e+01
   2.7364801e+01
   2.7349292e+01
   2.7333681e+01
   2.7317969e+01
   2.7302155e+01
   2.7286238e+01
   2.7270218e+01
   2.7254094e+01
   2.7237866e+01
   2.7221533e+01
   2.7205095e+01
   2.7188551e+01
   2.7171901e+01
   2.7155144e+01
   2.7138280e+01
   2.7121308e+01
   2.7104227e+01
   2.7087038e+01
   2.7069739e+01
   2.7052330e+01
   2.7034810e+01
   2.7017179e+01
   2.6999437e+01
   2.6981583e+01
   2.6963615e+01
   2.6945535e+01
   2.6927341e+01
   2.6909033e+01
   2.6890609e+01
   2.6872071e+01
   2.6853416e+01
   2.6834645e+01
   2.6815757e+01
   2.6796751e+01
   2.6777627e+01
   2.6758384e+01
   2.6739022e+01
   2.6719540e+01
   2.6699938e+01
   2.6680215e+01
   2.6660370e+01
   2.6640404e+01
   2.6620314e+01
   2.6600101e+01
   2.6579765e+01
   2.6559304e+01
   2.6538718e+01
   2.6518007e+01
   2.6497170e+01
   2.6476205e+01
   2.6455114e+01
   2.6433895e+01
   2.6412547e+01
   2.6391071e+01
   2.6369464e+01
   2.6347728e+01
   2.6325861e+01
   2.6303862e+01
   2.6281731e+01
   2.6259468e+01
   2.6237071e+01
   2.6214541e+01
   2.6191877e+01
   2.6169077e+01
   2.6146141e+01
   2.6123070e+01
   2.6099861e+01
   2.6076515e+01
   2.6053031e+01
   2.6029408e+01
   2.6005646e+01
   2.5981744e+01
   2.5957701e+01
   2.5933517e+01
   2.5909191e+01
   2.5884723e+01
   2.5860111e+01
   2.5835355e+01
   2.5810455e+01
   2.5785410e+01
   2.5760219e+01
   2.5734881e+01
   2.5709396e+01
   2.5683764e+01
   2.5657983e+01
   2.5632053e+01
   2.5605973e+01
   2.5579742e+01
   2.5553360e+01
   2.5526827e+01
   2.5500141e+01
   2.5473301e+01
   2.5446308e+01
   2.5419160e+01
   2.5391856e+01
   2.5364396e+01
   2.5336780e+01
   2.5309006e+01
   2.5281074e+01
   2.5252983e+01
   2.5224732e+01
   2.5196320e+01
   2.5167748e+01
   2.5139013e+01
   2.5110116e+01
   2.5081055e+01
   2.5051831e+01
   2.5022441e+01
   2.4992885e+01
   2.4963163e+01
   2.4933274e+01
   2.4903217e+01
   2.4872991e+01
   2.4842595e+01
   2.4812029e+01
   2.4781291e+01
   2.4750382e+01
   2.4719300e+01
   2.4688044e+01
   2.4656614e+01
   2.4625008e+01
   2.4593226e+01
   2.4561268e+01
   2.4529131e+01
   2.4496816e+01
   2.4464322e+01
   2.4431647e+01
   2.4398791e+01
   2.4365753e+01
   2.4332532e+01
   2.4299127e+01
   2.4265537e+01
   2.4231762e+01
   2.4197801e+01
   2.4163652e+01
   2.4129315e+01
   2.4094789e+01
   2.4060072e+01
   2.4025165e+01
   2.3990066e+01
   2.3954774e+01
   2.3919288e+01
   2.3883608e+01
   2.3847731e+01
   2.3811659e+01
   2.3775388e+01
   2.3738920e+01
   2.3702251e+01
   2.3665382e+01
   2.3628312e+01
   2.3591039e+01
   2.3553563e+01
   2.3515883e+01
   2.3477997e+01
   2.3439904e+01
   2.3401604e+01
   2.3363096e+01
   2.3324378e+01
   2.3285450e+01
   2.3246310e+01
   2.3206957e+01
   2.3167391e+01
   2.3127610e+01
   2.3087614e+01
   2.3047400e+01
   2.3006969e+01
   2.2966319e+01
   2.2925449e+01
   2.2884357e+01
   2.2843044e+01
   2.2801507e+01
   2.2759746e+01
   2.2717759e+01
   2.2675546e+01
   2.2633105e+01
   2.2590435e+01
   2.2547535e+01
   2.2504404e+01
   2.2461041e+01
   2.2417444e+01
   2.2373613e+01
   2.2329547e+01
   2.2285243e+01
   2.2240702e+01
   2.2195921e+01
   2.2150901e+01
   2.2105638e+01
   2.2060134e+01
   2.2014385e+01
   2.1968392e+01
   2.1922152e+01
   2.1875665e+01
   2.1828930e+01
   2.1781945e+01
   2.1734709e+01
   2.1687222e+01
   2.1639481e+01
   2.1591485e+01
   2.1543234e+01
   2.1494726e+01
   2.1445960e+01
   2.1396935e+01
   2.1347650e+01
   2.1298103e+01
   2.1248293e+01
   2.1198219e+01
   2.1147880e+01
   2.1097275e+01
   2.1046402e+01
   2.0995260e+01
   2.0943848e+01
   2.0892165e+01
   2.0840210e+01
   2.0787981e+01
   2.0735478e+01
   2.0682699e+01
   2.0629642e+01
   2.0576308e+01
   2.0522694e+01
   2.0468799e+01
   2.0414623e+01
   2.0360164e+01
   2.0305421e+01
   2.0250393e+01
   2.0195078e+01
   2.0139477e+01
   2.0083587e+01
   2.0027407e+01
   1.9970937e+01
   1.9914174e+01
   1.9857120e+01
   1.9799771e+01
   1.9742127e+01
   1.9684188e+01
   1.9625952e+01
   1.9567418e+01
   1.9508584e+01
   1.9449452e+01
   1.9390018e+01
   1.9330282e+01
   1.9270244e+01
   1.9209903e+01
   1.9149257e+01
   1.9088306e+01
   1.9027048e+01
   1.8965484e+01
   1.8903613e+01
   1.8841432e+01
   1.8778943e+01
   1.8716144e+01
   1.8653035e+01
   1.8589614e+01
   1.8525882e+01
   1.8461837e+01
   1.8397479e+01
   1.8332808e+01
   1.8267824e+01
   1.8202525e+01
   1.8136911e+01
   1.8070982e+01
   1.8004738e+01
   1.7938178e+01
   1.7871303e+01
   1.7804111e+01
   1.7736603e+01
   1.7668779e+01
   1.7600639e+01
   1.7532182e+01
   1.7463409e+01
   1.7394320e+01
   1.7324915e+01
   1.7255194e+01
   1.7185158e+01
   1.7114806e+01
   1.7044140e+01
   1.6973160e+01
   1.6901866e+01
   1.6830259e+01
   1.6758339e+01
   1.6686108e+01
   1.6613566e+01
   1.6540715e+01
   1.6467554e+01
   1.6394086e+01
   1.6320310e+01
   1.6246230e+01
   1.6171845e+01
   1.6097157e+01
   1.6022168e+01
   1.5946880e+01
   1.5871293e+01
   1.5795410e+01
   1.5719233e+01
   1.5642763e+01
   1.5566003e+01
   1.5488955e+01
   1.5411620e+01
   1.5334003e+01
   1.5256104e+01
   1.5177927e+01
   1.5099474e+01
   1.5020748e+01
   1.4941753e+01
   1.4862490e+01
   1.4782965e+01
   1.4703178e+01
   1.4623135e+01
   1.4542839e+01
   1.4462293e+01
   1.4381501e+01
   1.4300468e+01
   1.4219197e+01
   1.4137693e+01
   1.4055959e+01
   1.3974002e+01
   1.3891824e+01
   1.3809431e+01
   1.3726828e+01
   1.3644020e+01
   1.3561012e+01
   1.3477810e+01
   1.3394419e+01
   1.3310845e+01
   1.3227093e+01
   1.3143170e+01
   1.3059081e+01
   1.2974834e+01
   1.2890433e+01
   1.2805886e+01
   1.2721200e+01
   1.2636382e+01
   1.2551437e+01
   1.2466374e+01
   1.2381200e+01
   1.2295922e+01
   1.2210548e+01
   1.2125085e+01
   1.2039541e+01
   1.1953925e+01
   1.1868244e+01
   1.1782507e+01
   1.1696721e+01
   1.1610896e+01
   1.1525040e+01
   1.1439162e+01
   1.1353271e+01
   1.1267376e+01
   1.1181485e+01
   1.1095608e+01
   1.1009755e+01
   1.0923934e+01
   1.0838155e+01
   1.0752428e+01
   1.0666763e+01
   1.0581168e+01
   1.0495655e+01
   1.0410233e+01
   1.0324911e+01
   1.0239700e+01
   1.0154610e+01
   1.0069651e+01
   9.9848331e+00
   9.9001665e+00
   9.8156614e+00
   9.7313279e+00
   9.6471764e+00
   9.5632170e+00
   9.4794601e+00
   9.3959157e+00
   9.3125942e+00
   9.2295056e+00
   9.1466601e+00
   9.0640680e+00
   8.9817391e+00
   8.8996835e+00
   8.8179111e+00
   8.7364319e+00
   8.6552556e+00
   8.5743920e+00
   8.4938506e+00
   8.4136410e+00
   8.3337726e+00
   8.2542547e+00
   8.1750965e+00
   8.0963070e+00
   8.0178952e+00
   7.9398699e+00
   7.8622396e+00
   7.7850128e+00
   7.7081979e+00
   7.6318030e+00
   7.5558362e+00
   7.4803051e+00
   7.4052174e+00
   7.3305805e+00
   7.2564017e+00
   7.1826879e+00
   7.1094461e+00
   7.0366828e+00
   6.9644045e+00
   6.8926173e+00
   6.8213273e+00
   6.7505401e+00
   6.6802613e+00
   6.6104962e+00
   6.5412499e+00
   6.4725272e+00
   6.4043328e+00
   6.3366710e+00
   6.2695459e+00
   6.2029614e+00
   6.1369213e+00
   6.0714289e+00
   6.0064874e+00
   5.9420998e+00
   5.8782688e+00
   5.8149969e+00
   5.7522863e+00
   5.6901390e+00
   5.6285568e+00
   5.5675414e+00
   5.5070939e+00
   5.4472155e+00
   5.3879071e+00
   5.3291693e+00
   5.2710026e+00
   5.2134073e+00
   5.1563832e+00
   5.0999303e+00
   5.0440481e+00
   4.9887360e+00
   4.9339933e+00
   4.8798190e+00
   4.8262119e+00
   4.7731707e+00
   4.7206938e+00
   4.6687796e+00
   4.6174262e+00
   4.5666314e+00
   4.5163933e+00
   4.4667093e+00
   4.4175771e+00
   4.3689939e+00
   4.3209570e+00
   4.2734635e+00
   4.2265104e+00
   4.1800944e+00
   4.1342123e+00
   4.0888606e+00
   4.0440359e+00
   3.9997346e+00
   3.9559529e+00
   3.9126870e+00
   3.8699331e+00
   3.8276871e+00
   3.7859449e+00
   3.7447025e+00
   3.7039555e+00
   3.6636999e+00
   3.6239310e+00
   3.5846447e+00
   3.5458364e+00
   3.5075017e+00
   3.4696359e+00
   3.4322345e+00
   3.3952929e+00
   3.3588064e+00
   3.3227703e+00
   3.2871799e+00
   3.2520305e+00
   3.2173172e+00
   3.1830355e+00
   3.1491803e+00
   3.1157471e+00
   3.0827309e+00
   3.0501269e+00
   3.0179305e+00
   2.9861367e+00
   2.9547407e+00
   2.9237379e+00
   2.8931234e+00
   2.8628924e+00
   2.8330402e+00
   2.8035621e+00
   2.7744534e+00
   2.7457093e+00
   2.7173253e+00
   2.6892966e+00
   2.6616187e+00
   2.6342870e+00
   2.6072969e+00
   2.5806439e+00
   2.5543235e+00
   2.5283312e+00
   2.5026627e+00
   2.4773134e+00
   2.4522792e+00
   2.4275557e+00
   2.4031386e+00
   2.3790236e+00
   2.3552067e+00
   2.3316835e+00
   2.3084502e+00
   2.2855025e+00
   2.2628364e+00
   2.2404480e+00
   2.2183334e+00
   2.1964887e+00
   2.1749099e+00
   2.1535934e+00
   2.1325354e+00
   2.1117322e+00
   2.0911801e+00
   2.0708755e+00
   2.0508148e+00
   2.0309946e+00
   2.0114113e+00
   1.9920616e+00
   1.9729420e+00
   1.9540492e+00
   1.9353799e+00
   1.9169310e+00
   1.8986991e+00
   1.8806812e+00
   1.8628741e+00
   1.8452748e+00
   1.8278802e+00
   1.8106874e+00
   1.7936935e+00
   1.7768956e+00
   1.7602908e+00
   1.7438763e+00
   1.7276494e+00
   1.7116074e+00
   1.6957476e+00
   1.6800674e+00
   1.6645641e+00
   1.6492353e+00
   1.6340784e+00
   1.6190910e+00
   1.6042706e+00
   1.5896148e+00
   1.5751213e+00
   1.5607878e+00
   1.5466120e+00
   1.5325917e+00
   1.5187246e+00
   1.5050087e+00
   1.4914417e+00
   1.4780215e+00
   1.4647462e+00
   1.4516136e+00
   1.4386218e+00
   1.4257688e+00
   1.4130527e+00
   1.4004716e+00
   1.3880237e+00
   1.3757070e+00
   1.3635199e+00
   1.3514604e+00
   1.3395269e+00
   1.3277177e+00
   1.3160310e+00
   1.3044653e+00
   1.2930188e+00
   1.2816901e+00
   1.2704774e+00
   1.2593793e+00
   1.2483942e+00
   1.2375207e+00
   1.2267572e+00
   1.2161023e+00
   1.2055546e+00
   1.1951127e+00
   1.1847753e+00
   1.1745409e+00
   1.1644082e+00
   1.1543759e+00
   1.1444428e+00
   1.1346075e+00
   1.1248688e+00
   1.1152256e+00
   1.1056765e+00
   1.0962204e+00
   1.0868562e+00
   1.0775827e+00
   1.0683988e+00
   1.0593033e+00
   1.0502952e+00
   1.0413733e+00
   1.0325368e+00
   1.0237844e+00
   1.0151152e+00
   1.0065282e+00
   9.9802242e-01
   9.8959683e-01
   9.8125051e-01
   9.7298251e-01
   9.6479190e-01
   9.5667778e-01
   9.4863924e-01
   9.4067541e-01
   9.3278541e-01
   9.2496839e-01
   9.1722350e-01
   9.0954992e-01
   9.0194683e-01
   8.9441342e-01
   8.8694891e-01
   8.7955251e-01
   8.7222346e-01
   8.6496101e-01
   8.5776440e-01
   8.5063291e-01
   8.4356581e-01
   8.3656239e-01
   8.2962196e-01
   8.2274382e-01
   8.1592730e-01
   8.0917171e-01
   8.0247641e-01
   7.9584075e-01
   7.8926408e-01
   7.8274577e-01
   7.7628520e-01
   7.6988176e-01
   7.6353484e-01
   7.5724384e-01
   7.5100819e-01
   7.4482730e-01
   7.3870059e-01
   7.3262751e-01
   7.2660751e-01
   7.2064003e-01
   7.1472454e-01
   7.0886049e-01
   7.0304738e-01
   6.9728468e-01
   6.9157187e-01
   6.8590847e-01
   6.8029396e-01
   6.7472786e-01
   6.6920968e-01
   6.6373896e-01
   6.5831520e-01
   6.5293796e-01
   6.4760678e-01
   6.4232119e-01
   6.3708075e-01
   6.3188503e-01
   6.2673358e-01
   6.2162598e-01
   6.1656180e-01
   6.1154062e-01
   6.0656203e-01
   6.0162562e-01
   5.9673099e-01
   5.9187773e-01
   5.8706546e-01
   5.8229379e-01
   5.7756232e-01
   5.7287069e-01
   5.6821851e-01
   5.6360542e-01
   5.5903105e-01
   5.5449504e-01
   5.4999703e-01
   5.4553667e-01
   5.4111361e-01
   5.3672751e-01
   5.3237802e-01
   5.2806481e-01
   5.2378755e-01
   5.1954590e-01
   5.1533954e-01
   5.1116816e-01
   5.0703143e-01
   5.0292903e-01
   4.9886066e-01
   4.9482602e-01
   4.9082478e-01
   4.8685667e-01
   4.8292137e-01
   4.7901860e-01
   4.7514806e-01
   4.7130947e-01
   4.6750255e-01
   4.6372700e-01
   4.5998256e-01
   4.5626894e-01
   4.5258588e-01
   4.4893311e-01
   4.4531036e-01
   4.4171736e-01
   4.3815386e-01
   4.3461960e-01
   4.3111432e-01
   4.2763776e-01
   4.2418969e-01
   4.2076984e-01
   4.1737799e-01
   4.1401387e-01
   4.1067726e-01
   4.0736792e-01
   4.0408560e-01
   4.0083009e-01
   3.9760114e-01
   3.9439853e-01
   3.9122203e-01
   3.8807142e-01
   3.8494648e-01
   3.8184699e-01
   3.7877273e-01
   3.7572348e-01
   3.7269904e-01
   3.6969919e-01
   3.6672373e-01
   3.6377244e-01
   3.6084512e-01
   3.5794158e-01
   3.5506160e-01
   3.5220499e-01
   3.4937156e-01
   3.4656110e-01
   3.4377343e-01
   3.4100835e-01
   3.3826567e-01
   3.3554521e-01
   3.3284678e-01
   3.3017019e-01
   3.2751527e-01
   3.2488183e-01
   3.2226968e-01
   3.1967867e-01
   3.1710860e-01
   3.1455931e-01
   3.1203061e-01
   3.0952235e-01
   3.0703435e-01
   3.0456644e-01
   3.0211846e-01
   2.9969023e-01
   2.9728161e-01
   2.9489242e-01
   2.9252250e-01
   2.9017171e-01
   2.8783986e-01
   2.8552682e-01
   2.8323243e-01
   2.8095653e-01
   2.7869897e-01
   2.7645960e-01
   2.7423828e-01
   2.7203484e-01
   2.6984915e-01
   2.6768106e-01
   2.6553043e-01
   2.6339710e-01
   2.6128095e-01
   2.5918183e-01
   2.5709960e-01
   2.5503413e-01
   2.5298527e-01
   2.5095289e-01
   2.4893686e-01
   2.4693704e-01
   2.4495330e-01
   2.4298551e-01
   2.4103354e-01
   2.3909726e-01
   2.3717654e-01
   2.3527126e-01
   2.3338129e-01
   2.3150650e-01
   2.2964678e-01
   2.2780200e-01
   2.2597204e-01
   2.2415678e-01
   2.2235610e-01
   2.2056987e-01
   2.1879800e-01
   2.1704035e-01
   2.1529681e-01
   2.1356728e-01
   2.1185162e-01
   2.1014974e-01
   2.0846153e-01
   2.0678686e-01
   2.0512563e-01
   2.0347774e-01
   2.0184307e-01
   2.0022152e-01
   1.9861298e-01
   1.9701735e-01
   1.9543453e-01
   1.9386440e-01
   1.9230687e-01
   1.9076183e-01
   1.8922919e-01
   1.8770885e-01
   1.8620070e-01
   1.8470464e-01
   1.8322059e-01
   1.8174844e-01
   1.8028810e-01
   1.7883947e-01
   1.7740246e-01
   1.7597698e-01
   1.7456292e-01
   1.7316021e-01
   1.7176874e-01
   1.7038844e-01
   1.6901920e-01
   1.6766094e-01
   1.6631358e-01
   1.6497701e-01
   1.6365117e-01
   1.6233595e-01
   1.6103129e-01
   1.5973708e-01
   1.5845325e-01
   1.5717971e-01
   1.5591638e-01
   1.5466319e-01
   1.5342004e-01
   1.5218686e-01
   1.5096356e-01
   1.4975007e-01
   1.4854632e-01
   1.4735221e-01
   1.4616768e-01
   1.4499264e-01
   1.4382703e-01
   1.4267076e-01
   1.4152376e-01
   1.4038595e-01
   1.3925727e-01
   1.3813764e-01
   1.3702699e-01
   1.3592524e-01
   1.3483232e-01
   1.3374817e-01
   1.3267270e-01
   1.3160587e-01
   1.3054758e-01
   1.2949778e-01
   1.2845640e-01
   1.2742337e-01
   1.2639862e-01
   1.2538209e-01
   1.2437371e-01
   1.2337341e-01
   1.2238114e-01
   1.2139682e-01
   1.2042039e-01
   1.1945180e-01
   1.1849097e-01
   1.1753785e-01
   1.1659237e-01
   1.1565447e-01
   1.1472410e-01
   1.1380118e-01
   1.1288567e-01
   1.1197750e-01
   1.1107662e-01
   1.1018296e-01
   1.0929646e-01
   1.0841708e-01
   1.0754475e-01
   1.0667942e-01
   1.0582103e-01
   1.0496952e-01
   1.0412485e-01
   1.0328695e-01
   1.0245577e-01
   1.0163126e-01
   1.0081336e-01
   1.0000203e-01
   9.9197202e-02
   9.8398833e-02
   9.7606870e-02
   9.6821261e-02
   9.6041955e-02
   9.5268902e-02
   9.4502052e-02
   9.3741355e-02
   9.2986762e-02
   9.2238224e-02
   9.1495693e-02
   9.0759121e-02
   9.0028460e-02
   8.9303663e-02
   8.8584682e-02
   8.7871472e-02
   8.7163986e-02
   8.6462179e-02
   8.5766004e-02
   8.5075418e-02
   8.4390375e-02
   8.3710830e-02
   8.3036741e-02
   8.2368063e-02
   8.1704753e-02
   8.1046769e-02
   8.0394066e-02
   7.9746604e-02
   7.9104341e-02
   7.8467234e-02
   7.7835242e-02
   7.7208326e-02
   7.6586443e-02
   7.5969554e-02
   7.5357619e-02
   7.4750598e-02
   7.4148452e-02
   7.3551141e-02
   7.2958628e-02
   7.2370874e-02
   7.1787840e-02
   7.1209490e-02
   7.0635785e-02
   7.0066688e-02
   6.9502163e-02
   6.8942172e-02
   6.8386681e-02
   6.7835651e-02
   6.7289049e-02
   6.6746838e-02
   6.6208984e-02
   6.5675451e-02
   6.5146205e-02
   6.4621212e-02
   6.4100437e-02
   6.3583847e-02
   6.3071408e-02
   6.2563088e-02
   6.2058852e-02
   6.1558669e-02
   6.1062506e-02
   6.0570331e-02
   6.0082112e-02
   5.9597817e-02
   5.9117415e-02
   5.8640874e-02
   5.8168165e-02
   5.7699255e-02
   5.7234115e-02
   5.6772715e-02
   5.6315024e-02
   5.5861013e-02
   5.5410653e-02
   5.4963914e-02
   5.4520767e-02
   5.4081183e-02
   5.3645134e-02
   5.3212592e-02
   5.2783528e-02
   5.2357915e-02
   5.1935725e-02
   5.1516931e-02
   5.1101505e-02
   5.0689421e-02
   5.0280651e-02
   4.9875169e-02
   4.9472949e-02
   4.9073965e-02
   4.8678190e-02
   4.8285600e-02
   4.7896168e-02
   4.7509869e-02
   4.7126679e-02
   4.6746571e-02
   4.6369522e-02
   4.5995507e-02
   4.5624502e-02
   4.5256483e-02
   4.4891425e-02
   4.4529305e-02
   4.4170099e-02
   4.3813785e-02
   4.3460338e-02
   4.3109736e-02
   4.2761957e-02
   4.2416976e-02
   4.2074773e-02
   4.1735325e-02
   4.1398609e-02
   4.1064604e-02
   4.0733288e-02
   4.0404639e-02
   4.0078637e-02
   3.9755260e-02
   3.9434486e-02
   3.9116295e-02
   3.8800667e-02
   3.8487580e-02
   3.8177015e-02
   3.7868951e-02
   3.7563368e-02
   3.7260246e-02
   3.6959565e-02
   3.6661306e-02
   3.6365450e-02
   3.6071977e-02
   3.5780868e-02
   3.5492104e-02
   3.5205666e-02
   3.4921536e-02
   3.4639695e-02
   3.4360125e-02
   3.4082807e-02
   3.3807723e-02
   3.3534856e-02
   3.3264188e-02
   3.2995701e-02
   3.2729378e-02
   3.2465200e-02
   3.2203152e-02
   3.1943216e-02
   3.1685374e-02
   3.1429611e-02
   3.1175909e-02
   3.0924252e-02
   3.0674624e-02
   3.0427008e-02
   3.0181388e-02
   2.9937748e-02
   2.9696072e-02
   2.9456344e-02
   2.9218550e-02
   2.8982672e-02
   2.8748696e-02
   2.8516607e-02
   2.8286390e-02
   2.8058028e-02
   2.7831509e-02
   2.7606815e-02
   2.7383934e-02
   2.7162851e-02
   2.6943550e-02
   2.6726018e-02
   2.6510241e-02
   2.6296204e-02
   2.6083893e-02
   2.5873295e-02
   2.5664396e-02
   2.5457182e-02
   2.5251640e-02
   2.5047756e-02
   2.4845516e-02
   2.4644909e-02
   2.4445920e-02
   2.4248536e-02
   2.4052745e-02
   2.3858534e-02
   2.3665890e-02
   2.3474801e-02
   2.3285253e-02
   2.3097236e-02
   2.2910735e-02
   2.2725740e-02
   2.2542238e-02
   2.2360217e-02
   2.2179665e-02
   2.2000571e-02
   2.1822922e-02
   2.1646707e-02
   2.1471915e-02
   2.1298533e-02
   2.1126552e-02
   2.0955959e-02
   2.0786743e-02
   2.0618893e-02
   2.0452399e-02
   2.0287249e-02
   2.0123432e-02
   1.9960938e-02
   1.9799757e-02
   1.9639876e-02
   1.9481288e-02
   1.9323979e-02
   1.9167942e-02
   1.9013164e-02
   1.8859637e-02
   1.8707349e-02
   1.8556292e-02
   1.8406455e-02
   1.8257828e-02
   1.8110401e-02
   1.7964166e-02
   1.7819112e-02
   1.7675230e-02
   1.7532510e-02
   1.7390943e-02
   1.7250520e-02
   1.7111232e-02
   1.6973069e-02
   1.6836023e-02
   1.6700084e-02
   1.6565243e-02
   1.6431492e-02
   1.6298822e-02
   1.6167224e-02
   1.6036690e-02
   1.5907210e-02
   1.5778777e-02
   1.5651382e-02
   1.5525017e-02
   1.5399673e-02
   1.5275343e-02
   1.5152017e-02
   1.5029689e-02
   1.4908349e-02
   1.4787990e-02
   1.4668604e-02
   1.4550184e-02
   1.4432721e-02
   1.4316207e-02
   1.4200636e-02
   1.4085999e-02
   1.3972289e-02
   1.3859499e-02
   1.3747621e-02
   1.3636647e-02
   1.3526571e-02
   1.3417385e-02
   1.3309082e-02
   1.3201655e-02
   1.3095097e-02
   1.2989401e-02
   1.2884559e-02
   1.2780566e-02
   1.2677414e-02
   1.2575096e-02
   1.2473606e-02
   1.2372937e-02
   1.2273083e-02
   1.2174036e-02
   1.2075791e-02
   1.1978340e-02
   1.1881678e-02
   1.1785798e-02
   1.1690694e-02
   1.1596359e-02
   1.1502788e-02
   1.1409974e-02
   1.1317911e-02
   1.1226593e-02
   1.1136014e-02
   1.1046168e-02
   1.0957049e-02
   1.0868651e-02
   1.0780969e-02
   1.0693997e-02
   1.0607729e-02
   1.0522158e-02
   1.0437281e-02
   1.0353091e-02
   1.0269582e-02
   1.0186749e-02
   1.0104587e-02
   1.0023090e-02
   9.9422526e-03
   9.8620699e-03
   9.7825364e-03
   9.7036468e-03
   9.6253960e-03
   9.5477788e-03
   9.4707901e-03
   9.3944249e-03
   9.3186780e-03
   9.2435446e-03
   9.1690196e-03
   9.0950982e-03
   9.0217755e-03
   8.9490466e-03
   8.8769067e-03
   8.8053512e-03
   8.7343752e-03
   8.6639742e-03
   8.5941434e-03
   8.5248782e-03
   8.4561742e-03
   8.3880267e-03
   8.3204313e-03
   8.2533836e-03
   8.1868790e-03
   8.1209132e-03
   8.0554819e-03
   7.9905807e-03
   7.9262054e-03
   7.8623517e-03
   7.7990154e-03
   7.7361923e-03
   7.6738783e-03
   7.6120693e-03
   7.5507612e-03
   7.4899499e-03
   7.4296314e-03
   7.3698018e-03
   7.3104571e-03
   7.2515934e-03
   7.1932067e-03
   7.1352934e-03
   7.0778494e-03
   7.0208711e-03
   6.9643546e-03
   6.9082963e-03
   6.8526924e-03
   6.7975393e-03
   6.7428333e-03
   6.6885708e-03
   6.6347483e-03
   6.5813621e-03
   6.5284087e-03
   6.4758847e-03
   6.4237866e-03
   6.3721109e-03
   6.3208542e-03
   6.2700132e-03
   6.2195844e-03
   6.1695646e-03
   6.1199504e-03
   6.0707386e-03
   6.0219258e-03
   5.9735090e-03
   5.9254848e-03
   5.8778501e-03
   5.8306018e-03
   5.7837367e-03
   5.7372518e-03
   5.6911439e-03
   5.6454100e-03
   5.6000471e-03
   5.5550522e-03
   5.5104223e-03
   5.4661544e-03
   5.4222457e-03
   5.3786932e-03
   5.3354941e-03
   5.2926454e-03
   5.2501444e-03
   5.2079883e-03
   5.1661741e-03
   5.1246993e-03
   5.0835610e-03
   5.0427566e-03
   5.0022832e-03
   4.9621383e-03
   4.9223192e-03
   4.8828232e-03
   4.8436477e-03
   4.8047902e-03
   4.7662480e-03
   4.7280187e-03
   4.6900996e-03
   4.6524884e-03
   4.6151824e-03
   4.5781792e-03
   4.5414764e-03
   4.5050715e-03
   4.4689621e-03
   4.4331458e-03
   4.3976203e-03
   4.3623832e-03
   4.3274322e-03
   4.2927649e-03
   4.2583791e-03
   4.2242725e-03
   4.1904428e-03
   4.1568877e-03
   4.1236051e-03
   4.0905928e-03
   4.0578485e-03
   4.0253701e-03
   3.9931554e-03
   3.9612023e-03
   3.9295088e-03
   3.8980726e-03
   3.8668917e-03
   3.8359640e-03
   3.8052875e-03
   3.7748601e-03
   3.7446799e-03
   3.7147448e-03
   3.6850528e-03
   3.6556021e-03
   3.6263905e-03
   3.5974162e-03
   3.5686773e-03
   3.5401718e-03
   3.5118979e-03
   3.4838536e-03
   3.4560372e-03
   3.4284468e-03
   3.4010806e-03
   3.3739366e-03
   3.3470132e-03
   3.3203085e-03
   3.2938208e-03
   3.2675484e-03
   3.2414894e-03
   3.2156421e-03
   3.1900049e-03
   3.1645760e-03
   3.1393537e-03
   3.1143364e-03
   3.0895224e-03
   3.0649100e-03
   3.0404976e-03
   3.0162837e-03
   2.9922665e-03
   2.9684446e-03
   2.9448162e-03
   2.9213799e-03
   2.8981341e-03
   2.8750772e-03
   2.8522078e-03
   2.8295242e-03
   2.8070250e-03
   2.7847087e-03
   2.7625738e-03
   2.7406189e-03
   2.7188424e-03
   2.6972429e-03
   2.6758191e-03
   2.6545694e-03
   2.6334925e-03
   2.6125869e-03
   2.5918513e-03
   2.5712843e-03
   2.5508846e-03
   2.5306507e-03
   2.5105813e-03
   2.4906751e-03
   2.4709307e-03
   2.4513469e-03
   2.4319224e-03
   2.4126558e-03
   2.3935459e-03
   2.3745914e-03
   2.3557911e-03
   2.3371436e-03
   2.3186478e-03
   2.3003025e-03
   2.2821063e-03
   2.2640581e-03
   2.2461567e-03
   2.2284010e-03
   2.2107896e-03
   2.1933215e-03
   2.1759955e-03
   2.1588104e-03
   2.1417651e-03
   2.1248584e-03
   2.1080893e-03
   2.0914566e-03
   2.0749592e-03
   2.0585961e-03
   2.0423660e-03
   2.0262680e-03
   2.0103009e-03
   1.9944638e-03
   1.9787555e-03
   1.9631750e-03
   1.9477213e-03
   1.9323933e-03
   1.9171901e-03
   1.9021105e-03
   1.8871536e-03
   1.8723185e-03
   1.8576041e-03
   1.8430094e-03
   1.8285335e-03
   1.8141753e-03
   1.7999341e-03
   1.7858087e-03
   1.7717982e-03
   1.7579018e-03
   1.7441185e-03
   1.7304474e-03
   1.7168875e-03
   1.7034380e-03
   1.6900980e-03
   1.6768666e-03
   1.6637428e-03
   1.6507259e-03
   1.6378149e-03
   1.6250090e-03
   1.6123074e-03
   1.5997091e-03
   1.5872134e-03
   1.5748194e-03
   1.5625263e-03
   1.5503333e-03
   1.5382396e-03
   1.5262443e-03
   1.5143467e-03
   1.5025459e-03
   1.4908412e-03
   1.4792318e-03
   1.4677169e-03
   1.4562958e-03
   1.4449677e-03
   1.4337318e-03
   1.4225874e-03
   1.4115337e-03
   1.4005701e-03
   1.3896957e-03
   1.3789098e-03
   1.3682118e-03
   1.3576009e-03
   1.3470765e-03
   1.3366377e-03
   1.3262839e-03
   1.3160145e-03
   1.3058286e-03
   1.2957258e-03
   1.2857052e-03
   1.2757662e-03
   1.2659082e-03
   1.2561305e-03
   1.2464324e-03
   1.2368132e-03
   1.2272725e-03
   1.2178094e-03
   1.2084234e-03
   1.1991139e-03
   1.1898802e-03
   1.1807217e-03
   1.1716379e-03
   1.1626280e-03
   1.1536915e-03
   1.1448278e-03
   1.1360363e-03
   1.1273164e-03
   1.1186676e-03
   1.1100892e-03
   1.1015808e-03
   1.0931416e-03
   1.0847712e-03
   1.0764689e-03
   1.0682344e-03
   1.0600669e-03
   1.0519659e-03
   1.0439310e-03
   1.0359615e-03
   1.0280569e-03
   1.0202168e-03
   1.0124405e-03
   1.0047276e-03
   9.9707759e-04
   9.8948987e-04
   9.8196399e-04
   9.7449942e-04
   9.6709569e-04
   9.5975228e-04
   9.5246872e-04
   9.4524451e-04
   9.3807917e-04
   9.3097223e-04
   9.2392320e-04
   9.1693161e-04
   9.0999701e-04
   9.0311892e-04
   8.9629688e-04
   8.8953045e-04
   8.8281916e-04
   8.7616256e-04
   8.6956022e-04
   8.6301170e-04
   8.5651654e-04
   8.5007432e-04
   8.4368462e-04
   8.3734699e-04
   8.3106102e-04
   8.2482628e-04
   8.1864237e-04
   8.1250886e-04
   8.0642535e-04
   8.0039142e-04
   7.9440668e-04
   7.8847073e-04
   7.8258316e-04
   7.7674358e-04
   7.7095161e-04
   7.6520686e-04
   7.5950893e-04
   7.5385745e-04
   7.4825205e-04
   7.4269234e-04
   7.3717796e-04
   7.3170853e-04
   7.2628370e-04
   7.2090308e-04
   7.1556634e-04
   7.1027310e-04
   7.0502302e-04
   6.9981574e-04
   6.9465092e-04
   6.8952821e-04
   6.8444726e-04
   6.7940774e-04
   6.7440930e-04
   6.6945162e-04
   6.6453437e-04
   6.5965721e-04
   6.5481981e-04
   6.5002185e-04
   6.4526302e-04
   6.4054299e-04
   6.3586145e-04
   6.3121808e-04
   6.2661257e-04
   6.2204462e-04
   6.1751391e-04
   6.1302015e-04
   6.0856303e-04
   6.0414226e-04
   5.9975754e-04
   5.9540857e-04
   5.9109506e-04
   5.8681673e-04
   5.8257329e-04
   5.7836446e-04
   5.7418994e-04
   5.7004947e-04
   5.6594277e-04
   5.6186955e-04
   5.5782955e-04
   5.5382250e-04
   5.4984813e-04
   5.4590617e-04
   5.4199635e-04
   5.3811843e-04
   5.3427212e-04
   5.3045719e-04
   5.2667337e-04
   5.2292041e-04
   5.1919805e-04
   5.1550606e-04
   5.1184417e-04
   5.0821215e-04
   5.0460975e-04
   5.0103674e-04
   4.9749286e-04
   4.9397789e-04
   4.9049158e-04
   4.8703371e-04
   4.8360404e-04
   4.8020235e-04
   4.7682839e-04
   4.7348196e-04
   4.7016282e-04
   4.6687075e-04
   4.6360554e-04
   4.6036695e-04
   4.5715478e-04
   4.5396881e-04
   4.5080882e-04
   4.4767461e-04
   4.4456597e-04
   4.4148267e-04
   4.3842453e-04
   4.3539133e-04
   4.3238287e-04
   4.2939895e-04
   4.2643937e-04
   4.2350392e-04
   4.2059242e-04
   4.1770467e-04
   4.1484047e-04
   4.1199963e-04
   4.0918197e-04
   4.0638729e-04
   4.0361540e-04
   4.0086612e-04
   3.9813927e-04
   3.9543466e-04
   3.9275211e-04
   3.9009144e-04
   3.8745247e-04
   3.8483502e-04
   3.8223893e-04
   3.7966401e-04
   3.7711010e-04
   3.7457701e-04
   3.7206459e-04
   3.6957266e-04
   3.6710105e-04
   3.6464961e-04
   3.6221816e-04
   3.5980654e-04
   3.5741460e-04
   3.5504216e-04
   3.5268907e-04
   3.5035518e-04
   3.4804032e-04
   3.4574435e-04
   3.4346710e-04
   3.4120842e-04
   3.3896817e-04
   3.3674619e-04
   3.3454234e-04
   3.3235645e-04
   3.3018840e-04
   3.2803803e-04
   3.2590520e-04
   3.2378977e-04
   3.2169159e-04
   3.1961052e-04
   3.1754642e-04
   3.1549916e-04
   3.1346860e-04
   3.1145460e-04
   3.0945702e-04
   3.0747574e-04
   3.0551061e-04
   3.0356152e-04
   3.0162831e-04
   2.9971088e-04
   2.9780908e-04
   2.9592279e-04
   2.9405189e-04
   2.9219624e-04
   2.9035573e-04
   2.8853023e-04
   2.8671961e-04
   2.8492376e-04
   2.8314256e-04
   2.8137588e-04
   2.7962361e-04
   2.7788563e-04
   2.7616182e-04
   2.7445207e-04
   2.7275626e-04
   2.7107428e-04
   2.6940601e-04
   2.6775135e-04
   2.6611018e-04
   2.6448240e-04
   2.6286788e-04
   2.6126653e-04
   2.5967824e-04
   2.5810290e-04
   2.5654041e-04
   2.5499065e-04
   2.5345353e-04
   2.5192895e-04
   2.5041679e-04
   2.4891696e-04
   2.4742936e-04
   2.4595389e-04
   2.4449045e-04
   2.4303894e-04
   2.4159927e-04
   2.4017133e-04
   2.3875503e-04
   2.3735028e-04
   2.3595698e-04
   2.3457504e-04
   2.3320436e-04
   2.3184486e-04
   2.3049644e-04
   2.2915901e-04
   2.2783248e-04
   2.2651677e-04
   2.2521178e-04
   2.2391743e-04
   2.2263362e-04
   2.2136029e-04
   2.2009733e-04
   2.1884466e-04
   2.1760220e-04
   2.1636987e-04
   2.1514759e-04
   2.1393526e-04
   2.1273282e-04
   2.1154017e-04
   2.1035724e-04
   2.0918396e-04
   2.0802023e-04
   2.0686599e-04
   2.0572115e-04
   2.0458564e-04
   2.0345938e-04
   2.0234230e-04
   2.0123433e-04
   2.0013537e-04
   1.9904538e-04
   1.9796426e-04
   1.9689195e-04
   1.9582838e-04
   1.9477347e-04
   1.9372716e-04
   1.9268937e-04
   1.9166003e-04
   1.9063908e-04
   1.8962645e-04
   1.8862206e-04
   1.8762586e-04
   1.8663776e-04
   1.8565772e-04
   1.8468566e-04
   1.8372151e-04
   1.8276522e-04
   1.8181672e-04
   1.8087594e-04
   1.7994282e-04
   1.7901730e-04
   1.7809931e-04
   1.7718880e-04
   1.7628571e-04
   1.7538996e-04
   1.7450151e-04
   1.7362030e-04
   1.7274626e-04
   1.7187933e-04
   1.7101946e-04
   1.7016659e-04
   1.6932067e-04
   1.6848163e-04
   1.6764942e-04
   1.6682398e-04
   1.6600526e-04
   1.6519321e-04
   1.6438776e-04
   1.6358887e-04
   1.6279648e-04
   1.6201054e-04
   1.6123099e-04
   1.6045779e-04
   1.5969088e-04
   1.5893021e-04
   1.5817572e-04
   1.5742738e-04
   1.5668512e-04
   1.5594890e-04
   1.5521868e-04
   1.5449439e-04
   1.5377599e-04
   1.5306344e-04
   1.5235668e-04
   1.5165567e-04
   1.5096036e-04
   1.5027070e-04
   1.4958666e-04
   1.4890817e-04
   1.4823521e-04
   1.4756771e-04
   1.4690564e-04
   1.4624896e-04
   1.4559761e-04
   1.4495156e-04
   1.4431076e-04
   1.4367517e-04
   1.4304474e-04
   1.4241944e-04
   1.4179922e-04
   1.4118405e-04
   1.4057387e-04
   1.3996865e-04
   1.3936834e-04
   1.3877292e-04
   1.3818233e-04
   1.3759654e-04
   1.3701551e-04
   1.3643920e-04
   1.3586757e-04
   1.3530059e-04
   1.3473821e-04
   1.3418040e-04
   1.3362711e-04
   1.3307832e-04
   1.3253399e-04
   1.3199408e-04
   1.3145855e-04
   1.3092737e-04
   1.3040050e-04
   1.2987790e-04
   1.2935955e-04
   1.2884541e-04
   1.2833544e-04
   1.2782961e-04
   1.2732789e-04
   1.2683023e-04
   1.2633662e-04
   1.2584700e-04
   1.2536137e-04
   1.2487967e-04
   1.2440188e-04
   1.2392796e-04
   1.2345789e-04
   1.2299163e-04
   1.2252915e-04
   1.2207043e-04
   1.2161542e-04
   1.2116410e-04
   1.2071644e-04
   1.2027241e-04
   1.1983198e-04
   1.1939512e-04
   1.1896180e-04
   1.1853199e-04
   1.1810567e-04
   1.1768280e-04
   1.1726336e-04
   1.1684731e-04
   1.1643464e-04
   1.1602531e-04
   1.1561929e-04
   1.1521656e-04
   1.1481710e-04
   1.1442087e-04
   1.1402785e-04
   1.1363801e-04
   1.1325132e-04
   1.1286777e-04
   1.1248732e-04
   1.1210995e-04
   1.1173564e-04
   1.1136435e-04
   1.1099607e-04
   1.1063077e-04
   1.1026842e-04
   1.0990901e-04
   1.0955250e-04
   1.0919888e-04
   1.0884811e-04
   1.0850019e-04
   1.0815507e-04
   1.0781275e-04
   1.0747319e-04
   1.0713638e-04
   1.0680229e-04
   1.0647091e-04
   1.0614220e-04
   1.0581614e-04
   1.0549272e-04
   1.0517191e-04
   1.0485370e-04
   1.0453805e-04
   1.0422496e-04
   1.0391439e-04
   1.0360633e-04
   1.0330076e-04
   1.0299765e-04
   1.0269699e-04
   1.0239876e-04
   1.0210293e-04
   1.0180949e-04
   1.0151842e-04
   1.0122970e-04
   1.0094330e-04
   1.0065922e-04
   1.0037743e-04
   1.0009791e-04
   9.9820640e-05
   9.9545608e-05
   9.9272793e-05
   9.9002177e-05
   9.8733741e-05
   9.8467469e-05
   9.8203342e-05
   9.7941343e-05
   9.7681454e-05
   9.7423659e-05
   9.7167939e-05
   9.6914278e-05
   9.6662659e-05
   9.6413066e-05
   9.6165482e-05
   9.5919890e-05
   9.5676274e-05
   9.5434618e-05
   9.5194906e-05
   9.4957122e-05
   9.4721251e-05
   9.4487276e-05
   9.4255182e-05
   9.4024954e-05
   9.3796576e-05
   9.3570033e-05
   9.3345311e-05
   9.3122394e-05
   9.2901268e-05
   9.2681918e-05
   9.2464329e-05
   9.2248487e-05
   9.2034378e-05
   9.1821988e-05
   9.1611302e-05
   9.1402306e-05
   9.1194988e-05
   9.0989332e-05
   9.0785326e-05
   9.0582956e-05
   9.0382208e-05
   9.0183070e-05
   8.9985527e-05
   8.9789568e-05
   8.9595179e-05
   8.9402347e-05
   8.9211060e-05
   8.9021304e-05
   8.8833068e-05
   8.8646339e-05
   8.8461104e-05
   8.8277352e-05
   8.8095070e-05
   8.7914246e-05
   8.7734869e-05
   8.7556926e-05
   8.7380406e-05
   8.7205297e-05
   8.7031587e-05
   8.6859266e-05
   8.6688321e-05
   8.6518742e-05
   8.6350517e-05
   8.6183636e-05
   8.6018087e-05
   8.5853859e-05
   8.5690942e-05
   8.5529324e-05
   8.5368996e-05
   8.5209946e-05
   8.5052165e-05
   8.4895642e-05
   8.4740366e-05
   8.4586327e-05
   8.4433516e-05
   8.4281922e-05
   8.4131535e-05
   8.3982346e-05
   8.3834344e-05
   8.3687520e-05
   8.3541864e-05
   8.3397367e-05
   8.3254020e-05
   8.3111812e-05
   8.2970734e-05
   8.2830778e-05
   8.2691934e-05
   8.2554193e-05
   8.2417546e-05
   8.2281984e-05
   8.2147499e-05
   8.2014080e-05
   8.1881720e-05
   8.1750411e-05
   8.1620142e-05
   8.1490907e-05
   8.1362696e-05
   8.1235501e-05
   8.1109314e-05
   8.0984126e-05
   8.0859930e-05
   8.0736717e-05
   8.0614479e-05
   8.0493209e-05
   8.0372898e-05
   8.0253538e-05
   8.0135122e-05
   8.0017642e-05
   7.9901091e-05
   7.9785460e-05
   7.9670743e-05
   7.9556931e-05
   7.9444018e-05
   7.9331996e-05
   7.9220857e-05
   7.9110595e-05
   7.9001203e-05
   7.8892673e-05
   7.8784998e-05
   7.8678171e-05
   7.8572186e-05
   7.8467035e-05
   7.8362711e-05
   7.8259209e-05
   7.8156521e-05
   7.8054640e-05
   7.7953560e-05
   7.7853274e-05
   7.7753777e-05
   7.7655061e-05
   7.7557119e-05
   7.7459947e-05
   7.7363537e-05
   7.7267883e-05
   7.7172980e-05
   7.7078820e-05
   7.6985398e-05
   7.6892708e-05
   7.6800744e-05
   7.6709499e-05
   7.6618969e-05
   7.6529147e-05
   7.6440027e-05
   7.6351604e-05
   7.6263872e-05
   7.6176826e-05
   7.6090459e-05
   7.6004766e-05
   7.5919742e-05
   7.5835381e-05
   7.5751678e-05
   7.5668628e-05
   7.5586225e-05
   7.5504463e-05
   7.5423339e-05
   7.5342845e-05
   7.5262978e-05
   7.5183732e-05
   7.5105102e-05
   7.5027083e-05
   7.4949671e-05
   7.4872859e-05
   7.4796643e-05
   7.4721019e-05
   7.4645982e-05
   7.4571526e-05
   7.4497647e-05
   7.4424341e-05
   7.4351602e-05
   7.4279426e-05
   7.4207809e-05
   7.4136745e-05
   7.4066231e-05
   7.3996261e-05
   7.3926832e-05
   7.3857939e-05
   7.3789577e-05
   7.3721743e-05
   7.3654432e-05
   7.3587640e-05
   7.3521362e-05
   7.3455594e-05
   7.3390332e-05
   7.3325573e-05
   7.3261311e-05
   7.3197543e-05
   7.3134266e-05
   7.3071473e-05
   7.3009163e-05
   7.2947331e-05
   7.2885973e-05
   7.2825085e-05
   7.2764663e-05
   7.2704704e-05
   7.2645204e-05
   7.2586158e-05
   7.2527565e-05
   7.2469418e-05
   7.2411716e-05
   7.2354454e-05
   7.2297629e-05
   7.2241238e-05
   7.2185276e-05
   7.2129740e-05
   7.2074627e-05
   7.2019933e-05
   7.1965655e-05
   7.1911790e-05
   7.1858334e-05
   7.1805283e-05
   7.1752636e-05
   7.1700387e-05
   7.1648534e-05
   7.1597075e-05
   7.1546004e-05
   7.1495321e-05
   7.1445020e-05
   7.1395100e-05
   7.1345556e-05
   7.1296387e-05
   7.1247588e-05
   7.1199158e-05
   7.1151092e-05
   7.1103388e-05
   7.1056044e-05
   7.1009055e-05
   7.0962420e-05
   7.0916135e-05
   7.0870197e-05
   7.0824604e-05
   7.0779353e-05
   7.0734441e-05
   7.0689865e-05
   7.0645623e-05
   7.0601711e-05
   7.0558128e-05
   7.0514871e-05
   7.0471936e-05
   7.0429321e-05
   7.0387024e-05
   7.0345042e-05
   7.0303373e-05
   7.0262014e-05
   7.0220962e-05
   7.0180215e-05
   7.0139770e-05
   7.0099625e-05
   7.0059778e-05
   7.0020226e-05
   6.9980967e-05
   6.9941999e-05
   6.9903318e-05
   6.9864923e-05
   6.9826811e-05
   6.9788981e-05
   6.9751429e-05
   6.9714153e-05
   6.9677152e-05
   6.9640423e-05
   6.9603964e-05
   6.9567773e-05
   6.9531847e-05
   6.9496184e-05
   6.9460783e-05
   6.9425640e-05
   6.9390755e-05
   6.9356124e-05
   6.9321747e-05
   6.9287620e-05
   6.9253742e-05
   6.9220110e-05
   6.9186724e-05
   6.9153580e-05
   6.9120676e-05
   6.9088012e-05
   6.9055585e-05
   6.9023392e-05
   6.8991433e-05
   6.8959705e-05
   6.8928206e-05
   6.8896934e-05
   6.8865888e-05
   6.8835066e-05
   6.8804466e-05
   6.8774086e-05
   6.8743925e-05
   6.8713980e-05
   6.8684250e-05
   6.8654733e-05
   6.8625428e-05
   6.8596332e-05
   6.8567444e-05
   6.8538763e-05
   6.8510286e-05
   6.8482013e-05
   6.8453940e-05
   6.8426068e-05
   6.8398393e-05
   6.8370915e-05
   6.8343632e-05
   6.8316542e-05
   6.8289645e-05
   6.8262937e-05
   6.8236418e-05
   6.8210086e-05
   6.8183940e-05
   6.8157978e-05
   6.8132199e-05
   6.8106601e-05
   6.8081183e-05
   6.8055943e-05
   6.8030880e-05
   6.8005993e-05
   6.7981279e-05
   6.7956738e-05
   6.7932369e-05
   6.7908169e-05
   6.7884137e-05
   6.7860273e-05
   6.7836575e-05
   6.7813041e-05
   6.7789670e-05
   6.7766461e-05
   6.7743412e-05
   6.7720523e-05
   6.7697791e-05
   6.7675216e-05
   6.7652797e-05
   6.7630532e-05
   6.7608419e-05
   6.7586458e-05
   6.7564648e-05
   6.7542987e-05
   6.7521474e-05
   6.7500108e-05
   6.7478888e-05
   6.7457812e-05
   6.7436879e-05
   6.7416088e-05
   6.7395439e-05
   6.7374930e-05
   6.7354559e-05
   6.7334326e-05
   6.7314229e-05
   6.7294268e-05
   6.7274442e-05
   6.7254748e-05
   6.7235187e-05
   6.7215757e-05
   6.7196458e-05
   6.7177287e-05
   6.7158244e-05
   6.7139329e-05
   6.7120539e-05
   6.7101874e-05
   6.7083334e-05
   6.7064916e-05
   6.7046620e-05
   6.7028446e-05
   6.7010391e-05
   6.6992456e-05
   6.6974639e-05
   6.6956938e-05
   6.6939355e-05
   6.6921886e-05
   6.6904532e-05
   6.6887291e-05
   6.6870163e-05
   6.6853147e-05
   6.6836242e-05
   6.6819446e-05
   6.6802760e-05
   6.6786181e-05
   6.6769710e-05
   6.6753345e-05
   6.6737086e-05
   6.6720932e-05
   6.6704882e-05
   6.6688935e-05
   6.6673090e-05
   6.6657346e-05
   6.6641703e-05
   6.6626160e-05
   6.6610716e-05
   6.6595370e-05
   6.6580122e-05
   6.6564970e-05
   6.6549915e-05
   6.6534954e-05
   6.6520088e-05
   6.6505316e-05
   6.6490636e-05
   6.6476049e-05
   6.6461553e-05
   6.6447148e-05
   6.6432833e-05
   6.6418607e-05
   6.6404469e-05
   6.6390420e-05
   6.6376458e-05
   6.6362582e-05
   6.6348792e-05
   6.6335087e-05
   6.6321466e-05
   6.6307930e-05
   6.6294476e-05
   6.6281105e-05
   6.6267816e-05
   6.6254607e-05
   6.6241480e-05
   6.6228432e-05
   6.6215463e-05
   6.6202573e-05
   6.6189761e-05
   6.6177027e-05
   6.6164369e-05
   6.6151787e-05
   6.6139281e-05
   6.6126849e-05
   6.6114493e-05
   6.6102209e-05
   6.6090000e-05
   6.6077862e-05
   6.6065797e-05
   6.6053803e-05
   6.6041880e-05
   6.6030028e-05
   6.6018245e-05
   6.6006532e-05
   6.5994887e-05
   6.5983310e-05
   6.5971802e-05
   6.5960360e-05
   6.5948984e-05
   6.5937675e-05
   6.5926431e-05
   6.5915253e-05
   6.5904139e-05
   6.5893088e-05
   6.5882102e-05
   6.5871178e-05
   6.5860317e-05
   6.5849517e-05
   6.5838780e-05
   6.5828103e-05
   6.5817487e-05
   6.5806931e-05
   6.5796435e-05
   6.5785998e-05
   6.5775619e-05
   6.5765299e-05
   6.5755036e-05
   6.5744831e-05
   6.5734683e-05
   6.5724591e-05
   6.5714555e-05
   6.5704575e-05
   6.5694650e-05
   6.5684779e-05
   6.5674963e-05
   6.5665201e-05
   6.5655492e-05
   6.5645836e-05
   6.5636233e-05
   6.5626682e-05
   6.5617183e-05
   6.5607735e-05
   6.5598338e-05
   6.5588991e-05
   6.5579695e-05
   6.5570449e-05
   6.5561252e-05
   6.5552104e-05
   6.5543005e-05
   6.5533954e-05
   6.5524951e-05
   6.5515996e-05
   6.5507087e-05
   6.5498226e-05
   6.5489411e-05
   6.5480642e-05
   6.5471919e-05
   6.5463241e-05
   6.5454608e-05
   6.5446020e-05
   6.5437476e-05
   6.5428976e-05
   6.5420520e-05
   6.5412107e-05
   6.5403737e-05
   6.5395410e-05
   6.5387125e-05
   6.5378883e-05
   6.5370681e-05
   6.5362522e-05
   6.5354403e-05
   6.5346325e-05
   6.5338287e-05
   6.5330290e-05
   6.5322332e-05
   6.5314414e-05
   6.5306535e-05
   6.5298695e-05
   6.5290893e-05
   6.5283130e-05
   6.5275405e-05
   6.5267717e-05
   6.5260067e-05
   6.5252454e-05
   6.5244878e-05
   6.5237339e-05
   6.5229836e-05
   6.5222369e-05
   6.5214937e-05
   6.5207541e-05
   6.5200181e-05
   6.5192855e-05
   6.5185564e-05
   6.5178307e-05
   6.5171085e-05
   6.5163896e-05
   6.5156742e-05
   6.5149620e-05
   6.5142532e-05
   6.5135476e-05
   6.5128453e-05
   6.5121463e-05
   6.5114505e-05
   6.5107578e-05
   6.5100684e-05
   6.5093820e-05
   6.5086988e-05
   6.5080187e-05
   6.5073417e-05
   6.5066677e-05
   6.5059967e-05
   6.5053288e-05
   6.5046638e-05
   6.5040018e-05
   6.5033427e-05
   6.5026865e-05
   6.5020332e-05
   6.5013828e-05
   6.5007353e-05
   6.5000906e-05
   6.4994487e-05
   6.4988095e-05
   6.4981732e-05
   6.4975396e-05
   6.4969087e-05
   6.4962805e-05
   6.4956550e-05
   6.4950322e-05
   6.4944120e-05
   6.4937944e-05
   6.4931795e-05
   6.4925671e-05
   6.4919573e-05
   6.4913500e-05
   6.4907453e-05
   6.4901431e-05
   6.4895434e-05
   6.4889461e-05
   6.4883514e-05
   6.4877590e-05
   6.4871691e-05
   6.4865816e-05
   6.4859964e-05
   6.4854137e-05
   6.4848332e-05
   6.4842551e-05
   6.4836794e-05
   6.4831059e-05
   6.4825347e-05
   6.4819658e-05
   6.4813991e-05
   6.4808347e-05
   6.4802724e-05
   6.4797124e-05
   6.4791546e-05
   6.4785989e-05
   6.4780454e-05
   6.4774940e-05
   6.4769447e-05
   6.4763976e-05
   6.4758525e-05
   6.4753095e-05
   6.4747686e-05
   6.4742297e-05
   6.4736929e-05
   6.4731581e-05
   6.4726252e-05
   6.4720944e-05
   6.4715655e-05
   6.4710386e-05
   6.4705137e-05
   6.4699906e-05
   6.4694695e-05
   6.4689503e-05
   6.4684330e-05
   6.4679176e-05
   6.4674040e-05
   6.4668923e-05
   6.4663824e-05
   6.4658743e-05
   6.4653681e-05
   6.4648636e-05
   6.4643609e-05
   6.4638601e-05
   6.4633609e-05
   6.4628635e-05
   6.4623679e-05
   6.4618740e-05
   6.4613817e-05
   6.4608912e-05
   6.4604024e-05
   6.4599153e-05
   6.4594298e-05
   6.4589459e-05
   6.4584637e-05
   6.4579832e-05
   6.4575042e-05
   6.4570269e-05
   6.4565511e-05
   6.4560770e-05
   6.4556044e-05
   6.4551334e-05
   6.4546639e-05
   6.4541960e-05
   6.4537296e-05
   6.4532647e-05
   6.4528013e-05
   6.4523394e-05
   6.4518790e-05
   6.4514201e-05
   6.4509627e-05
   6.4505067e-05
   6.4500522e-05
   6.4495991e-05
   6.4491474e-05
   6.4486972e-05
   6.4482483e-05
   6.4478009e-05
   6.4473548e-05
   6.4469102e-05
   6.4464668e-05
   6.4460249e-05
   6.4455843e-05
   6.4451451e-05
   6.4447072e-05
   6.4442706e-05
   6.4438353e-05
   6.4434013e-05
   6.4429687e-05
   6.4425373e-05
   6.4421072e-05
   6.4416784e-05
   6.4412508e-05
   6.4408245e-05
   6.4403995e-05
   6.4399757e-05
   6.4395531e-05
   6.4391317e-05
   6.4387116e-05
   6.4382926e-05
   6.4378749e-05
   6.4374583e-05
   6.4370430e-05
   6.4366288e-05
   6.4362157e-05
   6.4358039e-05
   6.4353931e-05
   6.4349836e-05
   6.4345751e-05
   6.4341678e-05
   6.4337616e-05
   6.4333566e-05
   6.4329526e-05
   6.4325497e-05
   6.4321480e-05
   6.4317473e-05
   6.4313477e-05
   6.4309491e-05
   6.4305517e-05
   6.4301553e-05
   6.4297599e-05
   6.4293656e-05
   6.4289723e-05
   6.4285801e-05
   6.4281888e-05
   6.4277986e-05
   6.4274094e-05
   6.4270212e-05
   6.4266341e-05
   6.4262479e-05
   6.4258627e-05
   6.4254784e-05
   6.4250952e-05
   6.4247129e-05
   6.4243316e-05
   6.4239512e-05
   6.4235718e-05
   6.4231933e-05
   6.4228158e-05
   6.4224391e-05
   6.4220635e-05
   6.4216887e-05
   6.4213149e-05
   6.4209419e-05
   6.4205699e-05
   6.4201987e-05
   6.4198285e-05
   6.4194591e-05
   6.4190907e-05
   6.4187231e-05
   6.4183563e-05
   6.4179905e-05
   6.4176255e-05
   6.4172613e-05
   6.4168980e-05
   6.4165356e-05
   6.4161739e-05
   6.4158132e-05
   6.4154532e-05
   6.4150941e-05
   6.4147358e-05
   6.4143783e-05
   6.4140216e-05
   6.4136657e-05
   6.4133106e-05
   6.4129563e-05
   6.4126028e-05
   6.4122501e-05
   6.4118982e-05
   6.4115470e-05
   6.4111967e-05
   6.4108470e-05
   6.4104982e-05
   6.4101501e-05
   6.4098027e-05
   6.4094562e-05
   6.4091103e-05
   6.4087652e-05
   6.4084208e-05
   6.4080772e-05
   6.4077343e-05
   6.4073921e-05
   6.4070506e-05
   6.4067099e-05
   6.4063698e-05
   6.4060305e-05
   6.4056919e-05
   6.4053539e-05
   6.4050167e-05
   6.4046802e-05
   6.4043443e-05
   6.4040091e-05
   6.4036746e-05
   6.4033408e-05
   6.4030077e-05
   6.4026752e-05
   6.4023434e-05
   6.4020122e-05
   6.4016817e-05
   6.4013519e-05
   6.4010227e-05
   6.4006942e-05
   6.4003662e-05
   6.4000390e-05
   6.3997124e-05
   6.3993864e-05
   6.3990610e-05
   6.3987362e-05
   6.3984121e-05
   6.3980886e-05
   6.3977657e-05
   6.3974435e-05
   6.3971218e-05
   6.3968007e-05
   6.3964803e-05
   6.3961604e-05
   6.3958411e-05
   6.3955224e-05
   6.3952044e-05
   6.3948869e-05
   6.3945699e-05
   6.3942536e-05
   6.3939378e-05
   6.3936227e-05
   6.3933080e-05
   6.3929940e-05
   6.3926805e-05
   6.3923676e-05
   6.3920552e-05
   6.3917434e-05
   6.3914322e-05
   6.3911215e-05
   6.3908113e-05
   6.3905017e-05
   6.3901926e-05
   6.3898841e-05
   6.3895761e-05
   6.3892686e-05
   6.3889617e-05
   6.3886553e-05
   6.3883494e-05
   6.3880441e-05
   6.3877392e-05
   6.3874349e-05
   6.3871311e-05
   6.3868278e-05
   6.3865251e-05
   6.3862228e-05
   6.3859210e-05
   6.3856198e-05
   6.3853190e-05
   6.3850187e-05
   6.3847190e-05
   6.3844197e-05
   6.3841209e-05
   6.3838226e-05
   6.3835248e-05
   6.3832274e-05
   6.3829306e-05
   6.3826342e-05
   6.3823383e-05
   6.3820429e-05
   6.3817480e-05
   6.3814535e-05
   6.3811595e-05
   6.3808659e-05
   6.3805728e-05
   6.3802802e-05
   6.3799881e-05
   6.3796963e-05
   6.3794051e-05
   6.3791143e-05
   6.3788239e-05
   6.3785340e-05
   6.3782446e-05
   6.3779556e-05
   6.3776670e-05
   6.3773789e-05
   6.3770912e-05
   6.3768039e-05
   6.3765171e-05
   6.3762307e-05
   6.3759447e-05
   6.3756592e-05
   6.3753741e-05
   6.3750894e-05
   6.3748051e-05
   6.3745213e-05
   6.3742379e-05
   6.3739549e-05
   6.3736723e-05
   6.3733901e-05
   6.3731083e-05
   6.3728270e-05
   6.3725460e-05
   6.3722655e-05
   6.3719853e-05
   6.3717056e-05
   6.3714263e-05
   6.3711473e-05
   6.3708688e-05
   6.3705907e-05
   6.3703129e-05
   6.3700356e-05
   6.3697586e-05
   6.3694820e-05
   6.3692058e-05
   6.3689300e-05
   6.3686546e-05
   6.3683796e-05
   6.3681049e-05
   6.3678306e-05
   6.3675567e-05
   6.3672832e-05
   6.3670101e-05
   6.3667373e-05
   6.3664649e-05
   6.3661929e-05
   6.3659212e-05
   6.3656499e-05
   6.3653790e-05
   6.3651084e-05
   6.3648382e-05
   6.3645684e-05
   6.3642989e-05
   6.3640298e-05
   6.3637610e-05
   6.3634926e-05
   6.3632245e-05
   6.3629568e-05
   6.3626895e-05
   6.3624225e-05
   6.3621558e-05
   6.3618895e-05
   6.3616236e-05
   6.3613579e-05
   6.3610927e-05
   6.3608278e-05
   6.3605632e-05
   6.3602989e-05
   6.3600350e-05
   6.3597714e-05
   6.3595082e-05
   6.3592453e-05
   6.3589827e-05
   6.3587205e-05
   6.3584586e-05
   6.3581970e-05
   6.3579358e-05
