   9.7116653e-01
   9.7102377e-01
   9.7088113e-01
   9.7073859e-01
   9.7059617e-01
   9.7045385e-01
   9.7031164e-01
   9.7016955e-01
   9.7002756e-01
   9.6988567e-01
   9.6974390e-01
   9.6960223e-01
   9.6946068e-01
   9.6931923e-01
   9.6917788e-01
   9.6903665e-01
   9.6889552e-01
   9.6875450e-01
   9.6861359e-01
   9.6847278e-01
   9.6833208e-01
   9.6819149e-01
   9.6805100e-01
   9.6791062e-01
   9.6777034e-01
   9.6763017e-01
   9.6749010e-01
   9.6735014e-01
   9.6721029e-01
   9.6707054e-01
   9.6693089e-01
   9.6679135e-01
   9.6665192e-01
   9.6651259e-01
   9.6637336e-01
   9.6623424e-01
   9.6609522e-01
   9.6595630e-01
   9.6581749e-01
   9.6567878e-01
   9.6554017e-01
   9.6540167e-01
   9.6526327e-01
   9.6512497e-01
   9.6498678e-01
   9.6484869e-01
   9.6471069e-01
   9.6457281e-01
   9.6443502e-01
   9.6429734e-01
   9.6415975e-01
   9.6402227e-01
   9.6388489e-01
   9.6374761e-01
   9.6361043e-01
   9.6347335e-01
   9.6333638e-01
   9.6319950e-01
   9.6306272e-01
   9.6292604e-01
   9.6278947e-01
   9.6265299e-01
   9.6251661e-01
   9.6238034e-01
   9.6224416e-01
   9.6210808e-01
   9.6197210e-01
   9.6183621e-01
   9.6170043e-01
   9.6156475e-01
   9.6142916e-01
   9.6129367e-01
   9.6115828e-01
   9.6102299e-01
   9.6088780e-01
   9.6075270e-01
   9.6061770e-01
   9.6048280e-01
   9.6034799e-01
   9.6021328e-01
   9.6007867e-01
   9.5994416e-01
   9.5980974e-01
   9.5967542e-01
   9.5954119e-01
   9.5940706e-01
   9.5927303e-01
   9.5913909e-01
   9.5900525e-01
   9.5887150e-01
   9.5873785e-01
   9.5860429e-01
   9.5847083e-01
   9.5833746e-01
   9.5820419e-01
   9.5807101e-01
   9.5793793e-01
   9.5780494e-01
   9.5767205e-01
   9.5753925e-01
   9.5740654e-01
   9.5728767e-01
   1.0975077e+00
   1.2372863e+00
   1.3767056e+00
   1.5158312e+00
   1.6547284e+00
   1.7934709e+00
   1.9321288e+00
   2.0707727e+00
   2.2094777e+00
   2.3483234e+00
   2.4873976e+00
   2.6268018e+00
   2.7666563e+00
   2.9071127e+00
   3.0483693e+00
   3.1906918e+00
   3.3344451e+00
   3.4801382e+00
   3.6284853e+00
   3.7805047e+00
   3.9376583e+00
   4.1020772e+00
   4.2769325e+00
   4.4670695e+00
   4.6801950e+00
   4.9291678e+00
   5.2368296e+00
   5.6468501e+00
   6.2493787e+00
   7.2377462e+00
   8.9448009e+00
   1.0096602e+01
   7.7978231e+00
   6.3510701e+00
   5.7761869e+00
   5.5296750e+00
   5.4001510e+00
   5.3178318e+00
   5.2637050e+00
   5.2262319e+00
   5.1995849e+00
   5.1809715e+00
   5.1689006e+00
   5.1623863e+00
   5.1606437e+00
   5.1629879e+00
   5.1687996e+00
   5.1775163e+00
   5.1886272e+00
   5.2016731e+00
   5.3425057e+00
   5.4841283e+00
   5.6258989e+00
   5.7672558e+00
   5.9077077e+00
   6.0447392e+00
   6.1781061e+00
   6.3076215e+00
   6.4331468e+00
   6.5545827e+00
   6.6718630e+00
   6.7849508e+00
   6.8938333e+00
   6.9985189e+00
   7.0990331e+00
   7.1954168e+00
   7.2877240e+00
   7.3760199e+00
   7.4603799e+00
   7.5408877e+00
   7.6176345e+00
   7.6907182e+00
   7.7602417e+00
   7.8263125e+00
   7.8890411e+00
   7.9485410e+00
   8.0049270e+00
   8.0583150e+00
   8.1088207e+00
   8.1565597e+00
   8.2016461e+00
   8.2441925e+00
   8.2843093e+00
   8.3221046e+00
   8.3576837e+00
   8.3911488e+00
   8.4225992e+00
   8.4521308e+00
   8.4798362e+00
   8.5058047e+00
   8.5301222e+00
   8.5528710e+00
   8.5741304e+00
   8.5939763e+00
   8.6124812e+00
   8.6297147e+00
   8.6457433e+00
   8.6606303e+00
   8.6744365e+00
   8.6872197e+00
   8.6990352e+00
   8.7099354e+00
   8.7199705e+00
   8.7291885e+00
   8.7376346e+00
   8.7453523e+00
   8.7523829e+00
   8.7587655e+00
   8.7645375e+00
   8.7697344e+00
   8.7743899e+00
   8.7785364e+00
   8.7822041e+00
   8.7854223e+00
   8.7882183e+00
   8.7906185e+00
   8.7926478e+00
   8.7943297e+00
   8.7956867e+00
   8.7967401e+00
   8.7975101e+00
   8.7980161e+00
   8.7982761e+00
   8.7983075e+00
   8.7981268e+00
   8.7977495e+00
   8.7971906e+00
   8.7964636e+00
   8.7955820e+00
   8.7945587e+00
   8.7934053e+00
   8.7921331e+00
   8.7907531e+00
   8.7892752e+00
   8.7877090e+00
   8.7860637e+00
   8.7843478e+00
   8.7825696e+00
   8.7807368e+00
   8.7788565e+00
   8.7769358e+00
   8.7749813e+00
   8.7729991e+00
   8.7709950e+00
   8.7689745e+00
   8.7669429e+00
   8.7649052e+00
   8.7628660e+00
   8.7608296e+00
   8.7588005e+00
   8.7567823e+00
   8.7547786e+00
   8.7527934e+00
   8.7508295e+00
   8.7488905e+00
   8.7469790e+00
   8.7450977e+00
   8.7432495e+00
   8.7414367e+00
   8.7396619e+00
   8.7379269e+00
   8.7362339e+00
   8.7345850e+00
   8.7329820e+00
   8.7314267e+00
   8.7299205e+00
   8.7284651e+00
   8.7270620e+00
   8.7257125e+00
   8.7244178e+00
   8.7231794e+00
   8.7219983e+00
   8.7208756e+00
   8.7198124e+00
   8.7188096e+00
   8.7178679e+00
   8.7169887e+00
   8.7161724e+00
   8.7154199e+00
   8.7147320e+00
   8.7141094e+00
   8.7135527e+00
   8.7130626e+00
   8.7126396e+00
   8.7122844e+00
   8.7119976e+00
   8.7117796e+00
   8.7116311e+00
   8.7115525e+00
   8.7115443e+00
   8.7116069e+00
   8.7117408e+00
   8.7119463e+00
   8.7122241e+00
   8.7125743e+00
   8.7129975e+00
   8.7134942e+00
   8.7140645e+00
   8.7147089e+00
   8.7154279e+00
   8.7162218e+00
   8.7170909e+00
   8.7180358e+00
   8.7190568e+00
   8.7201541e+00
   8.7213281e+00
   8.7225793e+00
   8.7239082e+00
   8.7253151e+00
   8.7268003e+00
   8.7283644e+00
   8.7300075e+00
   8.7317305e+00
   8.7335333e+00
   8.7354165e+00
   8.7373805e+00
   8.7394259e+00
   8.7415531e+00
   8.7437625e+00
   8.7460548e+00
   8.7484301e+00
   8.7508892e+00
   8.7534323e+00
   8.7560599e+00
   8.7587728e+00
   8.7615713e+00
   8.7644560e+00
   8.7674275e+00
   8.7704861e+00
   8.7736326e+00
   8.7768675e+00
   8.7801912e+00
   8.7836046e+00
   8.7871081e+00
   8.7907022e+00
   8.7943873e+00
   8.7981643e+00
   8.8020336e+00
   8.8059957e+00
   8.8100512e+00
   8.8142009e+00
   8.8184449e+00
   8.8227843e+00
   8.8272192e+00
   8.8317502e+00
   8.8363776e+00
   8.8411021e+00
   8.8459241e+00
   8.8508439e+00
   8.8558619e+00
   8.8609784e+00
   8.8661936e+00
   8.8715081e+00
   8.8769219e+00
   8.8824351e+00
   8.8880479e+00
   8.8937601e+00
   8.8995717e+00
   8.9054827e+00
   8.9114926e+00
   8.9176013e+00
   8.9238082e+00
   8.9301129e+00
   8.9365149e+00
   8.9430133e+00
   8.9496074e+00
   8.9562961e+00
   8.9630785e+00
   8.9699530e+00
   8.9769188e+00
   8.9839740e+00
   8.9911172e+00
   8.9983464e+00
   9.0056599e+00
   9.0130555e+00
   9.0205311e+00
   9.0280842e+00
   9.0357127e+00
   9.0434135e+00
   9.0511840e+00
   9.0590215e+00
   9.0669230e+00
   9.0748853e+00
   9.0829052e+00
   9.0909795e+00
   9.0991048e+00
   9.1072778e+00
   9.1154949e+00
   9.1237522e+00
   9.1320464e+00
   9.1403740e+00
   9.1487311e+00
   9.1571144e+00
   9.1655202e+00
   9.1739448e+00
   9.1823848e+00
   9.1908365e+00
   9.1992970e+00
   9.2077624e+00
   9.2162300e+00
   9.2246961e+00
   9.2331581e+00
   9.2416130e+00
   9.2500576e+00
   9.2584895e+00
   9.2669060e+00
   9.2753045e+00
   9.2836827e+00
   9.2920388e+00
   9.3003704e+00
   9.3086754e+00
   9.3169524e+00
   9.3251994e+00
   9.3334148e+00
   9.3415974e+00
   9.3497458e+00
   9.3578591e+00
   9.3659359e+00
   9.3739752e+00
   9.3819762e+00
   9.3899383e+00
   9.3978606e+00
   9.4057427e+00
   9.4135840e+00
   9.4213840e+00
   9.4291427e+00
   9.4368596e+00
   9.4445346e+00
   9.4521677e+00
   9.4597585e+00
   9.4673074e+00
   9.4748143e+00
   9.4822791e+00
   9.4897021e+00
   9.4970836e+00
   9.5044237e+00
   9.5117227e+00
   9.5189808e+00
   9.5261982e+00
   9.5333755e+00
   9.5405130e+00
   9.5476105e+00
   9.5546693e+00
   9.5616892e+00
   9.5686710e+00
   9.5756148e+00
   9.5825211e+00
   9.5893903e+00
   9.5962230e+00
   9.6030196e+00
   9.6097807e+00
   9.6165065e+00
   9.6231977e+00
   9.6298547e+00
   9.6364780e+00
   9.6430679e+00
   9.6496252e+00
   9.6561500e+00
   9.6626428e+00
   9.6691042e+00
   9.6755347e+00
   9.6819343e+00
   9.6883041e+00
   9.6946440e+00
   9.7009547e+00
   9.7072365e+00
   9.7134899e+00
   9.7197154e+00
   9.7259132e+00
   9.7320841e+00
   9.7382281e+00
   9.7443458e+00
   9.7504375e+00
   9.7565034e+00
   9.7625442e+00
   9.7685601e+00
   9.7745516e+00
   9.7805189e+00
   9.7864622e+00
   9.7923821e+00
   9.7982789e+00
   9.8041529e+00
   9.8100044e+00
   9.8158337e+00
   9.8216411e+00
   9.8274272e+00
   9.8331919e+00
   9.8389357e+00
   9.8446589e+00
   9.8503619e+00
   9.8560446e+00
   9.8617078e+00
   9.8673513e+00
   9.8729756e+00
   9.8785808e+00
   9.8841675e+00
   9.8897355e+00
   9.8952855e+00
   9.9008174e+00
   9.9063317e+00
   9.9118284e+00
   9.9173079e+00
   9.9227702e+00
   9.9282160e+00
   9.9336451e+00
   9.9390581e+00
   9.9444549e+00
   9.9498357e+00
   9.9552009e+00
   9.9605505e+00
   9.9658849e+00
   9.9712045e+00
   9.9765090e+00
   9.9817988e+00
   9.9870743e+00
   9.9923353e+00
   9.9975822e+00
   1.0002815e+01
   1.0008034e+01
   1.0013240e+01
   1.0018432e+01
   1.0023612e+01
   1.0028778e+01
   1.0033931e+01
   1.0039072e+01
   1.0044200e+01
   1.0049315e+01
   1.0054419e+01
   1.0059510e+01
   1.0064590e+01
   1.0069658e+01
   1.0074714e+01
   1.0079759e+01
   1.0084793e+01
   1.0089816e+01
   1.0094827e+01
   1.0099828e+01
   1.0104818e+01
   1.0109798e+01
   1.0114767e+01
   1.0119725e+01
   1.0124674e+01
   1.0129612e+01
   1.0134541e+01
   1.0139460e+01
   1.0144370e+01
   1.0149270e+01
   1.0154161e+01
   1.0159043e+01
   1.0163915e+01
   1.0168778e+01
   1.0173633e+01
   1.0178479e+01
   1.0183316e+01
   1.0188144e+01
   1.0192964e+01
   1.0197776e+01
   1.0202580e+01
   1.0207376e+01
   1.0212164e+01
   1.0216943e+01
   1.0221716e+01
   1.0226480e+01
   1.0231237e+01
   1.0235986e+01
   1.0240729e+01
   1.0245464e+01
   1.0250191e+01
   1.0254912e+01
   1.0259626e+01
   1.0264333e+01
   1.0269033e+01
   1.0273726e+01
   1.0278413e+01
   1.0283094e+01
   1.0287768e+01
   1.0292435e+01
   1.0297097e+01
   1.0301752e+01
   1.0306401e+01
   1.0311044e+01
   1.0315682e+01
   1.0320313e+01
   1.0324939e+01
   1.0329559e+01
   1.0334174e+01
   1.0338783e+01
   1.0343386e+01
   1.0347985e+01
   1.0352578e+01
   1.0357166e+01
   1.0361748e+01
   1.0366326e+01
   1.0370898e+01
   1.0375466e+01
   1.0380029e+01
   1.0384587e+01
   1.0389140e+01
   1.0393689e+01
   1.0398233e+01
   1.0402772e+01
   1.0407308e+01
   1.0411838e+01
   1.0416365e+01
   1.0420887e+01
   1.0425405e+01
   1.0429918e+01
   1.0434428e+01
   1.0438934e+01
   1.0443435e+01
   1.0447933e+01
   1.0452427e+01
   1.0456917e+01
   1.0461403e+01
   1.0465885e+01
   1.0470364e+01
   1.0474839e+01
   1.0479311e+01
   1.0483779e+01
   1.0488244e+01
   1.0492705e+01
   1.0497163e+01
   1.0501617e+01
   1.0506069e+01
   1.0510517e+01
   1.0514962e+01
   1.0519404e+01
   1.0523843e+01
   1.0528278e+01
   1.0532711e+01
   1.0537141e+01
   1.0541568e+01
   1.0545992e+01
   1.0550413e+01
   1.0554831e+01
   1.0559247e+01
   1.0563660e+01
   1.0568070e+01
   1.0572478e+01
   1.0576882e+01
   1.0581285e+01
   1.0585685e+01
   1.0590082e+01
   1.0594477e+01
   1.0598870e+01
   1.0603260e+01
   1.0607648e+01
   1.0612034e+01
   1.0616417e+01
   1.0620798e+01
   1.0625177e+01
   1.0629554e+01
   1.0633929e+01
   1.0638301e+01
   1.0642671e+01
   1.0647040e+01
   1.0651406e+01
   1.0655770e+01
   1.0660133e+01
   1.0664493e+01
   1.0668852e+01
   1.0673208e+01
   1.0677563e+01
   1.0681916e+01
   1.0686267e+01
   1.0690616e+01
   1.0694964e+01
   1.0699310e+01
   1.0703654e+01
   1.0707997e+01
   1.0712338e+01
   1.0716677e+01
   1.0721015e+01
   1.0725351e+01
   1.0729685e+01
   1.0734019e+01
   1.0738350e+01
   1.0742680e+01
   1.0747009e+01
   1.0751336e+01
   1.0755662e+01
   1.0759986e+01
   1.0764309e+01
   1.0768631e+01
   1.0772952e+01
   1.0777271e+01
   1.0781589e+01
   1.0785905e+01
   1.0790221e+01
   1.0794534e+01
   1.0798847e+01
   1.0803159e+01
   1.0807470e+01
   1.0811779e+01
   1.0816087e+01
   1.0820395e+01
   1.0824701e+01
   1.0829006e+01
   1.0833310e+01
   1.0837613e+01
   1.0841915e+01
   1.0846216e+01
   1.0850516e+01
   1.0854815e+01
   1.0859112e+01
   1.0863409e+01
   1.0867705e+01
   1.0872000e+01
   1.0876295e+01
   1.0880588e+01
   1.0884880e+01
   1.0889172e+01
   1.0893463e+01
   1.0897753e+01
   1.0902042e+01
   1.0906331e+01
   1.0910619e+01
   1.0914905e+01
   1.0919191e+01
   1.0923477e+01
   1.0927761e+01
   1.0932045e+01
   1.0936328e+01
   1.0940611e+01
   1.0944893e+01
   1.0949174e+01
   1.0953455e+01
   1.0957735e+01
   1.0962014e+01
   1.0966292e+01
   1.0970571e+01
   1.0974848e+01
   1.0979125e+01
   1.0983401e+01
   1.0987677e+01
   1.0991953e+01
   1.0996227e+01
   1.1000501e+01
   1.1004775e+01
   1.1009048e+01
   1.1013320e+01
   1.1017593e+01
   1.1021864e+01
   1.1026136e+01
   1.1030406e+01
   1.1034676e+01
   1.1038946e+01
   1.1043216e+01
   1.1047485e+01
   1.1051753e+01
   1.1056021e+01
   1.1060289e+01
   1.1064556e+01
   1.1068824e+01
   1.1073090e+01
   1.1077357e+01
   1.1081623e+01
   1.1085889e+01
   1.1090154e+01
   1.1094419e+01
   1.1098684e+01
   1.1102949e+01
   1.1107213e+01
   1.1111477e+01
   1.1115741e+01
   1.1120004e+01
   1.1124268e+01
   1.1128531e+01
   1.1132793e+01
   1.1137055e+01
   1.1141318e+01
   1.1145580e+01
   1.1149842e+01
   1.1154103e+01
   1.1158365e+01
   1.1162626e+01
   1.1166887e+01
   1.1171147e+01
   1.1175408e+01
   1.1179668e+01
   1.1183929e+01
   1.1188189e+01
   1.1192449e+01
   1.1196709e+01
   1.1200968e+01
   1.1205228e+01
   1.1209487e+01
   1.1213747e+01
   1.1218006e+01
   1.1222266e+01
   1.1226525e+01
   1.1230784e+01
   1.1235042e+01
   1.1239301e+01
   1.1243560e+01
   1.1247819e+01
   1.1252077e+01
   1.1256336e+01
   1.1260595e+01
   1.1264853e+01
   1.1269112e+01
   1.1273370e+01
   1.1277628e+01
   1.1281887e+01
   1.1286145e+01
   1.1290404e+01
   1.1294662e+01
   1.1298920e+01
   1.1303179e+01
   1.1307437e+01
   1.1311696e+01
   1.1315954e+01
   1.1320213e+01
   1.1324472e+01
   1.1328730e+01
   1.1332989e+01
   1.1337248e+01
   1.1341506e+01
   1.1345765e+01
   1.1350024e+01
   1.1354283e+01
   1.1358542e+01
   1.1362801e+01
   1.1367060e+01
   1.1371319e+01
   1.1375578e+01
   1.1379838e+01
   1.1384097e+01
   1.1388357e+01
   1.1392616e+01
   1.1396876e+01
   1.1401136e+01
   1.1405396e+01
   1.1409656e+01
   1.1413916e+01
   1.1418176e+01
   1.1422437e+01
   1.1426697e+01
   1.1430958e+01
   1.1435219e+01
   1.1439480e+01
   1.1443741e+01
   1.1448003e+01
   1.1452264e+01
   1.1456526e+01
   1.1460788e+01
   1.1465050e+01
   1.1469312e+01
   1.1473574e+01
   1.1477837e+01
   1.1482099e+01
   1.1486362e+01
   1.1490625e+01
   1.1494888e+01
   1.1499152e+01
   1.1503415e+01
   1.1507679e+01
   1.1511943e+01
   1.1516207e+01
   1.1520472e+01
   1.1524737e+01
   1.1529001e+01
   1.1533266e+01
   1.1537532e+01
   1.1541797e+01
   1.1546063e+01
   1.1550329e+01
   1.1554595e+01
   1.1558861e+01
   1.1563128e+01
   1.1567394e+01
   1.1571661e+01
   1.1575929e+01
   1.1580197e+01
   1.1584464e+01
   1.1588732e+01
   1.1593000e+01
   1.1597269e+01
   1.1601538e+01
   1.1605807e+01
   1.1610077e+01
   1.1614346e+01
   1.1618616e+01
   1.1622886e+01
   1.1627157e+01
   1.1631427e+01
   1.1635698e+01
   1.1639969e+01
   1.1644241e+01
   1.1648512e+01
   1.1652784e+01
   1.1657056e+01
   1.1661329e+01
   1.1665602e+01
   1.1669875e+01
   1.1674148e+01
   1.1678422e+01
   1.1682696e+01
   1.1686970e+01
   1.1691245e+01
   1.1695520e+01
   1.1699795e+01
   1.1704071e+01
   1.1708346e+01
   1.1712622e+01
   1.1716898e+01
   1.1721175e+01
   1.1725452e+01
   1.1729730e+01
   1.1734007e+01
   1.1738285e+01
   1.1742563e+01
   1.1746842e+01
   1.1751121e+01
   1.1755401e+01
   1.1759680e+01
   1.1763960e+01
   1.1768240e+01
   1.1772521e+01
   1.1776801e+01
   1.1781082e+01
   1.1785364e+01
   1.1789646e+01
   1.1793928e+01
   1.1798211e+01
   1.1802493e+01
   1.1806776e+01
   1.1811060e+01
   1.1815344e+01
   1.1819628e+01
   1.1823912e+01
   1.1828197e+01
   1.1832482e+01
   1.1836767e+01
   1.1841053e+01
   1.1845339e+01
   1.1849626e+01
   1.1853913e+01
   1.1858200e+01
   1.1862487e+01
   1.1866776e+01
   1.1871064e+01
   1.1875353e+01
   1.1879641e+01
   1.1883931e+01
   1.1888221e+01
   1.1892511e+01
   1.1896801e+01
   1.1901092e+01
   1.1905383e+01
   1.1909674e+01
   1.1913966e+01
   1.1918258e+01
   1.1922551e+01
   1.1926843e+01
   1.1931137e+01
   1.1935430e+01
   1.1939724e+01
   1.1944018e+01
   1.1948313e+01
   1.1952608e+01
   1.1956903e+01
   1.1961199e+01
   1.1965495e+01
   1.1969791e+01
   1.1974088e+01
   1.1978385e+01
   1.1982682e+01
   1.1986980e+01
   1.1991278e+01
   1.1995577e+01
   1.1999875e+01
   1.2004175e+01
   1.2008474e+01
   1.2012774e+01
   1.2017074e+01
   1.2021375e+01
   1.2025676e+01
   1.2029977e+01
   1.2034278e+01
   1.2038581e+01
   1.2042883e+01
   1.2047186e+01
   1.2051489e+01
   1.2055793e+01
   1.2060097e+01
   1.2064401e+01
   1.2068705e+01
   1.2073010e+01
   1.2077316e+01
   1.2081622e+01
   1.2085927e+01
   1.2090234e+01
   1.2094541e+01
   1.2098848e+01
   1.2103155e+01
   1.2107463e+01
   1.2111771e+01
   1.2116080e+01
   1.2120388e+01
   1.2124698e+01
   1.2129007e+01
   1.2133317e+01
   1.2137627e+01
   1.2141938e+01
   1.2146249e+01
   1.2150560e+01
   1.2154872e+01
   1.2159184e+01
   1.2163496e+01
   1.2167809e+01
   1.2172122e+01
   1.2176435e+01
   1.2180749e+01
   1.2185063e+01
   1.2189377e+01
   1.2193692e+01
   1.2198007e+01
   1.2202322e+01
   1.2206638e+01
   1.2210954e+01
   1.2215271e+01
   1.2219587e+01
   1.2223905e+01
   1.2228222e+01
   1.2232540e+01
   1.2236858e+01
   1.2241176e+01
   1.2245495e+01
   1.2249814e+01
   1.2254134e+01
   1.2258454e+01
   1.2262774e+01
   1.2267095e+01
   1.2271416e+01
   1.2275737e+01
   1.2280058e+01
   1.2284380e+01
   1.2288703e+01
   1.2293025e+01
   1.2297348e+01
   1.2301671e+01
   1.2305995e+01
   1.2310319e+01
   1.2314643e+01
   1.2318967e+01
   1.2323292e+01
   1.2327617e+01
   1.2331942e+01
   1.2336268e+01
   1.2340594e+01
   1.2344921e+01
   1.2349247e+01
   1.2353574e+01
   1.2357902e+01
   1.2362229e+01
   1.2366557e+01
   1.2370885e+01
   1.2375214e+01
   1.2379543e+01
   1.2383872e+01
   1.2388202e+01
   1.2392531e+01
   1.2396861e+01
   1.2401192e+01
   1.2405522e+01
   1.2409853e+01
   1.2414185e+01
   1.2418516e+01
   1.2422848e+01
   1.2427180e+01
   1.2431513e+01
   1.2435846e+01
   1.2440179e+01
   1.2444512e+01
   1.2448845e+01
   1.2453179e+01
   1.2457514e+01
   1.2461848e+01
   1.2466183e+01
   1.2470518e+01
   1.2474854e+01
   1.2479189e+01
   1.2483525e+01
   1.2487862e+01
   1.2492198e+01
   1.2496535e+01
   1.2500872e+01
   1.2505210e+01
   1.2509547e+01
   1.2513885e+01
   1.2518224e+01
   1.2522562e+01
   1.2526901e+01
   1.2531240e+01
   1.2535579e+01
   1.2539919e+01
   1.2544258e+01
   1.2548598e+01
   1.2552939e+01
   1.2557279e+01
   1.2561620e+01
   1.2565961e+01
   1.2570303e+01
   1.2574644e+01
   1.2578986e+01
   1.2583328e+01
   1.2587670e+01
   1.2592013e+01
   1.2596356e+01
   1.2600699e+01
   1.2605043e+01
   1.2609386e+01
   1.2613730e+01
   1.2618074e+01
   1.2622418e+01
   1.2626763e+01
   1.2631108e+01
   1.2635453e+01
   1.2639798e+01
   1.2644143e+01
   1.2648489e+01
   1.2652835e+01
   1.2657181e+01
   1.2661528e+01
   1.2665874e+01
   1.2670221e+01
   1.2674569e+01
   1.2678916e+01
   1.2683264e+01
   1.2687611e+01
   1.2691959e+01
   1.2696308e+01
   1.2700656e+01
   1.2705005e+01
   1.2709354e+01
   1.2713703e+01
   1.2718052e+01
   1.2722402e+01
   1.2726752e+01
   1.2731102e+01
   1.2735452e+01
   1.2739802e+01
   1.2744153e+01
   1.2748504e+01
   1.2752855e+01
   1.2757206e+01
   1.2761557e+01
   1.2765909e+01
   1.2770261e+01
   1.2774613e+01
   1.2778965e+01
   1.2783317e+01
   1.2787670e+01
   1.2792022e+01
   1.2796375e+01
   1.2800728e+01
   1.2805082e+01
   1.2809435e+01
   1.2813789e+01
   1.2818143e+01
   1.2822497e+01
   1.2826851e+01
   1.2831205e+01
   1.2835560e+01
   1.2839914e+01
   1.2844269e+01
   1.2848625e+01
   1.2852980e+01
   1.2857335e+01
   1.2861691e+01
   1.2866046e+01
   1.2870402e+01
   1.2874758e+01
   1.2879115e+01
   1.2883471e+01
   1.2887828e+01
   1.2892185e+01
   1.2896542e+01
   1.2900899e+01
   1.2905256e+01
   1.2909614e+01
   1.2913971e+01
   1.2918329e+01
   1.2922687e+01
   1.2927045e+01
   1.2931403e+01
   1.2935761e+01
   1.2940120e+01
   1.2944478e+01
   1.2948837e+01
   1.2953196e+01
   1.2957555e+01
   1.2961914e+01
   1.2966274e+01
   1.2970633e+01
   1.2974993e+01
   1.2979352e+01
   1.2983712e+01
   1.2988072e+01
   1.2992432e+01
   1.2996793e+01
   1.3001153e+01
   1.3005514e+01
   1.3009874e+01
   1.3014235e+01
   1.3018596e+01
   1.3022957e+01
   1.3027318e+01
   1.3031679e+01
   1.3036041e+01
   1.3040402e+01
   1.3044764e+01
   1.3049126e+01
   1.3053488e+01
   1.3057850e+01
   1.3062212e+01
   1.3066574e+01
   1.3070936e+01
   1.3075299e+01
   1.3079661e+01
   1.3084024e+01
   1.3088387e+01
   1.3092750e+01
   1.3097113e+01
   1.3101476e+01
   1.3105839e+01
   1.3110203e+01
   1.3114566e+01
   1.3118930e+01
   1.3123293e+01
   1.3127657e+01
   1.3132021e+01
   1.3136384e+01
   1.3140748e+01
   1.3145112e+01
   1.3149477e+01
   1.3153841e+01
   1.3158205e+01
   1.3162569e+01
   1.3166934e+01
   1.3171298e+01
   1.3175663e+01
   1.3180028e+01
   1.3184393e+01
   1.3188758e+01
   1.3193123e+01
   1.3197488e+01
   1.3201853e+01
   1.3206219e+01
   1.3210584e+01
   1.3214950e+01
   1.3219315e+01
   1.3223681e+01
   1.3228047e+01
   1.3232413e+01
   1.3236778e+01
   1.3241145e+01
   1.3245511e+01
   1.3249877e+01
   1.3254243e+01
   1.3258610e+01
   1.3262976e+01
   1.3267343e+01
   1.3271709e+01
   1.3276076e+01
   1.3280443e+01
   1.3284809e+01
   1.3289176e+01
   1.3293543e+01
   1.3297910e+01
   1.3302278e+01
   1.3306645e+01
   1.3311012e+01
   1.3315379e+01
   1.3319747e+01
   1.3324114e+01
   1.3328482e+01
   1.3332849e+01
   1.3337217e+01
   1.3341585e+01
   1.3345953e+01
   1.3350321e+01
   1.3354689e+01
   1.3359057e+01
   1.3363425e+01
   1.3367793e+01
   1.3372161e+01
   1.3376530e+01
   1.3380898e+01
   1.3385267e+01
   1.3389635e+01
   1.3394004e+01
   1.3398372e+01
   1.3402741e+01
   1.3407110e+01
   1.3411479e+01
   1.3415848e+01
   1.3420217e+01
   1.3424586e+01
   1.3428955e+01
   1.3433324e+01
   1.3437694e+01
   1.3442063e+01
   1.3446432e+01
   1.3450802e+01
   1.3455171e+01
   1.3459541e+01
   1.3463910e+01
   1.3468280e+01
   1.3472650e+01
   1.3477019e+01
   1.3481389e+01
   1.3485759e+01
   1.3490129e+01
   1.3494499e+01
   1.3498869e+01
   1.3503239e+01
   1.3507610e+01
   1.3511980e+01
   1.3516350e+01
   1.3520721e+01
   1.3525091e+01
   1.3529462e+01
   1.3533833e+01
   1.3538204e+01
   1.3542575e+01
   1.3546945e+01
   1.3551316e+01
   1.3555687e+01
   1.3560058e+01
   1.3564429e+01
   1.3568801e+01
   1.3573172e+01
   1.3577543e+01
   1.3581915e+01
   1.3586286e+01
   1.3590658e+01
   1.3595029e+01
   1.3599401e+01
   1.3603773e+01
   1.3608145e+01
   1.3612516e+01
   1.3616888e+01
   1.3621260e+01
   1.3625632e+01
   1.3630005e+01
   1.3634377e+01
   1.3638749e+01
   1.3643121e+01
   1.3647494e+01
   1.3651866e+01
   1.3656239e+01
   1.3660612e+01
   1.3664984e+01
   1.3669357e+01
   1.3673730e+01
   1.3678103e+01
   1.3682476e+01
   1.3686849e+01
   1.3691222e+01
   1.3695596e+01
   1.3699969e+01
   1.3704342e+01
   1.3708716e+01
   1.3713089e+01
   1.3717463e+01
   1.3721837e+01
   1.3726211e+01
   1.3730585e+01
   1.3734959e+01
   1.3739333e+01
   1.3743707e+01
   1.3748081e+01
   1.3752456e+01
   1.3756830e+01
   1.3761205e+01
   1.3765579e+01
   1.3769954e+01
   1.3774329e+01
   1.3778704e+01
   1.3783079e+01
   1.3787454e+01
   1.3791829e+01
   1.3796205e+01
   1.3800580e+01
   1.3804956e+01
   1.3809331e+01
   1.3813707e+01
   1.3818083e+01
   1.3822459e+01
   1.3826835e+01
   1.3831211e+01
   1.3835587e+01
   1.3839963e+01
   1.3844340e+01
   1.3848716e+01
   1.3853093e+01
   1.3857470e+01
   1.3861847e+01
   1.3866223e+01
   1.3870601e+01
   1.3874978e+01
   1.3879355e+01
   1.3883733e+01
   1.3888110e+01
   1.3892488e+01
   1.3896866e+01
   1.3901244e+01
   1.3905622e+01
   1.3910000e+01
   1.3914378e+01
   1.3918757e+01
   1.3923135e+01
   1.3927514e+01
   1.3931893e+01
   1.3936272e+01
   1.3940651e+01
   1.3945031e+01
   1.3949411e+01
   1.3953790e+01
   1.3958170e+01
   1.3962550e+01
   1.3966931e+01
   1.3971311e+01
   1.3975692e+01
   1.3980072e+01
   1.3984453e+01
   1.3988834e+01
   1.3993215e+01
   1.3997597e+01
   1.4001978e+01
   1.4006360e+01
   1.4010741e+01
   1.4015123e+01
   1.4019506e+01
   1.4023888e+01
   1.4028270e+01
   1.4032653e+01
   1.4037036e+01
   1.4041419e+01
   1.4045802e+01
   1.4050185e+01
   1.4054568e+01
   1.4058952e+01
   1.4063336e+01
   1.4067720e+01
   1.4072104e+01
   1.4076489e+01
   1.4080873e+01
   1.4085258e+01
   1.4089643e+01
   1.4094028e+01
   1.4098413e+01
   1.4102799e+01
   1.4107185e+01
   1.4111571e+01
   1.4115957e+01
   1.4120343e+01
   1.4124730e+01
   1.4129117e+01
   1.4133504e+01
   1.4137891e+01
   1.4142278e+01
   1.4146666e+01
   1.4151054e+01
   1.4155442e+01
   1.4159830e+01
   1.4164218e+01
   1.4168607e+01
   1.4172996e+01
   1.4177385e+01
   1.4181775e+01
   1.4186164e+01
   1.4190554e+01
   1.4194945e+01
   1.4199335e+01
   1.4203726e+01
   1.4208116e+01
   1.4212508e+01
   1.4216899e+01
   1.4221291e+01
   1.4225682e+01
   1.4230075e+01
   1.4234467e+01
   1.4238860e+01
   1.4243252e+01
   1.4247646e+01
   1.4252039e+01
   1.4256433e+01
   1.4260827e+01
   1.4265221e+01
   1.4269616e+01
   1.4274010e+01
   1.4278406e+01
   1.4282801e+01
   1.4287197e+01
   1.4291593e+01
   1.4295989e+01
   1.4300385e+01
   1.4304782e+01
   1.4309179e+01
   1.4313577e+01
   1.4317975e+01
   1.4322373e+01
   1.4326771e+01
   1.4331170e+01
   1.4335569e+01
   1.4339968e+01
   1.4344367e+01
   1.4348767e+01
   1.4353168e+01
   1.4357568e+01
   1.4361969e+01
   1.4366370e+01
   1.4370772e+01
   1.4375174e+01
   1.4379576e+01
   1.4383978e+01
   1.4388381e+01
   1.4392785e+01
   1.4397188e+01
   1.4401592e+01
   1.4405996e+01
   1.4410401e+01
   1.4414806e+01
   1.4419211e+01
   1.4423617e+01
   1.4428023e+01
   1.4432430e+01
   1.4436836e+01
   1.4441244e+01
   1.4445651e+01
   1.4450059e+01
   1.4454467e+01
   1.4458876e+01
   1.4463285e+01
   1.4467695e+01
   1.4472104e+01
   1.4476515e+01
   1.4480925e+01
   1.4485336e+01
   1.4489748e+01
   1.4494159e+01
   1.4498572e+01
   1.4502984e+01
   1.4507397e+01
   1.4511811e+01
   1.4516225e+01
   1.4520639e+01
   1.4525054e+01
   1.4529469e+01
   1.4533884e+01
   1.4538300e+01
   1.4542717e+01
   1.4547133e+01
   1.4551551e+01
   1.4555968e+01
   1.4560387e+01
   1.4564805e+01
   1.4569224e+01
   1.4573644e+01
   1.4578064e+01
   1.4582484e+01
   1.4586905e+01
   1.4591326e+01
   1.4595748e+01
   1.4600170e+01
   1.4604593e+01
   1.4609016e+01
   1.4613439e+01
   1.4617863e+01
   1.4622288e+01
   1.4626713e+01
   1.4631138e+01
   1.4635564e+01
   1.4639991e+01
   1.4644418e+01
   1.4648845e+01
   1.4653273e+01
   1.4657702e+01
   1.4662131e+01
   1.4666560e+01
   1.4670990e+01
   1.4675420e+01
   1.4679851e+01
   1.4684283e+01
   1.4688715e+01
   1.4693147e+01
   1.4697580e+01
   1.4702013e+01
   1.4706447e+01
   1.4710882e+01
   1.4715317e+01
   1.4719753e+01
   1.4724189e+01
   1.4728625e+01
   1.4733062e+01
   1.4737500e+01
   1.4741938e+01
   1.4746377e+01
   1.4750816e+01
   1.4755256e+01
   1.4759697e+01
   1.4764138e+01
   1.4768579e+01
   1.4773021e+01
   1.4777464e+01
   1.4781907e+01
   1.4786351e+01
   1.4790795e+01
   1.4795240e+01
   1.4799685e+01
   1.4804131e+01
   1.4808578e+01
   1.4813025e+01
   1.4817473e+01
   1.4821921e+01
   1.4826370e+01
   1.4830819e+01
   1.4835269e+01
   1.4839720e+01
   1.4844171e+01
   1.4848622e+01
   1.4853075e+01
   1.4857528e+01
   1.4861981e+01
   1.4866435e+01
   1.4870890e+01
   1.4875345e+01
   1.4879801e+01
   1.4884257e+01
   1.4888714e+01
   1.4893172e+01
   1.4897630e+01
   1.4902089e+01
   1.4906549e+01
   1.4911009e+01
   1.4915469e+01
   1.4919931e+01
   1.4924393e+01
   1.4928855e+01
   1.4933318e+01
   1.4937782e+01
   1.4942246e+01
   1.4946711e+01
   1.4951177e+01
   1.4955643e+01
   1.4960110e+01
   1.4964577e+01
   1.4969045e+01
   1.4973514e+01
   1.4977983e+01
   1.4982453e+01
   1.4986923e+01
   1.4991394e+01
   1.4995866e+01
   1.5000338e+01
   1.5004811e+01
   1.5009285e+01
   1.5013759e+01
   1.5018234e+01
   1.5022710e+01
   1.5027186e+01
   1.5031662e+01
   1.5036140e+01
   1.5040618e+01
   1.5045096e+01
   1.5049576e+01
   1.5054055e+01
   1.5058536e+01
   1.5063017e+01
   1.5067499e+01
   1.5071981e+01
   1.5076464e+01
   1.5080948e+01
   1.5085432e+01
   1.5089917e+01
   1.5094402e+01
   1.5098888e+01
   1.5103375e+01
   1.5107862e+01
   1.5112350e+01
   1.5116839e+01
   1.5121328e+01
   1.5125818e+01
   1.5130308e+01
   1.5134799e+01
   1.5139291e+01
   1.5143783e+01
   1.5148276e+01
   1.5152769e+01
   1.5157263e+01
   1.5161758e+01
   1.5166253e+01
   1.5170749e+01
   1.5175245e+01
   1.5179742e+01
   1.5184240e+01
   1.5188738e+01
   1.5193237e+01
   1.5197736e+01
   1.5202236e+01
   1.5206737e+01
   1.5211238e+01
   1.5215740e+01
   1.5220242e+01
   1.5224745e+01
   1.5229248e+01
   1.5233752e+01
   1.5238257e+01
   1.5242762e+01
   1.5247268e+01
   1.5251774e+01
   1.5256281e+01
   1.5260788e+01
   1.5265296e+01
   1.5269804e+01
   1.5274313e+01
   1.5278822e+01
   1.5283332e+01
   1.5287843e+01
   1.5292354e+01
   1.5296865e+01
   1.5301377e+01
   1.5305890e+01
   1.5310403e+01
   1.5314917e+01
   1.5319431e+01
   1.5323945e+01
   1.5328460e+01
   1.5332975e+01
   1.5337491e+01
   1.5342008e+01
   1.5346525e+01
   1.5351042e+01
   1.5355559e+01
   1.5360078e+01
   1.5364596e+01
   1.5369115e+01
   1.5373635e+01
   1.5378154e+01
   1.5382675e+01
   1.5387195e+01
   1.5391716e+01
   1.5396238e+01
   1.5400759e+01
   1.5405282e+01
   1.5409804e+01
   1.5414327e+01
   1.5418850e+01
   1.5423374e+01
   1.5427897e+01
   1.5432422e+01
   1.5436946e+01
   1.5441471e+01
   1.5445996e+01
   1.5450521e+01
   1.5455047e+01
   1.5459573e+01
   1.5464099e+01
   1.5468625e+01
   1.5473152e+01
   1.5477679e+01
   1.5482206e+01
   1.5486733e+01
   1.5491260e+01
   1.5495788e+01
   1.5500316e+01
   1.5504844e+01
   1.5509372e+01
   1.5513900e+01
   1.5518429e+01
   1.5522957e+01
   1.5527486e+01
   1.5532014e+01
   1.5536543e+01
   1.5541072e+01
   1.5545601e+01
   1.5550130e+01
   1.5554658e+01
   1.5559187e+01
   1.5563716e+01
   1.5568245e+01
   1.5572774e+01
   1.5577303e+01
   1.5581832e+01
   1.5586360e+01
   1.5590889e+01
   1.5595417e+01
   1.5599946e+01
   1.5604474e+01
   1.5609002e+01
   1.5613530e+01
   1.5618057e+01
   1.5622585e+01
   1.5627112e+01
   1.5631639e+01
   1.5636166e+01
   1.5640693e+01
   1.5645219e+01
   1.5649745e+01
   1.5654270e+01
   1.5658795e+01
   1.5663320e+01
   1.5667845e+01
   1.5672369e+01
   1.5676892e+01
   1.5681415e+01
   1.5685938e+01
   1.5690460e+01
   1.5694982e+01
   1.5699503e+01
   1.5704024e+01
   1.5708544e+01
   1.5713063e+01
   1.5717582e+01
   1.5722100e+01
   1.5726618e+01
   1.5731135e+01
   1.5735651e+01
   1.5740166e+01
   1.5744681e+01
   1.5749195e+01
   1.5753708e+01
   1.5758220e+01
   1.5762731e+01
   1.5767242e+01
   1.5771751e+01
   1.5776260e+01
   1.5780768e+01
   1.5785274e+01
   1.5789780e+01
   1.5794284e+01
   1.5798788e+01
   1.5803290e+01
   1.5807792e+01
   1.5812292e+01
   1.5816791e+01
   1.5821288e+01
   1.5825785e+01
   1.5830280e+01
   1.5834774e+01
   1.5839266e+01
   1.5843757e+01
   1.5848247e+01
   1.5852735e+01
   1.5857222e+01
   1.5861707e+01
   1.5866191e+01
   1.5870673e+01
   1.5875154e+01
   1.5879633e+01
   1.5884110e+01
   1.5888585e+01
   1.5893059e+01
   1.5897531e+01
   1.5902001e+01
   1.5906470e+01
   1.5910936e+01
   1.5915401e+01
   1.5919863e+01
   1.5924323e+01
   1.5928782e+01
   1.5933238e+01
   1.5937692e+01
   1.5942144e+01
   1.5946594e+01
   1.5951042e+01
   1.5955487e+01
   1.5959930e+01
   1.5964370e+01
   1.5968808e+01
   1.5973244e+01
   1.5977677e+01
   1.5982107e+01
   1.5986535e+01
   1.5990960e+01
   1.5995383e+01
   1.5999803e+01
   1.6004220e+01
   1.6008634e+01
   1.6013045e+01
   1.6017454e+01
   1.6021859e+01
   1.6026261e+01
   1.6030660e+01
   1.6035056e+01
   1.6039449e+01
   1.6043839e+01
   1.6048225e+01
   1.6052608e+01
   1.6056988e+01
   1.6061364e+01
   1.6065737e+01
   1.6070106e+01
   1.6074471e+01
   1.6078833e+01
   1.6083191e+01
   1.6087546e+01
   1.6091896e+01
   1.6096243e+01
   1.6100585e+01
   1.6104924e+01
   1.6109258e+01
   1.6113589e+01
   1.6117915e+01
   1.6122237e+01
   1.6126554e+01
   1.6130867e+01
   1.6135176e+01
   1.6139480e+01
   1.6143780e+01
   1.6148075e+01
   1.6152365e+01
   1.6156651e+01
   1.6160932e+01
   1.6165208e+01
   1.6169478e+01
   1.6173744e+01
   1.6178005e+01
   1.6182261e+01
   1.6186511e+01
   1.6190756e+01
   1.6194995e+01
   1.6199230e+01
   1.6203458e+01
   1.6207681e+01
   1.6211898e+01
   1.6216110e+01
   1.6220316e+01
   1.6224516e+01
   1.6228710e+01
   1.6232897e+01
   1.6237079e+01
   1.6241255e+01
   1.6245424e+01
   1.6249587e+01
   1.6253743e+01
   1.6257893e+01
   1.6262036e+01
   1.6266173e+01
   1.6270303e+01
   1.6274426e+01
   1.6278542e+01
   1.6282651e+01
   1.6286753e+01
   1.6290848e+01
   1.6294935e+01
   1.6299015e+01
   1.6303088e+01
   1.6307153e+01
   1.6311211e+01
   1.6315260e+01
   1.6319303e+01
   1.6323337e+01
   1.6327363e+01
   1.6331381e+01
   1.6335391e+01
   1.6339393e+01
   1.6343386e+01
   1.6347371e+01
   1.6351348e+01
   1.6355315e+01
   1.6359274e+01
   1.6363225e+01
   1.6367166e+01
   1.6371098e+01
   1.6375022e+01
   1.6378936e+01
   1.6382840e+01
   1.6386736e+01
   1.6390622e+01
   1.6394498e+01
   1.6398364e+01
   1.6402221e+01
   1.6406068e+01
   1.6409905e+01
   1.6413731e+01
   1.6417548e+01
   1.6421354e+01
   1.6425150e+01
   1.6428935e+01
   1.6432709e+01
   1.6436473e+01
   1.6440226e+01
   1.6443968e+01
   1.6447699e+01
   1.6451419e+01
   1.6455127e+01
   1.6458824e+01
   1.6462510e+01
   1.6466184e+01
   1.6469846e+01
   1.6473496e+01
   1.6477134e+01
   1.6480761e+01
   1.6484375e+01
   1.6487977e+01
   1.6491566e+01
   1.6495143e+01
   1.6498707e+01
   1.6502258e+01
   1.6505797e+01
   1.6509322e+01
   1.6512835e+01
   1.6516334e+01
   1.6519820e+01
   1.6523292e+01
   1.6526751e+01
   1.6530196e+01
   1.6533627e+01
   1.6537044e+01
   1.6540448e+01
   1.6543836e+01
   1.6547211e+01
   1.6550571e+01
   1.6553917e+01
   1.6557248e+01
   1.6560564e+01
   1.6563865e+01
   1.6567151e+01
   1.6570422e+01
   1.6573678e+01
   1.6576918e+01
   1.6580142e+01
   1.6583351e+01
   1.6586544e+01
   1.6589721e+01
   1.6592882e+01
   1.6596027e+01
   1.6599155e+01
   1.6602267e+01
   1.6605363e+01
   1.6608441e+01
   1.6611503e+01
   1.6614548e+01
   1.6617576e+01
   1.6620586e+01
   1.6623579e+01
   1.6626554e+01
   1.6629512e+01
   1.6632452e+01
   1.6635374e+01
   1.6638279e+01
   1.6641164e+01
   1.6644032e+01
   1.6646881e+01
   1.6649712e+01
   1.6652524e+01
   1.6655316e+01
   1.6658090e+01
   1.6660845e+01
   1.6663581e+01
   1.6666297e+01
   1.6668994e+01
   1.6671671e+01
   1.6674328e+01
   1.6676965e+01
   1.6679582e+01
   1.6682179e+01
   1.6684756e+01
   1.6687312e+01
   1.6689847e+01
   1.6692362e+01
   1.6694855e+01
   1.6697328e+01
   1.6699779e+01
   1.6702210e+01
   1.6704618e+01
   1.6707005e+01
   1.6709370e+01
   1.6711714e+01
   1.6714035e+01
   1.6716334e+01
   1.6718611e+01
   1.6720865e+01
   1.6723097e+01
   1.6725306e+01
   1.6727492e+01
   1.6729655e+01
   1.6731795e+01
   1.6733911e+01
   1.6736004e+01
   1.6738074e+01
   1.6740119e+01
   1.6742141e+01
   1.6744139e+01
   1.6746112e+01
   1.6748061e+01
   1.6749986e+01
   1.6751886e+01
   1.6753761e+01
   1.6755611e+01
   1.6757436e+01
   1.6759236e+01
   1.6761011e+01
   1.6762760e+01
   1.6764483e+01
   1.6766180e+01
   1.6767852e+01
   1.6769497e+01
   1.6771116e+01
   1.6772708e+01
   1.6774274e+01
   1.6775813e+01
   1.6777325e+01
   1.6778811e+01
   1.6780268e+01
   1.6781699e+01
   1.6783102e+01
   1.6784477e+01
   1.6785825e+01
   1.6787144e+01
   1.6788435e+01
   1.6789698e+01
   1.6790933e+01
   1.6792138e+01
   1.6793315e+01
   1.6794463e+01
   1.6795582e+01
   1.6796671e+01
   1.6797731e+01
   1.6798762e+01
   1.6799762e+01
   1.6800733e+01
   1.6801673e+01
   1.6802583e+01
   1.6803463e+01
   1.6804312e+01
   1.6805130e+01
   1.6805917e+01
   1.6806673e+01
   1.6807397e+01
   1.6808090e+01
   1.6808752e+01
   1.6809381e+01
   1.6809978e+01
   1.6810543e+01
   1.6811076e+01
   1.6811576e+01
   1.6812043e+01
   1.6812478e+01
   1.6812879e+01
   1.6813246e+01
   1.6813581e+01
   1.6813881e+01
   1.6814148e+01
   1.6814380e+01
   1.6814578e+01
   1.6814742e+01
   1.6814871e+01
   1.6814965e+01
   1.6815024e+01
   1.6815047e+01
   1.6815035e+01
   1.6814988e+01
   1.6814904e+01
   1.6814785e+01
   1.6814629e+01
   1.6814437e+01
   1.6814207e+01
   1.6813941e+01
   1.6813638e+01
   1.6813298e+01
   1.6812919e+01
   1.6812503e+01
   1.6812050e+01
   1.6811557e+01
   1.6811027e+01
   1.6810457e+01
   1.6809849e+01
   1.6809202e+01
   1.6808515e+01
   1.6807789e+01
   1.6807023e+01
   1.6806217e+01
   1.6805370e+01
   1.6804483e+01
   1.6803556e+01
   1.6802587e+01
   1.6801577e+01
   1.6800526e+01
   1.6799433e+01
   1.6798298e+01
   1.6797121e+01
   1.6795901e+01
   1.6794639e+01
   1.6793334e+01
   1.6791985e+01
   1.6790594e+01
   1.6789158e+01
   1.6787679e+01
   1.6786155e+01
   1.6784587e+01
   1.6782974e+01
   1.6781316e+01
   1.6779613e+01
   1.6777865e+01
   1.6776070e+01
   1.6774230e+01
   1.6772343e+01
   1.6770410e+01
   1.6768430e+01
   1.6766402e+01
   1.6764328e+01
   1.6762205e+01
   1.6760035e+01
   1.6757816e+01
   1.6755549e+01
   1.6753233e+01
   1.6750868e+01
   1.6748454e+01
   1.6745990e+01
   1.6743476e+01
   1.6740912e+01
   1.6738297e+01
   1.6735632e+01
   1.6732915e+01
   1.6730147e+01
   1.6727328e+01
   1.6724456e+01
   1.6721532e+01
   1.6718556e+01
   1.6715526e+01
   1.6712444e+01
   1.6709308e+01
   1.6706118e+01
   1.6702874e+01
   1.6699576e+01
   1.6696223e+01
   1.6692815e+01
   1.6689352e+01
   1.6685833e+01
   1.6682258e+01
   1.6678627e+01
   1.6674940e+01
   1.6671195e+01
   1.6667394e+01
   1.6663534e+01
   1.6659617e+01
   1.6655642e+01
   1.6651609e+01
   1.6647517e+01
   1.6643365e+01
   1.6639155e+01
   1.6634884e+01
   1.6630554e+01
   1.6626163e+01
   1.6621711e+01
   1.6617198e+01
   1.6612624e+01
   1.6607989e+01
   1.6603291e+01
   1.6598531e+01
   1.6593708e+01
   1.6588823e+01
   1.6583874e+01
   1.6578861e+01
   1.6573784e+01
   1.6568643e+01
   1.6563437e+01
   1.6558167e+01
   1.6552831e+01
   1.6547429e+01
   1.6541961e+01
   1.6536427e+01
   1.6530826e+01
   1.6525158e+01
   1.6519423e+01
   1.6513620e+01
   1.6507749e+01
   1.6501809e+01
   1.6495801e+01
   1.6489723e+01
   1.6483576e+01
   1.6477360e+01
   1.6471073e+01
   1.6464715e+01
   1.6458287e+01
   1.6451787e+01
   1.6445216e+01
   1.6438573e+01
   1.6431857e+01
   1.6425069e+01
   1.6418208e+01
   1.6411273e+01
   1.6404264e+01
   1.6397182e+01
   1.6390025e+01
   1.6382793e+01
   1.6375485e+01
   1.6368103e+01
   1.6360644e+01
   1.6353109e+01
   1.6345497e+01
   1.6337807e+01
   1.6330041e+01
   1.6322196e+01
   1.6314274e+01
   1.6306272e+01
   1.6298192e+01
   1.6290032e+01
   1.6281792e+01
   1.6273473e+01
   1.6265072e+01
   1.6256591e+01
   1.6248028e+01
   1.6239383e+01
   1.6230656e+01
   1.6221847e+01
   1.6212955e+01
   1.6203979e+01
   1.6194919e+01
   1.6185775e+01
   1.6176547e+01
   1.6167233e+01
   1.6157834e+01
   1.6148349e+01
   1.6138778e+01
   1.6129120e+01
   1.6119375e+01
   1.6109542e+01
   1.6099621e+01
   1.6089612e+01
   1.6079514e+01
   1.6069326e+01
   1.6059049e+01
   1.6048682e+01
   1.6038223e+01
   1.6027674e+01
   1.6017033e+01
   1.6006300e+01
   1.5995474e+01
   1.5984556e+01
   1.5973544e+01
   1.5962438e+01
   1.5951237e+01
   1.5939942e+01
   1.5928552e+01
   1.5917065e+01
   1.5905482e+01
   1.5893803e+01
   1.5882026e+01
   1.5870151e+01
   1.5858179e+01
   1.5846107e+01
   1.5833936e+01
   1.5821665e+01
   1.5809294e+01
   1.5796822e+01
   1.5784248e+01
   1.5771573e+01
   1.5758795e+01
   1.5745914e+01
   1.5732930e+01
   1.5719842e+01
   1.5706649e+01
   1.5693351e+01
   1.5679947e+01
   1.5666437e+01
   1.5652821e+01
   1.5639096e+01
   1.5625264e+01
   1.5611324e+01
   1.5597274e+01
   1.5583114e+01
   1.5568845e+01
   1.5554464e+01
   1.5539972e+01
   1.5525368e+01
   1.5510651e+01
   1.5495821e+01
   1.5480877e+01
   1.5465819e+01
   1.5450645e+01
   1.5435356e+01
   1.5419950e+01
   1.5404427e+01
   1.5388786e+01
   1.5373028e+01
   1.5357150e+01
   1.5341152e+01
   1.5325034e+01
   1.5308796e+01
   1.5292435e+01
   1.5275952e+01
   1.5259346e+01
   1.5242617e+01
   1.5225763e+01
   1.5208784e+01
   1.5191679e+01
   1.5174448e+01
   1.5157089e+01
   1.5139603e+01
   1.5121987e+01
   1.5104243e+01
   1.5086368e+01
   1.5068363e+01
   1.5050225e+01
   1.5031956e+01
   1.5013553e+01
   1.4995016e+01
   1.4976345e+01
   1.4957539e+01
   1.4938596e+01
   1.4919516e+01
   1.4900298e+01
   1.4880942e+01
   1.4861446e+01
   1.4841811e+01
   1.4822034e+01
   1.4802115e+01
   1.4782054e+01
   1.4761850e+01
   1.4741501e+01
   1.4721007e+01
   1.4700367e+01
   1.4679581e+01
   1.4658646e+01
   1.4637564e+01
   1.4616332e+01
   1.4594949e+01
   1.4573416e+01
   1.4551731e+01
   1.4529893e+01
   1.4507901e+01
   1.4485755e+01
   1.4463453e+01
   1.4440995e+01
   1.4418379e+01
   1.4395605e+01
   1.4372673e+01
   1.4349580e+01
   1.4326326e+01
   1.4302911e+01
   1.4279333e+01
   1.4255591e+01
   1.4231684e+01
   1.4207612e+01
   1.4183374e+01
   1.4158968e+01
   1.4134394e+01
   1.4109650e+01
   1.4084737e+01
   1.4059652e+01
   1.4034395e+01
   1.4008965e+01
   1.3983360e+01
   1.3957581e+01
   1.3931626e+01
   1.3905494e+01
   1.3879185e+01
   1.3852696e+01
   1.3826028e+01
   1.3799179e+01
   1.3772148e+01
   1.3744934e+01
   1.3717537e+01
   1.3689956e+01
   1.3662189e+01
   1.3634236e+01
   1.3606095e+01
   1.3577766e+01
   1.3549247e+01
   1.3520539e+01
   1.3491639e+01
   1.3462548e+01
   1.3433263e+01
   1.3403784e+01
   1.3374111e+01
   1.3344242e+01
   1.3314176e+01
   1.3283913e+01
   1.3253451e+01
   1.3222790e+01
   1.3191929e+01
   1.3160867e+01
   1.3129604e+01
   1.3098137e+01
   1.3066467e+01
   1.3034593e+01
   1.3002514e+01
   1.2970228e+01
   1.2937737e+01
   1.2905037e+01
   1.2872130e+01
   1.2839014e+01
   1.2805688e+01
   1.2772151e+01
   1.2738404e+01
   1.2704446e+01
   1.2670275e+01
   1.2635891e+01
   1.2601294e+01
   1.2566483e+01
   1.2531457e+01
   1.2496216e+01
   1.2460760e+01
   1.2425088e+01
   1.2389199e+01
   1.2353094e+01
   1.2316771e+01
   1.2280231e+01
   1.2243473e+01
   1.2206497e+01
   1.2169302e+01
   1.2131889e+01
   1.2094258e+01
   1.2056407e+01
   1.2018338e+01
   1.1980049e+01
   1.1941542e+01
   1.1902816e+01
   1.1863871e+01
   1.1824707e+01
   1.1785325e+01
   1.1745724e+01
   1.1705906e+01
   1.1665869e+01
   1.1625616e+01
   1.1585146e+01
   1.1544459e+01
   1.1503557e+01
   1.1462439e+01
   1.1421107e+01
   1.1379562e+01
   1.1337804e+01
   1.1295833e+01
   1.1253652e+01
   1.1211260e+01
   1.1168660e+01
   1.1125851e+01
   1.1082836e+01
   1.1039616e+01
   1.0996192e+01
   1.0952566e+01
   1.0908739e+01
   1.0864712e+01
   1.0820488e+01
   1.0776068e+01
   1.0731454e+01
   1.0686648e+01
   1.0641653e+01
   1.0596469e+01
   1.0551100e+01
   1.0505548e+01
   1.0459815e+01
   1.0413903e+01
   1.0367816e+01
   1.0321556e+01
   1.0275126e+01
   1.0228528e+01
   1.0181766e+01
   1.0134843e+01
   1.0087761e+01
   1.0040525e+01
   9.9931374e+00
   9.9456018e+00
   9.8979218e+00
   9.8501012e+00
   9.8021437e+00
   9.7540533e+00
   9.7058339e+00
   9.6574897e+00
   9.6090248e+00
   9.5604435e+00
   9.5117503e+00
   9.4629496e+00
   9.4140461e+00
   9.3650444e+00
   9.3159493e+00
   9.2667658e+00
   9.2174989e+00
   9.1681535e+00
   9.1187349e+00
   9.0692484e+00
   9.0196993e+00
   8.9700930e+00
   8.9204351e+00
   8.8707312e+00
   8.8209869e+00
   8.7712081e+00
   8.7214005e+00
   8.6715701e+00
   8.6217229e+00
   8.5718649e+00
   8.5220021e+00
   8.4721409e+00
   8.4222874e+00
   8.3724478e+00
   8.3226285e+00
   8.2728359e+00
   8.2230764e+00
   8.1733565e+00
   8.1236825e+00
   8.0740611e+00
   8.0244987e+00
   7.9750019e+00
   7.9255773e+00
   7.8762315e+00
   7.8269710e+00
   7.7778025e+00
   7.7287325e+00
   7.6797675e+00
   7.6309143e+00
   7.5821792e+00
   7.5335689e+00
   7.4850899e+00
   7.4367485e+00
   7.3885513e+00
   7.3405047e+00
   7.2926149e+00
   7.2448882e+00
   7.1973310e+00
   7.1499494e+00
   7.1027494e+00
   7.0557372e+00
   7.0089187e+00
   6.9622998e+00
   6.9158863e+00
   6.8696839e+00
   6.8236983e+00
   6.7779350e+00
   6.7323994e+00
   6.6870969e+00
   6.6420327e+00
   6.5972120e+00
   6.5526396e+00
   6.5083206e+00
   6.4642597e+00
   6.4204615e+00
   6.3769306e+00
   6.3336714e+00
   6.2906882e+00
   6.2479850e+00
   6.2055660e+00
   6.1634349e+00
   6.1215955e+00
   6.0800514e+00
   6.0388061e+00
   5.9978628e+00
   5.9572248e+00
   5.9168951e+00
   5.8768765e+00
   5.8371719e+00
   5.7977837e+00
   5.7587145e+00
   5.7199666e+00
   5.6815422e+00
   5.6434432e+00
   5.6056716e+00
   5.5682291e+00
   5.5311172e+00
   5.4943375e+00
   5.4578913e+00
   5.4217796e+00
   5.3860037e+00
   5.3505644e+00
   5.3154624e+00
   5.2806984e+00
   5.2462729e+00
   5.2121863e+00
   5.1784388e+00
   5.1450306e+00
   5.1119616e+00
   5.0792318e+00
   5.0468409e+00
   5.0147886e+00
   4.9830744e+00
   4.9516978e+00
   4.9206580e+00
   4.8899544e+00
   4.8595859e+00
   4.8295516e+00
   4.7998505e+00
   4.7704813e+00
   4.7414428e+00
   4.7127336e+00
   4.6843524e+00
   4.6562974e+00
   4.6285673e+00
   4.6011602e+00
   4.5740744e+00
   4.5473081e+00
   4.5208594e+00
   4.4947263e+00
   4.4689068e+00
   4.4433988e+00
   4.4182001e+00
   4.3933086e+00
   4.3687219e+00
   4.3444379e+00
   4.3204541e+00
   4.2967680e+00
   4.2733774e+00
   4.2502797e+00
   4.2274724e+00
   4.2049529e+00
   4.1827186e+00
   4.1607670e+00
   4.1390953e+00
   4.1177010e+00
   4.0965812e+00
   4.0757334e+00
   4.0551547e+00
   4.0348424e+00
   4.0147937e+00
   3.9950058e+00
   3.9754760e+00
   3.9562015e+00
   3.9371793e+00
   3.9184067e+00
   3.8998810e+00
   3.8815991e+00
   3.8635583e+00
   3.8457558e+00
   3.8281888e+00
   3.8108543e+00
   3.7937496e+00
   3.7768718e+00
   3.7602182e+00
   3.7437859e+00
   3.7275721e+00
   3.7115740e+00
   3.6957888e+00
   3.6802139e+00
   3.6648463e+00
   3.6496834e+00
   3.6347224e+00
   3.6199607e+00
   3.6053955e+00
   3.5910241e+00
   3.5768439e+00
   3.5628523e+00
   3.5490465e+00
   3.5354240e+00
   3.5219823e+00
   3.5087187e+00
   3.4956306e+00
   3.4827157e+00
   3.4699713e+00
   3.4573949e+00
   3.4449842e+00
   3.4327367e+00
   3.4206499e+00
   3.4087216e+00
   3.3969492e+00
   3.3853305e+00
   3.3738632e+00
   3.3625450e+00
   3.3513736e+00
   3.3403467e+00
   3.3294622e+00
   3.3187178e+00
   3.3081115e+00
   3.2976409e+00
   3.2873041e+00
   3.2770990e+00
   3.2670234e+00
   3.2570754e+00
   3.2472529e+00
   3.2375540e+00
   3.2279766e+00
   3.2185188e+00
   3.2091788e+00
   3.1999547e+00
   3.1908445e+00
   3.1818465e+00
   3.1729588e+00
   3.1641797e+00
   3.1555073e+00
   3.1469400e+00
   3.1384761e+00
   3.1301138e+00
   3.1218515e+00
   3.1136875e+00
   3.1056203e+00
   3.0976482e+00
   3.0897697e+00
   3.0819833e+00
   3.0742873e+00
   3.0666803e+00
   3.0591609e+00
   3.0517276e+00
   3.0443788e+00
   3.0371134e+00
   3.0299297e+00
   3.0228266e+00
   3.0158026e+00
   3.0088564e+00
   3.0019867e+00
   2.9951922e+00
   2.9884717e+00
   2.9818239e+00
   2.9752476e+00
   2.9687416e+00
   2.9623047e+00
   2.9559358e+00
   2.9496336e+00
   2.9433972e+00
   2.9372253e+00
   2.9311169e+00
   2.9250710e+00
   2.9190864e+00
   2.9131621e+00
   2.9072971e+00
   2.9014904e+00
   2.8957411e+00
   2.8900481e+00
   2.8844105e+00
   2.8788274e+00
   2.8732979e+00
   2.8678210e+00
   2.8623959e+00
   2.8570217e+00
   2.8516975e+00
   2.8464225e+00
   2.8411958e+00
   2.8360168e+00
   2.8308844e+00
   2.8257981e+00
   2.8207569e+00
   2.8157602e+00
   2.8108072e+00
   2.8058972e+00
   2.8010294e+00
   2.7962032e+00
   2.7914178e+00
   2.7866726e+00
   2.7819669e+00
   2.7773000e+00
   2.7726714e+00
   2.7680803e+00
   2.7635261e+00
   2.7590083e+00
   2.7545263e+00
   2.7500794e+00
   2.7456670e+00
   2.7412887e+00
   2.7369438e+00
   2.7326318e+00
   2.7283522e+00
   2.7241044e+00
   2.7198879e+00
   2.7157022e+00
   2.7115468e+00
   2.7074213e+00
   2.7033251e+00
   2.6992577e+00
   2.6952188e+00
   2.6912078e+00
   2.6872243e+00
   2.6832678e+00
   2.6793380e+00
   2.6754344e+00
   2.6715566e+00
   2.6677041e+00
   2.6638767e+00
   2.6600738e+00
   2.6562952e+00
   2.6525403e+00
   2.6488090e+00
   2.6451007e+00
   2.6414151e+00
   2.6377520e+00
   2.6341109e+00
   2.6304914e+00
   2.6268934e+00
   2.6233164e+00
   2.6197601e+00
   2.6162242e+00
   2.6127085e+00
   2.6092125e+00
   2.6057360e+00
   2.6022788e+00
   2.5988405e+00
   2.5954208e+00
   2.5920195e+00
   2.5886363e+00
   2.5852710e+00
   2.5819232e+00
   2.5785927e+00
   2.5752793e+00
   2.5719828e+00
   2.5687028e+00
   2.5654392e+00
   2.5621917e+00
   2.5589601e+00
   2.5557441e+00
   2.5525436e+00
   2.5493584e+00
   2.5461881e+00
   2.5430327e+00
   2.5398918e+00
   2.5367654e+00
   2.5336532e+00
   2.5305550e+00
   2.5274706e+00
   2.5243999e+00
   2.5213427e+00
   2.5182987e+00
   2.5152678e+00
   2.5122499e+00
   2.5092447e+00
   2.5062522e+00
   2.5032721e+00
   2.5003042e+00
   2.4973485e+00
   2.4944048e+00
   2.4914728e+00
   2.4885526e+00
   2.4856438e+00
   2.4827465e+00
   2.4798604e+00
   2.4769854e+00
   2.4741213e+00
   2.4712681e+00
   2.4684256e+00
   2.4655937e+00
   2.4627723e+00
   2.4599611e+00
   2.4571602e+00
   2.4543694e+00
   2.4515885e+00
   2.4488175e+00
   2.4460563e+00
   2.4433047e+00
   2.4405626e+00
   2.4378299e+00
   2.4351066e+00
   2.4323924e+00
   2.4296874e+00
   2.4269914e+00
   2.4243044e+00
   2.4216261e+00
   2.4189566e+00
   2.4162957e+00
   2.4136434e+00
   2.4109995e+00
   2.4083640e+00
   2.4057368e+00
   2.4031178e+00
   2.4005069e+00
   2.3979040e+00
   2.3953092e+00
   2.3927222e+00
   2.3901430e+00
   2.3875715e+00
   2.3850077e+00
   2.3824515e+00
   2.3799028e+00
   2.3773615e+00
   2.3748276e+00
   2.3723010e+00
   2.3697817e+00
   2.3672695e+00
   2.3647645e+00
   2.3622664e+00
   2.3597754e+00
   2.3572913e+00
   2.3548141e+00
   2.3523436e+00
   2.3498799e+00
   2.3474229e+00
   2.3449726e+00
   2.3425288e+00
   2.3400915e+00
   2.3376607e+00
   2.3352364e+00
   2.3328184e+00
   2.3304067e+00
   2.3280013e+00
   2.3256021e+00
   2.3232091e+00
   2.3208222e+00
   2.3184414e+00
   2.3160666e+00
   2.3136978e+00
   2.3113349e+00
   2.3089780e+00
   2.3066269e+00
   2.3042816e+00
   2.3019421e+00
   2.2996083e+00
   2.2972802e+00
   2.2949578e+00
   2.2926410e+00
   2.2903298e+00
   2.2880241e+00
   2.2857239e+00
   2.2834292e+00
   2.2811399e+00
   2.2788560e+00
   2.2765775e+00
   2.2743043e+00
   2.2720364e+00
   2.2697737e+00
   2.2675163e+00
   2.2652641e+00
   2.2630170e+00
   2.2607751e+00
   2.2585383e+00
   2.2563065e+00
   2.2540798e+00
   2.2518581e+00
   2.2496414e+00
   2.2474297e+00
   2.2452229e+00
   2.2430210e+00
   2.2408239e+00
   2.2386317e+00
   2.2364444e+00
   2.2342618e+00
   2.2320840e+00
   2.2299109e+00
   2.2277426e+00
   2.2255790e+00
   2.2234200e+00
   2.2212657e+00
   2.2191160e+00
   2.2169709e+00
   2.2148304e+00
   2.2126945e+00
   2.2105630e+00
   2.2084361e+00
   2.2063137e+00
   2.2041958e+00
   2.2020823e+00
   2.1999732e+00
   2.1978686e+00
   2.1957683e+00
   2.1936724e+00
   2.1915808e+00
   2.1894936e+00
   2.1874107e+00
   2.1853320e+00
   2.1832577e+00
   2.1811876e+00
   2.1791217e+00
   2.1770601e+00
   2.1750026e+00
   2.1729494e+00
   2.1709003e+00
   2.1688553e+00
   2.1668145e+00
   2.1647778e+00
   2.1627452e+00
   2.1607166e+00
   2.1586922e+00
   2.1566718e+00
   2.1546554e+00
   2.1526430e+00
   2.1506347e+00
   2.1486303e+00
   2.1466299e+00
   2.1446335e+00
   2.1426410e+00
   2.1406524e+00
   2.1386678e+00
   2.1366870e+00
   2.1347102e+00
   2.1327372e+00
   2.1307681e+00
   2.1288028e+00
   2.1268413e+00
   2.1248837e+00
   2.1229299e+00
   2.1209798e+00
   2.1190336e+00
   2.1170911e+00
   2.1151524e+00
   2.1132174e+00
   2.1112861e+00
   2.1093586e+00
   2.1074347e+00
   2.1055146e+00
   2.1035981e+00
   2.1016853e+00
   2.0997762e+00
   2.0978707e+00
   2.0959689e+00
   2.0940706e+00
   2.0921760e+00
   2.0902850e+00
   2.0883976e+00
   2.0865138e+00
   2.0846335e+00
   2.0827568e+00
   2.0808836e+00
   2.0790140e+00
   2.0771478e+00
   2.0752853e+00
   2.0734262e+00
   2.0715706e+00
   2.0697185e+00
   2.0678698e+00
   2.0660247e+00
   2.0641830e+00
   2.0623447e+00
   2.0605099e+00
   2.0586785e+00
   2.0568505e+00
   2.0550259e+00
   2.0532047e+00
   2.0513869e+00
   2.0495725e+00
   2.0477615e+00
   2.0459538e+00
   2.0441495e+00
   2.0423485e+00
   2.0405508e+00
   2.0387565e+00
   2.0369655e+00
   2.0351778e+00
   2.0333933e+00
   2.0316122e+00
   2.0298344e+00
   2.0280598e+00
   2.0262885e+00
   2.0245205e+00
   2.0227557e+00
   2.0209941e+00
   2.0192358e+00
   2.0174807e+00
   2.0157288e+00
   2.0139801e+00
   2.0122346e+00
   2.0104923e+00
   2.0087532e+00
   2.0070173e+00
   2.0052845e+00
   2.0035549e+00
   2.0018284e+00
   2.0001051e+00
   1.9983849e+00
   1.9966679e+00
   1.9949540e+00
   1.9932431e+00
   1.9915354e+00
   1.9898308e+00
   1.9881293e+00
   1.9864309e+00
   1.9847355e+00
   1.9830432e+00
   1.9813540e+00
   1.9796678e+00
   1.9779847e+00
   1.9763046e+00
   1.9746275e+00
   1.9729535e+00
   1.9712825e+00
   1.9696145e+00
   1.9679495e+00
   1.9662875e+00
   1.9646285e+00
   1.9629724e+00
   1.9613194e+00
   1.9596693e+00
   1.9580222e+00
   1.9563781e+00
   1.9547369e+00
   1.9530986e+00
   1.9514633e+00
   1.9498309e+00
   1.9482014e+00
   1.9465749e+00
   1.9449512e+00
   1.9433305e+00
   1.9417127e+00
   1.9400977e+00
   1.9384857e+00
   1.9368765e+00
   1.9352702e+00
   1.9336667e+00
   1.9320661e+00
   1.9304684e+00
   1.9288735e+00
   1.9272815e+00
   1.9256923e+00
   1.9241059e+00
   1.9225224e+00
   1.9209416e+00
   1.9193637e+00
   1.9177886e+00
   1.9162162e+00
   1.9146467e+00
   1.9130799e+00
   1.9115160e+00
   1.9099548e+00
   1.9083964e+00
   1.9068407e+00
   1.9052878e+00
   1.9037376e+00
   1.9021902e+00
   1.9006455e+00
   1.8991036e+00
   1.8975644e+00
   1.8960279e+00
   1.8944941e+00
   1.8929630e+00
   1.8914347e+00
   1.8899090e+00
   1.8883860e+00
   1.8868657e+00
   1.8853481e+00
   1.8838332e+00
   1.8823210e+00
   1.8808114e+00
   1.8793044e+00
   1.8778001e+00
   1.8762985e+00
   1.8747995e+00
   1.8733032e+00
   1.8718094e+00
   1.8703183e+00
   1.8688299e+00
   1.8673440e+00
   1.8658608e+00
   1.8643801e+00
   1.8629021e+00
   1.8614266e+00
   1.8599537e+00
   1.8584835e+00
   1.8570157e+00
   1.8555506e+00
   1.8540880e+00
   1.8526280e+00
   1.8511706e+00
   1.8497157e+00
   1.8482633e+00
   1.8468135e+00
   1.8453663e+00
   1.8439215e+00
   1.8424793e+00
   1.8410396e+00
   1.8396024e+00
   1.8381677e+00
   1.8367356e+00
   1.8353059e+00
   1.8338787e+00
   1.8324540e+00
   1.8310318e+00
   1.8296121e+00
   1.8281949e+00
   1.8267801e+00
   1.8253678e+00
   1.8239579e+00
   1.8225505e+00
   1.8211456e+00
   1.8197431e+00
   1.8183430e+00
   1.8169454e+00
   1.8155502e+00
   1.8141574e+00
   1.8127671e+00
   1.8113791e+00
   1.8099936e+00
   1.8086105e+00
   1.8072298e+00
   1.8058514e+00
   1.8044755e+00
   1.8031020e+00
   1.8017308e+00
   1.8003620e+00
   1.7989956e+00
   1.7976316e+00
   1.7962699e+00
   1.7949106e+00
   1.7935536e+00
   1.7921990e+00
   1.7908467e+00
   1.7894967e+00
   1.7881491e+00
   1.7868039e+00
   1.7854609e+00
   1.7841203e+00
   1.7827820e+00
   1.7814460e+00
   1.7801123e+00
   1.7787809e+00
   1.7774518e+00
   1.7761250e+00
   1.7748005e+00
   1.7734783e+00
   1.7721583e+00
   1.7708407e+00
   1.7695253e+00
   1.7682121e+00
   1.7669013e+00
   1.7655927e+00
   1.7642863e+00
   1.7629822e+00
   1.7616803e+00
   1.7603807e+00
   1.7590833e+00
   1.7577882e+00
   1.7564952e+00
   1.7552045e+00
   1.7539160e+00
   1.7526297e+00
   1.7513457e+00
   1.7500638e+00
   1.7487841e+00
   1.7475067e+00
   1.7462314e+00
   1.7449583e+00
   1.7436874e+00
   1.7424187e+00
   1.7411521e+00
   1.7398878e+00
   1.7386255e+00
   1.7373655e+00
   1.7361076e+00
   1.7348519e+00
   1.7335983e+00
   1.7323468e+00
   1.7310975e+00
   1.7298504e+00
   1.7286053e+00
   1.7273624e+00
   1.7261216e+00
   1.7248830e+00
   1.7236464e+00
   1.7224120e+00
   1.7211797e+00
   1.7199495e+00
   1.7187214e+00
   1.7174953e+00
   1.7162714e+00
   1.7150496e+00
   1.7138298e+00
   1.7126121e+00
   1.7113965e+00
   1.7101830e+00
   1.7089715e+00
   1.7077621e+00
   1.7065548e+00
   1.7053495e+00
   1.7041462e+00
   1.7029450e+00
   1.7017459e+00
   1.7005488e+00
   1.6993537e+00
   1.6981607e+00
   1.6969697e+00
   1.6957807e+00
   1.6945937e+00
   1.6934087e+00
   1.6922258e+00
   1.6910449e+00
   1.6898659e+00
   1.6886890e+00
   1.6875141e+00
   1.6863411e+00
   1.6851702e+00
   1.6840012e+00
   1.6828342e+00
   1.6816692e+00
   1.6805062e+00
   1.6793451e+00
   1.6781860e+00
   1.6770289e+00
   1.6758737e+00
   1.6747205e+00
   1.6735692e+00
   1.6724199e+00
   1.6712725e+00
   1.6701271e+00
   1.6689836e+00
   1.6678420e+00
   1.6667024e+00
   1.6655647e+00
   1.6644289e+00
   1.6632950e+00
   1.6621630e+00
   1.6610330e+00
   1.6599048e+00
   1.6587786e+00
   1.6576542e+00
   1.6565317e+00
   1.6554112e+00
   1.6542925e+00
   1.6531757e+00
   1.6520608e+00
   1.6509478e+00
   1.6498366e+00
   1.6487273e+00
   1.6476199e+00
   1.6465143e+00
   1.6454106e+00
   1.6443088e+00
   1.6432088e+00
   1.6421107e+00
   1.6410144e+00
   1.6399199e+00
   1.6388273e+00
   1.6377365e+00
   1.6366476e+00
   1.6355604e+00
   1.6344751e+00
   1.6333917e+00
   1.6323100e+00
   1.6312301e+00
   1.6301521e+00
   1.6290759e+00
   1.6280014e+00
   1.6269288e+00
   1.6258580e+00
   1.6247889e+00
   1.6237217e+00
   1.6226562e+00
   1.6215925e+00
   1.6205306e+00
   1.6194705e+00
   1.6184121e+00
   1.6173556e+00
   1.6163007e+00
   1.6152477e+00
   1.6141964e+00
   1.6131468e+00
   1.6120990e+00
   1.6110530e+00
   1.6100087e+00
   1.6089662e+00
   1.6079253e+00
   1.6068863e+00
   1.6058489e+00
   1.6048133e+00
   1.6037794e+00
   1.6027472e+00
   1.6017168e+00
   1.6006880e+00
   1.5996610e+00
   1.5986357e+00
   1.5976121e+00
   1.5965902e+00
   1.5955700e+00
   1.5945515e+00
   1.5935347e+00
   1.5925196e+00
   1.5915061e+00
   1.5904944e+00
   1.5894843e+00
   1.5884759e+00
   1.5874692e+00
   1.5864641e+00
   1.5854608e+00
   1.5844590e+00
   1.5834590e+00
   1.5824606e+00
   1.5814638e+00
   1.5804688e+00
   1.5794753e+00
   1.5784835e+00
   1.5774934e+00
   1.5765049e+00
   1.5755180e+00
   1.5745327e+00
   1.5735491e+00
   1.5725671e+00
   1.5715868e+00
   1.5706080e+00
   1.5696309e+00
   1.5686554e+00
   1.5676815e+00
   1.5667092e+00
   1.5657385e+00
   1.5647695e+00
   1.5638020e+00
   1.5628361e+00
   1.5618718e+00
   1.5609091e+00
   1.5599480e+00
   1.5589885e+00
   1.5580305e+00
   1.5570742e+00
   1.5561194e+00
   1.5551662e+00
   1.5542145e+00
   1.5532644e+00
   1.5523159e+00
   1.5513690e+00
   1.5504236e+00
   1.5494797e+00
   1.5485374e+00
   1.5475967e+00
   1.5466575e+00
   1.5457198e+00
   1.5447837e+00
   1.5438491e+00
   1.5429161e+00
   1.5419846e+00
   1.5410546e+00
   1.5401262e+00
   1.5391992e+00
   1.5382738e+00
   1.5373499e+00
   1.5364275e+00
   1.5355067e+00
   1.5345873e+00
   1.5336695e+00
   1.5327531e+00
   1.5318383e+00
   1.5309249e+00
   1.5300131e+00
   1.5291027e+00
   1.5281938e+00
   1.5272864e+00
   1.5263805e+00
   1.5254761e+00
   1.5245731e+00
   1.5236717e+00
   1.5227717e+00
   1.5218731e+00
   1.5209761e+00
   1.5200805e+00
   1.5191863e+00
   1.5182936e+00
   1.5174024e+00
   1.5165127e+00
   1.5156243e+00
   1.5147375e+00
   1.5138520e+00
   1.5129680e+00
   1.5120855e+00
   1.5112044e+00
   1.5103247e+00
   1.5094465e+00
   1.5085696e+00
   1.5076943e+00
   1.5068203e+00
   1.5059477e+00
   1.5050766e+00
   1.5042069e+00
   1.5033386e+00
   1.5024717e+00
   1.5016062e+00
   1.5007421e+00
   1.4998795e+00
   1.4990182e+00
   1.4981583e+00
   1.4972998e+00
   1.4964427e+00
   1.4955870e+00
   1.4947327e+00
   1.4938798e+00
   1.4930282e+00
   1.4921781e+00
   1.4913293e+00
   1.4904818e+00
   1.4896358e+00
   1.4887911e+00
   1.4879478e+00
   1.4871058e+00
   1.4862652e+00
   1.4854260e+00
   1.4845881e+00
   1.4837516e+00
   1.4829164e+00
   1.4820826e+00
   1.4812501e+00
   1.4804190e+00
   1.4795892e+00
   1.4787607e+00
   1.4779336e+00
   1.4771078e+00
   1.4762833e+00
   1.4754602e+00
   1.4746384e+00
   1.4738179e+00
   1.4729987e+00
   1.4721809e+00
   1.4713643e+00
   1.4705491e+00
   1.4697352e+00
   1.4689226e+00
   1.4681113e+00
   1.4673014e+00
   1.4664927e+00
   1.4656853e+00
   1.4648792e+00
   1.4640744e+00
   1.4632709e+00
   1.4624687e+00
   1.4616677e+00
   1.4608681e+00
   1.4600697e+00
   1.4592726e+00
   1.4584768e+00
   1.4576823e+00
   1.4568890e+00
   1.4560971e+00
   1.4553063e+00
   1.4545169e+00
   1.4537287e+00
   1.4529418e+00
   1.4521561e+00
   1.4513717e+00
   1.4505885e+00
   1.4498066e+00
   1.4490259e+00
   1.4482465e+00
   1.4474683e+00
   1.4466914e+00
   1.4459157e+00
   1.4451412e+00
   1.4443680e+00
   1.4435960e+00
   1.4428253e+00
   1.4420557e+00
   1.4412874e+00
   1.4405204e+00
   1.4397545e+00
   1.4389899e+00
   1.4382265e+00
   1.4374642e+00
   1.4367032e+00
   1.4359435e+00
   1.4351849e+00
   1.4344275e+00
   1.4336714e+00
   1.4329164e+00
   1.4321626e+00
   1.4314100e+00
   1.4306587e+00
   1.4299085e+00
   1.4291595e+00
   1.4284117e+00
   1.4276651e+00
   1.4269196e+00
   1.4261754e+00
   1.4254323e+00
   1.4246904e+00
   1.4239497e+00
   1.4232101e+00
   1.4224717e+00
   1.4217345e+00
   1.4209985e+00
   1.4202636e+00
   1.4195299e+00
   1.4187973e+00
   1.4180659e+00
   1.4173357e+00
   1.4166066e+00
   1.4158786e+00
   1.4151518e+00
   1.4144262e+00
   1.4137017e+00
   1.4129783e+00
   1.4122561e+00
   1.4115350e+00
   1.4108151e+00
   1.4100962e+00
   1.4093786e+00
   1.4086620e+00
   1.4079466e+00
   1.4072323e+00
   1.4065191e+00
   1.4058071e+00
   1.4050961e+00
   1.4043863e+00
   1.4036776e+00
   1.4029700e+00
   1.4022636e+00
   1.4015582e+00
   1.4008539e+00
   1.4001508e+00
   1.3994487e+00
   1.3987478e+00
   1.3980479e+00
   1.3973492e+00
   1.3966515e+00
   1.3959550e+00
   1.3952595e+00
   1.3945651e+00
   1.3938718e+00
   1.3931796e+00
   1.3924885e+00
   1.3917984e+00
   1.3911095e+00
   1.3904216e+00
   1.3897347e+00
   1.3890490e+00
   1.3883643e+00
   1.3876807e+00
   1.3869982e+00
   1.3863167e+00
   1.3856363e+00
   1.3849570e+00
   1.3842787e+00
   1.3836014e+00
   1.3829253e+00
   1.3822501e+00
   1.3815761e+00
   1.3809031e+00
   1.3802311e+00
   1.3795602e+00
   1.3788903e+00
   1.3782214e+00
   1.3775536e+00
   1.3768869e+00
   1.3762211e+00
   1.3755564e+00
   1.3748928e+00
   1.3742302e+00
   1.3735686e+00
   1.3729080e+00
   1.3722484e+00
   1.3715899e+00
   1.3709324e+00
   1.3702759e+00
   1.3696204e+00
   1.3689660e+00
   1.3683125e+00
   1.3676601e+00
   1.3670087e+00
   1.3663583e+00
   1.3657089e+00
   1.3650605e+00
   1.3644131e+00
   1.3637667e+00
   1.3631213e+00
   1.3624769e+00
   1.3618335e+00
   1.3611911e+00
   1.3605496e+00
   1.3599092e+00
   1.3592698e+00
   1.3586313e+00
   1.3579938e+00
   1.3573573e+00
   1.3567218e+00
   1.3560873e+00
   1.3554538e+00
   1.3548212e+00
   1.3541896e+00
   1.3535589e+00
   1.3529293e+00
   1.3523006e+00
   1.3516728e+00
   1.3510461e+00
   1.3504203e+00
   1.3497954e+00
   1.3491715e+00
   1.3485486e+00
   1.3479267e+00
   1.3473056e+00
   1.3466856e+00
   1.3460665e+00
   1.3454483e+00
   1.3448311e+00
   1.3442148e+00
   1.3435995e+00
   1.3429851e+00
   1.3423717e+00
   1.3417591e+00
   1.3411476e+00
   1.3405369e+00
   1.3399272e+00
   1.3393185e+00
   1.3387106e+00
   1.3381037e+00
   1.3374977e+00
   1.3368927e+00
   1.3362885e+00
   1.3356853e+00
   1.3350830e+00
   1.3344816e+00
   1.3338812e+00
   1.3332816e+00
   1.3326830e+00
   1.3320853e+00
   1.3314885e+00
   1.3308926e+00
   1.3302976e+00
   1.3297035e+00
   1.3291103e+00
   1.3285180e+00
   1.3279266e+00
   1.3273361e+00
   1.3267465e+00
   1.3261578e+00
   1.3255700e+00
   1.3249831e+00
   1.3243971e+00
   1.3238119e+00
   1.3232277e+00
   1.3226443e+00
   1.3220618e+00
   1.3214802e+00
   1.3208995e+00
   1.3203197e+00
   1.3197407e+00
   1.3191626e+00
   1.3185854e+00
   1.3180091e+00
   1.3174336e+00
   1.3168590e+00
   1.3162853e+00
   1.3157124e+00
   1.3151404e+00
   1.3145693e+00
   1.3139990e+00
   1.3134296e+00
   1.3128610e+00
   1.3122933e+00
   1.3117264e+00
   1.3111604e+00
   1.3105953e+00
   1.3100310e+00
   1.3094676e+00
   1.3089050e+00
   1.3083432e+00
   1.3077823e+00
   1.3072222e+00
   1.3066630e+00
   1.3061046e+00
   1.3055471e+00
   1.3049904e+00
   1.3044345e+00
   1.3038795e+00
   1.3033253e+00
   1.3027719e+00
   1.3022193e+00
   1.3016676e+00
   1.3011167e+00
   1.3005666e+00
   1.3000174e+00
   1.2994690e+00
   1.2989214e+00
   1.2983746e+00
   1.2978286e+00
   1.2972835e+00
   1.2967391e+00
   1.2961956e+00
   1.2956529e+00
   1.2951110e+00
   1.2945699e+00
   1.2940296e+00
   1.2934901e+00
   1.2929514e+00
   1.2924135e+00
   1.2918764e+00
   1.2913402e+00
   1.2908047e+00
   1.2902700e+00
   1.2897361e+00
   1.2892030e+00
   1.2886707e+00
   1.2881392e+00
   1.2876085e+00
   1.2870785e+00
   1.2865494e+00
   1.2860210e+00
   1.2854934e+00
   1.2849666e+00
   1.2844406e+00
   1.2839154e+00
   1.2833909e+00
   1.2828672e+00
   1.2823443e+00
   1.2818222e+00
   1.2813008e+00
   1.2807802e+00
   1.2802604e+00
   1.2797413e+00
   1.2792230e+00
   1.2787055e+00
   1.2781888e+00
   1.2776728e+00
   1.2771575e+00
   1.2766431e+00
   1.2761293e+00
   1.2756164e+00
   1.2751042e+00
   1.2745927e+00
   1.2740820e+00
   1.2735721e+00
   1.2730629e+00
   1.2725544e+00
   1.2720468e+00
   1.2715398e+00
   1.2710336e+00
   1.2705281e+00
   1.2700234e+00
   1.2695194e+00
   1.2690162e+00
   1.2685137e+00
   1.2680119e+00
   1.2675109e+00
   1.2670106e+00
   1.2665110e+00
   1.2660122e+00
   1.2655141e+00
   1.2650167e+00
   1.2645201e+00
   1.2640242e+00
   1.2635290e+00
   1.2630345e+00
   1.2625408e+00
   1.2620477e+00
   1.2615554e+00
   1.2610638e+00
   1.2605730e+00
   1.2600828e+00
   1.2595934e+00
   1.2591047e+00
   1.2586166e+00
   1.2581293e+00
   1.2576427e+00
   1.2571569e+00
   1.2566717e+00
   1.2561872e+00
   1.2557034e+00
   1.2552204e+00
   1.2547380e+00
   1.2542564e+00
   1.2537754e+00
   1.2532951e+00
   1.2528156e+00
   1.2523367e+00
   1.2518585e+00
   1.2513810e+00
   1.2509042e+00
   1.2504281e+00
   1.2499527e+00
   1.2494780e+00
   1.2490039e+00
   1.2485306e+00
   1.2480579e+00
   1.2475859e+00
   1.2471146e+00
   1.2466440e+00
   1.2461741e+00
   1.2457048e+00
   1.2452362e+00
   1.2447683e+00
   1.2443010e+00
   1.2438345e+00
   1.2433686e+00
   1.2429034e+00
   1.2424388e+00
   1.2419749e+00
   1.2415117e+00
   1.2410492e+00
   1.2405873e+00
   1.2401261e+00
   1.2396655e+00
   1.2392056e+00
   1.2387464e+00
   1.2382878e+00
   1.2378299e+00
   1.2373726e+00
   1.2369160e+00
   1.2364600e+00
   1.2360047e+00
   1.2355501e+00
   1.2350961e+00
   1.2346427e+00
   1.2341900e+00
   1.2337380e+00
   1.2332866e+00
   1.2328358e+00
   1.2323857e+00
   1.2319362e+00
   1.2314874e+00
   1.2310392e+00
   1.2305916e+00
   1.2301447e+00
   1.2296984e+00
   1.2292528e+00
   1.2288078e+00
   1.2283634e+00
   1.2279197e+00
   1.2274765e+00
   1.2270341e+00
   1.2265922e+00
   1.2261510e+00
   1.2257104e+00
   1.2252704e+00
   1.2248311e+00
   1.2243923e+00
   1.2239542e+00
   1.2235167e+00
   1.2230799e+00
   1.2226436e+00
   1.2222080e+00
   1.2217730e+00
   1.2213386e+00
   1.2209048e+00
   1.2204717e+00
   1.2200391e+00
   1.2196072e+00
   1.2191758e+00
   1.2187451e+00
   1.2183150e+00
   1.2178855e+00
   1.2174566e+00
   1.2170283e+00
   1.2166006e+00
   1.2161735e+00
   1.2157470e+00
   1.2153211e+00
   1.2148958e+00
   1.2144711e+00
   1.2140470e+00
   1.2136235e+00
   1.2132006e+00
   1.2127783e+00
   1.2123566e+00
   1.2119355e+00
   1.2115149e+00
   1.2110950e+00
   1.2106756e+00
   1.2102568e+00
   1.2098387e+00
   1.2094211e+00
   1.2090040e+00
   1.2085876e+00
   1.2081718e+00
   1.2077565e+00
   1.2073418e+00
   1.2069277e+00
   1.2065142e+00
   1.2061012e+00
   1.2056888e+00
   1.2052770e+00
   1.2048658e+00
   1.2044552e+00
   1.2040451e+00
   1.2036356e+00
   1.2032266e+00
   1.2028183e+00
   1.2024105e+00
   1.2020032e+00
   1.2015965e+00
   1.2011904e+00
   1.2007849e+00
   1.2003799e+00
   1.1999755e+00
   1.1995716e+00
   1.1991684e+00
   1.1987656e+00
   1.1983634e+00
   1.1979618e+00
   1.1975607e+00
   1.1971602e+00
   1.1967603e+00
   1.1963609e+00
   1.1959620e+00
   1.1955637e+00
   1.1951660e+00
   1.1947688e+00
   1.1943721e+00
   1.1939760e+00
   1.1935804e+00
   1.1931854e+00
   1.1927909e+00
   1.1923970e+00
   1.1920036e+00
   1.1916108e+00
   1.1912185e+00
   1.1908267e+00
   1.1904355e+00
   1.1900448e+00
   1.1896546e+00
   1.1892650e+00
   1.1888759e+00
   1.1884874e+00
   1.1880994e+00
   1.1877119e+00
   1.1873249e+00
   1.1869385e+00
   1.1865526e+00
   1.1861672e+00
   1.1857824e+00
   1.1853981e+00
   1.1850143e+00
   1.1846310e+00
   1.1842483e+00
   1.1838661e+00
   1.1834844e+00
   1.1831032e+00
   1.1827225e+00
   1.1823424e+00
   1.1819628e+00
   1.1815837e+00
   1.1812051e+00
   1.1808270e+00
   1.1804494e+00
   1.1800724e+00
   1.1796959e+00
   1.1793198e+00
   1.1789443e+00
   1.1785693e+00
   1.1781948e+00
   1.1778208e+00
   1.1774474e+00
   1.1770744e+00
   1.1767019e+00
   1.1763299e+00
   1.1759585e+00
   1.1755875e+00
   1.1752171e+00
   1.1748471e+00
   1.1744777e+00
   1.1741087e+00
   1.1737402e+00
   1.1733723e+00
   1.1730048e+00
   1.1726378e+00
   1.1722713e+00
   1.1719054e+00
   1.1715399e+00
   1.1711749e+00
   1.1708104e+00
   1.1704463e+00
   1.1700828e+00
   1.1697198e+00
   1.1693572e+00
   1.1689951e+00
   1.1686336e+00
   1.1682725e+00
   1.1679119e+00
   1.1675517e+00
   1.1671921e+00
   1.1668329e+00
   1.1664742e+00
   1.1661160e+00
   1.1657583e+00
   1.1654010e+00
   1.1650443e+00
   1.1646880e+00
   1.1643321e+00
   1.1639768e+00
   1.1636219e+00
   1.1632675e+00
   1.1629136e+00
   1.1625601e+00
   1.1622072e+00
   1.1618546e+00
   1.1615026e+00
   1.1611510e+00
   1.1607999e+00
   1.1604493e+00
   1.1600991e+00
   1.1597494e+00
   1.1594001e+00
   1.1590513e+00
   1.1587030e+00
   1.1583551e+00
   1.1580077e+00
   1.1576608e+00
   1.1573143e+00
   1.1569683e+00
   1.1566227e+00
   1.1562776e+00
   1.1559329e+00
   1.1555887e+00
   1.1552450e+00
   1.1549017e+00
   1.1545588e+00
   1.1542165e+00
   1.1538745e+00
   1.1535330e+00
   1.1531920e+00
   1.1528514e+00
   1.1525112e+00
   1.1521715e+00
   1.1518323e+00
   1.1514935e+00
   1.1511551e+00
   1.1508172e+00
   1.1504797e+00
   1.1501427e+00
   1.1498061e+00
   1.1494700e+00
   1.1491343e+00
   1.1487990e+00
   1.1484642e+00
   1.1481298e+00
   1.1477958e+00
   1.1474623e+00
   1.1471292e+00
   1.1467965e+00
   1.1464643e+00
   1.1461325e+00
   1.1458012e+00
   1.1454703e+00
   1.1451398e+00
   1.1448097e+00
   1.1444801e+00
   1.1441509e+00
   1.1438221e+00
   1.1434938e+00
   1.1431658e+00
   1.1428383e+00
   1.1425113e+00
   1.1421846e+00
   1.1418584e+00
   1.1415326e+00
   1.1412072e+00
   1.1408823e+00
   1.1405577e+00
   1.1402336e+00
   1.1399099e+00
   1.1395866e+00
   1.1392637e+00
   1.1389413e+00
   1.1386193e+00
   1.1382976e+00
   1.1379764e+00
   1.1376557e+00
   1.1373353e+00
   1.1370153e+00
   1.1366958e+00
   1.1363766e+00
   1.1360579e+00
   1.1357396e+00
   1.1354216e+00
   1.1351041e+00
   1.1347870e+00
   1.1344703e+00
   1.1341541e+00
   1.1338382e+00
   1.1335227e+00
   1.1332076e+00
   1.1328930e+00
   1.1325787e+00
   1.1322648e+00
   1.1319514e+00
   1.1316383e+00
   1.1313256e+00
   1.1310133e+00
   1.1307015e+00
   1.1303900e+00
   1.1300789e+00
   1.1297682e+00
   1.1294580e+00
   1.1291481e+00
   1.1288386e+00
   1.1285295e+00
   1.1282208e+00
   1.1279124e+00
   1.1276045e+00
   1.1272970e+00
   1.1269898e+00
   1.1266831e+00
   1.1263767e+00
   1.1260707e+00
   1.1257651e+00
   1.1254599e+00
   1.1251551e+00
   1.1248506e+00
   1.1245466e+00
   1.1242429e+00
   1.1239396e+00
   1.1236367e+00
   1.1233342e+00
   1.1230320e+00
   1.1227303e+00
   1.1224289e+00
   1.1221279e+00
   1.1218272e+00
   1.1215270e+00
   1.1212271e+00
   1.1209276e+00
   1.1206285e+00
   1.1203298e+00
   1.1200314e+00
   1.1197334e+00
   1.1194358e+00
   1.1191385e+00
   1.1188416e+00
   1.1185451e+00
   1.1182490e+00
   1.1179532e+00
   1.1176578e+00
   1.1173628e+00
   1.1170681e+00
   1.1167738e+00
   1.1164799e+00
   1.1161863e+00
   1.1158931e+00
   1.1156003e+00
   1.1153078e+00
   1.1150157e+00
   1.1147239e+00
   1.1144326e+00
   1.1141415e+00
   1.1138509e+00
   1.1135606e+00
   1.1132706e+00
   1.1129811e+00
   1.1126918e+00
   1.1124030e+00
   1.1121145e+00
   1.1118263e+00
   1.1115385e+00
   1.1112511e+00
   1.1109640e+00
   1.1106772e+00
   1.1103909e+00
   1.1101048e+00
   1.1098192e+00
   1.1095338e+00
   1.1092489e+00
   1.1089642e+00
   1.1086800e+00
   1.1083961e+00
   1.1081125e+00
   1.1078292e+00
   1.1075464e+00
   1.1072638e+00
   1.1069816e+00
   1.1066998e+00
   1.1064183e+00
   1.1061372e+00
   1.1058563e+00
   1.1055759e+00
   1.1052958e+00
   1.1050160e+00
   1.1047365e+00
   1.1044574e+00
   1.1041787e+00
   1.1039003e+00
   1.1036222e+00
   1.1033444e+00
   1.1030670e+00
   1.1027900e+00
   1.1025132e+00
   1.1022368e+00
   1.1019608e+00
   1.1016850e+00
   1.1014096e+00
   1.1011346e+00
   1.1008599e+00
   1.1005855e+00
   1.1003114e+00
   1.1000377e+00
   1.0997643e+00
   1.0994912e+00
   1.0992185e+00
   1.0989461e+00
   1.0986740e+00
   1.0984022e+00
   1.0981308e+00
   1.0978597e+00
   1.0975889e+00
   1.0973185e+00
   1.0970484e+00
   1.0967786e+00
   1.0965091e+00
   1.0962399e+00
   1.0959711e+00
   1.0957026e+00
   1.0954344e+00
   1.0951666e+00
   1.0948990e+00
   1.0946318e+00
   1.0943649e+00
   1.0940983e+00
   1.0938320e+00
   1.0935661e+00
   1.0933005e+00
   1.0930351e+00
   1.0927701e+00
   1.0925055e+00
   1.0922411e+00
   1.0919770e+00
   1.0917133e+00
   1.0914499e+00
   1.0911868e+00
   1.0909240e+00
   1.0906615e+00
   1.0903993e+00
   1.0901374e+00
   1.0898759e+00
   1.0896146e+00
   1.0893537e+00
   1.0890931e+00
   1.0888327e+00
   1.0885727e+00
   1.0883130e+00
   1.0880536e+00
   1.0877945e+00
   1.0875357e+00
   1.0872772e+00
   1.0870191e+00
   1.0867612e+00
   1.0865036e+00
   1.0862463e+00
   1.0859894e+00
   1.0857327e+00
   1.0854763e+00
   1.0852203e+00
   1.0849645e+00
   1.0847091e+00
   1.0844539e+00
   1.0841990e+00
   1.0839445e+00
   1.0836902e+00
   1.0834362e+00
   1.0831825e+00
   1.0829291e+00
   1.0826761e+00
   1.0824233e+00
   1.0821708e+00
   1.0819186e+00
   1.0816667e+00
   1.0814150e+00
   1.0811637e+00
   1.0809127e+00
   1.0806619e+00
   1.0804115e+00
   1.0801613e+00
   1.0799115e+00
   1.0796619e+00
   1.0794126e+00
   1.0791636e+00
   1.0789149e+00
   1.0786665e+00
   1.0784183e+00
   1.0781705e+00
   1.0779229e+00
   1.0776756e+00
   1.0774286e+00
   1.0771819e+00
   1.0769355e+00
   1.0766893e+00
   1.0764435e+00
   1.0761979e+00
   1.0759526e+00
   1.0757076e+00
   1.0754628e+00
   1.0752184e+00
   1.0749742e+00
   1.0747303e+00
   1.0744867e+00
   1.0742434e+00
   1.0740003e+00
   1.0737575e+00
   1.0735150e+00
   1.0732728e+00
   1.0730308e+00
   1.0727892e+00
   1.0725478e+00
   1.0723066e+00
   1.0720658e+00
   1.0718252e+00
   1.0715849e+00
   1.0713449e+00
   1.0711051e+00
   1.0708656e+00
   1.0706264e+00
   1.0703875e+00
   1.0701488e+00
   1.0699104e+00
   1.0696723e+00
   1.0694344e+00
   1.0691968e+00
   1.0689595e+00
   1.0687224e+00
   1.0684856e+00
   1.0682491e+00
   1.0680129e+00
   1.0677769e+00
   1.0675411e+00
   1.0673057e+00
   1.0670705e+00
   1.0668356e+00
   1.0666009e+00
   1.0663665e+00
   1.0661323e+00
   1.0658985e+00
   1.0656648e+00
   1.0654315e+00
   1.0651984e+00
   1.0649656e+00
   1.0647330e+00
   1.0645007e+00
   1.0642686e+00
   1.0640368e+00
   1.0638053e+00
   1.0635740e+00
   1.0633430e+00
   1.0631122e+00
   1.0628817e+00
   1.0626514e+00
   1.0624215e+00
   1.0621917e+00
   1.0619622e+00
   1.0617330e+00
   1.0615040e+00
   1.0612753e+00
   1.0610468e+00
   1.0608186e+00
   1.0605906e+00
   1.0603629e+00
   1.0601355e+00
   1.0599082e+00
   1.0596813e+00
   1.0594546e+00
   1.0592281e+00
   1.0590019e+00
   1.0587759e+00
   1.0585502e+00
   1.0583247e+00
   1.0580995e+00
   1.0578746e+00
   1.0576498e+00
   1.0574253e+00
   1.0572011e+00
   1.0569771e+00
   1.0567534e+00
   1.0565299e+00
   1.0563066e+00
   1.0560836e+00
   1.0558608e+00
   1.0556383e+00
   1.0554160e+00
   1.0551940e+00
   1.0549722e+00
   1.0547506e+00
   1.0545293e+00
   1.0543082e+00
   1.0540874e+00
   1.0538668e+00
   1.0536465e+00
   1.0534263e+00
   1.0532065e+00
   1.0529868e+00
   1.0527674e+00
   1.0525482e+00
   1.0523293e+00
   1.0521106e+00
   1.0518922e+00
   1.0516739e+00
   1.0514560e+00
   1.0512382e+00
   1.0510207e+00
   1.0508034e+00
   1.0505864e+00
   1.0503695e+00
   1.0501530e+00
   1.0499366e+00
   1.0497205e+00
   1.0495046e+00
   1.0492889e+00
   1.0490735e+00
   1.0488583e+00
   1.0486433e+00
   1.0484286e+00
   1.0482141e+00
   1.0479998e+00
   1.0477858e+00
   1.0475720e+00
   1.0473584e+00
   1.0471450e+00
   1.0469319e+00
   1.0467189e+00
   1.0465063e+00
   1.0462938e+00
   1.0460816e+00
   1.0458696e+00
   1.0456578e+00
   1.0454462e+00
   1.0452349e+00
   1.0450238e+00
   1.0448129e+00
   1.0446022e+00
   1.0443917e+00
   1.0441815e+00
   1.0439715e+00
   1.0437617e+00
   1.0435522e+00
   1.0433428e+00
   1.0431337e+00
   1.0429248e+00
   1.0427161e+00
   1.0425077e+00
   1.0422994e+00
   1.0420914e+00
   1.0418836e+00
   1.0416760e+00
   1.0414686e+00
   1.0412615e+00
   1.0410545e+00
   1.0408478e+00
   1.0406413e+00
   1.0404350e+00
   1.0402289e+00
   1.0400231e+00
   1.0398174e+00
   1.0396120e+00
   1.0394068e+00
   1.0392018e+00
   1.0389970e+00
   1.0387924e+00
   1.0385880e+00
   1.0383838e+00
   1.0381799e+00
   1.0379762e+00
   1.0377726e+00
   1.0375693e+00
   1.0373662e+00
   1.0371633e+00
   1.0369606e+00
   1.0367581e+00
   1.0365559e+00
   1.0363538e+00
   1.0361520e+00
   1.0359503e+00
   1.0357489e+00
   1.0355476e+00
   1.0353466e+00
   1.0351458e+00
   1.0349452e+00
   1.0347448e+00
   1.0345446e+00
   1.0343446e+00
   1.0341448e+00
   1.0339452e+00
   1.0337458e+00
   1.0335466e+00
   1.0333476e+00
   1.0331488e+00
   1.0329503e+00
   1.0327519e+00
   1.0325537e+00
   1.0323557e+00
   1.0321580e+00
   1.0319604e+00
   1.0317630e+00
   1.0315658e+00
   1.0313689e+00
   1.0311721e+00
   1.0309755e+00
   1.0307791e+00
   1.0305830e+00
   1.0303870e+00
   1.0301912e+00
   1.0299956e+00
   1.0298002e+00
   1.0296050e+00
   1.0294100e+00
   1.0292152e+00
   1.0290206e+00
   1.0288262e+00
   1.0286320e+00
   1.0284380e+00
   1.0282442e+00
   1.0280505e+00
   1.0278571e+00
   1.0276639e+00
   1.0274708e+00
   1.0272780e+00
   1.0270853e+00
   1.0268928e+00
   1.0267005e+00
   1.0265084e+00
   1.0263165e+00
   1.0261248e+00
   1.0259333e+00
   1.0257420e+00
   1.0255508e+00
   1.0253599e+00
   1.0251691e+00
   1.0249785e+00
   1.0247882e+00
   1.0245980e+00
   1.0244079e+00
   1.0242181e+00
   1.0240285e+00
   1.0238390e+00
   1.0236498e+00
   1.0234607e+00
   1.0232718e+00
   1.0230831e+00
   1.0228946e+00
   1.0227063e+00
   1.0225181e+00
   1.0223302e+00
   1.0221424e+00
   1.0219548e+00
   1.0217674e+00
   1.0215801e+00
   1.0213931e+00
   1.0212062e+00
   1.0210195e+00
   1.0208330e+00
   1.0206467e+00
   1.0204606e+00
   1.0202746e+00
   1.0200888e+00
   1.0199032e+00
   1.0197178e+00
   1.0195326e+00
   1.0193475e+00
   1.0191627e+00
   1.0189780e+00
   1.0187934e+00
   1.0186091e+00
   1.0184249e+00
   1.0182410e+00
   1.0180571e+00
   1.0178735e+00
   1.0176901e+00
   1.0175068e+00
   1.0173237e+00
   1.0171407e+00
   1.0169580e+00
   1.0167754e+00
   1.0165930e+00
   1.0164108e+00
   1.0162287e+00
   1.0160469e+00
   1.0158652e+00
   1.0156836e+00
   1.0155023e+00
   1.0153211e+00
   1.0151401e+00
   1.0149592e+00
   1.0147786e+00
   1.0145981e+00
   1.0144178e+00
   1.0142376e+00
   1.0140576e+00
   1.0138778e+00
   1.0136982e+00
   1.0135187e+00
   1.0133394e+00
   1.0131603e+00
   1.0129813e+00
   1.0128025e+00
   1.0126239e+00
   1.0124454e+00
   1.0122672e+00
   1.0120890e+00
   1.0119111e+00
   1.0117333e+00
   1.0115557e+00
   1.0113782e+00
   1.0112010e+00
   1.0110238e+00
   1.0108469e+00
   1.0106701e+00
   1.0104935e+00
   1.0103170e+00
   1.0101407e+00
   1.0099646e+00
   1.0097886e+00
   1.0096128e+00
   1.0094372e+00
   1.0092617e+00
   1.0090864e+00
   1.0089113e+00
   1.0087363e+00
   1.0085615e+00
   1.0083868e+00
   1.0082123e+00
   1.0080380e+00
   1.0078638e+00
   1.0076898e+00
   1.0075160e+00
   1.0073423e+00
   1.0071687e+00
   1.0069954e+00
   1.0068222e+00
   1.0066491e+00
   1.0064762e+00
   1.0063035e+00
   1.0061309e+00
   1.0059585e+00
   1.0057862e+00
   1.0056141e+00
   1.0054422e+00
   1.0052704e+00
   1.0050988e+00
   1.0049273e+00
   1.0047560e+00
   1.0045848e+00
   1.0044138e+00
   1.0042430e+00
   1.0040723e+00
   1.0039018e+00
   1.0037314e+00
   1.0035612e+00
   1.0033911e+00
   1.0032212e+00
   1.0030514e+00
   1.0028818e+00
   1.0027123e+00
   1.0025430e+00
   1.0023739e+00
   1.0022049e+00
   1.0020360e+00
   1.0018673e+00
   1.0016988e+00
   1.0015304e+00
   1.0013622e+00
   1.0011941e+00
   1.0010261e+00
   1.0008584e+00
   1.0006907e+00
   1.0005232e+00
   1.0003559e+00
   1.0001887e+00
   1.0000217e+00
   9.9985480e-01
   9.9968806e-01
   9.9952148e-01
   9.9935504e-01
   9.9918874e-01
   9.9902260e-01
   9.9885660e-01
   9.9869076e-01
   9.9852505e-01
   9.9835950e-01
   9.9819409e-01
   9.9802883e-01
   9.9786372e-01
   9.9769875e-01
   9.9753392e-01
   9.9736925e-01
   9.9720471e-01
   9.9704033e-01
   9.9687608e-01
   9.9671199e-01
   9.9654803e-01
   9.9638422e-01
   9.9622056e-01
   9.9605704e-01
   9.9589366e-01
   9.9573042e-01
   9.9556733e-01
   9.9540438e-01
   9.9524157e-01
   9.9507891e-01
   9.9491639e-01
   9.9475401e-01
   9.9459177e-01
   9.9442967e-01
   9.9426771e-01
   9.9410590e-01
   9.9394422e-01
   9.9378269e-01
   9.9362129e-01
   9.9346004e-01
   9.9329892e-01
   9.9313794e-01
   9.9297711e-01
   9.9281641e-01
   9.9265585e-01
   9.9249543e-01
   9.9233515e-01
   9.9217500e-01
   9.9201500e-01
   9.9185513e-01
   9.9169540e-01
   9.9153581e-01
   9.9137635e-01
   9.9121703e-01
   9.9105784e-01
   9.9089880e-01
   9.9073989e-01
   9.9058111e-01
   9.9042247e-01
   9.9026397e-01
   9.9010560e-01
   9.8994736e-01
   9.8978926e-01
   9.8963130e-01
   9.8947347e-01
   9.8931577e-01
   9.8915821e-01
   9.8900078e-01
   9.8884348e-01
   9.8868632e-01
   9.8852929e-01
   9.8837240e-01
   9.8821563e-01
   9.8805900e-01
   9.8790250e-01
   9.8774613e-01
   9.8758990e-01
   9.8743379e-01
   9.8727782e-01
   9.8712198e-01
   9.8696627e-01
   9.8681068e-01
   9.8665523e-01
   9.8649991e-01
   9.8634472e-01
   9.8618966e-01
   9.8603473e-01
   9.8587993e-01
   9.8572526e-01
   9.8557072e-01
   9.8541630e-01
   9.8526201e-01
   9.8510786e-01
   9.8495383e-01
   9.8479992e-01
   9.8464615e-01
   9.8449250e-01
   9.8433898e-01
   9.8418559e-01
   9.8403233e-01
   9.8387919e-01
   9.8372617e-01
   9.8357329e-01
   9.8342053e-01
   9.8326789e-01
   9.8311538e-01
   9.8296300e-01
   9.8281074e-01
   9.8265861e-01
   9.8250660e-01
   9.8235472e-01
   9.8220296e-01
   9.8205132e-01
   9.8189981e-01
   9.8174842e-01
   9.8159716e-01
   9.8144602e-01
   9.8129500e-01
   9.8114410e-01
   9.8099333e-01
   9.8084268e-01
   9.8069216e-01
   9.8054175e-01
   9.8039147e-01
   9.8024131e-01
   9.8009127e-01
   9.7994135e-01
   9.7979156e-01
   9.7964188e-01
   9.7949232e-01
   9.7934289e-01
   9.7919358e-01
   9.7904438e-01
   9.7889531e-01
   9.7874636e-01
   9.7859752e-01
   9.7844881e-01
   9.7830021e-01
   9.7815174e-01
   9.7800338e-01
   9.7785514e-01
   9.7770702e-01
   9.7755902e-01
   9.7741113e-01
   9.7726337e-01
   9.7711572e-01
   9.7696819e-01
   9.7682077e-01
   9.7667348e-01
   9.7652630e-01
   9.7637924e-01
   9.7623229e-01
   9.7608546e-01
   9.7593875e-01
   9.7579215e-01
   9.7564567e-01
   9.7549930e-01
   9.7535305e-01
   9.7520692e-01
   9.7506090e-01
   9.7491499e-01
   9.7476920e-01
   9.7462352e-01
   9.7447796e-01
   9.7433252e-01
   9.7418718e-01
   9.7404196e-01
   9.7389686e-01
   9.7375186e-01
   9.7360698e-01
   9.7346222e-01
   9.7331756e-01
   9.7317302e-01
   9.7302860e-01
   9.7288428e-01
   9.7274008e-01
   9.7259598e-01
   9.7245200e-01
   9.7230814e-01
   9.7216438e-01
   9.7202073e-01
   9.7187720e-01
   9.7173377e-01
   9.7159046e-01
   9.7144726e-01
   9.7130417e-01
   9.7116118e-01
   9.7101831e-01
   9.7087555e-01
