   1.6820485e-01
   1.6804733e-01
   1.6788997e-01
   1.6773277e-01
   1.6757573e-01
   1.6741884e-01
   1.6726212e-01
   1.6710556e-01
   1.6694915e-01
   1.6679291e-01
   1.6663682e-01
   1.6648089e-01
   1.6632512e-01
   1.6616950e-01
   1.6601405e-01
   1.6585875e-01
   1.6570361e-01
   1.6554863e-01
   1.6539381e-01
   1.6523914e-01
   1.6508463e-01
   1.6493028e-01
   1.6477608e-01
   1.6462204e-01
   1.6446816e-01
   1.6431443e-01
   1.6416086e-01
   1.6400744e-01
   1.6385418e-01
   1.6370108e-01
   1.6354813e-01
   1.6339534e-01
   1.6324270e-01
   1.6309022e-01
   1.6293789e-01
   1.6278571e-01
   1.6263369e-01
   1.6248183e-01
   1.6233012e-01
   1.6217856e-01
   1.6202716e-01
   1.6187591e-01
   1.6172481e-01
   1.6157387e-01
   1.6142308e-01
   1.6127244e-01
   1.6112196e-01
   1.6097163e-01
   1.6082145e-01
   1.6067142e-01
   1.6052155e-01
   1.6037183e-01
   1.6022225e-01
   1.6007284e-01
   1.5992357e-01
   1.5977445e-01
   1.5962549e-01
   1.5947668e-01
   1.5932802e-01
   1.5917950e-01
   1.5903114e-01
   1.5888293e-01
   1.5873487e-01
   1.5858697e-01
   1.5843921e-01
   1.5829160e-01
   1.5814414e-01
   1.5799683e-01
   1.5784967e-01
   1.5770265e-01
   1.5755579e-01
   1.5740908e-01
   1.5726251e-01
   1.5711610e-01
   1.5696983e-01
   1.5682371e-01
   1.5667774e-01
   1.5653192e-01
   1.5638624e-01
   1.5624072e-01
   1.5609534e-01
   1.5595010e-01
   1.5580502e-01
   1.5566008e-01
   1.5551529e-01
   1.5537065e-01
   1.5522615e-01
   1.5508180e-01
   1.5493759e-01
   1.5479353e-01
   1.5464962e-01
   1.5450585e-01
   1.5436223e-01
   1.5421876e-01
   1.5407543e-01
   1.5393225e-01
   1.5378921e-01
   1.5364631e-01
   1.5350356e-01
   1.5336096e-01
   1.5321850e-01
   1.5307828e-01
   1.7376356e-01
   1.9403653e-01
   2.1393769e-01
   2.3350198e-01
   2.5276189e-01
   2.7174769e-01
   2.9048812e-01
   3.0901033e-01
   3.2734048e-01
   3.4550406e-01
   3.6352640e-01
   3.8143345e-01
   3.9925263e-01
   4.1701445e-01
   4.3475441e-01
   4.5251552e-01
   4.7035232e-01
   4.8833620e-01
   5.0656284e-01
   5.2516416e-01
   5.4432515e-01
   5.6431120e-01
   5.8551320e-01
   6.0852506e-01
   6.3428980e-01
   6.6438482e-01
   7.0163405e-01
   7.5153161e-01
   8.2587812e-01
   9.5290144e-01
   1.2093296e+00
   1.8038240e+00
   2.6676518e+00
   3.7021431e+00
   4.8083577e+00
   5.8805510e+00
   6.8758881e+00
   7.7818865e+00
   8.5957819e+00
   9.3178859e+00
   9.9499397e+00
   1.0494715e+01
   1.0955855e+01
   1.1337701e+01
   1.1645099e+01
   1.1883249e+01
   1.2057531e+01
   1.2173377e+01
   1.2236166e+01
   1.2251119e+01
   1.2103357e+01
   1.1898790e+01
   1.1650182e+01
   1.1368150e+01
   1.1061483e+01
   1.0737427e+01
   1.0401936e+01
   1.0059876e+01
   9.7151900e+00
   9.3710680e+00
   9.0300616e+00
   8.6941974e+00
   8.3650624e+00
   8.0438802e+00
   7.7315736e+00
   7.4288184e+00
   7.1360829e+00
   6.8536713e+00
   6.5817478e+00
   6.3203671e+00
   6.0694933e+00
   5.8290172e+00
   5.5987735e+00
   5.3785493e+00
   5.1681010e+00
   4.9671545e+00
   4.7754181e+00
   4.5925865e+00
   4.4183450e+00
   4.2523744e+00
   4.0943545e+00
   3.9439637e+00
   3.8008887e+00
   3.6648157e+00
   3.5354394e+00
   3.4124631e+00
   3.2955954e+00
   3.1845565e+00
   3.0790746e+00
   2.9788861e+00
   2.8837388e+00
   2.7933893e+00
   2.7076039e+00
   2.6261581e+00
   2.5488377e+00
   2.4754374e+00
   2.4057579e+00
   2.3396155e+00
   2.2768273e+00
   2.2172239e+00
   2.1606438e+00
   2.1069303e+00
   2.0559375e+00
   2.0075226e+00
   1.9615551e+00
   1.9179037e+00
   1.8764490e+00
   1.8370786e+00
   1.7996823e+00
   1.7641554e+00
   1.7303979e+00
   1.6983217e+00
   1.6678359e+00
   1.6388573e+00
   1.6113072e+00
   1.5851074e+00
   1.5601890e+00
   1.5364848e+00
   1.5139277e+00
   1.4924603e+00
   1.4720232e+00
   1.4525632e+00
   1.4340295e+00
   1.4163711e+00
   1.3995430e+00
   1.3835013e+00
   1.3682027e+00
   1.3536091e+00
   1.3396837e+00
   1.3263923e+00
   1.3137012e+00
   1.3015803e+00
   1.2899991e+00
   1.2789284e+00
   1.2683420e+00
   1.2582151e+00
   1.2485247e+00
   1.2392467e+00
   1.2303605e+00
   1.2218468e+00
   1.2136862e+00
   1.2058608e+00
   1.1983523e+00
   1.1911451e+00
   1.1842254e+00
   1.1775767e+00
   1.1711873e+00
   1.1650444e+00
   1.1591362e+00
   1.1534494e+00
   1.1479730e+00
   1.1426973e+00
   1.1376143e+00
   1.1327127e+00
   1.1279849e+00
   1.1234223e+00
   1.1190172e+00
   1.1147616e+00
   1.1106498e+00
   1.1066745e+00
   1.1028300e+00
   1.0991093e+00
   1.0955086e+00
   1.0920233e+00
   1.0886469e+00
   1.0853758e+00
   1.0822046e+00
   1.0791290e+00
   1.0761451e+00
   1.0732494e+00
   1.0704369e+00
   1.0677079e+00
   1.0650576e+00
   1.0624827e+00
   1.0599805e+00
   1.0575485e+00
   1.0551840e+00
   1.0528846e+00
   1.0506483e+00
   1.0484729e+00
   1.0463547e+00
   1.0442938e+00
   1.0422898e+00
   1.0403399e+00
   1.0384423e+00
   1.0365950e+00
   1.0347967e+00
   1.0330465e+00
   1.0313427e+00
   1.0296853e+00
   1.0280713e+00
   1.0265006e+00
   1.0249722e+00
   1.0234870e+00
   1.0220430e+00
   1.0206402e+00
   1.0192735e+00
   1.0179472e+00
   1.0166586e+00
   1.0154070e+00
   1.0141932e+00
   1.0130168e+00
   1.0118747e+00
   1.0107677e+00
   1.0096965e+00
   1.0086592e+00
   1.0076576e+00
   1.0066887e+00
   1.0057540e+00
   1.0048544e+00
   1.0039881e+00
   1.0031530e+00
   1.0023510e+00
   1.0015801e+00
   1.0008412e+00
   1.0001368e+00
   9.9946229e-01
   9.9882197e-01
   9.9821505e-01
   9.9764115e-01
   9.9709757e-01
   9.9658685e-01
   9.9610812e-01
   9.9566263e-01
   9.9524913e-01
   9.9486759e-01
   9.9451872e-01
   9.9420297e-01
   9.9392028e-01
   9.9366999e-01
   9.9345194e-01
   9.9326636e-01
   9.9311615e-01
   9.9299951e-01
   9.9291857e-01
   9.9286881e-01
   9.9285421e-01
   9.9287541e-01
   9.9293048e-01
   9.9302114e-01
   9.9314614e-01
   9.9330654e-01
   9.9350317e-01
   9.9373602e-01
   9.9400534e-01
   9.9431122e-01
   9.9465350e-01
   9.9503575e-01
   9.9545561e-01
   9.9591305e-01
   9.9641002e-01
   9.9694280e-01
   9.9751512e-01
   9.9812783e-01
   9.9877993e-01
   9.9947267e-01
   1.0002057e+00
   1.0009807e+00
   1.0017975e+00
   1.0026559e+00
   1.0035560e+00
   1.0044984e+00
   1.0054837e+00
   1.0065101e+00
   1.0075812e+00
   1.0086983e+00
   1.0098579e+00
   1.0110613e+00
   1.0123111e+00
   1.0136070e+00
   1.0149465e+00
   1.0163324e+00
   1.0177652e+00
   1.0192413e+00
   1.0207640e+00
   1.0223337e+00
   1.0239490e+00
   1.0256106e+00
   1.0273159e+00
   1.0290677e+00
   1.0308650e+00
   1.0327080e+00
   1.0345967e+00
   1.0365307e+00
   1.0385104e+00
   1.0405341e+00
   1.0426024e+00
   1.0447136e+00
   1.0468652e+00
   1.0490601e+00
   1.0512996e+00
   1.0535805e+00
   1.0559028e+00
   1.0582661e+00
   1.0606673e+00
   1.0631074e+00
   1.0655865e+00
   1.0681000e+00
   1.0706485e+00
   1.0732328e+00
   1.0758507e+00
   1.0785009e+00
   1.0811826e+00
   1.0838963e+00
   1.0866395e+00
   1.0894115e+00
   1.0922101e+00
   1.0950355e+00
   1.0978870e+00
   1.1007641e+00
   1.1036629e+00
   1.1065809e+00
   1.1095242e+00
   1.1124855e+00
   1.1154627e+00
   1.1184569e+00
   1.1214670e+00
   1.1244923e+00
   1.1275339e+00
   1.1305899e+00
   1.1336534e+00
   1.1367283e+00
   1.1398145e+00
   1.1429086e+00
   1.1460089e+00
   1.1491169e+00
   1.1522343e+00
   1.1553548e+00
   1.1584781e+00
   1.1616046e+00
   1.1647360e+00
   1.1678690e+00
   1.1710064e+00
   1.1741408e+00
   1.1772773e+00
   1.1804116e+00
   1.1835441e+00
   1.1866749e+00
   1.1898043e+00
   1.1929297e+00
   1.1960516e+00
   1.1991725e+00
   1.2022874e+00
   1.2053970e+00
   1.2085013e+00
   1.2116028e+00
   1.2146965e+00
   1.2177851e+00
   1.2208664e+00
   1.2239417e+00
   1.2270084e+00
   1.2300707e+00
   1.2331264e+00
   1.2361793e+00
   1.2392190e+00
   1.2422517e+00
   1.2452756e+00
   1.2482933e+00
   1.2513018e+00
   1.2543020e+00
   1.2572920e+00
   1.2602745e+00
   1.2632484e+00
   1.2662136e+00
   1.2691695e+00
   1.2721171e+00
   1.2750540e+00
   1.2779843e+00
   1.2809058e+00
   1.2838184e+00
   1.2867215e+00
   1.2896174e+00
   1.2925040e+00
   1.2953800e+00
   1.2982492e+00
   1.3011097e+00
   1.3039624e+00
   1.3068059e+00
   1.3096411e+00
   1.3124686e+00
   1.3152871e+00
   1.3180976e+00
   1.3209003e+00
   1.3236941e+00
   1.3264809e+00
   1.3292596e+00
   1.3320311e+00
   1.3347943e+00
   1.3375506e+00
   1.3402982e+00
   1.3430381e+00
   1.3457707e+00
   1.3484958e+00
   1.3512150e+00
   1.3539268e+00
   1.3566305e+00
   1.3593274e+00
   1.3620178e+00
   1.3647020e+00
   1.3673793e+00
   1.3700503e+00
   1.3727166e+00
   1.3753761e+00
   1.3780274e+00
   1.3806746e+00
   1.3833153e+00
   1.3859490e+00
   1.3885783e+00
   1.3912008e+00
   1.3938166e+00
   1.3964271e+00
   1.3990337e+00
   1.4016355e+00
   1.4042322e+00
   1.4068237e+00
   1.4094099e+00
   1.4119909e+00
   1.4145666e+00
   1.4171376e+00
   1.4197046e+00
   1.4222665e+00
   1.4248234e+00
   1.4273764e+00
   1.4299269e+00
   1.4324742e+00
   1.4350169e+00
   1.4375548e+00
   1.4400896e+00
   1.4426203e+00
   1.4451467e+00
   1.4476683e+00
   1.4501861e+00
   1.4527004e+00
   1.4552140e+00
   1.4577238e+00
   1.4602309e+00
   1.4627356e+00
   1.4652368e+00
   1.4677358e+00
   1.4702322e+00
   1.4727250e+00
   1.4752156e+00
   1.4777038e+00
   1.4801884e+00
   1.4826707e+00
   1.4851508e+00
   1.4876275e+00
   1.4901043e+00
   1.4925774e+00
   1.4950504e+00
   1.4975196e+00
   1.4999889e+00
   1.5024545e+00
   1.5049200e+00
   1.5073823e+00
   1.5098442e+00
   1.5123070e+00
   1.5147670e+00
   1.5172256e+00
   1.5196834e+00
   1.5221393e+00
   1.5245961e+00
   1.5270504e+00
   1.5295037e+00
   1.5319565e+00
   1.5344076e+00
   1.5368596e+00
   1.5393097e+00
   1.5417589e+00
   1.5442079e+00
   1.5466558e+00
   1.5491044e+00
   1.5515519e+00
   1.5539985e+00
   1.5564453e+00
   1.5588916e+00
   1.5613384e+00
   1.5637850e+00
   1.5662308e+00
   1.5686773e+00
   1.5711238e+00
   1.5735708e+00
   1.5760182e+00
   1.5784651e+00
   1.5809131e+00
   1.5833616e+00
   1.5858109e+00
   1.5882611e+00
   1.5907111e+00
   1.5931627e+00
   1.5956151e+00
   1.5980690e+00
   1.6005240e+00
   1.6029790e+00
   1.6054338e+00
   1.6078894e+00
   1.6103461e+00
   1.6128042e+00
   1.6152643e+00
   1.6177249e+00
   1.6201858e+00
   1.6226530e+00
   1.6251185e+00
   1.6275862e+00
   1.6300563e+00
   1.6325268e+00
   1.6349983e+00
   1.6374713e+00
   1.6399466e+00
   1.6424232e+00
   1.6449012e+00
   1.6473811e+00
   1.6498636e+00
   1.6523480e+00
   1.6548341e+00
   1.6573228e+00
   1.6598145e+00
   1.6623062e+00
   1.6647983e+00
   1.6672935e+00
   1.6697923e+00
   1.6722936e+00
   1.6747980e+00
   1.6773033e+00
   1.6798102e+00
   1.6823184e+00
   1.6848294e+00
   1.6873439e+00
   1.6898629e+00
   1.6923815e+00
   1.6949018e+00
   1.6974279e+00
   1.6999552e+00
   1.7024856e+00
   1.7050186e+00
   1.7075536e+00
   1.7100922e+00
   1.7126339e+00
   1.7151779e+00
   1.7177250e+00
   1.7202745e+00
   1.7228273e+00
   1.7253829e+00
   1.7279421e+00
   1.7305044e+00
   1.7330705e+00
   1.7356390e+00
   1.7382103e+00
   1.7407861e+00
   1.7433645e+00
   1.7459465e+00
   1.7485333e+00
   1.7511229e+00
   1.7537153e+00
   1.7563107e+00
   1.7589093e+00
   1.7615112e+00
   1.7641164e+00
   1.7667253e+00
   1.7693378e+00
   1.7719542e+00
   1.7745747e+00
   1.7771993e+00
   1.7798283e+00
   1.7824619e+00
   1.7850973e+00
   1.7877383e+00
   1.7903835e+00
   1.7930310e+00
   1.7956833e+00
   1.7983399e+00
   1.8009991e+00
   1.8036637e+00
   1.8063306e+00
   1.8090019e+00
   1.8116756e+00
   1.8143545e+00
   1.8170373e+00
   1.8197251e+00
   1.8224155e+00
   1.8251121e+00
   1.8278113e+00
   1.8305161e+00
   1.8332240e+00
   1.8359342e+00
   1.8386496e+00
   1.8413699e+00
   1.8440935e+00
   1.8468230e+00
   1.8495561e+00
   1.8522921e+00
   1.8550343e+00
   1.8577812e+00
   1.8605318e+00
   1.8632867e+00
   1.8660464e+00
   1.8688097e+00
   1.8715803e+00
   1.8743553e+00
   1.8771349e+00
   1.8799185e+00
   1.8827062e+00
   1.8854978e+00
   1.8882933e+00
   1.8910930e+00
   1.8938970e+00
   1.8967097e+00
   1.8995267e+00
   1.9023484e+00
   1.9051745e+00
   1.9080053e+00
   1.9108403e+00
   1.9136806e+00
   1.9165254e+00
   1.9193757e+00
   1.9222312e+00
   1.9250924e+00
   1.9279571e+00
   1.9308263e+00
   1.9337020e+00
   1.9365824e+00
   1.9394682e+00
   1.9423589e+00
   1.9452541e+00
   1.9481550e+00
   1.9510612e+00
   1.9539721e+00
   1.9568886e+00
   1.9598103e+00
   1.9627375e+00
   1.9656705e+00
   1.9686076e+00
   1.9715496e+00
   1.9744969e+00
   1.9774506e+00
   1.9804094e+00
   1.9833730e+00
   1.9863427e+00
   1.9893173e+00
   1.9922964e+00
   1.9952802e+00
   1.9982728e+00
   2.0012693e+00
   2.0042708e+00
   2.0072775e+00
   2.0102927e+00
   2.0133104e+00
   2.0163349e+00
   2.0193632e+00
   2.0223994e+00
   2.0254392e+00
   2.0284830e+00
   2.0315342e+00
   2.0345918e+00
   2.0376539e+00
   2.0407223e+00
   2.0437989e+00
   2.0468798e+00
   2.0499659e+00
   2.0530585e+00
   2.0561578e+00
   2.0592606e+00
   2.0623694e+00
   2.0654849e+00
   2.0686069e+00
   2.0717341e+00
   2.0748658e+00
   2.0780047e+00
   2.0811498e+00
   2.0843019e+00
   2.0874606e+00
   2.0906263e+00
   2.0937947e+00
   2.0969692e+00
   2.1001518e+00
   2.1033380e+00
   2.1065288e+00
   2.1097259e+00
   2.1129326e+00
   2.1161439e+00
   2.1193607e+00
   2.1225815e+00
   2.1258082e+00
   2.1290460e+00
   2.1322905e+00
   2.1355377e+00
   2.1387940e+00
   2.1420545e+00
   2.1453206e+00
   2.1485913e+00
   2.1518718e+00
   2.1551577e+00
   2.1584500e+00
   2.1617468e+00
   2.1650498e+00
   2.1683613e+00
   2.1716777e+00
   2.1750010e+00
   2.1783294e+00
   2.1816658e+00
   2.1850065e+00
   2.1883561e+00
   2.1917107e+00
   2.1950744e+00
   2.1984432e+00
   2.2018241e+00
   2.2052063e+00
   2.2085958e+00
   2.2119899e+00
   2.2153893e+00
   2.2187963e+00
   2.2222116e+00
   2.2256319e+00
   2.2290594e+00
   2.2324944e+00
   2.2359384e+00
   2.2393870e+00
   2.2428461e+00
   2.2463080e+00
   2.2497772e+00
   2.2532519e+00
   2.2567390e+00
   2.2602281e+00
   2.2637223e+00
   2.2672252e+00
   2.2707339e+00
   2.2742475e+00
   2.2777742e+00
   2.2813032e+00
   2.2848380e+00
   2.2883864e+00
   2.2919364e+00
   2.2954943e+00
   2.2990615e+00
   2.3026311e+00
   2.3062093e+00
   2.3097977e+00
   2.3133891e+00
   2.3169883e+00
   2.3205987e+00
   2.3242116e+00
   2.3278283e+00
   2.3314582e+00
   2.3350920e+00
   2.3387293e+00
   2.3423807e+00
   2.3460370e+00
   2.3496980e+00
   2.3533677e+00
   2.3570421e+00
   2.3607267e+00
   2.3644148e+00
   2.3681158e+00
   2.3718237e+00
   2.3755399e+00
   2.3792588e+00
   2.3829846e+00
   2.3867188e+00
   2.3904618e+00
   2.3942107e+00
   2.3979702e+00
   2.4017373e+00
   2.4055125e+00
   2.4092944e+00
   2.4130824e+00
   2.4168798e+00
   2.4206836e+00
   2.4244988e+00
   2.4283160e+00
   2.4321429e+00
   2.4359785e+00
   2.4398192e+00
   2.4436658e+00
   2.4475197e+00
   2.4513826e+00
   2.4552537e+00
   2.4591324e+00
   2.4630173e+00
   2.4669132e+00
   2.4708176e+00
   2.4747303e+00
   2.4786477e+00
   2.4825717e+00
   2.4865039e+00
   2.4904457e+00
   2.4943969e+00
   2.4983546e+00
   2.5023189e+00
   2.5062914e+00
   2.5102715e+00
   2.5142607e+00
   2.5182584e+00
   2.5222656e+00
   2.5262762e+00
   2.5302939e+00
   2.5343205e+00
   2.5383542e+00
   2.5423969e+00
   2.5464491e+00
   2.5505076e+00
   2.5545751e+00
   2.5586534e+00
   2.5627365e+00
   2.5668282e+00
   2.5709307e+00
   2.5750375e+00
   2.5791488e+00
   2.5832742e+00
   2.5874069e+00
   2.5915466e+00
   2.5956947e+00
   2.5998516e+00
   2.6040169e+00
   2.6081913e+00
   2.6123747e+00
   2.6165646e+00
   2.6207629e+00
   2.6249702e+00
   2.6291893e+00
   2.6334128e+00
   2.6376441e+00
   2.6418854e+00
   2.6461351e+00
   2.6503937e+00
   2.6546588e+00
   2.6589332e+00
   2.6632154e+00
   2.6675056e+00
   2.6718016e+00
   2.6761094e+00
   2.6804289e+00
   2.6847557e+00
   2.6890894e+00
   2.6934319e+00
   2.6977846e+00
   2.7021419e+00
   2.7065085e+00
   2.7108855e+00
   2.7152711e+00
   2.7196658e+00
   2.7240698e+00
   2.7284821e+00
   2.7329026e+00
   2.7373317e+00
   2.7417696e+00
   2.7462169e+00
   2.7506727e+00
   2.7551401e+00
   2.7596144e+00
   2.7640966e+00
   2.7685881e+00
   2.7730883e+00
   2.7775974e+00
   2.7821165e+00
   2.7866447e+00
   2.7911794e+00
   2.7957234e+00
   2.8002765e+00
   2.8048400e+00
   2.8094114e+00
   2.8139920e+00
   2.8185835e+00
   2.8231840e+00
   2.8277938e+00
   2.8324122e+00
   2.8370401e+00
   2.8416765e+00
   2.8463224e+00
   2.8509786e+00
   2.8556442e+00
   2.8603170e+00
   2.8649997e+00
   2.8696919e+00
   2.8743943e+00
   2.8791052e+00
   2.8838251e+00
   2.8885543e+00
   2.8932922e+00
   2.8980399e+00
   2.9027975e+00
   2.9075647e+00
   2.9123399e+00
   2.9171259e+00
   2.9219215e+00
   2.9267273e+00
   2.9315445e+00
   2.9363703e+00
   2.9412031e+00
   2.9460456e+00
   2.9508974e+00
   2.9557593e+00
   2.9606311e+00
   2.9655136e+00
   2.9704057e+00
   2.9753082e+00
   2.9802200e+00
   2.9851414e+00
   2.9900728e+00
   2.9950105e+00
   2.9999594e+00
   3.0049177e+00
   3.0098871e+00
   3.0148657e+00
   3.0198565e+00
   3.0248544e+00
   3.0298618e+00
   3.0348803e+00
   3.0399069e+00
   3.0449456e+00
   3.0499925e+00
   3.0550496e+00
   3.0601165e+00
   3.0651935e+00
   3.0702809e+00
   3.0753790e+00
   3.0804883e+00
   3.0856066e+00
   3.0907352e+00
   3.0958748e+00
   3.1010244e+00
   3.1061849e+00
   3.1113522e+00
   3.1165320e+00
   3.1217237e+00
   3.1269267e+00
   3.1321391e+00
   3.1373611e+00
   3.1425912e+00
   3.1478340e+00
   3.1530862e+00
   3.1583471e+00
   3.1636209e+00
   3.1689044e+00
   3.1742002e+00
   3.1795042e+00
   3.1848198e+00
   3.1901427e+00
   3.1954780e+00
   3.2008258e+00
   3.2061826e+00
   3.2115504e+00
   3.2169295e+00
   3.2223177e+00
   3.2277176e+00
   3.2331243e+00
   3.2385440e+00
   3.2439737e+00
   3.2494142e+00
   3.2548698e+00
   3.2603334e+00
   3.2658067e+00
   3.2712928e+00
   3.2767911e+00
   3.2822965e+00
   3.2878147e+00
   3.2933465e+00
   3.2988846e+00
   3.3044354e+00
   3.3099953e+00
   3.3155670e+00
   3.3211494e+00
   3.3267444e+00
   3.3323486e+00
   3.3379651e+00
   3.3435911e+00
   3.3492297e+00
   3.3548789e+00
   3.3605422e+00
   3.3662134e+00
   3.3719015e+00
   3.3775944e+00
   3.3833009e+00
   3.3890163e+00
   3.3947449e+00
   3.4004855e+00
   3.4062353e+00
   3.4119942e+00
   3.4177667e+00
   3.4235494e+00
   3.4293464e+00
   3.4351531e+00
   3.4409724e+00
   3.4468036e+00
   3.4526438e+00
   3.4584931e+00
   3.4643586e+00
   3.4702335e+00
   3.4761182e+00
   3.4820174e+00
   3.4879272e+00
   3.4938482e+00
   3.4997819e+00
   3.5057264e+00
   3.5116829e+00
   3.5176518e+00
   3.5236338e+00
   3.5296265e+00
   3.5356303e+00
   3.5416469e+00
   3.5476752e+00
   3.5537143e+00
   3.5597616e+00
   3.5658224e+00
   3.5718953e+00
   3.5779833e+00
   3.5840818e+00
   3.5901936e+00
   3.5963153e+00
   3.6024486e+00
   3.6085940e+00
   3.6147521e+00
   3.6209216e+00
   3.6271039e+00
   3.6333001e+00
   3.6395064e+00
   3.6457263e+00
   3.6519570e+00
   3.6581985e+00
   3.6644547e+00
   3.6707232e+00
   3.6770040e+00
   3.6832983e+00
   3.6896040e+00
   3.6959205e+00
   3.7022511e+00
   3.7085911e+00
   3.7149420e+00
   3.7213065e+00
   3.7276845e+00
   3.7340760e+00
   3.7404803e+00
   3.7468989e+00
   3.7533284e+00
   3.7597718e+00
   3.7662267e+00
   3.7726963e+00
   3.7791780e+00
   3.7856676e+00
   3.7921731e+00
   3.7986923e+00
   3.8052203e+00
   3.8117661e+00
   3.8183209e+00
   3.8248885e+00
   3.8314695e+00
   3.8380622e+00
   3.8446673e+00
   3.8512850e+00
   3.8579145e+00
   3.8645588e+00
   3.8712148e+00
   3.8778850e+00
   3.8845677e+00
   3.8912649e+00
   3.8979750e+00
   3.9046965e+00
   3.9114303e+00
   3.9181786e+00
   3.9249402e+00
   3.9317155e+00
   3.9385022e+00
   3.9453056e+00
   3.9521202e+00
   3.9589508e+00
   3.9657909e+00
   3.9726467e+00
   3.9795131e+00
   3.9863964e+00
   3.9932896e+00
   4.0001975e+00
   4.0071195e+00
   4.0140550e+00
   4.0210047e+00
   4.0279657e+00
   4.0349426e+00
   4.0419300e+00
   4.0489301e+00
   4.0559469e+00
   4.0629754e+00
   4.0700185e+00
   4.0770761e+00
   4.0841458e+00
   4.0912307e+00
   4.0983271e+00
   4.1054366e+00
   4.1125604e+00
   4.1196985e+00
   4.1268504e+00
   4.1340195e+00
   4.1412017e+00
   4.1483970e+00
   4.1556053e+00
   4.1628286e+00
   4.1700659e+00
   4.1773185e+00
   4.1845819e+00
   4.1918619e+00
   4.1991536e+00
   4.2064633e+00
   4.2137846e+00
   4.2211218e+00
   4.2284707e+00
   4.2358369e+00
   4.2432146e+00
   4.2506048e+00
   4.2580114e+00
   4.2654306e+00
   4.2728662e+00
   4.2803183e+00
   4.2877832e+00
   4.2952630e+00
   4.3027615e+00
   4.3102684e+00
   4.3177919e+00
   4.3253294e+00
   4.3328784e+00
   4.3404477e+00
   4.3480287e+00
   4.3556222e+00
   4.3632349e+00
   4.3708619e+00
   4.3785025e+00
   4.3861577e+00
   4.3938280e+00
   4.4015128e+00
   4.4092132e+00
   4.4169294e+00
   4.4246605e+00
   4.4324052e+00
   4.4401655e+00
   4.4479383e+00
   4.4557287e+00
   4.4635334e+00
   4.4713501e+00
   4.4791853e+00
   4.4870357e+00
   4.4949013e+00
   4.5027789e+00
   4.5106751e+00
   4.5185860e+00
   4.5265123e+00
   4.5344512e+00
   4.5424066e+00
   4.5503804e+00
   4.5583697e+00
   4.5663739e+00
   4.5743933e+00
   4.5824287e+00
   4.5904791e+00
   4.5985449e+00
   4.6066241e+00
   4.6147222e+00
   4.6228333e+00
   4.6309629e+00
   4.6391044e+00
   4.6472613e+00
   4.6554375e+00
   4.6636282e+00
   4.6718367e+00
   4.6800616e+00
   4.6883001e+00
   4.6965557e+00
   4.7048252e+00
   4.7131101e+00
   4.7214129e+00
   4.7297311e+00
   4.7380654e+00
   4.7464182e+00
   4.7547876e+00
   4.7631708e+00
   4.7715677e+00
   4.7799819e+00
   4.7884185e+00
   4.7968694e+00
   4.8053341e+00
   4.8138160e+00
   4.8223160e+00
   4.8308312e+00
   4.8393615e+00
   4.8479118e+00
   4.8564743e+00
   4.8650534e+00
   4.8736507e+00
   4.8822617e+00
   4.8908918e+00
   4.8995373e+00
   4.9082017e+00
   4.9168848e+00
   4.9255808e+00
   4.9342977e+00
   4.9430273e+00
   4.9517774e+00
   4.9605430e+00
   4.9693260e+00
   4.9781234e+00
   4.9869392e+00
   4.9957751e+00
   5.0046254e+00
   5.0134932e+00
   5.0223774e+00
   5.0312778e+00
   5.0401983e+00
   5.0491359e+00
   5.0580881e+00
   5.0670568e+00
   5.0760499e+00
   5.0850563e+00
   5.0940779e+00
   5.1031221e+00
   5.1121806e+00
   5.1212572e+00
   5.1303522e+00
   5.1394650e+00
   5.1485952e+00
   5.1577399e+00
   5.1669068e+00
   5.1760875e+00
   5.1852847e+00
   5.1945039e+00
   5.2037403e+00
   5.2129917e+00
   5.2222609e+00
   5.2315516e+00
   5.2408610e+00
   5.2501887e+00
   5.2595307e+00
   5.2688910e+00
   5.2782728e+00
   5.2876689e+00
   5.2970844e+00
   5.3065181e+00
   5.3159702e+00
   5.3254440e+00
   5.3349369e+00
   5.3444479e+00
   5.3539746e+00
   5.3635208e+00
   5.3730882e+00
   5.3826728e+00
   5.3922744e+00
   5.4018933e+00
   5.4115317e+00
   5.4211908e+00
   5.4308697e+00
   5.4405692e+00
   5.4502874e+00
   5.4600228e+00
   5.4697780e+00
   5.4795482e+00
   5.4893380e+00
   5.4991525e+00
   5.5089834e+00
   5.5188333e+00
   5.5287015e+00
   5.5385911e+00
   5.5485017e+00
   5.5584264e+00
   5.5683740e+00
   5.5783409e+00
   5.5883279e+00
   5.5983346e+00
   5.6083584e+00
   5.6184008e+00
   5.6284648e+00
   5.6385471e+00
   5.6486519e+00
   5.6587749e+00
   5.6689179e+00
   5.6790817e+00
   5.6892645e+00
   5.6994676e+00
   5.7096921e+00
   5.7199329e+00
   5.7301934e+00
   5.7404798e+00
   5.7507822e+00
   5.7611057e+00
   5.7714483e+00
   5.7818129e+00
   5.7921997e+00
   5.8026044e+00
   5.8130300e+00
   5.8234737e+00
   5.8339400e+00
   5.8444259e+00
   5.8549335e+00
   5.8654620e+00
   5.8760110e+00
   5.8865802e+00
   5.8971691e+00
   5.9077797e+00
   5.9184105e+00
   5.9290634e+00
   5.9397382e+00
   5.9504325e+00
   5.9611483e+00
   5.9718911e+00
   5.9826498e+00
   5.9934358e+00
   6.0042390e+00
   6.0150630e+00
   6.0259081e+00
   6.0367748e+00
   6.0476612e+00
   6.0585674e+00
   6.0694994e+00
   6.0804558e+00
   6.0914315e+00
   6.1024254e+00
   6.1134399e+00
   6.1244811e+00
   6.1355435e+00
   6.1466276e+00
   6.1577343e+00
   6.1688627e+00
   6.1800143e+00
   6.1911843e+00
   6.2023803e+00
   6.2135941e+00
   6.2248332e+00
   6.2360907e+00
   6.2473759e+00
   6.2586838e+00
   6.2700140e+00
   6.2813638e+00
   6.2927398e+00
   6.3041328e+00
   6.3155537e+00
   6.3269972e+00
   6.3384633e+00
   6.3499530e+00
   6.3614656e+00
   6.3730061e+00
   6.3845623e+00
   6.3961419e+00
   6.4077488e+00
   6.4193773e+00
   6.4310302e+00
   6.4427055e+00
   6.4544072e+00
   6.4661276e+00
   6.4778736e+00
   6.4896395e+00
   6.5014325e+00
   6.5132474e+00
   6.5250868e+00
   6.5369479e+00
   6.5488339e+00
   6.5607443e+00
   6.5726829e+00
   6.5846435e+00
   6.5966268e+00
   6.6086352e+00
   6.6206716e+00
   6.6327301e+00
   6.6448130e+00
   6.6569188e+00
   6.6690487e+00
   6.6812036e+00
   6.6933832e+00
   6.7055873e+00
   6.7178159e+00
   6.7300707e+00
   6.7423498e+00
   6.7546538e+00
   6.7669824e+00
   6.7793366e+00
   6.7917164e+00
   6.8041231e+00
   6.8165496e+00
   6.8290017e+00
   6.8414799e+00
   6.8539860e+00
   6.8665158e+00
   6.8790716e+00
   6.8916512e+00
   6.9042597e+00
   6.9168979e+00
   6.9295555e+00
   6.9422405e+00
   6.9549505e+00
   6.9676890e+00
   6.9804534e+00
   6.9932442e+00
   7.0060607e+00
   7.0189009e+00
   7.0317666e+00
   7.0446644e+00
   7.0575902e+00
   7.0705370e+00
   7.0835130e+00
   7.0965188e+00
   7.1095466e+00
   7.1226003e+00
   7.1356824e+00
   7.1487955e+00
   7.1619343e+00
   7.1750976e+00
   7.1882886e+00
   7.2015090e+00
   7.2147542e+00
   7.2280270e+00
   7.2413264e+00
   7.2546555e+00
   7.2680132e+00
   7.2813973e+00
   7.2948133e+00
   7.3082524e+00
   7.3217203e+00
   7.3352164e+00
   7.3487442e+00
   7.3622966e+00
   7.3758755e+00
   7.3894830e+00
   7.4031212e+00
   7.4167916e+00
   7.4304859e+00
   7.4442094e+00
   7.4579591e+00
   7.4717415e+00
   7.4855505e+00
   7.4993936e+00
   7.5132605e+00
   7.5271606e+00
   7.5410907e+00
   7.5550503e+00
   7.5690373e+00
   7.5830535e+00
   7.5971026e+00
   7.6111784e+00
   7.6252831e+00
   7.6394198e+00
   7.6535844e+00
   7.6677753e+00
   7.6819977e+00
   7.6962539e+00
   7.7105345e+00
   7.7248438e+00
   7.7391903e+00
   7.7535660e+00
   7.7679687e+00
   7.7824121e+00
   7.7968811e+00
   7.8113758e+00
   7.8259067e+00
   7.8404649e+00
   7.8550546e+00
   7.8696798e+00
   7.8843383e+00
   7.8990239e+00
   7.9137405e+00
   7.9284873e+00
   7.9432693e+00
   7.9580836e+00
   7.9729278e+00
   7.9878067e+00
   8.0027124e+00
   8.0176584e+00
   8.0326296e+00
   8.0476296e+00
   8.0626605e+00
   8.0777231e+00
   8.0928229e+00
   8.1079519e+00
   8.1231153e+00
   8.1383088e+00
   8.1535382e+00
   8.1688000e+00
   8.1840929e+00
   8.1994231e+00
   8.2147846e+00
   8.2301801e+00
   8.2456120e+00
   8.2610774e+00
   8.2765767e+00
   8.2921092e+00
   8.3076726e+00
   8.3232676e+00
   8.3389004e+00
   8.3545683e+00
   8.3702675e+00
   8.3860039e+00
   8.4017738e+00
   8.4175774e+00
   8.4334168e+00
   8.4492892e+00
   8.4651954e+00
   8.4811357e+00
   8.4971124e+00
   8.5131248e+00
   8.5291715e+00
   8.5452561e+00
   8.5613762e+00
   8.5775333e+00
   8.5937228e+00
   8.6099469e+00
   8.6262070e+00
   8.6425055e+00
   8.6588417e+00
   8.6752118e+00
   8.6916205e+00
   8.7080636e+00
   8.7245427e+00
   8.7410605e+00
   8.7576155e+00
   8.7742079e+00
   8.7908390e+00
   8.8075027e+00
   8.8242062e+00
   8.8409436e+00
   8.8577178e+00
   8.8745355e+00
   8.8913900e+00
   8.9082791e+00
   8.9252079e+00
   8.9421747e+00
   8.9591791e+00
   8.9762212e+00
   8.9933041e+00
   9.0104259e+00
   9.0275849e+00
   9.0447818e+00
   9.0620183e+00
   9.0792954e+00
   9.0966099e+00
   9.1139654e+00
   9.1313633e+00
   9.1487955e+00
   9.1662683e+00
   9.1837804e+00
   9.2013320e+00
   9.2189273e+00
   9.2365615e+00
   9.2542326e+00
   9.2719464e+00
   9.2897000e+00
   9.3074909e+00
   9.3253250e+00
   9.3431975e+00
   9.3611133e+00
   9.3790694e+00
   9.3970660e+00
   9.4151048e+00
   9.4331827e+00
   9.4513072e+00
   9.4694739e+00
   9.4876797e+00
   9.5059251e+00
   9.5242144e+00
   9.5425488e+00
   9.5609222e+00
   9.5793364e+00
   9.5977951e+00
   9.6162968e+00
   9.6348411e+00
   9.6534284e+00
   9.6720591e+00
   9.6907337e+00
   9.7094538e+00
   9.7282138e+00
   9.7470190e+00
   9.7658675e+00
   9.7847603e+00
   9.8036964e+00
   9.8226781e+00
   9.8417022e+00
   9.8607744e+00
   9.8798899e+00
   9.8990470e+00
   9.9182507e+00
   9.9374997e+00
   9.9567951e+00
   9.9761340e+00
   9.9955174e+00
   1.0014945e+01
   1.0034421e+01
   1.0053944e+01
   1.0073510e+01
   1.0093126e+01
   1.0112789e+01
   1.0132495e+01
   1.0152248e+01
   1.0172050e+01
   1.0191895e+01
   1.0211789e+01
   1.0231729e+01
   1.0251718e+01
   1.0271755e+01
   1.0291836e+01
   1.0311972e+01
   1.0332151e+01
   1.0352381e+01
   1.0372656e+01
   1.0392980e+01
   1.0413356e+01
   1.0433776e+01
   1.0454248e+01
   1.0474768e+01
   1.0495335e+01
   1.0515953e+01
   1.0536619e+01
   1.0557335e+01
   1.0578099e+01
   1.0598914e+01
   1.0619780e+01
   1.0640696e+01
   1.0661662e+01
   1.0682680e+01
   1.0703744e+01
   1.0724862e+01
   1.0746032e+01
   1.0767253e+01
   1.0788523e+01
   1.0809850e+01
   1.0831225e+01
   1.0852654e+01
   1.0874135e+01
   1.0895666e+01
   1.0917250e+01
   1.0938883e+01
   1.0960572e+01
   1.0982314e+01
   1.1004108e+01
   1.1025954e+01
   1.1047855e+01
   1.1069808e+01
   1.1091815e+01
   1.1113875e+01
   1.1135986e+01
   1.1158156e+01
   1.1180378e+01
   1.1202655e+01
   1.1224987e+01
   1.1247370e+01
   1.1269815e+01
   1.1292312e+01
   1.1314867e+01
   1.1337475e+01
   1.1360138e+01
   1.1382855e+01
   1.1405631e+01
   1.1428462e+01
   1.1451347e+01
   1.1474289e+01
   1.1497289e+01
   1.1520345e+01
   1.1543458e+01
   1.1566627e+01
   1.1589854e+01
   1.1613138e+01
   1.1636480e+01
   1.1659880e+01
   1.1683337e+01
   1.1706850e+01
   1.1730426e+01
   1.1754056e+01
   1.1777747e+01
   1.1801495e+01
   1.1825303e+01
   1.1849170e+01
   1.1873093e+01
   1.1897080e+01
   1.1921125e+01
   1.1945231e+01
   1.1969395e+01
   1.1993619e+01
   1.2017904e+01
   1.2042247e+01
   1.2066658e+01
   1.2091126e+01
   1.2115655e+01
   1.2140246e+01
   1.2164895e+01
   1.2189606e+01
   1.2214376e+01
   1.2239212e+01
   1.2264108e+01
   1.2289069e+01
   1.2314090e+01
   1.2339175e+01
   1.2364320e+01
   1.2389530e+01
   1.2414804e+01
   1.2440139e+01
   1.2465538e+01
   1.2491003e+01
   1.2516532e+01
   1.2542121e+01
   1.2567775e+01
   1.2593495e+01
   1.2619277e+01
   1.2645126e+01
   1.2671037e+01
   1.2697011e+01
   1.2723051e+01
   1.2749156e+01
   1.2775330e+01
   1.2801568e+01
   1.2827870e+01
   1.2854237e+01
   1.2880668e+01
   1.2907168e+01
   1.2933735e+01
   1.2960369e+01
   1.2987068e+01
   1.3013835e+01
   1.3040669e+01
   1.3067569e+01
   1.3094535e+01
   1.3121570e+01
   1.3148673e+01
   1.3175844e+01
   1.3203084e+01
   1.3230390e+01
   1.3257765e+01
   1.3285208e+01
   1.3312720e+01
   1.3340298e+01
   1.3367947e+01
   1.3395663e+01
   1.3423451e+01
   1.3451308e+01
   1.3479235e+01
   1.3507233e+01
   1.3535299e+01
   1.3563434e+01
   1.3591641e+01
   1.3619916e+01
   1.3648266e+01
   1.3676683e+01
   1.3705174e+01
   1.3733730e+01
   1.3762356e+01
   1.3791057e+01
   1.3819827e+01
   1.3848669e+01
   1.3877581e+01
   1.3906568e+01
   1.3935624e+01
   1.3964750e+01
   1.3993950e+01
   1.4023222e+01
   1.4052567e+01
   1.4081987e+01
   1.4111479e+01
   1.4141045e+01
   1.4170680e+01
   1.4200390e+01
   1.4230171e+01
   1.4260023e+01
   1.4289951e+01
   1.4319952e+01
   1.4350023e+01
   1.4380171e+01
   1.4410391e+01
   1.4440686e+01
   1.4471053e+01
   1.4501497e+01
   1.4532014e+01
   1.4562607e+01
   1.4593271e+01
   1.4624012e+01
   1.4654824e+01
   1.4685713e+01
   1.4716678e+01
   1.4747714e+01
   1.4778825e+01
   1.4810012e+01
   1.4841272e+01
   1.4872609e+01
   1.4904020e+01
   1.4935507e+01
   1.4967068e+01
   1.4998703e+01
   1.5030416e+01
   1.5062205e+01
   1.5094067e+01
   1.5126007e+01
   1.5158019e+01
   1.5190108e+01
   1.5222272e+01
   1.5254510e+01
   1.5286824e+01
   1.5319213e+01
   1.5351679e+01
   1.5384222e+01
   1.5416842e+01
   1.5449535e+01
   1.5482309e+01
   1.5515157e+01
   1.5548079e+01
   1.5581079e+01
   1.5614152e+01
   1.5647300e+01
   1.5680523e+01
   1.5713824e+01
   1.5747201e+01
   1.5780652e+01
   1.5814179e+01
   1.5847781e+01
   1.5881461e+01
   1.5915217e+01
   1.5949047e+01
   1.5982956e+01
   1.6016941e+01
   1.6050999e+01
   1.6085133e+01
   1.6119344e+01
   1.6153629e+01
   1.6187989e+01
   1.6222424e+01
   1.6256932e+01
   1.6291518e+01
   1.6326179e+01
   1.6360914e+01
   1.6395725e+01
   1.6430611e+01
   1.6465571e+01
   1.6500604e+01
   1.6535712e+01
   1.6570895e+01
   1.6606153e+01
   1.6641485e+01
   1.6676890e+01
   1.6712369e+01
   1.6747920e+01
   1.6783544e+01
   1.6819243e+01
   1.6855015e+01
   1.6890859e+01
   1.6926781e+01
   1.6962771e+01
   1.6998836e+01
   1.7034970e+01
   1.7071177e+01
   1.7107455e+01
   1.7143803e+01
   1.7180226e+01
   1.7216723e+01
   1.7253289e+01
   1.7289924e+01
   1.7326628e+01
   1.7363407e+01
   1.7400252e+01
   1.7437171e+01
   1.7474156e+01
   1.7511211e+01
   1.7548335e+01
   1.7585527e+01
   1.7622786e+01
   1.7660114e+01
   1.7697509e+01
   1.7734972e+01
   1.7772502e+01
   1.7810099e+01
   1.7847766e+01
   1.7885496e+01
   1.7923290e+01
   1.7961148e+01
   1.7999075e+01
   1.8037065e+01
   1.8075122e+01
   1.8113240e+01
   1.8151420e+01
   1.8189662e+01
   1.8227971e+01
   1.8266340e+01
   1.8304771e+01
   1.8343263e+01
   1.8381814e+01
   1.8420427e+01
   1.8459099e+01
   1.8497829e+01
   1.8536626e+01
   1.8575476e+01
   1.8614382e+01
   1.8653349e+01
   1.8692372e+01
   1.8731452e+01
   1.8770587e+01
   1.8809776e+01
   1.8849024e+01
   1.8888321e+01
   1.8927672e+01
   1.8967078e+01
   1.9006534e+01
   1.9046047e+01
   1.9085606e+01
   1.9125220e+01
   1.9164881e+01
   1.9204596e+01
   1.9244358e+01
   1.9284170e+01
   1.9324026e+01
   1.9363929e+01
   1.9403876e+01
   1.9443869e+01
   1.9483907e+01
   1.9523988e+01
   1.9564110e+01
   1.9604279e+01
   1.9644489e+01
   1.9684738e+01
   1.9725027e+01
   1.9765360e+01
   1.9805730e+01
   1.9846137e+01
   1.9886581e+01
   1.9927063e+01
   1.9967584e+01
   2.0008137e+01
   2.0048723e+01
   2.0089341e+01
   2.0129994e+01
   2.0170677e+01
   2.0211391e+01
   2.0252135e+01
   2.0292907e+01
   2.0333707e+01
   2.0374533e+01
   2.0415385e+01
   2.0456261e+01
   2.0497163e+01
   2.0538088e+01
   2.0579036e+01
   2.0620008e+01
   2.0660998e+01
   2.0702007e+01
   2.0743033e+01
   2.0784077e+01
   2.0825137e+01
   2.0866210e+01
   2.0907299e+01
   2.0948405e+01
   2.0989523e+01
   2.1030649e+01
   2.1071784e+01
   2.1112928e+01
   2.1154080e+01
   2.1195239e+01
   2.1236405e+01
   2.1277576e+01
   2.1318750e+01
   2.1359925e+01
   2.1401104e+01
   2.1442279e+01
   2.1483454e+01
   2.1524628e+01
   2.1565799e+01
   2.1606965e+01
   2.1648127e+01
   2.1689279e+01
   2.1730422e+01
   2.1771562e+01
   2.1812686e+01
   2.1853798e+01
   2.1894897e+01
   2.1935980e+01
   2.1977052e+01
   2.2018105e+01
   2.2059140e+01
   2.2100154e+01
   2.2141147e+01
   2.2182119e+01
   2.2223066e+01
   2.2263988e+01
   2.2304886e+01
   2.2345757e+01
   2.2386597e+01
   2.2427407e+01
   2.2468187e+01
   2.2508931e+01
   2.2549647e+01
   2.2590327e+01
   2.2630973e+01
   2.2671575e+01
   2.2712135e+01
   2.2752659e+01
   2.2793139e+01
   2.2833575e+01
   2.2873965e+01
   2.2914311e+01
   2.2954607e+01
   2.2994851e+01
   2.3035048e+01
   2.3075192e+01
   2.3115283e+01
   2.3155320e+01
   2.3195297e+01
   2.3235217e+01
   2.3275079e+01
   2.3314880e+01
   2.3354616e+01
   2.3394289e+01
   2.3433896e+01
   2.3473440e+01
   2.3512910e+01
   2.3552311e+01
   2.3591639e+01
   2.3630896e+01
   2.3670078e+01
   2.3709183e+01
   2.3748213e+01
   2.3787162e+01
   2.3826032e+01
   2.3864819e+01
   2.3903523e+01
   2.3942139e+01
   2.3980670e+01
   2.4019113e+01
   2.4057464e+01
   2.4095727e+01
   2.4133895e+01
   2.4171969e+01
   2.4209946e+01
   2.4247827e+01
   2.4285609e+01
   2.4323289e+01
   2.4360868e+01
   2.4398343e+01
   2.4435713e+01
   2.4472974e+01
   2.4510125e+01
   2.4547167e+01
   2.4584098e+01
   2.4620914e+01
   2.4657617e+01
   2.4694204e+01
   2.4730670e+01
   2.4767016e+01
   2.4803241e+01
   2.4839343e+01
   2.4875322e+01
   2.4911172e+01
   2.4946896e+01
   2.4982494e+01
   2.5017956e+01
   2.5053288e+01
   2.5088485e+01
   2.5123545e+01
   2.5158466e+01
   2.5193250e+01
   2.5227892e+01
   2.5262391e+01
   2.5296747e+01
   2.5330961e+01
   2.5365024e+01
   2.5398938e+01
   2.5432701e+01
   2.5466310e+01
   2.5499765e+01
   2.5533065e+01
   2.5566208e+01
   2.5599190e+01
   2.5632013e+01
   2.5664674e+01
   2.5697170e+01
   2.5729502e+01
   2.5761666e+01
   2.5793660e+01
   2.5825483e+01
   2.5857133e+01
   2.5888610e+01
   2.5919913e+01
   2.5951037e+01
   2.5981981e+01
   2.6012743e+01
   2.6043324e+01
   2.6073723e+01
   2.6103936e+01
   2.6133961e+01
   2.6163798e+01
   2.6193443e+01
   2.6222896e+01
   2.6252153e+01
   2.6281216e+01
   2.6310081e+01
   2.6338745e+01
   2.6367210e+01
   2.6395471e+01
   2.6423530e+01
   2.6451382e+01
   2.6479026e+01
   2.6506461e+01
   2.6533683e+01
   2.6560693e+01
   2.6587490e+01
   2.6614070e+01
   2.6640431e+01
   2.6666573e+01
   2.6692493e+01
   2.6718190e+01
   2.6743661e+01
   2.6768906e+01
   2.6793926e+01
   2.6818713e+01
   2.6843269e+01
   2.6867593e+01
   2.6891680e+01
   2.6915530e+01
   2.6939143e+01
   2.6962513e+01
   2.6985641e+01
   2.7008526e+01
   2.7031166e+01
   2.7053559e+01
   2.7075702e+01
   2.7097595e+01
   2.7119240e+01
   2.7140626e+01
   2.7161757e+01
   2.7182630e+01
   2.7203244e+01
   2.7223599e+01
   2.7243690e+01
   2.7263515e+01
   2.7283077e+01
   2.7302372e+01
   2.7321395e+01
   2.7340149e+01
   2.7358631e+01
   2.7376838e+01
   2.7394771e+01
   2.7412425e+01
   2.7429800e+01
   2.7446895e+01
   2.7463705e+01
   2.7480233e+01
   2.7496472e+01
   2.7512425e+01
   2.7528089e+01
   2.7543462e+01
   2.7558541e+01
   2.7573325e+01
   2.7587815e+01
   2.7602009e+01
   2.7615901e+01
   2.7629495e+01
   2.7642787e+01
   2.7655776e+01
   2.7668460e+01
   2.7680835e+01
   2.7692902e+01
   2.7704660e+01
   2.7716105e+01
   2.7727237e+01
   2.7738054e+01
   2.7748555e+01
   2.7758736e+01
   2.7768600e+01
   2.7778143e+01
   2.7787362e+01
   2.7796261e+01
   2.7804833e+01
   2.7813079e+01
   2.7820995e+01
   2.7828585e+01
   2.7835843e+01
   2.7842770e+01
   2.7849362e+01
   2.7855618e+01
   2.7861539e+01
   2.7867122e+01
   2.7872364e+01
   2.7877267e+01
   2.7881829e+01
   2.7886048e+01
   2.7889924e+01
   2.7893452e+01
   2.7896634e+01
   2.7899469e+01
   2.7901956e+01
   2.7904089e+01
   2.7905870e+01
   2.7907298e+01
   2.7908375e+01
   2.7909094e+01
   2.7909458e+01
   2.7909463e+01
   2.7909112e+01
   2.7908402e+01
   2.7907326e+01
   2.7905888e+01
   2.7904089e+01
   2.7901925e+01
   2.7899398e+01
   2.7896504e+01
   2.7893246e+01
   2.7889618e+01
   2.7885619e+01
   2.7881249e+01
   2.7876512e+01
   2.7871399e+01
   2.7865912e+01
   2.7860054e+01
   2.7853821e+01
   2.7847215e+01
   2.7840230e+01
   2.7832870e+01
   2.7825131e+01
   2.7817013e+01
   2.7808521e+01
   2.7799644e+01
   2.7790389e+01
   2.7780751e+01
   2.7770729e+01
   2.7760326e+01
   2.7749538e+01
   2.7738368e+01
   2.7726814e+01
   2.7714875e+01
   2.7702550e+01
   2.7689839e+01
   2.7676739e+01
   2.7663255e+01
   2.7649381e+01
   2.7635115e+01
   2.7620464e+01
   2.7605422e+01
   2.7589993e+01
   2.7574171e+01
   2.7557958e+01
   2.7541355e+01
   2.7524361e+01
   2.7506976e+01
   2.7489197e+01
   2.7471026e+01
   2.7452462e+01
   2.7433505e+01
   2.7414154e+01
   2.7394410e+01
   2.7374273e+01
   2.7353742e+01
   2.7332816e+01
   2.7311497e+01
   2.7289781e+01
   2.7267668e+01
   2.7245161e+01
   2.7222259e+01
   2.7198964e+01
   2.7175269e+01
   2.7151181e+01
   2.7126696e+01
   2.7101814e+01
   2.7076538e+01
   2.7050866e+01
   2.7024797e+01
   2.6998331e+01
   2.6971472e+01
   2.6944215e+01
   2.6916563e+01
   2.6888515e+01
   2.6860068e+01
   2.6831227e+01
   2.6801991e+01
   2.6772360e+01
   2.6742333e+01
   2.6711911e+01
   2.6681094e+01
   2.6649880e+01
   2.6618269e+01
   2.6586266e+01
   2.6553866e+01
   2.6521072e+01
   2.6487883e+01
   2.6454300e+01
   2.6420322e+01
   2.6385951e+01
   2.6351187e+01
   2.6316028e+01
   2.6280478e+01
   2.6244534e+01
   2.6208198e+01
   2.6171468e+01
   2.6134346e+01
   2.6096830e+01
   2.6058924e+01
   2.6020625e+01
   2.5981938e+01
   2.5942857e+01
   2.5903387e+01
   2.5863528e+01
   2.5823280e+01
   2.5782643e+01
   2.5741617e+01
   2.5700200e+01
   2.5658395e+01
   2.5616207e+01
   2.5573628e+01
   2.5530660e+01
   2.5487307e+01
   2.5443568e+01
   2.5399443e+01
   2.5354935e+01
   2.5310040e+01
   2.5264761e+01
   2.5219097e+01
   2.5173049e+01
   2.5126618e+01
   2.5079809e+01
   2.5032614e+01
   2.4985038e+01
   2.4937079e+01
   2.4888741e+01
   2.4840024e+01
   2.4790927e+01
   2.4741451e+01
   2.4691595e+01
   2.4641363e+01
   2.4590752e+01
   2.4539765e+01
   2.4488401e+01
   2.4436662e+01
   2.4384548e+01
   2.4332060e+01
   2.4279197e+01
   2.4225961e+01
   2.4172353e+01
   2.4118373e+01
   2.4064020e+01
   2.4009297e+01
   2.3954202e+01
   2.3898738e+01
   2.3842904e+01
   2.3786704e+01
   2.3730137e+01
   2.3673204e+01
   2.3615904e+01
   2.3558238e+01
   2.3500206e+01
   2.3441812e+01
   2.3383054e+01
   2.3323933e+01
   2.3264450e+01
   2.3204606e+01
   2.3144402e+01
   2.3083839e+01
   2.3022914e+01
   2.2961634e+01
   2.2899997e+01
   2.2838004e+01
   2.2775653e+01
   2.2712949e+01
   2.2649891e+01
   2.2586481e+01
   2.2522718e+01
   2.2458604e+01
   2.2394141e+01
   2.2329326e+01
   2.2264166e+01
   2.2198655e+01
   2.2132799e+01
   2.2066595e+01
   2.2000046e+01
   2.1933157e+01
   2.1865925e+01
   2.1798351e+01
   2.1730437e+01
   2.1662184e+01
   2.1593595e+01
   2.1524666e+01
   2.1455400e+01
   2.1385803e+01
   2.1315871e+01
   2.1245608e+01
   2.1175012e+01
   2.1104087e+01
   2.1032835e+01
   2.0961255e+01
   2.0889347e+01
   2.0817116e+01
   2.0744564e+01
   2.0671689e+01
   2.0598495e+01
   2.0524981e+01
   2.0451152e+01
   2.0377006e+01
   2.0302545e+01
   2.0227771e+01
   2.0152689e+01
   2.0077298e+01
   2.0001599e+01
   1.9925594e+01
   1.9849285e+01
   1.9772675e+01
   1.9695764e+01
   1.9618555e+01
   1.9541048e+01
   1.9463247e+01
   1.9385156e+01
   1.9306773e+01
   1.9228104e+01
   1.9149148e+01
   1.9069909e+01
   1.8990388e+01
   1.8910588e+01
   1.8830511e+01
   1.8750159e+01
   1.8669535e+01
   1.8588643e+01
   1.8507484e+01
   1.8426061e+01
   1.8344377e+01
   1.8262434e+01
   1.8180235e+01
   1.8097782e+01
   1.8015080e+01
   1.7932132e+01
   1.7848939e+01
   1.7765505e+01
   1.7681834e+01
   1.7597928e+01
   1.7513791e+01
   1.7429426e+01
   1.7344837e+01
   1.7260027e+01
   1.7175002e+01
   1.7089762e+01
   1.7004313e+01
   1.6918658e+01
   1.6832802e+01
   1.6746748e+01
   1.6660502e+01
   1.6574066e+01
   1.6487444e+01
   1.6400641e+01
   1.6313662e+01
   1.6226512e+01
   1.6139195e+01
   1.6051716e+01
   1.5964079e+01
   1.5876290e+01
   1.5788354e+01
   1.5700274e+01
   1.5612057e+01
   1.5523708e+01
   1.5435233e+01
   1.5346637e+01
   1.5257925e+01
   1.5169103e+01
   1.5080177e+01
   1.4991153e+01
   1.4902036e+01
   1.4812834e+01
   1.4723551e+01
   1.4634194e+01
   1.4544769e+01
   1.4455283e+01
   1.4365743e+01
   1.4276155e+01
   1.4186526e+01
   1.4096862e+01
   1.4007171e+01
   1.3917460e+01
   1.3827735e+01
   1.3738004e+01
   1.3648275e+01
   1.3558554e+01
   1.3468850e+01
   1.3379169e+01
   1.3289520e+01
   1.3199909e+01
   1.3110346e+01
   1.3020838e+01
   1.2931392e+01
   1.2842017e+01
   1.2752722e+01
   1.2663513e+01
   1.2574400e+01
   1.2485391e+01
   1.2396495e+01
   1.2307719e+01
   1.2219072e+01
   1.2130563e+01
   1.2042200e+01
   1.1953992e+01
   1.1865948e+01
   1.1778076e+01
   1.1690386e+01
   1.1602885e+01
   1.1515583e+01
   1.1428489e+01
   1.1341611e+01
   1.1254958e+01
   1.1168540e+01
   1.1082364e+01
   1.0996440e+01
   1.0910776e+01
   1.0825382e+01
   1.0740267e+01
   1.0655438e+01
   1.0570904e+01
   1.0486675e+01
   1.0402759e+01
   1.0319165e+01
   1.0235900e+01
   1.0152975e+01
   1.0070396e+01
   9.9881735e+00
   9.9063144e+00
   9.8248266e+00
   9.7437187e+00
   9.6629989e+00
   9.5826746e+00
   9.5027541e+00
   9.4232443e+00
   9.3441531e+00
   9.2654885e+00
   9.1872569e+00
   9.1094662e+00
   9.0321234e+00
   8.9552349e+00
   8.8788076e+00
   8.8028482e+00
   8.7273633e+00
   8.6523576e+00
   8.5778392e+00
   8.5038131e+00
   8.4302851e+00
   8.3572609e+00
   8.2847463e+00
   8.2127455e+00
   8.1412646e+00
   8.0703080e+00
   7.9998804e+00
   7.9299857e+00
   7.8606290e+00
   7.7918139e+00
   7.7235439e+00
   7.6558235e+00
   7.5886554e+00
   7.5220434e+00
   7.4559900e+00
   7.3904987e+00
   7.3255715e+00
   7.2612115e+00
   7.1974202e+00
   7.1342003e+00
   7.0715532e+00
   7.0094802e+00
   6.9479830e+00
   6.8870632e+00
   6.8267214e+00
   6.7669582e+00
   6.7077745e+00
   6.6491710e+00
   6.5911470e+00
   6.5337035e+00
   6.4768396e+00
   6.4205558e+00
   6.3648509e+00
   6.3097248e+00
   6.2551758e+00
   6.2012036e+00
   6.1478062e+00
   6.0949830e+00
   6.0427317e+00
   5.9910512e+00
   5.9399395e+00
   5.8893942e+00
   5.8394137e+00
   5.7899954e+00
   5.7411363e+00
   5.6928346e+00
   5.6450870e+00
   5.5978914e+00
   5.5512441e+00
   5.5051421e+00
   5.4595826e+00
   5.4145615e+00
   5.3700764e+00
   5.3261234e+00
   5.2826984e+00
   5.2397977e+00
   5.1974178e+00
   5.1555548e+00
   5.1142048e+00
   5.0733635e+00
   5.0330273e+00
   4.9931913e+00
   4.9538518e+00
   4.9150040e+00
   4.8766433e+00
   4.8387656e+00
   4.8013666e+00
   4.7644418e+00
   4.7279866e+00
   4.6919958e+00
   4.6564648e+00
   4.6213894e+00
   4.5867649e+00
   4.5525866e+00
   4.5188491e+00
   4.4855480e+00
   4.4526787e+00
   4.4202362e+00
   4.3882159e+00
   4.3566125e+00
   4.3254212e+00
   4.2946377e+00
   4.2642568e+00
   4.2342735e+00
   4.2046833e+00
   4.1754809e+00
   4.1466621e+00
   4.1182219e+00
   4.0901552e+00
   4.0624577e+00
   4.0351244e+00
   4.0081503e+00
   3.9815311e+00
   3.9552618e+00
   3.9293381e+00
   3.9037551e+00
   3.8785083e+00
   3.8535930e+00
   3.8290040e+00
   3.8047379e+00
   3.7807900e+00
   3.7571556e+00
   3.7338297e+00
   3.7108088e+00
   3.6880886e+00
   3.6656642e+00
   3.6435316e+00
   3.6216866e+00
   3.6001249e+00
   3.5788423e+00
   3.5578346e+00
   3.5370979e+00
   3.5166287e+00
   3.4964223e+00
   3.4764747e+00
   3.4567825e+00
   3.4373416e+00
   3.4181476e+00
   3.3991978e+00
   3.3804880e+00
   3.3620144e+00
   3.3437733e+00
   3.3257613e+00
   3.3079750e+00
   3.2904107e+00
   3.2730648e+00
   3.2559342e+00
   3.2390155e+00
   3.2223056e+00
   3.2058006e+00
   3.1894978e+00
   3.1733937e+00
   3.1574851e+00
   3.1417693e+00
   3.1262432e+00
   3.1109034e+00
   3.0957470e+00
   3.0807716e+00
   3.0659737e+00
   3.0513507e+00
   3.0368999e+00
   3.0226183e+00
   3.0085034e+00
   2.9945525e+00
   2.9807628e+00
   2.9671319e+00
   2.9536570e+00
   2.9403359e+00
   2.9271660e+00
   2.9141449e+00
   2.9012700e+00
   2.8885390e+00
   2.8759499e+00
   2.8635001e+00
   2.8511873e+00
   2.8390094e+00
   2.8269645e+00
   2.8150503e+00
   2.8032644e+00
   2.7916054e+00
   2.7800709e+00
   2.7686585e+00
   2.7573668e+00
   2.7461937e+00
   2.7351375e+00
   2.7241958e+00
   2.7133673e+00
   2.7026498e+00
   2.6920415e+00
   2.6815410e+00
   2.6711465e+00
   2.6608560e+00
   2.6506682e+00
   2.6405816e+00
   2.6305943e+00
   2.6207046e+00
   2.6109114e+00
   2.6012131e+00
   2.5916081e+00
   2.5820945e+00
   2.5726712e+00
   2.5633370e+00
   2.5540905e+00
   2.5449302e+00
   2.5358548e+00
   2.5268629e+00
   2.5179532e+00
   2.5091245e+00
   2.5003758e+00
   2.4917055e+00
   2.4831125e+00
   2.4745956e+00
   2.4661537e+00
   2.4577855e+00
   2.4494902e+00
   2.4412663e+00
   2.4331131e+00
   2.4250295e+00
   2.4170144e+00
   2.4090668e+00
   2.4011857e+00
   2.3933702e+00
   2.3856192e+00
   2.3779314e+00
   2.3703062e+00
   2.3627427e+00
   2.3552401e+00
   2.3477975e+00
   2.3404140e+00
   2.3330888e+00
   2.3258209e+00
   2.3186097e+00
   2.3114540e+00
   2.3043532e+00
   2.2973066e+00
   2.2903134e+00
   2.2833730e+00
   2.2764845e+00
   2.2696473e+00
   2.2628607e+00
   2.2561239e+00
   2.2494360e+00
   2.2427966e+00
   2.2362049e+00
   2.2296604e+00
   2.2231625e+00
   2.2167105e+00
   2.2103039e+00
   2.2039419e+00
   2.1976241e+00
   2.1913495e+00
   2.1851179e+00
   2.1789286e+00
   2.1727812e+00
   2.1666751e+00
   2.1606098e+00
   2.1545848e+00
   2.1485995e+00
   2.1426534e+00
   2.1367459e+00
   2.1308766e+00
   2.1250450e+00
   2.1192508e+00
   2.1134934e+00
   2.1077724e+00
   2.1020874e+00
   2.0964379e+00
   2.0908234e+00
   2.0852435e+00
   2.0796977e+00
   2.0741858e+00
   2.0687073e+00
   2.0632619e+00
   2.0578491e+00
   2.0524686e+00
   2.0471200e+00
   2.0418029e+00
   2.0365169e+00
   2.0312616e+00
   2.0260368e+00
   2.0208421e+00
   2.0156772e+00
   2.0105417e+00
   2.0054354e+00
   2.0003579e+00
   1.9953089e+00
   1.9902879e+00
   1.9852948e+00
   1.9803292e+00
   1.9753909e+00
   1.9704796e+00
   1.9655950e+00
   1.9607369e+00
   1.9559049e+00
   1.9510987e+00
   1.9463181e+00
   1.9415627e+00
   1.9368324e+00
   1.9321270e+00
   1.9274461e+00
   1.9227896e+00
   1.9181571e+00
   1.9135485e+00
   1.9089636e+00
   1.9044020e+00
   1.8998635e+00
   1.8953480e+00
   1.8908551e+00
   1.8863847e+00
   1.8819365e+00
   1.8775104e+00
   1.8731061e+00
   1.8687235e+00
   1.8643624e+00
   1.8600225e+00
   1.8557037e+00
   1.8514058e+00
   1.8471285e+00
   1.8428717e+00
   1.8386352e+00
   1.8344187e+00
   1.8302222e+00
   1.8260454e+00
   1.8218883e+00
   1.8177506e+00
   1.8136322e+00
   1.8095328e+00
   1.8054524e+00
   1.8013908e+00
   1.7973478e+00
   1.7933232e+00
   1.7893168e+00
   1.7853286e+00
   1.7813584e+00
   1.7774060e+00
   1.7734713e+00
   1.7695542e+00
   1.7656545e+00
   1.7617721e+00
   1.7579069e+00
   1.7540586e+00
   1.7502272e+00
   1.7464126e+00
   1.7426146e+00
   1.7388329e+00
   1.7350676e+00
   1.7313185e+00
   1.7275855e+00
   1.7238685e+00
   1.7201674e+00
   1.7164820e+00
   1.7128122e+00
   1.7091579e+00
   1.7055190e+00
   1.7018954e+00
   1.6982870e+00
   1.6946935e+00
   1.6911149e+00
   1.6875512e+00
   1.6840022e+00
   1.6804679e+00
   1.6769480e+00
   1.6734426e+00
   1.6699515e+00
   1.6664746e+00
   1.6630119e+00
   1.6595631e+00
   1.6561283e+00
   1.6527072e+00
   1.6492998e+00
   1.6459061e+00
   1.6425259e+00
   1.6391592e+00
   1.6358058e+00
   1.6324657e+00
   1.6291388e+00
   1.6258250e+00
   1.6225242e+00
   1.6192363e+00
   1.6159613e+00
   1.6126990e+00
   1.6094494e+00
   1.6062123e+00
   1.6029877e+00
   1.5997756e+00
   1.5965757e+00
   1.5933882e+00
   1.5902128e+00
   1.5870496e+00
   1.5838984e+00
   1.5807591e+00
   1.5776318e+00
   1.5745162e+00
   1.5714124e+00
   1.5683203e+00
   1.5652398e+00
   1.5621708e+00
   1.5591132e+00
   1.5560671e+00
   1.5530322e+00
   1.5500087e+00
   1.5469963e+00
   1.5439950e+00
   1.5410048e+00
   1.5380255e+00
   1.5350572e+00
   1.5320998e+00
   1.5291531e+00
   1.5262172e+00
   1.5232919e+00
   1.5203773e+00
   1.5174732e+00
   1.5145795e+00
   1.5116964e+00
   1.5088235e+00
   1.5059610e+00
   1.5031087e+00
   1.5002666e+00
   1.4974347e+00
   1.4946128e+00
   1.4918010e+00
   1.4889991e+00
   1.4862071e+00
   1.4834249e+00
   1.4806526e+00
   1.4778900e+00
   1.4751371e+00
   1.4723938e+00
   1.4696601e+00
   1.4669360e+00
   1.4642213e+00
   1.4615160e+00
   1.4588202e+00
   1.4561336e+00
   1.4534564e+00
   1.4507883e+00
   1.4481294e+00
   1.4454797e+00
   1.4428390e+00
   1.4402074e+00
   1.4375848e+00
   1.4349710e+00
   1.4323662e+00
   1.4297702e+00
   1.4271830e+00
   1.4246046e+00
   1.4220348e+00
   1.4194738e+00
   1.4169213e+00
   1.4143774e+00
   1.4118420e+00
   1.4093151e+00
   1.4067966e+00
   1.4042866e+00
   1.4017848e+00
   1.3992914e+00
   1.3968063e+00
   1.3943293e+00
   1.3918606e+00
   1.3893999e+00
   1.3869474e+00
   1.3845030e+00
   1.3820665e+00
   1.3796380e+00
   1.3772175e+00
   1.3748048e+00
   1.3724001e+00
   1.3700031e+00
   1.3676139e+00
   1.3652324e+00
   1.3628587e+00
   1.3604926e+00
   1.3581341e+00
   1.3557832e+00
   1.3534399e+00
   1.3511041e+00
   1.3487757e+00
   1.3464548e+00
   1.3441413e+00
   1.3418352e+00
   1.3395363e+00
   1.3372448e+00
   1.3349606e+00
   1.3326835e+00
   1.3304137e+00
   1.3281510e+00
   1.3258954e+00
   1.3236469e+00
   1.3214055e+00
   1.3191711e+00
   1.3169436e+00
   1.3147231e+00
   1.3125096e+00
   1.3103029e+00
   1.3081031e+00
   1.3059100e+00
   1.3037238e+00
   1.3015443e+00
   1.2993716e+00
   1.2972055e+00
   1.2950461e+00
   1.2928933e+00
   1.2907471e+00
   1.2886075e+00
   1.2864744e+00
   1.2843478e+00
   1.2822277e+00
   1.2801140e+00
   1.2780068e+00
   1.2759059e+00
   1.2738114e+00
   1.2717232e+00
   1.2696413e+00
   1.2675656e+00
   1.2654962e+00
   1.2634330e+00
   1.2613760e+00
   1.2593251e+00
   1.2572804e+00
   1.2552417e+00
   1.2532091e+00
   1.2511825e+00
   1.2491620e+00
   1.2471474e+00
   1.2451388e+00
   1.2431361e+00
   1.2411394e+00
   1.2391484e+00
   1.2371634e+00
   1.2351841e+00
   1.2332107e+00
   1.2312430e+00
   1.2292811e+00
   1.2273248e+00
   1.2253743e+00
   1.2234294e+00
   1.2214902e+00
   1.2195566e+00
   1.2176286e+00
   1.2157061e+00
   1.2137892e+00
   1.2118777e+00
   1.2099718e+00
   1.2080713e+00
   1.2061763e+00
   1.2042867e+00
   1.2024025e+00
   1.2005236e+00
   1.1986501e+00
   1.1967819e+00
   1.1949190e+00
   1.1930614e+00
   1.1912090e+00
   1.1893619e+00
   1.1875199e+00
   1.1856832e+00
   1.1838516e+00
   1.1820251e+00
   1.1802037e+00
   1.1783875e+00
   1.1765763e+00
   1.1747701e+00
   1.1729690e+00
   1.1711728e+00
   1.1693817e+00
   1.1675955e+00
   1.1658142e+00
   1.1640378e+00
   1.1622664e+00
   1.1604998e+00
   1.1587380e+00
   1.1569811e+00
   1.1552290e+00
   1.1534817e+00
   1.1517392e+00
   1.1500014e+00
   1.1482683e+00
   1.1465399e+00
   1.1448162e+00
   1.1430972e+00
   1.1413828e+00
   1.1396731e+00
   1.1379679e+00
   1.1362674e+00
   1.1345714e+00
   1.1328799e+00
   1.1311930e+00
   1.1295106e+00
   1.1278326e+00
   1.1261592e+00
   1.1244902e+00
   1.1228256e+00
   1.1211654e+00
   1.1195097e+00
   1.1178583e+00
   1.1162112e+00
   1.1145685e+00
   1.1129301e+00
   1.1112960e+00
   1.1096662e+00
   1.1080407e+00
   1.1064194e+00
   1.1048024e+00
   1.1031895e+00
   1.1015809e+00
   1.0999764e+00
   1.0983761e+00
   1.0967799e+00
   1.0951878e+00
   1.0935999e+00
   1.0920160e+00
   1.0904362e+00
   1.0888605e+00
   1.0872888e+00
   1.0857212e+00
   1.0841575e+00
   1.0825978e+00
   1.0810421e+00
   1.0794904e+00
   1.0779426e+00
   1.0763987e+00
   1.0748587e+00
   1.0733226e+00
   1.0717904e+00
   1.0702620e+00
   1.0687375e+00
   1.0672169e+00
   1.0657000e+00
   1.0641869e+00
   1.0626776e+00
   1.0611721e+00
   1.0596703e+00
   1.0581723e+00
   1.0566779e+00
   1.0551873e+00
   1.0537004e+00
   1.0522171e+00
   1.0507375e+00
   1.0492615e+00
   1.0477892e+00
   1.0463205e+00
   1.0448554e+00
   1.0433938e+00
   1.0419359e+00
   1.0404815e+00
   1.0390306e+00
   1.0375833e+00
   1.0361394e+00
   1.0346991e+00
   1.0332623e+00
   1.0318289e+00
   1.0303990e+00
   1.0289725e+00
   1.0275495e+00
   1.0261299e+00
   1.0247136e+00
   1.0233008e+00
   1.0218914e+00
   1.0204853e+00
   1.0190825e+00
   1.0176831e+00
   1.0162870e+00
   1.0148942e+00
   1.0135048e+00
   1.0121185e+00
   1.0107356e+00
   1.0093559e+00
   1.0079795e+00
   1.0066063e+00
   1.0052363e+00
   1.0038695e+00
   1.0025060e+00
   1.0011456e+00
   9.9978832e-01
   9.9843424e-01
   9.9708330e-01
   9.9573550e-01
   9.9439081e-01
   9.9304923e-01
   9.9171074e-01
   9.9037534e-01
   9.8904300e-01
   9.8771373e-01
   9.8638750e-01
   9.8506430e-01
   9.8374413e-01
   9.8242697e-01
   9.8111281e-01
   9.7980164e-01
   9.7849344e-01
   9.7718821e-01
   9.7588594e-01
   9.7458660e-01
   9.7329020e-01
   9.7199671e-01
   9.7070614e-01
   9.6941846e-01
   9.6813367e-01
   9.6685175e-01
   9.6557270e-01
   9.6429650e-01
   9.6302315e-01
   9.6175262e-01
   9.6048492e-01
   9.5922003e-01
   9.5795793e-01
   9.5669863e-01
   9.5544210e-01
   9.5418834e-01
   9.5293734e-01
   9.5168909e-01
   9.5044357e-01
   9.4920078e-01
   9.4796071e-01
   9.4672334e-01
   9.4548866e-01
   9.4425668e-01
   9.4302737e-01
   9.4180072e-01
   9.4057673e-01
   9.3935538e-01
   9.3813667e-01
   9.3692059e-01
   9.3570713e-01
   9.3449627e-01
   9.3328800e-01
   9.3208233e-01
   9.3087923e-01
   9.2967870e-01
   9.2848073e-01
   9.2728530e-01
   9.2609242e-01
   9.2490207e-01
   9.2371424e-01
   9.2252892e-01
   9.2134610e-01
   9.2016578e-01
   9.1898794e-01
   9.1781257e-01
   9.1663968e-01
   9.1546924e-01
   9.1430124e-01
   9.1313569e-01
   9.1197257e-01
   9.1081187e-01
   9.0965358e-01
   9.0849769e-01
   9.0734420e-01
   9.0619310e-01
   9.0504438e-01
   9.0389802e-01
   9.0275403e-01
   9.0161239e-01
   9.0047309e-01
   8.9933613e-01
   8.9820149e-01
   8.9706918e-01
   8.9593917e-01
   8.9481147e-01
   8.9368606e-01
   8.9256294e-01
   8.9144209e-01
   8.9032352e-01
   8.8920720e-01
   8.8809314e-01
   8.8698132e-01
   8.8587175e-01
   8.8476440e-01
   8.8365927e-01
   8.8255636e-01
   8.8145565e-01
   8.8035714e-01
   8.7926083e-01
   8.7816669e-01
   8.7707473e-01
   8.7598494e-01
   8.7489731e-01
   8.7381183e-01
   8.7272849e-01
   8.7164730e-01
   8.7056823e-01
   8.6949128e-01
   8.6841645e-01
   8.6734373e-01
   8.6627311e-01
   8.6520458e-01
   8.6413814e-01
   8.6307378e-01
   8.6201149e-01
   8.6095126e-01
   8.5989310e-01
   8.5883698e-01
   8.5778290e-01
   8.5673086e-01
   8.5568085e-01
   8.5463287e-01
   8.5358690e-01
   8.5254293e-01
   8.5150097e-01
   8.5046101e-01
   8.4942303e-01
   8.4838703e-01
   8.4735301e-01
   8.4632096e-01
   8.4529087e-01
   8.4426273e-01
   8.4323654e-01
   8.4221229e-01
   8.4118998e-01
   8.4016959e-01
   8.3915113e-01
   8.3813459e-01
   8.3711995e-01
   8.3610722e-01
   8.3509638e-01
   8.3408743e-01
   8.3308037e-01
   8.3207518e-01
   8.3107187e-01
   8.3007042e-01
   8.2907083e-01
   8.2807309e-01
   8.2707720e-01
   8.2608315e-01
   8.2509093e-01
   8.2410055e-01
   8.2311198e-01
   8.2212524e-01
   8.2114030e-01
   8.2015717e-01
   8.1917583e-01
   8.1819629e-01
   8.1721854e-01
   8.1624256e-01
   8.1526837e-01
   8.1429594e-01
   8.1332527e-01
   8.1235637e-01
   8.1138921e-01
   8.1042381e-01
   8.0946014e-01
   8.0849821e-01
   8.0753801e-01
   8.0657954e-01
   8.0562278e-01
   8.0466774e-01
   8.0371440e-01
   8.0276277e-01
   8.0181283e-01
   8.0086459e-01
   7.9991803e-01
   7.9897315e-01
   7.9802995e-01
   7.9708842e-01
   7.9614855e-01
   7.9521034e-01
   7.9427379e-01
   7.9333889e-01
   7.9240563e-01
   7.9147401e-01
   7.9054402e-01
   7.8961566e-01
   7.8868892e-01
   7.8776381e-01
   7.8684030e-01
   7.8591841e-01
   7.8499811e-01
   7.8407942e-01
   7.8316232e-01
   7.8224681e-01
   7.8133288e-01
   7.8042053e-01
   7.7950975e-01
   7.7860054e-01
   7.7769289e-01
   7.7678681e-01
   7.7588228e-01
   7.7497930e-01
   7.7407786e-01
   7.7317796e-01
   7.7227960e-01
   7.7138277e-01
   7.7048747e-01
   7.6959368e-01
   7.6870142e-01
   7.6781066e-01
   7.6692141e-01
   7.6603367e-01
   7.6514742e-01
   7.6426267e-01
   7.6337941e-01
   7.6249763e-01
   7.6161734e-01
   7.6073852e-01
   7.5986117e-01
   7.5898528e-01
   7.5811086e-01
   7.5723790e-01
   7.5636640e-01
   7.5549634e-01
   7.5462773e-01
   7.5376056e-01
   7.5289483e-01
   7.5203053e-01
   7.5116765e-01
   7.5030621e-01
   7.4944618e-01
   7.4858757e-01
   7.4773037e-01
   7.4687457e-01
   7.4602018e-01
   7.4516719e-01
   7.4431560e-01
   7.4346540e-01
   7.4261658e-01
   7.4176915e-01
   7.4092309e-01
   7.4007841e-01
   7.3923511e-01
   7.3839316e-01
   7.3755259e-01
   7.3671337e-01
   7.3587550e-01
   7.3503899e-01
   7.3420383e-01
   7.3337001e-01
   7.3253753e-01
   7.3170638e-01
   7.3087657e-01
   7.3004809e-01
   7.2922093e-01
   7.2839509e-01
   7.2757057e-01
   7.2674736e-01
   7.2592546e-01
   7.2510487e-01
   7.2428558e-01
   7.2346759e-01
   7.2265090e-01
   7.2183549e-01
   7.2102137e-01
   7.2020854e-01
   7.1939699e-01
   7.1858671e-01
   7.1777771e-01
   7.1696998e-01
   7.1616351e-01
   7.1535831e-01
   7.1455437e-01
   7.1375168e-01
   7.1295025e-01
   7.1215006e-01
   7.1135112e-01
   7.1055342e-01
   7.0975696e-01
   7.0896174e-01
   7.0816774e-01
   7.0737498e-01
   7.0658344e-01
   7.0579312e-01
   7.0500403e-01
   7.0421614e-01
   7.0342947e-01
   7.0264401e-01
   7.0185975e-01
   7.0107670e-01
   7.0029484e-01
   6.9951418e-01
   6.9873471e-01
   6.9795643e-01
   6.9717934e-01
   6.9640343e-01
   6.9562870e-01
   6.9485514e-01
   6.9408276e-01
   6.9331155e-01
   6.9254151e-01
   6.9177263e-01
   6.9100491e-01
   6.9023835e-01
   6.8947295e-01
   6.8870869e-01
   6.8794559e-01
   6.8718363e-01
   6.8642282e-01
   6.8566314e-01
   6.8490460e-01
   6.8414720e-01
   6.8339092e-01
   6.8263577e-01
   6.8188175e-01
   6.8112885e-01
   6.8037707e-01
   6.7962641e-01
   6.7887686e-01
   6.7812842e-01
   6.7738109e-01
   6.7663486e-01
   6.7588974e-01
   6.7514571e-01
   6.7440278e-01
   6.7366094e-01
   6.7292020e-01
   6.7218054e-01
   6.7144197e-01
   6.7070448e-01
   6.6996807e-01
   6.6923274e-01
   6.6849848e-01
   6.6776529e-01
   6.6703317e-01
   6.6630212e-01
   6.6557213e-01
   6.6484321e-01
   6.6411534e-01
   6.6338852e-01
   6.6266276e-01
   6.6193805e-01
   6.6121439e-01
   6.6049177e-01
   6.5977019e-01
   6.5904966e-01
   6.5833016e-01
   6.5761170e-01
   6.5689426e-01
   6.5617786e-01
   6.5546249e-01
   6.5474814e-01
   6.5403481e-01
   6.5332250e-01
   6.5261121e-01
   6.5190093e-01
   6.5119167e-01
   6.5048341e-01
   6.4977616e-01
   6.4906992e-01
   6.4836468e-01
   6.4766044e-01
   6.4695719e-01
   6.4625495e-01
   6.4555369e-01
   6.4485342e-01
   6.4415415e-01
   6.4345585e-01
   6.4275855e-01
   6.4206222e-01
   6.4136687e-01
   6.4067250e-01
   6.3997910e-01
   6.3928667e-01
   6.3859521e-01
   6.3790472e-01
   6.3721519e-01
   6.3652663e-01
   6.3583902e-01
   6.3515238e-01
   6.3446669e-01
   6.3378195e-01
   6.3309816e-01
   6.3241533e-01
   6.3173343e-01
   6.3105249e-01
   6.3037249e-01
   6.2969342e-01
   6.2901530e-01
   6.2833811e-01
   6.2766185e-01
   6.2698653e-01
   6.2631213e-01
   6.2563866e-01
   6.2496612e-01
   6.2429450e-01
   6.2362380e-01
   6.2295402e-01
   6.2228516e-01
   6.2161721e-01
   6.2095017e-01
   6.2028404e-01
   6.1961882e-01
   6.1895451e-01
   6.1829110e-01
   6.1762860e-01
   6.1696699e-01
   6.1630628e-01
   6.1564647e-01
   6.1498756e-01
   6.1432953e-01
   6.1367240e-01
   6.1301615e-01
   6.1236079e-01
   6.1170631e-01
   6.1105272e-01
   6.1040000e-01
   6.0974817e-01
   6.0909721e-01
   6.0844712e-01
   6.0779791e-01
   6.0714956e-01
   6.0650209e-01
   6.0585548e-01
   6.0520974e-01
   6.0456486e-01
   6.0392084e-01
   6.0327768e-01
   6.0263538e-01
   6.0199393e-01
   6.0135334e-01
   6.0071360e-01
   6.0007471e-01
   5.9943666e-01
   5.9879947e-01
   5.9816311e-01
   5.9752760e-01
   5.9689293e-01
   5.9625910e-01
   5.9562611e-01
   5.9499395e-01
   5.9436262e-01
   5.9373213e-01
   5.9310247e-01
   5.9247363e-01
   5.9184562e-01
   5.9121844e-01
   5.9059208e-01
   5.8996654e-01
   5.8934182e-01
   5.8871791e-01
   5.8809483e-01
   5.8747256e-01
   5.8685110e-01
   5.8623045e-01
   5.8561061e-01
   5.8499158e-01
   5.8437335e-01
   5.8375593e-01
   5.8313931e-01
   5.8252349e-01
   5.8190847e-01
   5.8129425e-01
   5.8068082e-01
   5.8006819e-01
   5.7945635e-01
   5.7884530e-01
   5.7823505e-01
   5.7762557e-01
   5.7701689e-01
   5.7640899e-01
   5.7580187e-01
   5.7519553e-01
   5.7458998e-01
   5.7398520e-01
   5.7338120e-01
   5.7277797e-01
   5.7217552e-01
   5.7157383e-01
   5.7097292e-01
   5.7037278e-01
   5.6977340e-01
   5.6917479e-01
   5.6857695e-01
   5.6797987e-01
   5.6738354e-01
   5.6678798e-01
   5.6619318e-01
   5.6559913e-01
   5.6500583e-01
   5.6441329e-01
   5.6382151e-01
   5.6323047e-01
   5.6264018e-01
   5.6205064e-01
   5.6146185e-01
   5.6087380e-01
   5.6028649e-01
   5.5969992e-01
   5.5911410e-01
   5.5852901e-01
   5.5794466e-01
   5.5736105e-01
   5.5677817e-01
   5.5619603e-01
   5.5561461e-01
   5.5503393e-01
   5.5445398e-01
   5.5387475e-01
   5.5329625e-01
   5.5271847e-01
   5.5214142e-01
   5.5156509e-01
   5.5098948e-01
   5.5041458e-01
   5.4984041e-01
   5.4926695e-01
   5.4869421e-01
   5.4812218e-01
   5.4755086e-01
   5.4698025e-01
   5.4641036e-01
   5.4584117e-01
   5.4527269e-01
   5.4470491e-01
   5.4413784e-01
   5.4357147e-01
   5.4300580e-01
   5.4244083e-01
   5.4187656e-01
   5.4131299e-01
   5.4075011e-01
   5.4018793e-01
   5.3962645e-01
   5.3906565e-01
   5.3850555e-01
   5.3794614e-01
   5.3738741e-01
   5.3682937e-01
   5.3627202e-01
   5.3571535e-01
   5.3515937e-01
   5.3460407e-01
   5.3404945e-01
   5.3349551e-01
   5.3294225e-01
   5.3238966e-01
   5.3183775e-01
   5.3128652e-01
   5.3073596e-01
   5.3018607e-01
   5.2963685e-01
   5.2908830e-01
   5.2854042e-01
   5.2799321e-01
   5.2744667e-01
   5.2690078e-01
   5.2635557e-01
   5.2581101e-01
   5.2526712e-01
   5.2472389e-01
   5.2418131e-01
   5.2363940e-01
   5.2309814e-01
   5.2255754e-01
   5.2201759e-01
   5.2147829e-01
   5.2093965e-01
   5.2040165e-01
   5.1986431e-01
   5.1932762e-01
   5.1879157e-01
   5.1825617e-01
   5.1772141e-01
   5.1718730e-01
   5.1665383e-01
   5.1612100e-01
   5.1558881e-01
   5.1505727e-01
   5.1452636e-01
   5.1399609e-01
   5.1346645e-01
   5.1293745e-01
   5.1240908e-01
   5.1188135e-01
   5.1135425e-01
   5.1082777e-01
   5.1030193e-01
   5.0977672e-01
   5.0925213e-01
   5.0872817e-01
   5.0820484e-01
   5.0768212e-01
   5.0716004e-01
   5.0663857e-01
   5.0611773e-01
   5.0559750e-01
   5.0507789e-01
   5.0455891e-01
   5.0404053e-01
   5.0352278e-01
   5.0300563e-01
   5.0248911e-01
   5.0197319e-01
   5.0145789e-01
   5.0094319e-01
   5.0042911e-01
   4.9991563e-01
   4.9940276e-01
   4.9889050e-01
   4.9837884e-01
   4.9786779e-01
   4.9735734e-01
   4.9684749e-01
   4.9633825e-01
   4.9582960e-01
   4.9532155e-01
   4.9481411e-01
   4.9430726e-01
   4.9380100e-01
   4.9329534e-01
   4.9279028e-01
   4.9228580e-01
   4.9178192e-01
   4.9127864e-01
   4.9077594e-01
   4.9027383e-01
   4.8977231e-01
   4.8927138e-01
   4.8877103e-01
   4.8827127e-01
   4.8777209e-01
   4.8727350e-01
   4.8677549e-01
   4.8627806e-01
   4.8578122e-01
   4.8528495e-01
   4.8478926e-01
   4.8429415e-01
   4.8379962e-01
   4.8330566e-01
   4.8281228e-01
   4.8231947e-01
   4.8182724e-01
   4.8133557e-01
   4.8084448e-01
   4.8035396e-01
   4.7986401e-01
   4.7937463e-01
   4.7888582e-01
   4.7839757e-01
   4.7790989e-01
   4.7742277e-01
   4.7693622e-01
   4.7645023e-01
   4.7596480e-01
   4.7547994e-01
   4.7499563e-01
   4.7451189e-01
   4.7402870e-01
   4.7354608e-01
   4.7306401e-01
   4.7258249e-01
   4.7210153e-01
   4.7162113e-01
   4.7114128e-01
   4.7066198e-01
   4.7018323e-01
   4.6970504e-01
   4.6922739e-01
   4.6875029e-01
   4.6827375e-01
   4.6779775e-01
   4.6732229e-01
   4.6684739e-01
   4.6637302e-01
   4.6589920e-01
   4.6542593e-01
   4.6495320e-01
   4.6448101e-01
   4.6400935e-01
   4.6353824e-01
   4.6306767e-01
   4.6259764e-01
   4.6212815e-01
   4.6165919e-01
   4.6119076e-01
   4.6072288e-01
   4.6025552e-01
   4.5978870e-01
   4.5932241e-01
   4.5885666e-01
   4.5839143e-01
   4.5792674e-01
   4.5746257e-01
   4.5699893e-01
   4.5653582e-01
   4.5607324e-01
   4.5561119e-01
   4.5514965e-01
   4.5468865e-01
   4.5422817e-01
   4.5376821e-01
   4.5330877e-01
   4.5284985e-01
   4.5239146e-01
   4.5193358e-01
   4.5147622e-01
   4.5101938e-01
   4.5056306e-01
   4.5010726e-01
   4.4965197e-01
   4.4919720e-01
   4.4874294e-01
   4.4828919e-01
   4.4783596e-01
   4.4738324e-01
   4.4693103e-01
   4.4647933e-01
   4.4602815e-01
   4.4557747e-01
   4.4512730e-01
   4.4467763e-01
   4.4422848e-01
   4.4377982e-01
   4.4333168e-01
   4.4288404e-01
   4.4243690e-01
   4.4199027e-01
   4.4154414e-01
   4.4109851e-01
   4.4065338e-01
   4.4020875e-01
   4.3976462e-01
   4.3932099e-01
   4.3887786e-01
   4.3843523e-01
   4.3799309e-01
   4.3755145e-01
   4.3711030e-01
   4.3666965e-01
   4.3622949e-01
   4.3578982e-01
   4.3535065e-01
   4.3491197e-01
   4.3447377e-01
   4.3403607e-01
   4.3359886e-01
   4.3316214e-01
   4.3272590e-01
   4.3229016e-01
   4.3185489e-01
   4.3142012e-01
   4.3098583e-01
   4.3055202e-01
   4.3011870e-01
   4.2968587e-01
   4.2925351e-01
   4.2882164e-01
   4.2839024e-01
   4.2795933e-01
   4.2752890e-01
   4.2709894e-01
   4.2666947e-01
   4.2624047e-01
   4.2581195e-01
   4.2538391e-01
   4.2495634e-01
   4.2452925e-01
   4.2410263e-01
   4.2367648e-01
   4.2325081e-01
   4.2282561e-01
   4.2240088e-01
   4.2197663e-01
   4.2155284e-01
   4.2112952e-01
   4.2070668e-01
   4.2028430e-01
   4.1986238e-01
   4.1944094e-01
   4.1901996e-01
   4.1859945e-01
   4.1817940e-01
   4.1775982e-01
   4.1734070e-01
   4.1692205e-01
   4.1650385e-01
   4.1608612e-01
   4.1566885e-01
   4.1525204e-01
   4.1483570e-01
   4.1441981e-01
   4.1400438e-01
   4.1358940e-01
   4.1317489e-01
   4.1276083e-01
   4.1234723e-01
   4.1193408e-01
   4.1152139e-01
   4.1110915e-01
   4.1069737e-01
   4.1028604e-01
   4.0987516e-01
   4.0946474e-01
   4.0905476e-01
   4.0864524e-01
   4.0823617e-01
   4.0782754e-01
   4.0741937e-01
   4.0701164e-01
   4.0660436e-01
   4.0619753e-01
   4.0579114e-01
   4.0538520e-01
   4.0497971e-01
   4.0457466e-01
   4.0417005e-01
   4.0376589e-01
   4.0336217e-01
   4.0295889e-01
   4.0255605e-01
   4.0215366e-01
   4.0175170e-01
   4.0135019e-01
   4.0094911e-01
   4.0054848e-01
   4.0014828e-01
   3.9974852e-01
   3.9934919e-01
   3.9895030e-01
   3.9855185e-01
   3.9815383e-01
   3.9775625e-01
   3.9735910e-01
   3.9696239e-01
   3.9656611e-01
   3.9617026e-01
   3.9577484e-01
   3.9537985e-01
   3.9498529e-01
   3.9459117e-01
   3.9419747e-01
   3.9380420e-01
   3.9341136e-01
   3.9301895e-01
   3.9262696e-01
   3.9223540e-01
   3.9184427e-01
   3.9145356e-01
   3.9106328e-01
   3.9067342e-01
   3.9028399e-01
   3.8989498e-01
   3.8950639e-01
   3.8911822e-01
   3.8873048e-01
   3.8834316e-01
   3.8795625e-01
   3.8756977e-01
   3.8718371e-01
   3.8679806e-01
   3.8641284e-01
   3.8602803e-01
   3.8564364e-01
   3.8525966e-01
   3.8487610e-01
   3.8449296e-01
   3.8411023e-01
   3.8372792e-01
   3.8334602e-01
   3.8296453e-01
   3.8258346e-01
   3.8220280e-01
   3.8182255e-01
   3.8144271e-01
   3.8106328e-01
   3.8068427e-01
   3.8030566e-01
   3.7992746e-01
   3.7954967e-01
   3.7917229e-01
   3.7879532e-01
   3.7841875e-01
   3.7804259e-01
   3.7766684e-01
   3.7729149e-01
   3.7691655e-01
   3.7654201e-01
   3.7616787e-01
   3.7579414e-01
   3.7542081e-01
   3.7504789e-01
   3.7467536e-01
   3.7430324e-01
   3.7393152e-01
   3.7356020e-01
   3.7318928e-01
   3.7281876e-01
   3.7244863e-01
   3.7207891e-01
   3.7170958e-01
   3.7134065e-01
   3.7097212e-01
   3.7060398e-01
   3.7023624e-01
   3.6986890e-01
   3.6950195e-01
   3.6913539e-01
   3.6876923e-01
   3.6840346e-01
   3.6803808e-01
   3.6767310e-01
   3.6730851e-01
   3.6694431e-01
   3.6658050e-01
   3.6621708e-01
   3.6585405e-01
   3.6549141e-01
   3.6512916e-01
   3.6476730e-01
   3.6440582e-01
   3.6404474e-01
   3.6368404e-01
   3.6332372e-01
   3.6296380e-01
   3.6260425e-01
   3.6224510e-01
   3.6188632e-01
   3.6152794e-01
   3.6116993e-01
   3.6081231e-01
   3.6045507e-01
   3.6009822e-01
   3.5974174e-01
   3.5938565e-01
   3.5902994e-01
   3.5867460e-01
   3.5831965e-01
   3.5796508e-01
   3.5761088e-01
   3.5725707e-01
   3.5690363e-01
   3.5655057e-01
   3.5619789e-01
   3.5584558e-01
   3.5549365e-01
   3.5514209e-01
   3.5479091e-01
   3.5444011e-01
   3.5408968e-01
   3.5373962e-01
   3.5338994e-01
   3.5304062e-01
   3.5269169e-01
   3.5234312e-01
   3.5199492e-01
   3.5164710e-01
   3.5129965e-01
   3.5095256e-01
   3.5060585e-01
   3.5025951e-01
   3.4991353e-01
   3.4956792e-01
   3.4922268e-01
   3.4887781e-01
   3.4853331e-01
   3.4818917e-01
   3.4784540e-01
   3.4750199e-01
   3.4715895e-01
   3.4681627e-01
   3.4647396e-01
   3.4613201e-01
   3.4579043e-01
   3.4544920e-01
   3.4510835e-01
   3.4476785e-01
   3.4442771e-01
   3.4408794e-01
   3.4374852e-01
   3.4340947e-01
   3.4307078e-01
   3.4273244e-01
   3.4239447e-01
   3.4205685e-01
   3.4171960e-01
   3.4138270e-01
   3.4104615e-01
   3.4070997e-01
   3.4037414e-01
   3.4003866e-01
   3.3970355e-01
   3.3936878e-01
   3.3903438e-01
   3.3870032e-01
   3.3836662e-01
   3.3803328e-01
   3.3770028e-01
   3.3736764e-01
   3.3703536e-01
   3.3670342e-01
   3.3637184e-01
   3.3604060e-01
   3.3570972e-01
   3.3537919e-01
   3.3504900e-01
   3.3471917e-01
   3.3438968e-01
   3.3406055e-01
   3.3373176e-01
   3.3340332e-01
   3.3307522e-01
   3.3274747e-01
   3.3242007e-01
   3.3209302e-01
   3.3176631e-01
   3.3143995e-01
   3.3111393e-01
   3.3078825e-01
   3.3046292e-01
   3.3013793e-01
   3.2981329e-01
   3.2948899e-01
   3.2916503e-01
   3.2884141e-01
   3.2851813e-01
   3.2819520e-01
   3.2787261e-01
   3.2755035e-01
   3.2722844e-01
   3.2690686e-01
   3.2658563e-01
   3.2626473e-01
   3.2594417e-01
   3.2562395e-01
   3.2530407e-01
   3.2498452e-01
   3.2466531e-01
   3.2434644e-01
   3.2402790e-01
   3.2370970e-01
   3.2339184e-01
   3.2307430e-01
   3.2275711e-01
   3.2244024e-01
   3.2212371e-01
   3.2180752e-01
   3.2149165e-01
   3.2117612e-01
   3.2086092e-01
   3.2054605e-01
   3.2023152e-01
   3.1991731e-01
   3.1960344e-01
   3.1928989e-01
   3.1897667e-01
   3.1866379e-01
   3.1835123e-01
   3.1803900e-01
   3.1772710e-01
   3.1741553e-01
   3.1710428e-01
   3.1679336e-01
   3.1648277e-01
   3.1617250e-01
   3.1586256e-01
   3.1555295e-01
   3.1524366e-01
   3.1493470e-01
   3.1462606e-01
   3.1431774e-01
   3.1400975e-01
   3.1370208e-01
   3.1339473e-01
   3.1308771e-01
   3.1278100e-01
   3.1247462e-01
   3.1216856e-01
   3.1186283e-01
   3.1155741e-01
   3.1125231e-01
   3.1094753e-01
   3.1064307e-01
   3.1033894e-01
   3.1003512e-01
   3.0973161e-01
   3.0942843e-01
   3.0912556e-01
   3.0882302e-01
   3.0852078e-01
   3.0821887e-01
   3.0791727e-01
   3.0761599e-01
   3.0731502e-01
   3.0701437e-01
   3.0671403e-01
   3.0641401e-01
   3.0611430e-01
   3.0581490e-01
   3.0551582e-01
   3.0521705e-01
   3.0491859e-01
   3.0462045e-01
   3.0432261e-01
   3.0402509e-01
   3.0372788e-01
   3.0343098e-01
   3.0313439e-01
   3.0283812e-01
   3.0254215e-01
   3.0224649e-01
   3.0195114e-01
   3.0165610e-01
   3.0136136e-01
   3.0106694e-01
   3.0077282e-01
   3.0047901e-01
   3.0018550e-01
   2.9989231e-01
   2.9959942e-01
   2.9930683e-01
   2.9901455e-01
   2.9872258e-01
   2.9843091e-01
   2.9813954e-01
   2.9784848e-01
   2.9755772e-01
   2.9726727e-01
   2.9697712e-01
   2.9668727e-01
   2.9639773e-01
   2.9610848e-01
   2.9581954e-01
   2.9553090e-01
   2.9524256e-01
   2.9495452e-01
   2.9466679e-01
   2.9437935e-01
   2.9409221e-01
   2.9380537e-01
   2.9351883e-01
   2.9323259e-01
   2.9294665e-01
   2.9266100e-01
   2.9237566e-01
   2.9209061e-01
   2.9180585e-01
   2.9152140e-01
   2.9123724e-01
   2.9095337e-01
   2.9066980e-01
   2.9038653e-01
   2.9010355e-01
   2.8982087e-01
   2.8953848e-01
   2.8925639e-01
   2.8897458e-01
   2.8869308e-01
   2.8841186e-01
   2.8813094e-01
   2.8785031e-01
   2.8756997e-01
   2.8728992e-01
   2.8701017e-01
   2.8673071e-01
   2.8645153e-01
   2.8617265e-01
   2.8589406e-01
   2.8561575e-01
   2.8533774e-01
   2.8506002e-01
   2.8478258e-01
   2.8450543e-01
   2.8422857e-01
   2.8395200e-01
   2.8367572e-01
   2.8339972e-01
   2.8312401e-01
   2.8284859e-01
   2.8257345e-01
   2.8229860e-01
   2.8202403e-01
   2.8174975e-01
   2.8147576e-01
   2.8120204e-01
   2.8092862e-01
   2.8065547e-01
   2.8038262e-01
   2.8011004e-01
   2.7983775e-01
   2.7956574e-01
   2.7929401e-01
   2.7902256e-01
   2.7875140e-01
   2.7848051e-01
   2.7820991e-01
   2.7793959e-01
   2.7766955e-01
   2.7739979e-01
   2.7713031e-01
   2.7686111e-01
   2.7659219e-01
   2.7632355e-01
   2.7605518e-01
   2.7578710e-01
   2.7551929e-01
   2.7525176e-01
   2.7498451e-01
   2.7471753e-01
   2.7445083e-01
   2.7418441e-01
   2.7391826e-01
   2.7365239e-01
   2.7338680e-01
   2.7312148e-01
   2.7285644e-01
   2.7259167e-01
   2.7232717e-01
   2.7206295e-01
   2.7179900e-01
   2.7153533e-01
   2.7127193e-01
   2.7100880e-01
   2.7074594e-01
   2.7048336e-01
   2.7022105e-01
   2.6995901e-01
   2.6969724e-01
   2.6943574e-01
   2.6917451e-01
   2.6891356e-01
   2.6865287e-01
   2.6839245e-01
   2.6813231e-01
   2.6787243e-01
   2.6761282e-01
   2.6735348e-01
   2.6709441e-01
   2.6683560e-01
   2.6657707e-01
   2.6631880e-01
   2.6606080e-01
   2.6580306e-01
   2.6554559e-01
   2.6528839e-01
   2.6503146e-01
   2.6477479e-01
   2.6451838e-01
   2.6426224e-01
   2.6400637e-01
   2.6375076e-01
   2.6349541e-01
   2.6324033e-01
   2.6298551e-01
   2.6273096e-01
   2.6247666e-01
   2.6222263e-01
   2.6196887e-01
   2.6171536e-01
   2.6146212e-01
   2.6120914e-01
   2.6095642e-01
   2.6070396e-01
   2.6045176e-01
   2.6019983e-01
   2.5994815e-01
   2.5969673e-01
   2.5944558e-01
   2.5919468e-01
   2.5894404e-01
   2.5869366e-01
   2.5844354e-01
   2.5819367e-01
   2.5794407e-01
   2.5769472e-01
   2.5744563e-01
   2.5719680e-01
   2.5694822e-01
   2.5669990e-01
   2.5645184e-01
   2.5620403e-01
   2.5595648e-01
   2.5570918e-01
   2.5546214e-01
   2.5521535e-01
   2.5496882e-01
   2.5472254e-01
   2.5447652e-01
   2.5423075e-01
   2.5398524e-01
   2.5373997e-01
   2.5349496e-01
   2.5325020e-01
   2.5300570e-01
   2.5276145e-01
   2.5251745e-01
   2.5227370e-01
   2.5203020e-01
   2.5178695e-01
   2.5154395e-01
   2.5130121e-01
   2.5105871e-01
   2.5081647e-01
   2.5057447e-01
   2.5033272e-01
   2.5009123e-01
   2.4984998e-01
   2.4960898e-01
   2.4936822e-01
   2.4912772e-01
   2.4888746e-01
   2.4864746e-01
   2.4840769e-01
   2.4816818e-01
   2.4792891e-01
   2.4768989e-01
   2.4745111e-01
   2.4721259e-01
   2.4697430e-01
   2.4673626e-01
   2.4649847e-01
   2.4626092e-01
   2.4602362e-01
   2.4578656e-01
   2.4554974e-01
   2.4531317e-01
   2.4507684e-01
   2.4484076e-01
   2.4460491e-01
   2.4436932e-01
   2.4413396e-01
   2.4389884e-01
   2.4366397e-01
   2.4342934e-01
   2.4319495e-01
   2.4296080e-01
   2.4272689e-01
   2.4249323e-01
   2.4225980e-01
   2.4202661e-01
   2.4179367e-01
   2.4156096e-01
   2.4132849e-01
   2.4109626e-01
   2.4086427e-01
   2.4063252e-01
   2.4040101e-01
   2.4016973e-01
   2.3993870e-01
   2.3970790e-01
   2.3947733e-01
   2.3924701e-01
   2.3901692e-01
   2.3878707e-01
   2.3855745e-01
   2.3832807e-01
   2.3809893e-01
   2.3787002e-01
   2.3764135e-01
   2.3741291e-01
   2.3718471e-01
   2.3695674e-01
   2.3672900e-01
   2.3650150e-01
   2.3627423e-01
   2.3604720e-01
   2.3582040e-01
   2.3559383e-01
   2.3536750e-01
   2.3514139e-01
   2.3491552e-01
   2.3468989e-01
   2.3446448e-01
   2.3423931e-01
   2.3401436e-01
   2.3378965e-01
   2.3356517e-01
   2.3334092e-01
   2.3311690e-01
   2.3289310e-01
   2.3266954e-01
   2.3244621e-01
   2.3222311e-01
   2.3200023e-01
   2.3177759e-01
   2.3155517e-01
   2.3133299e-01
   2.3111103e-01
   2.3088929e-01
   2.3066779e-01
   2.3044651e-01
   2.3022546e-01
   2.3000464e-01
   2.2978404e-01
   2.2956367e-01
   2.2934353e-01
   2.2912361e-01
   2.2890391e-01
   2.2868445e-01
   2.2846520e-01
   2.2824619e-01
   2.2802739e-01
   2.2780882e-01
   2.2759048e-01
   2.2737236e-01
   2.2715446e-01
   2.2693679e-01
   2.2671934e-01
   2.2650211e-01
   2.2628511e-01
   2.2606832e-01
   2.2585176e-01
   2.2563543e-01
   2.2541931e-01
   2.2520342e-01
   2.2498774e-01
   2.2477229e-01
   2.2455706e-01
   2.2434205e-01
   2.2412726e-01
   2.2391269e-01
   2.2369834e-01
   2.2348421e-01
   2.2327030e-01
   2.2305661e-01
   2.2284313e-01
   2.2262988e-01
   2.2241684e-01
   2.2220403e-01
   2.2199143e-01
   2.2177904e-01
   2.2156688e-01
   2.2135493e-01
   2.2114320e-01
   2.2093169e-01
   2.2072040e-01
   2.2050932e-01
   2.2029845e-01
   2.2008780e-01
   2.1987737e-01
   2.1966716e-01
   2.1945716e-01
   2.1924737e-01
   2.1903780e-01
   2.1882844e-01
   2.1861930e-01
   2.1841037e-01
   2.1820166e-01
   2.1799316e-01
   2.1778487e-01
   2.1757679e-01
   2.1736893e-01
   2.1716129e-01
   2.1695385e-01
   2.1674663e-01
   2.1653962e-01
   2.1633282e-01
   2.1612623e-01
   2.1591985e-01
   2.1571369e-01
   2.1550773e-01
   2.1530199e-01
   2.1509646e-01
   2.1489113e-01
   2.1468602e-01
   2.1448112e-01
   2.1427642e-01
   2.1407194e-01
   2.1386767e-01
   2.1366360e-01
   2.1345974e-01
   2.1325610e-01
   2.1305266e-01
   2.1284942e-01
   2.1264640e-01
   2.1244358e-01
   2.1224097e-01
   2.1203857e-01
   2.1183638e-01
   2.1163439e-01
   2.1143261e-01
   2.1123103e-01
   2.1102966e-01
   2.1082850e-01
   2.1062754e-01
   2.1042679e-01
   2.1022624e-01
   2.1002590e-01
   2.0982577e-01
   2.0962583e-01
   2.0942610e-01
   2.0922658e-01
   2.0902726e-01
   2.0882814e-01
   2.0862923e-01
   2.0843052e-01
   2.0823202e-01
   2.0803371e-01
   2.0783561e-01
   2.0763771e-01
   2.0744002e-01
   2.0724252e-01
   2.0704523e-01
   2.0684814e-01
   2.0665125e-01
   2.0645456e-01
   2.0625807e-01
   2.0606179e-01
   2.0586570e-01
   2.0566981e-01
   2.0547413e-01
   2.0527864e-01
   2.0508336e-01
   2.0488827e-01
   2.0469338e-01
   2.0449869e-01
   2.0430420e-01
   2.0410991e-01
   2.0391582e-01
   2.0372193e-01
   2.0352823e-01
   2.0333473e-01
   2.0314143e-01
   2.0294833e-01
   2.0275542e-01
   2.0256271e-01
   2.0237020e-01
   2.0217788e-01
   2.0198576e-01
   2.0179384e-01
   2.0160211e-01
   2.0141058e-01
   2.0121924e-01
   2.0102810e-01
   2.0083715e-01
   2.0064640e-01
   2.0045585e-01
   2.0026548e-01
   2.0007532e-01
   1.9988534e-01
   1.9969556e-01
   1.9950598e-01
   1.9931658e-01
   1.9912738e-01
   1.9893838e-01
   1.9874956e-01
   1.9856094e-01
   1.9837251e-01
   1.9818428e-01
   1.9799623e-01
   1.9780838e-01
   1.9762072e-01
   1.9743325e-01
   1.9724597e-01
   1.9705889e-01
   1.9687199e-01
   1.9668528e-01
   1.9649877e-01
   1.9631244e-01
   1.9612631e-01
   1.9594036e-01
   1.9575461e-01
   1.9556904e-01
   1.9538367e-01
   1.9519848e-01
   1.9501348e-01
   1.9482867e-01
   1.9464405e-01
   1.9445961e-01
   1.9427537e-01
   1.9409131e-01
   1.9390744e-01
   1.9372376e-01
   1.9354026e-01
   1.9335696e-01
   1.9317383e-01
   1.9299090e-01
   1.9280815e-01
   1.9262559e-01
   1.9244321e-01
   1.9226102e-01
   1.9207902e-01
   1.9189720e-01
   1.9171557e-01
   1.9153412e-01
   1.9135286e-01
   1.9117178e-01
   1.9099088e-01
   1.9081017e-01
   1.9062965e-01
   1.9044931e-01
   1.9026915e-01
   1.9008918e-01
   1.8990938e-01
   1.8972978e-01
   1.8955035e-01
   1.8937111e-01
   1.8919205e-01
   1.8901318e-01
   1.8883448e-01
   1.8865597e-01
   1.8847764e-01
   1.8829949e-01
   1.8812152e-01
   1.8794373e-01
   1.8776613e-01
   1.8758871e-01
   1.8741146e-01
   1.8723440e-01
   1.8705752e-01
   1.8688081e-01
   1.8670429e-01
   1.8652795e-01
   1.8635179e-01
   1.8617580e-01
   1.8600000e-01
   1.8582437e-01
   1.8564893e-01
   1.8547366e-01
   1.8529857e-01
   1.8512366e-01
   1.8494892e-01
   1.8477437e-01
   1.8459999e-01
   1.8442579e-01
   1.8425177e-01
   1.8407792e-01
   1.8390425e-01
   1.8373076e-01
   1.8355745e-01
   1.8338431e-01
   1.8321134e-01
   1.8303856e-01
   1.8286595e-01
   1.8269351e-01
   1.8252125e-01
   1.8234917e-01
   1.8217726e-01
   1.8200553e-01
   1.8183397e-01
   1.8166258e-01
   1.8149137e-01
   1.8132034e-01
   1.8114947e-01
   1.8097879e-01
   1.8080827e-01
   1.8063793e-01
   1.8046776e-01
   1.8029777e-01
   1.8012795e-01
   1.7995830e-01
   1.7978882e-01
   1.7961952e-01
   1.7945039e-01
   1.7928143e-01
   1.7911264e-01
   1.7894403e-01
   1.7877558e-01
   1.7860731e-01
   1.7843921e-01
   1.7827128e-01
   1.7810352e-01
   1.7793593e-01
   1.7776851e-01
   1.7760126e-01
   1.7743418e-01
   1.7726727e-01
   1.7710053e-01
   1.7693396e-01
   1.7676756e-01
   1.7660133e-01
   1.7643527e-01
   1.7626938e-01
   1.7610366e-01
   1.7593810e-01
   1.7577271e-01
   1.7560749e-01
   1.7544244e-01
   1.7527756e-01
   1.7511284e-01
   1.7494830e-01
   1.7478392e-01
   1.7461970e-01
   1.7445566e-01
   1.7429178e-01
   1.7412806e-01
   1.7396451e-01
   1.7380113e-01
   1.7363792e-01
   1.7347487e-01
   1.7331199e-01
   1.7314927e-01
   1.7298672e-01
   1.7282433e-01
   1.7266211e-01
   1.7250005e-01
   1.7233816e-01
   1.7217643e-01
   1.7201487e-01
   1.7185347e-01
   1.7169224e-01
   1.7153116e-01
   1.7137026e-01
   1.7120951e-01
   1.7104893e-01
   1.7088851e-01
   1.7072826e-01
   1.7056817e-01
   1.7040824e-01
   1.7024847e-01
   1.7008887e-01
   1.6992943e-01
   1.6977015e-01
   1.6961103e-01
   1.6945207e-01
   1.6929328e-01
   1.6913464e-01
   1.6897617e-01
   1.6881786e-01
   1.6865971e-01
   1.6850172e-01
   1.6834389e-01
   1.6818622e-01
   1.6802871e-01
