   4.5612084e+00
   4.5605642e+00
   4.5599201e+00
   4.5592762e+00
   4.5586325e+00
   4.5579889e+00
   4.5573454e+00
   4.5567021e+00
   4.5560590e+00
   4.5554160e+00
   4.5547731e+00
   4.5541304e+00
   4.5534878e+00
   4.5528454e+00
   4.5522032e+00
   4.5515611e+00
   4.5509191e+00
   4.5502773e+00
   4.5496357e+00
   4.5489941e+00
   4.5483528e+00
   4.5477116e+00
   4.5470705e+00
   4.5464296e+00
   4.5457888e+00
   4.5451482e+00
   4.5445078e+00
   4.5438674e+00
   4.5432273e+00
   4.5425873e+00
   4.5419474e+00
   4.5413077e+00
   4.5406681e+00
   4.5400286e+00
   4.5393894e+00
   4.5387502e+00
   4.5381112e+00
   4.5374724e+00
   4.5368337e+00
   4.5361952e+00
   4.5355568e+00
   4.5349185e+00
   4.5342804e+00
   4.5336425e+00
   4.5330047e+00
   4.5323670e+00
   4.5317295e+00
   4.5310921e+00
   4.5304549e+00
   4.5298178e+00
   4.5291809e+00
   4.5285441e+00
   4.5279075e+00
   4.5272710e+00
   4.5266346e+00
   4.5259984e+00
   4.5253624e+00
   4.5247265e+00
   4.5240907e+00
   4.5234551e+00
   4.5228196e+00
   4.5221843e+00
   4.5215491e+00
   4.5209141e+00
   4.5202792e+00
   4.5196444e+00
   4.5190098e+00
   4.5183754e+00
   4.5177411e+00
   4.5171069e+00
   4.5164729e+00
   4.5158390e+00
   4.5152053e+00
   4.5145717e+00
   4.5139382e+00
   4.5133049e+00
   4.5126718e+00
   4.5120388e+00
   4.5114059e+00
   4.5107732e+00
   4.5101406e+00
   4.5095082e+00
   4.5088759e+00
   4.5082437e+00
   4.5076117e+00
   4.5069798e+00
   4.5063481e+00
   4.5057165e+00
   4.5050851e+00
   4.5044538e+00
   4.5038227e+00
   4.5031916e+00
   4.5025608e+00
   4.5019301e+00
   4.5012995e+00
   4.5006690e+00
   4.5000387e+00
   4.4994086e+00
   4.4987786e+00
   4.4981487e+00
   4.4975190e+00
   4.4969493e+00
   5.1024487e+00
   5.6945358e+00
   6.2741465e+00
   6.8420603e+00
   7.3989674e+00
   7.9454833e+00
   8.4821600e+00
   9.0094891e+00
   9.5279081e+00
   1.0037811e+01
   1.0539555e+01
   1.1033475e+01
   1.1519907e+01
   1.1999215e+01
   1.2471829e+01
   1.2938292e+01
   1.3399332e+01
   1.3855951e+01
   1.4309536e+01
   1.4762038e+01
   1.5216177e+01
   1.5675763e+01
   1.6146136e+01
   1.6634784e+01
   1.7152185e+01
   1.7712488e+01
   1.8332042e+01
   1.9014582e+01
   1.9660155e+01
   1.9513243e+01
   1.4310332e+01
   2.1174023e+00
   2.3782679e-01
   8.9033761e-02
   6.0157280e-02
   5.0732176e-02
   4.6365740e-02
   4.3710461e-02
   4.1789605e-02
   4.0276731e-02
   3.9043812e-02
   3.8027595e-02
   3.7188247e-02
   3.6496105e-02
   3.5927139e-02
   3.5461164e-02
   3.5080964e-02
   3.4771739e-02
   3.4520712e-02
   3.4316863e-02
   3.7242956e-02
   4.0372097e-02
   4.3699618e-02
   4.7219394e-02
   5.0923848e-02
   5.4803909e-02
   5.8849075e-02
   6.3047514e-02
   6.7386204e-02
   7.1851032e-02
   7.6426954e-02
   8.1098213e-02
   8.5848511e-02
   9.0661194e-02
   9.5519442e-02
   1.0040646e-01
   1.0530565e-01
   1.1020076e-01
   1.1507604e-01
   1.1991639e-01
   1.2470746e-01
   1.2943573e-01
   1.3408862e-01
   1.3865455e-01
   1.4312290e-01
   1.4748420e-01
   1.5172995e-01
   1.5585276e-01
   1.5984623e-01
   1.6370503e-01
   1.6742477e-01
   1.7100202e-01
   1.7443419e-01
   1.7771959e-01
   1.8085723e-01
   1.8384689e-01
   1.8668900e-01
   1.8938457e-01
   1.9193515e-01
   1.9434279e-01
   1.9660991e-01
   1.9873936e-01
   2.0073429e-01
   2.0259810e-01
   2.0433444e-01
   2.0594714e-01
   2.0744020e-01
   2.0881770e-01
   2.1008380e-01
   2.1124272e-01
   2.1229870e-01
   2.1325597e-01
   2.1411878e-01
   2.1489130e-01
   2.1557767e-01
   2.1618194e-01
   2.1670811e-01
   2.1716006e-01
   2.1754162e-01
   2.1785647e-01
   2.1810819e-01
   2.1830025e-01
   2.1843600e-01
   2.1851869e-01
   2.1855144e-01
   2.1853725e-01
   2.1847899e-01
   2.1837942e-01
   2.1824119e-01
   2.1806682e-01
   2.1785873e-01
   2.1761923e-01
   2.1735050e-01
   2.1705466e-01
   2.1673367e-01
   2.1638945e-01
   2.1602378e-01
   2.1563836e-01
   2.1523482e-01
   2.1481469e-01
   2.1437942e-01
   2.1393038e-01
   2.1346886e-01
   2.1299610e-01
   2.1251325e-01
   2.1202141e-01
   2.1152159e-01
   2.1101479e-01
   2.1050190e-01
   2.0998379e-01
   2.0946128e-01
   2.0893511e-01
   2.0840602e-01
   2.0787467e-01
   2.0734169e-01
   2.0680767e-01
   2.0627318e-01
   2.0573873e-01
   2.0520482e-01
   2.0467189e-01
   2.0414038e-01
   2.0361069e-01
   2.0308318e-01
   2.0255822e-01
   2.0203613e-01
   2.0151721e-01
   2.0100175e-01
   2.0049001e-01
   1.9998224e-01
   1.9947868e-01
   1.9897953e-01
   1.9848499e-01
   1.9799526e-01
   1.9751050e-01
   1.9703088e-01
   1.9655654e-01
   1.9608763e-01
   1.9562427e-01
   1.9516657e-01
   1.9471466e-01
   1.9426864e-01
   1.9382859e-01
   1.9339462e-01
   1.9296679e-01
   1.9254519e-01
   1.9212988e-01
   1.9172093e-01
   1.9131841e-01
   1.9092236e-01
   1.9053284e-01
   1.9014991e-01
   1.8977359e-01
   1.8940394e-01
   1.8904099e-01
   1.8868479e-01
   1.8833536e-01
   1.8799274e-01
   1.8765696e-01
   1.8732804e-01
   1.8700603e-01
   1.8669093e-01
   1.8638279e-01
   1.8608162e-01
   1.8578745e-01
   1.8550030e-01
   1.8522019e-01
   1.8494715e-01
   1.8468120e-01
   1.8442237e-01
   1.8417067e-01
   1.8392613e-01
   1.8368877e-01
   1.8345862e-01
   1.8323571e-01
   1.8302004e-01
   1.8281166e-01
   1.8261059e-01
   1.8241686e-01
   1.8223049e-01
   1.8205151e-01
   1.8187995e-01
   1.8171585e-01
   1.8155924e-01
   1.8141015e-01
   1.8126862e-01
   1.8113468e-01
   1.8100837e-01
   1.8088973e-01
   1.8077880e-01
   1.8067562e-01
   1.8058024e-01
   1.8049270e-01
   1.8041304e-01
   1.8034133e-01
   1.8027760e-01
   1.8022190e-01
   1.8017429e-01
   1.8013483e-01
   1.8010357e-01
   1.8008056e-01
   1.8006587e-01
   1.8005956e-01
   1.8006169e-01
   1.8007231e-01
   1.8009150e-01
   1.8011932e-01
   1.8015583e-01
   1.8020111e-01
   1.8025523e-01
   1.8031824e-01
   1.8039022e-01
   1.8047125e-01
   1.8056138e-01
   1.8066070e-01
   1.8076927e-01
   1.8088716e-01
   1.8101443e-01
   1.8115117e-01
   1.8129743e-01
   1.8145328e-01
   1.8161879e-01
   1.8179401e-01
   1.8197900e-01
   1.8217382e-01
   1.8237851e-01
   1.8259314e-01
   1.8281773e-01
   1.8305234e-01
   1.8329699e-01
   1.8355170e-01
   1.8381650e-01
   1.8409141e-01
   1.8437642e-01
   1.8467153e-01
   1.8497674e-01
   1.8529202e-01
   1.8561734e-01
   1.8595266e-01
   1.8629793e-01
   1.8665308e-01
   1.8701803e-01
   1.8739271e-01
   1.8777700e-01
   1.8817079e-01
   1.8857397e-01
   1.8898637e-01
   1.8940787e-01
   1.8983827e-01
   1.9027741e-01
   1.9072510e-01
   1.9118112e-01
   1.9164525e-01
   1.9211728e-01
   1.9259694e-01
   1.9308400e-01
   1.9357819e-01
   1.9407923e-01
   1.9458685e-01
   1.9510075e-01
   1.9562065e-01
   1.9614625e-01
   1.9667723e-01
   1.9721330e-01
   1.9775415e-01
   1.9829947e-01
   1.9884895e-01
   1.9940227e-01
   1.9995915e-01
   2.0051927e-01
   2.0108234e-01
   2.0164807e-01
   2.0221618e-01
   2.0278637e-01
   2.0335840e-01
   2.0393198e-01
   2.0450688e-01
   2.0508285e-01
   2.0565964e-01
   2.0623705e-01
   2.0681485e-01
   2.0739284e-01
   2.0797084e-01
   2.0854865e-01
   2.0912611e-01
   2.0970305e-01
   2.1027933e-01
   2.1085480e-01
   2.1142933e-01
   2.1200281e-01
   2.1257512e-01
   2.1314616e-01
   2.1371583e-01
   2.1428405e-01
   2.1485075e-01
   2.1541585e-01
   2.1597929e-01
   2.1654102e-01
   2.1710099e-01
   2.1765915e-01
   2.1821547e-01
   2.1876993e-01
   2.1932249e-01
   2.1987313e-01
   2.2042185e-01
   2.2096862e-01
   2.2151344e-01
   2.2205631e-01
   2.2259723e-01
   2.2313619e-01
   2.2367321e-01
   2.2420829e-01
   2.2474145e-01
   2.2527269e-01
   2.2580203e-01
   2.2632950e-01
   2.2685510e-01
   2.2737885e-01
   2.2790079e-01
   2.2842092e-01
   2.2893928e-01
   2.2945588e-01
   2.2997076e-01
   2.3048393e-01
   2.3099543e-01
   2.3150529e-01
   2.3201351e-01
   2.3252015e-01
   2.3302522e-01
   2.3352874e-01
   2.3403076e-01
   2.3453129e-01
   2.3503037e-01
   2.3552802e-01
   2.3602427e-01
   2.3651915e-01
   2.3701269e-01
   2.3750490e-01
   2.3799583e-01
   2.3848549e-01
   2.3897391e-01
   2.3946113e-01
   2.3994716e-01
   2.4043203e-01
   2.4091577e-01
   2.4139840e-01
   2.4187995e-01
   2.4236044e-01
   2.4283989e-01
   2.4331833e-01
   2.4379579e-01
   2.4427228e-01
   2.4474783e-01
   2.4522247e-01
   2.4569620e-01
   2.4616907e-01
   2.4664107e-01
   2.4711225e-01
   2.4758262e-01
   2.4805220e-01
   2.4852100e-01
   2.4898906e-01
   2.4945639e-01
   2.4992300e-01
   2.5038893e-01
   2.5085418e-01
   2.5131878e-01
   2.5178275e-01
   2.5224609e-01
   2.5270884e-01
   2.5317101e-01
   2.5363261e-01
   2.5409366e-01
   2.5455419e-01
   2.5501420e-01
   2.5547371e-01
   2.5593275e-01
   2.5639132e-01
   2.5684944e-01
   2.5730713e-01
   2.5776440e-01
   2.5822127e-01
   2.5867775e-01
   2.5913386e-01
   2.5958961e-01
   2.6004503e-01
   2.6050011e-01
   2.6095488e-01
   2.6140936e-01
   2.6186354e-01
   2.6231746e-01
   2.6277112e-01
   2.6322454e-01
   2.6367773e-01
   2.6413070e-01
   2.6458347e-01
   2.6503604e-01
   2.6548844e-01
   2.6594068e-01
   2.6639277e-01
   2.6684471e-01
   2.6729653e-01
   2.6774824e-01
   2.6819985e-01
   2.6865136e-01
   2.6910280e-01
   2.6955418e-01
   2.7000550e-01
   2.7045678e-01
   2.7090803e-01
   2.7135926e-01
   2.7181049e-01
   2.7226172e-01
   2.7271297e-01
   2.7316424e-01
   2.7361556e-01
   2.7406692e-01
   2.7451834e-01
   2.7496984e-01
   2.7542142e-01
   2.7587309e-01
   2.7632486e-01
   2.7677675e-01
   2.7722876e-01
   2.7768091e-01
   2.7813320e-01
   2.7858565e-01
   2.7903826e-01
   2.7949105e-01
   2.7994403e-01
   2.8039719e-01
   2.8085057e-01
   2.8130416e-01
   2.8175797e-01
   2.8221202e-01
   2.8266631e-01
   2.8312085e-01
   2.8357565e-01
   2.8403073e-01
   2.8448608e-01
   2.8494173e-01
   2.8539767e-01
   2.8585392e-01
   2.8631049e-01
   2.8676738e-01
   2.8722461e-01
   2.8768218e-01
   2.8814010e-01
   2.8859838e-01
   2.8905702e-01
   2.8951605e-01
   2.8997545e-01
   2.9043525e-01
   2.9089545e-01
   2.9135607e-01
   2.9181709e-01
   2.9227855e-01
   2.9274043e-01
   2.9320276e-01
   2.9366553e-01
   2.9412877e-01
   2.9459246e-01
   2.9505663e-01
   2.9552128e-01
   2.9598641e-01
   2.9645204e-01
   2.9691816e-01
   2.9738480e-01
   2.9785195e-01
   2.9831963e-01
   2.9878784e-01
   2.9925658e-01
   2.9972587e-01
   3.0019570e-01
   3.0066610e-01
   3.0113706e-01
   3.0160859e-01
   3.0208071e-01
   3.0255340e-01
   3.0302669e-01
   3.0350057e-01
   3.0397506e-01
   3.0445016e-01
   3.0492588e-01
   3.0540222e-01
   3.0587919e-01
   3.0635680e-01
   3.0683505e-01
   3.0731395e-01
   3.0779351e-01
   3.0827372e-01
   3.0875460e-01
   3.0923615e-01
   3.0971839e-01
   3.1020130e-01
   3.1068491e-01
   3.1116921e-01
   3.1165422e-01
   3.1213993e-01
   3.1262635e-01
   3.1311350e-01
   3.1360137e-01
   3.1408996e-01
   3.1457930e-01
   3.1506937e-01
   3.1556019e-01
   3.1605176e-01
   3.1654409e-01
   3.1703718e-01
   3.1753104e-01
   3.1802567e-01
   3.1852107e-01
   3.1901726e-01
   3.1951424e-01
   3.2001201e-01
   3.2051058e-01
   3.2100995e-01
   3.2151013e-01
   3.2201112e-01
   3.2251293e-01
   3.2301557e-01
   3.2351903e-01
   3.2402332e-01
   3.2452845e-01
   3.2503442e-01
   3.2554123e-01
   3.2604890e-01
   3.2655743e-01
   3.2706681e-01
   3.2757706e-01
   3.2808818e-01
   3.2860017e-01
   3.2911304e-01
   3.2962680e-01
   3.3014144e-01
   3.3065697e-01
   3.3117340e-01
   3.3169073e-01
   3.3220897e-01
   3.3272811e-01
   3.3324817e-01
   3.3376915e-01
   3.3429105e-01
   3.3481388e-01
   3.3533763e-01
   3.3586232e-01
   3.3638795e-01
   3.3691453e-01
   3.3744205e-01
   3.3797052e-01
   3.3849995e-01
   3.3903034e-01
   3.3956169e-01
   3.4009401e-01
   3.4062730e-01
   3.4116157e-01
   3.4169682e-01
   3.4223305e-01
   3.4277027e-01
   3.4330848e-01
   3.4384769e-01
   3.4438789e-01
   3.4492910e-01
   3.4547132e-01
   3.4601455e-01
   3.4655879e-01
   3.4710405e-01
   3.4765034e-01
   3.4819765e-01
   3.4874599e-01
   3.4929537e-01
   3.4984578e-01
   3.5039724e-01
   3.5094974e-01
   3.5150329e-01
   3.5205789e-01
   3.5261355e-01
   3.5317027e-01
   3.5372806e-01
   3.5428691e-01
   3.5484683e-01
   3.5540783e-01
   3.5596991e-01
   3.5653307e-01
   3.5709731e-01
   3.5766265e-01
   3.5822907e-01
   3.5879660e-01
   3.5936522e-01
   3.5993495e-01
   3.6050579e-01
   3.6107774e-01
   3.6165080e-01
   3.6222498e-01
   3.6280029e-01
   3.6337671e-01
   3.6395427e-01
   3.6453296e-01
   3.6511279e-01
   3.6569375e-01
   3.6627586e-01
   3.6685912e-01
   3.6744352e-01
   3.6802908e-01
   3.6861580e-01
   3.6920368e-01
   3.6979272e-01
   3.7038293e-01
   3.7097431e-01
   3.7156686e-01
   3.7216060e-01
   3.7275551e-01
   3.7335161e-01
   3.7394890e-01
   3.7454738e-01
   3.7514706e-01
   3.7574793e-01
   3.7635001e-01
   3.7695329e-01
   3.7755778e-01
   3.7816349e-01
   3.7877041e-01
   3.7937855e-01
   3.7998792e-01
   3.8059851e-01
   3.8121033e-01
   3.8182339e-01
   3.8243768e-01
   3.8305321e-01
   3.8366999e-01
   3.8428801e-01
   3.8490729e-01
   3.8552782e-01
   3.8614961e-01
   3.8677265e-01
   3.8739697e-01
   3.8802255e-01
   3.8864940e-01
   3.8927753e-01
   3.8990693e-01
   3.9053762e-01
   3.9116959e-01
   3.9180286e-01
   3.9243741e-01
   3.9307326e-01
   3.9371041e-01
   3.9434886e-01
   3.9498862e-01
   3.9562969e-01
   3.9627207e-01
   3.9691576e-01
   3.9756078e-01
   3.9820712e-01
   3.9885479e-01
   3.9950379e-01
   4.0015412e-01
   4.0080579e-01
   4.0145880e-01
   4.0211315e-01
   4.0276885e-01
   4.0342591e-01
   4.0408432e-01
   4.0474408e-01
   4.0540521e-01
   4.0606771e-01
   4.0673157e-01
   4.0739680e-01
   4.0806342e-01
   4.0873141e-01
   4.0940078e-01
   4.1007154e-01
   4.1074369e-01
   4.1141723e-01
   4.1209217e-01
   4.1276851e-01
   4.1344626e-01
   4.1412541e-01
   4.1480598e-01
   4.1548796e-01
   4.1617135e-01
   4.1685617e-01
   4.1754242e-01
   4.1823009e-01
   4.1891920e-01
   4.1960975e-01
   4.2030173e-01
   4.2099516e-01
   4.2169003e-01
   4.2238635e-01
   4.2308413e-01
   4.2378337e-01
   4.2448407e-01
   4.2518623e-01
   4.2588987e-01
   4.2659497e-01
   4.2730155e-01
   4.2800961e-01
   4.2871916e-01
   4.2943019e-01
   4.3014271e-01
   4.3085673e-01
   4.3157224e-01
   4.3228926e-01
   4.3300778e-01
   4.3372782e-01
   4.3444936e-01
   4.3517242e-01
   4.3589700e-01
   4.3662311e-01
   4.3735074e-01
   4.3807990e-01
   4.3881060e-01
   4.3954284e-01
   4.4027662e-01
   4.4101195e-01
   4.4174883e-01
   4.4248726e-01
   4.4322725e-01
   4.4396880e-01
   4.4471192e-01
   4.4545661e-01
   4.4620287e-01
   4.4695070e-01
   4.4770012e-01
   4.4845112e-01
   4.4920371e-01
   4.4995789e-01
   4.5071367e-01
   4.5147104e-01
   4.5223002e-01
   4.5299061e-01
   4.5375281e-01
   4.5451662e-01
   4.5528206e-01
   4.5604911e-01
   4.5681780e-01
   4.5758811e-01
   4.5836006e-01
   4.5913364e-01
   4.5990887e-01
   4.6068575e-01
   4.6146428e-01
   4.6224446e-01
   4.6302630e-01
   4.6380980e-01
   4.6459497e-01
   4.6538180e-01
   4.6617032e-01
   4.6696051e-01
   4.6775238e-01
   4.6854594e-01
   4.6934119e-01
   4.7013813e-01
   4.7093677e-01
   4.7173711e-01
   4.7253916e-01
   4.7334292e-01
   4.7414840e-01
   4.7495559e-01
   4.7576451e-01
   4.7657515e-01
   4.7738752e-01
   4.7820163e-01
   4.7901748e-01
   4.7983507e-01
   4.8065441e-01
   4.8147550e-01
   4.8229834e-01
   4.8312295e-01
   4.8394932e-01
   4.8477745e-01
   4.8560736e-01
   4.8643904e-01
   4.8727251e-01
   4.8810776e-01
   4.8894480e-01
   4.8978363e-01
   4.9062426e-01
   4.9146669e-01
   4.9231093e-01
   4.9315698e-01
   4.9400484e-01
   4.9485452e-01
   4.9570602e-01
   4.9655935e-01
   4.9741451e-01
   4.9827151e-01
   4.9913035e-01
   4.9999103e-01
   5.0085356e-01
   5.0171795e-01
   5.0258419e-01
   5.0345229e-01
   5.0432226e-01
   5.0519410e-01
   5.0606782e-01
   5.0694341e-01
   5.0782089e-01
   5.0870026e-01
   5.0958152e-01
   5.1046467e-01
   5.1134973e-01
   5.1223669e-01
   5.1312557e-01
   5.1401636e-01
   5.1490907e-01
   5.1580370e-01
   5.1670026e-01
   5.1759875e-01
   5.1849918e-01
   5.1940155e-01
   5.2030587e-01
   5.2121214e-01
   5.2212036e-01
   5.2303055e-01
   5.2394270e-01
   5.2485682e-01
   5.2577291e-01
   5.2669098e-01
   5.2761103e-01
   5.2853307e-01
   5.2945711e-01
   5.3038314e-01
   5.3131117e-01
   5.3224121e-01
   5.3317326e-01
   5.3410732e-01
   5.3504340e-01
   5.3598151e-01
   5.3692165e-01
   5.3786383e-01
   5.3880804e-01
   5.3975430e-01
   5.4070260e-01
   5.4165296e-01
   5.4260538e-01
   5.4355985e-01
   5.4451640e-01
   5.4547502e-01
   5.4643572e-01
   5.4739850e-01
   5.4836336e-01
   5.4933032e-01
   5.5029938e-01
   5.5127053e-01
   5.5224380e-01
   5.5321917e-01
   5.5419666e-01
   5.5517627e-01
   5.5615801e-01
   5.5714188e-01
   5.5812788e-01
   5.5911603e-01
   5.6010632e-01
   5.6109876e-01
   5.6209336e-01
   5.6309012e-01
   5.6408905e-01
   5.6509014e-01
   5.6609342e-01
   5.6709887e-01
   5.6810651e-01
   5.6911634e-01
   5.7012837e-01
   5.7114260e-01
   5.7215903e-01
   5.7317768e-01
   5.7419854e-01
   5.7522162e-01
   5.7624694e-01
   5.7727448e-01
   5.7830426e-01
   5.7933629e-01
   5.8037056e-01
   5.8140708e-01
   5.8244587e-01
   5.8348691e-01
   5.8453023e-01
   5.8557582e-01
   5.8662369e-01
   5.8767384e-01
   5.8872629e-01
   5.8978102e-01
   5.9083806e-01
   5.9189741e-01
   5.9295906e-01
   5.9402304e-01
   5.9508933e-01
   5.9615795e-01
   5.9722891e-01
   5.9830220e-01
   5.9937784e-01
   6.0045582e-01
   6.0153617e-01
   6.0261887e-01
   6.0370393e-01
   6.0479137e-01
   6.0588118e-01
   6.0697338e-01
   6.0806796e-01
   6.0916494e-01
   6.1026431e-01
   6.1136609e-01
   6.1247028e-01
   6.1357689e-01
   6.1468591e-01
   6.1579737e-01
   6.1691125e-01
   6.1802757e-01
   6.1914634e-01
   6.2026756e-01
   6.2139123e-01
   6.2251736e-01
   6.2364596e-01
   6.2477703e-01
   6.2591058e-01
   6.2704662e-01
   6.2818514e-01
   6.2932616e-01
   6.3046968e-01
   6.3161571e-01
   6.3276425e-01
   6.3391531e-01
   6.3506890e-01
   6.3622501e-01
   6.3738367e-01
   6.3854486e-01
   6.3970860e-01
   6.4087490e-01
   6.4204376e-01
   6.4321519e-01
   6.4438918e-01
   6.4556576e-01
   6.4674492e-01
   6.4792667e-01
   6.4911102e-01
   6.5029797e-01
   6.5148753e-01
   6.5267971e-01
   6.5387451e-01
   6.5507193e-01
   6.5627199e-01
   6.5747468e-01
   6.5868003e-01
   6.5988802e-01
   6.6109868e-01
   6.6231199e-01
   6.6352798e-01
   6.6474665e-01
   6.6596800e-01
   6.6719204e-01
   6.6841878e-01
   6.6964821e-01
   6.7088036e-01
   6.7211523e-01
   6.7335281e-01
   6.7459312e-01
   6.7583617e-01
   6.7708196e-01
   6.7833050e-01
   6.7958179e-01
   6.8083584e-01
   6.8209266e-01
   6.8335225e-01
   6.8461462e-01
   6.8587978e-01
   6.8714773e-01
   6.8841849e-01
   6.8969204e-01
   6.9096842e-01
   6.9224761e-01
   6.9352963e-01
   6.9481449e-01
   6.9610218e-01
   6.9739272e-01
   6.9868612e-01
   6.9998237e-01
   7.0128150e-01
   7.0258349e-01
   7.0388837e-01
   7.0519614e-01
   7.0650680e-01
   7.0782037e-01
   7.0913684e-01
   7.1045623e-01
   7.1177854e-01
   7.1310378e-01
   7.1443196e-01
   7.1576309e-01
   7.1709716e-01
   7.1843419e-01
   7.1977419e-01
   7.2111716e-01
   7.2246311e-01
   7.2381204e-01
   7.2516397e-01
   7.2651890e-01
   7.2787684e-01
   7.2923780e-01
   7.3060178e-01
   7.3196878e-01
   7.3333883e-01
   7.3471192e-01
   7.3608806e-01
   7.3746727e-01
   7.3884954e-01
   7.4023488e-01
   7.4162331e-01
   7.4301482e-01
   7.4440944e-01
   7.4580715e-01
   7.4720798e-01
   7.4861193e-01
   7.5001901e-01
   7.5142922e-01
   7.5284258e-01
   7.5425908e-01
   7.5567875e-01
   7.5710157e-01
   7.5852758e-01
   7.5995676e-01
   7.6138913e-01
   7.6282470e-01
   7.6426348e-01
   7.6570546e-01
   7.6715067e-01
   7.6859911e-01
   7.7005078e-01
   7.7150570e-01
   7.7296387e-01
   7.7442530e-01
   7.7588999e-01
   7.7735797e-01
   7.7882923e-01
   7.8030378e-01
   7.8178163e-01
   7.8326280e-01
   7.8474728e-01
   7.8623508e-01
   7.8772622e-01
   7.8922071e-01
   7.9071854e-01
   7.9221973e-01
   7.9372429e-01
   7.9523222e-01
   7.9674354e-01
   7.9825825e-01
   7.9977637e-01
   8.0129789e-01
   8.0282283e-01
   8.0435120e-01
   8.0588300e-01
   8.0741825e-01
   8.0895695e-01
   8.1049911e-01
   8.1204474e-01
   8.1359385e-01
   8.1514644e-01
   8.1670254e-01
   8.1826214e-01
   8.1982525e-01
   8.2139189e-01
   8.2296206e-01
   8.2453577e-01
   8.2611303e-01
   8.2769385e-01
   8.2927824e-01
   8.3086620e-01
   8.3245775e-01
   8.3405290e-01
   8.3565165e-01
   8.3725402e-01
   8.3886001e-01
   8.4046963e-01
   8.4208289e-01
   8.4369980e-01
   8.4532038e-01
   8.4694463e-01
   8.4857255e-01
   8.5020416e-01
   8.5183948e-01
   8.5347850e-01
   8.5512124e-01
   8.5676770e-01
   8.5841790e-01
   8.6007185e-01
   8.6172956e-01
   8.6339103e-01
   8.6505628e-01
   8.6672531e-01
   8.6839814e-01
   8.7007478e-01
   8.7175523e-01
   8.7343951e-01
   8.7512762e-01
   8.7681958e-01
   8.7851539e-01
   8.8021507e-01
   8.8191863e-01
   8.8362607e-01
   8.8533741e-01
   8.8705265e-01
   8.8877182e-01
   8.9049491e-01
   8.9222193e-01
   8.9395291e-01
   8.9568785e-01
   8.9742675e-01
   8.9916964e-01
   9.0091651e-01
   9.0266739e-01
   9.0442228e-01
   9.0618119e-01
   9.0794413e-01
   9.0971112e-01
   9.1148217e-01
   9.1325728e-01
   9.1503646e-01
   9.1681974e-01
   9.1860711e-01
   9.2039859e-01
   9.2219420e-01
   9.2399394e-01
   9.2579782e-01
   9.2760585e-01
   9.2941805e-01
   9.3123443e-01
   9.3305500e-01
   9.3487976e-01
   9.3670874e-01
   9.3854194e-01
   9.4037937e-01
   9.4222106e-01
   9.4406699e-01
   9.4591720e-01
   9.4777169e-01
   9.4963047e-01
   9.5149356e-01
   9.5336096e-01
   9.5523270e-01
   9.5710877e-01
   9.5898919e-01
   9.6087398e-01
   9.6276315e-01
   9.6465670e-01
   9.6655466e-01
   9.6845702e-01
   9.7036382e-01
   9.7227505e-01
   9.7419073e-01
   9.7611088e-01
   9.7803550e-01
   9.7996461e-01
   9.8189821e-01
   9.8383634e-01
   9.8577898e-01
   9.8772617e-01
   9.8967791e-01
   9.9163421e-01
   9.9359509e-01
   9.9556055e-01
   9.9753063e-01
   9.9950531e-01
   1.0014846e+00
   1.0034686e+00
   1.0054572e+00
   1.0074505e+00
   1.0094485e+00
   1.0114511e+00
   1.0134585e+00
   1.0154706e+00
   1.0174874e+00
   1.0195090e+00
   1.0215354e+00
   1.0235665e+00
   1.0256024e+00
   1.0276431e+00
   1.0296886e+00
   1.0317390e+00
   1.0337942e+00
   1.0358543e+00
   1.0379193e+00
   1.0399891e+00
   1.0420639e+00
   1.0441435e+00
   1.0462281e+00
   1.0483177e+00
   1.0504122e+00
   1.0525117e+00
   1.0546162e+00
   1.0567257e+00
   1.0588402e+00
   1.0609597e+00
   1.0630843e+00
   1.0652139e+00
   1.0673487e+00
   1.0694885e+00
   1.0716335e+00
   1.0737835e+00
   1.0759387e+00
   1.0780991e+00
   1.0802646e+00
   1.0824354e+00
   1.0846113e+00
   1.0867924e+00
   1.0889788e+00
   1.0911705e+00
   1.0933674e+00
   1.0955696e+00
   1.0977770e+00
   1.0999898e+00
   1.1022080e+00
   1.1044314e+00
   1.1066603e+00
   1.1088945e+00
   1.1111341e+00
   1.1133791e+00
   1.1156296e+00
   1.1178855e+00
   1.1201468e+00
   1.1224137e+00
   1.1246860e+00
   1.1269639e+00
   1.1292472e+00
   1.1315362e+00
   1.1338307e+00
   1.1361307e+00
   1.1384364e+00
   1.1407477e+00
   1.1430646e+00
   1.1453872e+00
   1.1477154e+00
   1.1500494e+00
   1.1523890e+00
   1.1547344e+00
   1.1570855e+00
   1.1594423e+00
   1.1618050e+00
   1.1641734e+00
   1.1665476e+00
   1.1689277e+00
   1.1713137e+00
   1.1737055e+00
   1.1761031e+00
   1.1785067e+00
   1.1809163e+00
   1.1833317e+00
   1.1857532e+00
   1.1881806e+00
   1.1906140e+00
   1.1930534e+00
   1.1954989e+00
   1.1979504e+00
   1.2004081e+00
   1.2028718e+00
   1.2053416e+00
   1.2078176e+00
   1.2102997e+00
   1.2127880e+00
   1.2152826e+00
   1.2177833e+00
   1.2202903e+00
   1.2228035e+00
   1.2253230e+00
   1.2278488e+00
   1.2303810e+00
   1.2329195e+00
   1.2354643e+00
   1.2380156e+00
   1.2405732e+00
   1.2431373e+00
   1.2457078e+00
   1.2482848e+00
   1.2508683e+00
   1.2534583e+00
   1.2560548e+00
   1.2586579e+00
   1.2612676e+00
   1.2638838e+00
   1.2665067e+00
   1.2691363e+00
   1.2717725e+00
   1.2744154e+00
   1.2770650e+00
   1.2797214e+00
   1.2823845e+00
   1.2850544e+00
   1.2877311e+00
   1.2904146e+00
   1.2931050e+00
   1.2958022e+00
   1.2985064e+00
   1.3012175e+00
   1.3039355e+00
   1.3066605e+00
   1.3093925e+00
   1.3121315e+00
   1.3148775e+00
   1.3176307e+00
   1.3203909e+00
   1.3231582e+00
   1.3259327e+00
   1.3287143e+00
   1.3315031e+00
   1.3342992e+00
   1.3371025e+00
   1.3399130e+00
   1.3427309e+00
   1.3455560e+00
   1.3483885e+00
   1.3512284e+00
   1.3540757e+00
   1.3569304e+00
   1.3597925e+00
   1.3626621e+00
   1.3655392e+00
   1.3684239e+00
   1.3713161e+00
   1.3742159e+00
   1.3771233e+00
   1.3800383e+00
   1.3829610e+00
   1.3858914e+00
   1.3888295e+00
   1.3917753e+00
   1.3947290e+00
   1.3976904e+00
   1.4006597e+00
   1.4036368e+00
   1.4066218e+00
   1.4096147e+00
   1.4126156e+00
   1.4156244e+00
   1.4186413e+00
   1.4216662e+00
   1.4246991e+00
   1.4277402e+00
   1.4307893e+00
   1.4338466e+00
   1.4369121e+00
   1.4399858e+00
   1.4430678e+00
   1.4461580e+00
   1.4492565e+00
   1.4523634e+00
   1.4554786e+00
   1.4586023e+00
   1.4617343e+00
   1.4648749e+00
   1.4680239e+00
   1.4711814e+00
   1.4743475e+00
   1.4775222e+00
   1.4807055e+00
   1.4838974e+00
   1.4870981e+00
   1.4903074e+00
   1.4935255e+00
   1.4967524e+00
   1.4999881e+00
   1.5032327e+00
   1.5064862e+00
   1.5097485e+00
   1.5130199e+00
   1.5163002e+00
   1.5195895e+00
   1.5228879e+00
   1.5261954e+00
   1.5295121e+00
   1.5328378e+00
   1.5361728e+00
   1.5395171e+00
   1.5428705e+00
   1.5462333e+00
   1.5496055e+00
   1.5529870e+00
   1.5563780e+00
   1.5597783e+00
   1.5631882e+00
   1.5666076e+00
   1.5700366e+00
   1.5734752e+00
   1.5769234e+00
   1.5803813e+00
   1.5838489e+00
   1.5873263e+00
   1.5908135e+00
   1.5943105e+00
   1.5978173e+00
   1.6013341e+00
   1.6048608e+00
   1.6083976e+00
   1.6119443e+00
   1.6155012e+00
   1.6190681e+00
   1.6226452e+00
   1.6262325e+00
   1.6298300e+00
   1.6334378e+00
   1.6370559e+00
   1.6406844e+00
   1.6443233e+00
   1.6479726e+00
   1.6516325e+00
   1.6553028e+00
   1.6589837e+00
   1.6626753e+00
   1.6663775e+00
   1.6700904e+00
   1.6738140e+00
   1.6775485e+00
   1.6812937e+00
   1.6850499e+00
   1.6888170e+00
   1.6925950e+00
   1.6963841e+00
   1.7001843e+00
   1.7039955e+00
   1.7078179e+00
   1.7116515e+00
   1.7154964e+00
   1.7193526e+00
   1.7232201e+00
   1.7270989e+00
   1.7309893e+00
   1.7348911e+00
   1.7388045e+00
   1.7427294e+00
   1.7466660e+00
   1.7506142e+00
   1.7545742e+00
   1.7585460e+00
   1.7625296e+00
   1.7665251e+00
   1.7705326e+00
   1.7745520e+00
   1.7785834e+00
   1.7826270e+00
   1.7866827e+00
   1.7907505e+00
   1.7948307e+00
   1.7989231e+00
   1.8030279e+00
   1.8071451e+00
   1.8112747e+00
   1.8154169e+00
   1.8195716e+00
   1.8237389e+00
   1.8279190e+00
   1.8321117e+00
   1.8363173e+00
   1.8405357e+00
   1.8447670e+00
   1.8490112e+00
   1.8532685e+00
   1.8575389e+00
   1.8618224e+00
   1.8661190e+00
   1.8704289e+00
   1.8747522e+00
   1.8790887e+00
   1.8834388e+00
   1.8878023e+00
   1.8921793e+00
   1.8965700e+00
   1.9009743e+00
   1.9053923e+00
   1.9098242e+00
   1.9142698e+00
   1.9187294e+00
   1.9232030e+00
   1.9276906e+00
   1.9321924e+00
   1.9367082e+00
   1.9412384e+00
   1.9457828e+00
   1.9503416e+00
   1.9549148e+00
   1.9595025e+00
   1.9641047e+00
   1.9687216e+00
   1.9733532e+00
   1.9779995e+00
   1.9826607e+00
   1.9873367e+00
   1.9920277e+00
   1.9967338e+00
   2.0014550e+00
   2.0061913e+00
   2.0109429e+00
   2.0157097e+00
   2.0204920e+00
   2.0252898e+00
   2.0301030e+00
   2.0349319e+00
   2.0397764e+00
   2.0446367e+00
   2.0495128e+00
   2.0544048e+00
   2.0593128e+00
   2.0642368e+00
   2.0691769e+00
   2.0741333e+00
   2.0791059e+00
   2.0840948e+00
   2.0891002e+00
   2.0941221e+00
   2.0991606e+00
   2.1042158e+00
   2.1092876e+00
   2.1143764e+00
   2.1194820e+00
   2.1246046e+00
   2.1297442e+00
   2.1349010e+00
   2.1400751e+00
   2.1452665e+00
   2.1504752e+00
   2.1557014e+00
   2.1609452e+00
   2.1662067e+00
   2.1714859e+00
   2.1767829e+00
   2.1820978e+00
   2.1874307e+00
   2.1927817e+00
   2.1981509e+00
   2.2035383e+00
   2.2089441e+00
   2.2143683e+00
   2.2198110e+00
   2.2252724e+00
   2.2307524e+00
   2.2362513e+00
   2.2417691e+00
   2.2473059e+00
   2.2528617e+00
   2.2584367e+00
   2.2640310e+00
   2.2696447e+00
   2.2752778e+00
   2.2809305e+00
   2.2866029e+00
   2.2922950e+00
   2.2980069e+00
   2.3037389e+00
   2.3094908e+00
   2.3152630e+00
   2.3210554e+00
   2.3268681e+00
   2.3327013e+00
   2.3385551e+00
   2.3444295e+00
   2.3503247e+00
   2.3562408e+00
   2.3621779e+00
   2.3681360e+00
   2.3741154e+00
   2.3801160e+00
   2.3861381e+00
   2.3921817e+00
   2.3982469e+00
   2.4043338e+00
   2.4104427e+00
   2.4165734e+00
   2.4227263e+00
   2.4289013e+00
   2.4350987e+00
   2.4413184e+00
   2.4475607e+00
   2.4538257e+00
   2.4601134e+00
   2.4664240e+00
   2.4727576e+00
   2.4791143e+00
   2.4854942e+00
   2.4918976e+00
   2.4983244e+00
   2.5047748e+00
   2.5112489e+00
   2.5177469e+00
   2.5242689e+00
   2.5308149e+00
   2.5373852e+00
   2.5439799e+00
   2.5505990e+00
   2.5572428e+00
   2.5639113e+00
   2.5706046e+00
   2.5773230e+00
   2.5840665e+00
   2.5908352e+00
   2.5976294e+00
   2.6044491e+00
   2.6112945e+00
   2.6181656e+00
   2.6250627e+00
   2.6319859e+00
   2.6389353e+00
   2.6459111e+00
   2.6529134e+00
   2.6599423e+00
   2.6669980e+00
   2.6740806e+00
   2.6811903e+00
   2.6883271e+00
   2.6954914e+00
   2.7026832e+00
   2.7099026e+00
   2.7171498e+00
   2.7244250e+00
   2.7317283e+00
   2.7390598e+00
   2.7464197e+00
   2.7538082e+00
   2.7612255e+00
   2.7686716e+00
   2.7761467e+00
   2.7836510e+00
   2.7911846e+00
   2.7987478e+00
   2.8063406e+00
   2.8139632e+00
   2.8216159e+00
   2.8292986e+00
   2.8370117e+00
   2.8447553e+00
   2.8525295e+00
   2.8603346e+00
   2.8681706e+00
   2.8760378e+00
   2.8839363e+00
   2.8918663e+00
   2.8998279e+00
   2.9078215e+00
   2.9158470e+00
   2.9239047e+00
   2.9319949e+00
   2.9401175e+00
   2.9482729e+00
   2.9564612e+00
   2.9646826e+00
   2.9729373e+00
   2.9812255e+00
   2.9895473e+00
   2.9979029e+00
   3.0062926e+00
   3.0147165e+00
   3.0231747e+00
   3.0316676e+00
   3.0401953e+00
   3.0487579e+00
   3.0573558e+00
   3.0659890e+00
   3.0746577e+00
   3.0833623e+00
   3.0921028e+00
   3.1008795e+00
   3.1096925e+00
   3.1185422e+00
   3.1274286e+00
   3.1363520e+00
   3.1453126e+00
   3.1543106e+00
   3.1633462e+00
   3.1724197e+00
   3.1815312e+00
   3.1906810e+00
   3.1998692e+00
   3.2090961e+00
   3.2183620e+00
   3.2276669e+00
   3.2370112e+00
   3.2463951e+00
   3.2558188e+00
   3.2652825e+00
   3.2747864e+00
   3.2843308e+00
   3.2939160e+00
   3.3035420e+00
   3.3132092e+00
   3.3229179e+00
   3.3326681e+00
   3.3424602e+00
   3.3522945e+00
   3.3621711e+00
   3.3720903e+00
   3.3820523e+00
   3.3920574e+00
   3.4021058e+00
   3.4121978e+00
   3.4223336e+00
   3.4325134e+00
   3.4427376e+00
   3.4530064e+00
   3.4633200e+00
   3.4736786e+00
   3.4840826e+00
   3.4945322e+00
   3.5050277e+00
   3.5155693e+00
   3.5261572e+00
   3.5367918e+00
   3.5474734e+00
   3.5582021e+00
   3.5689782e+00
   3.5798021e+00
   3.5906740e+00
   3.6015942e+00
   3.6125629e+00
   3.6235804e+00
   3.6346471e+00
   3.6457631e+00
   3.6569288e+00
   3.6681445e+00
   3.6794104e+00
   3.6907268e+00
   3.7020941e+00
   3.7135124e+00
   3.7249822e+00
   3.7365037e+00
   3.7480771e+00
   3.7597029e+00
   3.7713812e+00
   3.7831124e+00
   3.7948968e+00
   3.8067348e+00
   3.8186265e+00
   3.8305723e+00
   3.8425726e+00
   3.8546276e+00
   3.8667376e+00
   3.8789031e+00
   3.8911242e+00
   3.9034012e+00
   3.9157346e+00
   3.9281247e+00
   3.9405717e+00
   3.9530760e+00
   3.9656379e+00
   3.9782578e+00
   3.9909359e+00
   4.0036727e+00
   4.0164684e+00
   4.0293234e+00
   4.0422379e+00
   4.0552125e+00
   4.0682473e+00
   4.0813428e+00
   4.0944993e+00
   4.1077171e+00
   4.1209966e+00
   4.1343381e+00
   4.1477420e+00
   4.1612087e+00
   4.1747384e+00
   4.1883316e+00
   4.2019886e+00
   4.2157098e+00
   4.2294955e+00
   4.2433461e+00
   4.2572620e+00
   4.2712435e+00
   4.2852910e+00
   4.2994049e+00
   4.3135856e+00
   4.3278334e+00
   4.3421486e+00
   4.3565318e+00
   4.3709833e+00
   4.3855033e+00
   4.4000925e+00
   4.4147510e+00
   4.4294794e+00
   4.4442779e+00
   4.4591470e+00
   4.4740872e+00
   4.4890987e+00
   4.5041819e+00
   4.5193374e+00
   4.5345654e+00
   4.5498664e+00
   4.5652408e+00
   4.5806890e+00
   4.5962114e+00
   4.6118084e+00
   4.6274804e+00
   4.6432278e+00
   4.6590511e+00
   4.6749507e+00
   4.6909269e+00
   4.7069802e+00
   4.7231111e+00
   4.7393199e+00
   4.7556071e+00
   4.7719731e+00
   4.7884183e+00
   4.8049431e+00
   4.8215481e+00
   4.8382336e+00
   4.8550000e+00
   4.8718478e+00
   4.8887775e+00
   4.9057894e+00
   4.9228841e+00
   4.9400619e+00
   4.9573233e+00
   4.9746688e+00
   4.9920988e+00
   5.0096137e+00
   5.0272140e+00
   5.0449002e+00
   5.0626726e+00
   5.0805319e+00
   5.0984783e+00
   5.1165125e+00
   5.1346347e+00
   5.1528456e+00
   5.1711455e+00
   5.1895350e+00
   5.2080145e+00
   5.2265844e+00
   5.2452452e+00
   5.2639975e+00
   5.2828416e+00
   5.3017781e+00
   5.3208074e+00
   5.3399299e+00
   5.3591463e+00
   5.3784569e+00
   5.3978622e+00
   5.4173628e+00
   5.4369590e+00
   5.4566514e+00
   5.4764404e+00
   5.4963267e+00
   5.5163105e+00
   5.5363924e+00
   5.5565730e+00
   5.5768527e+00
   5.5972319e+00
   5.6177112e+00
   5.6382911e+00
   5.6589721e+00
   5.6797546e+00
   5.7006392e+00
   5.7216263e+00
   5.7427165e+00
   5.7639103e+00
   5.7852081e+00
   5.8066104e+00
   5.8281178e+00
   5.8497308e+00
   5.8714498e+00
   5.8932754e+00
   5.9152081e+00
   5.9372483e+00
   5.9593966e+00
   5.9816535e+00
   6.0040195e+00
   6.0264952e+00
   6.0490809e+00
   6.0717772e+00
   6.0945847e+00
   6.1175039e+00
   6.1405352e+00
   6.1636792e+00
   6.1869363e+00
   6.2103072e+00
   6.2337923e+00
   6.2573921e+00
   6.2811071e+00
   6.3049379e+00
   6.3288850e+00
   6.3529489e+00
   6.3771300e+00
   6.4014290e+00
   6.4258464e+00
   6.4503826e+00
   6.4750382e+00
   6.4998136e+00
   6.5247095e+00
   6.5497263e+00
   6.5748646e+00
   6.6001249e+00
   6.6255076e+00
   6.6510134e+00
   6.6766427e+00
   6.7023960e+00
   6.7282739e+00
   6.7542769e+00
   6.7804056e+00
   6.8066604e+00
   6.8330418e+00
   6.8595504e+00
   6.8861867e+00
   6.9129512e+00
   6.9398445e+00
   6.9668671e+00
   6.9940194e+00
   7.0213021e+00
   7.0487155e+00
   7.0762604e+00
   7.1039371e+00
   7.1317462e+00
   7.1596882e+00
   7.1877637e+00
   7.2159731e+00
   7.2443171e+00
   7.2727960e+00
   7.3014105e+00
   7.3301610e+00
   7.3590481e+00
   7.3880723e+00
   7.4172341e+00
   7.4465340e+00
   7.4759726e+00
   7.5055504e+00
   7.5352680e+00
   7.5651257e+00
   7.5951242e+00
   7.6252640e+00
   7.6555455e+00
   7.6859694e+00
   7.7165362e+00
   7.7472463e+00
   7.7781002e+00
   7.8090986e+00
   7.8402420e+00
   7.8715307e+00
   7.9029655e+00
   7.9345467e+00
   7.9662750e+00
   7.9981508e+00
   8.0301747e+00
   8.0623472e+00
   8.0946688e+00
   8.1271400e+00
   8.1597614e+00
   8.1925334e+00
   8.2254567e+00
   8.2585317e+00
   8.2917589e+00
   8.3251390e+00
   8.3586723e+00
   8.3923595e+00
   8.4262010e+00
   8.4601974e+00
   8.4943492e+00
   8.5286569e+00
   8.5631211e+00
   8.5977422e+00
   8.6325209e+00
   8.6674576e+00
   8.7025528e+00
   8.7378071e+00
   8.7732211e+00
   8.8087952e+00
   8.8445299e+00
   8.8804259e+00
   8.9164835e+00
   8.9527035e+00
   8.9890862e+00
   9.0256322e+00
   9.0623420e+00
   9.0992162e+00
   9.1362553e+00
   9.1734599e+00
   9.2108304e+00
   9.2483674e+00
   9.2860714e+00
   9.3239429e+00
   9.3619825e+00
   9.4001908e+00
   9.4385682e+00
   9.4771152e+00
   9.5158325e+00
   9.5547205e+00
   9.5937797e+00
   9.6330108e+00
   9.6724142e+00
   9.7119904e+00
   9.7517400e+00
   9.7916636e+00
   9.8317616e+00
   9.8720345e+00
   9.9124830e+00
   9.9531075e+00
   9.9939086e+00
   1.0034887e+01
   1.0076042e+01
   1.0117376e+01
   1.0158889e+01
   1.0200581e+01
   1.0242452e+01
   1.0284504e+01
   1.0326736e+01
   1.0369150e+01
   1.0411745e+01
   1.0454523e+01
   1.0497484e+01
   1.0540628e+01
   1.0583955e+01
   1.0627467e+01
   1.0671164e+01
   1.0715047e+01
   1.0759115e+01
   1.0803369e+01
   1.0847810e+01
   1.0892439e+01
   1.0937255e+01
   1.0982260e+01
   1.1027453e+01
   1.1072836e+01
   1.1118408e+01
   1.1164171e+01
   1.1210124e+01
   1.1256268e+01
   1.1302604e+01
   1.1349132e+01
   1.1395852e+01
   1.1442765e+01
   1.1489871e+01
   1.1537171e+01
   1.1584665e+01
   1.1632354e+01
   1.1680238e+01
   1.1728317e+01
   1.1776591e+01
   1.1825062e+01
   1.1873729e+01
   1.1922593e+01
   1.1971654e+01
   1.2020913e+01
   1.2070370e+01
   1.2120024e+01
   1.2169877e+01
   1.2219929e+01
   1.2270180e+01
   1.2320630e+01
   1.2371280e+01
   1.2422130e+01
   1.2473179e+01
   1.2524429e+01
   1.2575880e+01
   1.2627531e+01
   1.2679383e+01
   1.2731436e+01
   1.2783691e+01
   1.2836147e+01
   1.2888804e+01
   1.2941663e+01
   1.2994723e+01
   1.3047985e+01
   1.3101449e+01
   1.3155115e+01
   1.3208983e+01
   1.3263052e+01
   1.3317323e+01
   1.3371797e+01
   1.3426471e+01
   1.3481348e+01
   1.3536425e+01
   1.3591705e+01
   1.3647185e+01
   1.3702867e+01
   1.3758749e+01
   1.3814832e+01
   1.3871115e+01
   1.3927599e+01
   1.3984282e+01
   1.4041165e+01
   1.4098247e+01
   1.4155528e+01
   1.4213007e+01
   1.4270684e+01
   1.4328558e+01
   1.4386630e+01
   1.4444898e+01
   1.4503362e+01
   1.4562021e+01
   1.4620875e+01
   1.4679923e+01
   1.4739165e+01
   1.4798599e+01
   1.4858225e+01
   1.4918043e+01
   1.4978051e+01
   1.5038248e+01
   1.5098634e+01
   1.5159208e+01
   1.5219969e+01
   1.5280916e+01
   1.5342048e+01
   1.5403364e+01
   1.5464863e+01
   1.5526543e+01
   1.5588404e+01
   1.5650444e+01
   1.5712662e+01
   1.5775057e+01
   1.5837628e+01
   1.5900372e+01
   1.5963290e+01
   1.6026379e+01
   1.6089638e+01
   1.6153065e+01
   1.6216659e+01
   1.6280419e+01
   1.6344342e+01
   1.6408427e+01
   1.6472672e+01
   1.6537076e+01
   1.6601637e+01
   1.6666353e+01
   1.6731221e+01
   1.6796241e+01
   1.6861409e+01
   1.6926725e+01
   1.6992186e+01
   1.7057790e+01
   1.7123535e+01
   1.7189418e+01
   1.7255438e+01
   1.7321592e+01
   1.7387878e+01
   1.7454293e+01
   1.7520835e+01
   1.7587502e+01
   1.7654291e+01
   1.7721199e+01
   1.7788225e+01
   1.7855365e+01
   1.7922616e+01
   1.7989976e+01
   1.8057443e+01
   1.8125013e+01
   1.8192683e+01
   1.8260451e+01
   1.8328313e+01
   1.8396267e+01
   1.8464310e+01
   1.8532438e+01
   1.8600649e+01
   1.8668938e+01
   1.8737304e+01
   1.8805742e+01
   1.8874250e+01
   1.8942823e+01
   1.9011460e+01
   1.9080155e+01
   1.9148906e+01
   1.9217708e+01
   1.9286560e+01
   1.9355456e+01
   1.9424393e+01
   1.9493368e+01
   1.9562376e+01
   1.9631415e+01
   1.9700479e+01
   1.9769565e+01
   1.9838669e+01
   1.9907788e+01
   1.9976916e+01
   2.0046051e+01
   2.0115187e+01
   2.0184321e+01
   2.0253449e+01
   2.0322565e+01
   2.0391667e+01
   2.0460749e+01
   2.0529808e+01
   2.0598838e+01
   2.0667836e+01
   2.0736796e+01
   2.0805715e+01
   2.0874587e+01
   2.0943408e+01
   2.1012174e+01
   2.1080879e+01
   2.1149519e+01
   2.1218089e+01
   2.1286584e+01
   2.1355000e+01
   2.1423331e+01
   2.1491573e+01
   2.1559720e+01
   2.1627767e+01
   2.1695710e+01
   2.1763543e+01
   2.1831261e+01
   2.1898859e+01
   2.1966332e+01
   2.2033674e+01
   2.2100881e+01
   2.2167946e+01
   2.2234865e+01
   2.2301632e+01
   2.2368241e+01
   2.2434688e+01
   2.2500966e+01
   2.2567070e+01
   2.2632995e+01
   2.2698735e+01
   2.2764284e+01
   2.2829637e+01
   2.2894788e+01
   2.2959731e+01
   2.3024460e+01
   2.3088970e+01
   2.3153255e+01
   2.3217309e+01
   2.3281126e+01
   2.3344701e+01
   2.3408026e+01
   2.3471097e+01
   2.3533907e+01
   2.3596451e+01
   2.3658721e+01
   2.3720713e+01
   2.3782420e+01
   2.3843836e+01
   2.3904955e+01
   2.3965771e+01
   2.4026277e+01
   2.4086467e+01
   2.4146335e+01
   2.4205875e+01
   2.4265081e+01
   2.4323946e+01
   2.4382464e+01
   2.4440628e+01
   2.4498432e+01
   2.4555871e+01
   2.4612937e+01
   2.4669624e+01
   2.4725925e+01
   2.4781835e+01
   2.4837347e+01
   2.4892454e+01
   2.4947150e+01
   2.5001428e+01
   2.5055282e+01
   2.5108705e+01
   2.5161692e+01
   2.5214234e+01
   2.5266327e+01
   2.5317962e+01
   2.5369134e+01
   2.5419837e+01
   2.5470063e+01
   2.5519806e+01
   2.5569059e+01
   2.5617816e+01
   2.5666071e+01
   2.5713816e+01
   2.5761045e+01
   2.5807752e+01
   2.5853929e+01
   2.5899571e+01
   2.5944671e+01
   2.5989222e+01
   2.6033217e+01
   2.6076651e+01
   2.6119516e+01
   2.6161806e+01
   2.6203514e+01
   2.6244634e+01
   2.6285159e+01
   2.6325083e+01
   2.6364400e+01
   2.6403102e+01
   2.6441183e+01
   2.6478638e+01
   2.6515458e+01
   2.6551639e+01
   2.6587173e+01
   2.6622054e+01
   2.6656275e+01
   2.6689831e+01
   2.6722715e+01
   2.6754921e+01
   2.6786442e+01
   2.6817272e+01
   2.6847404e+01
   2.6876834e+01
   2.6905553e+01
   2.6933557e+01
   2.6960839e+01
   2.6987393e+01
   2.7013213e+01
   2.7038292e+01
   2.7062625e+01
   2.7086206e+01
   2.7109029e+01
   2.7131088e+01
   2.7152377e+01
   2.7172890e+01
   2.7192622e+01
   2.7211566e+01
   2.7229718e+01
   2.7247071e+01
   2.7263619e+01
   2.7279358e+01
   2.7294281e+01
   2.7308384e+01
   2.7321660e+01
   2.7334105e+01
   2.7345713e+01
   2.7356478e+01
   2.7366397e+01
   2.7375462e+01
   2.7383671e+01
   2.7391016e+01
   2.7397494e+01
   2.7403100e+01
   2.7407828e+01
   2.7411674e+01
   2.7414633e+01
   2.7416701e+01
   2.7417873e+01
   2.7418144e+01
   2.7417511e+01
   2.7415968e+01
   2.7413511e+01
   2.7410137e+01
   2.7405841e+01
   2.7400619e+01
   2.7394468e+01
   2.7387382e+01
   2.7379359e+01
   2.7370395e+01
   2.7360486e+01
   2.7349629e+01
   2.7337820e+01
   2.7325056e+01
   2.7311334e+01
   2.7296650e+01
   2.7281001e+01
   2.7264385e+01
   2.7246799e+01
   2.7228240e+01
   2.7208705e+01
   2.7188192e+01
   2.7166698e+01
   2.7144221e+01
   2.7120759e+01
   2.7096310e+01
   2.7070872e+01
   2.7044443e+01
   2.7017021e+01
   2.6988605e+01
   2.6959193e+01
   2.6928783e+01
   2.6897375e+01
   2.6864968e+01
   2.6831560e+01
   2.6797151e+01
   2.6761740e+01
   2.6725327e+01
   2.6687910e+01
   2.6649491e+01
   2.6610068e+01
   2.6569641e+01
   2.6528211e+01
   2.6485779e+01
   2.6442344e+01
   2.6397907e+01
   2.6352470e+01
   2.6306032e+01
   2.6258596e+01
   2.6210161e+01
   2.6160731e+01
   2.6110306e+01
   2.6058888e+01
   2.6006479e+01
   2.5953081e+01
   2.5898697e+01
   2.5843329e+01
   2.5786980e+01
   2.5729652e+01
   2.5671348e+01
   2.5612073e+01
   2.5551828e+01
   2.5490619e+01
   2.5428447e+01
   2.5365319e+01
   2.5301237e+01
   2.5236207e+01
   2.5170232e+01
   2.5103318e+01
   2.5035469e+01
   2.4966691e+01
   2.4896990e+01
   2.4826370e+01
   2.4754839e+01
   2.4682401e+01
   2.4609063e+01
   2.4534832e+01
   2.4459715e+01
   2.4383718e+01
   2.4306849e+01
   2.4229115e+01
   2.4150524e+01
   2.4071084e+01
   2.3990802e+01
   2.3909688e+01
   2.3827749e+01
   2.3744995e+01
   2.3661435e+01
   2.3577078e+01
   2.3491934e+01
   2.3406011e+01
   2.3319322e+01
   2.3231875e+01
   2.3143681e+01
   2.3054751e+01
   2.2965097e+01
   2.2874728e+01
   2.2783657e+01
   2.2691896e+01
   2.2599456e+01
   2.2506349e+01
   2.2412589e+01
   2.2318187e+01
   2.2223157e+01
   2.2127511e+01
   2.2031263e+01
   2.1934427e+01
   2.1837016e+01
   2.1739045e+01
   2.1640528e+01
   2.1541479e+01
   2.1441912e+01
   2.1341844e+01
   2.1241288e+01
   2.1140261e+01
   2.1038777e+01
   2.0936853e+01
   2.0834504e+01
   2.0731746e+01
   2.0628596e+01
   2.0525070e+01
   2.0421185e+01
   2.0316957e+01
   2.0212404e+01
   2.0107542e+01
   2.0002389e+01
   1.9896961e+01
   1.9791277e+01
   1.9685354e+01
   1.9579210e+01
   1.9472863e+01
   1.9366330e+01
   1.9259629e+01
   1.9152779e+01
   1.9045797e+01
   1.8938703e+01
   1.8831514e+01
   1.8724248e+01
   1.8616924e+01
   1.8509560e+01
   1.8402174e+01
   1.8294786e+01
   1.8187412e+01
   1.8080073e+01
   1.7972785e+01
   1.7865568e+01
   1.7758439e+01
   1.7651417e+01
   1.7544519e+01
   1.7437764e+01
   1.7331171e+01
   1.7224755e+01
   1.7118536e+01
   1.7012531e+01
   1.6906757e+01
   1.6801232e+01
   1.6695973e+01
   1.6590997e+01
   1.6486320e+01
   1.6381960e+01
   1.6277933e+01
   1.6174254e+01
   1.6070941e+01
   1.5968008e+01
   1.5865472e+01
   1.5763348e+01
   1.5661651e+01
   1.5560395e+01
   1.5459596e+01
   1.5359267e+01
   1.5259423e+01
   1.5160077e+01
   1.5061242e+01
   1.4962933e+01
   1.4865161e+01
   1.4767939e+01
   1.4671280e+01
   1.4575194e+01
   1.4479694e+01
   1.4384792e+01
   1.4290496e+01
   1.4196819e+01
   1.4103771e+01
   1.4011360e+01
   1.3919598e+01
   1.3828492e+01
   1.3738051e+01
   1.3648285e+01
   1.3559200e+01
   1.3470805e+01
   1.3383107e+01
   1.3296114e+01
   1.3209830e+01
   1.3124264e+01
   1.3039421e+01
   1.2955306e+01
   1.2871924e+01
   1.2789281e+01
   1.2707381e+01
   1.2626228e+01
   1.2545826e+01
   1.2466179e+01
   1.2387289e+01
   1.2309160e+01
   1.2231794e+01
   1.2155193e+01
   1.2079359e+01
   1.2004293e+01
   1.1929998e+01
   1.1856473e+01
   1.1783720e+01
   1.1711738e+01
   1.1640529e+01
   1.1570091e+01
   1.1500425e+01
   1.1431529e+01
   1.1363403e+01
   1.1296045e+01
   1.1229454e+01
   1.1163628e+01
   1.1098565e+01
   1.1034262e+01
   1.0970719e+01
   1.0907931e+01
   1.0845896e+01
   1.0784610e+01
   1.0724072e+01
   1.0664277e+01
   1.0605221e+01
   1.0546901e+01
   1.0489313e+01
   1.0432453e+01
   1.0376316e+01
   1.0320898e+01
   1.0266194e+01
   1.0212200e+01
   1.0158911e+01
   1.0106322e+01
   1.0054427e+01
   1.0003223e+01
   9.9527019e+00
   9.9028600e+00
   9.8536915e+00
   9.8051906e+00
   9.7573518e+00
   9.7101693e+00
   9.6636371e+00
   9.6177495e+00
   9.5725005e+00
   9.5278839e+00
   9.4838938e+00
   9.4405240e+00
   9.3977683e+00
   9.3556205e+00
   9.3140743e+00
   9.2731234e+00
   9.2327616e+00
   9.1929825e+00
   9.1537798e+00
   9.1151469e+00
   9.0770777e+00
   9.0395656e+00
   9.0026043e+00
   8.9661873e+00
   8.9303083e+00
   8.8949609e+00
   8.8601386e+00
   8.8258351e+00
   8.7920440e+00
   8.7587589e+00
   8.7259736e+00
   8.6936816e+00
   8.6618767e+00
   8.6305526e+00
   8.5997031e+00
   8.5693220e+00
   8.5394030e+00
   8.5099401e+00
   8.4809270e+00
   8.4523578e+00
   8.4242263e+00
   8.3965266e+00
   8.3692527e+00
   8.3423986e+00
   8.3159586e+00
   8.2899267e+00
   8.2642971e+00
   8.2390642e+00
   8.2142222e+00
   8.1897655e+00
   8.1656885e+00
   8.1419856e+00
   8.1186513e+00
   8.0956802e+00
   8.0730670e+00
   8.0508062e+00
   8.0288925e+00
   8.0073208e+00
   7.9860859e+00
   7.9651826e+00
   7.9446059e+00
   7.9243507e+00
   7.9044122e+00
   7.8847853e+00
   7.8654653e+00
   7.8464474e+00
   7.8277268e+00
   7.8092989e+00
   7.7911590e+00
   7.7733026e+00
   7.7557252e+00
   7.7384223e+00
   7.7213895e+00
   7.7046225e+00
   7.6881170e+00
   7.6718687e+00
   7.6558736e+00
   7.6401274e+00
   7.6246261e+00
   7.6093658e+00
   7.5943424e+00
   7.5795521e+00
   7.5649909e+00
   7.5506552e+00
   7.5365412e+00
   7.5226451e+00
   7.5089634e+00
   7.4954925e+00
   7.4822288e+00
   7.4691689e+00
   7.4563093e+00
   7.4436467e+00
   7.4311777e+00
   7.4188990e+00
   7.4068075e+00
   7.3948998e+00
   7.3831730e+00
   7.3716239e+00
   7.3602495e+00
   7.3490467e+00
   7.3380127e+00
   7.3271445e+00
   7.3164392e+00
   7.3058942e+00
   7.2955065e+00
   7.2852735e+00
   7.2751925e+00
   7.2652608e+00
   7.2554759e+00
   7.2458352e+00
   7.2363361e+00
   7.2269763e+00
   7.2177533e+00
   7.2086646e+00
   7.1997080e+00
   7.1908811e+00
   7.1821816e+00
   7.1736073e+00
   7.1651560e+00
   7.1568255e+00
   7.1486137e+00
   7.1405184e+00
   7.1325378e+00
   7.1246696e+00
   7.1169119e+00
   7.1092628e+00
   7.1017203e+00
   7.0942826e+00
   7.0869477e+00
   7.0797139e+00
   7.0725793e+00
   7.0655422e+00
   7.0586008e+00
   7.0517535e+00
   7.0449985e+00
   7.0383342e+00
   7.0317590e+00
   7.0252713e+00
   7.0188696e+00
   7.0125522e+00
   7.0063177e+00
   7.0001646e+00
   6.9940914e+00
   6.9880967e+00
   6.9821791e+00
   6.9763372e+00
   6.9705697e+00
   6.9648752e+00
   6.9592524e+00
   6.9537000e+00
   6.9482168e+00
   6.9428015e+00
   6.9374528e+00
   6.9321697e+00
   6.9269509e+00
   6.9217952e+00
   6.9167015e+00
   6.9116687e+00
   6.9066958e+00
   6.9017816e+00
   6.8969250e+00
   6.8921251e+00
   6.8873808e+00
   6.8826911e+00
   6.8780551e+00
   6.8734717e+00
   6.8689401e+00
   6.8644592e+00
   6.8600282e+00
   6.8556462e+00
   6.8513123e+00
   6.8470257e+00
   6.8427854e+00
   6.8385907e+00
   6.8344407e+00
   6.8303347e+00
   6.8262718e+00
   6.8222513e+00
   6.8182723e+00
   6.8143343e+00
   6.8104364e+00
   6.8065779e+00
   6.8027581e+00
   6.7989763e+00
   6.7952319e+00
   6.7915241e+00
   6.7878523e+00
   6.7842159e+00
   6.7806143e+00
   6.7770468e+00
   6.7735127e+00
   6.7700116e+00
   6.7665429e+00
   6.7631058e+00
   6.7597000e+00
   6.7563248e+00
   6.7529797e+00
   6.7496641e+00
   6.7463776e+00
   6.7431196e+00
   6.7398896e+00
   6.7366872e+00
   6.7335117e+00
   6.7303629e+00
   6.7272401e+00
   6.7241429e+00
   6.7210710e+00
   6.7180237e+00
   6.7150008e+00
   6.7120017e+00
   6.7090261e+00
   6.7060736e+00
   6.7031437e+00
   6.7002360e+00
   6.6973502e+00
   6.6944859e+00
   6.6916427e+00
   6.6888202e+00
   6.6860181e+00
   6.6832361e+00
   6.6804737e+00
   6.6777307e+00
   6.6750067e+00
   6.6723013e+00
   6.6696144e+00
   6.6669454e+00
   6.6642942e+00
   6.6616605e+00
   6.6590438e+00
   6.6564441e+00
   6.6538608e+00
   6.6512939e+00
   6.6487429e+00
   6.6462077e+00
   6.6436879e+00
   6.6411834e+00
   6.6386937e+00
   6.6362188e+00
   6.6337583e+00
   6.6313121e+00
   6.6288798e+00
   6.6264612e+00
   6.6240561e+00
   6.6216644e+00
   6.6192857e+00
   6.6169198e+00
   6.6145666e+00
   6.6122257e+00
   6.6098972e+00
   6.6075806e+00
   6.6052759e+00
   6.6029828e+00
   6.6007011e+00
   6.5984307e+00
   6.5961714e+00
   6.5939230e+00
   6.5916853e+00
   6.5894581e+00
   6.5872414e+00
   6.5850348e+00
   6.5828383e+00
   6.5806517e+00
   6.5784748e+00
   6.5763075e+00
   6.5741497e+00
   6.5720011e+00
   6.5698617e+00
   6.5677313e+00
   6.5656097e+00
   6.5634968e+00
   6.5613926e+00
   6.5592968e+00
   6.5572093e+00
   6.5551300e+00
   6.5530588e+00
   6.5509955e+00
   6.5489400e+00
   6.5468923e+00
   6.5448522e+00
   6.5428195e+00
   6.5407942e+00
   6.5387762e+00
   6.5367653e+00
   6.5347615e+00
   6.5327646e+00
   6.5307745e+00
   6.5287912e+00
   6.5268146e+00
   6.5248445e+00
   6.5228808e+00
   6.5209235e+00
   6.5189725e+00
   6.5170277e+00
   6.5150889e+00
   6.5131562e+00
   6.5112294e+00
   6.5093084e+00
   6.5073932e+00
   6.5054837e+00
   6.5035798e+00
   6.5016814e+00
   6.4997884e+00
   6.4979009e+00
   6.4960186e+00
   6.4941416e+00
   6.4922697e+00
   6.4904029e+00
   6.4885412e+00
   6.4866844e+00
   6.4848325e+00
   6.4829855e+00
   6.4811432e+00
   6.4793056e+00
   6.4774726e+00
   6.4756443e+00
   6.4738205e+00
   6.4720011e+00
   6.4701862e+00
   6.4683757e+00
   6.4665694e+00
   6.4647674e+00
   6.4629696e+00
   6.4611760e+00
   6.4593864e+00
   6.4576009e+00
   6.4558194e+00
   6.4540419e+00
   6.4522683e+00
   6.4504985e+00
   6.4487326e+00
   6.4469704e+00
   6.4452120e+00
   6.4434572e+00
   6.4417061e+00
   6.4399586e+00
   6.4382147e+00
   6.4364743e+00
   6.4347374e+00
   6.4330039e+00
   6.4312739e+00
   6.4295472e+00
   6.4278238e+00
   6.4261038e+00
   6.4243870e+00
   6.4226734e+00
   6.4209631e+00
   6.4192559e+00
   6.4175518e+00
   6.4158509e+00
   6.4141530e+00
   6.4124581e+00
   6.4107663e+00
   6.4090774e+00
   6.4073915e+00
   6.4057085e+00
   6.4040284e+00
   6.4023512e+00
   6.4006768e+00
   6.3990052e+00
   6.3973364e+00
   6.3956703e+00
   6.3940070e+00
   6.3923464e+00
   6.3906884e+00
   6.3890331e+00
   6.3873805e+00
   6.3857304e+00
   6.3840830e+00
   6.3824381e+00
   6.3807958e+00
   6.3791559e+00
   6.3775186e+00
   6.3758838e+00
   6.3742514e+00
   6.3726214e+00
   6.3709939e+00
   6.3693687e+00
   6.3677460e+00
   6.3661255e+00
   6.3645075e+00
   6.3628917e+00
   6.3612783e+00
   6.3596671e+00
   6.3580582e+00
   6.3564516e+00
   6.3548471e+00
   6.3532449e+00
   6.3516449e+00
   6.3500471e+00
   6.3484515e+00
   6.3468580e+00
   6.3452666e+00
   6.3436774e+00
   6.3420902e+00
   6.3405052e+00
   6.3389222e+00
   6.3373413e+00
   6.3357624e+00
   6.3341856e+00
   6.3326108e+00
   6.3310380e+00
   6.3294672e+00
   6.3278984e+00
   6.3263315e+00
   6.3247666e+00
   6.3232037e+00
   6.3216427e+00
   6.3200836e+00
   6.3185264e+00
   6.3169711e+00
   6.3154177e+00
   6.3138661e+00
   6.3123164e+00
   6.3107686e+00
   6.3092226e+00
   6.3076785e+00
   6.3061361e+00
   6.3045956e+00
   6.3030568e+00
   6.3015199e+00
   6.2999847e+00
   6.2984513e+00
   6.2969197e+00
   6.2953898e+00
   6.2938617e+00
   6.2923352e+00
   6.2908105e+00
   6.2892876e+00
   6.2877663e+00
   6.2862467e+00
   6.2847288e+00
   6.2832126e+00
   6.2816980e+00
   6.2801852e+00
   6.2786739e+00
   6.2771643e+00
   6.2756564e+00
   6.2741501e+00
   6.2726454e+00
   6.2711423e+00
   6.2696408e+00
   6.2681410e+00
   6.2666427e+00
   6.2651460e+00
   6.2636509e+00
   6.2621573e+00
   6.2606653e+00
   6.2591749e+00
   6.2576860e+00
   6.2561987e+00
   6.2547129e+00
   6.2532287e+00
   6.2517459e+00
   6.2502647e+00
   6.2487850e+00
   6.2473068e+00
   6.2458301e+00
   6.2443549e+00
   6.2428812e+00
   6.2414090e+00
   6.2399382e+00
   6.2384689e+00
   6.2370011e+00
   6.2355347e+00
   6.2340698e+00
   6.2326064e+00
   6.2311444e+00
   6.2296838e+00
   6.2282246e+00
   6.2267669e+00
   6.2253106e+00
   6.2238557e+00
   6.2224022e+00
   6.2209502e+00
   6.2194995e+00
   6.2180502e+00
   6.2166024e+00
   6.2151559e+00
   6.2137108e+00
   6.2122670e+00
   6.2108247e+00
   6.2093837e+00
   6.2079441e+00
   6.2065058e+00
   6.2050689e+00
   6.2036333e+00
   6.2021991e+00
   6.2007662e+00
   6.1993347e+00
   6.1979045e+00
   6.1964756e+00
   6.1950480e+00
   6.1936218e+00
   6.1921969e+00
   6.1907733e+00
   6.1893510e+00
   6.1879300e+00
   6.1865103e+00
   6.1850919e+00
   6.1836748e+00
   6.1822590e+00
   6.1808445e+00
   6.1794312e+00
   6.1780192e+00
   6.1766085e+00
   6.1751991e+00
   6.1737909e+00
   6.1723841e+00
   6.1709784e+00
   6.1695740e+00
   6.1681709e+00
   6.1667690e+00
   6.1653684e+00
   6.1639690e+00
   6.1625708e+00
   6.1611739e+00
   6.1597782e+00
   6.1583837e+00
   6.1569905e+00
   6.1555985e+00
   6.1542077e+00
   6.1528181e+00
   6.1514297e+00
   6.1500426e+00
   6.1486566e+00
   6.1472719e+00
   6.1458883e+00
   6.1445060e+00
   6.1431248e+00
   6.1417448e+00
   6.1403661e+00
   6.1389885e+00
   6.1376120e+00
   6.1362368e+00
   6.1348627e+00
   6.1334898e+00
   6.1321181e+00
   6.1307476e+00
   6.1293782e+00
   6.1280099e+00
   6.1266429e+00
   6.1252769e+00
   6.1239122e+00
   6.1225486e+00
   6.1211861e+00
   6.1198248e+00
   6.1184646e+00
   6.1171056e+00
   6.1157477e+00
   6.1143909e+00
   6.1130353e+00
   6.1116808e+00
   6.1103274e+00
   6.1089751e+00
   6.1076240e+00
   6.1062739e+00
   6.1049250e+00
   6.1035773e+00
   6.1022306e+00
   6.1008850e+00
   6.0995405e+00
   6.0981972e+00
   6.0968549e+00
   6.0955137e+00
   6.0941737e+00
   6.0928347e+00
   6.0914968e+00
   6.0901600e+00
   6.0888243e+00
   6.0874897e+00
   6.0861562e+00
   6.0848237e+00
   6.0834923e+00
   6.0821620e+00
   6.0808327e+00
   6.0795046e+00
   6.0781775e+00
   6.0768514e+00
   6.0755265e+00
   6.0742026e+00
   6.0728797e+00
   6.0715579e+00
   6.0702372e+00
   6.0689175e+00
   6.0675988e+00
   6.0662812e+00
   6.0649647e+00
   6.0636492e+00
   6.0623347e+00
   6.0610213e+00
   6.0597089e+00
   6.0583976e+00
   6.0570872e+00
   6.0557779e+00
   6.0544697e+00
   6.0531624e+00
   6.0518562e+00
   6.0505510e+00
   6.0492469e+00
   6.0479437e+00
   6.0466416e+00
   6.0453405e+00
   6.0440404e+00
   6.0427413e+00
   6.0414432e+00
   6.0401461e+00
   6.0388500e+00
   6.0375549e+00
   6.0362608e+00
   6.0349678e+00
   6.0336757e+00
   6.0323846e+00
   6.0310945e+00
   6.0298054e+00
   6.0285173e+00
   6.0272301e+00
   6.0259440e+00
   6.0246588e+00
   6.0233746e+00
   6.0220914e+00
   6.0208092e+00
   6.0195279e+00
   6.0182476e+00
   6.0169683e+00
   6.0156900e+00
   6.0144126e+00
   6.0131362e+00
   6.0118607e+00
   6.0105862e+00
   6.0093127e+00
   6.0080401e+00
   6.0067685e+00
   6.0054979e+00
   6.0042282e+00
   6.0029594e+00
   6.0016916e+00
   6.0004247e+00
   5.9991588e+00
   5.9978939e+00
   5.9966298e+00
   5.9953667e+00
   5.9941046e+00
   5.9928434e+00
   5.9915831e+00
   5.9903238e+00
   5.9890654e+00
   5.9878079e+00
   5.9865513e+00
   5.9852957e+00
   5.9840410e+00
   5.9827872e+00
   5.9815344e+00
   5.9802824e+00
   5.9790314e+00
   5.9777813e+00
   5.9765321e+00
   5.9752838e+00
   5.9740365e+00
   5.9727900e+00
   5.9715445e+00
   5.9702998e+00
   5.9690561e+00
   5.9678132e+00
   5.9665713e+00
   5.9653303e+00
   5.9640901e+00
   5.9628509e+00
   5.9616126e+00
   5.9603751e+00
   5.9591385e+00
   5.9579029e+00
   5.9566681e+00
   5.9554342e+00
   5.9542012e+00
   5.9529691e+00
   5.9517378e+00
   5.9505075e+00
   5.9492780e+00
   5.9480494e+00
   5.9468216e+00
   5.9455948e+00
   5.9443688e+00
   5.9431437e+00
   5.9419194e+00
   5.9406961e+00
   5.9394736e+00
   5.9382519e+00
   5.9370311e+00
   5.9358112e+00
   5.9345922e+00
   5.9333740e+00
   5.9321566e+00
   5.9309401e+00
   5.9297245e+00
   5.9285097e+00
   5.9272958e+00
   5.9260827e+00
   5.9248705e+00
   5.9236591e+00
   5.9224486e+00
   5.9212389e+00
   5.9200300e+00
   5.9188220e+00
   5.9176149e+00
   5.9164085e+00
   5.9152031e+00
   5.9139984e+00
   5.9127946e+00
   5.9115916e+00
   5.9103894e+00
   5.9091881e+00
   5.9079876e+00
   5.9067879e+00
   5.9055891e+00
   5.9043910e+00
   5.9031938e+00
   5.9019975e+00
   5.9008019e+00
   5.8996071e+00
   5.8984132e+00
   5.8972201e+00
   5.8960278e+00
   5.8948363e+00
   5.8936457e+00
   5.8924558e+00
   5.8912667e+00
   5.8900785e+00
   5.8888910e+00
   5.8877044e+00
   5.8865186e+00
   5.8853335e+00
   5.8841493e+00
   5.8829659e+00
   5.8817832e+00
   5.8806014e+00
   5.8794204e+00
   5.8782401e+00
   5.8770607e+00
   5.8758820e+00
   5.8747041e+00
   5.8735270e+00
   5.8723507e+00
   5.8711752e+00
   5.8700005e+00
   5.8688265e+00
   5.8676534e+00
   5.8664810e+00
   5.8653094e+00
   5.8641385e+00
   5.8629685e+00
   5.8617992e+00
   5.8606307e+00
   5.8594630e+00
   5.8582960e+00
   5.8571298e+00
   5.8559644e+00
   5.8547998e+00
   5.8536359e+00
   5.8524728e+00
   5.8513104e+00
   5.8501488e+00
   5.8489880e+00
   5.8478279e+00
   5.8466686e+00
   5.8455101e+00
   5.8443523e+00
   5.8431952e+00
   5.8420389e+00
   5.8408834e+00
   5.8397286e+00
   5.8385746e+00
   5.8374213e+00
   5.8362687e+00
   5.8351170e+00
   5.8339659e+00
   5.8328156e+00
   5.8316661e+00
   5.8305172e+00
   5.8293692e+00
   5.8282218e+00
   5.8270752e+00
   5.8259294e+00
   5.8247842e+00
   5.8236398e+00
   5.8224962e+00
   5.8213533e+00
   5.8202111e+00
   5.8190696e+00
   5.8179289e+00
   5.8167889e+00
   5.8156496e+00
   5.8145110e+00
   5.8133732e+00
   5.8122361e+00
   5.8110997e+00
   5.8099640e+00
   5.8088291e+00
   5.8076948e+00
   5.8065613e+00
   5.8054285e+00
   5.8042965e+00
   5.8031651e+00
   5.8020344e+00
   5.8009045e+00
   5.7997752e+00
   5.7986467e+00
   5.7975189e+00
   5.7963918e+00
   5.7952654e+00
   5.7941397e+00
   5.7930147e+00
   5.7918904e+00
   5.7907668e+00
   5.7896439e+00
   5.7885217e+00
   5.7874002e+00
   5.7862794e+00
   5.7851593e+00
   5.7840399e+00
   5.7829212e+00
   5.7818032e+00
   5.7806858e+00
   5.7795692e+00
   5.7784532e+00
   5.7773380e+00
   5.7762234e+00
   5.7751095e+00
   5.7739963e+00
   5.7728838e+00
   5.7717719e+00
   5.7706608e+00
   5.7695503e+00
   5.7684405e+00
   5.7673314e+00
   5.7662230e+00
   5.7651152e+00
   5.7640081e+00
   5.7629017e+00
   5.7617959e+00
   5.7606909e+00
   5.7595865e+00
   5.7584827e+00
   5.7573797e+00
   5.7562773e+00
   5.7551756e+00
   5.7540745e+00
   5.7529741e+00
   5.7518744e+00
   5.7507753e+00
   5.7496769e+00
   5.7485792e+00
   5.7474821e+00
   5.7463857e+00
   5.7452899e+00
   5.7441948e+00
   5.7431003e+00
   5.7420065e+00
   5.7409134e+00
   5.7398209e+00
   5.7387290e+00
   5.7376379e+00
   5.7365473e+00
   5.7354574e+00
   5.7343682e+00
   5.7332796e+00
   5.7321916e+00
   5.7311043e+00
   5.7300177e+00
   5.7289316e+00
   5.7278463e+00
   5.7267615e+00
   5.7256774e+00
   5.7245940e+00
   5.7235112e+00
   5.7224290e+00
   5.7213474e+00
   5.7202665e+00
   5.7191862e+00
   5.7181066e+00
   5.7170276e+00
   5.7159492e+00
   5.7148714e+00
   5.7137943e+00
   5.7127178e+00
   5.7116420e+00
   5.7105667e+00
   5.7094921e+00
   5.7084181e+00
   5.7073448e+00
   5.7062720e+00
   5.7051999e+00
   5.7041284e+00
   5.7030575e+00
   5.7019873e+00
   5.7009176e+00
   5.6998486e+00
   5.6987802e+00
   5.6977124e+00
   5.6966452e+00
   5.6955787e+00
   5.6945127e+00
   5.6934474e+00
   5.6923827e+00
   5.6913185e+00
   5.6902550e+00
   5.6891921e+00
   5.6881298e+00
   5.6870681e+00
   5.6860071e+00
   5.6849466e+00
   5.6838867e+00
   5.6828274e+00
   5.6817688e+00
   5.6807107e+00
   5.6796532e+00
   5.6785964e+00
   5.6775401e+00
   5.6764844e+00
   5.6754294e+00
   5.6743749e+00
   5.6733210e+00
   5.6722677e+00
   5.6712150e+00
   5.6701629e+00
   5.6691114e+00
   5.6680605e+00
   5.6670101e+00
   5.6659604e+00
   5.6649112e+00
   5.6638627e+00
   5.6628147e+00
   5.6617673e+00
   5.6607205e+00
   5.6596742e+00
   5.6586286e+00
   5.6575835e+00
   5.6565390e+00
   5.6554951e+00
   5.6544518e+00
   5.6534091e+00
   5.6523669e+00
   5.6513253e+00
   5.6502843e+00
   5.6492438e+00
   5.6482040e+00
   5.6471647e+00
   5.6461260e+00
   5.6450878e+00
   5.6440502e+00
   5.6430132e+00
   5.6419768e+00
   5.6409409e+00
   5.6399056e+00
   5.6388709e+00
   5.6378367e+00
   5.6368031e+00
   5.6357701e+00
   5.6347376e+00
   5.6337057e+00
   5.6326744e+00
   5.6316436e+00
   5.6306134e+00
   5.6295837e+00
   5.6285546e+00
   5.6275260e+00
   5.6264980e+00
   5.6254706e+00
   5.6244437e+00
   5.6234174e+00
   5.6223916e+00
   5.6213664e+00
   5.6203418e+00
   5.6193176e+00
   5.6182941e+00
   5.6172711e+00
   5.6162486e+00
   5.6152267e+00
   5.6142053e+00
   5.6131845e+00
   5.6121642e+00
   5.6111445e+00
   5.6101253e+00
   5.6091067e+00
   5.6080886e+00
   5.6070711e+00
   5.6060541e+00
   5.6050376e+00
   5.6040217e+00
   5.6030063e+00
   5.6019914e+00
   5.6009771e+00
   5.5999633e+00
   5.5989501e+00
   5.5979374e+00
   5.5969252e+00
   5.5959136e+00
   5.5949025e+00
   5.5938920e+00
   5.5928819e+00
   5.5918724e+00
   5.5908634e+00
   5.5898550e+00
   5.5888471e+00
   5.5878397e+00
   5.5868329e+00
   5.5858265e+00
   5.5848207e+00
   5.5838154e+00
   5.5828107e+00
   5.5818065e+00
   5.5808028e+00
   5.5797996e+00
   5.5787969e+00
   5.5777948e+00
   5.5767932e+00
   5.5757921e+00
   5.5747915e+00
   5.5737914e+00
   5.5727919e+00
   5.5717928e+00
   5.5707943e+00
   5.5697963e+00
   5.5687989e+00
   5.5678019e+00
   5.5668054e+00
   5.5658095e+00
   5.5648141e+00
   5.5638191e+00
   5.5628247e+00
   5.5618308e+00
   5.5608374e+00
   5.5598446e+00
   5.5588522e+00
   5.5578603e+00
   5.5568690e+00
   5.5558781e+00
   5.5548878e+00
   5.5538979e+00
   5.5529086e+00
   5.5519197e+00
   5.5509314e+00
   5.5499436e+00
   5.5489562e+00
   5.5479694e+00
   5.5469831e+00
   5.5459972e+00
   5.5450119e+00
   5.5440271e+00
   5.5430427e+00
   5.5420589e+00
   5.5410755e+00
   5.5400927e+00
   5.5391103e+00
   5.5381284e+00
   5.5371470e+00
   5.5361662e+00
   5.5351858e+00
   5.5342059e+00
   5.5332265e+00
   5.5322475e+00
   5.5312691e+00
   5.5302912e+00
   5.5293137e+00
   5.5283367e+00
   5.5273602e+00
   5.5263842e+00
   5.5254087e+00
   5.5244337e+00
   5.5234592e+00
   5.5224851e+00
   5.5215115e+00
   5.5205384e+00
   5.5195658e+00
   5.5185937e+00
   5.5176220e+00
   5.5166508e+00
   5.5156801e+00
   5.5147099e+00
   5.5137402e+00
   5.5127709e+00
   5.5118021e+00
   5.5108338e+00
   5.5098659e+00
   5.5088986e+00
   5.5079317e+00
   5.5069653e+00
   5.5059993e+00
   5.5050338e+00
   5.5040688e+00
   5.5031043e+00
   5.5021402e+00
   5.5011766e+00
   5.5002135e+00
   5.4992508e+00
   5.4982886e+00
   5.4973269e+00
   5.4963657e+00
   5.4954049e+00
   5.4944445e+00
   5.4934847e+00
   5.4925253e+00
   5.4915663e+00
   5.4906079e+00
   5.4896498e+00
   5.4886923e+00
   5.4877352e+00
   5.4867786e+00
   5.4858224e+00
   5.4848667e+00
   5.4839114e+00
   5.4829566e+00
   5.4820023e+00
   5.4810484e+00
   5.4800950e+00
   5.4791420e+00
   5.4781895e+00
   5.4772374e+00
   5.4762858e+00
   5.4753346e+00
   5.4743839e+00
   5.4734337e+00
   5.4724839e+00
   5.4715345e+00
   5.4705856e+00
   5.4696372e+00
   5.4686892e+00
   5.4677416e+00
   5.4667945e+00
   5.4658478e+00
   5.4649016e+00
   5.4639559e+00
   5.4630105e+00
   5.4620657e+00
   5.4611212e+00
   5.4601772e+00
   5.4592337e+00
   5.4582906e+00
   5.4573479e+00
   5.4564057e+00
   5.4554639e+00
   5.4545226e+00
   5.4535817e+00
   5.4526412e+00
   5.4517012e+00
   5.4507616e+00
   5.4498225e+00
   5.4488838e+00
   5.4479455e+00
   5.4470077e+00
   5.4460703e+00
   5.4451333e+00
   5.4441968e+00
   5.4432607e+00
   5.4423250e+00
   5.4413898e+00
   5.4404550e+00
   5.4395206e+00
   5.4385867e+00
   5.4376532e+00
   5.4367201e+00
   5.4357874e+00
   5.4348552e+00
   5.4339234e+00
   5.4329921e+00
   5.4320611e+00
   5.4311306e+00
   5.4302006e+00
   5.4292709e+00
   5.4283417e+00
   5.4274129e+00
   5.4264845e+00
   5.4255565e+00
   5.4246290e+00
   5.4237019e+00
   5.4227752e+00
   5.4218489e+00
   5.4209231e+00
   5.4199976e+00
   5.4190726e+00
   5.4181480e+00
   5.4172239e+00
   5.4163001e+00
   5.4153768e+00
   5.4144538e+00
   5.4135313e+00
   5.4126093e+00
   5.4116876e+00
   5.4107663e+00
   5.4098455e+00
   5.4089251e+00
   5.4080051e+00
   5.4070855e+00
   5.4061663e+00
   5.4052475e+00
   5.4043291e+00
   5.4034112e+00
   5.4024936e+00
   5.4015765e+00
   5.4006598e+00
   5.3997435e+00
   5.3988276e+00
   5.3979121e+00
   5.3969970e+00
   5.3960823e+00
   5.3951680e+00
   5.3942542e+00
   5.3933407e+00
   5.3924276e+00
   5.3915150e+00
   5.3906027e+00
   5.3896909e+00
   5.3887794e+00
   5.3878684e+00
   5.3869578e+00
   5.3860475e+00
   5.3851377e+00
   5.3842283e+00
   5.3833192e+00
   5.3824106e+00
   5.3815024e+00
   5.3805945e+00
   5.3796871e+00
   5.3787800e+00
   5.3778734e+00
   5.3769672e+00
   5.3760613e+00
   5.3751559e+00
   5.3742508e+00
   5.3733461e+00
   5.3724419e+00
   5.3715380e+00
   5.3706345e+00
   5.3697314e+00
   5.3688287e+00
   5.3679264e+00
   5.3670245e+00
   5.3661230e+00
   5.3652218e+00
   5.3643211e+00
   5.3634208e+00
   5.3625208e+00
   5.3616212e+00
   5.3607220e+00
   5.3598232e+00
   5.3589248e+00
   5.3580268e+00
   5.3571292e+00
   5.3562319e+00
   5.3553351e+00
   5.3544386e+00
   5.3535425e+00
   5.3526468e+00
   5.3517514e+00
   5.3508565e+00
   5.3499619e+00
   5.3490678e+00
   5.3481740e+00
   5.3472805e+00
   5.3463875e+00
   5.3454949e+00
   5.3446026e+00
   5.3437107e+00
   5.3428192e+00
   5.3419280e+00
   5.3410373e+00
   5.3401469e+00
   5.3392569e+00
   5.3383673e+00
   5.3374780e+00
   5.3365892e+00
   5.3357007e+00
   5.3348125e+00
   5.3339248e+00
   5.3330374e+00
   5.3321504e+00
   5.3312638e+00
   5.3303775e+00
   5.3294917e+00
   5.3286062e+00
   5.3277210e+00
   5.3268363e+00
   5.3259519e+00
   5.3250678e+00
   5.3241842e+00
   5.3233009e+00
   5.3224180e+00
   5.3215354e+00
   5.3206533e+00
   5.3197715e+00
   5.3188900e+00
   5.3180089e+00
   5.3171282e+00
   5.3162479e+00
   5.3153679e+00
   5.3144883e+00
   5.3136090e+00
   5.3127302e+00
   5.3118516e+00
   5.3109735e+00
   5.3100957e+00
   5.3092183e+00
   5.3083412e+00
   5.3074645e+00
   5.3065882e+00
   5.3057122e+00
   5.3048366e+00
   5.3039613e+00
   5.3030864e+00
   5.3022118e+00
   5.3013377e+00
   5.3004638e+00
   5.2995904e+00
   5.2987173e+00
   5.2978445e+00
   5.2969721e+00
   5.2961001e+00
   5.2952284e+00
   5.2943571e+00
   5.2934861e+00
   5.2926155e+00
   5.2917452e+00
   5.2908753e+00
   5.2900058e+00
   5.2891366e+00
   5.2882677e+00
   5.2873992e+00
   5.2865311e+00
   5.2856633e+00
   5.2847959e+00
   5.2839288e+00
   5.2830620e+00
   5.2821956e+00
   5.2813296e+00
   5.2804639e+00
   5.2795986e+00
   5.2787336e+00
   5.2778690e+00
   5.2770047e+00
   5.2761407e+00
   5.2752771e+00
   5.2744139e+00
   5.2735509e+00
   5.2726884e+00
   5.2718262e+00
   5.2709643e+00
   5.2701028e+00
   5.2692416e+00
   5.2683808e+00
   5.2675203e+00
   5.2666601e+00
   5.2658003e+00
   5.2649408e+00
   5.2640817e+00
   5.2632229e+00
   5.2623645e+00
   5.2615064e+00
   5.2606486e+00
   5.2597912e+00
   5.2589341e+00
   5.2580774e+00
   5.2572210e+00
   5.2563649e+00
   5.2555092e+00
   5.2546538e+00
   5.2537988e+00
   5.2529440e+00
   5.2520897e+00
   5.2512356e+00
   5.2503819e+00
   5.2495285e+00
   5.2486755e+00
   5.2478228e+00
   5.2469704e+00
   5.2461184e+00
   5.2452667e+00
   5.2444154e+00
   5.2435643e+00
   5.2427136e+00
   5.2418633e+00
   5.2410132e+00
   5.2401635e+00
   5.2393142e+00
   5.2384651e+00
   5.2376164e+00
   5.2367680e+00
   5.2359200e+00
   5.2350723e+00
   5.2342249e+00
   5.2333778e+00
   5.2325311e+00
   5.2316847e+00
   5.2308386e+00
   5.2299928e+00
   5.2291474e+00
   5.2283023e+00
   5.2274575e+00
   5.2266131e+00
   5.2257690e+00
   5.2249252e+00
   5.2240817e+00
   5.2232386e+00
   5.2223957e+00
   5.2215532e+00
   5.2207111e+00
   5.2198692e+00
   5.2190277e+00
   5.2181865e+00
   5.2173456e+00
   5.2165050e+00
   5.2156648e+00
   5.2148248e+00
   5.2139852e+00
   5.2131460e+00
   5.2123070e+00
   5.2114684e+00
   5.2106300e+00
   5.2097920e+00
   5.2089543e+00
   5.2081170e+00
   5.2072799e+00
   5.2064432e+00
   5.2056068e+00
   5.2047707e+00
   5.2039349e+00
   5.2030994e+00
   5.2022643e+00
   5.2014294e+00
   5.2005949e+00
   5.1997607e+00
   5.1989268e+00
   5.1980932e+00
   5.1972600e+00
   5.1964270e+00
   5.1955944e+00
   5.1947621e+00
   5.1939301e+00
   5.1930984e+00
   5.1922670e+00
   5.1914359e+00
   5.1906051e+00
   5.1897747e+00
   5.1889445e+00
   5.1881147e+00
   5.1872852e+00
   5.1864560e+00
   5.1856270e+00
   5.1847985e+00
   5.1839702e+00
   5.1831422e+00
   5.1823145e+00
   5.1814871e+00
   5.1806601e+00
   5.1798333e+00
   5.1790069e+00
   5.1781807e+00
   5.1773549e+00
   5.1765294e+00
   5.1757042e+00
   5.1748792e+00
   5.1740546e+00
   5.1732303e+00
   5.1724063e+00
   5.1715826e+00
   5.1707592e+00
   5.1699361e+00
   5.1691133e+00
   5.1682908e+00
   5.1674687e+00
   5.1666468e+00
   5.1658252e+00
   5.1650039e+00
   5.1641829e+00
   5.1633622e+00
   5.1625419e+00
   5.1617218e+00
   5.1609020e+00
   5.1600825e+00
   5.1592633e+00
   5.1584444e+00
   5.1576259e+00
   5.1568076e+00
   5.1559896e+00
   5.1551719e+00
   5.1543545e+00
   5.1535374e+00
   5.1527206e+00
   5.1519041e+00
   5.1510879e+00
   5.1502719e+00
   5.1494563e+00
   5.1486410e+00
   5.1478260e+00
   5.1470112e+00
   5.1461968e+00
   5.1453826e+00
   5.1445688e+00
   5.1437552e+00
   5.1429419e+00
   5.1421290e+00
   5.1413163e+00
   5.1405039e+00
   5.1396918e+00
   5.1388800e+00
   5.1380684e+00
   5.1372572e+00
   5.1364463e+00
   5.1356356e+00
   5.1348253e+00
   5.1340152e+00
   5.1332054e+00
   5.1323959e+00
   5.1315867e+00
   5.1307778e+00
   5.1299692e+00
   5.1291609e+00
   5.1283528e+00
   5.1275450e+00
   5.1267376e+00
   5.1259304e+00
   5.1251235e+00
   5.1243169e+00
   5.1235105e+00
   5.1227045e+00
   5.1218987e+00
   5.1210932e+00
   5.1202880e+00
   5.1194831e+00
   5.1186785e+00
   5.1178742e+00
   5.1170701e+00
   5.1162663e+00
   5.1154629e+00
   5.1146597e+00
   5.1138567e+00
   5.1130541e+00
   5.1122517e+00
   5.1114496e+00
   5.1106478e+00
   5.1098463e+00
   5.1090451e+00
   5.1082441e+00
   5.1074435e+00
   5.1066431e+00
   5.1058429e+00
   5.1050431e+00
   5.1042435e+00
   5.1034443e+00
   5.1026453e+00
   5.1018465e+00
   5.1010481e+00
   5.1002499e+00
   5.0994520e+00
   5.0986544e+00
   5.0978571e+00
   5.0970600e+00
   5.0962632e+00
   5.0954667e+00
   5.0946705e+00
   5.0938745e+00
   5.0930789e+00
   5.0922834e+00
   5.0914883e+00
   5.0906935e+00
   5.0898989e+00
   5.0891046e+00
   5.0883105e+00
   5.0875168e+00
   5.0867233e+00
   5.0859300e+00
   5.0851371e+00
   5.0843444e+00
   5.0835520e+00
   5.0827599e+00
   5.0819680e+00
   5.0811764e+00
   5.0803851e+00
   5.0795941e+00
   5.0788033e+00
   5.0780128e+00
   5.0772226e+00
   5.0764326e+00
   5.0756429e+00
   5.0748535e+00
   5.0740643e+00
   5.0732754e+00
   5.0724868e+00
   5.0716984e+00
   5.0709104e+00
   5.0701225e+00
   5.0693350e+00
   5.0685477e+00
   5.0677607e+00
   5.0669739e+00
   5.0661874e+00
   5.0654012e+00
   5.0646153e+00
   5.0638296e+00
   5.0630441e+00
   5.0622590e+00
   5.0614741e+00
   5.0606894e+00
   5.0599051e+00
   5.0591210e+00
   5.0583371e+00
   5.0575536e+00
   5.0567702e+00
   5.0559872e+00
   5.0552044e+00
   5.0544219e+00
   5.0536396e+00
   5.0528576e+00
   5.0520759e+00
   5.0512944e+00
   5.0505132e+00
   5.0497322e+00
   5.0489515e+00
   5.0481711e+00
   5.0473909e+00
   5.0466110e+00
   5.0458313e+00
   5.0450519e+00
   5.0442728e+00
   5.0434939e+00
   5.0427153e+00
   5.0419369e+00
   5.0411588e+00
   5.0403810e+00
   5.0396034e+00
   5.0388260e+00
   5.0380490e+00
   5.0372722e+00
   5.0364956e+00
   5.0357193e+00
   5.0349432e+00
   5.0341674e+00
   5.0333919e+00
   5.0326166e+00
   5.0318416e+00
   5.0310668e+00
   5.0302923e+00
   5.0295180e+00
   5.0287440e+00
   5.0279703e+00
   5.0271968e+00
   5.0264235e+00
   5.0256505e+00
   5.0248778e+00
   5.0241053e+00
   5.0233331e+00
   5.0225611e+00
   5.0217893e+00
   5.0210179e+00
   5.0202466e+00
   5.0194757e+00
   5.0187049e+00
   5.0179345e+00
   5.0171642e+00
   5.0163943e+00
   5.0156245e+00
   5.0148551e+00
   5.0140858e+00
   5.0133169e+00
   5.0125481e+00
   5.0117797e+00
   5.0110114e+00
   5.0102434e+00
   5.0094757e+00
   5.0087082e+00
   5.0079410e+00
   5.0071740e+00
   5.0064073e+00
   5.0056408e+00
   5.0048745e+00
   5.0041085e+00
   5.0033428e+00
   5.0025773e+00
   5.0018120e+00
   5.0010470e+00
   5.0002822e+00
   4.9995177e+00
   4.9987534e+00
   4.9979894e+00
   4.9972256e+00
   4.9964621e+00
   4.9956988e+00
   4.9949357e+00
   4.9941729e+00
   4.9934103e+00
   4.9926480e+00
   4.9918859e+00
   4.9911241e+00
   4.9903625e+00
   4.9896011e+00
   4.9888400e+00
   4.9880791e+00
   4.9873185e+00
   4.9865581e+00
   4.9857980e+00
   4.9850381e+00
   4.9842784e+00
   4.9835190e+00
   4.9827598e+00
   4.9820009e+00
   4.9812422e+00
   4.9804837e+00
   4.9797255e+00
   4.9789675e+00
   4.9782098e+00
   4.9774522e+00
   4.9766950e+00
   4.9759380e+00
   4.9751812e+00
   4.9744246e+00
   4.9736683e+00
   4.9729122e+00
   4.9721564e+00
   4.9714008e+00
   4.9706454e+00
   4.9698903e+00
   4.9691354e+00
   4.9683807e+00
   4.9676263e+00
   4.9668721e+00
   4.9661182e+00
   4.9653645e+00
   4.9646110e+00
   4.9638578e+00
   4.9631048e+00
   4.9623520e+00
   4.9615995e+00
   4.9608472e+00
   4.9600951e+00
   4.9593433e+00
   4.9585917e+00
   4.9578403e+00
   4.9570892e+00
   4.9563383e+00
   4.9555876e+00
   4.9548371e+00
   4.9540869e+00
   4.9533370e+00
   4.9525872e+00
   4.9518377e+00
   4.9510885e+00
   4.9503394e+00
   4.9495906e+00
   4.9488420e+00
   4.9480937e+00
   4.9473455e+00
   4.9465976e+00
   4.9458500e+00
   4.9451026e+00
   4.9443554e+00
   4.9436084e+00
   4.9428616e+00
   4.9421151e+00
   4.9413688e+00
   4.9406228e+00
   4.9398770e+00
   4.9391314e+00
   4.9383860e+00
   4.9376409e+00
   4.9368959e+00
   4.9361513e+00
   4.9354068e+00
   4.9346626e+00
   4.9339186e+00
   4.9331748e+00
   4.9324312e+00
   4.9316879e+00
   4.9309448e+00
   4.9302019e+00
   4.9294593e+00
   4.9287169e+00
   4.9279747e+00
   4.9272327e+00
   4.9264909e+00
   4.9257494e+00
   4.9250081e+00
   4.9242670e+00
   4.9235262e+00
   4.9227856e+00
   4.9220452e+00
   4.9213050e+00
   4.9205650e+00
   4.9198253e+00
   4.9190858e+00
   4.9183465e+00
   4.9176075e+00
   4.9168686e+00
   4.9161300e+00
   4.9153916e+00
   4.9146534e+00
   4.9139155e+00
   4.9131777e+00
   4.9124402e+00
   4.9117029e+00
   4.9109659e+00
   4.9102290e+00
   4.9094924e+00
   4.9087560e+00
   4.9080198e+00
   4.9072838e+00
   4.9065481e+00
   4.9058126e+00
   4.9050773e+00
   4.9043422e+00
   4.9036073e+00
   4.9028727e+00
   4.9021382e+00
   4.9014040e+00
   4.9006700e+00
   4.8999362e+00
   4.8992027e+00
   4.8984693e+00
   4.8977362e+00
   4.8970033e+00
   4.8962706e+00
   4.8955381e+00
   4.8948059e+00
   4.8940739e+00
   4.8933420e+00
   4.8926104e+00
   4.8918790e+00
   4.8911479e+00
   4.8904169e+00
   4.8896862e+00
   4.8889556e+00
   4.8882253e+00
   4.8874952e+00
   4.8867653e+00
   4.8860357e+00
   4.8853062e+00
   4.8845770e+00
   4.8838480e+00
   4.8831191e+00
   4.8823905e+00
   4.8816622e+00
   4.8809340e+00
   4.8802060e+00
   4.8794783e+00
   4.8787508e+00
   4.8780234e+00
   4.8772963e+00
   4.8765694e+00
   4.8758428e+00
   4.8751163e+00
   4.8743900e+00
   4.8736640e+00
   4.8729381e+00
   4.8722125e+00
   4.8714871e+00
   4.8707619e+00
   4.8700369e+00
   4.8693121e+00
   4.8685876e+00
   4.8678632e+00
   4.8671390e+00
   4.8664151e+00
   4.8656914e+00
   4.8649678e+00
   4.8642445e+00
   4.8635214e+00
   4.8627985e+00
   4.8620759e+00
   4.8613534e+00
   4.8606311e+00
   4.8599090e+00
   4.8591872e+00
   4.8584655e+00
   4.8577441e+00
   4.8570229e+00
   4.8563019e+00
   4.8555810e+00
   4.8548604e+00
   4.8541400e+00
   4.8534198e+00
   4.8526999e+00
   4.8519801e+00
   4.8512605e+00
   4.8505411e+00
   4.8498220e+00
   4.8491030e+00
   4.8483843e+00
   4.8476657e+00
   4.8469474e+00
   4.8462292e+00
   4.8455113e+00
   4.8447936e+00
   4.8440761e+00
   4.8433587e+00
   4.8426416e+00
   4.8419247e+00
   4.8412080e+00
   4.8404915e+00
   4.8397752e+00
   4.8390591e+00
   4.8383432e+00
   4.8376275e+00
   4.8369120e+00
   4.8361968e+00
   4.8354817e+00
   4.8347668e+00
   4.8340521e+00
   4.8333377e+00
   4.8326234e+00
   4.8319093e+00
   4.8311954e+00
   4.8304818e+00
   4.8297683e+00
   4.8290550e+00
   4.8283420e+00
   4.8276291e+00
   4.8269165e+00
   4.8262040e+00
   4.8254917e+00
   4.8247797e+00
   4.8240678e+00
   4.8233561e+00
   4.8226447e+00
   4.8219334e+00
   4.8212224e+00
   4.8205115e+00
   4.8198008e+00
   4.8190904e+00
   4.8183801e+00
   4.8176700e+00
   4.8169601e+00
   4.8162505e+00
   4.8155410e+00
   4.8148317e+00
   4.8141226e+00
   4.8134138e+00
   4.8127051e+00
   4.8119966e+00
   4.8112883e+00
   4.8105802e+00
   4.8098723e+00
   4.8091646e+00
   4.8084571e+00
   4.8077498e+00
   4.8070427e+00
   4.8063358e+00
   4.8056291e+00
   4.8049225e+00
   4.8042162e+00
   4.8035101e+00
   4.8028041e+00
   4.8020984e+00
   4.8013928e+00
   4.8006875e+00
   4.7999823e+00
   4.7992774e+00
   4.7985726e+00
   4.7978680e+00
   4.7971636e+00
   4.7964595e+00
   4.7957555e+00
   4.7950517e+00
   4.7943481e+00
   4.7936446e+00
   4.7929414e+00
   4.7922384e+00
   4.7915356e+00
   4.7908329e+00
   4.7901305e+00
   4.7894282e+00
   4.7887262e+00
   4.7880243e+00
   4.7873226e+00
   4.7866211e+00
   4.7859198e+00
   4.7852187e+00
   4.7845178e+00
   4.7838171e+00
   4.7831165e+00
   4.7824162e+00
   4.7817160e+00
   4.7810161e+00
   4.7803163e+00
   4.7796167e+00
   4.7789173e+00
   4.7782181e+00
   4.7775191e+00
   4.7768203e+00
   4.7761217e+00
   4.7754232e+00
   4.7747250e+00
   4.7740269e+00
   4.7733291e+00
   4.7726314e+00
   4.7719339e+00
   4.7712366e+00
   4.7705395e+00
   4.7698425e+00
   4.7691458e+00
   4.7684492e+00
   4.7677529e+00
   4.7670567e+00
   4.7663607e+00
   4.7656649e+00
   4.7649693e+00
   4.7642738e+00
   4.7635786e+00
   4.7628835e+00
   4.7621887e+00
   4.7614940e+00
   4.7607995e+00
   4.7601052e+00
   4.7594110e+00
   4.7587171e+00
   4.7580233e+00
   4.7573298e+00
   4.7566364e+00
   4.7559432e+00
   4.7552502e+00
   4.7545574e+00
   4.7538647e+00
   4.7531723e+00
   4.7524800e+00
   4.7517879e+00
   4.7510960e+00
   4.7504043e+00
   4.7497128e+00
   4.7490214e+00
   4.7483302e+00
   4.7476393e+00
   4.7469485e+00
   4.7462578e+00
   4.7455674e+00
   4.7448772e+00
   4.7441871e+00
   4.7434972e+00
   4.7428075e+00
   4.7421180e+00
   4.7414286e+00
   4.7407395e+00
   4.7400505e+00
   4.7393617e+00
   4.7386731e+00
   4.7379847e+00
   4.7372965e+00
   4.7366084e+00
   4.7359205e+00
   4.7352328e+00
   4.7345453e+00
   4.7338580e+00
   4.7331708e+00
   4.7324838e+00
   4.7317970e+00
   4.7311104e+00
   4.7304240e+00
   4.7297377e+00
   4.7290516e+00
   4.7283657e+00
   4.7276800e+00
   4.7269945e+00
   4.7263091e+00
   4.7256240e+00
   4.7249390e+00
   4.7242541e+00
   4.7235695e+00
   4.7228850e+00
   4.7222008e+00
   4.7215167e+00
   4.7208327e+00
   4.7201490e+00
   4.7194654e+00
   4.7187820e+00
   4.7180988e+00
   4.7174158e+00
   4.7167329e+00
   4.7160502e+00
   4.7153677e+00
   4.7146854e+00
   4.7140033e+00
   4.7133213e+00
   4.7126395e+00
   4.7119579e+00
   4.7112764e+00
   4.7105952e+00
   4.7099141e+00
   4.7092332e+00
   4.7085524e+00
   4.7078719e+00
   4.7071915e+00
   4.7065113e+00
   4.7058313e+00
   4.7051514e+00
   4.7044717e+00
   4.7037922e+00
   4.7031129e+00
   4.7024337e+00
   4.7017547e+00
   4.7010759e+00
   4.7003973e+00
   4.6997188e+00
   4.6990406e+00
   4.6983624e+00
   4.6976845e+00
   4.6970067e+00
   4.6963292e+00
   4.6956517e+00
   4.6949745e+00
   4.6942974e+00
   4.6936205e+00
   4.6929438e+00
   4.6922673e+00
   4.6915909e+00
   4.6909147e+00
   4.6902387e+00
   4.6895628e+00
   4.6888871e+00
   4.6882116e+00
   4.6875363e+00
   4.6868611e+00
   4.6861861e+00
   4.6855113e+00
   4.6848366e+00
   4.6841622e+00
   4.6834878e+00
   4.6828137e+00
   4.6821397e+00
   4.6814659e+00
   4.6807923e+00
   4.6801189e+00
   4.6794456e+00
   4.6787725e+00
   4.6780995e+00
   4.6774268e+00
   4.6767542e+00
   4.6760817e+00
   4.6754095e+00
   4.6747374e+00
   4.6740654e+00
   4.6733937e+00
   4.6727221e+00
   4.6720507e+00
   4.6713795e+00
   4.6707084e+00
   4.6700375e+00
   4.6693667e+00
   4.6686962e+00
   4.6680258e+00
   4.6673555e+00
   4.6666855e+00
   4.6660156e+00
   4.6653459e+00
   4.6646763e+00
   4.6640069e+00
   4.6633377e+00
   4.6626686e+00
   4.6619997e+00
   4.6613310e+00
   4.6606625e+00
   4.6599941e+00
   4.6593259e+00
   4.6586578e+00
   4.6579899e+00
   4.6573222e+00
   4.6566547e+00
   4.6559873e+00
   4.6553201e+00
   4.6546530e+00
   4.6539861e+00
   4.6533194e+00
   4.6526529e+00
   4.6519865e+00
   4.6513203e+00
   4.6506542e+00
   4.6499883e+00
   4.6493226e+00
   4.6486570e+00
   4.6479916e+00
   4.6473264e+00
   4.6466613e+00
   4.6459964e+00
   4.6453317e+00
   4.6446671e+00
   4.6440027e+00
   4.6433385e+00
   4.6426744e+00
   4.6420105e+00
   4.6413467e+00
   4.6406832e+00
   4.6400197e+00
   4.6393565e+00
   4.6386934e+00
   4.6380305e+00
   4.6373677e+00
   4.6367051e+00
   4.6360426e+00
   4.6353804e+00
   4.6347183e+00
   4.6340563e+00
   4.6333945e+00
   4.6327329e+00
   4.6320714e+00
   4.6314101e+00
   4.6307490e+00
   4.6300880e+00
   4.6294272e+00
   4.6287665e+00
   4.6281060e+00
   4.6274457e+00
   4.6267855e+00
   4.6261255e+00
   4.6254657e+00
   4.6248060e+00
   4.6241465e+00
   4.6234871e+00
   4.6228279e+00
   4.6221689e+00
   4.6215100e+00
   4.6208513e+00
   4.6201927e+00
   4.6195343e+00
   4.6188761e+00
   4.6182180e+00
   4.6175601e+00
   4.6169023e+00
   4.6162447e+00
   4.6155873e+00
   4.6149300e+00
   4.6142729e+00
   4.6136159e+00
   4.6129591e+00
   4.6123025e+00
   4.6116460e+00
   4.6109897e+00
   4.6103335e+00
   4.6096775e+00
   4.6090217e+00
   4.6083660e+00
   4.6077104e+00
   4.6070551e+00
   4.6063999e+00
   4.6057448e+00
   4.6050899e+00
   4.6044352e+00
   4.6037806e+00
   4.6031262e+00
   4.6024719e+00
   4.6018178e+00
   4.6011638e+00
   4.6005100e+00
   4.5998564e+00
   4.5992029e+00
   4.5985496e+00
   4.5978964e+00
   4.5972434e+00
   4.5965906e+00
   4.5959379e+00
   4.5952853e+00
   4.5946329e+00
   4.5939807e+00
   4.5933286e+00
   4.5926767e+00
   4.5920250e+00
   4.5913734e+00
   4.5907219e+00
   4.5900706e+00
   4.5894195e+00
   4.5887685e+00
   4.5881177e+00
   4.5874670e+00
   4.5868165e+00
   4.5861661e+00
   4.5855159e+00
   4.5848659e+00
   4.5842160e+00
   4.5835662e+00
   4.5829166e+00
   4.5822672e+00
   4.5816179e+00
   4.5809688e+00
   4.5803198e+00
   4.5796710e+00
   4.5790224e+00
   4.5783738e+00
   4.5777255e+00
   4.5770773e+00
   4.5764292e+00
   4.5757813e+00
   4.5751336e+00
   4.5744860e+00
   4.5738386e+00
   4.5731913e+00
   4.5725442e+00
   4.5718972e+00
   4.5712504e+00
   4.5706037e+00
   4.5699572e+00
   4.5693108e+00
   4.5686646e+00
   4.5680185e+00
   4.5673726e+00
   4.5667269e+00
   4.5660813e+00
   4.5654358e+00
   4.5647905e+00
   4.5641454e+00
   4.5635004e+00
   4.5628555e+00
   4.5622108e+00
   4.5615663e+00
   4.5609219e+00
   4.5602776e+00
