   2.9007457e-01
   2.8986321e-01
   2.8965202e-01
   2.8944098e-01
   2.8923010e-01
   2.8901937e-01
   2.8880880e-01
   2.8859839e-01
   2.8838813e-01
   2.8817803e-01
   2.8796809e-01
   2.8775830e-01
   2.8754867e-01
   2.8733919e-01
   2.8712987e-01
   2.8692071e-01
   2.8671170e-01
   2.8650284e-01
   2.8629414e-01
   2.8608560e-01
   2.8587721e-01
   2.8566898e-01
   2.8546090e-01
   2.8525297e-01
   2.8504520e-01
   2.8483759e-01
   2.8463012e-01
   2.8442282e-01
   2.8421566e-01
   2.8400866e-01
   2.8380182e-01
   2.8359512e-01
   2.8338859e-01
   2.8318220e-01
   2.8297597e-01
   2.8276989e-01
   2.8256396e-01
   2.8235819e-01
   2.8215257e-01
   2.8194710e-01
   2.8174179e-01
   2.8153662e-01
   2.8133161e-01
   2.8112675e-01
   2.8092205e-01
   2.8071749e-01
   2.8051309e-01
   2.8030884e-01
   2.8010474e-01
   2.7990080e-01
   2.7969700e-01
   2.7949336e-01
   2.7928986e-01
   2.7908652e-01
   2.7888333e-01
   2.7868029e-01
   2.7847740e-01
   2.7827466e-01
   2.7807207e-01
   2.7786963e-01
   2.7766734e-01
   2.7746520e-01
   2.7726321e-01
   2.7706138e-01
   2.7685969e-01
   2.7665815e-01
   2.7645676e-01
   2.7625552e-01
   2.7605443e-01
   2.7585349e-01
   2.7565269e-01
   2.7545205e-01
   2.7525156e-01
   2.7505121e-01
   2.7485101e-01
   2.7465096e-01
   2.7445106e-01
   2.7425131e-01
   2.7405171e-01
   2.7385225e-01
   2.7365294e-01
   2.7345378e-01
   2.7325477e-01
   2.7305590e-01
   2.7285719e-01
   2.7265862e-01
   2.7246019e-01
   2.7226192e-01
   2.7206379e-01
   2.7186581e-01
   2.7166797e-01
   2.7147028e-01
   2.7127274e-01
   2.7107535e-01
   2.7087810e-01
   2.7068099e-01
   2.7048404e-01
   2.7028723e-01
   2.7009056e-01
   2.6989404e-01
   2.6969767e-01
   2.6950506e-01
   3.0596781e-01
   3.4166234e-01
   3.7664714e-01
   4.1097239e-01
   4.4468572e-01
   4.7783150e-01
   5.1045215e-01
   5.4258850e-01
   5.7427958e-01
   6.0556458e-01
   6.3648190e-01
   6.6707142e-01
   6.9737690e-01
   7.2744609e-01
   7.5733649e-01
   7.8711740e-01
   8.1687877e-01
   8.4673942e-01
   8.7685817e-01
   9.0745699e-01
   9.3884498e-01
   9.7146967e-01
   1.0059878e+00
   1.0433996e+00
   1.0852934e+00
   1.1343282e+00
   1.1952685e+00
   1.2774010e+00
   1.4007447e+00
   1.6136511e+00
   2.0523629e+00
   3.0640622e+00
   3.9543642e+00
   4.3159098e+00
   4.4324860e+00
   4.4587716e+00
   4.4524711e+00
   4.4336377e+00
   4.4091783e+00
   4.3815526e+00
   4.3517402e+00
   4.3202299e+00
   4.2873434e+00
   4.2533368e+00
   4.2184306e+00
   4.1828234e+00
   4.1466924e+00
   4.1101939e+00
   4.0734671e+00
   4.0366350e+00
   3.9707939e+00
   3.9066446e+00
   3.8442460e+00
   3.7836315e+00
   3.7248145e+00
   3.6677925e+00
   3.6125499e+00
   3.5590617e+00
   3.5072953e+00
   3.4572121e+00
   3.4087685e+00
   3.3619177e+00
   3.3166110e+00
   3.2727985e+00
   3.2304282e+00
   3.1894487e+00
   3.1498086e+00
   3.1114570e+00
   3.0743433e+00
   3.0384180e+00
   3.0036329e+00
   2.9699410e+00
   2.9372951e+00
   2.9056540e+00
   2.8749734e+00
   2.8452120e+00
   2.8163301e+00
   2.7882899e+00
   2.7610544e+00
   2.7345877e+00
   2.7088567e+00
   2.6838309e+00
   2.6594792e+00
   2.6357702e+00
   2.6126787e+00
   2.5901771e+00
   2.5682400e+00
   2.5468434e+00
   2.5259645e+00
   2.5055815e+00
   2.4856737e+00
   2.4662217e+00
   2.4472069e+00
   2.4286105e+00
   2.4104167e+00
   2.3926099e+00
   2.3751749e+00
   2.3580993e+00
   2.3413666e+00
   2.3249654e+00
   2.3088837e+00
   2.2931101e+00
   2.2776336e+00
   2.2624441e+00
   2.2475319e+00
   2.2328879e+00
   2.2185032e+00
   2.2043698e+00
   2.1904796e+00
   2.1768256e+00
   2.1634006e+00
   2.1501979e+00
   2.1372113e+00
   2.1244349e+00
   2.1118629e+00
   2.0994906e+00
   2.0873127e+00
   2.0753246e+00
   2.0635214e+00
   2.0518987e+00
   2.0404527e+00
   2.0291795e+00
   2.0180754e+00
   2.0071369e+00
   1.9963606e+00
   1.9857436e+00
   1.9752826e+00
   1.9649749e+00
   1.9548179e+00
   1.9448104e+00
   1.9349467e+00
   1.9252261e+00
   1.9156465e+00
   1.9062055e+00
   1.8969012e+00
   1.8877334e+00
   1.8786966e+00
   1.8697908e+00
   1.8610144e+00
   1.8523655e+00
   1.8438441e+00
   1.8354457e+00
   1.8271704e+00
   1.8190165e+00
   1.8109847e+00
   1.8030714e+00
   1.7952742e+00
   1.7875933e+00
   1.7800289e+00
   1.7725771e+00
   1.7652380e+00
   1.7580120e+00
   1.7508966e+00
   1.7438894e+00
   1.7369907e+00
   1.7302010e+00
   1.7235164e+00
   1.7169374e+00
   1.7104631e+00
   1.7040926e+00
   1.6978271e+00
   1.6916615e+00
   1.6855969e+00
   1.6796327e+00
   1.6737699e+00
   1.6680038e+00
   1.6623355e+00
   1.6567641e+00
   1.6512912e+00
   1.6459115e+00
   1.6406265e+00
   1.6354354e+00
   1.6303394e+00
   1.6253339e+00
   1.6204201e+00
   1.6155992e+00
   1.6108665e+00
   1.6062233e+00
   1.6016689e+00
   1.5972026e+00
   1.5928236e+00
   1.5885312e+00
   1.5843266e+00
   1.5802055e+00
   1.5761709e+00
   1.5722182e+00
   1.5683487e+00
   1.5645618e+00
   1.5608566e+00
   1.5572327e+00
   1.5536893e+00
   1.5502256e+00
   1.5468412e+00
   1.5435352e+00
   1.5403069e+00
   1.5371576e+00
   1.5340829e+00
   1.5310858e+00
   1.5281622e+00
   1.5253147e+00
   1.5225394e+00
   1.5198373e+00
   1.5172077e+00
   1.5146500e+00
   1.5121635e+00
   1.5097476e+00
   1.5074016e+00
   1.5051249e+00
   1.5029168e+00
   1.5007767e+00
   1.4987039e+00
   1.4966977e+00
   1.4947576e+00
   1.4928828e+00
   1.4910728e+00
   1.4893267e+00
   1.4876440e+00
   1.4860241e+00
   1.4844663e+00
   1.4829699e+00
   1.4815344e+00
   1.4801590e+00
   1.4788433e+00
   1.4775865e+00
   1.4763878e+00
   1.4752467e+00
   1.4741625e+00
   1.4731346e+00
   1.4721624e+00
   1.4712453e+00
   1.4703825e+00
   1.4695733e+00
   1.4688172e+00
   1.4681135e+00
   1.4674617e+00
   1.4668610e+00
   1.4663108e+00
   1.4658105e+00
   1.4653593e+00
   1.4649568e+00
   1.4646022e+00
   1.4642950e+00
   1.4640344e+00
   1.4638198e+00
   1.4636506e+00
   1.4635261e+00
   1.4634458e+00
   1.4634090e+00
   1.4634151e+00
   1.4634635e+00
   1.4635535e+00
   1.4636847e+00
   1.4638563e+00
   1.4640678e+00
   1.4643185e+00
   1.4646080e+00
   1.4649355e+00
   1.4653006e+00
   1.4657027e+00
   1.4661411e+00
   1.4666155e+00
   1.4671251e+00
   1.4676695e+00
   1.4682482e+00
   1.4688606e+00
   1.4695062e+00
   1.4701846e+00
   1.4708953e+00
   1.4716377e+00
   1.4724115e+00
   1.4732162e+00
   1.4740513e+00
   1.4749164e+00
   1.4758112e+00
   1.4767353e+00
   1.4776882e+00
   1.4786697e+00
   1.4796792e+00
   1.4807167e+00
   1.4817816e+00
   1.4828738e+00
   1.4839928e+00
   1.4851385e+00
   1.4863106e+00
   1.4875088e+00
   1.4887329e+00
   1.4899827e+00
   1.4912578e+00
   1.4925583e+00
   1.4938837e+00
   1.4952340e+00
   1.4966089e+00
   1.4980084e+00
   1.4994321e+00
   1.5008800e+00
   1.5023519e+00
   1.5038475e+00
   1.5053669e+00
   1.5069098e+00
   1.5084760e+00
   1.5100655e+00
   1.5116780e+00
   1.5133134e+00
   1.5149716e+00
   1.5166523e+00
   1.5183555e+00
   1.5200809e+00
   1.5218285e+00
   1.5235980e+00
   1.5253892e+00
   1.5272020e+00
   1.5290362e+00
   1.5308916e+00
   1.5327680e+00
   1.5346653e+00
   1.5365832e+00
   1.5385215e+00
   1.5404801e+00
   1.5424586e+00
   1.5444570e+00
   1.5464749e+00
   1.5485123e+00
   1.5505687e+00
   1.5526441e+00
   1.5547382e+00
   1.5568508e+00
   1.5589816e+00
   1.5611304e+00
   1.5632969e+00
   1.5654810e+00
   1.5676824e+00
   1.5699008e+00
   1.5721360e+00
   1.5743879e+00
   1.5766560e+00
   1.5789402e+00
   1.5812403e+00
   1.5835560e+00
   1.5858871e+00
   1.5882332e+00
   1.5905943e+00
   1.5929700e+00
   1.5953601e+00
   1.5977643e+00
   1.6001825e+00
   1.6026144e+00
   1.6050597e+00
   1.6075182e+00
   1.6099898e+00
   1.6124740e+00
   1.6149708e+00
   1.6174799e+00
   1.6200011e+00
   1.6225341e+00
   1.6250787e+00
   1.6276347e+00
   1.6302018e+00
   1.6327799e+00
   1.6353688e+00
   1.6379682e+00
   1.6405778e+00
   1.6431976e+00
   1.6458272e+00
   1.6484665e+00
   1.6511153e+00
   1.6537734e+00
   1.6564405e+00
   1.6591164e+00
   1.6618011e+00
   1.6644942e+00
   1.6671955e+00
   1.6699050e+00
   1.6726223e+00
   1.6753473e+00
   1.6780798e+00
   1.6808197e+00
   1.6835666e+00
   1.6863206e+00
   1.6890813e+00
   1.6918486e+00
   1.6946224e+00
   1.6974024e+00
   1.7001884e+00
   1.7029804e+00
   1.7057781e+00
   1.7085814e+00
   1.7113901e+00
   1.7142041e+00
   1.7170231e+00
   1.7198470e+00
   1.7226757e+00
   1.7255090e+00
   1.7283468e+00
   1.7311889e+00
   1.7340351e+00
   1.7368853e+00
   1.7397393e+00
   1.7425971e+00
   1.7454584e+00
   1.7483232e+00
   1.7511912e+00
   1.7540623e+00
   1.7569365e+00
   1.7598135e+00
   1.7626932e+00
   1.7655755e+00
   1.7684602e+00
   1.7713473e+00
   1.7742366e+00
   1.7771279e+00
   1.7800212e+00
   1.7829163e+00
   1.7858131e+00
   1.7887114e+00
   1.7916112e+00
   1.7945123e+00
   1.7974146e+00
   1.8003180e+00
   1.8032224e+00
   1.8061276e+00
   1.8090336e+00
   1.8119402e+00
   1.8148474e+00
   1.8177549e+00
   1.8206628e+00
   1.8235708e+00
   1.8264790e+00
   1.8293871e+00
   1.8322951e+00
   1.8352029e+00
   1.8381104e+00
   1.8410174e+00
   1.8439239e+00
   1.8468299e+00
   1.8497351e+00
   1.8526395e+00
   1.8555430e+00
   1.8584454e+00
   1.8613469e+00
   1.8642471e+00
   1.8671460e+00
   1.8700437e+00
   1.8729398e+00
   1.8758344e+00
   1.8787274e+00
   1.8816188e+00
   1.8845083e+00
   1.8873959e+00
   1.8902816e+00
   1.8931653e+00
   1.8960469e+00
   1.8989263e+00
   1.9018034e+00
   1.9046781e+00
   1.9075505e+00
   1.9104203e+00
   1.9132876e+00
   1.9161523e+00
   1.9190142e+00
   1.9218733e+00
   1.9247296e+00
   1.9275830e+00
   1.9304334e+00
   1.9332807e+00
   1.9361249e+00
   1.9389659e+00
   1.9418037e+00
   1.9446381e+00
   1.9474691e+00
   1.9502967e+00
   1.9531208e+00
   1.9559413e+00
   1.9587582e+00
   1.9615714e+00
   1.9643808e+00
   1.9671864e+00
   1.9699882e+00
   1.9727861e+00
   1.9755799e+00
   1.9783698e+00
   1.9811555e+00
   1.9839372e+00
   1.9867146e+00
   1.9894878e+00
   1.9922567e+00
   1.9950213e+00
   1.9977814e+00
   2.0005372e+00
   2.0032884e+00
   2.0060351e+00
   2.0087772e+00
   2.0115147e+00
   2.0142475e+00
   2.0169756e+00
   2.0196989e+00
   2.0224175e+00
   2.0251311e+00
   2.0278399e+00
   2.0305438e+00
   2.0332426e+00
   2.0359365e+00
   2.0386253e+00
   2.0413090e+00
   2.0439875e+00
   2.0466609e+00
   2.0493291e+00
   2.0519920e+00
   2.0546497e+00
   2.0573020e+00
   2.0599490e+00
   2.0625906e+00
   2.0652268e+00
   2.0678575e+00
   2.0704827e+00
   2.0731024e+00
   2.0757166e+00
   2.0783252e+00
   2.0809281e+00
   2.0835254e+00
   2.0861171e+00
   2.0887030e+00
   2.0912832e+00
   2.0938577e+00
   2.0964264e+00
   2.0989892e+00
   2.1015462e+00
   2.1040974e+00
   2.1066426e+00
   2.1091819e+00
   2.1117153e+00
   2.1142427e+00
   2.1167642e+00
   2.1192796e+00
   2.1217890e+00
   2.1242923e+00
   2.1267895e+00
   2.1292806e+00
   2.1317656e+00
   2.1342445e+00
   2.1367172e+00
   2.1391837e+00
   2.1416440e+00
   2.1440981e+00
   2.1465459e+00
   2.1489875e+00
   2.1514228e+00
   2.1538518e+00
   2.1562744e+00
   2.1586908e+00
   2.1611008e+00
   2.1635044e+00
   2.1659017e+00
   2.1682925e+00
   2.1706770e+00
   2.1730550e+00
   2.1754266e+00
   2.1777918e+00
   2.1801504e+00
   2.1825026e+00
   2.1848483e+00
   2.1871875e+00
   2.1895202e+00
   2.1918464e+00
   2.1941660e+00
   2.1964791e+00
   2.1987856e+00
   2.2010855e+00
   2.2033789e+00
   2.2056656e+00
   2.2079458e+00
   2.2102194e+00
   2.2124863e+00
   2.2147466e+00
   2.2170003e+00
   2.2192473e+00
   2.2214877e+00
   2.2237214e+00
   2.2259485e+00
   2.2281688e+00
   2.2303825e+00
   2.2325895e+00
   2.2347899e+00
   2.2369835e+00
   2.2391704e+00
   2.2413506e+00
   2.2435241e+00
   2.2456909e+00
   2.2478510e+00
   2.2500043e+00
   2.2521509e+00
   2.2542908e+00
   2.2564239e+00
   2.2585503e+00
   2.2606699e+00
   2.2627828e+00
   2.2648889e+00
   2.2669883e+00
   2.2690810e+00
   2.2711668e+00
   2.2732459e+00
   2.2753183e+00
   2.2773839e+00
   2.2794427e+00
   2.2814948e+00
   2.2835401e+00
   2.2855787e+00
   2.2876104e+00
   2.2896355e+00
   2.2916537e+00
   2.2936652e+00
   2.2956699e+00
   2.2976679e+00
   2.2996591e+00
   2.3016436e+00
   2.3036212e+00
   2.3055922e+00
   2.3075563e+00
   2.3095138e+00
   2.3114644e+00
   2.3134084e+00
   2.3153455e+00
   2.3172760e+00
   2.3191996e+00
   2.3211166e+00
   2.3230268e+00
   2.3249303e+00
   2.3268270e+00
   2.3287171e+00
   2.3306004e+00
   2.3324770e+00
   2.3343469e+00
   2.3362100e+00
   2.3380665e+00
   2.3399163e+00
   2.3417593e+00
   2.3435957e+00
   2.3454254e+00
   2.3472484e+00
   2.3490647e+00
   2.3508744e+00
   2.3526774e+00
   2.3544738e+00
   2.3562634e+00
   2.3580465e+00
   2.3598229e+00
   2.3615927e+00
   2.3633558e+00
   2.3651123e+00
   2.3668622e+00
   2.3686055e+00
   2.3703422e+00
   2.3720723e+00
   2.3737958e+00
   2.3755127e+00
   2.3772231e+00
   2.3789268e+00
   2.3806241e+00
   2.3823147e+00
   2.3839989e+00
   2.3856764e+00
   2.3873475e+00
   2.3890121e+00
   2.3906701e+00
   2.3923216e+00
   2.3939666e+00
   2.3956052e+00
   2.3972372e+00
   2.3988628e+00
   2.4004820e+00
   2.4020947e+00
   2.4037009e+00
   2.4053007e+00
   2.4068941e+00
   2.4084810e+00
   2.4100616e+00
   2.4116357e+00
   2.4132035e+00
   2.4147649e+00
   2.4163199e+00
   2.4178686e+00
   2.4194109e+00
   2.4209468e+00
   2.4224765e+00
   2.4239998e+00
   2.4255168e+00
   2.4270275e+00
   2.4285319e+00
   2.4300300e+00
   2.4315219e+00
   2.4330075e+00
   2.4344869e+00
   2.4359600e+00
   2.4374269e+00
   2.4388876e+00
   2.4403420e+00
   2.4417903e+00
   2.4432324e+00
   2.4446683e+00
   2.4460981e+00
   2.4475217e+00
   2.4489392e+00
   2.4503505e+00
   2.4517557e+00
   2.4531549e+00
   2.4545479e+00
   2.4559348e+00
   2.4573157e+00
   2.4586905e+00
   2.4600593e+00
   2.4614220e+00
   2.4627787e+00
   2.4641294e+00
   2.4654741e+00
   2.4668128e+00
   2.4681455e+00
   2.4694723e+00
   2.4707931e+00
   2.4721079e+00
   2.4734169e+00
   2.4747199e+00
   2.4760170e+00
   2.4773082e+00
   2.4785936e+00
   2.4798730e+00
   2.4811466e+00
   2.4824144e+00
   2.4836764e+00
   2.4849325e+00
   2.4861828e+00
   2.4874273e+00
   2.4886661e+00
   2.4898991e+00
   2.4911263e+00
   2.4923478e+00
   2.4935635e+00
   2.4947736e+00
   2.4959779e+00
   2.4971765e+00
   2.4983695e+00
   2.4995568e+00
   2.5007385e+00
   2.5019145e+00
   2.5030849e+00
   2.5042496e+00
   2.5054088e+00
   2.5065624e+00
   2.5077104e+00
   2.5088529e+00
   2.5099898e+00
   2.5111211e+00
   2.5122470e+00
   2.5133673e+00
   2.5144822e+00
   2.5155916e+00
   2.5166955e+00
   2.5177939e+00
   2.5188869e+00
   2.5199745e+00
   2.5210567e+00
   2.5221334e+00
   2.5232048e+00
   2.5242708e+00
   2.5253315e+00
   2.5263868e+00
   2.5274368e+00
   2.5284814e+00
   2.5295208e+00
   2.5305548e+00
   2.5315836e+00
   2.5326071e+00
   2.5336254e+00
   2.5346384e+00
   2.5356462e+00
   2.5366488e+00
   2.5376462e+00
   2.5386385e+00
   2.5396255e+00
   2.5406074e+00
   2.5415842e+00
   2.5425558e+00
   2.5435223e+00
   2.5444837e+00
   2.5454401e+00
   2.5463913e+00
   2.5473376e+00
   2.5482787e+00
   2.5492149e+00
   2.5501460e+00
   2.5510721e+00
   2.5519932e+00
   2.5529094e+00
   2.5538206e+00
   2.5547269e+00
   2.5556282e+00
   2.5565246e+00
   2.5574161e+00
   2.5583027e+00
   2.5591844e+00
   2.5600613e+00
   2.5609333e+00
   2.5618005e+00
   2.5626629e+00
   2.5635205e+00
   2.5643733e+00
   2.5652213e+00
   2.5660645e+00
   2.5669030e+00
   2.5677367e+00
   2.5685658e+00
   2.5693901e+00
   2.5702097e+00
   2.5710247e+00
   2.5718350e+00
   2.5726406e+00
   2.5734416e+00
   2.5742380e+00
   2.5750298e+00
   2.5758169e+00
   2.5765995e+00
   2.5773776e+00
   2.5781510e+00
   2.5789200e+00
   2.5796844e+00
   2.5804443e+00
   2.5811997e+00
   2.5819506e+00
   2.5826971e+00
   2.5834391e+00
   2.5841767e+00
   2.5849098e+00
   2.5856385e+00
   2.5863629e+00
   2.5870828e+00
   2.5877984e+00
   2.5885096e+00
   2.5892165e+00
   2.5899191e+00
   2.5906173e+00
   2.5913112e+00
   2.5920009e+00
   2.5926863e+00
   2.5933674e+00
   2.5940443e+00
   2.5947170e+00
   2.5953854e+00
   2.5960497e+00
   2.5967097e+00
   2.5973656e+00
   2.5980173e+00
   2.5986649e+00
   2.5993084e+00
   2.5999477e+00
   2.6005830e+00
   2.6012141e+00
   2.6018412e+00
   2.6024642e+00
   2.6030831e+00
   2.6036981e+00
   2.6043090e+00
   2.6049159e+00
   2.6055188e+00
   2.6061177e+00
   2.6067127e+00
   2.6073037e+00
   2.6078908e+00
   2.6084740e+00
   2.6090533e+00
   2.6096286e+00
   2.6102001e+00
   2.6107677e+00
   2.6113315e+00
   2.6118914e+00
   2.6124475e+00
   2.6129998e+00
   2.6135483e+00
   2.6140930e+00
   2.6146340e+00
   2.6151712e+00
   2.6157046e+00
   2.6162343e+00
   2.6167603e+00
   2.6172826e+00
   2.6178012e+00
   2.6183162e+00
   2.6188275e+00
   2.6193351e+00
   2.6198391e+00
   2.6203395e+00
   2.6208363e+00
   2.6213295e+00
   2.6218191e+00
   2.6223051e+00
   2.6227876e+00
   2.6232666e+00
   2.6237420e+00
   2.6242140e+00
   2.6246824e+00
   2.6251473e+00
   2.6256088e+00
   2.6260668e+00
   2.6265214e+00
   2.6269726e+00
   2.6274203e+00
   2.6278647e+00
   2.6283056e+00
   2.6287432e+00
   2.6291774e+00
   2.6296083e+00
   2.6300358e+00
   2.6304600e+00
   2.6308809e+00
   2.6312985e+00
   2.6317128e+00
   2.6321239e+00
   2.6325317e+00
   2.6329363e+00
   2.6333376e+00
   2.6337357e+00
   2.6341306e+00
   2.6345224e+00
   2.6349109e+00
   2.6352963e+00
   2.6356786e+00
   2.6360577e+00
   2.6364336e+00
   2.6368065e+00
   2.6371763e+00
   2.6375430e+00
   2.6379066e+00
   2.6382672e+00
   2.6386247e+00
   2.6389792e+00
   2.6393307e+00
   2.6396792e+00
   2.6400247e+00
   2.6403672e+00
   2.6407067e+00
   2.6410433e+00
   2.6413770e+00
   2.6417077e+00
   2.6420355e+00
   2.6423604e+00
   2.6426825e+00
   2.6430016e+00
   2.6433179e+00
   2.6436313e+00
   2.6439419e+00
   2.6442497e+00
   2.6445547e+00
   2.6448568e+00
   2.6451562e+00
   2.6454528e+00
   2.6457467e+00
   2.6460378e+00
   2.6463261e+00
   2.6466118e+00
   2.6468947e+00
   2.6471750e+00
   2.6474525e+00
   2.6477274e+00
   2.6479996e+00
   2.6482692e+00
   2.6485362e+00
   2.6488005e+00
   2.6490622e+00
   2.6493213e+00
   2.6495779e+00
   2.6498318e+00
   2.6500832e+00
   2.6503321e+00
   2.6505784e+00
   2.6508222e+00
   2.6510635e+00
   2.6513023e+00
   2.6515386e+00
   2.6517725e+00
   2.6520039e+00
   2.6522328e+00
   2.6524593e+00
   2.6526834e+00
   2.6529050e+00
   2.6531243e+00
   2.6533412e+00
   2.6535557e+00
   2.6537678e+00
   2.6539776e+00
   2.6541851e+00
   2.6543902e+00
   2.6545930e+00
   2.6547936e+00
   2.6549918e+00
   2.6551877e+00
   2.6553814e+00
   2.6555728e+00
   2.6557620e+00
   2.6559490e+00
   2.6561337e+00
   2.6563163e+00
   2.6564966e+00
   2.6566748e+00
   2.6568508e+00
   2.6570246e+00
   2.6571963e+00
   2.6573659e+00
   2.6575333e+00
   2.6576986e+00
   2.6578618e+00
   2.6580230e+00
   2.6581820e+00
   2.6583390e+00
   2.6584939e+00
   2.6586468e+00
   2.6587977e+00
   2.6589466e+00
   2.6590934e+00
   2.6592383e+00
   2.6593812e+00
   2.6595221e+00
   2.6596610e+00
   2.6597980e+00
   2.6599330e+00
   2.6600662e+00
   2.6601974e+00
   2.6603267e+00
   2.6604541e+00
   2.6605797e+00
   2.6607034e+00
   2.6608252e+00
   2.6609452e+00
   2.6610633e+00
   2.6611796e+00
   2.6612941e+00
   2.6614068e+00
   2.6615178e+00
   2.6616269e+00
   2.6617343e+00
   2.6618399e+00
   2.6619438e+00
   2.6620459e+00
   2.6621464e+00
   2.6622451e+00
   2.6623421e+00
   2.6624374e+00
   2.6625311e+00
   2.6626230e+00
   2.6627134e+00
   2.6628020e+00
   2.6628891e+00
   2.6629745e+00
   2.6630583e+00
   2.6631406e+00
   2.6632212e+00
   2.6633002e+00
   2.6633777e+00
   2.6634536e+00
   2.6635280e+00
   2.6636009e+00
   2.6636722e+00
   2.6637420e+00
   2.6638103e+00
   2.6638771e+00
   2.6639424e+00
   2.6640063e+00
   2.6640687e+00
   2.6641296e+00
   2.6641891e+00
   2.6642472e+00
   2.6643039e+00
   2.6643591e+00
   2.6644130e+00
   2.6644655e+00
   2.6645166e+00
   2.6645663e+00
   2.6646147e+00
   2.6646617e+00
   2.6647074e+00
   2.6647518e+00
   2.6647949e+00
   2.6648367e+00
   2.6648771e+00
   2.6649163e+00
   2.6649543e+00
   2.6649909e+00
   2.6650264e+00
   2.6650605e+00
   2.6650935e+00
   2.6651252e+00
   2.6651557e+00
   2.6651850e+00
   2.6652132e+00
   2.6652401e+00
   2.6652659e+00
   2.6652905e+00
   2.6653140e+00
   2.6653364e+00
   2.6653576e+00
   2.6653777e+00
   2.6653967e+00
   2.6654145e+00
   2.6654313e+00
   2.6654471e+00
   2.6654617e+00
   2.6654753e+00
   2.6654879e+00
   2.6654994e+00
   2.6655099e+00
   2.6655194e+00
   2.6655278e+00
   2.6655353e+00
   2.6655418e+00
   2.6655473e+00
   2.6655518e+00
   2.6655554e+00
   2.6655580e+00
   2.6655597e+00
   2.6655604e+00
   2.6655602e+00
   2.6655592e+00
   2.6655572e+00
   2.6655543e+00
   2.6655506e+00
   2.6655459e+00
   2.6655405e+00
   2.6655341e+00
   2.6655269e+00
   2.6655189e+00
   2.6655101e+00
   2.6655004e+00
   2.6654900e+00
   2.6654787e+00
   2.6654667e+00
   2.6654539e+00
   2.6654403e+00
   2.6654260e+00
   2.6654109e+00
   2.6653951e+00
   2.6653785e+00
   2.6653612e+00
   2.6653433e+00
   2.6653246e+00
   2.6653052e+00
   2.6652851e+00
   2.6652644e+00
   2.6652430e+00
   2.6652210e+00
   2.6651983e+00
   2.6651749e+00
   2.6651510e+00
   2.6651264e+00
   2.6651012e+00
   2.6650754e+00
   2.6650490e+00
   2.6650221e+00
   2.6649945e+00
   2.6649665e+00
   2.6649378e+00
   2.6649086e+00
   2.6648789e+00
   2.6648486e+00
   2.6648178e+00
   2.6647865e+00
   2.6647548e+00
   2.6647225e+00
   2.6646897e+00
   2.6646565e+00
   2.6646228e+00
   2.6645886e+00
   2.6645540e+00
   2.6645190e+00
   2.6644835e+00
   2.6644476e+00
   2.6644113e+00
   2.6643746e+00
   2.6643375e+00
   2.6643000e+00
   2.6642621e+00
   2.6642239e+00
   2.6641853e+00
   2.6641463e+00
   2.6641070e+00
   2.6640674e+00
   2.6640275e+00
   2.6639872e+00
   2.6639466e+00
   2.6639058e+00
   2.6638646e+00
   2.6638232e+00
   2.6637814e+00
   2.6637395e+00
   2.6636972e+00
   2.6636547e+00
   2.6636120e+00
   2.6635690e+00
   2.6635259e+00
   2.6634825e+00
   2.6634389e+00
   2.6633951e+00
   2.6633511e+00
   2.6633069e+00
   2.6632626e+00
   2.6632180e+00
   2.6631734e+00
   2.6631286e+00
   2.6630836e+00
   2.6630385e+00
   2.6629933e+00
   2.6629480e+00
   2.6629026e+00
   2.6628571e+00
   2.6628115e+00
   2.6627658e+00
   2.6627200e+00
   2.6626742e+00
   2.6626283e+00
   2.6625823e+00
   2.6625364e+00
   2.6624904e+00
   2.6624443e+00
   2.6623983e+00
   2.6623522e+00
   2.6623062e+00
   2.6622601e+00
   2.6622141e+00
   2.6621680e+00
   2.6621221e+00
   2.6620761e+00
   2.6620302e+00
   2.6619844e+00
   2.6619386e+00
   2.6618929e+00
   2.6618473e+00
   2.6618017e+00
   2.6617563e+00
   2.6617110e+00
   2.6616657e+00
   2.6616206e+00
   2.6615756e+00
   2.6615308e+00
   2.6614861e+00
   2.6614415e+00
   2.6613971e+00
   2.6613529e+00
   2.6613088e+00
   2.6612650e+00
   2.6612213e+00
   2.6611778e+00
   2.6611345e+00
   2.6610914e+00
   2.6610485e+00
   2.6610059e+00
   2.6609635e+00
   2.6609214e+00
   2.6608795e+00
   2.6608378e+00
   2.6607964e+00
   2.6607553e+00
   2.6607145e+00
   2.6606740e+00
   2.6606337e+00
   2.6605938e+00
   2.6605542e+00
   2.6605148e+00
   2.6604759e+00
   2.6604372e+00
   2.6603989e+00
   2.6603609e+00
   2.6603233e+00
   2.6602861e+00
   2.6602492e+00
   2.6602127e+00
   2.6601766e+00
   2.6601409e+00
   2.6601056e+00
   2.6600707e+00
   2.6600362e+00
   2.6600022e+00
   2.6599685e+00
   2.6599353e+00
   2.6599026e+00
   2.6598703e+00
   2.6598384e+00
   2.6598071e+00
   2.6597762e+00
   2.6597457e+00
   2.6597158e+00
   2.6596864e+00
   2.6596574e+00
   2.6596290e+00
   2.6596011e+00
   2.6595737e+00
   2.6595469e+00
   2.6595206e+00
   2.6594948e+00
   2.6594696e+00
   2.6594450e+00
   2.6594209e+00
   2.6593974e+00
   2.6593745e+00
   2.6593522e+00
   2.6593304e+00
   2.6593093e+00
   2.6592888e+00
   2.6592689e+00
   2.6592496e+00
   2.6592310e+00
   2.6592130e+00
   2.6591956e+00
   2.6591789e+00
   2.6591629e+00
   2.6591475e+00
   2.6591328e+00
   2.6591188e+00
   2.6591055e+00
   2.6590928e+00
   2.6590809e+00
   2.6590697e+00
   2.6590592e+00
   2.6590494e+00
   2.6590403e+00
   2.6590320e+00
   2.6590245e+00
   2.6590177e+00
   2.6590116e+00
   2.6590063e+00
   2.6590018e+00
   2.6589981e+00
   2.6589951e+00
   2.6589930e+00
   2.6589916e+00
   2.6589910e+00
   2.6589913e+00
   2.6589924e+00
   2.6589943e+00
   2.6589971e+00
   2.6590006e+00
   2.6590051e+00
   2.6590104e+00
   2.6590165e+00
   2.6590236e+00
   2.6590315e+00
   2.6590402e+00
   2.6590499e+00
   2.6590605e+00
   2.6590720e+00
   2.6590843e+00
   2.6590976e+00
   2.6591119e+00
   2.6591270e+00
   2.6591431e+00
   2.6591601e+00
   2.6591781e+00
   2.6591971e+00
   2.6592170e+00
   2.6592378e+00
   2.6592597e+00
   2.6592825e+00
   2.6593064e+00
   2.6593312e+00
   2.6593570e+00
   2.6593839e+00
   2.6594117e+00
   2.6594406e+00
   2.6594705e+00
   2.6595015e+00
   2.6595335e+00
   2.6595665e+00
   2.6596006e+00
   2.6596358e+00
   2.6596721e+00
   2.6597094e+00
   2.6597478e+00
   2.6597873e+00
   2.6598279e+00
   2.6598696e+00
   2.6599124e+00
   2.6599564e+00
   2.6600014e+00
   2.6600476e+00
   2.6600949e+00
   2.6601434e+00
   2.6601930e+00
   2.6602438e+00
   2.6602958e+00
   2.6603489e+00
   2.6604032e+00
   2.6604587e+00
   2.6605154e+00
   2.6605732e+00
   2.6606323e+00
   2.6606926e+00
   2.6607541e+00
   2.6608169e+00
   2.6608808e+00
   2.6609460e+00
   2.6610125e+00
   2.6610802e+00
   2.6611491e+00
   2.6612194e+00
   2.6612908e+00
   2.6613636e+00
   2.6614377e+00
   2.6615130e+00
   2.6615897e+00
   2.6616676e+00
   2.6617469e+00
   2.6618274e+00
   2.6619093e+00
   2.6619926e+00
   2.6620771e+00
   2.6621630e+00
   2.6622503e+00
   2.6623389e+00
   2.6624289e+00
   2.6625203e+00
   2.6626130e+00
   2.6627071e+00
   2.6628026e+00
   2.6628995e+00
   2.6629978e+00
   2.6630975e+00
   2.6631986e+00
   2.6633012e+00
   2.6634052e+00
   2.6635106e+00
   2.6636175e+00
   2.6637258e+00
   2.6638355e+00
   2.6639468e+00
   2.6640595e+00
   2.6641736e+00
   2.6642893e+00
   2.6644064e+00
   2.6645251e+00
   2.6646452e+00
   2.6647669e+00
   2.6648901e+00
   2.6650147e+00
   2.6651410e+00
   2.6652687e+00
   2.6653980e+00
   2.6655289e+00
   2.6656613e+00
   2.6657952e+00
   2.6659308e+00
   2.6660679e+00
   2.6662066e+00
   2.6663469e+00
   2.6664888e+00
   2.6666322e+00
   2.6667773e+00
   2.6669240e+00
   2.6670724e+00
   2.6672223e+00
   2.6673739e+00
   2.6675271e+00
   2.6676820e+00
   2.6678386e+00
   2.6679968e+00
   2.6681567e+00
   2.6683182e+00
   2.6684814e+00
   2.6686464e+00
   2.6688130e+00
   2.6689813e+00
   2.6691513e+00
   2.6693231e+00
   2.6694966e+00
   2.6696718e+00
   2.6698487e+00
   2.6700274e+00
   2.6702078e+00
   2.6703900e+00
   2.6705740e+00
   2.6707597e+00
   2.6709472e+00
   2.6711365e+00
   2.6713276e+00
   2.6715205e+00
   2.6717152e+00
   2.6719117e+00
   2.6721100e+00
   2.6723101e+00
   2.6725121e+00
   2.6727159e+00
   2.6729216e+00
   2.6731291e+00
   2.6733385e+00
   2.6735497e+00
   2.6737628e+00
   2.6739778e+00
   2.6741947e+00
   2.6744135e+00
   2.6746342e+00
   2.6748568e+00
   2.6750813e+00
   2.6753077e+00
   2.6755361e+00
   2.6757664e+00
   2.6759986e+00
   2.6762328e+00
   2.6764690e+00
   2.6767071e+00
   2.6769472e+00
   2.6771892e+00
   2.6774333e+00
   2.6776793e+00
   2.6779274e+00
   2.6781775e+00
   2.6784295e+00
   2.6786836e+00
   2.6789397e+00
   2.6791979e+00
   2.6794581e+00
   2.6797204e+00
   2.6799847e+00
   2.6802510e+00
   2.6805195e+00
   2.6807900e+00
   2.6810626e+00
   2.6813374e+00
   2.6816142e+00
   2.6818931e+00
   2.6821741e+00
   2.6824573e+00
   2.6827426e+00
   2.6830300e+00
   2.6833196e+00
   2.6836113e+00
   2.6839052e+00
   2.6842012e+00
   2.6844995e+00
   2.6847999e+00
   2.6851025e+00
   2.6854073e+00
   2.6857143e+00
   2.6860235e+00
   2.6863349e+00
   2.6866486e+00
   2.6869645e+00
   2.6872826e+00
   2.6876030e+00
   2.6879257e+00
   2.6882506e+00
   2.6885778e+00
   2.6889072e+00
   2.6892390e+00
   2.6895731e+00
   2.6899094e+00
   2.6902481e+00
   2.6905891e+00
   2.6909324e+00
   2.6912780e+00
   2.6916260e+00
   2.6919763e+00
   2.6923290e+00
   2.6926841e+00
   2.6930415e+00
   2.6934013e+00
   2.6937635e+00
   2.6941281e+00
   2.6944951e+00
   2.6948645e+00
   2.6952364e+00
   2.6956107e+00
   2.6959874e+00
   2.6963665e+00
   2.6967481e+00
   2.6971322e+00
   2.6975187e+00
   2.6979077e+00
   2.6982992e+00
   2.6986932e+00
   2.6990897e+00
   2.6994887e+00
   2.6998902e+00
   2.7002942e+00
   2.7007008e+00
   2.7011099e+00
   2.7015216e+00
   2.7019358e+00
   2.7023526e+00
   2.7027720e+00
   2.7031939e+00
   2.7036185e+00
   2.7040456e+00
   2.7044754e+00
   2.7049078e+00
   2.7053428e+00
   2.7057804e+00
   2.7062207e+00
   2.7066637e+00
   2.7071092e+00
   2.7075575e+00
   2.7080085e+00
   2.7084621e+00
   2.7089184e+00
   2.7093774e+00
   2.7098392e+00
   2.7103037e+00
   2.7107708e+00
   2.7112408e+00
   2.7117135e+00
   2.7121889e+00
   2.7126671e+00
   2.7131481e+00
   2.7136319e+00
   2.7141184e+00
   2.7146078e+00
   2.7150999e+00
   2.7155949e+00
   2.7160928e+00
   2.7165934e+00
   2.7170969e+00
   2.7176033e+00
   2.7181125e+00
   2.7186246e+00
   2.7191396e+00
   2.7196575e+00
   2.7201783e+00
   2.7207020e+00
   2.7212286e+00
   2.7217581e+00
   2.7222906e+00
   2.7228260e+00
   2.7233644e+00
   2.7239058e+00
   2.7244501e+00
   2.7249975e+00
   2.7255478e+00
   2.7261011e+00
   2.7266575e+00
   2.7272169e+00
   2.7277793e+00
   2.7283448e+00
   2.7289133e+00
   2.7294849e+00
   2.7300595e+00
   2.7306373e+00
   2.7312181e+00
   2.7318021e+00
   2.7323892e+00
   2.7329793e+00
   2.7335727e+00
   2.7341692e+00
   2.7347688e+00
   2.7353716e+00
   2.7359776e+00
   2.7365867e+00
   2.7371991e+00
   2.7378146e+00
   2.7384334e+00
   2.7390554e+00
   2.7396807e+00
   2.7403092e+00
   2.7409410e+00
   2.7415760e+00
   2.7422143e+00
   2.7428559e+00
   2.7435008e+00
   2.7441490e+00
   2.7448006e+00
   2.7454555e+00
   2.7461137e+00
   2.7467753e+00
   2.7474402e+00
   2.7481085e+00
   2.7487803e+00
   2.7494554e+00
   2.7501339e+00
   2.7508159e+00
   2.7515012e+00
   2.7521901e+00
   2.7528824e+00
   2.7535781e+00
   2.7542773e+00
   2.7549801e+00
   2.7556863e+00
   2.7563960e+00
   2.7571093e+00
   2.7578261e+00
   2.7585464e+00
   2.7592703e+00
   2.7599978e+00
   2.7607288e+00
   2.7614635e+00
   2.7622017e+00
   2.7629436e+00
   2.7636891e+00
   2.7644382e+00
   2.7651910e+00
   2.7659475e+00
   2.7667076e+00
   2.7674714e+00
   2.7682390e+00
   2.7690102e+00
   2.7697852e+00
   2.7705639e+00
   2.7713463e+00
   2.7721325e+00
   2.7729225e+00
   2.7737163e+00
   2.7745139e+00
   2.7753153e+00
   2.7761205e+00
   2.7769295e+00
   2.7777424e+00
   2.7785592e+00
   2.7793798e+00
   2.7802044e+00
   2.7810328e+00
   2.7818652e+00
   2.7827014e+00
   2.7835416e+00
   2.7843858e+00
   2.7852339e+00
   2.7860861e+00
   2.7869422e+00
   2.7878023e+00
   2.7886664e+00
   2.7895346e+00
   2.7904068e+00
   2.7912831e+00
   2.7921634e+00
   2.7930479e+00
   2.7939364e+00
   2.7948290e+00
   2.7957258e+00
   2.7966267e+00
   2.7975318e+00
   2.7984410e+00
   2.7993545e+00
   2.8002721e+00
   2.8011939e+00
   2.8021200e+00
   2.8030503e+00
   2.8039848e+00
   2.8049237e+00
   2.8058668e+00
   2.8068142e+00
   2.8077659e+00
   2.8087219e+00
   2.8096823e+00
   2.8106470e+00
   2.8116161e+00
   2.8125896e+00
   2.8135675e+00
   2.8145498e+00
   2.8155365e+00
   2.8165277e+00
   2.8175233e+00
   2.8185234e+00
   2.8195280e+00
   2.8205371e+00
   2.8215507e+00
   2.8225688e+00
   2.8235915e+00
   2.8246188e+00
   2.8256506e+00
   2.8266870e+00
   2.8277281e+00
   2.8287737e+00
   2.8298240e+00
   2.8308790e+00
   2.8319386e+00
   2.8330030e+00
   2.8340720e+00
   2.8351457e+00
   2.8362242e+00
   2.8373075e+00
   2.8383955e+00
   2.8394883e+00
   2.8405859e+00
   2.8416883e+00
   2.8427955e+00
   2.8439076e+00
   2.8450246e+00
   2.8461464e+00
   2.8472731e+00
   2.8484048e+00
   2.8495414e+00
   2.8506829e+00
   2.8518294e+00
   2.8529809e+00
   2.8541374e+00
   2.8552989e+00
   2.8564654e+00
   2.8576370e+00
   2.8588136e+00
   2.8599954e+00
   2.8611822e+00
   2.8623742e+00
   2.8635712e+00
   2.8647735e+00
   2.8659809e+00
   2.8671935e+00
   2.8684113e+00
   2.8696343e+00
   2.8708626e+00
   2.8720961e+00
   2.8733349e+00
   2.8745790e+00
   2.8758284e+00
   2.8770832e+00
   2.8783433e+00
   2.8796087e+00
   2.8808796e+00
   2.8821558e+00
   2.8834375e+00
   2.8847246e+00
   2.8860171e+00
   2.8873151e+00
   2.8886187e+00
   2.8899277e+00
   2.8912423e+00
   2.8925624e+00
   2.8938881e+00
   2.8952193e+00
   2.8965562e+00
   2.8978987e+00
   2.8992468e+00
   2.9006006e+00
   2.9019601e+00
   2.9033253e+00
   2.9046962e+00
   2.9060728e+00
   2.9074552e+00
   2.9088434e+00
   2.9102373e+00
   2.9116371e+00
   2.9130427e+00
   2.9144542e+00
   2.9158715e+00
   2.9172947e+00
   2.9187238e+00
   2.9201589e+00
   2.9215999e+00
   2.9230469e+00
   2.9244999e+00
   2.9259588e+00
   2.9274238e+00
   2.9288949e+00
   2.9303720e+00
   2.9318552e+00
   2.9333445e+00
   2.9348400e+00
   2.9363415e+00
   2.9378493e+00
   2.9393632e+00
   2.9408834e+00
   2.9424097e+00
   2.9439424e+00
   2.9454813e+00
   2.9470264e+00
   2.9485779e+00
   2.9501357e+00
   2.9516999e+00
   2.9532704e+00
   2.9548473e+00
   2.9564306e+00
   2.9580204e+00
   2.9596166e+00
   2.9612192e+00
   2.9628284e+00
   2.9644440e+00
   2.9660662e+00
   2.9676950e+00
   2.9693303e+00
   2.9709722e+00
   2.9726207e+00
   2.9742759e+00
   2.9759377e+00
   2.9776062e+00
   2.9792813e+00
   2.9809632e+00
   2.9826518e+00
   2.9843472e+00
   2.9860494e+00
   2.9877583e+00
   2.9894741e+00
   2.9911967e+00
   2.9929261e+00
   2.9946624e+00
   2.9964057e+00
   2.9981558e+00
   2.9999129e+00
   3.0016769e+00
   3.0034480e+00
   3.0052260e+00
   3.0070110e+00
   3.0088031e+00
   3.0106022e+00
   3.0124085e+00
   3.0142218e+00
   3.0160422e+00
   3.0178698e+00
   3.0197045e+00
   3.0215465e+00
   3.0233956e+00
   3.0252519e+00
   3.0271155e+00
   3.0289863e+00
   3.0308645e+00
   3.0327499e+00
   3.0346426e+00
   3.0365427e+00
   3.0384501e+00
   3.0403649e+00
   3.0422871e+00
   3.0442168e+00
   3.0461538e+00
   3.0480983e+00
   3.0500503e+00
   3.0520098e+00
   3.0539768e+00
   3.0559513e+00
   3.0579333e+00
   3.0599230e+00
   3.0619202e+00
   3.0639250e+00
   3.0659374e+00
   3.0679575e+00
   3.0699852e+00
   3.0720206e+00
   3.0740637e+00
   3.0761145e+00
   3.0781731e+00
   3.0802394e+00
   3.0823134e+00
   3.0843952e+00
   3.0864849e+00
   3.0885823e+00
   3.0906876e+00
   3.0928007e+00
   3.0949217e+00
   3.0970505e+00
   3.0991873e+00
   3.1013320e+00
   3.1034846e+00
   3.1056451e+00
   3.1078136e+00
   3.1099901e+00
   3.1121745e+00
   3.1143670e+00
   3.1165675e+00
   3.1187760e+00
   3.1209925e+00
   3.1232172e+00
   3.1254498e+00
   3.1276906e+00
   3.1299395e+00
   3.1321965e+00
   3.1344616e+00
   3.1367349e+00
   3.1390163e+00
   3.1413059e+00
   3.1436037e+00
   3.1459096e+00
   3.1482238e+00
   3.1505461e+00
   3.1528767e+00
   3.1552155e+00
   3.1575626e+00
   3.1599179e+00
   3.1622815e+00
   3.1646533e+00
   3.1670335e+00
   3.1694219e+00
   3.1718186e+00
   3.1742237e+00
   3.1766370e+00
   3.1790587e+00
   3.1814887e+00
   3.1839271e+00
   3.1863738e+00
   3.1888288e+00
   3.1912923e+00
   3.1937640e+00
   3.1962442e+00
   3.1987328e+00
   3.2012297e+00
   3.2037350e+00
   3.2062487e+00
   3.2087708e+00
   3.2113013e+00
   3.2138402e+00
   3.2163875e+00
   3.2189433e+00
   3.2215074e+00
   3.2240800e+00
   3.2266609e+00
   3.2292503e+00
   3.2318481e+00
   3.2344543e+00
   3.2370690e+00
   3.2396921e+00
   3.2423236e+00
   3.2449635e+00
   3.2476118e+00
   3.2502685e+00
   3.2529337e+00
   3.2556072e+00
   3.2582892e+00
   3.2609796e+00
   3.2636784e+00
   3.2663855e+00
   3.2691011e+00
   3.2718250e+00
   3.2745574e+00
   3.2772981e+00
   3.2800472e+00
   3.2828046e+00
   3.2855705e+00
   3.2883446e+00
   3.2911271e+00
   3.2939180e+00
   3.2967172e+00
   3.2995247e+00
   3.3023405e+00
   3.3051646e+00
   3.3079970e+00
   3.3108376e+00
   3.3136866e+00
   3.3165438e+00
   3.3194092e+00
   3.3222829e+00
   3.3251648e+00
   3.3280549e+00
   3.3309533e+00
   3.3338598e+00
   3.3367744e+00
   3.3396973e+00
   3.3426282e+00
   3.3455673e+00
   3.3485145e+00
   3.3514698e+00
   3.3544332e+00
   3.3574046e+00
   3.3603841e+00
   3.3633716e+00
   3.3663671e+00
   3.3693706e+00
   3.3723821e+00
   3.3754015e+00
   3.3784289e+00
   3.3814642e+00
   3.3845074e+00
   3.3875584e+00
   3.3906173e+00
   3.3936840e+00
   3.3967586e+00
   3.3998409e+00
   3.4029310e+00
   3.4060289e+00
   3.4091345e+00
   3.4122477e+00
   3.4153687e+00
   3.4184973e+00
   3.4216335e+00
   3.4247773e+00
   3.4279287e+00
   3.4310877e+00
   3.4342542e+00
   3.4374282e+00
   3.4406096e+00
   3.4437985e+00
   3.4469949e+00
   3.4501986e+00
   3.4534097e+00
   3.4566281e+00
   3.4598539e+00
   3.4630869e+00
   3.4663272e+00
   3.4695747e+00
   3.4728294e+00
   3.4760913e+00
   3.4793603e+00
   3.4826364e+00
   3.4859197e+00
   3.4892099e+00
   3.4925072e+00
   3.4958114e+00
   3.4991227e+00
   3.5024408e+00
   3.5057658e+00
   3.5090977e+00
   3.5124364e+00
   3.5157819e+00
   3.5191342e+00
   3.5224932e+00
   3.5258589e+00
   3.5292312e+00
   3.5326102e+00
   3.5359958e+00
   3.5393879e+00
   3.5427866e+00
   3.5461917e+00
   3.5496033e+00
   3.5530213e+00
   3.5564457e+00
   3.5598764e+00
   3.5633134e+00
   3.5667567e+00
   3.5702063e+00
   3.5736620e+00
   3.5771239e+00
   3.5805919e+00
   3.5840660e+00
   3.5875461e+00
   3.5910322e+00
   3.5945243e+00
   3.5980223e+00
   3.6015262e+00
   3.6050360e+00
   3.6085515e+00
   3.6120728e+00
   3.6155998e+00
   3.6191325e+00
   3.6226708e+00
   3.6262147e+00
   3.6297642e+00
   3.6333192e+00
   3.6368796e+00
   3.6404454e+00
   3.6440166e+00
   3.6475931e+00
   3.6511749e+00
   3.6547620e+00
   3.6583542e+00
   3.6619515e+00
   3.6655540e+00
   3.6691614e+00
   3.6727739e+00
   3.6763913e+00
   3.6800136e+00
   3.6836407e+00
   3.6872726e+00
   3.6909092e+00
   3.6945505e+00
   3.6981964e+00
   3.7018469e+00
   3.7055020e+00
   3.7091614e+00
   3.7128253e+00
   3.7164935e+00
   3.7201660e+00
   3.7238428e+00
   3.7275236e+00
   3.7312086e+00
   3.7348977e+00
   3.7385907e+00
   3.7422876e+00
   3.7459884e+00
   3.7496930e+00
   3.7534013e+00
   3.7571133e+00
   3.7608288e+00
   3.7645478e+00
   3.7682703e+00
   3.7719962e+00
   3.7757254e+00
   3.7794578e+00
   3.7831933e+00
   3.7869319e+00
   3.7906736e+00
   3.7944181e+00
   3.7981655e+00
   3.8019156e+00
   3.8056684e+00
   3.8094238e+00
   3.8131818e+00
   3.8169421e+00
   3.8207048e+00
   3.8244697e+00
   3.8282368e+00
   3.8320060e+00
   3.8357771e+00
   3.8395501e+00
   3.8433249e+00
   3.8471013e+00
   3.8508794e+00
   3.8546589e+00
   3.8584398e+00
   3.8622220e+00
   3.8660054e+00
   3.8697898e+00
   3.8735752e+00
   3.8773614e+00
   3.8811484e+00
   3.8849360e+00
   3.8887241e+00
   3.8925126e+00
   3.8963013e+00
   3.9000902e+00
   3.9038791e+00
   3.9076679e+00
   3.9114565e+00
   3.9152448e+00
   3.9190325e+00
   3.9228196e+00
   3.9266060e+00
   3.9303915e+00
   3.9341759e+00
   3.9379592e+00
   3.9417412e+00
   3.9455217e+00
   3.9493006e+00
   3.9530777e+00
   3.9568530e+00
   3.9606262e+00
   3.9643971e+00
   3.9681657e+00
   3.9719318e+00
   3.9756951e+00
   3.9794557e+00
   3.9832131e+00
   3.9869674e+00
   3.9907183e+00
   3.9944657e+00
   3.9982094e+00
   4.0019491e+00
   4.0056848e+00
   4.0094162e+00
   4.0131432e+00
   4.0168655e+00
   4.0205830e+00
   4.0242955e+00
   4.0280027e+00
   4.0317046e+00
   4.0354008e+00
   4.0390912e+00
   4.0427755e+00
   4.0464536e+00
   4.0501253e+00
   4.0537903e+00
   4.0574484e+00
   4.0610993e+00
   4.0647430e+00
   4.0683791e+00
   4.0720074e+00
   4.0756277e+00
   4.0792397e+00
   4.0828432e+00
   4.0864380e+00
   4.0900238e+00
   4.0936004e+00
   4.0971675e+00
   4.1007249e+00
   4.1042723e+00
   4.1078095e+00
   4.1113361e+00
   4.1148520e+00
   4.1183569e+00
   4.1218504e+00
   4.1253323e+00
   4.1288024e+00
   4.1322603e+00
   4.1357058e+00
   4.1391386e+00
   4.1425584e+00
   4.1459648e+00
   4.1493577e+00
   4.1527366e+00
   4.1561014e+00
   4.1594516e+00
   4.1627870e+00
   4.1661073e+00
   4.1694120e+00
   4.1727010e+00
   4.1759739e+00
   4.1792304e+00
   4.1824701e+00
   4.1856926e+00
   4.1888977e+00
   4.1920850e+00
   4.1952542e+00
   4.1984048e+00
   4.2015367e+00
   4.2046492e+00
   4.2077423e+00
   4.2108153e+00
   4.2138681e+00
   4.2169001e+00
   4.2199111e+00
   4.2229007e+00
   4.2258684e+00
   4.2288138e+00
   4.2317367e+00
   4.2346365e+00
   4.2375128e+00
   4.2403653e+00
   4.2431936e+00
   4.2459972e+00
   4.2487757e+00
   4.2515287e+00
   4.2542558e+00
   4.2569564e+00
   4.2596303e+00
   4.2622769e+00
   4.2648957e+00
   4.2674865e+00
   4.2700486e+00
   4.2725816e+00
   4.2750851e+00
   4.2775585e+00
   4.2800015e+00
   4.2824135e+00
   4.2847941e+00
   4.2871427e+00
   4.2894589e+00
   4.2917421e+00
   4.2939919e+00
   4.2962078e+00
   4.2983892e+00
   4.3005357e+00
   4.3026466e+00
   4.3047215e+00
   4.3067599e+00
   4.3087612e+00
   4.3107248e+00
   4.3126502e+00
   4.3145370e+00
   4.3163844e+00
   4.3181919e+00
   4.3199591e+00
   4.3216852e+00
   4.3233698e+00
   4.3250122e+00
   4.3266118e+00
   4.3281681e+00
   4.3296805e+00
   4.3311483e+00
   4.3325710e+00
   4.3339479e+00
   4.3352784e+00
   4.3365619e+00
   4.3377978e+00
   4.3389853e+00
   4.3401240e+00
   4.3412131e+00
   4.3422519e+00
   4.3432399e+00
   4.3441764e+00
   4.3450606e+00
   4.3458920e+00
   4.3466698e+00
   4.3473934e+00
   4.3480621e+00
   4.3486751e+00
   4.3492319e+00
   4.3497316e+00
   4.3501736e+00
   4.3505571e+00
   4.3508815e+00
   4.3511460e+00
   4.3513499e+00
   4.3514924e+00
   4.3515729e+00
   4.3515905e+00
   4.3515446e+00
   4.3514343e+00
   4.3512590e+00
   4.3510178e+00
   4.3507100e+00
   4.3503349e+00
   4.3498916e+00
   4.3493793e+00
   4.3487973e+00
   4.3481449e+00
   4.3474211e+00
   4.3466253e+00
   4.3457566e+00
   4.3448142e+00
   4.3437973e+00
   4.3427051e+00
   4.3415368e+00
   4.3402916e+00
   4.3389686e+00
   4.3375671e+00
   4.3360862e+00
   4.3345251e+00
   4.3328830e+00
   4.3311591e+00
   4.3293524e+00
   4.3274622e+00
   4.3254877e+00
   4.3234280e+00
   4.3212822e+00
   4.3190496e+00
   4.3167294e+00
   4.3143206e+00
   4.3118224e+00
   4.3092341e+00
   4.3065547e+00
   4.3037835e+00
   4.3009196e+00
   4.2979622e+00
   4.2949105e+00
   4.2917636e+00
   4.2885207e+00
   4.2851810e+00
   4.2817437e+00
   4.2782079e+00
   4.2745730e+00
   4.2708380e+00
   4.2670022e+00
   4.2630648e+00
   4.2590250e+00
   4.2548821e+00
   4.2506352e+00
   4.2462836e+00
   4.2418266e+00
   4.2372634e+00
   4.2325933e+00
   4.2278155e+00
   4.2229294e+00
   4.2179343e+00
   4.2128294e+00
   4.2076141e+00
   4.2022877e+00
   4.1968496e+00
   4.1912991e+00
   4.1856357e+00
   4.1798587e+00
   4.1739675e+00
   4.1679616e+00
   4.1618403e+00
   4.1556033e+00
   4.1492499e+00
   4.1427797e+00
   4.1361922e+00
   4.1294870e+00
   4.1226635e+00
   4.1157215e+00
   4.1086605e+00
   4.1014802e+00
   4.0941803e+00
   4.0867604e+00
   4.0792203e+00
   4.0715598e+00
   4.0637785e+00
   4.0558764e+00
   4.0478533e+00
   4.0397090e+00
   4.0314434e+00
   4.0230566e+00
   4.0145485e+00
   4.0059190e+00
   3.9971683e+00
   3.9882964e+00
   3.9793035e+00
   3.9701897e+00
   3.9609552e+00
   3.9516003e+00
   3.9421252e+00
   3.9325303e+00
   3.9228159e+00
   3.9129824e+00
   3.9030304e+00
   3.8929602e+00
   3.8827725e+00
   3.8724678e+00
   3.8620468e+00
   3.8515102e+00
   3.8408586e+00
   3.8300929e+00
   3.8192140e+00
   3.8082226e+00
   3.7971197e+00
   3.7859063e+00
   3.7745834e+00
   3.7631521e+00
   3.7516136e+00
   3.7399689e+00
   3.7282194e+00
   3.7163664e+00
   3.7044111e+00
   3.6923550e+00
   3.6801994e+00
   3.6679460e+00
   3.6555962e+00
   3.6431516e+00
   3.6306139e+00
   3.6179847e+00
   3.6052658e+00
   3.5924591e+00
   3.5795662e+00
   3.5665892e+00
   3.5535299e+00
   3.5403904e+00
   3.5271727e+00
   3.5138788e+00
   3.5005109e+00
   3.4870710e+00
   3.4735616e+00
   3.4599846e+00
   3.4463426e+00
   3.4326377e+00
   3.4188723e+00
   3.4050489e+00
   3.3911698e+00
   3.3772376e+00
   3.3632546e+00
   3.3492235e+00
   3.3351467e+00
   3.3210269e+00
   3.3068667e+00
   3.2926686e+00
   3.2784354e+00
   3.2641696e+00
   3.2498740e+00
   3.2355513e+00
   3.2212041e+00
   3.2068352e+00
   3.1924473e+00
   3.1780432e+00
   3.1636256e+00
   3.1491972e+00
   3.1347608e+00
   3.1203191e+00
   3.1058749e+00
   3.0914309e+00
   3.0769898e+00
   3.0625544e+00
   3.0481274e+00
   3.0337114e+00
   3.0193091e+00
   3.0049233e+00
   2.9905566e+00
   2.9762115e+00
   2.9618907e+00
   2.9475967e+00
   2.9333322e+00
   2.9190995e+00
   2.9049013e+00
   2.8907400e+00
   2.8766180e+00
   2.8625377e+00
   2.8485014e+00
   2.8345115e+00
   2.8205702e+00
   2.8066798e+00
   2.7928425e+00
   2.7790605e+00
   2.7653357e+00
   2.7516704e+00
   2.7380665e+00
   2.7245259e+00
   2.7110507e+00
   2.6976427e+00
   2.6843036e+00
   2.6710354e+00
   2.6578396e+00
   2.6447180e+00
   2.6316722e+00
   2.6187037e+00
   2.6058141e+00
   2.5930048e+00
   2.5802772e+00
   2.5676326e+00
   2.5550724e+00
   2.5425979e+00
   2.5302101e+00
   2.5179102e+00
   2.5056994e+00
   2.4935786e+00
   2.4815488e+00
   2.4696109e+00
   2.4577659e+00
   2.4460144e+00
   2.4343573e+00
   2.4227954e+00
   2.4113292e+00
   2.3999593e+00
   2.3886864e+00
   2.3775110e+00
   2.3664334e+00
   2.3554542e+00
   2.3445738e+00
   2.3337923e+00
   2.3231101e+00
   2.3125275e+00
   2.3020447e+00
   2.2916617e+00
   2.2813787e+00
   2.2711958e+00
   2.2611130e+00
   2.2511302e+00
   2.2412475e+00
   2.2314647e+00
   2.2217817e+00
   2.2121984e+00
   2.2027145e+00
   2.1933299e+00
   2.1840442e+00
   2.1748572e+00
   2.1657686e+00
   2.1567779e+00
   2.1478849e+00
   2.1390891e+00
   2.1303901e+00
   2.1217875e+00
   2.1132806e+00
   2.1048691e+00
   2.0965524e+00
   2.0883300e+00
   2.0802012e+00
   2.0721655e+00
   2.0642222e+00
   2.0563708e+00
   2.0486106e+00
   2.0409410e+00
   2.0333611e+00
   2.0258704e+00
   2.0184682e+00
   2.0111536e+00
   2.0039261e+00
   1.9967848e+00
   1.9897289e+00
   1.9827578e+00
   1.9758706e+00
   1.9690666e+00
   1.9623449e+00
   1.9557048e+00
   1.9491454e+00
   1.9426659e+00
   1.9362656e+00
   1.9299435e+00
   1.9236989e+00
   1.9175309e+00
   1.9114387e+00
   1.9054215e+00
   1.8994783e+00
   1.8936085e+00
   1.8878110e+00
   1.8820852e+00
   1.8764300e+00
   1.8708448e+00
   1.8653286e+00
   1.8598806e+00
   1.8545000e+00
   1.8491859e+00
   1.8439375e+00
   1.8387539e+00
   1.8336343e+00
   1.8285780e+00
   1.8235840e+00
   1.8186515e+00
   1.8137798e+00
   1.8089679e+00
   1.8042152e+00
   1.7995208e+00
   1.7948838e+00
   1.7903036e+00
   1.7857792e+00
   1.7813100e+00
   1.7768952e+00
   1.7725339e+00
   1.7682255e+00
   1.7639691e+00
   1.7597639e+00
   1.7556094e+00
   1.7515047e+00
   1.7474490e+00
   1.7434417e+00
   1.7394820e+00
   1.7355693e+00
   1.7317028e+00
   1.7278818e+00
   1.7241056e+00
   1.7203736e+00
   1.7166850e+00
   1.7130392e+00
   1.7094356e+00
   1.7058735e+00
   1.7023522e+00
   1.6988711e+00
   1.6954296e+00
   1.6920270e+00
   1.6886628e+00
   1.6853363e+00
   1.6820469e+00
   1.6787940e+00
   1.6755771e+00
   1.6723956e+00
   1.6692488e+00
   1.6661363e+00
   1.6630575e+00
   1.6600118e+00
   1.6569987e+00
   1.6540176e+00
   1.6510681e+00
   1.6481496e+00
   1.6452617e+00
   1.6424037e+00
   1.6395752e+00
   1.6367758e+00
   1.6340049e+00
   1.6312620e+00
   1.6285468e+00
   1.6258586e+00
   1.6231972e+00
   1.6205620e+00
   1.6179526e+00
   1.6153685e+00
   1.6128094e+00
   1.6102748e+00
   1.6077642e+00
   1.6052774e+00
   1.6028139e+00
   1.6003732e+00
   1.5979551e+00
   1.5955591e+00
   1.5931848e+00
   1.5908319e+00
   1.5885000e+00
   1.5861888e+00
   1.5838979e+00
   1.5816269e+00
   1.5793756e+00
   1.5771435e+00
   1.5749304e+00
   1.5727359e+00
   1.5705597e+00
   1.5684015e+00
   1.5662610e+00
   1.5641379e+00
   1.5620318e+00
   1.5599426e+00
   1.5578698e+00
   1.5558133e+00
   1.5537727e+00
   1.5517478e+00
   1.5497383e+00
   1.5477439e+00
   1.5457645e+00
   1.5437996e+00
   1.5418491e+00
   1.5399127e+00
   1.5379902e+00
   1.5360814e+00
   1.5341859e+00
   1.5323037e+00
   1.5304344e+00
   1.5285779e+00
   1.5267338e+00
   1.5249021e+00
   1.5230825e+00
   1.5212748e+00
   1.5194787e+00
   1.5176942e+00
   1.5159209e+00
   1.5141588e+00
   1.5124076e+00
   1.5106671e+00
   1.5089371e+00
   1.5072176e+00
   1.5055082e+00
   1.5038089e+00
   1.5021194e+00
   1.5004396e+00
   1.4987694e+00
   1.4971085e+00
   1.4954568e+00
   1.4938142e+00
   1.4921805e+00
   1.4905556e+00
   1.4889393e+00
   1.4873315e+00
   1.4857320e+00
   1.4841407e+00
   1.4825575e+00
   1.4809822e+00
   1.4794147e+00
   1.4778549e+00
   1.4763026e+00
   1.4747578e+00
   1.4732203e+00
   1.4716900e+00
   1.4701667e+00
   1.4686504e+00
   1.4671409e+00
   1.4656382e+00
   1.4641421e+00
   1.4626526e+00
   1.4611695e+00
   1.4596926e+00
   1.4582221e+00
   1.4567576e+00
   1.4552992e+00
   1.4538466e+00
   1.4524000e+00
   1.4509591e+00
   1.4495238e+00
   1.4480941e+00
   1.4466699e+00
   1.4452512e+00
   1.4438377e+00
   1.4424295e+00
   1.4410264e+00
   1.4396284e+00
   1.4382355e+00
   1.4368475e+00
   1.4354643e+00
   1.4340859e+00
   1.4327122e+00
   1.4313432e+00
   1.4299788e+00
   1.4286188e+00
   1.4272634e+00
   1.4259123e+00
   1.4245655e+00
   1.4232230e+00
   1.4218847e+00
   1.4205505e+00
   1.4192204e+00
   1.4178943e+00
   1.4165722e+00
   1.4152540e+00
   1.4139396e+00
   1.4126291e+00
   1.4113223e+00
   1.4100192e+00
   1.4087198e+00
   1.4074239e+00
   1.4061317e+00
   1.4048429e+00
   1.4035576e+00
   1.4022757e+00
   1.4009971e+00
   1.3997219e+00
   1.3984500e+00
   1.3971813e+00
   1.3959158e+00
   1.3946535e+00
   1.3933943e+00
   1.3921381e+00
   1.3908851e+00
   1.3896350e+00
   1.3883878e+00
   1.3871437e+00
   1.3859024e+00
   1.3846639e+00
   1.3834283e+00
   1.3821955e+00
   1.3809654e+00
   1.3797381e+00
   1.3785134e+00
   1.3772915e+00
   1.3760721e+00
   1.3748554e+00
   1.3736412e+00
   1.3724296e+00
   1.3712205e+00
   1.3700139e+00
   1.3688097e+00
   1.3676080e+00
   1.3664087e+00
   1.3652117e+00
   1.3640172e+00
   1.3628249e+00
   1.3616350e+00
   1.3604473e+00
   1.3592619e+00
   1.3580788e+00
   1.3568978e+00
   1.3557191e+00
   1.3545425e+00
   1.3533681e+00
   1.3521958e+00
   1.3510256e+00
   1.3498575e+00
   1.3486915e+00
   1.3475275e+00
   1.3463655e+00
   1.3452056e+00
   1.3440476e+00
   1.3428916e+00
   1.3417376e+00
   1.3405855e+00
   1.3394353e+00
   1.3382871e+00
   1.3371407e+00
   1.3359962e+00
   1.3348535e+00
   1.3337127e+00
   1.3325737e+00
   1.3314366e+00
   1.3303012e+00
   1.3291676e+00
   1.3280357e+00
   1.3269057e+00
   1.3257773e+00
   1.3246507e+00
   1.3235258e+00
   1.3224025e+00
   1.3212810e+00
   1.3201612e+00
   1.3190430e+00
   1.3179264e+00
   1.3168115e+00
   1.3156982e+00
   1.3145865e+00
   1.3134764e+00
   1.3123679e+00
   1.3112610e+00
   1.3101557e+00
   1.3090519e+00
   1.3079496e+00
   1.3068489e+00
   1.3057497e+00
   1.3046521e+00
   1.3035559e+00
   1.3024612e+00
   1.3013681e+00
   1.3002764e+00
   1.2991861e+00
   1.2980974e+00
   1.2970100e+00
   1.2959242e+00
   1.2948397e+00
   1.2937567e+00
   1.2926751e+00
   1.2915949e+00
   1.2905161e+00
   1.2894388e+00
   1.2883627e+00
   1.2872881e+00
   1.2862149e+00
   1.2851430e+00
   1.2840724e+00
   1.2830032e+00
   1.2819354e+00
   1.2808689e+00
   1.2798037e+00
   1.2787398e+00
   1.2776773e+00
   1.2766161e+00
   1.2755561e+00
   1.2744975e+00
   1.2734401e+00
   1.2723841e+00
   1.2713293e+00
   1.2702758e+00
   1.2692235e+00
   1.2681725e+00
   1.2671228e+00
   1.2660743e+00
   1.2650271e+00
   1.2639811e+00
   1.2629363e+00
   1.2618927e+00
   1.2608504e+00
   1.2598093e+00
   1.2587694e+00
   1.2577308e+00
   1.2566933e+00
   1.2556570e+00
   1.2546219e+00
   1.2535880e+00
   1.2525553e+00
   1.2515238e+00
   1.2504934e+00
   1.2494642e+00
   1.2484362e+00
   1.2474093e+00
   1.2463836e+00
   1.2453591e+00
   1.2443357e+00
   1.2433134e+00
   1.2422923e+00
   1.2412723e+00
   1.2402535e+00
   1.2392358e+00
   1.2382192e+00
   1.2372037e+00
   1.2361894e+00
   1.2351762e+00
   1.2341641e+00
   1.2331531e+00
   1.2321431e+00
   1.2311343e+00
   1.2301266e+00
   1.2291200e+00
   1.2281145e+00
   1.2271101e+00
   1.2261067e+00
   1.2251044e+00
   1.2241033e+00
   1.2231031e+00
   1.2221041e+00
   1.2211061e+00
   1.2201092e+00
   1.2191134e+00
   1.2181186e+00
   1.2171248e+00
   1.2161322e+00
   1.2151405e+00
   1.2141499e+00
   1.2131604e+00
   1.2121719e+00
   1.2111845e+00
   1.2101980e+00
   1.2092127e+00
   1.2082283e+00
   1.2072450e+00
   1.2062627e+00
   1.2052814e+00
   1.2043012e+00
   1.2033219e+00
   1.2023437e+00
   1.2013665e+00
   1.2003903e+00
   1.1994151e+00
   1.1984410e+00
   1.1974678e+00
   1.1964956e+00
   1.1955244e+00
   1.1945543e+00
   1.1935851e+00
   1.1926169e+00
   1.1916497e+00
   1.1906835e+00
   1.1897183e+00
   1.1887540e+00
   1.1877908e+00
   1.1868285e+00
   1.1858672e+00
   1.1849069e+00
   1.1839475e+00
   1.1829891e+00
   1.1820317e+00
   1.1810753e+00
   1.1801198e+00
   1.1791653e+00
   1.1782117e+00
   1.1772591e+00
   1.1763075e+00
   1.1753568e+00
   1.1744071e+00
   1.1734583e+00
   1.1725105e+00
   1.1715636e+00
   1.1706176e+00
   1.1696726e+00
   1.1687286e+00
   1.1677855e+00
   1.1668433e+00
   1.1659021e+00
   1.1649617e+00
   1.1640224e+00
   1.1630839e+00
   1.1621464e+00
   1.1612098e+00
   1.1602742e+00
   1.1593394e+00
   1.1584056e+00
   1.1574727e+00
   1.1565408e+00
   1.1556097e+00
   1.1546796e+00
   1.1537504e+00
   1.1528221e+00
   1.1518947e+00
   1.1509682e+00
   1.1500426e+00
   1.1491179e+00
   1.1481941e+00
   1.1472713e+00
   1.1463493e+00
   1.1454282e+00
   1.1445081e+00
   1.1435888e+00
   1.1426704e+00
   1.1417529e+00
   1.1408363e+00
   1.1399206e+00
   1.1390058e+00
   1.1380919e+00
   1.1371789e+00
   1.1362667e+00
   1.1353555e+00
   1.1344451e+00
   1.1335356e+00
   1.1326269e+00
   1.1317192e+00
   1.1308123e+00
   1.1299063e+00
   1.1290012e+00
   1.1280970e+00
   1.1271936e+00
   1.1262911e+00
   1.1253894e+00
   1.1244886e+00
   1.1235887e+00
   1.1226897e+00
   1.1217915e+00
   1.1208942e+00
   1.1199977e+00
   1.1191021e+00
   1.1182074e+00
   1.1173135e+00
   1.1164204e+00
   1.1155282e+00
   1.1146369e+00
   1.1137464e+00
   1.1128568e+00
   1.1119680e+00
   1.1110801e+00
   1.1101930e+00
   1.1093067e+00
   1.1084213e+00
   1.1075367e+00
   1.1066530e+00
   1.1057701e+00
   1.1048881e+00
   1.1040069e+00
   1.1031265e+00
   1.1022470e+00
   1.1013683e+00
   1.1004904e+00
   1.0996133e+00
   1.0987371e+00
   1.0978617e+00
   1.0969872e+00
   1.0961134e+00
   1.0952405e+00
   1.0943684e+00
   1.0934972e+00
   1.0926267e+00
   1.0917571e+00
   1.0908883e+00
   1.0900203e+00
   1.0891531e+00
   1.0882868e+00
   1.0874212e+00
   1.0865565e+00
   1.0856926e+00
   1.0848295e+00
   1.0839672e+00
   1.0831057e+00
   1.0822450e+00
   1.0813851e+00
   1.0805260e+00
   1.0796678e+00
   1.0788103e+00
   1.0779536e+00
   1.0770978e+00
   1.0762427e+00
   1.0753884e+00
   1.0745350e+00
   1.0736823e+00
   1.0728304e+00
   1.0719793e+00
   1.0711290e+00
   1.0702795e+00
   1.0694308e+00
   1.0685829e+00
   1.0677358e+00
   1.0668894e+00
   1.0660439e+00
   1.0651991e+00
   1.0643551e+00
   1.0635119e+00
   1.0626695e+00
   1.0618278e+00
   1.0609870e+00
   1.0601469e+00
   1.0593076e+00
   1.0584690e+00
   1.0576313e+00
   1.0567943e+00
   1.0559581e+00
   1.0551227e+00
   1.0542880e+00
   1.0534541e+00
   1.0526210e+00
   1.0517886e+00
   1.0509570e+00
   1.0501262e+00
   1.0492962e+00
   1.0484669e+00
   1.0476384e+00
   1.0468106e+00
   1.0459836e+00
   1.0451573e+00
   1.0443319e+00
   1.0435071e+00
   1.0426832e+00
   1.0418600e+00
   1.0410375e+00
   1.0402158e+00
   1.0393949e+00
   1.0385747e+00
   1.0377552e+00
   1.0369365e+00
   1.0361186e+00
   1.0353014e+00
   1.0344850e+00
   1.0336693e+00
   1.0328543e+00
   1.0320401e+00
   1.0312266e+00
   1.0304139e+00
   1.0296020e+00
   1.0287907e+00
   1.0279802e+00
   1.0271705e+00
   1.0263614e+00
   1.0255532e+00
   1.0247456e+00
   1.0239388e+00
   1.0231327e+00
   1.0223274e+00
   1.0215228e+00
   1.0207189e+00
   1.0199158e+00
   1.0191133e+00
   1.0183116e+00
   1.0175107e+00
   1.0167105e+00
   1.0159110e+00
   1.0151122e+00
   1.0143141e+00
   1.0135168e+00
   1.0127202e+00
   1.0119243e+00
   1.0111291e+00
   1.0103347e+00
   1.0095409e+00
   1.0087479e+00
   1.0079556e+00
   1.0071641e+00
   1.0063732e+00
   1.0055830e+00
   1.0047936e+00
   1.0040049e+00
   1.0032169e+00
   1.0024296e+00
   1.0016430e+00
   1.0008571e+00
   1.0000719e+00
   9.9928747e-01
   9.9850372e-01
   9.9772066e-01
   9.9693832e-01
   9.9615668e-01
   9.9537574e-01
   9.9459550e-01
   9.9381596e-01
   9.9303713e-01
   9.9225899e-01
   9.9148156e-01
   9.9070482e-01
   9.8992878e-01
   9.8915343e-01
   9.8837878e-01
   9.8760482e-01
   9.8683156e-01
   9.8605899e-01
   9.8528712e-01
   9.8451593e-01
   9.8374544e-01
   9.8297563e-01
   9.8220652e-01
   9.8143809e-01
   9.8067034e-01
   9.7990329e-01
   9.7913692e-01
   9.7837123e-01
   9.7760623e-01
   9.7684191e-01
   9.7607827e-01
   9.7531532e-01
   9.7455304e-01
   9.7379145e-01
   9.7303053e-01
   9.7227029e-01
   9.7151073e-01
   9.7075184e-01
   9.6999364e-01
   9.6923610e-01
   9.6847924e-01
   9.6772305e-01
   9.6696754e-01
   9.6621269e-01
   9.6545852e-01
   9.6470501e-01
   9.6395218e-01
   9.6320001e-01
   9.6244852e-01
   9.6169769e-01
   9.6094752e-01
   9.6019802e-01
   9.5944918e-01
   9.5870101e-01
   9.5795350e-01
   9.5720665e-01
   9.5646047e-01
   9.5571494e-01
   9.5497008e-01
   9.5422587e-01
   9.5348232e-01
   9.5273943e-01
   9.5199719e-01
   9.5125562e-01
   9.5051469e-01
   9.4977442e-01
   9.4903481e-01
   9.4829584e-01
   9.4755753e-01
   9.4681987e-01
   9.4608286e-01
   9.4534650e-01
   9.4461079e-01
   9.4387573e-01
   9.4314131e-01
   9.4240755e-01
   9.4167442e-01
   9.4094195e-01
   9.4021011e-01
   9.3947892e-01
   9.3874838e-01
   9.3801847e-01
   9.3728921e-01
   9.3656059e-01
   9.3583261e-01
   9.3510526e-01
   9.3437856e-01
   9.3365249e-01
   9.3292706e-01
   9.3220227e-01
   9.3147811e-01
   9.3075459e-01
   9.3003170e-01
   9.2930945e-01
   9.2858783e-01
   9.2786683e-01
   9.2714648e-01
   9.2642675e-01
   9.2570765e-01
   9.2498918e-01
   9.2427133e-01
   9.2355412e-01
   9.2283753e-01
   9.2212157e-01
   9.2140624e-01
   9.2069152e-01
   9.1997744e-01
   9.1926397e-01
   9.1855113e-01
   9.1783891e-01
   9.1712731e-01
   9.1641634e-01
   9.1570598e-01
   9.1499624e-01
   9.1428712e-01
   9.1357861e-01
   9.1287073e-01
   9.1216346e-01
   9.1145680e-01
   9.1075076e-01
   9.1004534e-01
   9.0934053e-01
   9.0863633e-01
   9.0793274e-01
   9.0722976e-01
   9.0652740e-01
   9.0582564e-01
   9.0512450e-01
   9.0442396e-01
   9.0372403e-01
   9.0302471e-01
   9.0232599e-01
   9.0162788e-01
   9.0093038e-01
   9.0023348e-01
   8.9953718e-01
   8.9884149e-01
   8.9814640e-01
   8.9745191e-01
   8.9675802e-01
   8.9606474e-01
   8.9537205e-01
   8.9467996e-01
   8.9398847e-01
   8.9329758e-01
   8.9260728e-01
   8.9191759e-01
   8.9122848e-01
   8.9053998e-01
   8.8985206e-01
   8.8916474e-01
   8.8847802e-01
   8.8779188e-01
   8.8710634e-01
   8.8642139e-01
   8.8573703e-01
   8.8505326e-01
   8.8437008e-01
   8.8368749e-01
   8.8300549e-01
   8.8232407e-01
   8.8164324e-01
   8.8096299e-01
   8.8028334e-01
   8.7960426e-01
   8.7892577e-01
   8.7824786e-01
   8.7757054e-01
   8.7689380e-01
   8.7621764e-01
   8.7554206e-01
   8.7486706e-01
   8.7419264e-01
   8.7351880e-01
   8.7284553e-01
   8.7217285e-01
   8.7150074e-01
   8.7082921e-01
   8.7015825e-01
   8.6948787e-01
   8.6881807e-01
   8.6814883e-01
   8.6748017e-01
   8.6681209e-01
   8.6614457e-01
   8.6547763e-01
   8.6481126e-01
   8.6414545e-01
   8.6348022e-01
   8.6281556e-01
   8.6215146e-01
   8.6148793e-01
   8.6082497e-01
   8.6016258e-01
   8.5950075e-01
   8.5883948e-01
   8.5817879e-01
   8.5751865e-01
   8.5685908e-01
   8.5620007e-01
   8.5554162e-01
   8.5488374e-01
   8.5422641e-01
   8.5356965e-01
   8.5291344e-01
   8.5225780e-01
   8.5160271e-01
   8.5094818e-01
   8.5029421e-01
   8.4964080e-01
   8.4898794e-01
   8.4833563e-01
   8.4768388e-01
   8.4703269e-01
   8.4638205e-01
   8.4573196e-01
   8.4508243e-01
   8.4443344e-01
   8.4378501e-01
   8.4313713e-01
   8.4248980e-01
   8.4184302e-01
   8.4119679e-01
   8.4055111e-01
   8.3990597e-01
   8.3926138e-01
   8.3861734e-01
   8.3797384e-01
   8.3733089e-01
   8.3668849e-01
   8.3604663e-01
   8.3540531e-01
   8.3476453e-01
   8.3412430e-01
   8.3348461e-01
   8.3284547e-01
   8.3220686e-01
   8.3156879e-01
   8.3093126e-01
   8.3029428e-01
   8.2965783e-01
   8.2902191e-01
   8.2838654e-01
   8.2775170e-01
   8.2711740e-01
   8.2648364e-01
   8.2585041e-01
   8.2521771e-01
   8.2458555e-01
   8.2395392e-01
   8.2332283e-01
   8.2269226e-01
   8.2206223e-01
   8.2143273e-01
   8.2080376e-01
   8.2017532e-01
   8.1954742e-01
   8.1892003e-01
   8.1829318e-01
   8.1766686e-01
   8.1704106e-01
   8.1641579e-01
   8.1579105e-01
   8.1516683e-01
   8.1454314e-01
   8.1391997e-01
   8.1329732e-01
   8.1267520e-01
   8.1205361e-01
   8.1143253e-01
   8.1081198e-01
   8.1019194e-01
   8.0957243e-01
   8.0895344e-01
   8.0833497e-01
   8.0771702e-01
   8.0709958e-01
   8.0648267e-01
   8.0586627e-01
   8.0525039e-01
   8.0463502e-01
   8.0402017e-01
   8.0340584e-01
   8.0279202e-01
   8.0217871e-01
   8.0156592e-01
   8.0095365e-01
   8.0034188e-01
   7.9973063e-01
   7.9911989e-01
   7.9850966e-01
   7.9789994e-01
   7.9729073e-01
   7.9668203e-01
   7.9607384e-01
   7.9546615e-01
   7.9485898e-01
   7.9425231e-01
   7.9364615e-01
   7.9304050e-01
   7.9243535e-01
   7.9183071e-01
   7.9122657e-01
   7.9062294e-01
   7.9001981e-01
   7.8941718e-01
   7.8881506e-01
   7.8821343e-01
   7.8761231e-01
   7.8701170e-01
   7.8641158e-01
   7.8581196e-01
   7.8521284e-01
   7.8461422e-01
   7.8401610e-01
   7.8341848e-01
   7.8282136e-01
   7.8222473e-01
   7.8162860e-01
   7.8103296e-01
   7.8043782e-01
   7.7984318e-01
   7.7924903e-01
   7.7865538e-01
   7.7806221e-01
   7.7746955e-01
   7.7687737e-01
   7.7628569e-01
   7.7569449e-01
   7.7510379e-01
   7.7451358e-01
   7.7392386e-01
   7.7333463e-01
   7.7274589e-01
   7.7215763e-01
   7.7156987e-01
   7.7098259e-01
   7.7039580e-01
   7.6980950e-01
   7.6922368e-01
   7.6863834e-01
   7.6805350e-01
   7.6746914e-01
   7.6688526e-01
   7.6630186e-01
   7.6571895e-01
   7.6513652e-01
   7.6455457e-01
   7.6397311e-01
   7.6339213e-01
   7.6281162e-01
   7.6223160e-01
   7.6165206e-01
   7.6107299e-01
   7.6049441e-01
   7.5991630e-01
   7.5933867e-01
   7.5876152e-01
   7.5818485e-01
   7.5760865e-01
   7.5703293e-01
   7.5645768e-01
   7.5588291e-01
   7.5530861e-01
   7.5473479e-01
   7.5416144e-01
   7.5358856e-01
   7.5301616e-01
   7.5244423e-01
   7.5187277e-01
   7.5130178e-01
   7.5073126e-01
   7.5016121e-01
   7.4959164e-01
   7.4902253e-01
   7.4845389e-01
   7.4788572e-01
   7.4731801e-01
   7.4675078e-01
   7.4618401e-01
   7.4561771e-01
   7.4505187e-01
   7.4448650e-01
   7.4392159e-01
   7.4335715e-01
   7.4279318e-01
   7.4222966e-01
   7.4166661e-01
   7.4110403e-01
   7.4054190e-01
   7.3998024e-01
   7.3941904e-01
   7.3885830e-01
   7.3829802e-01
   7.3773820e-01
   7.3717884e-01
   7.3661994e-01
   7.3606150e-01
   7.3550351e-01
   7.3494599e-01
   7.3438892e-01
   7.3383231e-01
   7.3327615e-01
   7.3272045e-01
   7.3216521e-01
   7.3161042e-01
   7.3105609e-01
   7.3050221e-01
   7.2994878e-01
   7.2939581e-01
   7.2884329e-01
   7.2829123e-01
   7.2773961e-01
   7.2718845e-01
   7.2663773e-01
   7.2608747e-01
   7.2553766e-01
   7.2498830e-01
   7.2443939e-01
   7.2389092e-01
   7.2334291e-01
   7.2279534e-01
   7.2224822e-01
   7.2170155e-01
   7.2115533e-01
   7.2060955e-01
   7.2006421e-01
   7.1951933e-01
   7.1897488e-01
   7.1843089e-01
   7.1788733e-01
   7.1734422e-01
   7.1680155e-01
   7.1625933e-01
   7.1571755e-01
   7.1517621e-01
   7.1463531e-01
   7.1409485e-01
   7.1355484e-01
   7.1301526e-01
   7.1247612e-01
   7.1193743e-01
   7.1139917e-01
   7.1086135e-01
   7.1032397e-01
   7.0978702e-01
   7.0925051e-01
   7.0871444e-01
   7.0817881e-01
   7.0764361e-01
   7.0710885e-01
   7.0657453e-01
   7.0604063e-01
   7.0550718e-01
   7.0497415e-01
   7.0444156e-01
   7.0390940e-01
   7.0337768e-01
   7.0284639e-01
   7.0231553e-01
   7.0178510e-01
   7.0125510e-01
   7.0072553e-01
   7.0019639e-01
   6.9966768e-01
   6.9913941e-01
   6.9861156e-01
   6.9808413e-01
   6.9755714e-01
   6.9703058e-01
   6.9650444e-01
   6.9597873e-01
   6.9545344e-01
   6.9492858e-01
   6.9440415e-01
   6.9388014e-01
   6.9335656e-01
   6.9283340e-01
   6.9231066e-01
   6.9178835e-01
   6.9126646e-01
   6.9074500e-01
   6.9022395e-01
   6.8970333e-01
   6.8918313e-01
   6.8866335e-01
   6.8814399e-01
   6.8762506e-01
   6.8710654e-01
   6.8658844e-01
   6.8607076e-01
   6.8555350e-01
   6.8503666e-01
   6.8452024e-01
   6.8400423e-01
   6.8348864e-01
   6.8297347e-01
   6.8245871e-01
   6.8194437e-01
   6.8143045e-01
   6.8091694e-01
   6.8040384e-01
   6.7989116e-01
   6.7937890e-01
   6.7886704e-01
   6.7835561e-01
   6.7784458e-01
   6.7733396e-01
   6.7682376e-01
   6.7631397e-01
   6.7580459e-01
   6.7529562e-01
   6.7478707e-01
   6.7427892e-01
   6.7377118e-01
   6.7326385e-01
   6.7275693e-01
   6.7225042e-01
   6.7174432e-01
   6.7123862e-01
   6.7073333e-01
   6.7022845e-01
   6.6972398e-01
   6.6921991e-01
   6.6871624e-01
   6.6821299e-01
   6.6771014e-01
   6.6720769e-01
   6.6670564e-01
   6.6620401e-01
   6.6570277e-01
   6.6520194e-01
   6.6470151e-01
   6.6420148e-01
   6.6370186e-01
   6.6320263e-01
   6.6270381e-01
   6.6220539e-01
   6.6170737e-01
   6.6120975e-01
   6.6071253e-01
   6.6021570e-01
   6.5971928e-01
   6.5922326e-01
   6.5872763e-01
   6.5823241e-01
   6.5773758e-01
   6.5724314e-01
   6.5674911e-01
   6.5625547e-01
   6.5576222e-01
   6.5526937e-01
   6.5477692e-01
   6.5428486e-01
   6.5379320e-01
   6.5330193e-01
   6.5281106e-01
   6.5232058e-01
   6.5183049e-01
   6.5134079e-01
   6.5085149e-01
   6.5036258e-01
   6.4987406e-01
   6.4938593e-01
   6.4889819e-01
   6.4841084e-01
   6.4792389e-01
   6.4743732e-01
   6.4695114e-01
   6.4646535e-01
   6.4597995e-01
   6.4549494e-01
   6.4501032e-01
   6.4452608e-01
   6.4404223e-01
   6.4355877e-01
   6.4307570e-01
   6.4259301e-01
   6.4211071e-01
   6.4162879e-01
   6.4114726e-01
   6.4066611e-01
   6.4018535e-01
   6.3970497e-01
   6.3922497e-01
   6.3874536e-01
   6.3826613e-01
   6.3778729e-01
   6.3730882e-01
   6.3683074e-01
   6.3635304e-01
   6.3587572e-01
   6.3539878e-01
   6.3492222e-01
   6.3444605e-01
   6.3397025e-01
   6.3349483e-01
   6.3301979e-01
   6.3254513e-01
   6.3207085e-01
   6.3159695e-01
   6.3112342e-01
   6.3065027e-01
   6.3017750e-01
   6.2970511e-01
   6.2923309e-01
   6.2876145e-01
   6.2829018e-01
   6.2781929e-01
   6.2734877e-01
   6.2687863e-01
   6.2640886e-01
   6.2593947e-01
   6.2547045e-01
   6.2500180e-01
   6.2453353e-01
   6.2406563e-01
   6.2359810e-01
   6.2313094e-01
   6.2266416e-01
   6.2219774e-01
   6.2173170e-01
   6.2126603e-01
   6.2080072e-01
   6.2033579e-01
   6.1987123e-01
   6.1940703e-01
   6.1894321e-01
   6.1847975e-01
   6.1801666e-01
   6.1755394e-01
   6.1709159e-01
   6.1662960e-01
   6.1616798e-01
   6.1570673e-01
   6.1524584e-01
   6.1478532e-01
   6.1432517e-01
   6.1386538e-01
   6.1340595e-01
   6.1294689e-01
   6.1248820e-01
   6.1202986e-01
   6.1157190e-01
   6.1111429e-01
   6.1065705e-01
   6.1020017e-01
   6.0974365e-01
   6.0928749e-01
   6.0883170e-01
   6.0837626e-01
   6.0792119e-01
   6.0746648e-01
   6.0701212e-01
   6.0655813e-01
   6.0610450e-01
   6.0565123e-01
   6.0519831e-01
   6.0474576e-01
   6.0429356e-01
   6.0384172e-01
   6.0339024e-01
   6.0293911e-01
   6.0248834e-01
   6.0203793e-01
   6.0158788e-01
   6.0113818e-01
   6.0068884e-01
   6.0023985e-01
   5.9979122e-01
   5.9934294e-01
   5.9889502e-01
   5.9844745e-01
   5.9800023e-01
   5.9755337e-01
   5.9710686e-01
   5.9666070e-01
   5.9621490e-01
   5.9576945e-01
   5.9532435e-01
   5.9487960e-01
   5.9443520e-01
   5.9399116e-01
   5.9354746e-01
   5.9310412e-01
   5.9266112e-01
   5.9221848e-01
   5.9177618e-01
   5.9133423e-01
   5.9089263e-01
   5.9045138e-01
   5.9001048e-01
   5.8956993e-01
   5.8912972e-01
   5.8868986e-01
   5.8825035e-01
   5.8781118e-01
   5.8737236e-01
   5.8693389e-01
   5.8649576e-01
   5.8605798e-01
   5.8562054e-01
   5.8518345e-01
   5.8474670e-01
   5.8431029e-01
   5.8387423e-01
   5.8343851e-01
   5.8300314e-01
   5.8256811e-01
   5.8213342e-01
   5.8169907e-01
   5.8126506e-01
   5.8083140e-01
   5.8039808e-01
   5.7996510e-01
   5.7953246e-01
   5.7910015e-01
   5.7866819e-01
   5.7823657e-01
   5.7780529e-01
   5.7737435e-01
   5.7694375e-01
   5.7651348e-01
   5.7608356e-01
   5.7565397e-01
   5.7522472e-01
   5.7479581e-01
   5.7436723e-01
   5.7393899e-01
   5.7351109e-01
   5.7308352e-01
   5.7265629e-01
   5.7222940e-01
   5.7180284e-01
   5.7137661e-01
   5.7095072e-01
   5.7052517e-01
   5.7009995e-01
   5.6967506e-01
   5.6925050e-01
   5.6882628e-01
   5.6840239e-01
   5.6797884e-01
   5.6755562e-01
   5.6713272e-01
   5.6671016e-01
   5.6628794e-01
   5.6586604e-01
   5.6544447e-01
   5.6502324e-01
   5.6460233e-01
   5.6418176e-01
   5.6376151e-01
   5.6334160e-01
   5.6292201e-01
   5.6250275e-01
   5.6208382e-01
   5.6166522e-01
   5.6124695e-01
   5.6082900e-01
   5.6041138e-01
   5.5999409e-01
   5.5957713e-01
   5.5916049e-01
   5.5874418e-01
   5.5832819e-01
   5.5791253e-01
   5.5749719e-01
   5.5708218e-01
   5.5666750e-01
   5.5625314e-01
   5.5583910e-01
   5.5542539e-01
   5.5501200e-01
   5.5459894e-01
   5.5418619e-01
   5.5377377e-01
   5.5336168e-01
   5.5294990e-01
   5.5253845e-01
   5.5212732e-01
   5.5171651e-01
   5.5130602e-01
   5.5089585e-01
   5.5048600e-01
   5.5007648e-01
   5.4966727e-01
   5.4925838e-01
   5.4884981e-01
   5.4844156e-01
   5.4803363e-01
   5.4762602e-01
   5.4721873e-01
   5.4681175e-01
   5.4640510e-01
   5.4599876e-01
   5.4559273e-01
   5.4518703e-01
   5.4478164e-01
   5.4437656e-01
   5.4397181e-01
   5.4356737e-01
   5.4316324e-01
   5.4275943e-01
   5.4235593e-01
   5.4195275e-01
   5.4154989e-01
   5.4114733e-01
   5.4074510e-01
   5.4034317e-01
   5.3994156e-01
   5.3954026e-01
   5.3913928e-01
   5.3873860e-01
   5.3833824e-01
   5.3793819e-01
   5.3753846e-01
   5.3713903e-01
   5.3673992e-01
   5.3634111e-01
   5.3594262e-01
   5.3554444e-01
   5.3514656e-01
   5.3474900e-01
   5.3435175e-01
   5.3395480e-01
   5.3355817e-01
   5.3316184e-01
   5.3276583e-01
   5.3237012e-01
   5.3197471e-01
   5.3157962e-01
   5.3118483e-01
   5.3079035e-01
   5.3039618e-01
   5.3000231e-01
   5.2960876e-01
   5.2921550e-01
   5.2882255e-01
   5.2842991e-01
   5.2803757e-01
   5.2764554e-01
   5.2725381e-01
   5.2686239e-01
   5.2647127e-01
   5.2608046e-01
   5.2568995e-01
   5.2529974e-01
   5.2490984e-01
   5.2452023e-01
   5.2413093e-01
   5.2374194e-01
   5.2335324e-01
   5.2296485e-01
   5.2257676e-01
   5.2218897e-01
   5.2180148e-01
   5.2141429e-01
   5.2102741e-01
   5.2064082e-01
   5.2025453e-01
   5.1986855e-01
   5.1948286e-01
   5.1909747e-01
   5.1871238e-01
   5.1832759e-01
   5.1794310e-01
   5.1755891e-01
   5.1717501e-01
   5.1679141e-01
   5.1640811e-01
   5.1602511e-01
   5.1564240e-01
   5.1525999e-01
   5.1487788e-01
   5.1449606e-01
   5.1411454e-01
   5.1373331e-01
   5.1335238e-01
   5.1297175e-01
   5.1259141e-01
   5.1221136e-01
   5.1183161e-01
   5.1145216e-01
   5.1107299e-01
   5.1069412e-01
   5.1031555e-01
   5.0993727e-01
   5.0955928e-01
   5.0918158e-01
   5.0880417e-01
   5.0842706e-01
   5.0805024e-01
   5.0767371e-01
   5.0729747e-01
   5.0692153e-01
   5.0654587e-01
   5.0617051e-01
   5.0579543e-01
   5.0542065e-01
   5.0504615e-01
   5.0467195e-01
   5.0429803e-01
   5.0392441e-01
   5.0355107e-01
   5.0317802e-01
   5.0280526e-01
   5.0243279e-01
   5.0206061e-01
   5.0168871e-01
   5.0131710e-01
   5.0094578e-01
   5.0057475e-01
   5.0020400e-01
   4.9983354e-01
   4.9946336e-01
   4.9909347e-01
   4.9872387e-01
   4.9835455e-01
   4.9798552e-01
   4.9761677e-01
   4.9724831e-01
   4.9688013e-01
   4.9651223e-01
   4.9614462e-01
   4.9577730e-01
   4.9541025e-01
   4.9504349e-01
   4.9467702e-01
   4.9431082e-01
   4.9394491e-01
   4.9357928e-01
   4.9321394e-01
   4.9284887e-01
   4.9248409e-01
   4.9211959e-01
   4.9175537e-01
   4.9139143e-01
   4.9102777e-01
   4.9066439e-01
   4.9030129e-01
   4.8993847e-01
   4.8957593e-01
   4.8921367e-01
   4.8885169e-01
   4.8848999e-01
   4.8812857e-01
   4.8776743e-01
   4.8740656e-01
   4.8704598e-01
   4.8668567e-01
   4.8632563e-01
   4.8596588e-01
   4.8560640e-01
   4.8524720e-01
   4.8488828e-01
   4.8452963e-01
   4.8417126e-01
   4.8381316e-01
   4.8345534e-01
   4.8309780e-01
   4.8274053e-01
   4.8238354e-01
   4.8202682e-01
   4.8167038e-01
   4.8131421e-01
   4.8095831e-01
   4.8060269e-01
   4.8024734e-01
   4.7989226e-01
   4.7953746e-01
   4.7918293e-01
   4.7882868e-01
   4.7847469e-01
   4.7812098e-01
   4.7776754e-01
   4.7741438e-01
   4.7706148e-01
   4.7670885e-01
   4.7635650e-01
   4.7600442e-01
   4.7565261e-01
   4.7530106e-01
   4.7494979e-01
   4.7459879e-01
   4.7424806e-01
   4.7389760e-01
   4.7354741e-01
   4.7319748e-01
   4.7284783e-01
   4.7249844e-01
   4.7214932e-01
   4.7180047e-01
   4.7145189e-01
   4.7110358e-01
   4.7075553e-01
   4.7040775e-01
   4.7006024e-01
   4.6971299e-01
   4.6936601e-01
   4.6901930e-01
   4.6867285e-01
   4.6832667e-01
   4.6798076e-01
   4.6763511e-01
   4.6728973e-01
   4.6694461e-01
   4.6659975e-01
   4.6625516e-01
   4.6591084e-01
   4.6556678e-01
   4.6522298e-01
   4.6487945e-01
   4.6453618e-01
   4.6419317e-01
   4.6385043e-01
   4.6350794e-01
   4.6316573e-01
   4.6282377e-01
   4.6248208e-01
   4.6214064e-01
   4.6179947e-01
   4.6145857e-01
   4.6111792e-01
   4.6077753e-01
   4.6043741e-01
   4.6009754e-01
   4.5975794e-01
   4.5941859e-01
   4.5907951e-01
   4.5874068e-01
   4.5840212e-01
   4.5806381e-01
   4.5772577e-01
   4.5738798e-01
   4.5705045e-01
   4.5671318e-01
   4.5637617e-01
   4.5603941e-01
   4.5570292e-01
   4.5536668e-01
   4.5503070e-01
   4.5469497e-01
   4.5435951e-01
   4.5402430e-01
   4.5368934e-01
   4.5335465e-01
   4.5302020e-01
   4.5268602e-01
   4.5235209e-01
   4.5201841e-01
   4.5168500e-01
   4.5135183e-01
   4.5101892e-01
   4.5068627e-01
   4.5035387e-01
   4.5002172e-01
   4.4968983e-01
   4.4935819e-01
   4.4902681e-01
   4.4869567e-01
   4.4836480e-01
   4.4803417e-01
   4.4770380e-01
   4.4737368e-01
   4.4704381e-01
   4.4671419e-01
   4.4638483e-01
   4.4605572e-01
   4.4572686e-01
   4.4539825e-01
   4.4506989e-01
   4.4474178e-01
   4.4441393e-01
   4.4408632e-01
   4.4375896e-01
   4.4343186e-01
   4.4310500e-01
   4.4277839e-01
   4.4245204e-01
   4.4212593e-01
   4.4180007e-01
   4.4147446e-01
   4.4114910e-01
   4.4082398e-01
   4.4049912e-01
   4.4017450e-01
   4.3985013e-01
   4.3952601e-01
   4.3920213e-01
   4.3887851e-01
   4.3855512e-01
   4.3823199e-01
   4.3790910e-01
   4.3758646e-01
   4.3726407e-01
   4.3694192e-01
   4.3662001e-01
   4.3629836e-01
   4.3597694e-01
   4.3565578e-01
   4.3533485e-01
   4.3501418e-01
   4.3469374e-01
   4.3437355e-01
   4.3405361e-01
   4.3373391e-01
   4.3341445e-01
   4.3309523e-01
   4.3277626e-01
   4.3245754e-01
   4.3213905e-01
   4.3182081e-01
   4.3150281e-01
   4.3118505e-01
   4.3086754e-01
   4.3055026e-01
   4.3023323e-01
   4.2991644e-01
   4.2959989e-01
   4.2928358e-01
   4.2896752e-01
   4.2865169e-01
   4.2833611e-01
   4.2802076e-01
   4.2770566e-01
   4.2739079e-01
   4.2707616e-01
   4.2676178e-01
   4.2644763e-01
   4.2613372e-01
   4.2582005e-01
   4.2550662e-01
   4.2519343e-01
   4.2488048e-01
   4.2456776e-01
   4.2425529e-01
   4.2394305e-01
   4.2363105e-01
   4.2331928e-01
   4.2300775e-01
   4.2269646e-01
   4.2238541e-01
   4.2207459e-01
   4.2176401e-01
   4.2145367e-01
   4.2114356e-01
   4.2083369e-01
   4.2052405e-01
   4.2021465e-01
   4.1990548e-01
   4.1959655e-01
   4.1928785e-01
   4.1897939e-01
   4.1867116e-01
   4.1836317e-01
   4.1805541e-01
   4.1774789e-01
   4.1744059e-01
   4.1713354e-01
   4.1682671e-01
   4.1652012e-01
   4.1621376e-01
   4.1590763e-01
   4.1560174e-01
   4.1529608e-01
   4.1499065e-01
   4.1468545e-01
   4.1438049e-01
   4.1407576e-01
   4.1377125e-01
   4.1346698e-01
   4.1316294e-01
   4.1285913e-01
   4.1255555e-01
   4.1225221e-01
   4.1194909e-01
   4.1164620e-01
   4.1134354e-01
   4.1104112e-01
   4.1073892e-01
   4.1043695e-01
   4.1013521e-01
   4.0983370e-01
   4.0953241e-01
   4.0923136e-01
   4.0893054e-01
   4.0862994e-01
   4.0832957e-01
   4.0802943e-01
   4.0772951e-01
   4.0742983e-01
   4.0713037e-01
   4.0683114e-01
   4.0653213e-01
   4.0623336e-01
   4.0593480e-01
   4.0563648e-01
   4.0533838e-01
   4.0504051e-01
   4.0474286e-01
   4.0444544e-01
   4.0414824e-01
   4.0385127e-01
   4.0355453e-01
   4.0325801e-01
   4.0296171e-01
   4.0266564e-01
   4.0236979e-01
   4.0207417e-01
   4.0177877e-01
   4.0148359e-01
   4.0118864e-01
   4.0089391e-01
   4.0059941e-01
   4.0030513e-01
   4.0001107e-01
   3.9971723e-01
   3.9942362e-01
   3.9913023e-01
   3.9883706e-01
   3.9854411e-01
   3.9825139e-01
   3.9795888e-01
   3.9766660e-01
   3.9737454e-01
   3.9708270e-01
   3.9679108e-01
   3.9649968e-01
   3.9620850e-01
   3.9591755e-01
   3.9562681e-01
   3.9533629e-01
   3.9504600e-01
   3.9475592e-01
   3.9446606e-01
   3.9417642e-01
   3.9388700e-01
   3.9359780e-01
   3.9330882e-01
   3.9302006e-01
   3.9273151e-01
   3.9244318e-01
   3.9215508e-01
   3.9186719e-01
   3.9157951e-01
   3.9129206e-01
   3.9100482e-01
   3.9071780e-01
   3.9043099e-01
   3.9014441e-01
   3.8985804e-01
   3.8957188e-01
   3.8928595e-01
   3.8900023e-01
   3.8871472e-01
   3.8842943e-01
   3.8814436e-01
   3.8785950e-01
   3.8757485e-01
   3.8729043e-01
   3.8700621e-01
   3.8672221e-01
   3.8643843e-01
   3.8615486e-01
   3.8587151e-01
   3.8558836e-01
   3.8530544e-01
   3.8502272e-01
   3.8474022e-01
   3.8445794e-01
   3.8417586e-01
   3.8389400e-01
   3.8361236e-01
   3.8333092e-01
   3.8304970e-01
   3.8276869e-01
   3.8248789e-01
   3.8220730e-01
   3.8192693e-01
   3.8164677e-01
   3.8136682e-01
   3.8108708e-01
   3.8080755e-01
   3.8052823e-01
   3.8024912e-01
   3.7997023e-01
   3.7969154e-01
   3.7941307e-01
   3.7913480e-01
   3.7885675e-01
   3.7857890e-01
   3.7830127e-01
   3.7802384e-01
   3.7774662e-01
   3.7746962e-01
   3.7719282e-01
   3.7691623e-01
   3.7663984e-01
   3.7636367e-01
   3.7608771e-01
   3.7581195e-01
   3.7553640e-01
   3.7526106e-01
   3.7498593e-01
   3.7471100e-01
   3.7443628e-01
   3.7416177e-01
   3.7388747e-01
   3.7361337e-01
   3.7333948e-01
   3.7306579e-01
   3.7279231e-01
   3.7251904e-01
   3.7224597e-01
   3.7197311e-01
   3.7170046e-01
   3.7142801e-01
   3.7115576e-01
   3.7088372e-01
   3.7061189e-01
   3.7034026e-01
   3.7006884e-01
   3.6979762e-01
   3.6952660e-01
   3.6925579e-01
   3.6898518e-01
   3.6871478e-01
   3.6844458e-01
   3.6817458e-01
   3.6790479e-01
   3.6763519e-01
   3.6736581e-01
   3.6709662e-01
   3.6682764e-01
   3.6655886e-01
   3.6629028e-01
   3.6602191e-01
   3.6575374e-01
   3.6548577e-01
   3.6521800e-01
   3.6495043e-01
   3.6468306e-01
   3.6441590e-01
   3.6414893e-01
   3.6388217e-01
   3.6361561e-01
   3.6334925e-01
   3.6308308e-01
   3.6281712e-01
   3.6255136e-01
   3.6228580e-01
   3.6202044e-01
   3.6175528e-01
   3.6149032e-01
   3.6122555e-01
   3.6096099e-01
   3.6069662e-01
   3.6043246e-01
   3.6016849e-01
   3.5990472e-01
   3.5964115e-01
   3.5937778e-01
   3.5911461e-01
   3.5885163e-01
   3.5858885e-01
   3.5832627e-01
   3.5806389e-01
   3.5780170e-01
   3.5753971e-01
   3.5727792e-01
   3.5701632e-01
   3.5675492e-01
   3.5649372e-01
   3.5623271e-01
   3.5597190e-01
   3.5571129e-01
   3.5545087e-01
   3.5519065e-01
   3.5493062e-01
   3.5467079e-01
   3.5441115e-01
   3.5415171e-01
   3.5389247e-01
   3.5363342e-01
   3.5337456e-01
   3.5311590e-01
   3.5285743e-01
   3.5259915e-01
   3.5234107e-01
   3.5208319e-01
   3.5182549e-01
   3.5156799e-01
   3.5131069e-01
   3.5105358e-01
   3.5079666e-01
   3.5053993e-01
   3.5028340e-01
   3.5002705e-01
   3.4977091e-01
   3.4951495e-01
   3.4925918e-01
   3.4900361e-01
   3.4874823e-01
   3.4849304e-01
   3.4823804e-01
   3.4798324e-01
   3.4772862e-01
   3.4747420e-01
   3.4721997e-01
   3.4696592e-01
   3.4671207e-01
   3.4645841e-01
   3.4620494e-01
   3.4595166e-01
   3.4569857e-01
   3.4544567e-01
   3.4519296e-01
   3.4494044e-01
   3.4468810e-01
   3.4443596e-01
   3.4418401e-01
   3.4393224e-01
   3.4368067e-01
   3.4342928e-01
   3.4317808e-01
   3.4292707e-01
   3.4267625e-01
   3.4242561e-01
   3.4217517e-01
   3.4192491e-01
   3.4167484e-01
   3.4142496e-01
   3.4117526e-01
   3.4092575e-01
   3.4067643e-01
   3.4042729e-01
   3.4017835e-01
   3.3992958e-01
   3.3968101e-01
   3.3943262e-01
   3.3918442e-01
   3.3893640e-01
   3.3868857e-01
   3.3844093e-01
   3.3819347e-01
   3.3794619e-01
   3.3769910e-01
   3.3745220e-01
   3.3720548e-01
   3.3695895e-01
   3.3671260e-01
   3.3646643e-01
   3.3622045e-01
   3.3597465e-01
   3.3572904e-01
   3.3548361e-01
   3.3523837e-01
   3.3499331e-01
   3.3474843e-01
   3.3450374e-01
   3.3425923e-01
   3.3401490e-01
   3.3377075e-01
   3.3352679e-01
   3.3328301e-01
   3.3303942e-01
   3.3279600e-01
   3.3255277e-01
   3.3230972e-01
   3.3206685e-01
   3.3182417e-01
   3.3158166e-01
   3.3133934e-01
   3.3109720e-01
   3.3085523e-01
   3.3061346e-01
   3.3037186e-01
   3.3013044e-01
   3.2988920e-01
   3.2964814e-01
   3.2940727e-01
   3.2916657e-01
   3.2892606e-01
   3.2868572e-01
   3.2844556e-01
   3.2820559e-01
   3.2796579e-01
   3.2772617e-01
   3.2748673e-01
   3.2724747e-01
   3.2700839e-01
   3.2676949e-01
   3.2653077e-01
   3.2629222e-01
   3.2605386e-01
   3.2581567e-01
   3.2557766e-01
   3.2533983e-01
   3.2510217e-01
   3.2486469e-01
   3.2462740e-01
   3.2439027e-01
   3.2415333e-01
   3.2391656e-01
   3.2367997e-01
   3.2344356e-01
   3.2320732e-01
   3.2297126e-01
   3.2273538e-01
   3.2249967e-01
   3.2226414e-01
   3.2202878e-01
   3.2179360e-01
   3.2155860e-01
   3.2132377e-01
   3.2108912e-01
   3.2085464e-01
   3.2062034e-01
   3.2038621e-01
   3.2015226e-01
   3.1991848e-01
   3.1968488e-01
   3.1945145e-01
   3.1921820e-01
   3.1898512e-01
   3.1875221e-01
   3.1851948e-01
   3.1828692e-01
   3.1805454e-01
   3.1782233e-01
   3.1759029e-01
   3.1735843e-01
   3.1712673e-01
   3.1689522e-01
   3.1666387e-01
   3.1643270e-01
   3.1620170e-01
   3.1597087e-01
   3.1574022e-01
   3.1550973e-01
   3.1527942e-01
   3.1504928e-01
   3.1481932e-01
   3.1458952e-01
   3.1435990e-01
   3.1413045e-01
   3.1390116e-01
   3.1367205e-01
   3.1344311e-01
   3.1321435e-01
   3.1298575e-01
   3.1275732e-01
   3.1252907e-01
   3.1230098e-01
   3.1207306e-01
   3.1184532e-01
   3.1161774e-01
   3.1139033e-01
   3.1116310e-01
   3.1093603e-01
   3.1070913e-01
   3.1048240e-01
   3.1025584e-01
   3.1002945e-01
   3.0980323e-01
   3.0957718e-01
   3.0935129e-01
   3.0912558e-01
   3.0890003e-01
   3.0867465e-01
   3.0844944e-01
   3.0822439e-01
   3.0799952e-01
   3.0777481e-01
   3.0755027e-01
   3.0732590e-01
   3.0710169e-01
   3.0687765e-01
   3.0665378e-01
   3.0643008e-01
   3.0620654e-01
   3.0598317e-01
   3.0575996e-01
   3.0553692e-01
   3.0531405e-01
   3.0509134e-01
   3.0486880e-01
   3.0464643e-01
   3.0442422e-01
   3.0420218e-01
   3.0398030e-01
   3.0375859e-01
   3.0353704e-01
   3.0331566e-01
   3.0309444e-01
   3.0287339e-01
   3.0265250e-01
   3.0243178e-01
   3.0221122e-01
   3.0199082e-01
   3.0177059e-01
   3.0155053e-01
   3.0133062e-01
   3.0111089e-01
   3.0089131e-01
   3.0067190e-01
   3.0045265e-01
   3.0023357e-01
   3.0001464e-01
   2.9979589e-01
   2.9957729e-01
   2.9935886e-01
   2.9914059e-01
   2.9892248e-01
   2.9870453e-01
   2.9848675e-01
   2.9826913e-01
   2.9805167e-01
   2.9783437e-01
   2.9761724e-01
   2.9740026e-01
   2.9718345e-01
   2.9696680e-01
   2.9675031e-01
   2.9653398e-01
   2.9631782e-01
   2.9610181e-01
   2.9588596e-01
   2.9567028e-01
   2.9545475e-01
   2.9523939e-01
   2.9502418e-01
   2.9480914e-01
   2.9459426e-01
   2.9437953e-01
   2.9416497e-01
   2.9395056e-01
   2.9373632e-01
   2.9352223e-01
   2.9330831e-01
   2.9309454e-01
   2.9288093e-01
   2.9266748e-01
   2.9245419e-01
   2.9224106e-01
   2.9202808e-01
   2.9181527e-01
   2.9160261e-01
   2.9139011e-01
   2.9117777e-01
   2.9096559e-01
   2.9075356e-01
   2.9054170e-01
   2.9032999e-01
   2.9011843e-01
   2.8990704e-01
   2.8969580e-01
