   2.2012834e-01
   2.1991556e-01
   2.1970307e-01
   2.1949084e-01
   2.1927890e-01
   2.1906722e-01
   2.1885582e-01
   2.1864469e-01
   2.1843383e-01
   2.1822325e-01
   2.1801294e-01
   2.1780289e-01
   2.1759312e-01
   2.1738362e-01
   2.1717440e-01
   2.1696544e-01
   2.1675674e-01
   2.1654832e-01
   2.1634017e-01
   2.1613229e-01
   2.1592467e-01
   2.1571732e-01
   2.1551024e-01
   2.1530342e-01
   2.1509688e-01
   2.1489059e-01
   2.1468458e-01
   2.1447883e-01
   2.1427334e-01
   2.1406812e-01
   2.1386316e-01
   2.1365847e-01
   2.1345404e-01
   2.1324987e-01
   2.1304596e-01
   2.1284232e-01
   2.1263894e-01
   2.1243582e-01
   2.1223296e-01
   2.1203037e-01
   2.1182803e-01
   2.1162595e-01
   2.1142414e-01
   2.1122258e-01
   2.1102128e-01
   2.1082024e-01
   2.1061946e-01
   2.1041894e-01
   2.1021868e-01
   2.1001867e-01
   2.0981892e-01
   2.0961942e-01
   2.0942018e-01
   2.0922120e-01
   2.0902247e-01
   2.0882400e-01
   2.0862578e-01
   2.0842782e-01
   2.0823011e-01
   2.0803266e-01
   2.0783545e-01
   2.0763850e-01
   2.0744181e-01
   2.0724536e-01
   2.0704917e-01
   2.0685323e-01
   2.0665754e-01
   2.0646210e-01
   2.0626691e-01
   2.0607197e-01
   2.0587728e-01
   2.0568284e-01
   2.0548865e-01
   2.0529471e-01
   2.0510102e-01
   2.0490757e-01
   2.0471438e-01
   2.0452143e-01
   2.0432872e-01
   2.0413627e-01
   2.0394406e-01
   2.0375209e-01
   2.0356037e-01
   2.0336890e-01
   2.0317767e-01
   2.0298669e-01
   2.0279595e-01
   2.0260545e-01
   2.0241520e-01
   2.0222519e-01
   2.0203542e-01
   2.0184590e-01
   2.0165662e-01
   2.0146758e-01
   2.0127878e-01
   2.0109022e-01
   2.0090191e-01
   2.0071383e-01
   2.0052600e-01
   2.0033840e-01
   2.0015104e-01
   1.9996661e-01
   2.2697414e-01
   2.5342689e-01
   2.7937693e-01
   3.0486735e-01
   3.2993810e-01
   3.5462651e-01
   3.7896775e-01
   4.0299525e-01
   4.2674105e-01
   4.5023634e-01
   4.7351211e-01
   4.9660013e-01
   5.1953417e-01
   5.4235188e-01
   5.6509715e-01
   5.8782382e-01
   6.1060031e-01
   6.3351658e-01
   6.5669399e-01
   6.8030002e-01
   7.0457045e-01
   7.2984379e-01
   7.5661922e-01
   7.8565618e-01
   8.1816126e-01
   8.5615511e-01
   9.0325986e-01
   9.6653673e-01
   1.0612104e+00
   1.2240586e+00
   1.5586999e+00
   2.3287941e+00
   2.9987622e+00
   3.2515909e+00
   3.4956563e+00
   3.7898182e+00
   4.0765838e+00
   4.3222750e+00
   4.5177773e+00
   4.6638956e+00
   4.7646304e+00
   4.8248602e+00
   4.8496033e+00
   4.8437207e+00
   4.8118225e+00
   4.7581966e+00
   4.6867725e+00
   4.6011137e+00
   4.5044061e+00
   4.3994694e+00
   4.2576646e+00
   4.1145937e+00
   3.9723781e+00
   3.8340957e+00
   3.7020411e+00
   3.5778774e+00
   3.4627556e+00
   3.3574214e+00
   3.2622987e+00
   3.1775558e+00
   3.1031652e+00
   3.0389522e+00
   2.9846264e+00
   2.9398147e+00
   2.9040827e+00
   2.8769572e+00
   2.8579466e+00
   2.8465382e+00
   2.8422201e+00
   2.8444824e+00
   2.8528283e+00
   2.8667703e+00
   2.8858441e+00
   2.9096013e+00
   2.9376145e+00
   2.9694758e+00
   3.0048026e+00
   3.0432353e+00
   3.0844340e+00
   3.1280831e+00
   3.1738847e+00
   3.2215623e+00
   3.2708623e+00
   3.3215452e+00
   3.3733912e+00
   3.4261986e+00
   3.4797819e+00
   3.5339678e+00
   3.5886024e+00
   3.6435419e+00
   3.6986534e+00
   3.7538232e+00
   3.8089386e+00
   3.8639006e+00
   3.9186235e+00
   3.9730279e+00
   4.0270475e+00
   4.0806145e+00
   4.1336748e+00
   4.1861811e+00
   4.2380878e+00
   4.2893575e+00
   4.3399589e+00
   4.3898646e+00
   4.4390528e+00
   4.4875034e+00
   4.5352031e+00
   4.5821387e+00
   4.6283004e+00
   4.6736861e+00
   4.7182899e+00
   4.7621111e+00
   4.8051485e+00
   4.8474108e+00
   4.8889014e+00
   4.9296235e+00
   4.9695874e+00
   5.0088007e+00
   5.0472768e+00
   5.0850242e+00
   5.1220519e+00
   5.1583772e+00
   5.1940117e+00
   5.2289654e+00
   5.2632549e+00
   5.2968968e+00
   5.3299037e+00
   5.3622914e+00
   5.3940735e+00
   5.4252672e+00
   5.4558844e+00
   5.4859434e+00
   5.5154584e+00
   5.5444423e+00
   5.5729134e+00
   5.6008834e+00
   5.6283699e+00
   5.6553836e+00
   5.6819406e+00
   5.7080552e+00
   5.7337421e+00
   5.7590093e+00
   5.7838770e+00
   5.8083542e+00
   5.8324536e+00
   5.8561885e+00
   5.8795708e+00
   5.9026138e+00
   5.9253263e+00
   5.9477211e+00
   5.9698051e+00
   5.9915952e+00
   6.0130962e+00
   6.0343214e+00
   6.0552787e+00
   6.0759794e+00
   6.0964293e+00
   6.1166399e+00
   6.1366189e+00
   6.1563744e+00
   6.1759164e+00
   6.1952508e+00
   6.2143853e+00
   6.2333279e+00
   6.2520872e+00
   6.2706646e+00
   6.2890730e+00
   6.3073129e+00
   6.3253955e+00
   6.3433227e+00
   6.3611025e+00
   6.3787402e+00
   6.3962407e+00
   6.4136099e+00
   6.4308544e+00
   6.4479784e+00
   6.4649846e+00
   6.4818802e+00
   6.4986667e+00
   6.5153511e+00
   6.5319364e+00
   6.5484261e+00
   6.5648248e+00
   6.5811372e+00
   6.5973645e+00
   6.6135124e+00
   6.6295829e+00
   6.6455816e+00
   6.6615112e+00
   6.6773743e+00
   6.6931712e+00
   6.7089077e+00
   6.7245874e+00
   6.7402119e+00
   6.7557837e+00
   6.7713094e+00
   6.7867876e+00
   6.8022244e+00
   6.8176194e+00
   6.8329731e+00
   6.8482931e+00
   6.8635806e+00
   6.8788355e+00
   6.8940605e+00
   6.9092596e+00
   6.9244348e+00
   6.9395863e+00
   6.9547208e+00
   6.9698364e+00
   6.9849351e+00
   7.0000210e+00
   7.0150983e+00
   7.0301652e+00
   7.0452261e+00
   7.0602828e+00
   7.0753334e+00
   7.0903859e+00
   7.1054395e+00
   7.1204964e+00
   7.1355603e+00
   7.1506284e+00
   7.1657061e+00
   7.1807981e+00
   7.1959050e+00
   7.2110260e+00
   7.2261630e+00
   7.2413227e+00
   7.2565000e+00
   7.2717045e+00
   7.2869337e+00
   7.3021924e+00
   7.3174806e+00
   7.3328005e+00
   7.3481525e+00
   7.3635390e+00
   7.3789668e+00
   7.3944338e+00
   7.4099448e+00
   7.4254986e+00
   7.4411005e+00
   7.4567497e+00
   7.4724485e+00
   7.4882021e+00
   7.5040131e+00
   7.5198782e+00
   7.5358047e+00
   7.5517917e+00
   7.5678368e+00
   7.5839469e+00
   7.6001296e+00
   7.6163895e+00
   7.6327244e+00
   7.6491346e+00
   7.6656216e+00
   7.6821878e+00
   7.6988351e+00
   7.7155659e+00
   7.7323821e+00
   7.7492857e+00
   7.7662786e+00
   7.7833628e+00
   7.8005402e+00
   7.8178127e+00
   7.8351820e+00
   7.8526498e+00
   7.8702178e+00
   7.8878875e+00
   7.9056604e+00
   7.9235380e+00
   7.9415214e+00
   7.9596119e+00
   7.9778106e+00
   7.9961183e+00
   8.0145358e+00
   8.0330638e+00
   8.0517028e+00
   8.0704531e+00
   8.0893148e+00
   8.1082880e+00
   8.1273724e+00
   8.1465676e+00
   8.1658731e+00
   8.1852879e+00
   8.2048111e+00
   8.2244415e+00
   8.2441775e+00
   8.2640176e+00
   8.2839597e+00
   8.3040018e+00
   8.3241416e+00
   8.3443764e+00
   8.3647035e+00
   8.3851200e+00
   8.4056226e+00
   8.4262079e+00
   8.4468724e+00
   8.4676123e+00
   8.4884238e+00
   8.5093028e+00
   8.5302451e+00
   8.5512463e+00
   8.5723021e+00
   8.5934079e+00
   8.6145591e+00
   8.6357511e+00
   8.6569790e+00
   8.6782383e+00
   8.6995241e+00
   8.7208315e+00
   8.7421560e+00
   8.7634927e+00
   8.7848369e+00
   8.8061840e+00
   8.8275294e+00
   8.8488686e+00
   8.8701972e+00
   8.8915109e+00
   8.9128055e+00
   8.9340768e+00
   8.9553209e+00
   8.9765340e+00
   8.9977123e+00
   9.0188523e+00
   9.0399505e+00
   9.0610036e+00
   9.0820084e+00
   9.1029621e+00
   9.1238616e+00
   9.1447044e+00
   9.1654878e+00
   9.1862095e+00
   9.2068672e+00
   9.2274587e+00
   9.2479821e+00
   9.2684355e+00
   9.2888173e+00
   9.3091257e+00
   9.3293595e+00
   9.3495172e+00
   9.3695977e+00
   9.3895998e+00
   9.4095226e+00
   9.4293652e+00
   9.4491268e+00
   9.4688067e+00
   9.4884044e+00
   9.5079194e+00
   9.5273512e+00
   9.5466995e+00
   9.5659641e+00
   9.5851448e+00
   9.6042415e+00
   9.6232541e+00
   9.6421826e+00
   9.6610272e+00
   9.6797879e+00
   9.6984649e+00
   9.7170585e+00
   9.7355689e+00
   9.7539963e+00
   9.7723412e+00
   9.7906040e+00
   9.8087850e+00
   9.8268846e+00
   9.8449033e+00
   9.8628417e+00
   9.8807002e+00
   9.8984793e+00
   9.9161797e+00
   9.9338018e+00
   9.9513462e+00
   9.9688136e+00
   9.9862045e+00
   1.0003520e+01
   1.0020759e+01
   1.0037925e+01
   1.0055016e+01
   1.0072034e+01
   1.0088979e+01
   1.0105852e+01
   1.0122654e+01
   1.0139385e+01
   1.0156045e+01
   1.0172637e+01
   1.0189159e+01
   1.0205614e+01
   1.0222000e+01
   1.0238320e+01
   1.0254574e+01
   1.0270762e+01
   1.0286885e+01
   1.0302944e+01
   1.0318938e+01
   1.0334870e+01
   1.0350739e+01
   1.0366547e+01
   1.0382293e+01
   1.0397978e+01
   1.0413603e+01
   1.0429168e+01
   1.0444675e+01
   1.0460123e+01
   1.0475513e+01
   1.0490846e+01
   1.0506123e+01
   1.0521343e+01
   1.0536507e+01
   1.0551617e+01
   1.0566671e+01
   1.0581672e+01
   1.0596619e+01
   1.0611514e+01
   1.0626355e+01
   1.0641145e+01
   1.0655883e+01
   1.0670570e+01
   1.0685207e+01
   1.0699794e+01
   1.0714331e+01
   1.0728819e+01
   1.0743258e+01
   1.0757649e+01
   1.0771993e+01
   1.0786289e+01
   1.0800538e+01
   1.0814741e+01
   1.0828898e+01
   1.0843009e+01
   1.0857075e+01
   1.0871097e+01
   1.0885074e+01
   1.0899007e+01
   1.0912897e+01
   1.0926744e+01
   1.0940548e+01
   1.0954310e+01
   1.0968030e+01
   1.0981709e+01
   1.0995346e+01
   1.1008943e+01
   1.1022499e+01
   1.1036015e+01
   1.1049492e+01
   1.1062929e+01
   1.1076328e+01
   1.1089688e+01
   1.1103009e+01
   1.1116293e+01
   1.1129540e+01
   1.1142749e+01
   1.1155921e+01
   1.1169057e+01
   1.1182157e+01
   1.1195221e+01
   1.1208249e+01
   1.1221242e+01
   1.1234200e+01
   1.1247124e+01
   1.1260013e+01
   1.1272869e+01
   1.1285690e+01
   1.1298479e+01
   1.1311234e+01
   1.1323957e+01
   1.1336647e+01
   1.1349306e+01
   1.1361932e+01
   1.1374526e+01
   1.1387090e+01
   1.1399622e+01
   1.1412124e+01
   1.1424595e+01
   1.1437036e+01
   1.1449447e+01
   1.1461829e+01
   1.1474181e+01
   1.1486504e+01
   1.1498798e+01
   1.1511063e+01
   1.1523300e+01
   1.1535509e+01
   1.1547690e+01
   1.1559844e+01
   1.1571970e+01
   1.1584069e+01
   1.1596142e+01
   1.1608187e+01
   1.1620206e+01
   1.1632199e+01
   1.1644167e+01
   1.1656108e+01
   1.1668024e+01
   1.1679915e+01
   1.1691780e+01
   1.1703621e+01
   1.1715437e+01
   1.1727229e+01
   1.1738997e+01
   1.1750741e+01
   1.1762461e+01
   1.1774158e+01
   1.1785831e+01
   1.1797481e+01
   1.1809108e+01
   1.1820713e+01
   1.1832294e+01
   1.1843854e+01
   1.1855392e+01
   1.1866907e+01
   1.1878401e+01
   1.1889873e+01
   1.1901324e+01
   1.1912754e+01
   1.1924163e+01
   1.1935551e+01
   1.1946918e+01
   1.1958265e+01
   1.1969591e+01
   1.1980898e+01
   1.1992184e+01
   1.2003451e+01
   1.2014698e+01
   1.2025925e+01
   1.2037134e+01
   1.2048323e+01
   1.2059493e+01
   1.2070645e+01
   1.2081778e+01
   1.2092892e+01
   1.2103988e+01
   1.2115066e+01
   1.2126126e+01
   1.2137168e+01
   1.2148193e+01
   1.2159200e+01
   1.2170189e+01
   1.2181161e+01
   1.2192116e+01
   1.2203054e+01
   1.2213976e+01
   1.2224880e+01
   1.2235768e+01
   1.2246640e+01
   1.2257495e+01
   1.2268334e+01
   1.2279157e+01
   1.2289964e+01
   1.2300756e+01
   1.2311531e+01
   1.2322292e+01
   1.2333037e+01
   1.2343766e+01
   1.2354481e+01
   1.2365180e+01
   1.2375865e+01
   1.2386534e+01
   1.2397190e+01
   1.2407830e+01
   1.2418456e+01
   1.2429068e+01
   1.2439666e+01
   1.2450249e+01
   1.2460819e+01
   1.2471375e+01
   1.2481917e+01
   1.2492445e+01
   1.2502960e+01
   1.2513461e+01
   1.2523949e+01
   1.2534424e+01
   1.2544886e+01
   1.2555335e+01
   1.2565770e+01
   1.2576193e+01
   1.2586604e+01
   1.2597001e+01
   1.2607386e+01
   1.2617759e+01
   1.2628119e+01
   1.2638467e+01
   1.2648803e+01
   1.2659127e+01
   1.2669439e+01
   1.2679739e+01
   1.2690027e+01
   1.2700304e+01
   1.2710569e+01
   1.2720822e+01
   1.2731064e+01
   1.2741295e+01
   1.2751514e+01
   1.2761722e+01
   1.2771919e+01
   1.2782105e+01
   1.2792281e+01
   1.2802445e+01
   1.2812598e+01
   1.2822741e+01
   1.2832873e+01
   1.2842995e+01
   1.2853106e+01
   1.2863206e+01
   1.2873297e+01
   1.2883377e+01
   1.2893447e+01
   1.2903507e+01
   1.2913556e+01
   1.2923596e+01
   1.2933626e+01
   1.2943646e+01
   1.2953657e+01
   1.2963657e+01
   1.2973648e+01
   1.2983630e+01
   1.2993602e+01
   1.3003565e+01
   1.3013518e+01
   1.3023462e+01
   1.3033397e+01
   1.3043322e+01
   1.3053239e+01
   1.3063146e+01
   1.3073045e+01
   1.3082934e+01
   1.3092815e+01
   1.3102687e+01
   1.3112550e+01
   1.3122405e+01
   1.3132251e+01
   1.3142088e+01
   1.3151917e+01
   1.3161738e+01
   1.3171550e+01
   1.3181353e+01
   1.3191149e+01
   1.3200936e+01
   1.3210715e+01
   1.3220486e+01
   1.3230249e+01
   1.3240004e+01
   1.3249751e+01
   1.3259490e+01
   1.3269221e+01
   1.3278945e+01
   1.3288660e+01
   1.3298368e+01
   1.3308068e+01
   1.3317761e+01
   1.3327446e+01
   1.3337124e+01
   1.3346794e+01
   1.3356457e+01
   1.3366112e+01
   1.3375760e+01
   1.3385401e+01
   1.3395035e+01
   1.3404661e+01
   1.3414280e+01
   1.3423893e+01
   1.3433498e+01
   1.3443096e+01
   1.3452687e+01
   1.3462271e+01
   1.3471849e+01
   1.3481419e+01
   1.3490983e+01
   1.3500540e+01
   1.3510090e+01
   1.3519634e+01
   1.3529171e+01
   1.3538702e+01
   1.3548225e+01
   1.3557743e+01
   1.3567254e+01
   1.3576758e+01
   1.3586256e+01
   1.3595748e+01
   1.3605234e+01
   1.3614713e+01
   1.3624186e+01
   1.3633652e+01
   1.3643113e+01
   1.3652567e+01
   1.3662015e+01
   1.3671458e+01
   1.3680894e+01
   1.3690324e+01
   1.3699748e+01
   1.3709167e+01
   1.3718579e+01
   1.3727986e+01
   1.3737387e+01
   1.3746782e+01
   1.3756171e+01
   1.3765554e+01
   1.3774932e+01
   1.3784304e+01
   1.3793671e+01
   1.3803032e+01
   1.3812387e+01
   1.3821737e+01
   1.3831081e+01
   1.3840420e+01
   1.3849754e+01
   1.3859082e+01
   1.3868404e+01
   1.3877722e+01
   1.3887033e+01
   1.3896340e+01
   1.3905642e+01
   1.3914938e+01
   1.3924229e+01
   1.3933514e+01
   1.3942795e+01
   1.3952070e+01
   1.3961341e+01
   1.3970606e+01
   1.3979866e+01
   1.3989122e+01
   1.3998372e+01
   1.4007617e+01
   1.4016858e+01
   1.4026093e+01
   1.4035324e+01
   1.4044549e+01
   1.4053770e+01
   1.4062986e+01
   1.4072198e+01
   1.4081404e+01
   1.4090606e+01
   1.4099803e+01
   1.4108995e+01
   1.4118183e+01
   1.4127366e+01
   1.4136544e+01
   1.4145718e+01
   1.4154888e+01
   1.4164052e+01
   1.4173212e+01
   1.4182368e+01
   1.4191519e+01
   1.4200666e+01
   1.4209808e+01
   1.4218946e+01
   1.4228080e+01
   1.4237209e+01
   1.4246334e+01
   1.4255454e+01
   1.4264570e+01
   1.4273682e+01
   1.4282790e+01
   1.4291893e+01
   1.4300992e+01
   1.4310087e+01
   1.4319178e+01
   1.4328264e+01
   1.4337346e+01
   1.4346425e+01
   1.4355499e+01
   1.4364569e+01
   1.4373635e+01
   1.4382697e+01
   1.4391755e+01
   1.4400808e+01
   1.4409858e+01
   1.4418904e+01
   1.4427946e+01
   1.4436984e+01
   1.4446018e+01
   1.4455048e+01
   1.4464074e+01
   1.4473097e+01
   1.4482115e+01
   1.4491130e+01
   1.4500141e+01
   1.4509148e+01
   1.4518151e+01
   1.4527151e+01
   1.4536146e+01
   1.4545138e+01
   1.4554127e+01
   1.4563111e+01
   1.4572092e+01
   1.4581069e+01
   1.4590043e+01
   1.4599013e+01
   1.4607979e+01
   1.4616941e+01
   1.4625900e+01
   1.4634856e+01
   1.4643808e+01
   1.4652756e+01
   1.4661701e+01
   1.4670642e+01
   1.4679580e+01
   1.4688514e+01
   1.4697445e+01
   1.4706372e+01
   1.4715296e+01
   1.4724216e+01
   1.4733133e+01
   1.4742047e+01
   1.4750957e+01
   1.4759864e+01
   1.4768767e+01
   1.4777667e+01
   1.4786564e+01
   1.4795457e+01
   1.4804347e+01
   1.4813234e+01
   1.4822118e+01
   1.4830998e+01
   1.4839875e+01
   1.4848748e+01
   1.4857619e+01
   1.4866486e+01
   1.4875350e+01
   1.4884211e+01
   1.4893068e+01
   1.4901922e+01
   1.4910774e+01
   1.4919622e+01
   1.4928466e+01
   1.4937308e+01
   1.4946147e+01
   1.4954982e+01
   1.4963815e+01
   1.4972644e+01
   1.4981470e+01
   1.4990293e+01
   1.4999113e+01
   1.5007931e+01
   1.5016745e+01
   1.5025556e+01
   1.5034363e+01
   1.5043168e+01
   1.5051970e+01
   1.5060769e+01
   1.5069565e+01
   1.5078358e+01
   1.5087149e+01
   1.5095936e+01
   1.5104720e+01
   1.5113501e+01
   1.5122280e+01
   1.5131055e+01
   1.5139828e+01
   1.5148597e+01
   1.5157364e+01
   1.5166128e+01
   1.5174889e+01
   1.5183648e+01
   1.5192403e+01
   1.5201156e+01
   1.5209905e+01
   1.5218652e+01
   1.5227397e+01
   1.5236138e+01
   1.5244877e+01
   1.5253612e+01
   1.5262346e+01
   1.5271076e+01
   1.5279803e+01
   1.5288528e+01
   1.5297250e+01
   1.5305970e+01
   1.5314687e+01
   1.5323401e+01
   1.5332112e+01
   1.5340821e+01
   1.5349526e+01
   1.5358230e+01
   1.5366930e+01
   1.5375628e+01
   1.5384324e+01
   1.5393016e+01
   1.5401707e+01
   1.5410394e+01
   1.5419079e+01
   1.5427761e+01
   1.5436441e+01
   1.5445118e+01
   1.5453792e+01
   1.5462464e+01
   1.5471134e+01
   1.5479800e+01
   1.5488465e+01
   1.5497126e+01
   1.5505786e+01
   1.5514442e+01
   1.5523097e+01
   1.5531748e+01
   1.5540397e+01
   1.5549044e+01
   1.5557688e+01
   1.5566330e+01
   1.5574969e+01
   1.5583606e+01
   1.5592240e+01
   1.5600872e+01
   1.5609502e+01
   1.5618129e+01
   1.5626753e+01
   1.5635375e+01
   1.5643995e+01
   1.5652613e+01
   1.5661228e+01
   1.5669840e+01
   1.5678450e+01
   1.5687058e+01
   1.5695664e+01
   1.5704267e+01
   1.5712867e+01
   1.5721466e+01
   1.5730062e+01
   1.5738656e+01
   1.5747247e+01
   1.5755836e+01
   1.5764423e+01
   1.5773007e+01
   1.5781590e+01
   1.5790170e+01
   1.5798747e+01
   1.5807323e+01
   1.5815896e+01
   1.5824466e+01
   1.5833035e+01
   1.5841601e+01
   1.5850165e+01
   1.5858727e+01
   1.5867287e+01
   1.5875844e+01
   1.5884400e+01
   1.5892953e+01
   1.5901503e+01
   1.5910052e+01
   1.5918598e+01
   1.5927143e+01
   1.5935685e+01
   1.5944225e+01
   1.5952762e+01
   1.5961298e+01
   1.5969831e+01
   1.5978363e+01
   1.5986892e+01
   1.5995419e+01
   1.6003944e+01
   1.6012467e+01
   1.6020988e+01
   1.6029506e+01
   1.6038023e+01
   1.6046537e+01
   1.6055050e+01
   1.6063560e+01
   1.6072069e+01
   1.6080575e+01
   1.6089079e+01
   1.6097581e+01
   1.6106081e+01
   1.6114579e+01
   1.6123076e+01
   1.6131570e+01
   1.6140062e+01
   1.6148552e+01
   1.6157040e+01
   1.6165526e+01
   1.6174010e+01
   1.6182493e+01
   1.6190973e+01
   1.6199451e+01
   1.6207928e+01
   1.6216402e+01
   1.6224875e+01
   1.6233345e+01
   1.6241814e+01
   1.6250281e+01
   1.6258745e+01
   1.6267208e+01
   1.6275670e+01
   1.6284129e+01
   1.6292586e+01
   1.6301042e+01
   1.6309495e+01
   1.6317947e+01
   1.6326397e+01
   1.6334845e+01
   1.6343292e+01
   1.6351736e+01
   1.6360179e+01
   1.6368620e+01
   1.6377059e+01
   1.6385496e+01
   1.6393932e+01
   1.6402365e+01
   1.6410798e+01
   1.6419228e+01
   1.6427656e+01
   1.6436083e+01
   1.6444508e+01
   1.6452932e+01
   1.6461353e+01
   1.6469773e+01
   1.6478191e+01
   1.6486608e+01
   1.6495023e+01
   1.6503436e+01
   1.6511848e+01
   1.6520258e+01
   1.6528666e+01
   1.6537073e+01
   1.6545478e+01
   1.6553881e+01
   1.6562283e+01
   1.6570683e+01
   1.6579082e+01
   1.6587479e+01
   1.6595874e+01
   1.6604268e+01
   1.6612661e+01
   1.6621051e+01
   1.6629441e+01
   1.6637828e+01
   1.6646215e+01
   1.6654599e+01
   1.6662983e+01
   1.6671364e+01
   1.6679745e+01
   1.6688123e+01
   1.6696501e+01
   1.6704877e+01
   1.6713251e+01
   1.6721624e+01
   1.6729996e+01
   1.6738366e+01
   1.6746735e+01
   1.6755102e+01
   1.6763468e+01
   1.6771833e+01
   1.6780196e+01
   1.6788558e+01
   1.6796919e+01
   1.6805278e+01
   1.6813636e+01
   1.6821993e+01
   1.6830348e+01
   1.6838702e+01
   1.6847055e+01
   1.6855406e+01
   1.6863757e+01
   1.6872106e+01
   1.6880453e+01
   1.6888800e+01
   1.6897145e+01
   1.6905489e+01
   1.6913832e+01
   1.6922174e+01
   1.6930515e+01
   1.6938854e+01
   1.6947193e+01
   1.6955530e+01
   1.6963866e+01
   1.6972201e+01
   1.6980535e+01
   1.6988867e+01
   1.6997199e+01
   1.7005530e+01
   1.7013859e+01
   1.7022188e+01
   1.7030515e+01
   1.7038842e+01
   1.7047168e+01
   1.7055492e+01
   1.7063816e+01
   1.7072138e+01
   1.7080460e+01
   1.7088781e+01
   1.7097100e+01
   1.7105419e+01
   1.7113737e+01
   1.7122054e+01
   1.7130370e+01
   1.7138686e+01
   1.7147000e+01
   1.7155314e+01
   1.7163627e+01
   1.7171939e+01
   1.7180250e+01
   1.7188560e+01
   1.7196870e+01
   1.7205179e+01
   1.7213487e+01
   1.7221795e+01
   1.7230101e+01
   1.7238407e+01
   1.7246713e+01
   1.7255018e+01
   1.7263322e+01
   1.7271625e+01
   1.7279928e+01
   1.7288230e+01
   1.7296532e+01
   1.7304833e+01
   1.7313133e+01
   1.7321433e+01
   1.7329732e+01
   1.7338031e+01
   1.7346330e+01
   1.7354627e+01
   1.7362925e+01
   1.7371222e+01
   1.7379518e+01
   1.7387814e+01
   1.7396110e+01
   1.7404405e+01
   1.7412700e+01
   1.7420994e+01
   1.7429289e+01
   1.7437582e+01
   1.7445876e+01
   1.7454169e+01
   1.7462462e+01
   1.7470755e+01
   1.7479047e+01
   1.7487339e+01
   1.7495631e+01
   1.7503923e+01
   1.7512214e+01
   1.7520506e+01
   1.7528797e+01
   1.7537088e+01
   1.7545379e+01
   1.7553670e+01
   1.7561961e+01
   1.7570252e+01
   1.7578543e+01
   1.7586833e+01
   1.7595124e+01
   1.7603415e+01
   1.7611706e+01
   1.7619997e+01
   1.7628287e+01
   1.7636578e+01
   1.7644870e+01
   1.7653161e+01
   1.7661452e+01
   1.7669744e+01
   1.7678035e+01
   1.7686327e+01
   1.7694619e+01
   1.7702912e+01
   1.7711204e+01
   1.7719497e+01
   1.7727791e+01
   1.7736084e+01
   1.7744378e+01
   1.7752672e+01
   1.7760967e+01
   1.7769262e+01
   1.7777557e+01
   1.7785853e+01
   1.7794149e+01
   1.7802446e+01
   1.7810743e+01
   1.7819041e+01
   1.7827340e+01
   1.7835639e+01
   1.7843938e+01
   1.7852238e+01
   1.7860539e+01
   1.7868840e+01
   1.7877143e+01
   1.7885445e+01
   1.7893749e+01
   1.7902053e+01
   1.7910358e+01
   1.7918664e+01
   1.7926970e+01
   1.7935278e+01
   1.7943586e+01
   1.7951895e+01
   1.7960205e+01
   1.7968516e+01
   1.7976828e+01
   1.7985141e+01
   1.7993455e+01
   1.8001770e+01
   1.8010086e+01
   1.8018402e+01
   1.8026720e+01
   1.8035040e+01
   1.8043360e+01
   1.8051681e+01
   1.8060004e+01
   1.8068328e+01
   1.8076653e+01
   1.8084979e+01
   1.8093306e+01
   1.8101635e+01
   1.8109965e+01
   1.8118297e+01
   1.8126630e+01
   1.8134964e+01
   1.8143300e+01
   1.8151637e+01
   1.8159976e+01
   1.8168316e+01
   1.8176657e+01
   1.8185001e+01
   1.8193346e+01
   1.8201692e+01
   1.8210040e+01
   1.8218390e+01
   1.8226741e+01
   1.8235094e+01
   1.8243449e+01
   1.8251806e+01
   1.8260164e+01
   1.8268524e+01
   1.8276886e+01
   1.8285250e+01
   1.8293616e+01
   1.8301984e+01
   1.8310353e+01
   1.8318725e+01
   1.8327099e+01
   1.8335475e+01
   1.8343852e+01
   1.8352232e+01
   1.8360614e+01
   1.8368999e+01
   1.8377385e+01
   1.8385774e+01
   1.8394165e+01
   1.8402558e+01
   1.8410953e+01
   1.8419351e+01
   1.8427751e+01
   1.8436153e+01
   1.8444558e+01
   1.8452966e+01
   1.8461375e+01
   1.8469788e+01
   1.8478203e+01
   1.8486620e+01
   1.8495040e+01
   1.8503463e+01
   1.8511888e+01
   1.8520316e+01
   1.8528747e+01
   1.8537180e+01
   1.8545617e+01
   1.8554056e+01
   1.8562498e+01
   1.8570943e+01
   1.8579390e+01
   1.8587841e+01
   1.8596295e+01
   1.8604751e+01
   1.8613211e+01
   1.8621674e+01
   1.8630140e+01
   1.8638609e+01
   1.8647081e+01
   1.8655557e+01
   1.8664035e+01
   1.8672517e+01
   1.8681002e+01
   1.8689491e+01
   1.8697983e+01
   1.8706478e+01
   1.8714977e+01
   1.8723479e+01
   1.8731985e+01
   1.8740494e+01
   1.8749007e+01
   1.8757524e+01
   1.8766044e+01
   1.8774568e+01
   1.8783095e+01
   1.8791626e+01
   1.8800161e+01
   1.8808700e+01
   1.8817243e+01
   1.8825790e+01
   1.8834340e+01
   1.8842895e+01
   1.8851453e+01
   1.8860016e+01
   1.8868583e+01
   1.8877153e+01
   1.8885728e+01
   1.8894307e+01
   1.8902891e+01
   1.8911478e+01
   1.8920070e+01
   1.8928666e+01
   1.8937267e+01
   1.8945872e+01
   1.8954481e+01
   1.8963095e+01
   1.8971714e+01
   1.8980337e+01
   1.8988964e+01
   1.8997596e+01
   1.9006233e+01
   1.9014875e+01
   1.9023521e+01
   1.9032172e+01
   1.9040828e+01
   1.9049489e+01
   1.9058155e+01
   1.9066826e+01
   1.9075501e+01
   1.9084182e+01
   1.9092868e+01
   1.9101559e+01
   1.9110255e+01
   1.9118956e+01
   1.9127663e+01
   1.9136375e+01
   1.9145092e+01
   1.9153814e+01
   1.9162542e+01
   1.9171275e+01
   1.9180014e+01
   1.9188758e+01
   1.9197508e+01
   1.9206264e+01
   1.9215025e+01
   1.9223791e+01
   1.9232564e+01
   1.9241342e+01
   1.9250126e+01
   1.9258916e+01
   1.9267712e+01
   1.9276514e+01
   1.9285322e+01
   1.9294136e+01
   1.9302956e+01
   1.9311782e+01
   1.9320614e+01
   1.9329452e+01
   1.9338297e+01
   1.9347148e+01
   1.9356005e+01
   1.9364869e+01
   1.9373739e+01
   1.9382616e+01
   1.9391499e+01
   1.9400389e+01
   1.9409285e+01
   1.9418188e+01
   1.9427098e+01
   1.9436014e+01
   1.9444937e+01
   1.9453867e+01
   1.9462804e+01
   1.9471748e+01
   1.9480699e+01
   1.9489657e+01
   1.9498622e+01
   1.9507594e+01
   1.9516573e+01
   1.9525560e+01
   1.9534553e+01
   1.9543555e+01
   1.9552563e+01
   1.9561579e+01
   1.9570602e+01
   1.9579633e+01
   1.9588671e+01
   1.9597717e+01
   1.9606771e+01
   1.9615832e+01
   1.9624901e+01
   1.9633978e+01
   1.9643063e+01
   1.9652155e+01
   1.9661256e+01
   1.9670365e+01
   1.9679481e+01
   1.9688606e+01
   1.9697739e+01
   1.9706880e+01
   1.9716029e+01
   1.9725187e+01
   1.9734353e+01
   1.9743527e+01
   1.9752710e+01
   1.9761901e+01
   1.9771101e+01
   1.9780310e+01
   1.9789527e+01
   1.9798753e+01
   1.9807987e+01
   1.9817231e+01
   1.9826483e+01
   1.9835744e+01
   1.9845014e+01
   1.9854294e+01
   1.9863582e+01
   1.9872880e+01
   1.9882186e+01
   1.9891502e+01
   1.9900827e+01
   1.9910162e+01
   1.9919506e+01
   1.9928859e+01
   1.9938222e+01
   1.9947595e+01
   1.9956977e+01
   1.9966369e+01
   1.9975770e+01
   1.9985182e+01
   1.9994603e+01
   2.0004034e+01
   2.0013475e+01
   2.0022926e+01
   2.0032387e+01
   2.0041859e+01
   2.0051340e+01
   2.0060832e+01
   2.0070334e+01
   2.0079846e+01
   2.0089369e+01
   2.0098902e+01
   2.0108446e+01
   2.0118000e+01
   2.0127565e+01
   2.0137141e+01
   2.0146728e+01
   2.0156325e+01
   2.0165933e+01
   2.0175552e+01
   2.0185182e+01
   2.0194823e+01
   2.0204476e+01
   2.0214139e+01
   2.0223814e+01
   2.0233500e+01
   2.0243197e+01
   2.0252906e+01
   2.0262626e+01
   2.0272357e+01
   2.0282101e+01
   2.0291856e+01
   2.0301622e+01
   2.0311401e+01
   2.0321191e+01
   2.0330993e+01
   2.0340807e+01
   2.0350633e+01
   2.0360471e+01
   2.0370322e+01
   2.0380184e+01
   2.0390059e+01
   2.0399946e+01
   2.0409846e+01
   2.0419758e+01
   2.0429682e+01
   2.0439619e+01
   2.0449569e+01
   2.0459531e+01
   2.0469506e+01
   2.0479494e+01
   2.0489495e+01
   2.0499509e+01
   2.0509536e+01
   2.0519576e+01
   2.0529629e+01
   2.0539695e+01
   2.0549775e+01
   2.0559868e+01
   2.0569974e+01
   2.0580094e+01
   2.0590228e+01
   2.0600375e+01
   2.0610535e+01
   2.0620710e+01
   2.0630898e+01
   2.0641100e+01
   2.0651316e+01
   2.0661546e+01
   2.0671790e+01
   2.0682049e+01
   2.0692321e+01
   2.0702608e+01
   2.0712909e+01
   2.0723224e+01
   2.0733554e+01
   2.0743899e+01
   2.0754258e+01
   2.0764632e+01
   2.0775020e+01
   2.0785424e+01
   2.0795842e+01
   2.0806275e+01
   2.0816723e+01
   2.0827187e+01
   2.0837665e+01
   2.0848159e+01
   2.0858668e+01
   2.0869192e+01
   2.0879732e+01
   2.0890287e+01
   2.0900858e+01
   2.0911444e+01
   2.0922047e+01
   2.0932665e+01
   2.0943299e+01
   2.0953948e+01
   2.0964614e+01
   2.0975296e+01
   2.0985994e+01
   2.0996708e+01
   2.1007439e+01
   2.1018185e+01
   2.1028949e+01
   2.1039728e+01
   2.1050525e+01
   2.1061338e+01
   2.1072167e+01
   2.1083014e+01
   2.1093877e+01
   2.1104757e+01
   2.1115655e+01
   2.1126569e+01
   2.1137500e+01
   2.1148449e+01
   2.1159415e+01
   2.1170398e+01
   2.1181399e+01
   2.1192418e+01
   2.1203453e+01
   2.1214507e+01
   2.1225578e+01
   2.1236667e+01
   2.1247774e+01
   2.1258899e+01
   2.1270042e+01
   2.1281203e+01
   2.1292382e+01
   2.1303580e+01
   2.1314796e+01
   2.1326030e+01
   2.1337282e+01
   2.1348554e+01
   2.1359843e+01
   2.1371152e+01
   2.1382479e+01
   2.1393825e+01
   2.1405190e+01
   2.1416574e+01
   2.1427978e+01
   2.1439400e+01
   2.1450841e+01
   2.1462302e+01
   2.1473782e+01
   2.1485282e+01
   2.1496801e+01
   2.1508340e+01
   2.1519898e+01
   2.1531477e+01
   2.1543075e+01
   2.1554693e+01
   2.1566330e+01
   2.1577988e+01
   2.1589667e+01
   2.1601365e+01
   2.1613083e+01
   2.1624822e+01
   2.1636582e+01
   2.1648362e+01
   2.1660162e+01
   2.1671983e+01
   2.1683825e+01
   2.1695688e+01
   2.1707572e+01
   2.1719476e+01
   2.1731402e+01
   2.1743349e+01
   2.1755317e+01
   2.1767306e+01
   2.1779317e+01
   2.1791349e+01
   2.1803402e+01
   2.1815477e+01
   2.1827574e+01
   2.1839693e+01
   2.1851833e+01
   2.1863995e+01
   2.1876179e+01
   2.1888386e+01
   2.1900614e+01
   2.1912865e+01
   2.1925137e+01
   2.1937433e+01
   2.1949750e+01
   2.1962090e+01
   2.1974453e+01
   2.1986838e+01
   2.1999246e+01
   2.2011677e+01
   2.2024131e+01
   2.2036607e+01
   2.2049107e+01
   2.2061630e+01
   2.2074176e+01
   2.2086745e+01
   2.2099338e+01
   2.2111954e+01
   2.2124593e+01
   2.2137256e+01
   2.2149943e+01
   2.2162653e+01
   2.2175387e+01
   2.2188145e+01
   2.2200927e+01
   2.2213733e+01
   2.2226562e+01
   2.2239416e+01
   2.2252295e+01
   2.2265197e+01
   2.2278124e+01
   2.2291075e+01
   2.2304051e+01
   2.2317052e+01
   2.2330077e+01
   2.2343127e+01
   2.2356201e+01
   2.2369301e+01
   2.2382425e+01
   2.2395574e+01
   2.2408749e+01
   2.2421948e+01
   2.2435173e+01
   2.2448423e+01
   2.2461699e+01
   2.2475000e+01
   2.2488326e+01
   2.2501678e+01
   2.2515056e+01
   2.2528459e+01
   2.2541888e+01
   2.2555343e+01
   2.2568823e+01
   2.2582330e+01
   2.2595863e+01
   2.2609422e+01
   2.2623007e+01
   2.2636618e+01
   2.2650255e+01
   2.2663919e+01
   2.2677610e+01
   2.2691326e+01
   2.2705070e+01
   2.2718840e+01
   2.2732636e+01
   2.2746459e+01
   2.2760310e+01
   2.2774187e+01
   2.2788090e+01
   2.2802021e+01
   2.2815979e+01
   2.2829964e+01
   2.2843976e+01
   2.2858016e+01
   2.2872082e+01
   2.2886176e+01
   2.2900297e+01
   2.2914446e+01
   2.2928622e+01
   2.2942826e+01
   2.2957057e+01
   2.2971316e+01
   2.2985603e+01
   2.2999917e+01
   2.3014259e+01
   2.3028629e+01
   2.3043027e+01
   2.3057453e+01
   2.3071907e+01
   2.3086389e+01
   2.3100899e+01
   2.3115437e+01
   2.3130003e+01
   2.3144597e+01
   2.3159220e+01
   2.3173871e+01
   2.3188551e+01
   2.3203258e+01
   2.3217994e+01
   2.3232759e+01
   2.3247552e+01
   2.3262374e+01
   2.3277224e+01
   2.3292103e+01
   2.3307010e+01
   2.3321947e+01
   2.3336912e+01
   2.3351905e+01
   2.3366928e+01
   2.3381979e+01
   2.3397059e+01
   2.3412168e+01
   2.3427305e+01
   2.3442472e+01
   2.3457668e+01
   2.3472892e+01
   2.3488146e+01
   2.3503428e+01
   2.3518740e+01
   2.3534080e+01
   2.3549450e+01
   2.3564848e+01
   2.3580276e+01
   2.3595733e+01
   2.3611219e+01
   2.3626734e+01
   2.3642278e+01
   2.3657851e+01
   2.3673454e+01
   2.3689085e+01
   2.3704746e+01
   2.3720436e+01
   2.3736155e+01
   2.3751903e+01
   2.3767680e+01
   2.3783486e+01
   2.3799322e+01
   2.3815187e+01
   2.3831080e+01
   2.3847003e+01
   2.3862955e+01
   2.3878936e+01
   2.3894946e+01
   2.3910986e+01
   2.3927054e+01
   2.3943151e+01
   2.3959277e+01
   2.3975432e+01
   2.3991616e+01
   2.4007829e+01
   2.4024071e+01
   2.4040342e+01
   2.4056642e+01
   2.4072970e+01
   2.4089327e+01
   2.4105713e+01
   2.4122127e+01
   2.4138570e+01
   2.4155042e+01
   2.4171542e+01
   2.4188071e+01
   2.4204628e+01
   2.4221214e+01
   2.4237828e+01
   2.4254470e+01
   2.4271140e+01
   2.4287838e+01
   2.4304565e+01
   2.4321320e+01
   2.4338102e+01
   2.4354912e+01
   2.4371751e+01
   2.4388616e+01
   2.4405510e+01
   2.4422431e+01
   2.4439380e+01
   2.4456356e+01
   2.4473359e+01
   2.4490389e+01
   2.4507447e+01
   2.4524532e+01
   2.4541643e+01
   2.4558782e+01
   2.4575947e+01
   2.4593139e+01
   2.4610357e+01
   2.4627601e+01
   2.4644872e+01
   2.4662169e+01
   2.4679492e+01
   2.4696841e+01
   2.4714216e+01
   2.4731617e+01
   2.4749043e+01
   2.4766494e+01
   2.4783971e+01
   2.4801472e+01
   2.4818999e+01
   2.4836550e+01
   2.4854127e+01
   2.4871727e+01
   2.4889352e+01
   2.4907001e+01
   2.4924674e+01
   2.4942371e+01
   2.4960092e+01
   2.4977836e+01
   2.4995604e+01
   2.5013394e+01
   2.5031208e+01
   2.5049044e+01
   2.5066903e+01
   2.5084785e+01
   2.5102688e+01
   2.5120613e+01
   2.5138561e+01
   2.5156530e+01
   2.5174520e+01
   2.5192531e+01
   2.5210563e+01
   2.5228616e+01
   2.5246689e+01
   2.5264783e+01
   2.5282896e+01
   2.5301029e+01
   2.5319182e+01
   2.5337354e+01
   2.5355545e+01
   2.5373754e+01
   2.5391982e+01
   2.5410229e+01
   2.5428493e+01
   2.5446775e+01
   2.5465074e+01
   2.5483390e+01
   2.5501723e+01
   2.5520073e+01
   2.5538439e+01
   2.5556820e+01
   2.5575218e+01
   2.5593630e+01
   2.5612058e+01
   2.5630500e+01
   2.5648957e+01
   2.5667428e+01
   2.5685912e+01
   2.5704410e+01
   2.5722921e+01
   2.5741444e+01
   2.5759980e+01
   2.5778527e+01
   2.5797087e+01
   2.5815657e+01
   2.5834239e+01
   2.5852831e+01
   2.5871433e+01
   2.5890044e+01
   2.5908665e+01
   2.5927296e+01
   2.5945934e+01
   2.5964581e+01
   2.5983235e+01
   2.6001897e+01
   2.6020566e+01
   2.6039241e+01
   2.6057923e+01
   2.6076610e+01
   2.6095302e+01
   2.6113999e+01
   2.6132700e+01
   2.6151405e+01
   2.6170113e+01
   2.6188825e+01
   2.6207539e+01
   2.6226255e+01
   2.6244972e+01
   2.6263690e+01
   2.6282409e+01
   2.6301128e+01
   2.6319847e+01
   2.6338565e+01
   2.6357281e+01
   2.6375995e+01
   2.6394707e+01
   2.6413415e+01
   2.6432120e+01
   2.6450821e+01
   2.6469518e+01
   2.6488209e+01
   2.6506895e+01
   2.6525574e+01
   2.6544246e+01
   2.6562911e+01
   2.6581569e+01
   2.6600217e+01
   2.6618857e+01
   2.6637486e+01
   2.6656106e+01
   2.6674714e+01
   2.6693311e+01
   2.6711896e+01
   2.6730468e+01
   2.6749027e+01
   2.6767572e+01
   2.6786102e+01
   2.6804617e+01
   2.6823116e+01
   2.6841599e+01
   2.6860065e+01
   2.6878512e+01
   2.6896942e+01
   2.6915352e+01
   2.6933742e+01
   2.6952112e+01
   2.6970461e+01
   2.6988788e+01
   2.7007093e+01
   2.7025374e+01
   2.7043631e+01
   2.7061864e+01
   2.7080072e+01
   2.7098253e+01
   2.7116408e+01
   2.7134536e+01
   2.7152635e+01
   2.7170705e+01
   2.7188746e+01
   2.7206756e+01
   2.7224736e+01
   2.7242683e+01
   2.7260598e+01
   2.7278479e+01
   2.7296327e+01
   2.7314139e+01
   2.7331916e+01
   2.7349657e+01
   2.7367360e+01
   2.7385026e+01
   2.7402652e+01
   2.7420239e+01
   2.7437786e+01
   2.7455292e+01
   2.7472756e+01
   2.7490177e+01
   2.7507554e+01
   2.7524888e+01
   2.7542176e+01
   2.7559418e+01
   2.7576614e+01
   2.7593762e+01
   2.7610861e+01
   2.7627911e+01
   2.7644911e+01
   2.7661861e+01
   2.7678758e+01
   2.7695603e+01
   2.7712395e+01
   2.7729132e+01
   2.7745814e+01
   2.7762441e+01
   2.7779010e+01
   2.7795522e+01
   2.7811975e+01
   2.7828369e+01
   2.7844702e+01
   2.7860975e+01
   2.7877185e+01
   2.7893333e+01
   2.7909417e+01
   2.7925436e+01
   2.7941390e+01
   2.7957278e+01
   2.7973098e+01
   2.7988850e+01
   2.8004533e+01
   2.8020146e+01
   2.8035689e+01
   2.8051160e+01
   2.8066558e+01
   2.8081883e+01
   2.8097134e+01
   2.8112309e+01
   2.8127408e+01
   2.8142431e+01
   2.8157375e+01
   2.8172241e+01
   2.8187027e+01
   2.8201732e+01
   2.8216356e+01
   2.8230898e+01
   2.8245356e+01
   2.8259730e+01
   2.8274019e+01
   2.8288222e+01
   2.8302338e+01
   2.8316367e+01
   2.8330307e+01
   2.8344157e+01
   2.8357916e+01
   2.8371585e+01
   2.8385161e+01
   2.8398644e+01
   2.8412033e+01
   2.8425326e+01
   2.8438524e+01
   2.8451626e+01
   2.8464629e+01
   2.8477534e+01
   2.8490340e+01
   2.8503045e+01
   2.8515648e+01
   2.8528150e+01
   2.8540549e+01
   2.8552843e+01
   2.8565033e+01
   2.8577117e+01
   2.8589094e+01
   2.8600964e+01
   2.8612726e+01
   2.8624378e+01
   2.8635920e+01
   2.8647350e+01
   2.8658669e+01
   2.8669875e+01
   2.8680967e+01
   2.8691944e+01
   2.8702806e+01
   2.8713552e+01
   2.8724180e+01
   2.8734690e+01
   2.8745081e+01
   2.8755352e+01
   2.8765502e+01
   2.8775531e+01
   2.8785437e+01
   2.8795219e+01
   2.8804877e+01
   2.8814410e+01
   2.8823817e+01
   2.8833097e+01
   2.8842249e+01
   2.8851272e+01
   2.8860166e+01
   2.8868929e+01
   2.8877562e+01
   2.8886062e+01
   2.8894429e+01
   2.8902662e+01
   2.8910760e+01
   2.8918723e+01
   2.8926550e+01
   2.8934239e+01
   2.8941790e+01
   2.8949202e+01
   2.8956474e+01
   2.8963606e+01
   2.8970595e+01
   2.8977443e+01
   2.8984147e+01
   2.8990707e+01
   2.8997123e+01
   2.9003392e+01
   2.9009515e+01
   2.9015490e+01
   2.9021317e+01
   2.9026995e+01
   2.9032523e+01
   2.9037900e+01
   2.9043126e+01
   2.9048199e+01
   2.9053118e+01
   2.9057884e+01
   2.9062494e+01
   2.9066949e+01
   2.9071247e+01
   2.9075387e+01
   2.9079369e+01
   2.9083192e+01
   2.9086855e+01
   2.9090357e+01
   2.9093698e+01
   2.9096876e+01
   2.9099891e+01
   2.9102741e+01
   2.9105427e+01
   2.9107947e+01
   2.9110301e+01
   2.9112487e+01
   2.9114505e+01
   2.9116354e+01
   2.9118033e+01
   2.9119542e+01
   2.9120879e+01
   2.9122044e+01
   2.9123036e+01
   2.9123854e+01
   2.9124497e+01
   2.9124965e+01
   2.9125256e+01
   2.9125371e+01
   2.9125307e+01
   2.9125065e+01
   2.9124644e+01
   2.9124042e+01
   2.9123259e+01
   2.9122294e+01
   2.9121147e+01
   2.9119816e+01
   2.9118300e+01
   2.9116600e+01
   2.9114714e+01
   2.9112642e+01
   2.9110382e+01
   2.9107934e+01
   2.9105297e+01
   2.9102470e+01
   2.9099453e+01
   2.9096244e+01
   2.9092844e+01
   2.9089250e+01
   2.9085463e+01
   2.9081482e+01
   2.9077306e+01
   2.9072934e+01
   2.9068365e+01
   2.9063599e+01
   2.9058635e+01
   2.9053473e+01
   2.9048110e+01
   2.9042548e+01
   2.9036784e+01
   2.9030819e+01
   2.9024651e+01
   2.9018279e+01
   2.9011704e+01
   2.9004925e+01
   2.8997940e+01
   2.8990749e+01
   2.8983351e+01
   2.8975745e+01
   2.8967932e+01
   2.8959909e+01
   2.8951678e+01
   2.8943235e+01
   2.8934582e+01
   2.8925718e+01
   2.8916641e+01
   2.8907351e+01
   2.8897848e+01
   2.8888130e+01
   2.8878198e+01
   2.8868050e+01
   2.8857686e+01
   2.8847105e+01
   2.8836307e+01
   2.8825291e+01
   2.8814056e+01
   2.8802602e+01
   2.8790928e+01
   2.8779033e+01
   2.8766918e+01
   2.8754580e+01
   2.8742021e+01
   2.8729239e+01
   2.8716234e+01
   2.8703004e+01
   2.8689550e+01
   2.8675872e+01
   2.8661967e+01
   2.8647837e+01
   2.8633480e+01
   2.8618896e+01
   2.8604084e+01
   2.8589044e+01
   2.8573775e+01
   2.8558277e+01
   2.8542550e+01
   2.8526593e+01
   2.8510405e+01
   2.8493986e+01
   2.8477335e+01
   2.8460453e+01
   2.8443338e+01
   2.8425990e+01
   2.8408409e+01
   2.8390595e+01
   2.8372546e+01
   2.8354263e+01
   2.8335745e+01
   2.8316992e+01
   2.8298003e+01
   2.8278779e+01
   2.8259318e+01
   2.8239620e+01
   2.8219685e+01
   2.8199512e+01
   2.8179102e+01
   2.8158454e+01
   2.8137567e+01
   2.8116442e+01
   2.8095078e+01
   2.8073474e+01
   2.8051630e+01
   2.8029547e+01
   2.8007224e+01
   2.7984660e+01
   2.7961855e+01
   2.7938810e+01
   2.7915523e+01
   2.7891995e+01
   2.7868225e+01
   2.7844213e+01
   2.7819959e+01
   2.7795462e+01
   2.7770723e+01
   2.7745742e+01
   2.7720517e+01
   2.7695049e+01
   2.7669338e+01
   2.7643383e+01
   2.7617185e+01
   2.7590743e+01
   2.7564057e+01
   2.7537126e+01
   2.7509952e+01
   2.7482533e+01
   2.7454869e+01
   2.7426961e+01
   2.7398808e+01
   2.7370410e+01
   2.7341766e+01
   2.7312878e+01
   2.7283745e+01
   2.7254366e+01
   2.7224742e+01
   2.7194872e+01
   2.7164757e+01
   2.7134396e+01
   2.7103789e+01
   2.7072936e+01
   2.7041838e+01
   2.7010494e+01
   2.6978903e+01
   2.6947067e+01
   2.6914984e+01
   2.6882656e+01
   2.6850081e+01
   2.6817260e+01
   2.6784193e+01
   2.6750879e+01
   2.6717319e+01
   2.6683513e+01
   2.6649461e+01
   2.6615162e+01
   2.6580617e+01
   2.6545825e+01
   2.6510787e+01
   2.6475503e+01
   2.6439972e+01
   2.6404195e+01
   2.6368171e+01
   2.6331901e+01
   2.6295384e+01
   2.6258621e+01
   2.6221612e+01
   2.6184356e+01
   2.6146854e+01
   2.6109105e+01
   2.6071110e+01
   2.6032869e+01
   2.5994381e+01
   2.5955647e+01
   2.5916666e+01
   2.5877439e+01
   2.5837966e+01
   2.5798246e+01
   2.5758280e+01
   2.5718068e+01
   2.5677610e+01
   2.5636905e+01
   2.5595954e+01
   2.5554757e+01
   2.5513313e+01
   2.5471623e+01
   2.5429687e+01
   2.5387505e+01
   2.5345077e+01
   2.5302402e+01
   2.5259481e+01
   2.5216314e+01
   2.5172901e+01
   2.5129242e+01
   2.5085336e+01
   2.5041185e+01
   2.4996787e+01
   2.4952143e+01
   2.4907252e+01
   2.4862116e+01
   2.4816733e+01
   2.4771104e+01
   2.4725229e+01
   2.4679108e+01
   2.4632740e+01
   2.4586127e+01
   2.4539267e+01
   2.4492160e+01
   2.4444808e+01
   2.4397209e+01
   2.4349363e+01
   2.4301271e+01
   2.4252933e+01
   2.4204349e+01
   2.4155518e+01
   2.4106440e+01
   2.4057116e+01
   2.4007546e+01
   2.3957728e+01
   2.3907664e+01
   2.3857354e+01
   2.3806797e+01
   2.3755993e+01
   2.3704942e+01
   2.3653644e+01
   2.3602100e+01
   2.3550308e+01
   2.3498270e+01
   2.3445984e+01
   2.3393451e+01
   2.3340672e+01
   2.3287645e+01
   2.3234370e+01
   2.3180849e+01
   2.3127080e+01
   2.3073064e+01
   2.3018800e+01
   2.2964288e+01
   2.2909530e+01
   2.2854523e+01
   2.2799269e+01
   2.2743767e+01
   2.2688017e+01
   2.2632020e+01
   2.2575774e+01
   2.2519281e+01
   2.2462539e+01
   2.2405550e+01
   2.2348313e+01
   2.2290827e+01
   2.2233094e+01
   2.2175112e+01
   2.2116882e+01
   2.2058404e+01
   2.1999677e+01
   2.1940703e+01
   2.1881480e+01
   2.1822008e+01
   2.1762289e+01
   2.1702321e+01
   2.1642105e+01
   2.1581641e+01
   2.1520929e+01
   2.1459968e+01
   2.1398760e+01
   2.1337303e+01
   2.1275599e+01
   2.1213646e+01
   2.1151445e+01
   2.1088997e+01
   2.1026301e+01
   2.0963358e+01
   2.0900167e+01
   2.0836729e+01
   2.0773043e+01
   2.0709111e+01
   2.0644932e+01
   2.0580506e+01
   2.0515834e+01
   2.0450916e+01
   2.0385752e+01
   2.0320342e+01
   2.0254687e+01
   2.0188786e+01
   2.0122641e+01
   2.0056252e+01
   1.9989618e+01
   1.9922741e+01
   1.9855620e+01
   1.9788257e+01
   1.9720651e+01
   1.9652803e+01
   1.9584714e+01
   1.9516384e+01
   1.9447814e+01
   1.9379005e+01
   1.9309956e+01
   1.9240669e+01
   1.9171144e+01
   1.9101382e+01
   1.9031384e+01
   1.8961150e+01
   1.8890683e+01
   1.8819981e+01
   1.8749047e+01
   1.8677881e+01
   1.8606484e+01
   1.8534857e+01
   1.8463002e+01
   1.8390919e+01
   1.8318610e+01
   1.8246076e+01
   1.8173318e+01
   1.8100338e+01
   1.8027136e+01
   1.7953715e+01
   1.7880076e+01
   1.7806220e+01
   1.7732149e+01
   1.7657865e+01
   1.7583370e+01
   1.7508664e+01
   1.7433751e+01
   1.7358632e+01
   1.7283308e+01
   1.7207783e+01
   1.7132058e+01
   1.7056136e+01
   1.6980018e+01
   1.6903707e+01
   1.6827206e+01
   1.6750517e+01
   1.6673642e+01
   1.6596584e+01
   1.6519347e+01
   1.6441932e+01
   1.6364343e+01
   1.6286583e+01
   1.6208654e+01
   1.6130561e+01
   1.6052306e+01
   1.5973892e+01
   1.5895324e+01
   1.5816604e+01
   1.5737736e+01
   1.5658725e+01
   1.5579573e+01
   1.5500285e+01
   1.5420865e+01
   1.5341317e+01
   1.5261645e+01
   1.5181853e+01
   1.5101946e+01
   1.5021929e+01
   1.4941806e+01
   1.4861582e+01
   1.4781262e+01
   1.4700850e+01
   1.4620353e+01
   1.4539774e+01
   1.4459119e+01
   1.4378395e+01
   1.4297605e+01
   1.4216756e+01
   1.4135854e+01
   1.4054904e+01
   1.3973912e+01
   1.3892884e+01
   1.3811827e+01
   1.3730747e+01
   1.3649649e+01
   1.3568541e+01
   1.3487429e+01
   1.3406319e+01
   1.3325219e+01
   1.3244135e+01
   1.3163074e+01
   1.3082043e+01
   1.3001050e+01
   1.2920101e+01
   1.2839203e+01
   1.2758365e+01
   1.2677593e+01
   1.2596895e+01
   1.2516279e+01
   1.2435752e+01
   1.2355322e+01
   1.2274997e+01
   1.2194784e+01
   1.2114692e+01
   1.2034729e+01
   1.1954902e+01
   1.1875219e+01
   1.1795689e+01
   1.1716321e+01
   1.1637121e+01
   1.1558098e+01
   1.1479260e+01
   1.1400616e+01
   1.1322174e+01
   1.1243942e+01
   1.1165929e+01
   1.1088141e+01
   1.1010589e+01
   1.0933279e+01
   1.0856221e+01
   1.0779422e+01
   1.0702890e+01
   1.0626634e+01
   1.0550662e+01
   1.0474981e+01
   1.0399600e+01
   1.0324526e+01
   1.0249768e+01
   1.0175332e+01
   1.0101228e+01
   1.0027461e+01
   9.9540407e+00
   9.8809733e+00
   9.8082665e+00
   9.7359274e+00
   9.6639632e+00
   9.5923808e+00
   9.5211871e+00
   9.4503889e+00
   9.3799927e+00
   9.3100050e+00
   9.2404323e+00
   9.1712806e+00
   9.1025560e+00
   9.0342645e+00
   8.9664117e+00
   8.8990033e+00
   8.8320446e+00
   8.7655410e+00
   8.6994975e+00
   8.6339191e+00
   8.5688104e+00
   8.5041761e+00
   8.4400206e+00
   8.3763480e+00
   8.3131624e+00
   8.2504676e+00
   8.1882672e+00
   8.1265649e+00
   8.0653637e+00
   8.0046668e+00
   7.9444772e+00
   7.8847975e+00
   7.8256302e+00
   7.7669777e+00
   7.7088421e+00
   7.6512253e+00
   7.5941291e+00
   7.5375551e+00
   7.4815047e+00
   7.4259791e+00
   7.3709793e+00
   7.3165061e+00
   7.2625601e+00
   7.2091420e+00
   7.1562518e+00
   7.1038898e+00
   7.0520560e+00
   7.0007500e+00
   6.9499715e+00
   6.8997199e+00
   6.8499946e+00
   6.8007946e+00
   6.7521190e+00
   6.7039664e+00
   6.6563357e+00
   6.6092253e+00
   6.5626335e+00
   6.5165587e+00
   6.4709989e+00
   6.4259522e+00
   6.3814162e+00
   6.3373889e+00
   6.2938677e+00
   6.2508501e+00
   6.2083335e+00
   6.1663152e+00
   6.1247923e+00
   6.0837619e+00
   6.0432208e+00
   6.0031661e+00
   5.9635943e+00
   5.9245023e+00
   5.8858866e+00
   5.8477436e+00
   5.8100700e+00
   5.7728620e+00
   5.7361159e+00
   5.6998280e+00
   5.6639944e+00
   5.6286113e+00
   5.5936747e+00
   5.5591806e+00
   5.5251251e+00
   5.4915039e+00
   5.4583131e+00
   5.4255484e+00
   5.3932057e+00
   5.3612808e+00
   5.3297693e+00
   5.2986670e+00
   5.2679696e+00
   5.2376729e+00
   5.2077723e+00
   5.1782637e+00
   5.1491426e+00
   5.1204047e+00
   5.0920456e+00
   5.0640609e+00
   5.0364462e+00
   5.0091972e+00
   4.9823094e+00
   4.9557784e+00
   4.9296000e+00
   4.9037697e+00
   4.8782831e+00
   4.8531360e+00
   4.8283240e+00
   4.8038427e+00
   4.7796879e+00
   4.7558553e+00
   4.7323407e+00
   4.7091397e+00
   4.6862482e+00
   4.6636619e+00
   4.6413768e+00
   4.6193886e+00
   4.5976932e+00
   4.5762866e+00
   4.5551647e+00
   4.5343234e+00
   4.5137588e+00
   4.4934668e+00
   4.4734436e+00
   4.4536852e+00
   4.4341878e+00
   4.4149475e+00
   4.3959606e+00
   4.3772232e+00
   4.3587317e+00
   4.3404823e+00
   4.3224714e+00
   4.3046954e+00
   4.2871507e+00
   4.2698337e+00
   4.2527410e+00
   4.2358690e+00
   4.2192145e+00
   4.2027739e+00
   4.1865439e+00
   4.1705212e+00
   4.1547026e+00
   4.1390849e+00
   4.1236647e+00
   4.1084390e+00
   4.0934048e+00
   4.0785588e+00
   4.0638980e+00
   4.0494196e+00
   4.0351204e+00
   4.0209977e+00
   4.0070485e+00
   3.9932701e+00
   3.9796595e+00
   3.9662140e+00
   3.9529310e+00
   3.9398077e+00
   3.9268416e+00
   3.9140299e+00
   3.9013701e+00
   3.8888598e+00
   3.8764963e+00
   3.8642773e+00
   3.8522003e+00
   3.8402629e+00
   3.8284628e+00
   3.8167977e+00
   3.8052653e+00
   3.7938634e+00
   3.7825897e+00
   3.7714420e+00
   3.7604183e+00
   3.7495164e+00
   3.7387343e+00
   3.7280699e+00
   3.7175212e+00
   3.7070862e+00
   3.6967629e+00
   3.6865496e+00
   3.6764442e+00
   3.6664450e+00
   3.6565501e+00
   3.6467577e+00
   3.6370661e+00
   3.6274735e+00
   3.6179782e+00
   3.6085786e+00
   3.5992729e+00
   3.5900597e+00
   3.5809373e+00
   3.5719041e+00
   3.5629586e+00
   3.5540993e+00
   3.5453247e+00
   3.5366333e+00
   3.5280237e+00
   3.5194945e+00
   3.5110443e+00
   3.5026718e+00
   3.4943756e+00
   3.4861544e+00
   3.4780069e+00
   3.4699318e+00
   3.4619279e+00
   3.4539940e+00
   3.4461289e+00
   3.4383313e+00
   3.4306001e+00
   3.4229343e+00
   3.4153326e+00
   3.4077940e+00
   3.4003174e+00
   3.3929017e+00
   3.3855459e+00
   3.3782489e+00
   3.3710099e+00
   3.3638277e+00
   3.3567014e+00
   3.3496301e+00
   3.3426129e+00
   3.3356487e+00
   3.3287368e+00
   3.3218762e+00
   3.3150661e+00
   3.3083056e+00
   3.3015940e+00
   3.2949302e+00
   3.2883137e+00
   3.2817435e+00
   3.2752190e+00
   3.2687393e+00
   3.2623037e+00
   3.2559115e+00
   3.2495619e+00
   3.2432543e+00
   3.2369879e+00
   3.2307621e+00
   3.2245763e+00
   3.2184297e+00
   3.2123217e+00
   3.2062517e+00
   3.2002191e+00
   3.1942233e+00
   3.1882636e+00
   3.1823395e+00
   3.1764504e+00
   3.1705958e+00
   3.1647752e+00
   3.1589878e+00
   3.1532333e+00
   3.1475112e+00
   3.1418208e+00
   3.1361618e+00
   3.1305335e+00
   3.1249356e+00
   3.1193676e+00
   3.1138289e+00
   3.1083192e+00
   3.1028380e+00
   3.0973849e+00
   3.0919594e+00
   3.0865611e+00
   3.0811896e+00
   3.0758445e+00
   3.0705253e+00
   3.0652318e+00
   3.0599635e+00
   3.0547201e+00
   3.0495011e+00
   3.0443062e+00
   3.0391351e+00
   3.0339874e+00
   3.0288628e+00
   3.0237609e+00
   3.0186814e+00
   3.0136240e+00
   3.0085884e+00
   3.0035742e+00
   2.9985813e+00
   2.9936091e+00
   2.9886575e+00
   2.9837263e+00
   2.9788150e+00
   2.9739234e+00
   2.9690513e+00
   2.9641984e+00
   2.9593644e+00
   2.9545490e+00
   2.9497521e+00
   2.9449734e+00
   2.9402126e+00
   2.9354695e+00
   2.9307439e+00
   2.9260355e+00
   2.9213441e+00
   2.9166695e+00
   2.9120115e+00
   2.9073699e+00
   2.9027444e+00
   2.8981349e+00
   2.8935411e+00
   2.8889629e+00
   2.8844001e+00
   2.8798524e+00
   2.8753198e+00
   2.8708020e+00
   2.8662988e+00
   2.8618101e+00
   2.8573356e+00
   2.8528754e+00
   2.8484290e+00
   2.8439965e+00
   2.8395776e+00
   2.8351722e+00
   2.8307801e+00
   2.8264013e+00
   2.8220354e+00
   2.8176825e+00
   2.8133423e+00
   2.8090147e+00
   2.8046996e+00
   2.8003968e+00
   2.7961063e+00
   2.7918278e+00
   2.7875613e+00
   2.7833066e+00
   2.7790636e+00
   2.7748323e+00
   2.7706124e+00
   2.7664038e+00
   2.7622065e+00
   2.7580203e+00
   2.7538452e+00
   2.7496810e+00
   2.7455275e+00
   2.7413848e+00
   2.7372527e+00
   2.7331311e+00
   2.7290200e+00
   2.7249191e+00
   2.7208285e+00
   2.7167480e+00
   2.7126775e+00
   2.7086169e+00
   2.7045663e+00
   2.7005254e+00
   2.6964942e+00
   2.6924726e+00
   2.6884605e+00
   2.6844579e+00
   2.6804647e+00
   2.6764807e+00
   2.6725060e+00
   2.6685404e+00
   2.6645838e+00
   2.6606363e+00
   2.6566977e+00
   2.6527679e+00
   2.6488469e+00
   2.6449347e+00
   2.6410311e+00
   2.6371361e+00
   2.6332496e+00
   2.6293716e+00
   2.6255020e+00
   2.6216407e+00
   2.6177877e+00
   2.6139430e+00
   2.6101064e+00
   2.6062779e+00
   2.6024575e+00
   2.5986450e+00
   2.5948405e+00
   2.5910440e+00
   2.5872552e+00
   2.5834743e+00
   2.5797011e+00
   2.5759355e+00
   2.5721777e+00
   2.5684274e+00
   2.5646847e+00
   2.5609495e+00
   2.5572217e+00
   2.5535013e+00
   2.5497884e+00
   2.5460827e+00
   2.5423844e+00
   2.5386932e+00
   2.5350093e+00
   2.5313325e+00
   2.5276629e+00
   2.5240003e+00
   2.5203448e+00
   2.5166963e+00
   2.5130548e+00
   2.5094202e+00
   2.5057925e+00
   2.5021716e+00
   2.4985576e+00
   2.4949503e+00
   2.4913498e+00
   2.4877561e+00
   2.4841690e+00
   2.4805886e+00
   2.4770148e+00
   2.4734475e+00
   2.4698869e+00
   2.4663328e+00
   2.4627852e+00
   2.4592440e+00
   2.4557093e+00
   2.4521810e+00
   2.4486591e+00
   2.4451435e+00
   2.4416343e+00
   2.4381313e+00
   2.4346347e+00
   2.4311443e+00
   2.4276601e+00
   2.4241820e+00
   2.4207102e+00
   2.4172445e+00
   2.4137849e+00
   2.4103314e+00
   2.4068840e+00
   2.4034427e+00
   2.4000073e+00
   2.3965779e+00
   2.3931546e+00
   2.3897371e+00
   2.3863256e+00
   2.3829201e+00
   2.3795204e+00
   2.3761265e+00
   2.3727385e+00
   2.3693563e+00
   2.3659800e+00
   2.3626094e+00
   2.3592446e+00
   2.3558855e+00
   2.3525321e+00
   2.3491844e+00
   2.3458424e+00
   2.3425061e+00
   2.3391754e+00
   2.3358504e+00
   2.3325309e+00
   2.3292171e+00
   2.3259088e+00
   2.3226060e+00
   2.3193088e+00
   2.3160172e+00
   2.3127310e+00
   2.3094503e+00
   2.3061750e+00
   2.3029053e+00
   2.2996409e+00
   2.2963820e+00
   2.2931284e+00
   2.2898803e+00
   2.2866375e+00
   2.2834001e+00
   2.2801680e+00
   2.2769412e+00
   2.2737198e+00
   2.2705036e+00
   2.2672927e+00
   2.2640871e+00
   2.2608867e+00
   2.2576916e+00
   2.2545016e+00
   2.2513169e+00
   2.2481374e+00
   2.2449630e+00
   2.2417938e+00
   2.2386298e+00
   2.2354709e+00
   2.2323171e+00
   2.2291684e+00
   2.2260249e+00
   2.2228864e+00
   2.2197529e+00
   2.2166246e+00
   2.2135012e+00
   2.2103829e+00
   2.2072696e+00
   2.2041614e+00
   2.2010581e+00
   2.1979598e+00
   2.1948665e+00
   2.1917781e+00
   2.1886947e+00
   2.1856162e+00
   2.1825426e+00
   2.1794739e+00
   2.1764102e+00
   2.1733513e+00
   2.1702973e+00
   2.1672482e+00
   2.1642039e+00
   2.1611644e+00
   2.1581298e+00
   2.1551000e+00
   2.1520750e+00
   2.1490548e+00
   2.1460394e+00
   2.1430288e+00
   2.1400229e+00
   2.1370218e+00
   2.1340255e+00
   2.1310338e+00
   2.1280469e+00
   2.1250647e+00
   2.1220872e+00
   2.1191144e+00
   2.1161463e+00
   2.1131829e+00
   2.1102241e+00
   2.1072700e+00
   2.1043205e+00
   2.1013756e+00
   2.0984354e+00
   2.0954998e+00
   2.0925687e+00
   2.0896423e+00
   2.0867205e+00
   2.0838032e+00
   2.0808905e+00
   2.0779823e+00
   2.0750787e+00
   2.0721797e+00
   2.0692851e+00
   2.0663951e+00
   2.0635096e+00
   2.0606286e+00
   2.0577521e+00
   2.0548800e+00
   2.0520124e+00
   2.0491493e+00
   2.0462907e+00
   2.0434365e+00
   2.0405867e+00
   2.0377414e+00
   2.0349005e+00
   2.0320640e+00
   2.0292319e+00
   2.0264042e+00
   2.0235808e+00
   2.0207619e+00
   2.0179473e+00
   2.0151371e+00
   2.0123312e+00
   2.0095297e+00
   2.0067325e+00
   2.0039397e+00
   2.0011511e+00
   1.9983669e+00
   1.9955870e+00
   1.9928113e+00
   1.9900400e+00
   1.9872729e+00
   1.9845101e+00
   1.9817516e+00
   1.9789973e+00
   1.9762472e+00
   1.9735014e+00
   1.9707598e+00
   1.9680225e+00
   1.9652893e+00
   1.9625604e+00
   1.9598357e+00
   1.9571151e+00
   1.9543987e+00
   1.9516866e+00
   1.9489785e+00
   1.9462747e+00
   1.9435750e+00
   1.9408794e+00
   1.9381880e+00
   1.9355007e+00
   1.9328175e+00
   1.9301384e+00
   1.9274635e+00
   1.9247926e+00
   1.9221258e+00
   1.9194631e+00
   1.9168045e+00
   1.9141500e+00
   1.9114995e+00
   1.9088531e+00
   1.9062107e+00
   1.9035724e+00
   1.9009381e+00
   1.8983079e+00
   1.8956816e+00
   1.8930594e+00
   1.8904411e+00
   1.8878269e+00
   1.8852167e+00
   1.8826104e+00
   1.8800081e+00
   1.8774098e+00
   1.8748154e+00
   1.8722250e+00
   1.8696386e+00
   1.8670561e+00
   1.8644775e+00
   1.8619029e+00
   1.8593321e+00
   1.8567653e+00
   1.8542024e+00
   1.8516434e+00
   1.8490883e+00
   1.8465371e+00
   1.8439898e+00
   1.8414463e+00
   1.8389067e+00
   1.8363709e+00
   1.8338390e+00
   1.8313110e+00
   1.8287868e+00
   1.8262664e+00
   1.8237499e+00
   1.8212372e+00
   1.8187283e+00
   1.8162231e+00
   1.8137218e+00
   1.8112243e+00
   1.8087306e+00
   1.8062407e+00
   1.8037545e+00
   1.8012721e+00
   1.7987935e+00
   1.7963186e+00
   1.7938474e+00
   1.7913800e+00
   1.7889164e+00
   1.7864565e+00
   1.7840002e+00
   1.7815478e+00
   1.7790990e+00
   1.7766539e+00
   1.7742125e+00
   1.7717748e+00
   1.7693408e+00
   1.7669105e+00
   1.7644838e+00
   1.7620609e+00
   1.7596415e+00
   1.7572259e+00
   1.7548138e+00
   1.7524055e+00
   1.7500007e+00
   1.7475996e+00
   1.7452021e+00
   1.7428082e+00
   1.7404179e+00
   1.7380313e+00
   1.7356482e+00
   1.7332687e+00
   1.7308929e+00
   1.7285206e+00
   1.7261518e+00
   1.7237867e+00
   1.7214251e+00
   1.7190670e+00
   1.7167125e+00
   1.7143616e+00
   1.7120142e+00
   1.7096703e+00
   1.7073300e+00
   1.7049931e+00
   1.7026598e+00
   1.7003300e+00
   1.6980037e+00
   1.6956809e+00
   1.6933616e+00
   1.6910458e+00
   1.6887335e+00
   1.6864246e+00
   1.6841192e+00
   1.6818173e+00
   1.6795188e+00
   1.6772238e+00
   1.6749322e+00
   1.6726441e+00
   1.6703593e+00
   1.6680781e+00
   1.6658002e+00
   1.6635258e+00
   1.6612548e+00
   1.6589871e+00
   1.6567229e+00
   1.6544621e+00
   1.6522047e+00
   1.6499506e+00
   1.6476999e+00
   1.6454526e+00
   1.6432087e+00
   1.6409681e+00
   1.6387309e+00
   1.6364971e+00
   1.6342665e+00
   1.6320394e+00
   1.6298155e+00
   1.6275950e+00
   1.6253778e+00
   1.6231639e+00
   1.6209533e+00
   1.6187461e+00
   1.6165421e+00
   1.6143415e+00
   1.6121441e+00
   1.6099500e+00
   1.6077592e+00
   1.6055717e+00
   1.6033874e+00
   1.6012064e+00
   1.5990286e+00
   1.5968542e+00
   1.5946829e+00
   1.5925149e+00
   1.5903501e+00
   1.5881886e+00
   1.5860303e+00
   1.5838752e+00
   1.5817233e+00
   1.5795747e+00
   1.5774292e+00
   1.5752870e+00
   1.5731479e+00
   1.5710120e+00
   1.5688794e+00
   1.5667499e+00
   1.5646235e+00
   1.5625004e+00
   1.5603804e+00
   1.5582635e+00
   1.5561498e+00
   1.5540393e+00
   1.5519319e+00
   1.5498276e+00
   1.5477265e+00
   1.5456285e+00
   1.5435336e+00
   1.5414419e+00
   1.5393533e+00
   1.5372677e+00
   1.5351853e+00
   1.5331060e+00
   1.5310297e+00
   1.5289566e+00
   1.5268865e+00
   1.5248195e+00
   1.5227556e+00
   1.5206947e+00
   1.5186369e+00
   1.5165822e+00
   1.5145305e+00
   1.5124819e+00
   1.5104363e+00
   1.5083938e+00
   1.5063542e+00
   1.5043178e+00
   1.5022843e+00
   1.5002538e+00
   1.4982264e+00
   1.4962020e+00
   1.4941806e+00
   1.4921622e+00
   1.4901467e+00
   1.4881343e+00
   1.4861248e+00
   1.4841184e+00
   1.4821149e+00
   1.4801144e+00
   1.4781168e+00
   1.4761222e+00
   1.4741306e+00
   1.4721419e+00
   1.4701561e+00
   1.4681733e+00
   1.4661935e+00
   1.4642165e+00
   1.4622425e+00
   1.4602715e+00
   1.4583033e+00
   1.4563380e+00
   1.4543757e+00
   1.4524163e+00
   1.4504597e+00
   1.4485061e+00
   1.4465553e+00
   1.4446075e+00
   1.4426625e+00
   1.4407204e+00
   1.4387812e+00
   1.4368448e+00
   1.4349113e+00
   1.4329807e+00
   1.4310529e+00
   1.4291279e+00
   1.4272058e+00
   1.4252866e+00
   1.4233702e+00
   1.4214566e+00
   1.4195458e+00
   1.4176379e+00
   1.4157327e+00
   1.4138304e+00
   1.4119309e+00
   1.4100342e+00
   1.4081403e+00
   1.4062492e+00
   1.4043609e+00
   1.4024754e+00
   1.4005927e+00
   1.3987127e+00
   1.3968355e+00
   1.3949611e+00
   1.3930894e+00
   1.3912205e+00
   1.3893544e+00
   1.3874910e+00
   1.3856303e+00
   1.3837724e+00
   1.3819173e+00
   1.3800648e+00
   1.3782151e+00
   1.3763681e+00
   1.3745239e+00
   1.3726824e+00
   1.3708435e+00
   1.3690074e+00
   1.3671740e+00
   1.3653433e+00
   1.3635152e+00
   1.3616899e+00
   1.3598673e+00
   1.3580473e+00
   1.3562300e+00
   1.3544154e+00
   1.3526035e+00
   1.3507942e+00
   1.3489876e+00
   1.3471836e+00
   1.3453823e+00
   1.3435836e+00
   1.3417876e+00
   1.3399942e+00
   1.3382035e+00
   1.3364154e+00
   1.3346299e+00
   1.3328471e+00
   1.3310668e+00
   1.3292892e+00
   1.3275142e+00
   1.3257418e+00
   1.3239720e+00
   1.3222048e+00
   1.3204402e+00
   1.3186782e+00
   1.3169187e+00
   1.3151619e+00
   1.3134076e+00
   1.3116559e+00
   1.3099068e+00
   1.3081602e+00
   1.3064162e+00
   1.3046748e+00
   1.3029359e+00
   1.3011996e+00
   1.2994658e+00
   1.2977345e+00
   1.2960058e+00
   1.2942797e+00
   1.2925560e+00
   1.2908349e+00
   1.2891163e+00
   1.2874002e+00
   1.2856867e+00
   1.2839756e+00
   1.2822671e+00
   1.2805610e+00
   1.2788575e+00
   1.2771564e+00
   1.2754578e+00
   1.2737618e+00
   1.2720682e+00
   1.2703771e+00
   1.2686884e+00
   1.2670023e+00
   1.2653186e+00
   1.2636373e+00
   1.2619585e+00
   1.2602822e+00
   1.2586084e+00
   1.2569369e+00
   1.2552680e+00
   1.2536014e+00
   1.2519373e+00
   1.2502757e+00
   1.2486164e+00
   1.2469596e+00
   1.2453052e+00
   1.2436532e+00
   1.2420037e+00
   1.2403565e+00
   1.2387118e+00
   1.2370694e+00
   1.2354295e+00
   1.2337920e+00
   1.2321568e+00
   1.2305240e+00
   1.2288936e+00
   1.2272656e+00
   1.2256400e+00
   1.2240168e+00
   1.2223959e+00
   1.2207774e+00
   1.2191612e+00
   1.2175474e+00
   1.2159359e+00
   1.2143269e+00
   1.2127201e+00
   1.2111157e+00
   1.2095136e+00
   1.2079139e+00
   1.2063165e+00
   1.2047214e+00
   1.2031287e+00
   1.2015383e+00
   1.1999502e+00
   1.1983644e+00
   1.1967809e+00
   1.1951997e+00
   1.1936209e+00
   1.1920443e+00
   1.1904700e+00
   1.1888980e+00
   1.1873283e+00
   1.1857609e+00
   1.1841958e+00
   1.1826330e+00
   1.1810724e+00
   1.1795141e+00
   1.1779581e+00
   1.1764043e+00
   1.1748528e+00
   1.1733036e+00
   1.1717566e+00
   1.1702118e+00
   1.1686693e+00
   1.1671291e+00
   1.1655911e+00
   1.1640553e+00
   1.1625218e+00
   1.1609904e+00
   1.1594614e+00
   1.1579345e+00
   1.1564099e+00
   1.1548874e+00
   1.1533672e+00
   1.1518492e+00
   1.1503334e+00
   1.1488198e+00
   1.1473084e+00
   1.1457992e+00
   1.1442922e+00
   1.1427874e+00
   1.1412847e+00
   1.1397843e+00
   1.1382860e+00
   1.1367899e+00
   1.1352960e+00
   1.1338042e+00
   1.1323146e+00
   1.1308272e+00
   1.1293419e+00
   1.1278588e+00
   1.1263778e+00
   1.1248990e+00
   1.1234223e+00
   1.1219478e+00
   1.1204754e+00
   1.1190051e+00
   1.1175370e+00
   1.1160710e+00
   1.1146071e+00
   1.1131453e+00
   1.1116857e+00
   1.1102282e+00
   1.1087728e+00
   1.1073195e+00
   1.1058683e+00
   1.1044192e+00
   1.1029722e+00
   1.1015273e+00
   1.1000845e+00
   1.0986438e+00
   1.0972052e+00
   1.0957686e+00
   1.0943342e+00
   1.0929018e+00
   1.0914715e+00
   1.0900432e+00
   1.0886171e+00
   1.0871930e+00
   1.0857709e+00
   1.0843509e+00
   1.0829330e+00
   1.0815171e+00
   1.0801033e+00
   1.0786915e+00
   1.0772817e+00
   1.0758740e+00
   1.0744683e+00
   1.0730647e+00
   1.0716631e+00
   1.0702635e+00
   1.0688659e+00
   1.0674704e+00
   1.0660768e+00
   1.0646853e+00
   1.0632958e+00
   1.0619083e+00
   1.0605228e+00
   1.0591394e+00
   1.0577579e+00
   1.0563784e+00
   1.0550009e+00
   1.0536254e+00
   1.0522518e+00
   1.0508803e+00
   1.0495107e+00
   1.0481431e+00
   1.0467775e+00
   1.0454139e+00
   1.0440522e+00
   1.0426925e+00
   1.0413348e+00
   1.0399790e+00
   1.0386252e+00
   1.0372733e+00
   1.0359234e+00
   1.0345754e+00
   1.0332293e+00
   1.0318853e+00
   1.0305431e+00
   1.0292029e+00
   1.0278646e+00
   1.0265282e+00
   1.0251938e+00
   1.0238613e+00
   1.0225307e+00
   1.0212020e+00
   1.0198753e+00
   1.0185504e+00
   1.0172275e+00
   1.0159065e+00
   1.0145874e+00
   1.0132701e+00
   1.0119548e+00
   1.0106414e+00
   1.0093298e+00
   1.0080202e+00
   1.0067124e+00
   1.0054065e+00
   1.0041025e+00
   1.0028004e+00
   1.0015001e+00
   1.0002018e+00
   9.9890524e-01
   9.9761060e-01
   9.9631781e-01
   9.9502689e-01
   9.9373782e-01
   9.9245061e-01
   9.9116524e-01
   9.8988173e-01
   9.8860007e-01
   9.8732024e-01
   9.8604226e-01
   9.8476611e-01
   9.8349180e-01
   9.8221932e-01
   9.8094867e-01
   9.7967985e-01
   9.7841285e-01
   9.7714767e-01
   9.7588431e-01
   9.7462276e-01
   9.7336303e-01
   9.7210511e-01
   9.7084899e-01
   9.6959468e-01
   9.6834217e-01
   9.6709145e-01
   9.6584254e-01
   9.6459542e-01
   9.6335008e-01
   9.6210654e-01
   9.6086478e-01
   9.5962481e-01
   9.5838661e-01
   9.5715019e-01
   9.5591554e-01
   9.5468267e-01
   9.5345157e-01
   9.5222223e-01
   9.5099465e-01
   9.4976884e-01
   9.4854479e-01
   9.4732249e-01
   9.4610194e-01
   9.4488314e-01
   9.4366610e-01
   9.4245079e-01
   9.4123723e-01
   9.4002541e-01
   9.3881533e-01
   9.3760698e-01
   9.3640036e-01
   9.3519547e-01
   9.3399231e-01
   9.3279087e-01
   9.3159115e-01
   9.3039316e-01
   9.2919687e-01
   9.2800231e-01
   9.2680945e-01
   9.2561830e-01
   9.2442886e-01
   9.2324112e-01
   9.2205508e-01
   9.2087074e-01
   9.1968809e-01
   9.1850714e-01
   9.1732788e-01
   9.1615031e-01
   9.1497442e-01
   9.1380021e-01
   9.1262769e-01
   9.1145684e-01
   9.1028767e-01
   9.0912017e-01
   9.0795434e-01
   9.0679017e-01
   9.0562768e-01
   9.0446684e-01
   9.0330767e-01
   9.0215015e-01
   9.0099429e-01
   8.9984008e-01
   8.9868752e-01
   8.9753661e-01
   8.9638734e-01
   8.9523972e-01
   8.9409373e-01
   8.9294939e-01
   8.9180668e-01
   8.9066560e-01
   8.8952615e-01
   8.8838833e-01
   8.8725213e-01
   8.8611756e-01
   8.8498461e-01
   8.8385328e-01
   8.8272356e-01
   8.8159545e-01
   8.8046896e-01
   8.7934407e-01
   8.7822079e-01
   8.7709912e-01
   8.7597904e-01
   8.7486057e-01
   8.7374369e-01
   8.7262840e-01
   8.7151470e-01
   8.7040260e-01
   8.6929208e-01
   8.6818314e-01
   8.6707579e-01
   8.6597002e-01
   8.6486582e-01
   8.6376320e-01
   8.6266215e-01
   8.6156267e-01
   8.6046476e-01
   8.5936841e-01
   8.5827363e-01
   8.5718040e-01
   8.5608874e-01
   8.5499863e-01
   8.5391007e-01
   8.5282307e-01
   8.5173762e-01
   8.5065371e-01
   8.4957134e-01
   8.4849052e-01
   8.4741124e-01
   8.4633349e-01
   8.4525728e-01
   8.4418261e-01
   8.4310946e-01
   8.4203784e-01
   8.4096775e-01
   8.3989918e-01
   8.3883213e-01
   8.3776660e-01
   8.3670259e-01
   8.3564009e-01
   8.3457910e-01
   8.3351963e-01
   8.3246166e-01
   8.3140520e-01
   8.3035024e-01
   8.2929678e-01
   8.2824482e-01
   8.2719435e-01
   8.2614539e-01
   8.2509791e-01
   8.2405192e-01
   8.2300742e-01
   8.2196440e-01
   8.2092287e-01
   8.1988282e-01
   8.1884425e-01
   8.1780715e-01
   8.1677153e-01
   8.1573738e-01
   8.1470469e-01
   8.1367348e-01
   8.1264373e-01
   8.1161545e-01
   8.1058862e-01
   8.0956326e-01
   8.0853935e-01
   8.0751690e-01
   8.0649589e-01
   8.0547634e-01
   8.0445824e-01
   8.0344158e-01
   8.0242636e-01
   8.0141259e-01
   8.0040026e-01
   7.9938936e-01
   7.9837990e-01
   7.9737187e-01
   7.9636527e-01
   7.9536010e-01
   7.9435636e-01
   7.9335404e-01
   7.9235314e-01
   7.9135366e-01
   7.9035560e-01
   7.8935896e-01
   7.8836373e-01
   7.8736991e-01
   7.8637750e-01
   7.8538650e-01
   7.8439690e-01
   7.8340871e-01
   7.8242192e-01
   7.8143653e-01
   7.8045253e-01
   7.7946993e-01
   7.7848872e-01
   7.7750890e-01
   7.7653047e-01
   7.7555343e-01
   7.7457777e-01
   7.7360350e-01
   7.7263060e-01
   7.7165908e-01
   7.7068894e-01
   7.6972018e-01
   7.6875278e-01
   7.6778676e-01
   7.6682210e-01
   7.6585881e-01
   7.6489688e-01
   7.6393632e-01
   7.6297711e-01
   7.6201927e-01
   7.6106277e-01
   7.6010764e-01
   7.5915385e-01
   7.5820142e-01
   7.5725033e-01
   7.5630059e-01
   7.5535219e-01
   7.5440513e-01
   7.5345941e-01
   7.5251503e-01
   7.5157199e-01
   7.5063028e-01
   7.4968990e-01
   7.4875086e-01
   7.4781314e-01
   7.4687674e-01
   7.4594167e-01
   7.4500793e-01
   7.4407550e-01
   7.4314439e-01
   7.4221459e-01
   7.4128611e-01
   7.4035895e-01
   7.3943309e-01
   7.3850854e-01
   7.3758530e-01
   7.3666336e-01
   7.3574272e-01
   7.3482339e-01
   7.3390535e-01
   7.3298861e-01
   7.3207317e-01
   7.3115902e-01
   7.3024615e-01
   7.2933458e-01
   7.2842430e-01
   7.2751530e-01
   7.2660758e-01
   7.2570114e-01
   7.2479599e-01
   7.2389211e-01
   7.2298951e-01
   7.2208818e-01
   7.2118812e-01
   7.2028933e-01
   7.1939181e-01
   7.1849556e-01
   7.1760057e-01
   7.1670685e-01
   7.1581438e-01
   7.1492317e-01
   7.1403322e-01
   7.1314453e-01
   7.1225709e-01
   7.1137090e-01
   7.1048596e-01
   7.0960226e-01
   7.0871981e-01
   7.0783861e-01
   7.0695865e-01
   7.0607993e-01
   7.0520245e-01
   7.0432620e-01
   7.0345119e-01
   7.0257741e-01
   7.0170486e-01
   7.0083354e-01
   6.9996345e-01
   6.9909458e-01
   6.9822694e-01
   6.9736052e-01
   6.9649532e-01
   6.9563134e-01
   6.9476858e-01
   6.9390703e-01
   6.9304669e-01
   6.9218756e-01
   6.9132965e-01
   6.9047294e-01
   6.8961744e-01
   6.8876314e-01
   6.8791004e-01
   6.8705814e-01
   6.8620745e-01
   6.8535795e-01
   6.8450964e-01
   6.8366253e-01
   6.8281661e-01
   6.8197188e-01
   6.8112833e-01
   6.8028598e-01
   6.7944481e-01
   6.7860482e-01
   6.7776601e-01
   6.7692838e-01
   6.7609193e-01
   6.7525665e-01
   6.7442255e-01
   6.7358963e-01
   6.7275787e-01
   6.7192728e-01
   6.7109786e-01
   6.7026960e-01
   6.6944251e-01
   6.6861658e-01
   6.6779181e-01
   6.6696820e-01
   6.6614574e-01
   6.6532444e-01
   6.6450430e-01
   6.6368530e-01
   6.6286746e-01
   6.6205077e-01
   6.6123522e-01
   6.6042081e-01
   6.5960755e-01
   6.5879543e-01
   6.5798446e-01
   6.5717461e-01
   6.5636591e-01
   6.5555834e-01
   6.5475191e-01
   6.5394660e-01
   6.5314243e-01
   6.5233938e-01
   6.5153746e-01
   6.5073667e-01
   6.4993700e-01
   6.4913845e-01
   6.4834102e-01
   6.4754471e-01
   6.4674951e-01
   6.4595543e-01
   6.4516247e-01
   6.4437061e-01
   6.4357987e-01
   6.4279023e-01
   6.4200171e-01
   6.4121428e-01
   6.4042796e-01
   6.3964274e-01
   6.3885863e-01
   6.3807561e-01
   6.3729368e-01
   6.3651286e-01
   6.3573313e-01
   6.3495449e-01
   6.3417694e-01
   6.3340048e-01
   6.3262510e-01
   6.3185081e-01
   6.3107761e-01
   6.3030549e-01
   6.2953445e-01
   6.2876449e-01
   6.2799561e-01
   6.2722780e-01
   6.2646107e-01
   6.2569542e-01
   6.2493083e-01
   6.2416731e-01
   6.2340487e-01
   6.2264349e-01
   6.2188317e-01
   6.2112392e-01
   6.2036573e-01
   6.1960860e-01
   6.1885253e-01
   6.1809752e-01
   6.1734356e-01
   6.1659066e-01
   6.1583881e-01
   6.1508801e-01
   6.1433826e-01
   6.1358956e-01
   6.1284191e-01
   6.1209530e-01
   6.1134973e-01
   6.1060521e-01
   6.0986173e-01
   6.0911928e-01
   6.0837788e-01
   6.0763751e-01
   6.0689817e-01
   6.0615987e-01
   6.0542260e-01
   6.0468636e-01
   6.0395115e-01
   6.0321696e-01
   6.0248380e-01
   6.0175166e-01
   6.0102055e-01
   6.0029045e-01
   5.9956138e-01
   5.9883332e-01
   5.9810628e-01
   5.9738026e-01
   5.9665525e-01
   5.9593125e-01
   5.9520826e-01
   5.9448628e-01
   5.9376530e-01
   5.9304534e-01
   5.9232637e-01
   5.9160841e-01
   5.9089146e-01
   5.9017550e-01
   5.8946054e-01
   5.8874658e-01
   5.8803361e-01
   5.8732164e-01
   5.8661066e-01
   5.8590067e-01
   5.8519167e-01
   5.8448366e-01
   5.8377664e-01
   5.8307060e-01
   5.8236555e-01
   5.8166148e-01
   5.8095839e-01
   5.8025628e-01
   5.7955515e-01
   5.7885500e-01
   5.7815582e-01
   5.7745761e-01
   5.7676038e-01
   5.7606412e-01
   5.7536883e-01
   5.7467451e-01
   5.7398115e-01
   5.7328876e-01
   5.7259734e-01
   5.7190687e-01
   5.7121737e-01
   5.7052883e-01
   5.6984125e-01
   5.6915462e-01
   5.6846895e-01
   5.6778423e-01
   5.6710047e-01
   5.6641766e-01
   5.6573580e-01
   5.6505488e-01
   5.6437492e-01
   5.6369590e-01
   5.6301782e-01
   5.6234069e-01
   5.6166450e-01
   5.6098925e-01
   5.6031494e-01
   5.5964157e-01
   5.5896913e-01
   5.5829763e-01
   5.5762706e-01
   5.5695743e-01
   5.5628872e-01
   5.5562095e-01
   5.5495410e-01
   5.5428818e-01
   5.5362319e-01
   5.5295912e-01
   5.5229597e-01
   5.5163374e-01
   5.5097243e-01
   5.5031205e-01
   5.4965258e-01
   5.4899402e-01
   5.4833638e-01
   5.4767966e-01
   5.4702384e-01
   5.4636894e-01
   5.4571494e-01
   5.4506186e-01
   5.4440968e-01
   5.4375840e-01
   5.4310803e-01
   5.4245857e-01
   5.4181000e-01
   5.4116233e-01
   5.4051557e-01
   5.3986970e-01
   5.3922473e-01
   5.3858065e-01
   5.3793746e-01
   5.3729517e-01
   5.3665377e-01
   5.3601326e-01
   5.3537363e-01
   5.3473490e-01
   5.3409705e-01
   5.3346008e-01
   5.3282400e-01
   5.3218880e-01
   5.3155448e-01
   5.3092103e-01
   5.3028847e-01
   5.2965679e-01
   5.2902598e-01
   5.2839604e-01
   5.2776698e-01
   5.2713878e-01
   5.2651146e-01
   5.2588501e-01
   5.2525943e-01
   5.2463471e-01
   5.2401086e-01
   5.2338787e-01
   5.2276574e-01
   5.2214448e-01
   5.2152408e-01
   5.2090453e-01
   5.2028585e-01
   5.1966802e-01
   5.1905104e-01
   5.1843492e-01
   5.1781965e-01
   5.1720524e-01
   5.1659167e-01
   5.1597896e-01
   5.1536709e-01
   5.1475607e-01
   5.1414589e-01
   5.1353656e-01
   5.1292807e-01
   5.1232042e-01
   5.1171361e-01
   5.1110765e-01
   5.1050252e-01
   5.0989822e-01
   5.0929477e-01
   5.0869214e-01
   5.0809035e-01
   5.0748940e-01
   5.0688927e-01
   5.0628997e-01
   5.0569150e-01
   5.0509386e-01
   5.0449705e-01
   5.0390106e-01
   5.0330589e-01
   5.0271155e-01
   5.0211802e-01
   5.0152532e-01
   5.0093343e-01
   5.0034237e-01
   4.9975212e-01
   4.9916268e-01
   4.9857406e-01
   4.9798625e-01
   4.9739925e-01
   4.9681307e-01
   4.9622769e-01
   4.9564312e-01
   4.9505936e-01
   4.9447640e-01
   4.9389425e-01
   4.9331290e-01
   4.9273236e-01
   4.9215261e-01
   4.9157367e-01
   4.9099552e-01
   4.9041818e-01
   4.8984162e-01
   4.8926587e-01
   4.8869091e-01
   4.8811674e-01
   4.8754336e-01
   4.8697077e-01
   4.8639898e-01
   4.8582797e-01
   4.8525775e-01
   4.8468831e-01
   4.8411966e-01
   4.8355180e-01
   4.8298471e-01
   4.8241841e-01
   4.8185289e-01
   4.8128815e-01
   4.8072419e-01
   4.8016100e-01
   4.7959859e-01
   4.7903695e-01
   4.7847609e-01
   4.7791600e-01
   4.7735668e-01
   4.7679814e-01
   4.7624036e-01
   4.7568335e-01
   4.7512710e-01
   4.7457163e-01
   4.7401691e-01
   4.7346296e-01
   4.7290978e-01
   4.7235735e-01
   4.7180569e-01
   4.7125478e-01
   4.7070464e-01
   4.7015525e-01
   4.6960661e-01
   4.6905873e-01
   4.6851161e-01
   4.6796523e-01
   4.6741961e-01
   4.6687474e-01
   4.6633062e-01
   4.6578725e-01
   4.6524462e-01
   4.6470274e-01
   4.6416161e-01
   4.6362122e-01
   4.6308157e-01
   4.6254267e-01
   4.6200450e-01
   4.6146707e-01
   4.6093039e-01
   4.6039444e-01
   4.5985923e-01
   4.5932475e-01
   4.5879101e-01
   4.5825800e-01
   4.5772572e-01
   4.5719417e-01
   4.5666336e-01
   4.5613327e-01
   4.5560391e-01
   4.5507528e-01
   4.5454738e-01
   4.5402019e-01
   4.5349374e-01
   4.5296800e-01
   4.5244299e-01
   4.5191870e-01
   4.5139513e-01
   4.5087227e-01
   4.5035014e-01
   4.4982872e-01
   4.4930801e-01
   4.4878802e-01
   4.4826875e-01
   4.4775018e-01
   4.4723233e-01
   4.4671519e-01
   4.4619875e-01
   4.4568303e-01
   4.4516801e-01
   4.4465370e-01
   4.4414009e-01
   4.4362719e-01
   4.4311499e-01
   4.4260350e-01
   4.4209270e-01
   4.4158261e-01
   4.4107321e-01
   4.4056451e-01
   4.4005651e-01
   4.3954921e-01
   4.3904260e-01
   4.3853668e-01
   4.3803146e-01
   4.3752693e-01
   4.3702309e-01
   4.3651994e-01
   4.3601748e-01
   4.3551570e-01
   4.3501462e-01
   4.3451422e-01
   4.3401451e-01
   4.3351548e-01
   4.3301713e-01
   4.3251947e-01
   4.3202248e-01
   4.3152618e-01
   4.3103055e-01
   4.3053561e-01
   4.3004134e-01
   4.2954775e-01
   4.2905483e-01
   4.2856259e-01
   4.2807102e-01
   4.2758012e-01
   4.2708990e-01
   4.2660034e-01
   4.2611146e-01
   4.2562324e-01
   4.2513569e-01
   4.2464881e-01
   4.2416259e-01
   4.2367704e-01
   4.2319215e-01
   4.2270792e-01
   4.2222436e-01
   4.2174145e-01
   4.2125921e-01
   4.2077762e-01
   4.2029670e-01
   4.1981643e-01
   4.1933681e-01
   4.1885785e-01
   4.1837955e-01
   4.1790190e-01
   4.1742490e-01
   4.1694855e-01
   4.1647285e-01
   4.1599781e-01
   4.1552341e-01
   4.1504965e-01
   4.1457655e-01
   4.1410409e-01
   4.1363228e-01
   4.1316111e-01
   4.1269058e-01
   4.1222069e-01
   4.1175145e-01
   4.1128284e-01
   4.1081488e-01
   4.1034755e-01
   4.0988086e-01
   4.0941481e-01
   4.0894939e-01
   4.0848461e-01
   4.0802046e-01
   4.0755695e-01
   4.0709406e-01
   4.0663181e-01
   4.0617019e-01
   4.0570919e-01
   4.0524883e-01
   4.0478909e-01
   4.0432998e-01
   4.0387149e-01
   4.0341363e-01
   4.0295640e-01
   4.0249978e-01
   4.0204379e-01
   4.0158842e-01
   4.0113367e-01
   4.0067954e-01
   4.0022602e-01
   3.9977313e-01
   3.9932085e-01
   3.9886919e-01
   3.9841814e-01
   3.9796770e-01
   3.9751788e-01
   3.9706867e-01
   3.9662008e-01
   3.9617209e-01
   3.9572471e-01
   3.9527794e-01
   3.9483178e-01
   3.9438623e-01
   3.9394128e-01
   3.9349694e-01
   3.9305320e-01
   3.9261006e-01
   3.9216753e-01
   3.9172560e-01
   3.9128427e-01
   3.9084354e-01
   3.9040341e-01
   3.8996388e-01
   3.8952494e-01
   3.8908661e-01
   3.8864886e-01
   3.8821172e-01
   3.8777516e-01
   3.8733920e-01
   3.8690383e-01
   3.8646906e-01
   3.8603487e-01
   3.8560128e-01
   3.8516827e-01
   3.8473585e-01
   3.8430402e-01
   3.8387277e-01
   3.8344211e-01
   3.8301204e-01
   3.8258255e-01
   3.8215364e-01
   3.8172531e-01
   3.8129757e-01
   3.8087040e-01
   3.8044382e-01
   3.8001781e-01
   3.7959238e-01
   3.7916753e-01
   3.7874326e-01
   3.7831956e-01
   3.7789643e-01
   3.7747388e-01
   3.7705191e-01
   3.7663050e-01
   3.7620967e-01
   3.7578941e-01
   3.7536971e-01
   3.7495059e-01
   3.7453203e-01
   3.7411404e-01
   3.7369662e-01
   3.7327976e-01
   3.7286347e-01
   3.7244774e-01
   3.7203258e-01
   3.7161798e-01
   3.7120394e-01
   3.7079046e-01
   3.7037754e-01
   3.6996518e-01
   3.6955338e-01
   3.6914213e-01
   3.6873145e-01
   3.6832131e-01
   3.6791174e-01
   3.6750272e-01
   3.6709425e-01
   3.6668633e-01
   3.6627897e-01
   3.6587216e-01
   3.6546590e-01
   3.6506019e-01
   3.6465502e-01
   3.6425041e-01
   3.6384634e-01
   3.6344282e-01
   3.6303985e-01
   3.6263742e-01
   3.6223553e-01
   3.6183419e-01
   3.6143339e-01
   3.6103313e-01
   3.6063341e-01
   3.6023424e-01
   3.5983560e-01
   3.5943750e-01
   3.5903994e-01
   3.5864292e-01
   3.5824643e-01
   3.5785048e-01
   3.5745507e-01
   3.5706019e-01
   3.5666584e-01
   3.5627202e-01
   3.5587874e-01
   3.5548599e-01
   3.5509376e-01
   3.5470207e-01
   3.5431091e-01
   3.5392027e-01
   3.5353016e-01
   3.5314058e-01
   3.5275152e-01
   3.5236299e-01
   3.5197499e-01
   3.5158750e-01
   3.5120054e-01
   3.5081410e-01
   3.5042819e-01
   3.5004279e-01
   3.4965791e-01
   3.4927355e-01
   3.4888971e-01
   3.4850639e-01
   3.4812359e-01
   3.4774130e-01
   3.4735953e-01
   3.4697827e-01
   3.4659752e-01
   3.4621729e-01
   3.4583757e-01
   3.4545836e-01
   3.4507967e-01
   3.4470148e-01
   3.4432380e-01
   3.4394663e-01
   3.4356997e-01
   3.4319382e-01
   3.4281817e-01
   3.4244303e-01
   3.4206840e-01
   3.4169427e-01
   3.4132064e-01
   3.4094751e-01
   3.4057489e-01
   3.4020277e-01
   3.3983115e-01
   3.3946003e-01
   3.3908941e-01
   3.3871929e-01
   3.3834967e-01
   3.3798054e-01
   3.3761191e-01
   3.3724378e-01
   3.3687614e-01
   3.3650899e-01
   3.3614234e-01
   3.3577619e-01
   3.3541052e-01
   3.3504535e-01
   3.3468066e-01
   3.3431647e-01
   3.3395277e-01
   3.3358955e-01
   3.3322683e-01
   3.3286459e-01
   3.3250284e-01
   3.3214157e-01
   3.3178079e-01
   3.3142049e-01
   3.3106068e-01
   3.3070135e-01
   3.3034250e-01
   3.2998414e-01
   3.2962626e-01
   3.2926885e-01
   3.2891193e-01
   3.2855549e-01
   3.2819952e-01
   3.2784403e-01
   3.2748902e-01
   3.2713449e-01
   3.2678043e-01
   3.2642684e-01
   3.2607373e-01
   3.2572110e-01
   3.2536894e-01
   3.2501725e-01
   3.2466603e-01
   3.2431528e-01
   3.2396500e-01
   3.2361519e-01
   3.2326585e-01
   3.2291698e-01
   3.2256858e-01
   3.2222065e-01
   3.2187318e-01
   3.2152617e-01
   3.2117963e-01
   3.2083356e-01
   3.2048795e-01
   3.2014280e-01
   3.1979811e-01
   3.1945389e-01
   3.1911012e-01
   3.1876682e-01
   3.1842398e-01
   3.1808159e-01
   3.1773967e-01
   3.1739820e-01
   3.1705719e-01
   3.1671663e-01
   3.1637654e-01
   3.1603689e-01
   3.1569770e-01
   3.1535897e-01
   3.1502068e-01
   3.1468285e-01
   3.1434548e-01
   3.1400855e-01
   3.1367207e-01
   3.1333605e-01
   3.1300047e-01
   3.1266534e-01
   3.1233066e-01
   3.1199643e-01
   3.1166264e-01
   3.1132930e-01
   3.1099641e-01
   3.1066396e-01
   3.1033196e-01
   3.1000039e-01
   3.0966927e-01
   3.0933860e-01
   3.0900836e-01
   3.0867857e-01
   3.0834922e-01
   3.0802030e-01
   3.0769183e-01
   3.0736379e-01
   3.0703620e-01
   3.0670904e-01
   3.0638231e-01
   3.0605602e-01
   3.0573017e-01
   3.0540475e-01
   3.0507977e-01
   3.0475522e-01
   3.0443110e-01
   3.0410742e-01
   3.0378417e-01
   3.0346135e-01
   3.0313896e-01
   3.0281699e-01
   3.0249546e-01
   3.0217436e-01
   3.0185368e-01
   3.0153344e-01
   3.0121362e-01
   3.0089422e-01
   3.0057525e-01
   3.0025671e-01
   2.9993859e-01
   2.9962089e-01
   2.9930362e-01
   2.9898677e-01
   2.9867034e-01
   2.9835434e-01
   2.9803875e-01
   2.9772359e-01
   2.9740884e-01
   2.9709452e-01
   2.9678061e-01
   2.9646712e-01
   2.9615404e-01
   2.9584139e-01
   2.9552915e-01
   2.9521732e-01
   2.9490591e-01
   2.9459492e-01
   2.9428433e-01
   2.9397416e-01
   2.9366441e-01
   2.9335506e-01
   2.9304613e-01
   2.9273761e-01
   2.9242950e-01
   2.9212179e-01
   2.9181450e-01
   2.9150761e-01
   2.9120114e-01
   2.9089507e-01
   2.9058940e-01
   2.9028414e-01
   2.8997929e-01
   2.8967485e-01
   2.8937080e-01
   2.8906716e-01
   2.8876393e-01
   2.8846110e-01
   2.8815867e-01
   2.8785664e-01
   2.8755501e-01
   2.8725378e-01
   2.8695295e-01
   2.8665252e-01
   2.8635249e-01
   2.8605286e-01
   2.8575363e-01
   2.8545479e-01
   2.8515635e-01
   2.8485830e-01
   2.8456065e-01
   2.8426340e-01
   2.8396654e-01
   2.8367007e-01
   2.8337400e-01
   2.8307831e-01
   2.8278302e-01
   2.8248813e-01
   2.8219362e-01
   2.8189950e-01
   2.8160577e-01
   2.8131243e-01
   2.8101948e-01
   2.8072692e-01
   2.8043475e-01
   2.8014296e-01
   2.7985156e-01
   2.7956054e-01
   2.7926991e-01
   2.7897967e-01
   2.7868981e-01
   2.7840033e-01
   2.7811124e-01
   2.7782253e-01
   2.7753420e-01
   2.7724625e-01
   2.7695868e-01
   2.7667150e-01
   2.7638469e-01
   2.7609826e-01
   2.7581221e-01
   2.7552654e-01
   2.7524125e-01
   2.7495634e-01
   2.7467180e-01
   2.7438764e-01
   2.7410385e-01
   2.7382044e-01
   2.7353740e-01
   2.7325474e-01
   2.7297245e-01
   2.7269053e-01
   2.7240899e-01
   2.7212781e-01
   2.7184701e-01
   2.7156658e-01
   2.7128652e-01
   2.7100683e-01
   2.7072751e-01
   2.7044856e-01
   2.7016997e-01
   2.6989176e-01
   2.6961391e-01
   2.6933643e-01
   2.6905931e-01
   2.6878256e-01
   2.6850617e-01
   2.6823015e-01
   2.6795450e-01
   2.6767920e-01
   2.6740427e-01
   2.6712970e-01
   2.6685550e-01
   2.6658165e-01
   2.6630817e-01
   2.6603505e-01
   2.6576229e-01
   2.6548988e-01
   2.6521784e-01
   2.6494615e-01
   2.6467482e-01
   2.6440385e-01
   2.6413324e-01
   2.6386298e-01
   2.6359308e-01
   2.6332353e-01
   2.6305434e-01
   2.6278550e-01
   2.6251702e-01
   2.6224889e-01
   2.6198112e-01
   2.6171369e-01
   2.6144662e-01
   2.6117990e-01
   2.6091353e-01
   2.6064751e-01
   2.6038184e-01
   2.6011652e-01
   2.5985155e-01
   2.5958692e-01
   2.5932265e-01
   2.5905872e-01
   2.5879514e-01
   2.5853191e-01
   2.5826902e-01
   2.5800647e-01
   2.5774428e-01
   2.5748242e-01
   2.5722091e-01
   2.5695975e-01
   2.5669892e-01
   2.5643844e-01
   2.5617831e-01
   2.5591851e-01
   2.5565905e-01
   2.5539994e-01
   2.5514116e-01
   2.5488273e-01
   2.5462463e-01
   2.5436688e-01
   2.5410946e-01
   2.5385238e-01
   2.5359563e-01
   2.5333922e-01
   2.5308315e-01
   2.5282742e-01
   2.5257202e-01
   2.5231695e-01
   2.5206222e-01
   2.5180783e-01
   2.5155376e-01
   2.5130003e-01
   2.5104664e-01
   2.5079357e-01
   2.5054084e-01
   2.5028844e-01
   2.5003636e-01
   2.4978462e-01
   2.4953321e-01
   2.4928213e-01
   2.4903137e-01
   2.4878095e-01
   2.4853085e-01
   2.4828108e-01
   2.4803164e-01
   2.4778252e-01
   2.4753373e-01
   2.4728526e-01
   2.4703712e-01
   2.4678931e-01
   2.4654181e-01
   2.4629465e-01
   2.4604780e-01
   2.4580128e-01
   2.4555508e-01
   2.4530920e-01
   2.4506365e-01
   2.4481841e-01
   2.4457350e-01
   2.4432890e-01
   2.4408463e-01
   2.4384067e-01
   2.4359704e-01
   2.4335372e-01
   2.4311072e-01
   2.4286803e-01
   2.4262567e-01
   2.4238362e-01
   2.4214188e-01
   2.4190046e-01
   2.4165936e-01
   2.4141857e-01
   2.4117810e-01
   2.4093794e-01
   2.4069809e-01
   2.4045856e-01
   2.4021933e-01
   2.3998042e-01
   2.3974183e-01
   2.3950354e-01
   2.3926556e-01
   2.3902790e-01
   2.3879054e-01
   2.3855349e-01
   2.3831676e-01
   2.3808033e-01
   2.3784421e-01
   2.3760839e-01
   2.3737289e-01
   2.3713769e-01
   2.3690280e-01
   2.3666821e-01
   2.3643393e-01
   2.3619995e-01
   2.3596628e-01
   2.3573291e-01
   2.3549985e-01
   2.3526709e-01
   2.3503463e-01
   2.3480248e-01
   2.3457062e-01
   2.3433907e-01
   2.3410782e-01
   2.3387687e-01
   2.3364623e-01
   2.3341588e-01
   2.3318583e-01
   2.3295608e-01
   2.3272663e-01
   2.3249747e-01
   2.3226862e-01
   2.3204006e-01
   2.3181180e-01
   2.3158384e-01
   2.3135617e-01
   2.3112880e-01
   2.3090172e-01
   2.3067494e-01
   2.3044845e-01
   2.3022226e-01
   2.2999636e-01
   2.2977075e-01
   2.2954544e-01
   2.2932042e-01
   2.2909569e-01
   2.2887125e-01
   2.2864711e-01
   2.2842325e-01
   2.2819969e-01
   2.2797641e-01
   2.2775343e-01
   2.2753073e-01
   2.2730832e-01
   2.2708620e-01
   2.2686437e-01
   2.2664283e-01
   2.2642157e-01
   2.2620060e-01
   2.2597992e-01
   2.2575952e-01
   2.2553941e-01
   2.2531959e-01
   2.2510004e-01
   2.2488079e-01
   2.2466181e-01
   2.2444312e-01
   2.2422472e-01
   2.2400659e-01
   2.2378875e-01
   2.2357119e-01
   2.2335391e-01
   2.2313691e-01
   2.2292020e-01
   2.2270376e-01
   2.2248761e-01
   2.2227173e-01
   2.2205613e-01
   2.2184081e-01
   2.2162577e-01
   2.2141101e-01
   2.2119653e-01
   2.2098232e-01
   2.2076839e-01
   2.2055473e-01
   2.2034136e-01
   2.2012825e-01
   2.1991543e-01
