   9.5016891e-01
   9.4955796e-01
   9.4894741e-01
   9.4833726e-01
   9.4772751e-01
   9.4711817e-01
   9.4650924e-01
   9.4590071e-01
   9.4529258e-01
   9.4468485e-01
   9.4407752e-01
   9.4347060e-01
   9.4286408e-01
   9.4225796e-01
   9.4165224e-01
   9.4104692e-01
   9.4044201e-01
   9.3983749e-01
   9.3923337e-01
   9.3862966e-01
   9.3802634e-01
   9.3742342e-01
   9.3682090e-01
   9.3621878e-01
   9.3561706e-01
   9.3501573e-01
   9.3441481e-01
   9.3381428e-01
   9.3321415e-01
   9.3261441e-01
   9.3201508e-01
   9.3141613e-01
   9.3081759e-01
   9.3021944e-01
   9.2962169e-01
   9.2902433e-01
   9.2842736e-01
   9.2783080e-01
   9.2723462e-01
   9.2663884e-01
   9.2604345e-01
   9.2544846e-01
   9.2485386e-01
   9.2425966e-01
   9.2366584e-01
   9.2307242e-01
   9.2247939e-01
   9.2188676e-01
   9.2129451e-01
   9.2070266e-01
   9.2011120e-01
   9.1952012e-01
   9.1892944e-01
   9.1833915e-01
   9.1774925e-01
   9.1715974e-01
   9.1657062e-01
   9.1598189e-01
   9.1539354e-01
   9.1480559e-01
   9.1421802e-01
   9.1363084e-01
   9.1304405e-01
   9.1245765e-01
   9.1187163e-01
   9.1128601e-01
   9.1070076e-01
   9.1011591e-01
   9.0953144e-01
   9.0894736e-01
   9.0836366e-01
   9.0778035e-01
   9.0719742e-01
   9.0661488e-01
   9.0603272e-01
   9.0545094e-01
   9.0486956e-01
   9.0428855e-01
   9.0370793e-01
   9.0312769e-01
   9.0254783e-01
   9.0196836e-01
   9.0138927e-01
   9.0081056e-01
   9.0023223e-01
   8.9965429e-01
   8.9907672e-01
   8.9849954e-01
   8.9792274e-01
   8.9734632e-01
   8.9677027e-01
   8.9619461e-01
   8.9561933e-01
   8.9504443e-01
   8.9446991e-01
   8.9389576e-01
   8.9332200e-01
   8.9274861e-01
   8.9217560e-01
   8.9160297e-01
   8.9103072e-01
   8.9047063e-01
   1.0089124e+00
   1.1244121e+00
   1.2371864e+00
   1.3474287e+00
   1.4553108e+00
   1.5609902e+00
   1.6646144e+00
   1.7663202e+00
   1.8662372e+00
   1.9644887e+00
   2.0611947e+00
   2.1564754e+00
   2.2504560e+00
   2.3432737e+00
   2.4350860e+00
   2.5260833e+00
   2.6165052e+00
   2.7066640e+00
   2.7969772e+00
   2.8880146e+00
   2.9805679e+00
   3.0757564e+00
   3.1752003e+00
   3.2813120e+00
   3.3978185e+00
   3.5307368e+00
   3.6902988e+00
   3.8948337e+00
   4.1779478e+00
   4.5924415e+00
   5.0996565e+00
   4.3359504e+00
   2.5171094e+00
   1.8323981e+00
   1.6039396e+00
   1.5199540e+00
   1.4842082e+00
   1.4662714e+00
   1.4561113e+00
   1.4502702e+00
   1.4474409e+00
   1.4470241e+00
   1.4486585e+00
   1.4520704e+00
   1.4570236e+00
   1.4633074e+00
   1.4707299e+00
   1.4791155e+00
   1.4883054e+00
   1.4981549e+00
   1.5566937e+00
   1.6164970e+00
   1.6773423e+00
   1.7387616e+00
   1.8005463e+00
   1.8625012e+00
   1.9244461e+00
   1.9862130e+00
   2.0476485e+00
   2.1086119e+00
   2.1689748e+00
   2.2286221e+00
   2.2874509e+00
   2.3453716e+00
   2.4023038e+00
   2.4581788e+00
   2.5129393e+00
   2.5665360e+00
   2.6189304e+00
   2.6700915e+00
   2.7199969e+00
   2.7686306e+00
   2.8159841e+00
   2.8620542e+00
   2.9068427e+00
   2.9503578e+00
   2.9926107e+00
   3.0336163e+00
   3.0733937e+00
   3.1119647e+00
   3.1493530e+00
   3.1855844e+00
   3.2206873e+00
   3.2546906e+00
   3.2876242e+00
   3.3195190e+00
   3.3504071e+00
   3.3803204e+00
   3.4092911e+00
   3.4373509e+00
   3.4645324e+00
   3.4908676e+00
   3.5163878e+00
   3.5411242e+00
   3.5651074e+00
   3.5883671e+00
   3.6109336e+00
   3.6328339e+00
   3.6540965e+00
   3.6747485e+00
   3.6948174e+00
   3.7143282e+00
   3.7333050e+00
   3.7517718e+00
   3.7697522e+00
   3.7872686e+00
   3.8043420e+00
   3.8209939e+00
   3.8372433e+00
   3.8531102e+00
   3.8686132e+00
   3.8837696e+00
   3.8985969e+00
   3.9131114e+00
   3.9273287e+00
   3.9412643e+00
   3.9549311e+00
   3.9683444e+00
   3.9815165e+00
   3.9944606e+00
   4.0071878e+00
   4.0197105e+00
   4.0320395e+00
   4.0441850e+00
   4.0561581e+00
   4.0679678e+00
   4.0796233e+00
   4.0911333e+00
   4.1025059e+00
   4.1137495e+00
   4.1248714e+00
   4.1358789e+00
   4.1467792e+00
   4.1575783e+00
   4.1682830e+00
   4.1788991e+00
   4.1894322e+00
   4.1998877e+00
   4.2102765e+00
   4.2205926e+00
   4.2308465e+00
   4.2410417e+00
   4.2511835e+00
   4.2612747e+00
   4.2713200e+00
   4.2813227e+00
   4.2912864e+00
   4.3012144e+00
   4.3111108e+00
   4.3209774e+00
   4.3308175e+00
   4.3406339e+00
   4.3504330e+00
   4.3602149e+00
   4.3699757e+00
   4.3797227e+00
   4.3894573e+00
   4.3991818e+00
   4.4088990e+00
   4.4186105e+00
   4.4283185e+00
   4.4380238e+00
   4.4477291e+00
   4.4574349e+00
   4.4671430e+00
   4.4768554e+00
   4.4865731e+00
   4.4962977e+00
   4.5060305e+00
   4.5157725e+00
   4.5255251e+00
   4.5352939e+00
   4.5450712e+00
   4.5548625e+00
   4.5646689e+00
   4.5744911e+00
   4.5843302e+00
   4.5941877e+00
   4.6040640e+00
   4.6139599e+00
   4.6238766e+00
   4.6338154e+00
   4.6437763e+00
   4.6537602e+00
   4.6637683e+00
   4.6738014e+00
   4.6838605e+00
   4.6939455e+00
   4.7040580e+00
   4.7141983e+00
   4.7243675e+00
   4.7345663e+00
   4.7447954e+00
   4.7550555e+00
   4.7653472e+00
   4.7756714e+00
   4.7860287e+00
   4.7964203e+00
   4.8068467e+00
   4.8173081e+00
   4.8278059e+00
   4.8383402e+00
   4.8489120e+00
   4.8595218e+00
   4.8701701e+00
   4.8808587e+00
   4.8915878e+00
   4.9023582e+00
   4.9131704e+00
   4.9240260e+00
   4.9349250e+00
   4.9458680e+00
   4.9568560e+00
   4.9678898e+00
   4.9789709e+00
   4.9900995e+00
   5.0012763e+00
   5.0125023e+00
   5.0237787e+00
   5.0351062e+00
   5.0464855e+00
   5.0579172e+00
   5.0694023e+00
   5.0809419e+00
   5.0925374e+00
   5.1041890e+00
   5.1158979e+00
   5.1276650e+00
   5.1394911e+00
   5.1513774e+00
   5.1633248e+00
   5.1753343e+00
   5.1874068e+00
   5.1995434e+00
   5.2117451e+00
   5.2240130e+00
   5.2363484e+00
   5.2487521e+00
   5.2612250e+00
   5.2737681e+00
   5.2863824e+00
   5.2990689e+00
   5.3118286e+00
   5.3246626e+00
   5.3375719e+00
   5.3505573e+00
   5.3636200e+00
   5.3767609e+00
   5.3899809e+00
   5.4032809e+00
   5.4166617e+00
   5.4301242e+00
   5.4436692e+00
   5.4572974e+00
   5.4710096e+00
   5.4848065e+00
   5.4986886e+00
   5.5126565e+00
   5.5267107e+00
   5.5408516e+00
   5.5550795e+00
   5.5693947e+00
   5.5837974e+00
   5.5982875e+00
   5.6128651e+00
   5.6275300e+00
   5.6422820e+00
   5.6571207e+00
   5.6720455e+00
   5.6870560e+00
   5.7021513e+00
   5.7173305e+00
   5.7325927e+00
   5.7479366e+00
   5.7633609e+00
   5.7788643e+00
   5.7944451e+00
   5.8101015e+00
   5.8258318e+00
   5.8416339e+00
   5.8575056e+00
   5.8734447e+00
   5.8894489e+00
   5.9055155e+00
   5.9216420e+00
   5.9378257e+00
   5.9540636e+00
   5.9703531e+00
   5.9866910e+00
   6.0030744e+00
   6.0195002e+00
   6.0359652e+00
   6.0524664e+00
   6.0690006e+00
   6.0855647e+00
   6.1021554e+00
   6.1187698e+00
   6.1354047e+00
   6.1520570e+00
   6.1687238e+00
   6.1854022e+00
   6.2020893e+00
   6.2187823e+00
   6.2354785e+00
   6.2521753e+00
   6.2688702e+00
   6.2855608e+00
   6.3022449e+00
   6.3189201e+00
   6.3355844e+00
   6.3522358e+00
   6.3688725e+00
   6.3854926e+00
   6.4020946e+00
   6.4186769e+00
   6.4352380e+00
   6.4517766e+00
   6.4682915e+00
   6.4847816e+00
   6.5012457e+00
   6.5176829e+00
   6.5340925e+00
   6.5504736e+00
   6.5668254e+00
   6.5831475e+00
   6.5994393e+00
   6.6157002e+00
   6.6319298e+00
   6.6481280e+00
   6.6642942e+00
   6.6804284e+00
   6.6965302e+00
   6.7125997e+00
   6.7286367e+00
   6.7446411e+00
   6.7606130e+00
   6.7765523e+00
   6.7924592e+00
   6.8083336e+00
   6.8241758e+00
   6.8399859e+00
   6.8557640e+00
   6.8715103e+00
   6.8872250e+00
   6.9029084e+00
   6.9185606e+00
   6.9341819e+00
   6.9497726e+00
   6.9653330e+00
   6.9808632e+00
   6.9963637e+00
   7.0118346e+00
   7.0272763e+00
   7.0426891e+00
   7.0580733e+00
   7.0734292e+00
   7.0887571e+00
   7.1040573e+00
   7.1193301e+00
   7.1345759e+00
   7.1497949e+00
   7.1649874e+00
   7.1801538e+00
   7.1952944e+00
   7.2104095e+00
   7.2254993e+00
   7.2405642e+00
   7.2556045e+00
   7.2706205e+00
   7.2856124e+00
   7.3005805e+00
   7.3155252e+00
   7.3304467e+00
   7.3453453e+00
   7.3602212e+00
   7.3750747e+00
   7.3899062e+00
   7.4047158e+00
   7.4195038e+00
   7.4342704e+00
   7.4490160e+00
   7.4637408e+00
   7.4784449e+00
   7.4931287e+00
   7.5077924e+00
   7.5224362e+00
   7.5370603e+00
   7.5516650e+00
   7.5662505e+00
   7.5808170e+00
   7.5953647e+00
   7.6098938e+00
   7.6244046e+00
   7.6388973e+00
   7.6533720e+00
   7.6678289e+00
   7.6822683e+00
   7.6966904e+00
   7.7110952e+00
   7.7254831e+00
   7.7398542e+00
   7.7542087e+00
   7.7685468e+00
   7.7828686e+00
   7.7971744e+00
   7.8114642e+00
   7.8257384e+00
   7.8399970e+00
   7.8542402e+00
   7.8684681e+00
   7.8826810e+00
   7.8968791e+00
   7.9110623e+00
   7.9252310e+00
   7.9393853e+00
   7.9535253e+00
   7.9676512e+00
   7.9817631e+00
   7.9958612e+00
   8.0099457e+00
   8.0240166e+00
   8.0380741e+00
   8.0521184e+00
   8.0661496e+00
   8.0801679e+00
   8.0941733e+00
   8.1081661e+00
   8.1221463e+00
   8.1361140e+00
   8.1500696e+00
   8.1640129e+00
   8.1779443e+00
   8.1918637e+00
   8.2057714e+00
   8.2196675e+00
   8.2335520e+00
   8.2474252e+00
   8.2612871e+00
   8.2751379e+00
   8.2889776e+00
   8.3028065e+00
   8.3166245e+00
   8.3304319e+00
   8.3442288e+00
   8.3580152e+00
   8.3717913e+00
   8.3855572e+00
   8.3993130e+00
   8.4130588e+00
   8.4267948e+00
   8.4405209e+00
   8.4542374e+00
   8.4679444e+00
   8.4816419e+00
   8.4953301e+00
   8.5090091e+00
   8.5226789e+00
   8.5363396e+00
   8.5499915e+00
   8.5636345e+00
   8.5772688e+00
   8.5908945e+00
   8.6045116e+00
   8.6181203e+00
   8.6317206e+00
   8.6453127e+00
   8.6588966e+00
   8.6724725e+00
   8.6860404e+00
   8.6996004e+00
   8.7131526e+00
   8.7266972e+00
   8.7402341e+00
   8.7537635e+00
   8.7672854e+00
   8.7808000e+00
   8.7943074e+00
   8.8078075e+00
   8.8213006e+00
   8.8347866e+00
   8.8482657e+00
   8.8617380e+00
   8.8752035e+00
   8.8886623e+00
   8.9021145e+00
   8.9155601e+00
   8.9289993e+00
   8.9424321e+00
   8.9558586e+00
   8.9692788e+00
   8.9826929e+00
   8.9961010e+00
   9.0095030e+00
   9.0228990e+00
   9.0362892e+00
   9.0496736e+00
   9.0630523e+00
   9.0764253e+00
   9.0897927e+00
   9.1031546e+00
   9.1165110e+00
   9.1298621e+00
   9.1432078e+00
   9.1565482e+00
   9.1698835e+00
   9.1832136e+00
   9.1965387e+00
   9.2098587e+00
   9.2231738e+00
   9.2364840e+00
   9.2497894e+00
   9.2630900e+00
   9.2763860e+00
   9.2896772e+00
   9.3029639e+00
   9.3162460e+00
   9.3295237e+00
   9.3427969e+00
   9.3560658e+00
   9.3693304e+00
   9.3825907e+00
   9.3958468e+00
   9.4090987e+00
   9.4223466e+00
   9.4355904e+00
   9.4488302e+00
   9.4620661e+00
   9.4752981e+00
   9.4885262e+00
   9.5017505e+00
   9.5149711e+00
   9.5281880e+00
   9.5414013e+00
   9.5546109e+00
   9.5678170e+00
   9.5810196e+00
   9.5942187e+00
   9.6074144e+00
   9.6206067e+00
   9.6337957e+00
   9.6469814e+00
   9.6601638e+00
   9.6733431e+00
   9.6865191e+00
   9.6996921e+00
   9.7128620e+00
   9.7260289e+00
   9.7391928e+00
   9.7523537e+00
   9.7655117e+00
   9.7786668e+00
   9.7918191e+00
   9.8049686e+00
   9.8181153e+00
   9.8312594e+00
   9.8444007e+00
   9.8575394e+00
   9.8706754e+00
   9.8838089e+00
   9.8969399e+00
   9.9100683e+00
   9.9231943e+00
   9.9363179e+00
   9.9494390e+00
   9.9625578e+00
   9.9756743e+00
   9.9887884e+00
   1.0001900e+01
   1.0015010e+01
   1.0028117e+01
   1.0041223e+01
   1.0054326e+01
   1.0067427e+01
   1.0080526e+01
   1.0093623e+01
   1.0106718e+01
   1.0119810e+01
   1.0132901e+01
   1.0145990e+01
   1.0159078e+01
   1.0172163e+01
   1.0185246e+01
   1.0198328e+01
   1.0211408e+01
   1.0224486e+01
   1.0237562e+01
   1.0250637e+01
   1.0263710e+01
   1.0276781e+01
   1.0289850e+01
   1.0302919e+01
   1.0315985e+01
   1.0329050e+01
   1.0342113e+01
   1.0355175e+01
   1.0368236e+01
   1.0381295e+01
   1.0394352e+01
   1.0407409e+01
   1.0420463e+01
   1.0433517e+01
   1.0446569e+01
   1.0459620e+01
   1.0472669e+01
   1.0485718e+01
   1.0498765e+01
   1.0511811e+01
   1.0524855e+01
   1.0537899e+01
   1.0550941e+01
   1.0563982e+01
   1.0577022e+01
   1.0590061e+01
   1.0603099e+01
   1.0616136e+01
   1.0629172e+01
   1.0642207e+01
   1.0655241e+01
   1.0668274e+01
   1.0681306e+01
   1.0694337e+01
   1.0707367e+01
   1.0720396e+01
   1.0733425e+01
   1.0746452e+01
   1.0759479e+01
   1.0772505e+01
   1.0785530e+01
   1.0798555e+01
   1.0811578e+01
   1.0824601e+01
   1.0837623e+01
   1.0850645e+01
   1.0863665e+01
   1.0876686e+01
   1.0889705e+01
   1.0902724e+01
   1.0915742e+01
   1.0928760e+01
   1.0941777e+01
   1.0954793e+01
   1.0967809e+01
   1.0980825e+01
   1.0993840e+01
   1.1006854e+01
   1.1019868e+01
   1.1032881e+01
   1.1045894e+01
   1.1058907e+01
   1.1071919e+01
   1.1084931e+01
   1.1097942e+01
   1.1110953e+01
   1.1123964e+01
   1.1136974e+01
   1.1149984e+01
   1.1162993e+01
   1.1176003e+01
   1.1189012e+01
   1.1202020e+01
   1.1215029e+01
   1.1228037e+01
   1.1241045e+01
   1.1254053e+01
   1.1267061e+01
   1.1280068e+01
   1.1293075e+01
   1.1306082e+01
   1.1319089e+01
   1.1332096e+01
   1.1345103e+01
   1.1358109e+01
   1.1371116e+01
   1.1384122e+01
   1.1397128e+01
   1.1410135e+01
   1.1423141e+01
   1.1436147e+01
   1.1449153e+01
   1.1462159e+01
   1.1475165e+01
   1.1488171e+01
   1.1501178e+01
   1.1514184e+01
   1.1527190e+01
   1.1540196e+01
   1.1553203e+01
   1.1566209e+01
   1.1579216e+01
   1.1592222e+01
   1.1605229e+01
   1.1618236e+01
   1.1631243e+01
   1.1644250e+01
   1.1657258e+01
   1.1670265e+01
   1.1683273e+01
   1.1696281e+01
   1.1709289e+01
   1.1722298e+01
   1.1735306e+01
   1.1748315e+01
   1.1761324e+01
   1.1774333e+01
   1.1787343e+01
   1.1800353e+01
   1.1813363e+01
   1.1826374e+01
   1.1839384e+01
   1.1852395e+01
   1.1865407e+01
   1.1878419e+01
   1.1891431e+01
   1.1904443e+01
   1.1917456e+01
   1.1930469e+01
   1.1943483e+01
   1.1956497e+01
   1.1969512e+01
   1.1982526e+01
   1.1995542e+01
   1.2008557e+01
   1.2021574e+01
   1.2034590e+01
   1.2047607e+01
   1.2060625e+01
   1.2073643e+01
   1.2086661e+01
   1.2099680e+01
   1.2112700e+01
   1.2125720e+01
   1.2138740e+01
   1.2151761e+01
   1.2164783e+01
   1.2177805e+01
   1.2190828e+01
   1.2203851e+01
   1.2216875e+01
   1.2229900e+01
   1.2242925e+01
   1.2255950e+01
   1.2268976e+01
   1.2282003e+01
   1.2295031e+01
   1.2308059e+01
   1.2321087e+01
   1.2334117e+01
   1.2347147e+01
   1.2360178e+01
   1.2373209e+01
   1.2386241e+01
   1.2399274e+01
   1.2412307e+01
   1.2425341e+01
   1.2438376e+01
   1.2451411e+01
   1.2464447e+01
   1.2477484e+01
   1.2490522e+01
   1.2503560e+01
   1.2516599e+01
   1.2529639e+01
   1.2542680e+01
   1.2555721e+01
   1.2568764e+01
   1.2581806e+01
   1.2594850e+01
   1.2607895e+01
   1.2620940e+01
   1.2633986e+01
   1.2647033e+01
   1.2660081e+01
   1.2673129e+01
   1.2686179e+01
   1.2699229e+01
   1.2712280e+01
   1.2725332e+01
   1.2738385e+01
   1.2751438e+01
   1.2764493e+01
   1.2777548e+01
   1.2790604e+01
   1.2803662e+01
   1.2816719e+01
   1.2829778e+01
   1.2842838e+01
   1.2855899e+01
   1.2868960e+01
   1.2882023e+01
   1.2895086e+01
   1.2908151e+01
   1.2921216e+01
   1.2934282e+01
   1.2947349e+01
   1.2960418e+01
   1.2973487e+01
   1.2986557e+01
   1.2999628e+01
   1.3012700e+01
   1.3025772e+01
   1.3038846e+01
   1.3051921e+01
   1.3064997e+01
   1.3078074e+01
   1.3091152e+01
   1.3104231e+01
   1.3117310e+01
   1.3130391e+01
   1.3143473e+01
   1.3156556e+01
   1.3169640e+01
   1.3182725e+01
   1.3195811e+01
   1.3208898e+01
   1.3221986e+01
   1.3235075e+01
   1.3248165e+01
   1.3261256e+01
   1.3274348e+01
   1.3287442e+01
   1.3300536e+01
   1.3313631e+01
   1.3326728e+01
   1.3339825e+01
   1.3352924e+01
   1.3366024e+01
   1.3379125e+01
   1.3392226e+01
   1.3405329e+01
   1.3418433e+01
   1.3431539e+01
   1.3444645e+01
   1.3457752e+01
   1.3470861e+01
   1.3483970e+01
   1.3497081e+01
   1.3510193e+01
   1.3523306e+01
   1.3536420e+01
   1.3549535e+01
   1.3562651e+01
   1.3575769e+01
   1.3588887e+01
   1.3602007e+01
   1.3615128e+01
   1.3628250e+01
   1.3641373e+01
   1.3654498e+01
   1.3667623e+01
   1.3680750e+01
   1.3693878e+01
   1.3707006e+01
   1.3720137e+01
   1.3733268e+01
   1.3746400e+01
   1.3759534e+01
   1.3772669e+01
   1.3785805e+01
   1.3798942e+01
   1.3812080e+01
   1.3825220e+01
   1.3838360e+01
   1.3851502e+01
   1.3864645e+01
   1.3877789e+01
   1.3890935e+01
   1.3904081e+01
   1.3917229e+01
   1.3930378e+01
   1.3943529e+01
   1.3956680e+01
   1.3969833e+01
   1.3982986e+01
   1.3996141e+01
   1.4009298e+01
   1.4022455e+01
   1.4035614e+01
   1.4048774e+01
   1.4061935e+01
   1.4075097e+01
   1.4088260e+01
   1.4101425e+01
   1.4114591e+01
   1.4127758e+01
   1.4140927e+01
   1.4154096e+01
   1.4167267e+01
   1.4180439e+01
   1.4193612e+01
   1.4206787e+01
   1.4219962e+01
   1.4233139e+01
   1.4246317e+01
   1.4259497e+01
   1.4272677e+01
   1.4285859e+01
   1.4299042e+01
   1.4312227e+01
   1.4325412e+01
   1.4338599e+01
   1.4351787e+01
   1.4364976e+01
   1.4378167e+01
   1.4391358e+01
   1.4404551e+01
   1.4417745e+01
   1.4430941e+01
   1.4444137e+01
   1.4457335e+01
   1.4470534e+01
   1.4483735e+01
   1.4496936e+01
   1.4510139e+01
   1.4523343e+01
   1.4536548e+01
   1.4549755e+01
   1.4562963e+01
   1.4576172e+01
   1.4589382e+01
   1.4602593e+01
   1.4615806e+01
   1.4629020e+01
   1.4642235e+01
   1.4655451e+01
   1.4668669e+01
   1.4681888e+01
   1.4695108e+01
   1.4708329e+01
   1.4721552e+01
   1.4734776e+01
   1.4748001e+01
   1.4761227e+01
   1.4774454e+01
   1.4787683e+01
   1.4800913e+01
   1.4814144e+01
   1.4827377e+01
   1.4840610e+01
   1.4853845e+01
   1.4867081e+01
   1.4880318e+01
   1.4893557e+01
   1.4906797e+01
   1.4920038e+01
   1.4933280e+01
   1.4946523e+01
   1.4959768e+01
   1.4973013e+01
   1.4986261e+01
   1.4999509e+01
   1.5012758e+01
   1.5026009e+01
   1.5039261e+01
   1.5052514e+01
   1.5065768e+01
   1.5079024e+01
   1.5092280e+01
   1.5105538e+01
   1.5118797e+01
   1.5132058e+01
   1.5145319e+01
   1.5158582e+01
   1.5171846e+01
   1.5185111e+01
   1.5198377e+01
   1.5211645e+01
   1.5224913e+01
   1.5238183e+01
   1.5251454e+01
   1.5264726e+01
   1.5278000e+01
   1.5291274e+01
   1.5304550e+01
   1.5317827e+01
   1.5331105e+01
   1.5344385e+01
   1.5357665e+01
   1.5370947e+01
   1.5384229e+01
   1.5397513e+01
   1.5410799e+01
   1.5424085e+01
   1.5437372e+01
   1.5450661e+01
   1.5463951e+01
   1.5477242e+01
   1.5490534e+01
   1.5503827e+01
   1.5517121e+01
   1.5530417e+01
   1.5543713e+01
   1.5557011e+01
   1.5570310e+01
   1.5583610e+01
   1.5596911e+01
   1.5610213e+01
   1.5623517e+01
   1.5636821e+01
   1.5650127e+01
   1.5663434e+01
   1.5676742e+01
   1.5690051e+01
   1.5703361e+01
   1.5716672e+01
   1.5729985e+01
   1.5743298e+01
   1.5756613e+01
   1.5769928e+01
   1.5783245e+01
   1.5796563e+01
   1.5809882e+01
   1.5823202e+01
   1.5836523e+01
   1.5849845e+01
   1.5863168e+01
   1.5876493e+01
   1.5889818e+01
   1.5903145e+01
   1.5916472e+01
   1.5929801e+01
   1.5943130e+01
   1.5956461e+01
   1.5969793e+01
   1.5983126e+01
   1.5996460e+01
   1.6009795e+01
   1.6023131e+01
   1.6036468e+01
   1.6049806e+01
   1.6063145e+01
   1.6076485e+01
   1.6089826e+01
   1.6103168e+01
   1.6116512e+01
   1.6129856e+01
   1.6143201e+01
   1.6156547e+01
   1.6169895e+01
   1.6183243e+01
   1.6196592e+01
   1.6209942e+01
   1.6223294e+01
   1.6236646e+01
   1.6249999e+01
   1.6263353e+01
   1.6276709e+01
   1.6290065e+01
   1.6303422e+01
   1.6316780e+01
   1.6330139e+01
   1.6343499e+01
   1.6356860e+01
   1.6370222e+01
   1.6383585e+01
   1.6396949e+01
   1.6410314e+01
   1.6423680e+01
   1.6437046e+01
   1.6450414e+01
   1.6463783e+01
   1.6477152e+01
   1.6490523e+01
   1.6503894e+01
   1.6517266e+01
   1.6530640e+01
   1.6544014e+01
   1.6557389e+01
   1.6570765e+01
   1.6584142e+01
   1.6597519e+01
   1.6610898e+01
   1.6624277e+01
   1.6637658e+01
   1.6651039e+01
   1.6664421e+01
   1.6677804e+01
   1.6691188e+01
   1.6704573e+01
   1.6717959e+01
   1.6731345e+01
   1.6744733e+01
   1.6758121e+01
   1.6771510e+01
   1.6784900e+01
   1.6798291e+01
   1.6811682e+01
   1.6825075e+01
   1.6838468e+01
   1.6851862e+01
   1.6865257e+01
   1.6878653e+01
   1.6892049e+01
   1.6905447e+01
   1.6918845e+01
   1.6932244e+01
   1.6945644e+01
   1.6959044e+01
   1.6972446e+01
   1.6985848e+01
   1.6999251e+01
   1.7012655e+01
   1.7026059e+01
   1.7039464e+01
   1.7052870e+01
   1.7066277e+01
   1.7079685e+01
   1.7093093e+01
   1.7106502e+01
   1.7119912e+01
   1.7133323e+01
   1.7146734e+01
   1.7160146e+01
   1.7173559e+01
   1.7186972e+01
   1.7200387e+01
   1.7213802e+01
   1.7227217e+01
   1.7240634e+01
   1.7254051e+01
   1.7267469e+01
   1.7280887e+01
   1.7294306e+01
   1.7307726e+01
   1.7321147e+01
   1.7334568e+01
   1.7347990e+01
   1.7361413e+01
   1.7374836e+01
   1.7388260e+01
   1.7401685e+01
   1.7415110e+01
   1.7428536e+01
   1.7441963e+01
   1.7455390e+01
   1.7468818e+01
   1.7482247e+01
   1.7495676e+01
   1.7509106e+01
   1.7522537e+01
   1.7535968e+01
   1.7549399e+01
   1.7562832e+01
   1.7576265e+01
   1.7589698e+01
   1.7603133e+01
   1.7616568e+01
   1.7630003e+01
   1.7643439e+01
   1.7656876e+01
   1.7670313e+01
   1.7683751e+01
   1.7697189e+01
   1.7710628e+01
   1.7724068e+01
   1.7737508e+01
   1.7750948e+01
   1.7764390e+01
   1.7777831e+01
   1.7791274e+01
   1.7804717e+01
   1.7818160e+01
   1.7831604e+01
   1.7845049e+01
   1.7858494e+01
   1.7871939e+01
   1.7885385e+01
   1.7898832e+01
   1.7912279e+01
   1.7925727e+01
   1.7939175e+01
   1.7952624e+01
   1.7966073e+01
   1.7979523e+01
   1.7992973e+01
   1.8006424e+01
   1.8019875e+01
   1.8033326e+01
   1.8046779e+01
   1.8060231e+01
   1.8073684e+01
   1.8087138e+01
   1.8100592e+01
   1.8114046e+01
   1.8127501e+01
   1.8140957e+01
   1.8154413e+01
   1.8167869e+01
   1.8181326e+01
   1.8194783e+01
   1.8208241e+01
   1.8221699e+01
   1.8235157e+01
   1.8248616e+01
   1.8262076e+01
   1.8275535e+01
   1.8288996e+01
   1.8302456e+01
   1.8315917e+01
   1.8329379e+01
   1.8342841e+01
   1.8356303e+01
   1.8369766e+01
   1.8383229e+01
   1.8396692e+01
   1.8410156e+01
   1.8423620e+01
   1.8437085e+01
   1.8450549e+01
   1.8464015e+01
   1.8477480e+01
   1.8490946e+01
   1.8504413e+01
   1.8517880e+01
   1.8531347e+01
   1.8544814e+01
   1.8558282e+01
   1.8571750e+01
   1.8585219e+01
   1.8598687e+01
   1.8612157e+01
   1.8625626e+01
   1.8639096e+01
   1.8652566e+01
   1.8666037e+01
   1.8679507e+01
   1.8692978e+01
   1.8706450e+01
   1.8719922e+01
   1.8733394e+01
   1.8746866e+01
   1.8760338e+01
   1.8773811e+01
   1.8787285e+01
   1.8800758e+01
   1.8814232e+01
   1.8827706e+01
   1.8841180e+01
   1.8854655e+01
   1.8868130e+01
   1.8881605e+01
   1.8895080e+01
   1.8908556e+01
   1.8922032e+01
   1.8935508e+01
   1.8948985e+01
   1.8962461e+01
   1.8975938e+01
   1.8989415e+01
   1.9002893e+01
   1.9016371e+01
   1.9029849e+01
   1.9043327e+01
   1.9056805e+01
   1.9070284e+01
   1.9083762e+01
   1.9097242e+01
   1.9110721e+01
   1.9124200e+01
   1.9137680e+01
   1.9151160e+01
   1.9164640e+01
   1.9178120e+01
   1.9191601e+01
   1.9205082e+01
   1.9218563e+01
   1.9232044e+01
   1.9245525e+01
   1.9259007e+01
   1.9272488e+01
   1.9285970e+01
   1.9299452e+01
   1.9312934e+01
   1.9326417e+01
   1.9339899e+01
   1.9353382e+01
   1.9366865e+01
   1.9380348e+01
   1.9393832e+01
   1.9407315e+01
   1.9420799e+01
   1.9434282e+01
   1.9447766e+01
   1.9461250e+01
   1.9474734e+01
   1.9488219e+01
   1.9501703e+01
   1.9515188e+01
   1.9528673e+01
   1.9542157e+01
   1.9555642e+01
   1.9569128e+01
   1.9582613e+01
   1.9596098e+01
   1.9609584e+01
   1.9623070e+01
   1.9636555e+01
   1.9650041e+01
   1.9663527e+01
   1.9677013e+01
   1.9690500e+01
   1.9703986e+01
   1.9717472e+01
   1.9730959e+01
   1.9744446e+01
   1.9757932e+01
   1.9771419e+01
   1.9784906e+01
   1.9798393e+01
   1.9811881e+01
   1.9825368e+01
   1.9838855e+01
   1.9852343e+01
   1.9865830e+01
   1.9879318e+01
   1.9892805e+01
   1.9906293e+01
   1.9919781e+01
   1.9933269e+01
   1.9946757e+01
   1.9960245e+01
   1.9973733e+01
   1.9987221e+01
   2.0000710e+01
   2.0014198e+01
   2.0027686e+01
   2.0041175e+01
   2.0054663e+01
   2.0068152e+01
   2.0081640e+01
   2.0095129e+01
   2.0108618e+01
   2.0122107e+01
   2.0135595e+01
   2.0149084e+01
   2.0162573e+01
   2.0176062e+01
   2.0189551e+01
   2.0203040e+01
   2.0216529e+01
   2.0230018e+01
   2.0243508e+01
   2.0256997e+01
   2.0270486e+01
   2.0283975e+01
   2.0297465e+01
   2.0310954e+01
   2.0324443e+01
   2.0337933e+01
   2.0351422e+01
   2.0364911e+01
   2.0378401e+01
   2.0391890e+01
   2.0405380e+01
   2.0418869e+01
   2.0432359e+01
   2.0445848e+01
   2.0459338e+01
   2.0472827e+01
   2.0486317e+01
   2.0499807e+01
   2.0513296e+01
   2.0526786e+01
   2.0540275e+01
   2.0553765e+01
   2.0567255e+01
   2.0580744e+01
   2.0594234e+01
   2.0607723e+01
   2.0621213e+01
   2.0634703e+01
   2.0648192e+01
   2.0661682e+01
   2.0675171e+01
   2.0688661e+01
   2.0702150e+01
   2.0715640e+01
   2.0729129e+01
   2.0742619e+01
   2.0756109e+01
   2.0769598e+01
   2.0783088e+01
   2.0796577e+01
   2.0810066e+01
   2.0823556e+01
   2.0837045e+01
   2.0850535e+01
   2.0864024e+01
   2.0877513e+01
   2.0891003e+01
   2.0904492e+01
   2.0917981e+01
   2.0931471e+01
   2.0944960e+01
   2.0958449e+01
   2.0971938e+01
   2.0985427e+01
   2.0998916e+01
   2.1012405e+01
   2.1025894e+01
   2.1039383e+01
   2.1052872e+01
   2.1066361e+01
   2.1079850e+01
   2.1093339e+01
   2.1106828e+01
   2.1120317e+01
   2.1133805e+01
   2.1147294e+01
   2.1160783e+01
   2.1174271e+01
   2.1187760e+01
   2.1201248e+01
   2.1214737e+01
   2.1228225e+01
   2.1241713e+01
   2.1255202e+01
   2.1268690e+01
   2.1282178e+01
   2.1295666e+01
   2.1309154e+01
   2.1322642e+01
   2.1336130e+01
   2.1349618e+01
   2.1363106e+01
   2.1376594e+01
   2.1390082e+01
   2.1403569e+01
   2.1417057e+01
   2.1430545e+01
   2.1444032e+01
   2.1457520e+01
   2.1471007e+01
   2.1484494e+01
   2.1497982e+01
   2.1511469e+01
   2.1524956e+01
   2.1538443e+01
   2.1551930e+01
   2.1565417e+01
   2.1578904e+01
   2.1592390e+01
   2.1605877e+01
   2.1619364e+01
   2.1632850e+01
   2.1646336e+01
   2.1659823e+01
   2.1673309e+01
   2.1686795e+01
   2.1700281e+01
   2.1713767e+01
   2.1727253e+01
   2.1740739e+01
   2.1754225e+01
   2.1767711e+01
   2.1781196e+01
   2.1794682e+01
   2.1808167e+01
   2.1821652e+01
   2.1835138e+01
   2.1848623e+01
   2.1862108e+01
   2.1875593e+01
   2.1889078e+01
   2.1902562e+01
   2.1916047e+01
   2.1929531e+01
   2.1943016e+01
   2.1956500e+01
   2.1969984e+01
   2.1983468e+01
   2.1996952e+01
   2.2010436e+01
   2.2023920e+01
   2.2037403e+01
   2.2050887e+01
   2.2064370e+01
   2.2077854e+01
   2.2091337e+01
   2.2104820e+01
   2.2118303e+01
   2.2131785e+01
   2.2145268e+01
   2.2158750e+01
   2.2172233e+01
   2.2185715e+01
   2.2199197e+01
   2.2212679e+01
   2.2226161e+01
   2.2239642e+01
   2.2253124e+01
   2.2266605e+01
   2.2280086e+01
   2.2293567e+01
   2.2307048e+01
   2.2320529e+01
   2.2334009e+01
   2.2347490e+01
   2.2360970e+01
   2.2374450e+01
   2.2387930e+01
   2.2401409e+01
   2.2414889e+01
   2.2428368e+01
   2.2441847e+01
   2.2455326e+01
   2.2468805e+01
   2.2482284e+01
   2.2495762e+01
   2.2509240e+01
   2.2522718e+01
   2.2536196e+01
   2.2549673e+01
   2.2563151e+01
   2.2576628e+01
   2.2590105e+01
   2.2603581e+01
   2.2617058e+01
   2.2630534e+01
   2.2644010e+01
   2.2657486e+01
   2.2670961e+01
   2.2684436e+01
   2.2697911e+01
   2.2711386e+01
   2.2724861e+01
   2.2738335e+01
   2.2751809e+01
   2.2765283e+01
   2.2778756e+01
   2.2792229e+01
   2.2805702e+01
   2.2819175e+01
   2.2832647e+01
   2.2846119e+01
   2.2859590e+01
   2.2873062e+01
   2.2886533e+01
   2.2900004e+01
   2.2913474e+01
   2.2926944e+01
   2.2940414e+01
   2.2953883e+01
   2.2967352e+01
   2.2980821e+01
   2.2994289e+01
   2.3007757e+01
   2.3021225e+01
   2.3034692e+01
   2.3048159e+01
   2.3061625e+01
   2.3075091e+01
   2.3088557e+01
   2.3102022e+01
   2.3115487e+01
   2.3128951e+01
   2.3142415e+01
   2.3155879e+01
   2.3169342e+01
   2.3182805e+01
   2.3196267e+01
   2.3209728e+01
   2.3223190e+01
   2.3236650e+01
   2.3250110e+01
   2.3263570e+01
   2.3277029e+01
   2.3290488e+01
   2.3303946e+01
   2.3317404e+01
   2.3330861e+01
   2.3344318e+01
   2.3357774e+01
   2.3371229e+01
   2.3384684e+01
   2.3398138e+01
   2.3411592e+01
   2.3425045e+01
   2.3438497e+01
   2.3451949e+01
   2.3465400e+01
   2.3478850e+01
   2.3492300e+01
   2.3505749e+01
   2.3519198e+01
   2.3532645e+01
   2.3546093e+01
   2.3559539e+01
   2.3572984e+01
   2.3586429e+01
   2.3599873e+01
   2.3613317e+01
   2.3626759e+01
   2.3640201e+01
   2.3653642e+01
   2.3667082e+01
   2.3680521e+01
   2.3693960e+01
   2.3707397e+01
   2.3720834e+01
   2.3734270e+01
   2.3747705e+01
   2.3761139e+01
   2.3774572e+01
   2.3788004e+01
   2.3801435e+01
   2.3814865e+01
   2.3828294e+01
   2.3841722e+01
   2.3855149e+01
   2.3868575e+01
   2.3882000e+01
   2.3895424e+01
   2.3908847e+01
   2.3922269e+01
   2.3935690e+01
   2.3949109e+01
   2.3962527e+01
   2.3975944e+01
   2.3989360e+01
   2.4002775e+01
   2.4016188e+01
   2.4029601e+01
   2.4043011e+01
   2.4056421e+01
   2.4069829e+01
   2.4083236e+01
   2.4096642e+01
   2.4110046e+01
   2.4123449e+01
   2.4136850e+01
   2.4150250e+01
   2.4163649e+01
   2.4177046e+01
   2.4190441e+01
   2.4203835e+01
   2.4217227e+01
   2.4230618e+01
   2.4244007e+01
   2.4257395e+01
   2.4270781e+01
   2.4284165e+01
   2.4297547e+01
   2.4310928e+01
   2.4324307e+01
   2.4337684e+01
   2.4351059e+01
   2.4364433e+01
   2.4377805e+01
   2.4391174e+01
   2.4404542e+01
   2.4417908e+01
   2.4431272e+01
   2.4444634e+01
   2.4457994e+01
   2.4471351e+01
   2.4484707e+01
   2.4498061e+01
   2.4511412e+01
   2.4524761e+01
   2.4538108e+01
   2.4551453e+01
   2.4564795e+01
   2.4578135e+01
   2.4591473e+01
   2.4604808e+01
   2.4618141e+01
   2.4631471e+01
   2.4644799e+01
   2.4658124e+01
   2.4671447e+01
   2.4684767e+01
   2.4698085e+01
   2.4711399e+01
   2.4724711e+01
   2.4738021e+01
   2.4751327e+01
   2.4764631e+01
   2.4777932e+01
   2.4791230e+01
   2.4804524e+01
   2.4817816e+01
   2.4831105e+01
   2.4844391e+01
   2.4857673e+01
   2.4870953e+01
   2.4884229e+01
   2.4897502e+01
   2.4910771e+01
   2.4924038e+01
   2.4937300e+01
   2.4950560e+01
   2.4963816e+01
   2.4977068e+01
   2.4990317e+01
   2.5003562e+01
   2.5016803e+01
   2.5030041e+01
   2.5043274e+01
   2.5056504e+01
   2.5069730e+01
   2.5082952e+01
   2.5096170e+01
   2.5109384e+01
   2.5122594e+01
   2.5135800e+01
   2.5149001e+01
   2.5162199e+01
   2.5175391e+01
   2.5188580e+01
   2.5201764e+01
   2.5214943e+01
   2.5228118e+01
   2.5241288e+01
   2.5254454e+01
   2.5267615e+01
   2.5280770e+01
   2.5293921e+01
   2.5307067e+01
   2.5320208e+01
   2.5333344e+01
   2.5346475e+01
   2.5359601e+01
   2.5372721e+01
   2.5385836e+01
   2.5398945e+01
   2.5412049e+01
   2.5425148e+01
   2.5438240e+01
   2.5451327e+01
   2.5464409e+01
   2.5477484e+01
   2.5490554e+01
   2.5503617e+01
   2.5516674e+01
   2.5529726e+01
   2.5542770e+01
   2.5555809e+01
   2.5568841e+01
   2.5581867e+01
   2.5594886e+01
   2.5607899e+01
   2.5620905e+01
   2.5633903e+01
   2.5646896e+01
   2.5659881e+01
   2.5672859e+01
   2.5685829e+01
   2.5698793e+01
   2.5711749e+01
   2.5724698e+01
   2.5737639e+01
   2.5750573e+01
   2.5763499e+01
   2.5776417e+01
   2.5789328e+01
   2.5802230e+01
   2.5815124e+01
   2.5828010e+01
   2.5840888e+01
   2.5853757e+01
   2.5866618e+01
   2.5879470e+01
   2.5892314e+01
   2.5905149e+01
   2.5917974e+01
   2.5930791e+01
   2.5943599e+01
   2.5956398e+01
   2.5969187e+01
   2.5981966e+01
   2.5994737e+01
   2.6007497e+01
   2.6020248e+01
   2.6032989e+01
   2.6045719e+01
   2.6058440e+01
   2.6071151e+01
   2.6083851e+01
   2.6096540e+01
   2.6109219e+01
   2.6121887e+01
   2.6134545e+01
   2.6147191e+01
   2.6159826e+01
   2.6172450e+01
   2.6185063e+01
   2.6197664e+01
   2.6210254e+01
   2.6222832e+01
   2.6235397e+01
   2.6247951e+01
   2.6260493e+01
   2.6273022e+01
   2.6285539e+01
   2.6298044e+01
   2.6310536e+01
   2.6323014e+01
   2.6335480e+01
   2.6347933e+01
   2.6360372e+01
   2.6372798e+01
   2.6385210e+01
   2.6397609e+01
   2.6409994e+01
   2.6422364e+01
   2.6434721e+01
   2.6447063e+01
   2.6459391e+01
   2.6471704e+01
   2.6484002e+01
   2.6496285e+01
   2.6508553e+01
   2.6520806e+01
   2.6533043e+01
   2.6545265e+01
   2.6557470e+01
   2.6569660e+01
   2.6581834e+01
   2.6593991e+01
   2.6606132e+01
   2.6618256e+01
   2.6630364e+01
   2.6642454e+01
   2.6654527e+01
   2.6666583e+01
   2.6678621e+01
   2.6690642e+01
   2.6702644e+01
   2.6714629e+01
   2.6726595e+01
   2.6738543e+01
   2.6750472e+01
   2.6762382e+01
   2.6774273e+01
   2.6786145e+01
   2.6797998e+01
   2.6809830e+01
   2.6821643e+01
   2.6833436e+01
   2.6845209e+01
   2.6856962e+01
   2.6868693e+01
   2.6880404e+01
   2.6892094e+01
   2.6903762e+01
   2.6915409e+01
   2.6927035e+01
   2.6938638e+01
   2.6950220e+01
   2.6961779e+01
   2.6973315e+01
   2.6984829e+01
   2.6996320e+01
   2.7007787e+01
   2.7019231e+01
   2.7030652e+01
   2.7042049e+01
   2.7053421e+01
   2.7064769e+01
   2.7076093e+01
   2.7087392e+01
   2.7098666e+01
   2.7109914e+01
   2.7121138e+01
   2.7132335e+01
   2.7143506e+01
   2.7154652e+01
   2.7165770e+01
   2.7176862e+01
   2.7187928e+01
   2.7198966e+01
   2.7209976e+01
   2.7220959e+01
   2.7231914e+01
   2.7242841e+01
   2.7253739e+01
   2.7264609e+01
   2.7275450e+01
   2.7286261e+01
   2.7297043e+01
   2.7307796e+01
   2.7318518e+01
   2.7329210e+01
   2.7339872e+01
   2.7350503e+01
   2.7361103e+01
   2.7371671e+01
   2.7382208e+01
   2.7392714e+01
   2.7403187e+01
   2.7413628e+01
   2.7424036e+01
   2.7434411e+01
   2.7444753e+01
   2.7455061e+01
   2.7465336e+01
   2.7475577e+01
   2.7485784e+01
   2.7495955e+01
   2.7506092e+01
   2.7516194e+01
   2.7526261e+01
   2.7536291e+01
   2.7546286e+01
   2.7556244e+01
   2.7566166e+01
   2.7576051e+01
   2.7585899e+01
   2.7595709e+01
   2.7605482e+01
   2.7615216e+01
   2.7624912e+01
   2.7634570e+01
   2.7644188e+01
   2.7653767e+01
   2.7663307e+01
   2.7672807e+01
   2.7682267e+01
   2.7691686e+01
   2.7701065e+01
   2.7710402e+01
   2.7719699e+01
   2.7728953e+01
   2.7738166e+01
   2.7747336e+01
   2.7756464e+01
   2.7765549e+01
   2.7774590e+01
   2.7783589e+01
   2.7792543e+01
   2.7801453e+01
   2.7810319e+01
   2.7819140e+01
   2.7827916e+01
   2.7836647e+01
   2.7845332e+01
   2.7853971e+01
   2.7862564e+01
   2.7871110e+01
   2.7879609e+01
   2.7888061e+01
   2.7896465e+01
   2.7904822e+01
   2.7913130e+01
   2.7921389e+01
   2.7929600e+01
   2.7937762e+01
   2.7945874e+01
   2.7953936e+01
   2.7961949e+01
   2.7969910e+01
   2.7977821e+01
   2.7985681e+01
   2.7993490e+01
   2.8001247e+01
   2.8008951e+01
   2.8016604e+01
   2.8024203e+01
   2.8031750e+01
   2.8039243e+01
   2.8046683e+01
   2.8054068e+01
   2.8061399e+01
   2.8068676e+01
   2.8075898e+01
   2.8083064e+01
   2.8090175e+01
   2.8097229e+01
   2.8104228e+01
   2.8111169e+01
   2.8118054e+01
   2.8124882e+01
   2.8131652e+01
   2.8138364e+01
   2.8145018e+01
   2.8151613e+01
   2.8158150e+01
   2.8164627e+01
   2.8171044e+01
   2.8177402e+01
   2.8183699e+01
   2.8189936e+01
   2.8196112e+01
   2.8202227e+01
   2.8208281e+01
   2.8214272e+01
   2.8220201e+01
   2.8226068e+01
   2.8231872e+01
   2.8237613e+01
   2.8243290e+01
   2.8248903e+01
   2.8254452e+01
   2.8259937e+01
   2.8265356e+01
   2.8270711e+01
   2.8276000e+01
   2.8281223e+01
   2.8286380e+01
   2.8291470e+01
   2.8296494e+01
   2.8301450e+01
   2.8306339e+01
   2.8311160e+01
   2.8315913e+01
   2.8320597e+01
   2.8325212e+01
   2.8329758e+01
   2.8334234e+01
   2.8338641e+01
   2.8342977e+01
   2.8347243e+01
   2.8351437e+01
   2.8355561e+01
   2.8359612e+01
   2.8363592e+01
   2.8367499e+01
   2.8371334e+01
   2.8375096e+01
   2.8378784e+01
   2.8382398e+01
   2.8385939e+01
   2.8389405e+01
   2.8392796e+01
   2.8396112e+01
   2.8399352e+01
   2.8402517e+01
   2.8405605e+01
   2.8408616e+01
   2.8411551e+01
   2.8414408e+01
   2.8417188e+01
   2.8419890e+01
   2.8422513e+01
   2.8425057e+01
   2.8427522e+01
   2.8429908e+01
   2.8432213e+01
   2.8434439e+01
   2.8436583e+01
   2.8438647e+01
   2.8440629e+01
   2.8442529e+01
   2.8444347e+01
   2.8446082e+01
   2.8447734e+01
   2.8449303e+01
   2.8450788e+01
   2.8452189e+01
   2.8453505e+01
   2.8454736e+01
   2.8455882e+01
   2.8456942e+01
   2.8457916e+01
   2.8458803e+01
   2.8459603e+01
   2.8460315e+01
   2.8460939e+01
   2.8461476e+01
   2.8461923e+01
   2.8462281e+01
   2.8462550e+01
   2.8462728e+01
   2.8462816e+01
   2.8462814e+01
   2.8462719e+01
   2.8462533e+01
   2.8462255e+01
   2.8461884e+01
   2.8461420e+01
   2.8460862e+01
   2.8460210e+01
   2.8459464e+01
   2.8458623e+01
   2.8457686e+01
   2.8456653e+01
   2.8455524e+01
   2.8454298e+01
   2.8452974e+01
   2.8451553e+01
   2.8450034e+01
   2.8448415e+01
   2.8446698e+01
   2.8444880e+01
   2.8442963e+01
   2.8440944e+01
   2.8438824e+01
   2.8436603e+01
   2.8434279e+01
   2.8431852e+01
   2.8429322e+01
   2.8426689e+01
   2.8423950e+01
   2.8421107e+01
   2.8418159e+01
   2.8415105e+01
   2.8411944e+01
   2.8408676e+01
   2.8405301e+01
   2.8401818e+01
   2.8398226e+01
   2.8394525e+01
   2.8390714e+01
   2.8386793e+01
   2.8382762e+01
   2.8378619e+01
   2.8374364e+01
   2.8369997e+01
   2.8365517e+01
   2.8360923e+01
   2.8356215e+01
   2.8351392e+01
   2.8346455e+01
   2.8341401e+01
   2.8336231e+01
   2.8330944e+01
   2.8325540e+01
   2.8320017e+01
   2.8314376e+01
   2.8308616e+01
   2.8302735e+01
   2.8296734e+01
   2.8290613e+01
   2.8284369e+01
   2.8278004e+01
   2.8271515e+01
   2.8264904e+01
   2.8258168e+01
   2.8251308e+01
   2.8244322e+01
   2.8237211e+01
   2.8229974e+01
   2.8222609e+01
   2.8215117e+01
   2.8207497e+01
   2.8199748e+01
   2.8191870e+01
   2.8183862e+01
   2.8175723e+01
   2.8167453e+01
   2.8159051e+01
   2.8150517e+01
   2.8141850e+01
   2.8133050e+01
   2.8124115e+01
   2.8115045e+01
   2.8105841e+01
   2.8096500e+01
   2.8087022e+01
   2.8077407e+01
   2.8067654e+01
   2.8057763e+01
   2.8047733e+01
   2.8037563e+01
   2.8027253e+01
   2.8016802e+01
   2.8006209e+01
   2.7995475e+01
   2.7984598e+01
   2.7973577e+01
   2.7962412e+01
   2.7951103e+01
   2.7939649e+01
   2.7928049e+01
   2.7916302e+01
   2.7904409e+01
   2.7892368e+01
   2.7880179e+01
   2.7867841e+01
   2.7855353e+01
   2.7842716e+01
   2.7829928e+01
   2.7816989e+01
   2.7803898e+01
   2.7790654e+01
   2.7777258e+01
   2.7763708e+01
   2.7750003e+01
   2.7736144e+01
   2.7722129e+01
   2.7707958e+01
   2.7693631e+01
   2.7679146e+01
   2.7664504e+01
   2.7649703e+01
   2.7634743e+01
   2.7619623e+01
   2.7604343e+01
   2.7588902e+01
   2.7573299e+01
   2.7557535e+01
   2.7541608e+01
   2.7525517e+01
   2.7509263e+01
   2.7492844e+01
   2.7476260e+01
   2.7459510e+01
   2.7442594e+01
   2.7425511e+01
   2.7408261e+01
   2.7390843e+01
   2.7373256e+01
   2.7355499e+01
   2.7337573e+01
   2.7319476e+01
   2.7301208e+01
   2.7282768e+01
   2.7264156e+01
   2.7245372e+01
   2.7226413e+01
   2.7207281e+01
   2.7187973e+01
   2.7168491e+01
   2.7148832e+01
   2.7128997e+01
   2.7108984e+01
   2.7088794e+01
   2.7068426e+01
   2.7047878e+01
   2.7027151e+01
   2.7006244e+01
   2.6985155e+01
   2.6963885e+01
   2.6942434e+01
   2.6920799e+01
   2.6898981e+01
   2.6876979e+01
   2.6854792e+01
   2.6832421e+01
   2.6809863e+01
   2.6787119e+01
   2.6764188e+01
   2.6741069e+01
   2.6717761e+01
   2.6694265e+01
   2.6670579e+01
   2.6646703e+01
   2.6622635e+01
   2.6598376e+01
   2.6573925e+01
   2.6549281e+01
   2.6524443e+01
   2.6499412e+01
   2.6474185e+01
   2.6448762e+01
   2.6423144e+01
   2.6397329e+01
   2.6371316e+01
   2.6345105e+01
   2.6318694e+01
   2.6292085e+01
   2.6265275e+01
   2.6238264e+01
   2.6211052e+01
   2.6183637e+01
   2.6156019e+01
   2.6128198e+01
   2.6100172e+01
   2.6071941e+01
   2.6043504e+01
   2.6014860e+01
   2.5986010e+01
   2.5956951e+01
   2.5927684e+01
   2.5898207e+01
   2.5868520e+01
   2.5838622e+01
   2.5808512e+01
   2.5778191e+01
   2.5747656e+01
   2.5716907e+01
   2.5685943e+01
   2.5654764e+01
   2.5623369e+01
   2.5591757e+01
   2.5559928e+01
   2.5527880e+01
   2.5495613e+01
   2.5463125e+01
   2.5430417e+01
   2.5397488e+01
   2.5364336e+01
   2.5330960e+01
   2.5297361e+01
   2.5263537e+01
   2.5229488e+01
   2.5195212e+01
   2.5160708e+01
   2.5125977e+01
   2.5091017e+01
   2.5055827e+01
   2.5020407e+01
   2.4984755e+01
   2.4948871e+01
   2.4912754e+01
   2.4876402e+01
   2.4839816e+01
   2.4802995e+01
   2.4765937e+01
   2.4728641e+01
   2.4691107e+01
   2.4653334e+01
   2.4615321e+01
   2.4577067e+01
   2.4538571e+01
   2.4499833e+01
   2.4460851e+01
   2.4421624e+01
   2.4382152e+01
   2.4342434e+01
   2.4302468e+01
   2.4262255e+01
   2.4221792e+01
   2.4181079e+01
   2.4140115e+01
   2.4098900e+01
   2.4057431e+01
   2.4015709e+01
   2.3973733e+01
   2.3931500e+01
   2.3889012e+01
   2.3846265e+01
   2.3803261e+01
   2.3759997e+01
   2.3716472e+01
   2.3672687e+01
   2.3628639e+01
   2.3584328e+01
   2.3539753e+01
   2.3494913e+01
   2.3449807e+01
   2.3404433e+01
   2.3358792e+01
   2.3312882e+01
   2.3266702e+01
   2.3220252e+01
   2.3173529e+01
   2.3126534e+01
   2.3079265e+01
   2.3031722e+01
   2.2983903e+01
   2.2935807e+01
   2.2887434e+01
   2.2838783e+01
   2.2789852e+01
   2.2740641e+01
   2.2691149e+01
   2.2641375e+01
   2.2591318e+01
   2.2540977e+01
   2.2490350e+01
   2.2439439e+01
   2.2388240e+01
   2.2336754e+01
   2.2284980e+01
   2.2232916e+01
   2.2180562e+01
   2.2127917e+01
   2.2074980e+01
   2.2021751e+01
   2.1968228e+01
   2.1914410e+01
   2.1860298e+01
   2.1805890e+01
   2.1751184e+01
   2.1696182e+01
   2.1640881e+01
   2.1585282e+01
   2.1529382e+01
   2.1473183e+01
   2.1416682e+01
   2.1359880e+01
   2.1302776e+01
   2.1245368e+01
   2.1187657e+01
   2.1129642e+01
   2.1071323e+01
   2.1012698e+01
   2.0953768e+01
   2.0894531e+01
   2.0834988e+01
   2.0775138e+01
   2.0714981e+01
   2.0654515e+01
   2.0593742e+01
   2.0532660e+01
   2.0471270e+01
   2.0409571e+01
   2.0347563e+01
   2.0285245e+01
   2.0222618e+01
   2.0159682e+01
   2.0096437e+01
   2.0032882e+01
   1.9969017e+01
   1.9904844e+01
   1.9840361e+01
   1.9775569e+01
   1.9710469e+01
   1.9645060e+01
   1.9579343e+01
   1.9513319e+01
   1.9446988e+01
   1.9380349e+01
   1.9313405e+01
   1.9246156e+01
   1.9178601e+01
   1.9110743e+01
   1.9042581e+01
   1.8974118e+01
   1.8905353e+01
   1.8836288e+01
   1.8766924e+01
   1.8697261e+01
   1.8627303e+01
   1.8557049e+01
   1.8486501e+01
   1.8415661e+01
   1.8344530e+01
   1.8273110e+01
   1.8201402e+01
   1.8129410e+01
   1.8057133e+01
   1.7984576e+01
   1.7911739e+01
   1.7838625e+01
   1.7765236e+01
   1.7691575e+01
   1.7617645e+01
   1.7543447e+01
   1.7468985e+01
   1.7394262e+01
   1.7319280e+01
   1.7244043e+01
   1.7168553e+01
   1.7092815e+01
   1.7016832e+01
   1.6940607e+01
   1.6864143e+01
   1.6787446e+01
   1.6710518e+01
   1.6633363e+01
   1.6555987e+01
   1.6478392e+01
   1.6400584e+01
   1.6322568e+01
   1.6244347e+01
   1.6165927e+01
   1.6087313e+01
   1.6008509e+01
   1.5929522e+01
   1.5850356e+01
   1.5771017e+01
   1.5691510e+01
   1.5611842e+01
   1.5532018e+01
   1.5452045e+01
   1.5371927e+01
   1.5291673e+01
   1.5211288e+01
   1.5130779e+01
   1.5050153e+01
   1.4969416e+01
   1.4888576e+01
   1.4807639e+01
   1.4726614e+01
   1.4645506e+01
   1.4564325e+01
   1.4483077e+01
   1.4401770e+01
   1.4320412e+01
   1.4239012e+01
   1.4157577e+01
   1.4076115e+01
   1.3994636e+01
   1.3913146e+01
   1.3831656e+01
   1.3750173e+01
   1.3668706e+01
   1.3587265e+01
   1.3505858e+01
   1.3424494e+01
   1.3343182e+01
   1.3261932e+01
   1.3180752e+01
   1.3099652e+01
   1.3018642e+01
   1.2937730e+01
   1.2856927e+01
   1.2776242e+01
   1.2695684e+01
   1.2615263e+01
   1.2534988e+01
   1.2454870e+01
   1.2374918e+01
   1.2295141e+01
   1.2215550e+01
   1.2136153e+01
   1.2056962e+01
   1.1977984e+01
   1.1899230e+01
   1.1820710e+01
   1.1742433e+01
   1.1664408e+01
   1.1586645e+01
   1.1509154e+01
   1.1431943e+01
   1.1355022e+01
   1.1278400e+01
   1.1202086e+01
   1.1126090e+01
   1.1050420e+01
   1.0975084e+01
   1.0900093e+01
   1.0825453e+01
   1.0751174e+01
   1.0677264e+01
   1.0603731e+01
   1.0530583e+01
   1.0457829e+01
   1.0385475e+01
   1.0313530e+01
   1.0242000e+01
   1.0170894e+01
   1.0100218e+01
   1.0029979e+01
   9.9601838e+00
   9.8908391e+00
   9.8219512e+00
   9.7535263e+00
   9.6855704e+00
   9.6180891e+00
   9.5510882e+00
   9.4845730e+00
   9.4185487e+00
   9.3530202e+00
   9.2879923e+00
   9.2234695e+00
   9.1594562e+00
   9.0959565e+00
   9.0329743e+00
   8.9705134e+00
   8.9085770e+00
   8.8471686e+00
   8.7862912e+00
   8.7259476e+00
   8.6661405e+00
   8.6068722e+00
   8.5481449e+00
   8.4899607e+00
   8.4323212e+00
   8.3752282e+00
   8.3186828e+00
   8.2626864e+00
   8.2072397e+00
   8.1523437e+00
   8.0979988e+00
   8.0442054e+00
   7.9909638e+00
   7.9382737e+00
   7.8861352e+00
   7.8345477e+00
   7.7835107e+00
   7.7330236e+00
   7.6830853e+00
   7.6336948e+00
   7.5848508e+00
   7.5365521e+00
   7.4887969e+00
   7.4415836e+00
   7.3949103e+00
   7.3487751e+00
   7.3031758e+00
   7.2581100e+00
   7.2135755e+00
   7.1695696e+00
   7.1260898e+00
   7.0831331e+00
   7.0406968e+00
   6.9987778e+00
   6.9573730e+00
   6.9164791e+00
   6.8760930e+00
   6.8362111e+00
   6.7968300e+00
   6.7579461e+00
   6.7195557e+00
   6.6816550e+00
   6.6442404e+00
   6.6073078e+00
   6.5708533e+00
   6.5348729e+00
   6.4993625e+00
   6.4643181e+00
   6.4297353e+00
   6.3956101e+00
   6.3619380e+00
   6.3287148e+00
   6.2959362e+00
   6.2635977e+00
   6.2316950e+00
   6.2002235e+00
   6.1691789e+00
   6.1385566e+00
   6.1083521e+00
   6.0785608e+00
   6.0491783e+00
   6.0202000e+00
   5.9916212e+00
   5.9634376e+00
   5.9356443e+00
   5.9082370e+00
   5.8812110e+00
   5.8545617e+00
   5.8282846e+00
   5.8023751e+00
   5.7768287e+00
   5.7516408e+00
   5.7268069e+00
   5.7023225e+00
   5.6781831e+00
   5.6543842e+00
   5.6309213e+00
   5.6077901e+00
   5.5849860e+00
   5.5625047e+00
   5.5403419e+00
   5.5184932e+00
   5.4969542e+00
   5.4757208e+00
   5.4547885e+00
   5.4341533e+00
   5.4138109e+00
   5.3937571e+00
   5.3739878e+00
   5.3544990e+00
   5.3352865e+00
   5.3163463e+00
   5.2976745e+00
   5.2792671e+00
   5.2611201e+00
   5.2432296e+00
   5.2255920e+00
   5.2082032e+00
   5.1910596e+00
   5.1741575e+00
   5.1574931e+00
   5.1410627e+00
   5.1248629e+00
   5.1088900e+00
   5.0931405e+00
   5.0776108e+00
   5.0622977e+00
   5.0471975e+00
   5.0323071e+00
   5.0176230e+00
   5.0031419e+00
   4.9888607e+00
   4.9747761e+00
   4.9608849e+00
   4.9471841e+00
   4.9336705e+00
   4.9203411e+00
   4.9071929e+00
   4.8942229e+00
   4.8814282e+00
   4.8688060e+00
   4.8563533e+00
   4.8440674e+00
   4.8319456e+00
   4.8199850e+00
   4.8081830e+00
   4.7965369e+00
   4.7850442e+00
   4.7737022e+00
   4.7625085e+00
   4.7514605e+00
   4.7405557e+00
   4.7297917e+00
   4.7191662e+00
   4.7086768e+00
   4.6983212e+00
   4.6880970e+00
   4.6780021e+00
   4.6680342e+00
   4.6581911e+00
   4.6484707e+00
   4.6388709e+00
   4.6293896e+00
   4.6200248e+00
   4.6107744e+00
   4.6016365e+00
   4.5926090e+00
   4.5836902e+00
   4.5748781e+00
   4.5661708e+00
   4.5575665e+00
   4.5490634e+00
   4.5406598e+00
   4.5323539e+00
   4.5241440e+00
   4.5160284e+00
   4.5080055e+00
   4.5000736e+00
   4.4922311e+00
   4.4844765e+00
   4.4768082e+00
   4.4692248e+00
   4.4617246e+00
   4.4543062e+00
   4.4469683e+00
   4.4397093e+00
   4.4325279e+00
   4.4254226e+00
   4.4183923e+00
   4.4114354e+00
   4.4045508e+00
   4.3977372e+00
   4.3909932e+00
   4.3843178e+00
   4.3777095e+00
   4.3711673e+00
   4.3646900e+00
   4.3582764e+00
   4.3519255e+00
   4.3456360e+00
   4.3394069e+00
   4.3332372e+00
   4.3271257e+00
   4.3210715e+00
   4.3150735e+00
   4.3091308e+00
   4.3032423e+00
   4.2974071e+00
   4.2916242e+00
   4.2858928e+00
   4.2802119e+00
   4.2745806e+00
   4.2689981e+00
   4.2634634e+00
   4.2579758e+00
   4.2525344e+00
   4.2471384e+00
   4.2417869e+00
   4.2364793e+00
   4.2312147e+00
   4.2259923e+00
   4.2208115e+00
   4.2156715e+00
   4.2105715e+00
   4.2055110e+00
   4.2004891e+00
   4.1955052e+00
   4.1905587e+00
   4.1856488e+00
   4.1807750e+00
   4.1759366e+00
   4.1711331e+00
   4.1663637e+00
   4.1616279e+00
   4.1569251e+00
   4.1522548e+00
   4.1476163e+00
   4.1430092e+00
   4.1384328e+00
   4.1338867e+00
   4.1293703e+00
   4.1248832e+00
   4.1204248e+00
   4.1159946e+00
   4.1115921e+00
   4.1072169e+00
   4.1028685e+00
   4.0985464e+00
   4.0942502e+00
   4.0899795e+00
   4.0857338e+00
   4.0815127e+00
   4.0773158e+00
   4.0731426e+00
   4.0689928e+00
   4.0648660e+00
   4.0607618e+00
   4.0566798e+00
   4.0526197e+00
   4.0485810e+00
   4.0445635e+00
   4.0405667e+00
   4.0365903e+00
   4.0326341e+00
   4.0286976e+00
   4.0247805e+00
   4.0208826e+00
   4.0170035e+00
   4.0131428e+00
   4.0093004e+00
   4.0054758e+00
   4.0016689e+00
   3.9978793e+00
   3.9941068e+00
   3.9903510e+00
   3.9866117e+00
   3.9828887e+00
   3.9791817e+00
   3.9754904e+00
   3.9718145e+00
   3.9681540e+00
   3.9645084e+00
   3.9608776e+00
   3.9572613e+00
   3.9536593e+00
   3.9500715e+00
   3.9464975e+00
   3.9429371e+00
   3.9393902e+00
   3.9358566e+00
   3.9323360e+00
   3.9288282e+00
   3.9253331e+00
   3.9218505e+00
   3.9183801e+00
   3.9149218e+00
   3.9114755e+00
   3.9080408e+00
   3.9046178e+00
   3.9012061e+00
   3.8978056e+00
   3.8944163e+00
   3.8910378e+00
   3.8876701e+00
   3.8843129e+00
   3.8809663e+00
   3.8776299e+00
   3.8743036e+00
   3.8709874e+00
   3.8676810e+00
   3.8643844e+00
   3.8610973e+00
   3.8578197e+00
   3.8545515e+00
   3.8512924e+00
   3.8480425e+00
   3.8448014e+00
   3.8415693e+00
   3.8383458e+00
   3.8351310e+00
   3.8319246e+00
   3.8287266e+00
   3.8255369e+00
   3.8223554e+00
   3.8191819e+00
   3.8160163e+00
   3.8128586e+00
   3.8097087e+00
   3.8065664e+00
   3.8034317e+00
   3.8003044e+00
   3.7971845e+00
   3.7940719e+00
   3.7909665e+00
   3.7878682e+00
   3.7847769e+00
   3.7816926e+00
   3.7786151e+00
   3.7755444e+00
   3.7724804e+00
   3.7694230e+00
   3.7663721e+00
   3.7633277e+00
   3.7602897e+00
   3.7572580e+00
   3.7542326e+00
   3.7512133e+00
   3.7482002e+00
   3.7451930e+00
   3.7421919e+00
   3.7391967e+00
   3.7362073e+00
   3.7332237e+00
   3.7302459e+00
   3.7272737e+00
   3.7243071e+00
   3.7213461e+00
   3.7183906e+00
   3.7154405e+00
   3.7124957e+00
   3.7095563e+00
   3.7066222e+00
   3.7036933e+00
   3.7007696e+00
   3.6978510e+00
   3.6949375e+00
   3.6920290e+00
   3.6891255e+00
   3.6862269e+00
   3.6833332e+00
   3.6804444e+00
   3.6775603e+00
   3.6746810e+00
   3.6718064e+00
   3.6689365e+00
   3.6660712e+00
   3.6632105e+00
   3.6603544e+00
   3.6575027e+00
   3.6546556e+00
   3.6518129e+00
   3.6489745e+00
   3.6461406e+00
   3.6433109e+00
   3.6404856e+00
   3.6376645e+00
   3.6348476e+00
   3.6320350e+00
   3.6292265e+00
   3.6264221e+00
   3.6236218e+00
   3.6208256e+00
   3.6180334e+00
   3.6152452e+00
   3.6124610e+00
   3.6096807e+00
   3.6069044e+00
   3.6041320e+00
   3.6013634e+00
   3.5985986e+00
   3.5958377e+00
   3.5930805e+00
   3.5903271e+00
   3.5875775e+00
   3.5848315e+00
   3.5820893e+00
   3.5793507e+00
   3.5766157e+00
   3.5738844e+00
   3.5711566e+00
   3.5684324e+00
   3.5657118e+00
   3.5629947e+00
   3.5602811e+00
   3.5575709e+00
   3.5548643e+00
   3.5521610e+00
   3.5494613e+00
   3.5467649e+00
   3.5440719e+00
   3.5413822e+00
   3.5386959e+00
   3.5360130e+00
   3.5333333e+00
   3.5306569e+00
   3.5279839e+00
   3.5253140e+00
   3.5226474e+00
   3.5199841e+00
   3.5173239e+00
   3.5146670e+00
   3.5120132e+00
   3.5093626e+00
   3.5067151e+00
   3.5040707e+00
   3.5014295e+00
   3.4987914e+00
   3.4961563e+00
   3.4935243e+00
   3.4908954e+00
   3.4882695e+00
   3.4856467e+00
   3.4830269e+00
   3.4804100e+00
   3.4777962e+00
   3.4751853e+00
   3.4725774e+00
   3.4699725e+00
   3.4673705e+00
   3.4647714e+00
   3.4621752e+00
   3.4595820e+00
   3.4569916e+00
   3.4544041e+00
   3.4518195e+00
   3.4492377e+00
   3.4466588e+00
   3.4440827e+00
   3.4415094e+00
   3.4389390e+00
   3.4363714e+00
   3.4338065e+00
   3.4312445e+00
   3.4286852e+00
   3.4261286e+00
   3.4235749e+00
   3.4210238e+00
   3.4184755e+00
   3.4159300e+00
   3.4133871e+00
   3.4108470e+00
   3.4083095e+00
   3.4057748e+00
   3.4032427e+00
   3.4007133e+00
   3.3981865e+00
   3.3956624e+00
   3.3931410e+00
   3.3906222e+00
   3.3881060e+00
   3.3855924e+00
   3.3830815e+00
   3.3805731e+00
   3.3780674e+00
   3.3755642e+00
   3.3730637e+00
   3.3705657e+00
   3.3680702e+00
   3.3655774e+00
   3.3630870e+00
   3.3605993e+00
   3.3581140e+00
   3.3556313e+00
   3.3531511e+00
   3.3506735e+00
   3.3481983e+00
   3.3457257e+00
   3.3432555e+00
   3.3407879e+00
   3.3383227e+00
   3.3358600e+00
   3.3333998e+00
   3.3309420e+00
   3.3284867e+00
   3.3260338e+00
   3.3235834e+00
   3.3211355e+00
   3.3186899e+00
   3.3162468e+00
   3.3138061e+00
   3.3113679e+00
   3.3089320e+00
   3.3064985e+00
   3.3040675e+00
   3.3016388e+00
   3.2992126e+00
   3.2967887e+00
   3.2943672e+00
   3.2919480e+00
   3.2895312e+00
   3.2871168e+00
   3.2847048e+00
   3.2822951e+00
   3.2798877e+00
   3.2774827e+00
   3.2750800e+00
   3.2726796e+00
   3.2702816e+00
   3.2678859e+00
   3.2654925e+00
   3.2631014e+00
   3.2607126e+00
   3.2583261e+00
   3.2559419e+00
   3.2535600e+00
   3.2511804e+00
   3.2488031e+00
   3.2464280e+00
   3.2440552e+00
   3.2416847e+00
   3.2393165e+00
   3.2369505e+00
   3.2345867e+00
   3.2322253e+00
   3.2298660e+00
   3.2275090e+00
   3.2251542e+00
   3.2228017e+00
   3.2204514e+00
   3.2181033e+00
   3.2157575e+00
   3.2134138e+00
   3.2110724e+00
   3.2087332e+00
   3.2063961e+00
   3.2040613e+00
   3.2017287e+00
   3.1993982e+00
   3.1970700e+00
   3.1947439e+00
   3.1924200e+00
   3.1900983e+00
   3.1877788e+00
   3.1854614e+00
   3.1831462e+00
   3.1808331e+00
   3.1785222e+00
   3.1762135e+00
   3.1739069e+00
   3.1716024e+00
   3.1693001e+00
   3.1670000e+00
   3.1647019e+00
   3.1624060e+00
   3.1601122e+00
   3.1578206e+00
   3.1555310e+00
   3.1532436e+00
   3.1509583e+00
   3.1486751e+00
   3.1463940e+00
   3.1441150e+00
   3.1418381e+00
   3.1395633e+00
   3.1372905e+00
   3.1350199e+00
   3.1327514e+00
   3.1304849e+00
   3.1282205e+00
   3.1259582e+00
   3.1236980e+00
   3.1214398e+00
   3.1191837e+00
   3.1169296e+00
   3.1146777e+00
   3.1124277e+00
   3.1101798e+00
   3.1079340e+00
   3.1056902e+00
   3.1034484e+00
   3.1012087e+00
   3.0989711e+00
   3.0967354e+00
   3.0945018e+00
   3.0922702e+00
   3.0900406e+00
   3.0878131e+00
   3.0855875e+00
   3.0833640e+00
   3.0811425e+00
   3.0789230e+00
   3.0767055e+00
   3.0744900e+00
   3.0722765e+00
   3.0700650e+00
   3.0678555e+00
   3.0656480e+00
   3.0634424e+00
   3.0612389e+00
   3.0590373e+00
   3.0568377e+00
   3.0546401e+00
   3.0524444e+00
   3.0502507e+00
   3.0480590e+00
   3.0458692e+00
   3.0436814e+00
   3.0414956e+00
   3.0393117e+00
   3.0371298e+00
   3.0349498e+00
   3.0327717e+00
   3.0305956e+00
   3.0284215e+00
   3.0262493e+00
   3.0240790e+00
   3.0219106e+00
   3.0197442e+00
   3.0175797e+00
   3.0154171e+00
   3.0132564e+00
   3.0110977e+00
   3.0089409e+00
   3.0067860e+00
   3.0046330e+00
   3.0024819e+00
   3.0003327e+00
   2.9981854e+00
   2.9960400e+00
   2.9938965e+00
   2.9917549e+00
   2.9896152e+00
   2.9874774e+00
   2.9853414e+00
   2.9832074e+00
   2.9810752e+00
   2.9789449e+00
   2.9768165e+00
   2.9746899e+00
   2.9725652e+00
   2.9704424e+00
   2.9683215e+00
   2.9662024e+00
   2.9640852e+00
   2.9619698e+00
   2.9598563e+00
   2.9577446e+00
   2.9556348e+00
   2.9535269e+00
   2.9514207e+00
   2.9493165e+00
   2.9472140e+00
   2.9451134e+00
   2.9430147e+00
   2.9409177e+00
   2.9388226e+00
   2.9367294e+00
   2.9346379e+00
   2.9325483e+00
   2.9304605e+00
   2.9283745e+00
   2.9262903e+00
   2.9242079e+00
   2.9221274e+00
   2.9200486e+00
   2.9179717e+00
   2.9158966e+00
   2.9138232e+00
   2.9117517e+00
   2.9096820e+00
   2.9076140e+00
   2.9055478e+00
   2.9034835e+00
   2.9014209e+00
   2.8993601e+00
   2.8973011e+00
   2.8952438e+00
   2.8931884e+00
   2.8911347e+00
   2.8890828e+00
   2.8870327e+00
   2.8849843e+00
   2.8829377e+00
   2.8808928e+00
   2.8788497e+00
   2.8768084e+00
   2.8747689e+00
   2.8727310e+00
   2.8706950e+00
   2.8686607e+00
   2.8666281e+00
   2.8645973e+00
   2.8625682e+00
   2.8605409e+00
   2.8585153e+00
   2.8564914e+00
   2.8544693e+00
   2.8524489e+00
   2.8504302e+00
   2.8484133e+00
   2.8463981e+00
   2.8443846e+00
   2.8423728e+00
   2.8403628e+00
   2.8383544e+00
   2.8363478e+00
   2.8343429e+00
   2.8323397e+00
   2.8303382e+00
   2.8283384e+00
   2.8263403e+00
   2.8243439e+00
   2.8223493e+00
   2.8203563e+00
   2.8183650e+00
   2.8163754e+00
   2.8143875e+00
   2.8124013e+00
   2.8104167e+00
   2.8084339e+00
   2.8064527e+00
   2.8044732e+00
   2.8024954e+00
   2.8005193e+00
   2.7985448e+00
   2.7965720e+00
   2.7946009e+00
   2.7926315e+00
   2.7906637e+00
   2.7886976e+00
   2.7867331e+00
   2.7847703e+00
   2.7828092e+00
   2.7808497e+00
   2.7788919e+00
   2.7769357e+00
   2.7749811e+00
   2.7730282e+00
   2.7710770e+00
   2.7691274e+00
   2.7671794e+00
   2.7652331e+00
   2.7632884e+00
   2.7613454e+00
   2.7594040e+00
   2.7574642e+00
   2.7555260e+00
   2.7535895e+00
   2.7516546e+00
   2.7497213e+00
   2.7477897e+00
   2.7458596e+00
   2.7439312e+00
   2.7420044e+00
   2.7400792e+00
   2.7381556e+00
   2.7362337e+00
   2.7343133e+00
   2.7323945e+00
   2.7304774e+00
   2.7285618e+00
   2.7266479e+00
   2.7247355e+00
   2.7228247e+00
   2.7209156e+00
   2.7190080e+00
   2.7171020e+00
   2.7151976e+00
   2.7132948e+00
   2.7113936e+00
   2.7094939e+00
   2.7075959e+00
   2.7056994e+00
   2.7038045e+00
   2.7019111e+00
   2.7000194e+00
   2.6981292e+00
   2.6962405e+00
   2.6943535e+00
   2.6924680e+00
   2.6905841e+00
   2.6887017e+00
   2.6868209e+00
   2.6849417e+00
   2.6830640e+00
   2.6811878e+00
   2.6793132e+00
   2.6774402e+00
   2.6755687e+00
   2.6736988e+00
   2.6718304e+00
   2.6699635e+00
   2.6680982e+00
   2.6662345e+00
   2.6643722e+00
   2.6625116e+00
   2.6606524e+00
   2.6587948e+00
   2.6569387e+00
   2.6550841e+00
   2.6532311e+00
   2.6513796e+00
   2.6495296e+00
   2.6476811e+00
   2.6458341e+00
   2.6439887e+00
   2.6421448e+00
   2.6403024e+00
   2.6384615e+00
   2.6366221e+00
   2.6347843e+00
   2.6329479e+00
   2.6311131e+00
   2.6292797e+00
   2.6274479e+00
   2.6256175e+00
   2.6237887e+00
   2.6219613e+00
   2.6201355e+00
   2.6183111e+00
   2.6164883e+00
   2.6146669e+00
   2.6128470e+00
   2.6110286e+00
   2.6092117e+00
   2.6073963e+00
   2.6055823e+00
   2.6037698e+00
   2.6019589e+00
   2.6001493e+00
   2.5983413e+00
   2.5965347e+00
   2.5947296e+00
   2.5929260e+00
   2.5911239e+00
   2.5893232e+00
   2.5875239e+00
   2.5857262e+00
   2.5839299e+00
   2.5821350e+00
   2.5803417e+00
   2.5785497e+00
   2.5767593e+00
   2.5749703e+00
   2.5731827e+00
   2.5713966e+00
   2.5696119e+00
   2.5678287e+00
   2.5660469e+00
   2.5642666e+00
   2.5624877e+00
   2.5607103e+00
   2.5589343e+00
   2.5571597e+00
   2.5553865e+00
   2.5536148e+00
   2.5518446e+00
   2.5500757e+00
   2.5483083e+00
   2.5465423e+00
   2.5447778e+00
   2.5430146e+00
   2.5412529e+00
   2.5394926e+00
   2.5377338e+00
   2.5359763e+00
   2.5342203e+00
   2.5324657e+00
   2.5307125e+00
   2.5289607e+00
   2.5272103e+00
   2.5254613e+00
   2.5237137e+00
   2.5219676e+00
   2.5202228e+00
   2.5184794e+00
   2.5167375e+00
   2.5149969e+00
   2.5132577e+00
   2.5115200e+00
   2.5097836e+00
   2.5080486e+00
   2.5063150e+00
   2.5045828e+00
   2.5028520e+00
   2.5011226e+00
   2.4993945e+00
   2.4976679e+00
   2.4959426e+00
   2.4942187e+00
   2.4924962e+00
   2.4907751e+00
   2.4890553e+00
   2.4873369e+00
   2.4856199e+00
   2.4839043e+00
   2.4821900e+00
   2.4804771e+00
   2.4787655e+00
   2.4770554e+00
   2.4753466e+00
   2.4736391e+00
   2.4719330e+00
   2.4702283e+00
   2.4685249e+00
   2.4668229e+00
   2.4651223e+00
   2.4634230e+00
   2.4617250e+00
   2.4600284e+00
   2.4583332e+00
   2.4566393e+00
   2.4549467e+00
   2.4532555e+00
   2.4515657e+00
   2.4498771e+00
   2.4481899e+00
   2.4465041e+00
   2.4448196e+00
   2.4431364e+00
   2.4414546e+00
   2.4397741e+00
   2.4380949e+00
   2.4364171e+00
   2.4347406e+00
   2.4330654e+00
   2.4313915e+00
   2.4297190e+00
   2.4280478e+00
   2.4263779e+00
   2.4247093e+00
   2.4230421e+00
   2.4213761e+00
   2.4197115e+00
   2.4180482e+00
   2.4163862e+00
   2.4147255e+00
   2.4130662e+00
   2.4114081e+00
   2.4097514e+00
   2.4080959e+00
   2.4064418e+00
   2.4047890e+00
   2.4031374e+00
   2.4014872e+00
   2.3998383e+00
   2.3981906e+00
   2.3965443e+00
   2.3948993e+00
   2.3932555e+00
   2.3916131e+00
   2.3899719e+00
   2.3883320e+00
   2.3866934e+00
   2.3850561e+00
   2.3834201e+00
   2.3817854e+00
   2.3801519e+00
   2.3785198e+00
   2.3768889e+00
   2.3752593e+00
   2.3736310e+00
   2.3720039e+00
   2.3703781e+00
   2.3687536e+00
   2.3671304e+00
   2.3655085e+00
   2.3638878e+00
   2.3622683e+00
   2.3606502e+00
   2.3590333e+00
   2.3574177e+00
   2.3558033e+00
   2.3541902e+00
   2.3525784e+00
   2.3509678e+00
   2.3493585e+00
   2.3477504e+00
   2.3461436e+00
   2.3445380e+00
   2.3429337e+00
   2.3413307e+00
   2.3397289e+00
   2.3381283e+00
   2.3365290e+00
   2.3349310e+00
   2.3333341e+00
   2.3317386e+00
   2.3301442e+00
   2.3285511e+00
   2.3269593e+00
   2.3253687e+00
   2.3237793e+00
   2.3221912e+00
   2.3206043e+00
   2.3190186e+00
   2.3174341e+00
   2.3158509e+00
   2.3142689e+00
   2.3126882e+00
   2.3111087e+00
   2.3095304e+00
   2.3079533e+00
   2.3063774e+00
   2.3048028e+00
   2.3032294e+00
   2.3016572e+00
   2.3000862e+00
   2.2985165e+00
   2.2969479e+00
   2.2953806e+00
   2.2938145e+00
   2.2922496e+00
   2.2906859e+00
   2.2891234e+00
   2.2875621e+00
   2.2860020e+00
   2.2844432e+00
   2.2828855e+00
   2.2813291e+00
   2.2797738e+00
   2.2782198e+00
   2.2766669e+00
   2.2751152e+00
   2.2735648e+00
   2.2720155e+00
   2.2704675e+00
   2.2689206e+00
   2.2673749e+00
   2.2658304e+00
   2.2642871e+00
   2.2627450e+00
   2.2612041e+00
   2.2596643e+00
   2.2581258e+00
   2.2565884e+00
   2.2550522e+00
   2.2535172e+00
   2.2519834e+00
   2.2504507e+00
   2.2489192e+00
   2.2473889e+00
   2.2458598e+00
   2.2443319e+00
   2.2428051e+00
   2.2412795e+00
   2.2397551e+00
   2.2382318e+00
   2.2367097e+00
   2.2351888e+00
   2.2336690e+00
   2.2321505e+00
   2.2306330e+00
   2.2291168e+00
   2.2276016e+00
   2.2260877e+00
   2.2245749e+00
   2.2230633e+00
   2.2215528e+00
   2.2200435e+00
   2.2185353e+00
   2.2170283e+00
   2.2155225e+00
   2.2140178e+00
   2.2125142e+00
   2.2110118e+00
   2.2095105e+00
   2.2080104e+00
   2.2065115e+00
   2.2050136e+00
   2.2035169e+00
   2.2020214e+00
   2.2005270e+00
   2.1990337e+00
   2.1975416e+00
   2.1960506e+00
   2.1945608e+00
   2.1930721e+00
   2.1915845e+00
   2.1900981e+00
   2.1886127e+00
   2.1871286e+00
   2.1856455e+00
   2.1841636e+00
   2.1826828e+00
   2.1812031e+00
   2.1797246e+00
   2.1782471e+00
   2.1767708e+00
   2.1752956e+00
   2.1738216e+00
   2.1723487e+00
   2.1708768e+00
   2.1694061e+00
   2.1679365e+00
   2.1664681e+00
   2.1650007e+00
   2.1635345e+00
   2.1620693e+00
   2.1606053e+00
   2.1591424e+00
   2.1576806e+00
   2.1562199e+00
   2.1547603e+00
   2.1533018e+00
   2.1518444e+00
   2.1503882e+00
   2.1489330e+00
   2.1474789e+00
   2.1460259e+00
   2.1445741e+00
   2.1431233e+00
   2.1416736e+00
   2.1402250e+00
   2.1387775e+00
   2.1373311e+00
   2.1358858e+00
   2.1344416e+00
   2.1329985e+00
   2.1315565e+00
   2.1301155e+00
   2.1286756e+00
   2.1272369e+00
   2.1257992e+00
   2.1243626e+00
   2.1229271e+00
   2.1214926e+00
   2.1200593e+00
   2.1186270e+00
   2.1171958e+00
   2.1157657e+00
   2.1143366e+00
   2.1129087e+00
   2.1114818e+00
   2.1100560e+00
   2.1086312e+00
   2.1072075e+00
   2.1057849e+00
   2.1043634e+00
   2.1029429e+00
   2.1015235e+00
   2.1001052e+00
   2.0986879e+00
   2.0972717e+00
   2.0958566e+00
   2.0944425e+00
   2.0930295e+00
   2.0916176e+00
   2.0902067e+00
   2.0887968e+00
   2.0873880e+00
   2.0859803e+00
   2.0845736e+00
   2.0831680e+00
   2.0817635e+00
   2.0803600e+00
   2.0789575e+00
   2.0775561e+00
   2.0761558e+00
   2.0747564e+00
   2.0733582e+00
   2.0719610e+00
   2.0705648e+00
   2.0691697e+00
   2.0677756e+00
   2.0663826e+00
   2.0649906e+00
   2.0635996e+00
   2.0622097e+00
   2.0608208e+00
   2.0594330e+00
   2.0580462e+00
   2.0566604e+00
   2.0552756e+00
   2.0538919e+00
   2.0525093e+00
   2.0511276e+00
   2.0497470e+00
   2.0483675e+00
   2.0469889e+00
   2.0456114e+00
   2.0442349e+00
   2.0428594e+00
   2.0414850e+00
   2.0401116e+00
   2.0387392e+00
   2.0373678e+00
   2.0359974e+00
   2.0346281e+00
   2.0332598e+00
   2.0318925e+00
   2.0305262e+00
   2.0291609e+00
   2.0277967e+00
   2.0264335e+00
   2.0250712e+00
   2.0237100e+00
   2.0223498e+00
   2.0209906e+00
   2.0196325e+00
   2.0182753e+00
   2.0169191e+00
   2.0155640e+00
   2.0142098e+00
   2.0128567e+00
   2.0115045e+00
   2.0101534e+00
   2.0088033e+00
   2.0074541e+00
   2.0061060e+00
   2.0047589e+00
   2.0034127e+00
   2.0020676e+00
   2.0007235e+00
   1.9993803e+00
   1.9980382e+00
   1.9966970e+00
   1.9953568e+00
   1.9940177e+00
   1.9926795e+00
   1.9913423e+00
   1.9900061e+00
   1.9886709e+00
   1.9873367e+00
   1.9860034e+00
   1.9846712e+00
   1.9833399e+00
   1.9820096e+00
   1.9806803e+00
   1.9793520e+00
   1.9780246e+00
   1.9766983e+00
   1.9753729e+00
   1.9740485e+00
   1.9727251e+00
   1.9714026e+00
   1.9700811e+00
   1.9687606e+00
   1.9674411e+00
   1.9661226e+00
   1.9648050e+00
   1.9634884e+00
   1.9621727e+00
   1.9608580e+00
   1.9595443e+00
   1.9582316e+00
   1.9569198e+00
   1.9556090e+00
   1.9542992e+00
   1.9529903e+00
   1.9516824e+00
   1.9503755e+00
   1.9490695e+00
   1.9477645e+00
   1.9464604e+00
   1.9451573e+00
   1.9438551e+00
   1.9425539e+00
   1.9412537e+00
   1.9399544e+00
   1.9386561e+00
   1.9373587e+00
   1.9360623e+00
   1.9347668e+00
   1.9334723e+00
   1.9321787e+00
   1.9308861e+00
   1.9295944e+00
   1.9283037e+00
   1.9270139e+00
   1.9257251e+00
   1.9244372e+00
   1.9231503e+00
   1.9218643e+00
   1.9205792e+00
   1.9192951e+00
   1.9180119e+00
   1.9167297e+00
   1.9154484e+00
   1.9141680e+00
   1.9128886e+00
   1.9116101e+00
   1.9103326e+00
   1.9090560e+00
   1.9077803e+00
   1.9065055e+00
   1.9052317e+00
   1.9039588e+00
   1.9026869e+00
   1.9014159e+00
   1.9001458e+00
   1.8988766e+00
   1.8976084e+00
   1.8963410e+00
   1.8950747e+00
   1.8938092e+00
   1.8925447e+00
   1.8912810e+00
   1.8900183e+00
   1.8887566e+00
   1.8874957e+00
   1.8862358e+00
   1.8849768e+00
   1.8837187e+00
   1.8824615e+00
   1.8812052e+00
   1.8799499e+00
   1.8786955e+00
   1.8774419e+00
   1.8761893e+00
   1.8749376e+00
   1.8736869e+00
   1.8724370e+00
   1.8711880e+00
   1.8699400e+00
   1.8686928e+00
   1.8674466e+00
   1.8662013e+00
   1.8649568e+00
   1.8637133e+00
   1.8624707e+00
   1.8612290e+00
   1.8599882e+00
   1.8587483e+00
   1.8575093e+00
   1.8562712e+00
   1.8550340e+00
   1.8537977e+00
   1.8525622e+00
   1.8513277e+00
   1.8500941e+00
   1.8488614e+00
   1.8476296e+00
   1.8463986e+00
   1.8451686e+00
   1.8439395e+00
   1.8427112e+00
   1.8414838e+00
   1.8402574e+00
   1.8390318e+00
   1.8378071e+00
   1.8365833e+00
   1.8353603e+00
   1.8341383e+00
   1.8329172e+00
   1.8316969e+00
   1.8304775e+00
   1.8292590e+00
   1.8280414e+00
   1.8268247e+00
   1.8256088e+00
   1.8243938e+00
   1.8231797e+00
   1.8219665e+00
   1.8207542e+00
   1.8195427e+00
   1.8183321e+00
   1.8171224e+00
   1.8159136e+00
   1.8147056e+00
   1.8134985e+00
   1.8122923e+00
   1.8110869e+00
   1.8098825e+00
   1.8086788e+00
   1.8074761e+00
   1.8062742e+00
   1.8050732e+00
   1.8038731e+00
   1.8026738e+00
   1.8014754e+00
   1.8002779e+00
   1.7990812e+00
   1.7978854e+00
   1.7966904e+00
   1.7954963e+00
   1.7943031e+00
   1.7931107e+00
   1.7919192e+00
   1.7907286e+00
   1.7895388e+00
   1.7883498e+00
   1.7871618e+00
   1.7859745e+00
   1.7847882e+00
   1.7836026e+00
   1.7824180e+00
   1.7812342e+00
   1.7800512e+00
   1.7788691e+00
   1.7776878e+00
   1.7765074e+00
   1.7753279e+00
   1.7741492e+00
   1.7729713e+00
   1.7717943e+00
   1.7706181e+00
   1.7694428e+00
   1.7682683e+00
   1.7670947e+00
   1.7659219e+00
   1.7647499e+00
   1.7635788e+00
   1.7624086e+00
   1.7612391e+00
   1.7600705e+00
   1.7589028e+00
   1.7577359e+00
   1.7565698e+00
   1.7554046e+00
   1.7542401e+00
   1.7530766e+00
   1.7519138e+00
   1.7507519e+00
   1.7495909e+00
   1.7484306e+00
   1.7472712e+00
   1.7461127e+00
   1.7449549e+00
   1.7437980e+00
   1.7426419e+00
   1.7414867e+00
   1.7403322e+00
   1.7391786e+00
   1.7380259e+00
   1.7368739e+00
   1.7357228e+00
   1.7345725e+00
   1.7334230e+00
   1.7322743e+00
   1.7311265e+00
   1.7299795e+00
   1.7288333e+00
   1.7276879e+00
   1.7265433e+00
   1.7253996e+00
   1.7242567e+00
   1.7231146e+00
   1.7219733e+00
   1.7208328e+00
   1.7196931e+00
   1.7185543e+00
   1.7174163e+00
   1.7162790e+00
   1.7151426e+00
   1.7140070e+00
   1.7128722e+00
   1.7117383e+00
   1.7106051e+00
   1.7094727e+00
   1.7083412e+00
   1.7072104e+00
   1.7060805e+00
   1.7049514e+00
   1.7038230e+00
   1.7026955e+00
   1.7015688e+00
   1.7004429e+00
   1.6993178e+00
   1.6981935e+00
   1.6970699e+00
   1.6959472e+00
   1.6948253e+00
   1.6937042e+00
   1.6925839e+00
   1.6914644e+00
   1.6903456e+00
   1.6892277e+00
   1.6881106e+00
   1.6869943e+00
   1.6858787e+00
   1.6847640e+00
   1.6836500e+00
   1.6825368e+00
   1.6814245e+00
   1.6803129e+00
   1.6792021e+00
   1.6780921e+00
   1.6769829e+00
   1.6758745e+00
   1.6747668e+00
   1.6736600e+00
   1.6725539e+00
   1.6714486e+00
   1.6703441e+00
   1.6692404e+00
   1.6681375e+00
   1.6670354e+00
   1.6659340e+00
   1.6648334e+00
   1.6637336e+00
   1.6626346e+00
   1.6615364e+00
   1.6604389e+00
   1.6593422e+00
   1.6582463e+00
   1.6571512e+00
   1.6560568e+00
   1.6549633e+00
   1.6538705e+00
   1.6527784e+00
   1.6516872e+00
   1.6505967e+00
   1.6495070e+00
   1.6484181e+00
   1.6473299e+00
   1.6462425e+00
   1.6451559e+00
   1.6440700e+00
   1.6429850e+00
   1.6419006e+00
   1.6408171e+00
   1.6397343e+00
   1.6386523e+00
   1.6375710e+00
   1.6364906e+00
   1.6354108e+00
   1.6343319e+00
   1.6332537e+00
   1.6321762e+00
   1.6310996e+00
   1.6300237e+00
   1.6289485e+00
   1.6278741e+00
   1.6268005e+00
   1.6257276e+00
   1.6246555e+00
   1.6235841e+00
   1.6225135e+00
   1.6214437e+00
   1.6203746e+00
   1.6193063e+00
   1.6182387e+00
   1.6171718e+00
   1.6161058e+00
   1.6150404e+00
   1.6139759e+00
   1.6129120e+00
   1.6118490e+00
   1.6107866e+00
   1.6097251e+00
   1.6086643e+00
   1.6076042e+00
   1.6065448e+00
   1.6054863e+00
   1.6044284e+00
   1.6033713e+00
   1.6023150e+00
   1.6012594e+00
   1.6002045e+00
   1.5991504e+00
   1.5980970e+00
   1.5970444e+00
   1.5959925e+00
   1.5949414e+00
   1.5938909e+00
   1.5928413e+00
   1.5917923e+00
   1.5907441e+00
   1.5896967e+00
   1.5886500e+00
   1.5876040e+00
   1.5865587e+00
   1.5855142e+00
   1.5844704e+00
   1.5834274e+00
   1.5823851e+00
   1.5813435e+00
   1.5803026e+00
   1.5792625e+00
   1.5782231e+00
   1.5771845e+00
   1.5761466e+00
   1.5751094e+00
   1.5740729e+00
   1.5730372e+00
   1.5720021e+00
   1.5709679e+00
   1.5699343e+00
   1.5689015e+00
   1.5678693e+00
   1.5668380e+00
   1.5658073e+00
   1.5647774e+00
   1.5637481e+00
   1.5627196e+00
   1.5616919e+00
   1.5606648e+00
   1.5596385e+00
   1.5586129e+00
   1.5575880e+00
   1.5565638e+00
   1.5555403e+00
   1.5545176e+00
   1.5534956e+00
   1.5524743e+00
   1.5514537e+00
   1.5504338e+00
   1.5494146e+00
   1.5483962e+00
   1.5473784e+00
   1.5463614e+00
   1.5453451e+00
   1.5443295e+00
   1.5433146e+00
   1.5423004e+00
   1.5412869e+00
   1.5402742e+00
   1.5392621e+00
   1.5382508e+00
   1.5372401e+00
   1.5362302e+00
   1.5352210e+00
   1.5342125e+00
   1.5332046e+00
   1.5321975e+00
   1.5311911e+00
   1.5301854e+00
   1.5291804e+00
   1.5281761e+00
   1.5271725e+00
   1.5261696e+00
   1.5251674e+00
   1.5241660e+00
   1.5231652e+00
   1.5221651e+00
   1.5211657e+00
   1.5201670e+00
   1.5191690e+00
   1.5181716e+00
   1.5171750e+00
   1.5161791e+00
   1.5151839e+00
   1.5141894e+00
   1.5131955e+00
   1.5122024e+00
   1.5112100e+00
   1.5102182e+00
   1.5092271e+00
   1.5082368e+00
   1.5072471e+00
   1.5062581e+00
   1.5052698e+00
   1.5042822e+00
   1.5032953e+00
   1.5023090e+00
   1.5013235e+00
   1.5003386e+00
   1.4993544e+00
   1.4983709e+00
   1.4973881e+00
   1.4964060e+00
   1.4954246e+00
   1.4944438e+00
   1.4934637e+00
   1.4924843e+00
   1.4915056e+00
   1.4905276e+00
   1.4895503e+00
   1.4885736e+00
   1.4875976e+00
   1.4866223e+00
   1.4856477e+00
   1.4846737e+00
   1.4837004e+00
   1.4827278e+00
   1.4817559e+00
   1.4807847e+00
   1.4798141e+00
   1.4788442e+00
   1.4778750e+00
   1.4769064e+00
   1.4759385e+00
   1.4749713e+00
   1.4740048e+00
   1.4730389e+00
   1.4720737e+00
   1.4711092e+00
   1.4701454e+00
   1.4691822e+00
   1.4682197e+00
   1.4672578e+00
   1.4662967e+00
   1.4653362e+00
   1.4643763e+00
   1.4634171e+00
   1.4624586e+00
   1.4615008e+00
   1.4605436e+00
   1.4595871e+00
   1.4586312e+00
   1.4576760e+00
   1.4567215e+00
   1.4557676e+00
   1.4548144e+00
   1.4538619e+00
   1.4529100e+00
   1.4519588e+00
   1.4510082e+00
   1.4500583e+00
   1.4491090e+00
   1.4481604e+00
   1.4472125e+00
   1.4462652e+00
   1.4453186e+00
   1.4443726e+00
   1.4434273e+00
   1.4424827e+00
   1.4415387e+00
   1.4405953e+00
   1.4396526e+00
   1.4387106e+00
   1.4377692e+00
   1.4368284e+00
   1.4358884e+00
   1.4349489e+00
   1.4340101e+00
   1.4330720e+00
   1.4321345e+00
   1.4311977e+00
   1.4302615e+00
   1.4293259e+00
   1.4283910e+00
   1.4274568e+00
   1.4265231e+00
   1.4255902e+00
   1.4246579e+00
   1.4237262e+00
   1.4227952e+00
   1.4218648e+00
   1.4209350e+00
   1.4200059e+00
   1.4190775e+00
   1.4181496e+00
   1.4172225e+00
   1.4162959e+00
   1.4153700e+00
   1.4144448e+00
   1.4135201e+00
   1.4125962e+00
   1.4116728e+00
   1.4107501e+00
   1.4098280e+00
   1.4089066e+00
   1.4079858e+00
   1.4070656e+00
   1.4061461e+00
   1.4052272e+00
   1.4043090e+00
   1.4033913e+00
   1.4024743e+00
   1.4015580e+00
   1.4006422e+00
   1.3997271e+00
   1.3988127e+00
   1.3978988e+00
   1.3969856e+00
   1.3960730e+00
   1.3951611e+00
   1.3942498e+00
   1.3933391e+00
   1.3924290e+00
   1.3915196e+00
   1.3906107e+00
   1.3897026e+00
   1.3887950e+00
   1.3878881e+00
   1.3869817e+00
   1.3860761e+00
   1.3851710e+00
   1.3842665e+00
   1.3833627e+00
   1.3824595e+00
   1.3815569e+00
   1.3806550e+00
   1.3797537e+00
   1.3788529e+00
   1.3779528e+00
   1.3770534e+00
   1.3761545e+00
   1.3752563e+00
   1.3743586e+00
   1.3734616e+00
   1.3725652e+00
   1.3716695e+00
   1.3707743e+00
   1.3698798e+00
   1.3689858e+00
   1.3680925e+00
   1.3671998e+00
   1.3663078e+00
   1.3654163e+00
   1.3645254e+00
   1.3636352e+00
   1.3627455e+00
   1.3618565e+00
   1.3609681e+00
   1.3600803e+00
   1.3591931e+00
   1.3583065e+00
   1.3574205e+00
   1.3565352e+00
   1.3556504e+00
   1.3547662e+00
   1.3538827e+00
   1.3529997e+00
   1.3521174e+00
   1.3512357e+00
   1.3503545e+00
   1.3494740e+00
   1.3485941e+00
   1.3477148e+00
   1.3468361e+00
   1.3459580e+00
   1.3450805e+00
   1.3442036e+00
   1.3433273e+00
   1.3424515e+00
   1.3415764e+00
   1.3407019e+00
   1.3398280e+00
   1.3389547e+00
   1.3380820e+00
   1.3372099e+00
   1.3363384e+00
   1.3354675e+00
   1.3345972e+00
   1.3337274e+00
   1.3328583e+00
   1.3319898e+00
   1.3311218e+00
   1.3302545e+00
   1.3293877e+00
   1.3285216e+00
   1.3276560e+00
   1.3267911e+00
   1.3259267e+00
   1.3250629e+00
   1.3241997e+00
   1.3233371e+00
   1.3224751e+00
   1.3216136e+00
   1.3207528e+00
   1.3198926e+00
   1.3190329e+00
   1.3181738e+00
   1.3173153e+00
   1.3164574e+00
   1.3156001e+00
   1.3147434e+00
   1.3138873e+00
   1.3130317e+00
   1.3121767e+00
   1.3113224e+00
   1.3104686e+00
   1.3096153e+00
   1.3087627e+00
   1.3079106e+00
   1.3070592e+00
   1.3062083e+00
   1.3053580e+00
   1.3045083e+00
   1.3036591e+00
   1.3028105e+00
   1.3019625e+00
   1.3011151e+00
   1.3002683e+00
   1.2994221e+00
   1.2985764e+00
   1.2977313e+00
   1.2968868e+00
   1.2960428e+00
   1.2951994e+00
   1.2943567e+00
   1.2935144e+00
   1.2926728e+00
   1.2918317e+00
   1.2909912e+00
   1.2901513e+00
   1.2893119e+00
   1.2884732e+00
   1.2876350e+00
   1.2867973e+00
   1.2859603e+00
   1.2851238e+00
   1.2842878e+00
   1.2834525e+00
   1.2826177e+00
   1.2817835e+00
   1.2809498e+00
   1.2801168e+00
   1.2792843e+00
   1.2784523e+00
   1.2776209e+00
   1.2767901e+00
   1.2759599e+00
   1.2751302e+00
   1.2743011e+00
   1.2734725e+00
   1.2726445e+00
   1.2718171e+00
   1.2709903e+00
   1.2701640e+00
   1.2693382e+00
   1.2685131e+00
   1.2676884e+00
   1.2668644e+00
   1.2660409e+00
   1.2652180e+00
   1.2643956e+00
   1.2635738e+00
   1.2627526e+00
   1.2619319e+00
   1.2611117e+00
   1.2602922e+00
   1.2594731e+00
   1.2586547e+00
   1.2578368e+00
   1.2570194e+00
   1.2562026e+00
   1.2553864e+00
   1.2545707e+00
   1.2537556e+00
   1.2529410e+00
   1.2521270e+00
   1.2513135e+00
   1.2505006e+00
   1.2496882e+00
   1.2488764e+00
   1.2480652e+00
   1.2472545e+00
   1.2464443e+00
   1.2456347e+00
   1.2448256e+00
   1.2440171e+00
   1.2432092e+00
   1.2424018e+00
   1.2415949e+00
   1.2407886e+00
   1.2399828e+00
   1.2391776e+00
   1.2383729e+00
   1.2375688e+00
   1.2367652e+00
   1.2359622e+00
   1.2351597e+00
   1.2343577e+00
   1.2335563e+00
   1.2327555e+00
   1.2319551e+00
   1.2311554e+00
   1.2303561e+00
   1.2295574e+00
   1.2287593e+00
   1.2279617e+00
   1.2271646e+00
   1.2263681e+00
   1.2255721e+00
   1.2247767e+00
   1.2239817e+00
   1.2231874e+00
   1.2223935e+00
   1.2216003e+00
   1.2208075e+00
   1.2200153e+00
   1.2192236e+00
   1.2184325e+00
   1.2176418e+00
   1.2168518e+00
   1.2160622e+00
   1.2152732e+00
   1.2144848e+00
   1.2136968e+00
   1.2129094e+00
   1.2121226e+00
   1.2113362e+00
   1.2105504e+00
   1.2097651e+00
   1.2089804e+00
   1.2081962e+00
   1.2074125e+00
   1.2066294e+00
   1.2058468e+00
   1.2050647e+00
   1.2042831e+00
   1.2035021e+00
   1.2027216e+00
   1.2019416e+00
   1.2011621e+00
   1.2003832e+00
   1.1996048e+00
   1.1988270e+00
   1.1980496e+00
   1.1972728e+00
   1.1964965e+00
   1.1957208e+00
   1.1949455e+00
   1.1941708e+00
   1.1933966e+00
   1.1926229e+00
   1.1918498e+00
   1.1910772e+00
   1.1903051e+00
   1.1895335e+00
   1.1887624e+00
   1.1879919e+00
   1.1872219e+00
   1.1864524e+00
   1.1856834e+00
   1.1849149e+00
   1.1841470e+00
   1.1833796e+00
   1.1826127e+00
   1.1818463e+00
   1.1810804e+00
   1.1803151e+00
   1.1795502e+00
   1.1787859e+00
   1.1780221e+00
   1.1772588e+00
   1.1764961e+00
   1.1757338e+00
   1.1749721e+00
   1.1742108e+00
   1.1734501e+00
   1.1726899e+00
   1.1719302e+00
   1.1711711e+00
   1.1704124e+00
   1.1696543e+00
   1.1688966e+00
   1.1681395e+00
   1.1673829e+00
   1.1666268e+00
   1.1658712e+00
   1.1651161e+00
   1.1643615e+00
   1.1636074e+00
   1.1628539e+00
   1.1621008e+00
   1.1613482e+00
   1.1605962e+00
   1.1598447e+00
   1.1590936e+00
   1.1583431e+00
   1.1575931e+00
   1.1568436e+00
   1.1560946e+00
   1.1553461e+00
   1.1545981e+00
   1.1538506e+00
   1.1531036e+00
   1.1523571e+00
   1.1516111e+00
   1.1508657e+00
   1.1501207e+00
   1.1493762e+00
   1.1486322e+00
   1.1478888e+00
   1.1471458e+00
   1.1464033e+00
   1.1456613e+00
   1.1449199e+00
   1.1441789e+00
   1.1434384e+00
   1.1426984e+00
   1.1419589e+00
   1.1412200e+00
   1.1404815e+00
   1.1397435e+00
   1.1390060e+00
   1.1382690e+00
   1.1375325e+00
   1.1367965e+00
   1.1360610e+00
   1.1353259e+00
   1.1345914e+00
   1.1338574e+00
   1.1331239e+00
   1.1323908e+00
   1.1316583e+00
   1.1309262e+00
   1.1301946e+00
   1.1294636e+00
   1.1287330e+00
   1.1280029e+00
   1.1272733e+00
   1.1265442e+00
   1.1258156e+00
   1.1250874e+00
   1.1243598e+00
   1.1236326e+00
   1.1229060e+00
   1.1221798e+00
   1.1214541e+00
   1.1207289e+00
   1.1200042e+00
   1.1192800e+00
   1.1185562e+00
   1.1178330e+00
   1.1171102e+00
   1.1163879e+00
   1.1156661e+00
   1.1149448e+00
   1.1142240e+00
   1.1135036e+00
   1.1127838e+00
   1.1120644e+00
   1.1113455e+00
   1.1106271e+00
   1.1099091e+00
   1.1091917e+00
   1.1084747e+00
   1.1077582e+00
   1.1070422e+00
   1.1063267e+00
   1.1056116e+00
   1.1048971e+00
   1.1041830e+00
   1.1034694e+00
   1.1027563e+00
   1.1020436e+00
   1.1013314e+00
   1.1006197e+00
   1.0999085e+00
   1.0991978e+00
   1.0984875e+00
   1.0977777e+00
   1.0970684e+00
   1.0963595e+00
   1.0956512e+00
   1.0949433e+00
   1.0942359e+00
   1.0935289e+00
   1.0928225e+00
   1.0921165e+00
   1.0914109e+00
   1.0907059e+00
   1.0900013e+00
   1.0892972e+00
   1.0885936e+00
   1.0878904e+00
   1.0871877e+00
   1.0864855e+00
   1.0857838e+00
   1.0850825e+00
   1.0843817e+00
   1.0836813e+00
   1.0829814e+00
   1.0822820e+00
   1.0815831e+00
   1.0808846e+00
   1.0801866e+00
   1.0794891e+00
   1.0787920e+00
   1.0780954e+00
   1.0773993e+00
   1.0767036e+00
   1.0760084e+00
   1.0753137e+00
   1.0746194e+00
   1.0739256e+00
   1.0732323e+00
   1.0725394e+00
   1.0718470e+00
   1.0711550e+00
   1.0704635e+00
   1.0697725e+00
   1.0690819e+00
   1.0683918e+00
   1.0677022e+00
   1.0670130e+00
   1.0663243e+00
   1.0656360e+00
   1.0649482e+00
   1.0642609e+00
   1.0635740e+00
   1.0628876e+00
   1.0622016e+00
   1.0615161e+00
   1.0608310e+00
   1.0601464e+00
   1.0594623e+00
   1.0587786e+00
   1.0580954e+00
   1.0574127e+00
   1.0567304e+00
   1.0560485e+00
   1.0553671e+00
   1.0546862e+00
   1.0540057e+00
   1.0533257e+00
   1.0526461e+00
   1.0519670e+00
   1.0512883e+00
   1.0506101e+00
   1.0499323e+00
   1.0492550e+00
   1.0485781e+00
   1.0479017e+00
   1.0472258e+00
   1.0465503e+00
   1.0458752e+00
   1.0452006e+00
   1.0445265e+00
   1.0438528e+00
   1.0431795e+00
   1.0425067e+00
   1.0418343e+00
   1.0411624e+00
   1.0404910e+00
   1.0398200e+00
   1.0391494e+00
   1.0384793e+00
   1.0378096e+00
   1.0371404e+00
   1.0364716e+00
   1.0358033e+00
   1.0351354e+00
   1.0344680e+00
   1.0338010e+00
   1.0331344e+00
   1.0324683e+00
   1.0318027e+00
   1.0311374e+00
   1.0304727e+00
   1.0298083e+00
   1.0291445e+00
   1.0284810e+00
   1.0278180e+00
   1.0271555e+00
   1.0264933e+00
   1.0258317e+00
   1.0251704e+00
   1.0245096e+00
   1.0238493e+00
   1.0231893e+00
   1.0225299e+00
   1.0218708e+00
   1.0212122e+00
   1.0205541e+00
   1.0198964e+00
   1.0192391e+00
   1.0185822e+00
   1.0179258e+00
   1.0172698e+00
   1.0166143e+00
   1.0159592e+00
   1.0153046e+00
   1.0146503e+00
   1.0139965e+00
   1.0133432e+00
   1.0126903e+00
   1.0120378e+00
   1.0113857e+00
   1.0107341e+00
   1.0100829e+00
   1.0094322e+00
   1.0087819e+00
   1.0081320e+00
   1.0074825e+00
   1.0068335e+00
   1.0061849e+00
   1.0055368e+00
   1.0048890e+00
   1.0042417e+00
   1.0035949e+00
   1.0029484e+00
   1.0023024e+00
   1.0016569e+00
   1.0010117e+00
   1.0003670e+00
   9.9972271e-01
   9.9907885e-01
   9.9843542e-01
   9.9779241e-01
   9.9714984e-01
   9.9650769e-01
   9.9586597e-01
   9.9522467e-01
   9.9458381e-01
   9.9394336e-01
   9.9330335e-01
   9.9266375e-01
   9.9202459e-01
   9.9138584e-01
   9.9074753e-01
   9.9010963e-01
   9.8947216e-01
   9.8883512e-01
   9.8819850e-01
   9.8756230e-01
   9.8692652e-01
   9.8629116e-01
   9.8565623e-01
   9.8502172e-01
   9.8438763e-01
   9.8375396e-01
   9.8312071e-01
   9.8248789e-01
   9.8185548e-01
   9.8122349e-01
   9.8059192e-01
   9.7996078e-01
   9.7933005e-01
   9.7869974e-01
   9.7806984e-01
   9.7744037e-01
   9.7681131e-01
   9.7618267e-01
   9.7555445e-01
   9.7492665e-01
   9.7429926e-01
   9.7367229e-01
   9.7304573e-01
   9.7241959e-01
   9.7179387e-01
   9.7116856e-01
   9.7054367e-01
   9.6991919e-01
   9.6929512e-01
   9.6867147e-01
   9.6804823e-01
   9.6742541e-01
   9.6680300e-01
   9.6618100e-01
   9.6555941e-01
   9.6493824e-01
   9.6431747e-01
   9.6369712e-01
   9.6307719e-01
   9.6245766e-01
   9.6183854e-01
   9.6121983e-01
   9.6060154e-01
   9.5998365e-01
   9.5936617e-01
   9.5874910e-01
   9.5813245e-01
   9.5751620e-01
   9.5690035e-01
   9.5628492e-01
   9.5566989e-01
   9.5505528e-01
   9.5444106e-01
   9.5382726e-01
   9.5321386e-01
   9.5260087e-01
   9.5198829e-01
   9.5137611e-01
   9.5076433e-01
   9.5015297e-01
   9.4954200e-01
