   1.0778475e-02
   1.0755325e-02
   1.0732229e-02
   1.0709187e-02
   1.0686200e-02
   1.0663267e-02
   1.0640388e-02
   1.0617563e-02
   1.0594792e-02
   1.0572075e-02
   1.0549411e-02
   1.0526800e-02
   1.0504243e-02
   1.0481739e-02
   1.0459288e-02
   1.0436890e-02
   1.0414545e-02
   1.0392252e-02
   1.0370012e-02
   1.0347824e-02
   1.0325689e-02
   1.0303605e-02
   1.0281574e-02
   1.0259594e-02
   1.0237667e-02
   1.0215790e-02
   1.0193966e-02
   1.0172192e-02
   1.0150470e-02
   1.0128800e-02
   1.0107180e-02
   1.0085611e-02
   1.0064092e-02
   1.0042625e-02
   1.0021208e-02
   9.9998408e-03
   9.9785243e-03
   9.9572579e-03
   9.9360416e-03
   9.9148751e-03
   9.8937584e-03
   9.8726913e-03
   9.8516738e-03
   9.8307057e-03
   9.8097869e-03
   9.7889173e-03
   9.7680967e-03
   9.7473250e-03
   9.7266021e-03
   9.7059279e-03
   9.6853023e-03
   9.6647252e-03
   9.6441964e-03
   9.6237158e-03
   9.6032833e-03
   9.5828988e-03
   9.5625622e-03
   9.5422733e-03
   9.5220321e-03
   9.5018384e-03
   9.4816921e-03
   9.4615930e-03
   9.4415412e-03
   9.4215364e-03
   9.4015785e-03
   9.3816675e-03
   9.3618032e-03
   9.3419856e-03
   9.3222144e-03
   9.3024895e-03
   9.2828110e-03
   9.2631786e-03
   9.2435922e-03
   9.2240518e-03
   9.2045572e-03
   9.1851083e-03
   9.1657050e-03
   9.1463471e-03
   9.1270347e-03
   9.1077675e-03
   9.0885455e-03
   9.0693685e-03
   9.0502364e-03
   9.0311492e-03
   9.0121067e-03
   8.9931088e-03
   8.9741554e-03
   8.9552464e-03
   8.9363817e-03
   8.9175611e-03
   8.8987846e-03
   8.8800521e-03
   8.8613635e-03
   8.8427186e-03
   8.8241173e-03
   8.8055596e-03
   8.7870453e-03
   8.7685744e-03
   8.7501466e-03
   8.7317620e-03
   8.7134204e-03
   8.6952380e-03
   9.8580879e-03
   1.0980837e-02
   1.2065983e-02
   1.3115481e-02
   1.4131533e-02
   1.5116860e-02
   1.6073719e-02
   1.7004092e-02
   1.7910205e-02
   1.8794265e-02
   1.9657778e-02
   2.0502850e-02
   2.1331309e-02
   2.2145112e-02
   2.2946298e-02
   2.3737513e-02
   2.4521542e-02
   2.5302186e-02
   2.6084208e-02
   2.6873658e-02
   2.7679429e-02
   2.8513682e-02
   2.9394387e-02
   3.0348804e-02
   3.1419509e-02
   3.2677138e-02
   3.4249173e-02
   3.6383564e-02
   3.9613010e-02
   4.5218417e-02
   5.6778074e-02
   8.3157990e-02
   1.0586269e-01
   1.2247821e-01
   1.4401668e-01
   1.7191872e-01
   2.0631112e-01
   2.4787874e-01
   2.9746021e-01
   3.5574530e-01
   4.2316857e-01
   4.9990552e-01
   5.8590475e-01
   6.8092529e-01
   7.8458048e-01
   8.9637807e-01
   1.0157568e+00
   1.1421101e+00
   1.2748149e+00
   1.4132504e+00
   1.5455183e+00
   1.6699442e+00
   1.7867035e+00
   1.8959876e+00
   1.9980427e+00
   2.0931770e+00
   2.1817577e+00
   2.2642011e+00
   2.3409556e+00
   2.4124874e+00
   2.4792657e+00
   2.5417589e+00
   2.6004207e+00
   2.6556819e+00
   2.7079500e+00
   2.7576085e+00
   2.8050071e+00
   2.8504680e+00
   2.8942855e+00
   2.9367225e+00
   2.9780190e+00
   3.0183831e+00
   3.0580047e+00
   3.0970473e+00
   3.1356563e+00
   3.1739582e+00
   3.2120613e+00
   3.2500603e+00
   3.2880354e+00
   3.3260532e+00
   3.3641707e+00
   3.4024350e+00
   3.4408860e+00
   3.4795548e+00
   3.5184645e+00
   3.5576363e+00
   3.5970834e+00
   3.6368159e+00
   3.6768414e+00
   3.7171624e+00
   3.7577782e+00
   3.7986884e+00
   3.8398902e+00
   3.8813779e+00
   3.9231456e+00
   3.9651873e+00
   4.0074937e+00
   4.0500572e+00
   4.0928687e+00
   4.1359202e+00
   4.1792020e+00
   4.2227055e+00
   4.2664206e+00
   4.3103385e+00
   4.3544501e+00
   4.3987466e+00
   4.4432195e+00
   4.4878608e+00
   4.5326618e+00
   4.5776149e+00
   4.6227127e+00
   4.6679474e+00
   4.7133122e+00
   4.7588004e+00
   4.8044056e+00
   4.8501214e+00
   4.8959420e+00
   4.9418617e+00
   4.9878751e+00
   5.0339768e+00
   5.0801621e+00
   5.1264261e+00
   5.1727642e+00
   5.2191724e+00
   5.2656464e+00
   5.3121819e+00
   5.3587754e+00
   5.4054230e+00
   5.4521213e+00
   5.4988666e+00
   5.5456561e+00
   5.5924865e+00
   5.6393547e+00
   5.6862576e+00
   5.7331923e+00
   5.7801562e+00
   5.8271468e+00
   5.8741606e+00
   5.9211962e+00
   5.9682494e+00
   6.0153196e+00
   6.0624036e+00
   6.1094994e+00
   6.1566032e+00
   6.2037146e+00
   6.2508315e+00
   6.2979506e+00
   6.3450701e+00
   6.3921884e+00
   6.4393014e+00
   6.4864095e+00
   6.5335103e+00
   6.5805996e+00
   6.6276772e+00
   6.6747405e+00
   6.7217883e+00
   6.7688167e+00
   6.8158256e+00
   6.8628117e+00
   6.9097742e+00
   6.9567105e+00
   7.0036183e+00
   7.0504966e+00
   7.0973439e+00
   7.1441573e+00
   7.1909348e+00
   7.2376752e+00
   7.2843770e+00
   7.3310379e+00
   7.3776550e+00
   7.4242278e+00
   7.4707530e+00
   7.5172311e+00
   7.5636586e+00
   7.6100345e+00
   7.6563561e+00
   7.7026223e+00
   7.7488310e+00
   7.7949811e+00
   7.8410706e+00
   7.8870975e+00
   7.9330608e+00
   7.9789583e+00
   8.0247882e+00
   8.0705491e+00
   8.1162388e+00
   8.1618570e+00
   8.2074008e+00
   8.2528692e+00
   8.2982601e+00
   8.3435732e+00
   8.3888054e+00
   8.4339555e+00
   8.4790219e+00
   8.5240026e+00
   8.5688979e+00
   8.6137055e+00
   8.6584246e+00
   8.7030538e+00
   8.7475901e+00
   8.7920330e+00
   8.8363810e+00
   8.8806329e+00
   8.9247864e+00
   8.9688434e+00
   9.0128004e+00
   9.0566556e+00
   9.1004089e+00
   9.1440572e+00
   9.1876017e+00
   9.2310411e+00
   9.2743727e+00
   9.3175959e+00
   9.3607091e+00
   9.4037118e+00
   9.4466029e+00
   9.4893811e+00
   9.5320458e+00
   9.5745958e+00
   9.6170299e+00
   9.6593490e+00
   9.7015486e+00
   9.7436314e+00
   9.7855948e+00
   9.8274385e+00
   9.8691621e+00
   9.9107642e+00
   9.9522429e+00
   9.9935999e+00
   1.0034832e+01
   1.0075940e+01
   1.0116923e+01
   1.0157782e+01
   1.0198513e+01
   1.0239117e+01
   1.0279594e+01
   1.0319942e+01
   1.0360165e+01
   1.0400258e+01
   1.0440218e+01
   1.0480052e+01
   1.0519757e+01
   1.0559331e+01
   1.0598775e+01
   1.0638089e+01
   1.0677271e+01
   1.0716322e+01
   1.0755243e+01
   1.0794033e+01
   1.0832693e+01
   1.0871223e+01
   1.0909623e+01
   1.0947891e+01
   1.0986030e+01
   1.1024038e+01
   1.1061916e+01
   1.1099664e+01
   1.1137283e+01
   1.1174772e+01
   1.1212134e+01
   1.1249367e+01
   1.1286473e+01
   1.1323451e+01
   1.1360304e+01
   1.1397030e+01
   1.1433632e+01
   1.1470110e+01
   1.1506464e+01
   1.1542696e+01
   1.1578806e+01
   1.1614795e+01
   1.1650665e+01
   1.1686417e+01
   1.1722051e+01
   1.1757568e+01
   1.1792970e+01
   1.1828258e+01
   1.1863432e+01
   1.1898495e+01
   1.1933447e+01
   1.1968289e+01
   1.2003023e+01
   1.2037649e+01
   1.2072169e+01
   1.2106584e+01
   1.2140895e+01
   1.2175102e+01
   1.2209207e+01
   1.2243212e+01
   1.2277115e+01
   1.2310920e+01
   1.2344625e+01
   1.2378232e+01
   1.2411742e+01
   1.2445155e+01
   1.2478471e+01
   1.2511691e+01
   1.2544814e+01
   1.2577843e+01
   1.2610775e+01
   1.2643612e+01
   1.2676354e+01
   1.2709000e+01
   1.2741550e+01
   1.2774003e+01
   1.2806361e+01
   1.2838621e+01
   1.2870784e+01
   1.2902850e+01
   1.2934817e+01
   1.2966686e+01
   1.2998455e+01
   1.3030123e+01
   1.3061692e+01
   1.3093158e+01
   1.3124523e+01
   1.3155785e+01
   1.3186943e+01
   1.3217997e+01
   1.3248946e+01
   1.3279789e+01
   1.3310526e+01
   1.3341156e+01
   1.3371678e+01
   1.3402092e+01
   1.3432397e+01
   1.3462593e+01
   1.3492679e+01
   1.3522654e+01
   1.3552518e+01
   1.3582271e+01
   1.3611912e+01
   1.3641441e+01
   1.3670857e+01
   1.3700161e+01
   1.3729351e+01
   1.3758429e+01
   1.3787392e+01
   1.3816242e+01
   1.3844979e+01
   1.3873601e+01
   1.3902110e+01
   1.3930505e+01
   1.3958786e+01
   1.3986953e+01
   1.4015007e+01
   1.4042947e+01
   1.4070773e+01
   1.4098487e+01
   1.4126087e+01
   1.4153575e+01
   1.4180949e+01
   1.4208212e+01
   1.4235363e+01
   1.4262402e+01
   1.4289329e+01
   1.4316146e+01
   1.4342852e+01
   1.4369447e+01
   1.4395933e+01
   1.4422309e+01
   1.4448577e+01
   1.4474735e+01
   1.4500786e+01
   1.4526729e+01
   1.4552564e+01
   1.4578293e+01
   1.4603916e+01
   1.4629433e+01
   1.4654844e+01
   1.4680151e+01
   1.4705354e+01
   1.4730452e+01
   1.4755448e+01
   1.4780341e+01
   1.4805131e+01
   1.4829820e+01
   1.4854408e+01
   1.4878895e+01
   1.4903282e+01
   1.4927569e+01
   1.4951758e+01
   1.4975848e+01
   1.4999839e+01
   1.5023734e+01
   1.5047531e+01
   1.5071232e+01
   1.5094837e+01
   1.5118347e+01
   1.5141761e+01
   1.5165082e+01
   1.5188308e+01
   1.5211442e+01
   1.5234482e+01
   1.5257430e+01
   1.5280286e+01
   1.5303051e+01
   1.5325725e+01
   1.5348309e+01
   1.5370803e+01
   1.5393208e+01
   1.5415524e+01
   1.5437751e+01
   1.5459891e+01
   1.5481943e+01
   1.5503908e+01
   1.5525787e+01
   1.5547580e+01
   1.5569287e+01
   1.5590909e+01
   1.5612447e+01
   1.5633900e+01
   1.5655270e+01
   1.5676557e+01
   1.5697760e+01
   1.5718882e+01
   1.5739922e+01
   1.5760880e+01
   1.5781757e+01
   1.5802553e+01
   1.5823270e+01
   1.5843907e+01
   1.5864464e+01
   1.5884942e+01
   1.5905342e+01
   1.5925664e+01
   1.5945909e+01
   1.5966076e+01
   1.5986166e+01
   1.6006180e+01
   1.6026118e+01
   1.6045981e+01
   1.6065768e+01
   1.6085481e+01
   1.6105119e+01
   1.6124683e+01
   1.6144173e+01
   1.6163590e+01
   1.6182934e+01
   1.6202206e+01
   1.6221406e+01
   1.6240534e+01
   1.6259591e+01
   1.6278576e+01
   1.6297492e+01
   1.6316337e+01
   1.6335112e+01
   1.6353817e+01
   1.6372454e+01
   1.6391021e+01
   1.6409521e+01
   1.6427952e+01
   1.6446315e+01
   1.6464611e+01
   1.6482841e+01
   1.6501003e+01
   1.6519099e+01
   1.6537129e+01
   1.6555094e+01
   1.6572993e+01
   1.6590828e+01
   1.6608597e+01
   1.6626303e+01
   1.6643944e+01
   1.6661522e+01
   1.6679037e+01
   1.6696488e+01
   1.6713877e+01
   1.6731204e+01
   1.6748469e+01
   1.6765672e+01
   1.6782813e+01
   1.6799894e+01
   1.6816914e+01
   1.6833873e+01
   1.6850772e+01
   1.6867612e+01
   1.6884392e+01
   1.6901113e+01
   1.6917775e+01
   1.6934378e+01
   1.6950923e+01
   1.6967410e+01
   1.6983839e+01
   1.7000211e+01
   1.7016526e+01
   1.7032784e+01
   1.7048986e+01
   1.7065131e+01
   1.7081220e+01
   1.7097254e+01
   1.7113232e+01
   1.7129155e+01
   1.7145023e+01
   1.7160837e+01
   1.7176597e+01
   1.7192302e+01
   1.7207954e+01
   1.7223552e+01
   1.7239097e+01
   1.7254590e+01
   1.7270029e+01
   1.7285416e+01
   1.7300752e+01
   1.7316035e+01
   1.7331266e+01
   1.7346447e+01
   1.7361576e+01
   1.7376654e+01
   1.7391682e+01
   1.7406660e+01
   1.7421587e+01
   1.7436465e+01
   1.7451293e+01
   1.7466072e+01
   1.7480802e+01
   1.7495483e+01
   1.7510115e+01
   1.7524699e+01
   1.7539235e+01
   1.7553723e+01
   1.7568164e+01
   1.7582557e+01
   1.7596903e+01
   1.7611202e+01
   1.7625455e+01
   1.7639661e+01
   1.7653821e+01
   1.7667934e+01
   1.7682003e+01
   1.7696025e+01
   1.7710002e+01
   1.7723935e+01
   1.7737822e+01
   1.7751665e+01
   1.7765463e+01
   1.7779217e+01
   1.7792927e+01
   1.7806593e+01
   1.7820216e+01
   1.7833796e+01
   1.7847332e+01
   1.7860826e+01
   1.7874276e+01
   1.7887685e+01
   1.7901051e+01
   1.7914375e+01
   1.7927657e+01
   1.7940897e+01
   1.7954096e+01
   1.7967254e+01
   1.7980370e+01
   1.7993446e+01
   1.8006481e+01
   1.8019476e+01
   1.8032430e+01
   1.8045344e+01
   1.8058219e+01
   1.8071054e+01
   1.8083849e+01
   1.8096605e+01
   1.8109322e+01
   1.8122000e+01
   1.8134639e+01
   1.8147239e+01
   1.8159802e+01
   1.8172326e+01
   1.8184812e+01
   1.8197260e+01
   1.8209670e+01
   1.8222044e+01
   1.8234380e+01
   1.8246678e+01
   1.8258940e+01
   1.8271165e+01
   1.8283354e+01
   1.8295506e+01
   1.8307622e+01
   1.8319702e+01
   1.8331746e+01
   1.8343754e+01
   1.8355727e+01
   1.8367664e+01
   1.8379566e+01
   1.8391434e+01
   1.8403266e+01
   1.8415063e+01
   1.8426826e+01
   1.8438555e+01
   1.8450249e+01
   1.8461910e+01
   1.8473536e+01
   1.8485129e+01
   1.8496688e+01
   1.8508214e+01
   1.8519706e+01
   1.8531166e+01
   1.8542592e+01
   1.8553986e+01
   1.8565347e+01
   1.8576675e+01
   1.8587971e+01
   1.8599235e+01
   1.8610467e+01
   1.8621667e+01
   1.8632836e+01
   1.8643972e+01
   1.8655078e+01
   1.8666151e+01
   1.8677194e+01
   1.8688206e+01
   1.8699187e+01
   1.8710137e+01
   1.8721057e+01
   1.8731946e+01
   1.8742805e+01
   1.8753633e+01
   1.8764432e+01
   1.8775201e+01
   1.8785940e+01
   1.8796649e+01
   1.8807329e+01
   1.8817980e+01
   1.8828601e+01
   1.8839193e+01
   1.8849757e+01
   1.8860291e+01
   1.8870797e+01
   1.8881274e+01
   1.8891723e+01
   1.8902144e+01
   1.8912536e+01
   1.8922901e+01
   1.8933237e+01
   1.8943546e+01
   1.8953827e+01
   1.8964081e+01
   1.8974307e+01
   1.8984506e+01
   1.8994678e+01
   1.9004823e+01
   1.9014941e+01
   1.9025032e+01
   1.9035096e+01
   1.9045134e+01
   1.9055146e+01
   1.9065131e+01
   1.9075090e+01
   1.9085023e+01
   1.9094930e+01
   1.9104811e+01
   1.9114666e+01
   1.9124496e+01
   1.9134300e+01
   1.9144079e+01
   1.9153833e+01
   1.9163562e+01
   1.9173265e+01
   1.9182944e+01
   1.9192598e+01
   1.9202227e+01
   1.9211831e+01
   1.9221411e+01
   1.9230967e+01
   1.9240498e+01
   1.9250006e+01
   1.9259489e+01
   1.9268948e+01
   1.9278383e+01
   1.9287795e+01
   1.9297183e+01
   1.9306548e+01
   1.9315889e+01
   1.9325207e+01
   1.9334501e+01
   1.9343773e+01
   1.9353021e+01
   1.9362247e+01
   1.9371450e+01
   1.9380630e+01
   1.9389787e+01
   1.9398922e+01
   1.9408035e+01
   1.9417125e+01
   1.9426193e+01
   1.9435239e+01
   1.9444263e+01
   1.9453265e+01
   1.9462245e+01
   1.9471204e+01
   1.9480141e+01
   1.9489056e+01
   1.9497950e+01
   1.9506822e+01
   1.9515673e+01
   1.9524503e+01
   1.9533312e+01
   1.9542100e+01
   1.9550867e+01
   1.9559614e+01
   1.9568339e+01
   1.9577044e+01
   1.9585729e+01
   1.9594393e+01
   1.9603036e+01
   1.9611659e+01
   1.9620263e+01
   1.9628846e+01
   1.9637409e+01
   1.9645952e+01
   1.9654475e+01
   1.9662978e+01
   1.9671462e+01
   1.9679927e+01
   1.9688371e+01
   1.9696797e+01
   1.9705203e+01
   1.9713589e+01
   1.9721957e+01
   1.9730305e+01
   1.9738635e+01
   1.9746945e+01
   1.9755237e+01
   1.9763510e+01
   1.9771764e+01
   1.9780000e+01
   1.9788217e+01
   1.9796415e+01
   1.9804595e+01
   1.9812757e+01
   1.9820901e+01
   1.9829026e+01
   1.9837134e+01
   1.9845223e+01
   1.9853295e+01
   1.9861349e+01
   1.9869385e+01
   1.9877403e+01
   1.9885403e+01
   1.9893387e+01
   1.9901352e+01
   1.9909300e+01
   1.9917231e+01
   1.9925145e+01
   1.9933041e+01
   1.9940921e+01
   1.9948783e+01
   1.9956628e+01
   1.9964457e+01
   1.9972268e+01
   1.9980063e+01
   1.9987841e+01
   1.9995602e+01
   2.0003347e+01
   2.0011076e+01
   2.0018788e+01
   2.0026483e+01
   2.0034163e+01
   2.0041826e+01
   2.0049473e+01
   2.0057104e+01
   2.0064719e+01
   2.0072318e+01
   2.0079901e+01
   2.0087468e+01
   2.0095019e+01
   2.0102555e+01
   2.0110075e+01
   2.0117580e+01
   2.0125069e+01
   2.0132542e+01
   2.0140000e+01
   2.0147443e+01
   2.0154871e+01
   2.0162283e+01
   2.0169680e+01
   2.0177063e+01
   2.0184430e+01
   2.0191782e+01
   2.0199119e+01
   2.0206442e+01
   2.0213749e+01
   2.0221042e+01
   2.0228321e+01
   2.0235584e+01
   2.0242834e+01
   2.0250068e+01
   2.0257288e+01
   2.0264494e+01
   2.0271686e+01
   2.0278863e+01
   2.0286026e+01
   2.0293175e+01
   2.0300310e+01
   2.0307431e+01
   2.0314538e+01
   2.0321630e+01
   2.0328709e+01
   2.0335775e+01
   2.0342826e+01
   2.0349864e+01
   2.0356888e+01
   2.0363898e+01
   2.0370895e+01
   2.0377879e+01
   2.0384848e+01
   2.0391805e+01
   2.0398748e+01
   2.0405678e+01
   2.0412595e+01
   2.0419498e+01
   2.0426389e+01
   2.0433266e+01
   2.0440130e+01
   2.0446981e+01
   2.0453819e+01
   2.0460645e+01
   2.0467457e+01
   2.0474257e+01
   2.0481044e+01
   2.0487818e+01
   2.0494580e+01
   2.0501329e+01
   2.0508065e+01
   2.0514789e+01
   2.0521501e+01
   2.0528200e+01
   2.0534886e+01
   2.0541561e+01
   2.0548223e+01
   2.0554873e+01
   2.0561510e+01
   2.0568136e+01
   2.0574749e+01
   2.0581351e+01
   2.0587940e+01
   2.0594517e+01
   2.0601083e+01
   2.0607637e+01
   2.0614178e+01
   2.0620708e+01
   2.0627227e+01
   2.0633733e+01
   2.0640228e+01
   2.0646711e+01
   2.0653183e+01
   2.0659643e+01
   2.0666092e+01
   2.0672529e+01
   2.0678955e+01
   2.0685369e+01
   2.0691772e+01
   2.0698164e+01
   2.0704545e+01
   2.0710914e+01
   2.0717272e+01
   2.0723619e+01
   2.0729955e+01
   2.0736280e+01
   2.0742594e+01
   2.0748897e+01
   2.0755189e+01
   2.0761470e+01
   2.0767740e+01
   2.0773999e+01
   2.0780248e+01
   2.0786486e+01
   2.0792713e+01
   2.0798930e+01
   2.0805136e+01
   2.0811331e+01
   2.0817516e+01
   2.0823690e+01
   2.0829854e+01
   2.0836007e+01
   2.0842150e+01
   2.0848282e+01
   2.0854404e+01
   2.0860516e+01
   2.0866618e+01
   2.0872709e+01
   2.0878790e+01
   2.0884861e+01
   2.0890922e+01
   2.0896972e+01
   2.0903013e+01
   2.0909044e+01
   2.0915064e+01
   2.0921075e+01
   2.0927075e+01
   2.0933066e+01
   2.0939047e+01
   2.0945018e+01
   2.0950979e+01
   2.0956931e+01
   2.0962873e+01
   2.0968805e+01
   2.0974727e+01
   2.0980640e+01
   2.0986543e+01
   2.0992436e+01
   2.0998320e+01
   2.1004194e+01
   2.1010059e+01
   2.1015915e+01
   2.1021761e+01
   2.1027597e+01
   2.1033425e+01
   2.1039243e+01
   2.1045051e+01
   2.1050850e+01
   2.1056641e+01
   2.1062421e+01
   2.1068193e+01
   2.1073955e+01
   2.1079709e+01
   2.1085453e+01
   2.1091188e+01
   2.1096914e+01
   2.1102631e+01
   2.1108339e+01
   2.1114038e+01
   2.1119728e+01
   2.1125409e+01
   2.1131082e+01
   2.1136745e+01
   2.1142400e+01
   2.1148045e+01
   2.1153682e+01
   2.1159311e+01
   2.1164930e+01
   2.1170541e+01
   2.1176143e+01
   2.1181737e+01
   2.1187321e+01
   2.1192898e+01
   2.1198465e+01
   2.1204024e+01
   2.1209575e+01
   2.1215117e+01
   2.1220650e+01
   2.1226175e+01
   2.1231692e+01
   2.1237200e+01
   2.1242700e+01
   2.1248192e+01
   2.1253675e+01
   2.1259150e+01
   2.1264616e+01
   2.1270075e+01
   2.1275525e+01
   2.1280967e+01
   2.1286400e+01
   2.1291826e+01
   2.1297243e+01
   2.1302652e+01
   2.1308053e+01
   2.1313446e+01
   2.1318831e+01
   2.1324208e+01
   2.1329577e+01
   2.1334938e+01
   2.1340291e+01
   2.1345636e+01
   2.1350973e+01
   2.1356302e+01
   2.1361623e+01
   2.1366937e+01
   2.1372242e+01
   2.1377540e+01
   2.1382830e+01
   2.1388112e+01
   2.1393386e+01
   2.1398653e+01
   2.1403912e+01
   2.1409163e+01
   2.1414406e+01
   2.1419642e+01
   2.1424870e+01
   2.1430091e+01
   2.1435304e+01
   2.1440509e+01
   2.1445707e+01
   2.1450897e+01
   2.1456079e+01
   2.1461255e+01
   2.1466422e+01
   2.1471582e+01
   2.1476735e+01
   2.1481880e+01
   2.1487018e+01
   2.1492149e+01
   2.1497272e+01
   2.1502388e+01
   2.1507496e+01
   2.1512597e+01
   2.1517691e+01
   2.1522777e+01
   2.1527856e+01
   2.1532928e+01
   2.1537993e+01
   2.1543050e+01
   2.1548100e+01
   2.1553143e+01
   2.1558179e+01
   2.1563208e+01
   2.1568229e+01
   2.1573243e+01
   2.1578251e+01
   2.1583251e+01
   2.1588244e+01
   2.1593230e+01
   2.1598209e+01
   2.1603181e+01
   2.1608146e+01
   2.1613104e+01
   2.1618055e+01
   2.1622999e+01
   2.1627935e+01
   2.1632866e+01
   2.1637789e+01
   2.1642705e+01
   2.1647614e+01
   2.1652517e+01
   2.1657412e+01
   2.1662301e+01
   2.1667183e+01
   2.1672058e+01
   2.1676926e+01
   2.1681787e+01
   2.1686642e+01
   2.1691490e+01
   2.1696331e+01
   2.1701166e+01
   2.1705993e+01
   2.1710814e+01
   2.1715628e+01
   2.1720436e+01
   2.1725237e+01
   2.1730031e+01
   2.1734819e+01
   2.1739600e+01
   2.1744374e+01
   2.1749142e+01
   2.1753903e+01
   2.1758658e+01
   2.1763406e+01
   2.1768147e+01
   2.1772882e+01
   2.1777610e+01
   2.1782332e+01
   2.1787047e+01
   2.1791756e+01
   2.1796459e+01
   2.1801155e+01
   2.1805844e+01
   2.1810527e+01
   2.1815204e+01
   2.1819874e+01
   2.1824537e+01
   2.1829195e+01
   2.1833846e+01
   2.1838490e+01
   2.1843128e+01
   2.1847760e+01
   2.1852386e+01
   2.1857005e+01
   2.1861618e+01
   2.1866224e+01
   2.1870825e+01
   2.1875418e+01
   2.1880006e+01
   2.1884588e+01
   2.1889163e+01
   2.1893732e+01
   2.1898294e+01
   2.1902851e+01
   2.1907401e+01
   2.1911945e+01
   2.1916483e+01
   2.1921014e+01
   2.1925540e+01
   2.1930059e+01
   2.1934572e+01
   2.1939079e+01
   2.1943580e+01
   2.1948075e+01
   2.1952563e+01
   2.1957046e+01
   2.1961522e+01
   2.1965992e+01
   2.1970457e+01
   2.1974915e+01
   2.1979367e+01
   2.1983813e+01
   2.1988253e+01
   2.1992687e+01
   2.1997115e+01
   2.2001537e+01
   2.2005953e+01
   2.2010363e+01
   2.2014767e+01
   2.2019164e+01
   2.2023556e+01
   2.2027942e+01
   2.2032322e+01
   2.2036697e+01
   2.2041065e+01
   2.2045427e+01
   2.2049783e+01
   2.2054134e+01
   2.2058478e+01
   2.2062817e+01
   2.2067149e+01
   2.2071476e+01
   2.2075797e+01
   2.2080112e+01
   2.2084421e+01
   2.2088725e+01
   2.2093022e+01
   2.2097314e+01
   2.2101599e+01
   2.2105879e+01
   2.2110154e+01
   2.2114422e+01
   2.2118685e+01
   2.2122941e+01
   2.2127192e+01
   2.2131437e+01
   2.2135677e+01
   2.2139910e+01
   2.2144138e+01
   2.2148360e+01
   2.2152577e+01
   2.2156787e+01
   2.2160992e+01
   2.2165192e+01
   2.2169385e+01
   2.2173573e+01
   2.2177755e+01
   2.2181931e+01
   2.2186102e+01
   2.2190267e+01
   2.2194426e+01
   2.2198579e+01
   2.2202727e+01
   2.2206870e+01
   2.2211006e+01
   2.2215137e+01
   2.2219262e+01
   2.2223382e+01
   2.2227496e+01
   2.2231604e+01
   2.2235707e+01
   2.2239804e+01
   2.2243896e+01
   2.2247982e+01
   2.2252062e+01
   2.2256137e+01
   2.2260206e+01
   2.2264269e+01
   2.2268327e+01
   2.2272380e+01
   2.2276427e+01
   2.2280468e+01
   2.2284503e+01
   2.2288534e+01
   2.2292558e+01
   2.2296577e+01
   2.2300591e+01
   2.2304599e+01
   2.2308601e+01
   2.2312598e+01
   2.2316589e+01
   2.2320575e+01
   2.2324556e+01
   2.2328530e+01
   2.2332500e+01
   2.2336464e+01
   2.2340422e+01
   2.2344375e+01
   2.2348322e+01
   2.2352264e+01
   2.2356201e+01
   2.2360131e+01
   2.2364057e+01
   2.2367977e+01
   2.2371892e+01
   2.2375801e+01
   2.2379704e+01
   2.2383603e+01
   2.2387495e+01
   2.2391383e+01
   2.2395265e+01
   2.2399141e+01
   2.2403012e+01
   2.2406878e+01
   2.2410738e+01
   2.2414593e+01
   2.2418442e+01
   2.2422286e+01
   2.2426124e+01
   2.2429958e+01
   2.2433785e+01
   2.2437608e+01
   2.2441425e+01
   2.2445236e+01
   2.2449042e+01
   2.2452843e+01
   2.2456639e+01
   2.2460429e+01
   2.2464213e+01
   2.2467993e+01
   2.2471767e+01
   2.2475535e+01
   2.2479298e+01
   2.2483056e+01
   2.2486809e+01
   2.2490556e+01
   2.2494298e+01
   2.2498034e+01
   2.2501765e+01
   2.2505491e+01
   2.2509212e+01
   2.2512927e+01
   2.2516636e+01
   2.2520341e+01
   2.2524040e+01
   2.2527734e+01
   2.2531422e+01
   2.2535106e+01
   2.2538783e+01
   2.2542456e+01
   2.2546123e+01
   2.2549785e+01
   2.2553442e+01
   2.2557093e+01
   2.2560739e+01
   2.2564380e+01
   2.2568015e+01
   2.2571645e+01
   2.2575270e+01
   2.2578889e+01
   2.2582504e+01
   2.2586113e+01
   2.2589716e+01
   2.2593315e+01
   2.2596908e+01
   2.2600496e+01
   2.2604078e+01
   2.2607655e+01
   2.2611227e+01
   2.2614794e+01
   2.2618355e+01
   2.2621912e+01
   2.2625462e+01
   2.2629008e+01
   2.2632548e+01
   2.2636084e+01
   2.2639613e+01
   2.2643138e+01
   2.2646657e+01
   2.2650171e+01
   2.2653680e+01
   2.2657184e+01
   2.2660682e+01
   2.2664175e+01
   2.2667663e+01
   2.2671145e+01
   2.2674623e+01
   2.2678095e+01
   2.2681561e+01
   2.2685023e+01
   2.2688479e+01
   2.2691930e+01
   2.2695376e+01
   2.2698817e+01
   2.2702252e+01
   2.2705682e+01
   2.2709107e+01
   2.2712526e+01
   2.2715941e+01
   2.2719350e+01
   2.2722754e+01
   2.2726153e+01
   2.2729546e+01
   2.2732934e+01
   2.2736317e+01
   2.2739695e+01
   2.2743067e+01
   2.2746434e+01
   2.2749796e+01
   2.2753153e+01
   2.2756505e+01
   2.2759851e+01
   2.2763192e+01
   2.2766528e+01
   2.2769859e+01
   2.2773184e+01
   2.2776504e+01
   2.2779819e+01
   2.2783129e+01
   2.2786433e+01
   2.2789733e+01
   2.2793027e+01
   2.2796315e+01
   2.2799599e+01
   2.2802877e+01
   2.2806150e+01
   2.2809418e+01
   2.2812681e+01
   2.2815938e+01
   2.2819190e+01
   2.2822437e+01
   2.2825679e+01
   2.2828915e+01
   2.2832147e+01
   2.2835373e+01
   2.2838593e+01
   2.2841809e+01
   2.2845019e+01
   2.2848224e+01
   2.2851424e+01
   2.2854619e+01
   2.2857808e+01
   2.2860992e+01
   2.2864171e+01
   2.2867345e+01
   2.2870513e+01
   2.2873676e+01
   2.2876834e+01
   2.2879987e+01
   2.2883134e+01
   2.2886277e+01
   2.2889413e+01
   2.2892545e+01
   2.2895672e+01
   2.2898793e+01
   2.2901909e+01
   2.2905019e+01
   2.2908125e+01
   2.2911225e+01
   2.2914320e+01
   2.2917410e+01
   2.2920494e+01
   2.2923573e+01
   2.2926647e+01
   2.2929716e+01
   2.2932779e+01
   2.2935838e+01
   2.2938890e+01
   2.2941938e+01
   2.2944980e+01
   2.2948017e+01
   2.2951049e+01
   2.2954076e+01
   2.2957097e+01
   2.2960113e+01
   2.2963124e+01
   2.2966129e+01
   2.2969129e+01
   2.2972124e+01
   2.2975114e+01
   2.2978098e+01
   2.2981077e+01
   2.2984051e+01
   2.2987019e+01
   2.2989982e+01
   2.2992940e+01
   2.2995892e+01
   2.2998840e+01
   2.3001782e+01
   2.3004718e+01
   2.3007649e+01
   2.3010575e+01
   2.3013496e+01
   2.3016411e+01
   2.3019322e+01
   2.3022226e+01
   2.3025126e+01
   2.3028020e+01
   2.3030908e+01
   2.3033792e+01
   2.3036670e+01
   2.3039543e+01
   2.3042410e+01
   2.3045272e+01
   2.3048129e+01
   2.3050980e+01
   2.3053826e+01
   2.3056667e+01
   2.3059502e+01
   2.3062332e+01
   2.3065157e+01
   2.3067976e+01
   2.3070790e+01
   2.3073598e+01
   2.3076402e+01
   2.3079199e+01
   2.3081992e+01
   2.3084779e+01
   2.3087560e+01
   2.3090336e+01
   2.3093107e+01
   2.3095873e+01
   2.3098633e+01
   2.3101387e+01
   2.3104136e+01
   2.3106880e+01
   2.3109619e+01
   2.3112351e+01
   2.3115079e+01
   2.3117801e+01
   2.3120518e+01
   2.3123229e+01
   2.3125935e+01
   2.3128635e+01
   2.3131330e+01
   2.3134019e+01
   2.3136703e+01
   2.3139382e+01
   2.3142055e+01
   2.3144723e+01
   2.3147385e+01
   2.3150041e+01
   2.3152693e+01
   2.3155338e+01
   2.3157978e+01
   2.3160613e+01
   2.3163242e+01
   2.3165866e+01
   2.3168484e+01
   2.3171097e+01
   2.3173704e+01
   2.3176306e+01
   2.3178902e+01
   2.3181492e+01
   2.3184078e+01
   2.3186657e+01
   2.3189231e+01
   2.3191799e+01
   2.3194362e+01
   2.3196920e+01
   2.3199471e+01
   2.3202017e+01
   2.3204558e+01
   2.3207093e+01
   2.3209622e+01
   2.3212146e+01
   2.3214664e+01
   2.3217177e+01
   2.3219684e+01
   2.3222185e+01
   2.3224681e+01
   2.3227171e+01
   2.3229656e+01
   2.3232135e+01
   2.3234608e+01
   2.3237075e+01
   2.3239537e+01
   2.3241993e+01
   2.3244444e+01
   2.3246889e+01
   2.3249328e+01
   2.3251761e+01
   2.3254189e+01
   2.3256611e+01
   2.3259028e+01
   2.3261438e+01
   2.3263843e+01
   2.3266243e+01
   2.3268636e+01
   2.3271024e+01
   2.3273406e+01
   2.3275782e+01
   2.3278153e+01
   2.3280517e+01
   2.3282876e+01
   2.3285229e+01
   2.3287577e+01
   2.3289918e+01
   2.3292254e+01
   2.3294584e+01
   2.3296908e+01
   2.3299226e+01
   2.3301539e+01
   2.3303845e+01
   2.3306146e+01
   2.3308441e+01
   2.3310730e+01
   2.3313013e+01
   2.3315290e+01
   2.3317562e+01
   2.3319827e+01
   2.3322087e+01
   2.3324340e+01
   2.3326588e+01
   2.3328830e+01
   2.3331066e+01
   2.3333296e+01
   2.3335519e+01
   2.3337737e+01
   2.3339949e+01
   2.3342155e+01
   2.3344355e+01
   2.3346549e+01
   2.3348737e+01
   2.3350919e+01
   2.3353095e+01
   2.3355265e+01
   2.3357429e+01
   2.3359587e+01
   2.3361738e+01
   2.3363884e+01
   2.3366023e+01
   2.3368157e+01
   2.3370284e+01
   2.3372405e+01
   2.3374520e+01
   2.3376629e+01
   2.3378732e+01
   2.3380829e+01
   2.3382919e+01
   2.3385003e+01
   2.3387081e+01
   2.3389153e+01
   2.3391219e+01
   2.3393278e+01
   2.3395331e+01
   2.3397378e+01
   2.3399419e+01
   2.3401453e+01
   2.3403481e+01
   2.3405503e+01
   2.3407519e+01
   2.3409528e+01
   2.3411531e+01
   2.3413527e+01
   2.3415518e+01
   2.3417502e+01
   2.3419479e+01
   2.3421450e+01
   2.3423415e+01
   2.3425373e+01
   2.3427325e+01
   2.3429270e+01
   2.3431209e+01
   2.3433142e+01
   2.3435068e+01
   2.3436987e+01
   2.3438900e+01
   2.3440807e+01
   2.3442707e+01
   2.3444600e+01
   2.3446487e+01
   2.3448368e+01
   2.3450241e+01
   2.3452109e+01
   2.3453969e+01
   2.3455823e+01
   2.3457670e+01
   2.3459511e+01
   2.3461345e+01
   2.3463172e+01
   2.3464993e+01
   2.3466807e+01
   2.3468614e+01
   2.3470414e+01
   2.3472208e+01
   2.3473995e+01
   2.3475775e+01
   2.3477549e+01
   2.3479315e+01
   2.3481075e+01
   2.3482828e+01
   2.3484574e+01
   2.3486313e+01
   2.3488045e+01
   2.3489770e+01
   2.3491489e+01
   2.3493200e+01
   2.3494905e+01
   2.3496602e+01
   2.3498293e+01
   2.3499976e+01
   2.3501653e+01
   2.3503322e+01
   2.3504984e+01
   2.3506640e+01
   2.3508288e+01
   2.3509929e+01
   2.3511563e+01
   2.3513190e+01
   2.3514809e+01
   2.3516422e+01
   2.3518027e+01
   2.3519625e+01
   2.3521215e+01
   2.3522799e+01
   2.3524375e+01
   2.3525944e+01
   2.3527506e+01
   2.3529060e+01
   2.3530607e+01
   2.3532146e+01
   2.3533678e+01
   2.3535203e+01
   2.3536720e+01
   2.3538230e+01
   2.3539732e+01
   2.3541227e+01
   2.3542714e+01
   2.3544194e+01
   2.3545666e+01
   2.3547131e+01
   2.3548587e+01
   2.3550037e+01
   2.3551478e+01
   2.3552912e+01
   2.3554339e+01
   2.3555757e+01
   2.3557168e+01
   2.3558571e+01
   2.3559966e+01
   2.3561354e+01
   2.3562733e+01
   2.3564105e+01
   2.3565469e+01
   2.3566825e+01
   2.3568173e+01
   2.3569513e+01
   2.3570845e+01
   2.3572169e+01
   2.3573485e+01
   2.3574793e+01
   2.3576093e+01
   2.3577385e+01
   2.3578668e+01
   2.3579944e+01
   2.3581211e+01
   2.3582470e+01
   2.3583721e+01
   2.3584963e+01
   2.3586198e+01
   2.3587424e+01
   2.3588641e+01
   2.3589851e+01
   2.3591051e+01
   2.3592244e+01
   2.3593428e+01
   2.3594603e+01
   2.3595770e+01
   2.3596929e+01
   2.3598079e+01
   2.3599220e+01
   2.3600353e+01
   2.3601476e+01
   2.3602592e+01
   2.3603698e+01
   2.3604796e+01
   2.3605885e+01
   2.3606965e+01
   2.3608037e+01
   2.3609099e+01
   2.3610153e+01
   2.3611197e+01
   2.3612233e+01
   2.3613260e+01
   2.3614277e+01
   2.3615286e+01
   2.3616286e+01
   2.3617276e+01
   2.3618257e+01
   2.3619229e+01
   2.3620192e+01
   2.3621145e+01
   2.3622089e+01
   2.3623024e+01
   2.3623950e+01
   2.3624866e+01
   2.3625772e+01
   2.3626670e+01
   2.3627557e+01
   2.3628435e+01
   2.3629304e+01
   2.3630163e+01
   2.3631012e+01
   2.3631851e+01
   2.3632681e+01
   2.3633501e+01
   2.3634311e+01
   2.3635111e+01
   2.3635902e+01
   2.3636682e+01
   2.3637453e+01
   2.3638213e+01
   2.3638964e+01
   2.3639704e+01
   2.3640434e+01
   2.3641154e+01
   2.3641864e+01
   2.3642564e+01
   2.3643253e+01
   2.3643932e+01
   2.3644601e+01
   2.3645259e+01
   2.3645906e+01
   2.3646544e+01
   2.3647170e+01
   2.3647786e+01
   2.3648392e+01
   2.3648986e+01
   2.3649570e+01
   2.3650143e+01
   2.3650706e+01
   2.3651257e+01
   2.3651798e+01
   2.3652327e+01
   2.3652846e+01
   2.3653354e+01
   2.3653850e+01
   2.3654335e+01
   2.3654809e+01
   2.3655272e+01
   2.3655724e+01
   2.3656164e+01
   2.3656593e+01
   2.3657010e+01
   2.3657416e+01
   2.3657810e+01
   2.3658193e+01
   2.3658564e+01
   2.3658923e+01
   2.3659271e+01
   2.3659607e+01
   2.3659930e+01
   2.3660242e+01
   2.3660542e+01
   2.3660830e+01
   2.3661106e+01
   2.3661370e+01
   2.3661622e+01
   2.3661861e+01
   2.3662088e+01
   2.3662303e+01
   2.3662505e+01
   2.3662695e+01
   2.3662872e+01
   2.3663037e+01
   2.3663189e+01
   2.3663328e+01
   2.3663455e+01
   2.3663569e+01
   2.3663669e+01
   2.3663757e+01
   2.3663832e+01
   2.3663894e+01
   2.3663943e+01
   2.3663978e+01
   2.3664001e+01
   2.3664009e+01
   2.3664005e+01
   2.3663987e+01
   2.3663956e+01
   2.3663911e+01
   2.3663852e+01
   2.3663780e+01
   2.3663694e+01
   2.3663594e+01
   2.3663480e+01
   2.3663352e+01
   2.3663210e+01
   2.3663054e+01
   2.3662884e+01
   2.3662700e+01
   2.3662501e+01
   2.3662288e+01
   2.3662061e+01
   2.3661819e+01
   2.3661562e+01
   2.3661290e+01
   2.3661004e+01
   2.3660703e+01
   2.3660388e+01
   2.3660057e+01
   2.3659711e+01
   2.3659350e+01
   2.3658974e+01
   2.3658583e+01
   2.3658176e+01
   2.3657754e+01
   2.3657316e+01
   2.3656863e+01
   2.3656394e+01
   2.3655909e+01
   2.3655409e+01
   2.3654892e+01
   2.3654360e+01
   2.3653812e+01
   2.3653247e+01
   2.3652666e+01
   2.3652069e+01
   2.3651456e+01
   2.3650826e+01
   2.3650180e+01
   2.3649517e+01
   2.3648837e+01
   2.3648140e+01
   2.3647427e+01
   2.3646696e+01
   2.3645949e+01
   2.3645184e+01
   2.3644402e+01
   2.3643603e+01
   2.3642786e+01
   2.3641952e+01
   2.3641100e+01
   2.3640231e+01
   2.3639343e+01
   2.3638438e+01
   2.3637515e+01
   2.3636574e+01
   2.3635615e+01
   2.3634637e+01
   2.3633641e+01
   2.3632627e+01
   2.3631594e+01
   2.3630543e+01
   2.3629472e+01
   2.3628383e+01
   2.3627275e+01
   2.3626148e+01
   2.3625002e+01
   2.3623837e+01
   2.3622652e+01
   2.3621448e+01
   2.3620225e+01
   2.3618982e+01
   2.3617719e+01
   2.3616436e+01
   2.3615133e+01
   2.3613811e+01
   2.3612468e+01
   2.3611105e+01
   2.3609721e+01
   2.3608318e+01
   2.3606893e+01
   2.3605448e+01
   2.3603982e+01
   2.3602496e+01
   2.3600988e+01
   2.3599459e+01
   2.3597909e+01
   2.3596338e+01
   2.3594745e+01
   2.3593131e+01
   2.3591495e+01
   2.3589837e+01
   2.3588157e+01
   2.3586456e+01
   2.3584732e+01
   2.3582986e+01
   2.3581218e+01
   2.3579427e+01
   2.3577614e+01
   2.3575778e+01
   2.3573919e+01
   2.3572037e+01
   2.3570132e+01
   2.3568204e+01
   2.3566253e+01
   2.3564279e+01
   2.3562281e+01
   2.3560259e+01
   2.3558213e+01
   2.3556144e+01
   2.3554050e+01
   2.3551933e+01
   2.3549791e+01
   2.3547625e+01
   2.3545434e+01
   2.3543218e+01
   2.3540978e+01
   2.3538713e+01
   2.3536423e+01
   2.3534108e+01
   2.3531767e+01
   2.3529401e+01
   2.3527010e+01
   2.3524593e+01
   2.3522150e+01
   2.3519681e+01
   2.3517186e+01
   2.3514665e+01
   2.3512118e+01
   2.3509544e+01
   2.3506943e+01
   2.3504316e+01
   2.3501662e+01
   2.3498981e+01
   2.3496273e+01
   2.3493537e+01
   2.3490775e+01
   2.3487984e+01
   2.3485166e+01
   2.3482320e+01
   2.3479446e+01
   2.3476544e+01
   2.3473614e+01
   2.3470655e+01
   2.3467668e+01
   2.3464652e+01
   2.3461608e+01
   2.3458534e+01
   2.3455431e+01
   2.3452299e+01
   2.3449138e+01
   2.3445947e+01
   2.3442727e+01
   2.3439476e+01
   2.3436196e+01
   2.3432886e+01
   2.3429545e+01
   2.3426174e+01
   2.3422772e+01
   2.3419339e+01
   2.3415876e+01
   2.3412382e+01
   2.3408856e+01
   2.3405300e+01
   2.3401711e+01
   2.3398091e+01
   2.3394440e+01
   2.3390756e+01
   2.3387041e+01
   2.3383293e+01
   2.3379512e+01
   2.3375700e+01
   2.3371854e+01
   2.3367976e+01
   2.3364064e+01
   2.3360120e+01
   2.3356142e+01
   2.3352130e+01
   2.3348085e+01
   2.3344006e+01
   2.3339893e+01
   2.3335746e+01
   2.3331565e+01
   2.3327349e+01
   2.3323099e+01
   2.3318814e+01
   2.3314494e+01
   2.3310138e+01
   2.3305748e+01
   2.3301322e+01
   2.3296860e+01
   2.3292363e+01
   2.3287830e+01
   2.3283260e+01
   2.3278655e+01
   2.3274013e+01
   2.3269334e+01
   2.3264619e+01
   2.3259866e+01
   2.3255077e+01
   2.3250250e+01
   2.3245386e+01
   2.3240484e+01
   2.3235544e+01
   2.3230566e+01
   2.3225550e+01
   2.3220496e+01
   2.3215403e+01
   2.3210272e+01
   2.3205102e+01
   2.3199892e+01
   2.3194644e+01
   2.3189356e+01
   2.3184028e+01
   2.3178661e+01
   2.3173254e+01
   2.3167806e+01
   2.3162319e+01
   2.3156791e+01
   2.3151222e+01
   2.3145612e+01
   2.3139962e+01
   2.3134270e+01
   2.3128537e+01
   2.3122762e+01
   2.3116945e+01
   2.3111086e+01
   2.3105186e+01
   2.3099243e+01
   2.3093257e+01
   2.3087229e+01
   2.3081158e+01
   2.3075043e+01
   2.3068886e+01
   2.3062684e+01
   2.3056440e+01
   2.3050151e+01
   2.3043818e+01
   2.3037441e+01
   2.3031020e+01
   2.3024553e+01
   2.3018042e+01
   2.3011486e+01
   2.3004885e+01
   2.2998238e+01
   2.2991546e+01
   2.2984807e+01
   2.2978023e+01
   2.2971192e+01
   2.2964315e+01
   2.2957391e+01
   2.2950420e+01
   2.2943403e+01
   2.2936337e+01
   2.2929225e+01
   2.2922064e+01
   2.2914856e+01
   2.2907599e+01
   2.2900295e+01
   2.2892941e+01
   2.2885539e+01
   2.2878088e+01
   2.2870587e+01
   2.2863037e+01
   2.2855437e+01
   2.2847788e+01
   2.2840088e+01
   2.2832338e+01
   2.2824538e+01
   2.2816687e+01
   2.2808785e+01
   2.2800831e+01
   2.2792826e+01
   2.2784770e+01
   2.2776661e+01
   2.2768501e+01
   2.2760288e+01
   2.2752022e+01
   2.2743704e+01
   2.2735333e+01
   2.2726908e+01
   2.2718430e+01
   2.2709898e+01
   2.2701312e+01
   2.2692672e+01
   2.2683977e+01
   2.2675228e+01
   2.2666424e+01
   2.2657564e+01
   2.2648649e+01
   2.2639679e+01
   2.2630652e+01
   2.2621570e+01
   2.2612430e+01
   2.2603235e+01
   2.2593982e+01
   2.2584672e+01
   2.2575305e+01
   2.2565880e+01
   2.2556398e+01
   2.2546857e+01
   2.2537257e+01
   2.2527599e+01
   2.2517882e+01
   2.2508106e+01
   2.2498271e+01
   2.2488375e+01
   2.2478420e+01
   2.2468404e+01
   2.2458328e+01
   2.2448192e+01
   2.2437994e+01
   2.2427735e+01
   2.2417414e+01
   2.2407032e+01
   2.2396587e+01
   2.2386080e+01
   2.2375511e+01
   2.2364878e+01
   2.2354183e+01
   2.2343424e+01
   2.2332601e+01
   2.2321714e+01
   2.2310763e+01
   2.2299747e+01
   2.2288667e+01
   2.2277521e+01
   2.2266310e+01
   2.2255034e+01
   2.2243691e+01
   2.2232282e+01
   2.2220807e+01
   2.2209265e+01
   2.2197655e+01
   2.2185979e+01
   2.2174234e+01
   2.2162422e+01
   2.2150542e+01
   2.2138593e+01
   2.2126575e+01
   2.2114488e+01
   2.2102331e+01
   2.2090105e+01
   2.2077809e+01
   2.2065443e+01
   2.2053006e+01
   2.2040498e+01
   2.2027919e+01
   2.2015268e+01
   2.2002546e+01
   2.1989751e+01
   2.1976884e+01
   2.1963945e+01
   2.1950932e+01
   2.1937847e+01
   2.1924687e+01
   2.1911454e+01
   2.1898146e+01
   2.1884764e+01
   2.1871307e+01
   2.1857775e+01
   2.1844168e+01
   2.1830484e+01
   2.1816725e+01
   2.1802889e+01
   2.1788977e+01
   2.1774987e+01
   2.1760920e+01
   2.1746776e+01
   2.1732554e+01
   2.1718253e+01
   2.1703874e+01
   2.1689415e+01
   2.1674878e+01
   2.1660261e+01
   2.1645564e+01
   2.1630787e+01
   2.1615930e+01
   2.1600991e+01
   2.1585972e+01
   2.1570870e+01
   2.1555687e+01
   2.1540422e+01
   2.1525075e+01
   2.1509644e+01
   2.1494131e+01
   2.1478534e+01
   2.1462853e+01
   2.1447088e+01
   2.1431239e+01
   2.1415305e+01
   2.1399286e+01
   2.1383181e+01
   2.1366990e+01
   2.1350713e+01
   2.1334350e+01
   2.1317900e+01
   2.1301363e+01
   2.1284738e+01
   2.1268026e+01
   2.1251225e+01
   2.1234336e+01
   2.1217358e+01
   2.1200290e+01
   2.1183133e+01
   2.1165887e+01
   2.1148550e+01
   2.1131122e+01
   2.1113603e+01
   2.1095993e+01
   2.1078291e+01
   2.1060498e+01
   2.1042612e+01
   2.1024633e+01
   2.1006561e+01
   2.0988395e+01
   2.0970136e+01
   2.0951783e+01
   2.0933335e+01
   2.0914792e+01
   2.0896154e+01
   2.0877421e+01
   2.0858591e+01
   2.0839665e+01
   2.0820642e+01
   2.0801522e+01
   2.0782305e+01
   2.0762990e+01
   2.0743576e+01
   2.0724064e+01
   2.0704453e+01
   2.0684743e+01
   2.0664933e+01
   2.0645023e+01
   2.0625012e+01
   2.0604901e+01
   2.0584688e+01
   2.0564374e+01
   2.0543957e+01
   2.0523439e+01
   2.0502817e+01
   2.0482092e+01
   2.0461264e+01
   2.0440331e+01
   2.0419294e+01
   2.0398153e+01
   2.0376906e+01
   2.0355553e+01
   2.0334095e+01
   2.0312530e+01
   2.0290859e+01
   2.0269080e+01
   2.0247193e+01
   2.0225199e+01
   2.0203096e+01
   2.0180884e+01
   2.0158563e+01
   2.0136132e+01
   2.0113591e+01
   2.0090939e+01
   2.0068177e+01
   2.0045303e+01
   2.0022317e+01
   1.9999219e+01
   1.9976008e+01
   1.9952684e+01
   1.9929247e+01
   1.9905695e+01
   1.9882029e+01
   1.9858248e+01
   1.9834352e+01
   1.9810339e+01
   1.9786211e+01
   1.9761966e+01
   1.9737603e+01
   1.9713123e+01
   1.9688525e+01
   1.9663809e+01
   1.9638973e+01
   1.9614018e+01
   1.9588942e+01
   1.9563747e+01
   1.9538430e+01
   1.9512992e+01
   1.9487432e+01
   1.9461750e+01
   1.9435944e+01
   1.9410016e+01
   1.9383963e+01
   1.9357787e+01
   1.9331485e+01
   1.9305058e+01
   1.9278505e+01
   1.9251826e+01
   1.9225020e+01
   1.9198086e+01
   1.9171025e+01
   1.9143835e+01
   1.9116516e+01
   1.9089068e+01
   1.9061490e+01
   1.9033781e+01
   1.9005941e+01
   1.8977970e+01
   1.8949866e+01
   1.8921630e+01
   1.8893261e+01
   1.8864757e+01
   1.8836120e+01
   1.8807347e+01
   1.8778439e+01
   1.8749395e+01
   1.8720215e+01
   1.8690897e+01
   1.8661442e+01
   1.8631848e+01
   1.8602115e+01
   1.8572243e+01
   1.8542231e+01
   1.8512079e+01
   1.8481785e+01
   1.8451349e+01
   1.8420771e+01
   1.8390050e+01
   1.8359186e+01
   1.8328177e+01
   1.8297023e+01
   1.8265724e+01
   1.8234279e+01
   1.8202687e+01
   1.8170948e+01
   1.8139061e+01
   1.8107025e+01
   1.8074840e+01
   1.8042506e+01
   1.8010021e+01
   1.7977385e+01
   1.7944597e+01
   1.7911657e+01
   1.7878564e+01
   1.7845317e+01
   1.7811916e+01
   1.7778360e+01
   1.7744648e+01
   1.7710780e+01
   1.7676755e+01
   1.7642572e+01
   1.7608231e+01
   1.7573731e+01
   1.7539072e+01
   1.7504252e+01
   1.7469271e+01
   1.7434128e+01
   1.7398823e+01
   1.7363355e+01
   1.7327724e+01
   1.7291928e+01
   1.7255966e+01
   1.7219839e+01
   1.7183546e+01
   1.7147085e+01
   1.7110456e+01
   1.7073659e+01
   1.7036693e+01
   1.6999556e+01
   1.6962249e+01
   1.6924771e+01
   1.6887121e+01
   1.6849297e+01
   1.6811301e+01
   1.6773130e+01
   1.6734784e+01
   1.6696263e+01
   1.6657566e+01
   1.6618691e+01
   1.6579639e+01
   1.6540409e+01
   1.6500999e+01
   1.6461410e+01
   1.6421641e+01
   1.6381690e+01
   1.6341558e+01
   1.6301243e+01
   1.6260746e+01
   1.6220064e+01
   1.6179198e+01
   1.6138147e+01
   1.6096910e+01
   1.6055486e+01
   1.6013876e+01
   1.5972078e+01
   1.5930091e+01
   1.5887916e+01
   1.5845550e+01
   1.5802995e+01
   1.5760249e+01
   1.5717311e+01
   1.5674181e+01
   1.5630859e+01
   1.5587343e+01
   1.5543634e+01
   1.5499730e+01
   1.5455631e+01
   1.5411337e+01
   1.5366847e+01
   1.5322161e+01
   1.5277277e+01
   1.5232196e+01
   1.5186917e+01
   1.5141440e+01
   1.5095764e+01
   1.5049889e+01
   1.5003814e+01
   1.4957539e+01
   1.4911063e+01
   1.4864387e+01
   1.4817509e+01
   1.4770430e+01
   1.4723150e+01
   1.4675667e+01
   1.4627982e+01
   1.4580095e+01
   1.4532004e+01
   1.4483711e+01
   1.4435215e+01
   1.4386516e+01
   1.4337613e+01
   1.4288507e+01
   1.4239198e+01
   1.4189685e+01
   1.4139969e+01
   1.4090049e+01
   1.4039926e+01
   1.3989600e+01
   1.3939072e+01
   1.3888340e+01
   1.3837406e+01
   1.3786269e+01
   1.3734930e+01
   1.3683390e+01
   1.3631649e+01
   1.3579707e+01
   1.3527564e+01
   1.3475222e+01
   1.3422680e+01
   1.3369940e+01
   1.3317002e+01
   1.3263867e+01
   1.3210535e+01
   1.3157008e+01
   1.3103286e+01
   1.3049370e+01
   1.2995262e+01
   1.2940962e+01
   1.2886471e+01
   1.2831791e+01
   1.2776923e+01
   1.2721868e+01
   1.2666627e+01
   1.2611203e+01
   1.2555596e+01
   1.2499808e+01
   1.2443841e+01
   1.2387696e+01
   1.2331376e+01
   1.2274882e+01
   1.2218216e+01
   1.2161381e+01
   1.2104377e+01
   1.2047208e+01
   1.1989876e+01
   1.1932383e+01
   1.1874732e+01
   1.1816925e+01
   1.1758965e+01
   1.1700854e+01
   1.1642595e+01
   1.1584192e+01
   1.1525646e+01
   1.1466962e+01
   1.1408143e+01
   1.1349191e+01
   1.1290110e+01
   1.1230903e+01
   1.1171575e+01
   1.1112128e+01
   1.1052566e+01
   1.0992894e+01
   1.0933115e+01
   1.0873233e+01
   1.0813253e+01
   1.0753178e+01
   1.0693013e+01
   1.0632763e+01
   1.0572431e+01
   1.0512023e+01
   1.0451543e+01
   1.0390996e+01
   1.0330387e+01
   1.0269722e+01
   1.0209004e+01
   1.0148239e+01
   1.0087433e+01
   1.0026591e+01
   9.9657184e+00
   9.9048207e+00
   9.8439037e+00
   9.7829729e+00
   9.7220343e+00
   9.6610937e+00
   9.6001571e+00
   9.5392305e+00
   9.4783201e+00
   9.4174321e+00
   9.3565726e+00
   9.2957481e+00
   9.2349648e+00
   9.1742292e+00
   9.1135479e+00
   9.0529274e+00
   8.9923742e+00
   8.9318950e+00
   8.8714965e+00
   8.8111854e+00
   8.7509684e+00
   8.6908523e+00
   8.6308440e+00
   8.5709501e+00
   8.5111777e+00
   8.4515335e+00
   8.3920244e+00
   8.3326571e+00
   8.2734387e+00
   8.2143759e+00
   8.1554756e+00
   8.0967446e+00
   8.0381896e+00
   7.9798175e+00
   7.9216350e+00
   7.8636487e+00
   7.8058653e+00
   7.7482915e+00
   7.6909338e+00
   7.6337987e+00
   7.5768926e+00
   7.5202219e+00
   7.4637929e+00
   7.4076118e+00
   7.3516848e+00
   7.2960179e+00
   7.2406171e+00
   7.1854883e+00
   7.1306372e+00
   7.0760695e+00
   7.0217908e+00
   6.9678065e+00
   6.9141220e+00
   6.8607424e+00
   6.8076730e+00
   6.7549186e+00
   6.7024841e+00
   6.6503742e+00
   6.5985935e+00
   6.5471465e+00
   6.4960374e+00
   6.4452704e+00
   6.3948495e+00
   6.3447786e+00
   6.2950614e+00
   6.2457014e+00
   6.1967021e+00
   6.1480668e+00
   6.0997985e+00
   6.0519002e+00
   6.0043748e+00
   5.9572248e+00
   5.9104527e+00
   5.8640608e+00
   5.8180514e+00
   5.7724265e+00
   5.7271878e+00
   5.6823372e+00
   5.6378761e+00
   5.5938060e+00
   5.5501280e+00
   5.5068434e+00
   5.4639529e+00
   5.4214574e+00
   5.3793576e+00
   5.3376539e+00
   5.2963467e+00
   5.2554361e+00
   5.2149223e+00
   5.1748051e+00
   5.1350844e+00
   5.0957598e+00
   5.0568308e+00
   5.0182968e+00
   4.9801572e+00
   4.9424110e+00
   4.9050573e+00
   4.8680949e+00
   4.8315228e+00
   4.7953395e+00
   4.7595436e+00
   4.7241336e+00
   4.6891080e+00
   4.6544648e+00
   4.6202024e+00
   4.5863188e+00
   4.5528120e+00
   4.5196798e+00
   4.4869202e+00
   4.4545308e+00
   4.4225093e+00
   4.3908533e+00
   4.3595603e+00
   4.3286278e+00
   4.2980532e+00
   4.2678337e+00
   4.2379667e+00
   4.2084493e+00
   4.1792787e+00
   4.1504521e+00
   4.1219664e+00
   4.0938188e+00
   4.0660061e+00
   4.0385253e+00
   4.0113734e+00
   3.9845471e+00
   3.9580434e+00
   3.9318591e+00
   3.9059908e+00
   3.8804355e+00
   3.8551898e+00
   3.8302505e+00
   3.8056143e+00
   3.7812779e+00
   3.7572379e+00
   3.7334911e+00
   3.7100342e+00
   3.6868637e+00
   3.6639763e+00
   3.6413688e+00
   3.6190377e+00
   3.5969798e+00
   3.5751917e+00
   3.5536700e+00
   3.5324115e+00
   3.5114128e+00
   3.4906707e+00
   3.4701818e+00
   3.4499428e+00
   3.4299506e+00
   3.4102018e+00
   3.3906932e+00
   3.3714216e+00
   3.3523838e+00
   3.3335765e+00
   3.3149968e+00
   3.2966413e+00
   3.2785070e+00
   3.2605908e+00
   3.2428897e+00
   3.2254005e+00
   3.2081202e+00
   3.1910459e+00
   3.1741746e+00
   3.1575034e+00
   3.1410292e+00
   3.1247493e+00
   3.1086607e+00
   3.0927607e+00
   3.0770464e+00
   3.0615150e+00
   3.0461639e+00
   3.0309902e+00
   3.0159914e+00
   3.0011646e+00
   2.9865075e+00
   2.9720172e+00
   2.9576913e+00
   2.9435272e+00
   2.9295225e+00
   2.9156746e+00
   2.9019812e+00
   2.8884397e+00
   2.8750478e+00
   2.8618033e+00
   2.8487037e+00
   2.8357468e+00
   2.8229303e+00
   2.8102520e+00
   2.7977097e+00
   2.7853012e+00
   2.7730245e+00
   2.7608774e+00
   2.7488578e+00
   2.7369637e+00
   2.7251931e+00
   2.7135439e+00
   2.7020144e+00
   2.6906024e+00
   2.6793062e+00
   2.6681239e+00
   2.6570536e+00
   2.6460935e+00
   2.6352418e+00
   2.6244968e+00
   2.6138568e+00
   2.6033201e+00
   2.5928849e+00
   2.5825497e+00
   2.5723128e+00
   2.5621726e+00
   2.5521276e+00
   2.5421762e+00
   2.5323170e+00
   2.5225483e+00
   2.5128688e+00
   2.5032770e+00
   2.4937715e+00
   2.4843510e+00
   2.4750139e+00
   2.4657591e+00
   2.4565851e+00
   2.4474906e+00
   2.4384744e+00
   2.4295353e+00
   2.4206720e+00
   2.4118832e+00
   2.4031678e+00
   2.3945246e+00
   2.3859525e+00
   2.3774503e+00
   2.3690170e+00
   2.3606513e+00
   2.3523523e+00
   2.3441189e+00
   2.3359501e+00
   2.3278448e+00
   2.3198021e+00
   2.3118210e+00
   2.3039004e+00
   2.2960395e+00
   2.2882374e+00
   2.2804931e+00
   2.2728057e+00
   2.2651743e+00
   2.2575982e+00
   2.2500764e+00
   2.2426080e+00
   2.2351924e+00
   2.2278287e+00
   2.2205161e+00
   2.2132538e+00
   2.2060411e+00
   2.1988772e+00
   2.1917615e+00
   2.1846931e+00
   2.1776714e+00
   2.1706956e+00
   2.1637652e+00
   2.1568795e+00
   2.1500377e+00
   2.1432393e+00
   2.1364836e+00
   2.1297700e+00
   2.1230980e+00
   2.1164668e+00
   2.1098759e+00
   2.1033249e+00
   2.0968130e+00
   2.0903397e+00
   2.0839045e+00
   2.0775069e+00
   2.0711464e+00
   2.0648224e+00
   2.0585344e+00
   2.0522820e+00
   2.0460646e+00
   2.0398818e+00
   2.0337332e+00
   2.0276182e+00
   2.0215364e+00
   2.0154874e+00
   2.0094707e+00
   2.0034860e+00
   1.9975328e+00
   1.9916107e+00
   1.9857192e+00
   1.9798581e+00
   1.9740270e+00
   1.9682253e+00
   1.9624528e+00
   1.9567092e+00
   1.9509940e+00
   1.9453069e+00
   1.9396476e+00
   1.9340157e+00
   1.9284108e+00
   1.9228328e+00
   1.9172812e+00
   1.9117557e+00
   1.9062561e+00
   1.9007820e+00
   1.8953331e+00
   1.8899091e+00
   1.8845099e+00
   1.8791349e+00
   1.8737841e+00
   1.8684571e+00
   1.8631537e+00
   1.8578736e+00
   1.8526165e+00
   1.8473823e+00
   1.8421706e+00
   1.8369812e+00
   1.8318138e+00
   1.8266684e+00
   1.8215445e+00
   1.8164420e+00
   1.8113607e+00
   1.8063003e+00
   1.8012607e+00
   1.7962417e+00
   1.7912429e+00
   1.7862643e+00
   1.7813056e+00
   1.7763666e+00
   1.7714472e+00
   1.7665471e+00
   1.7616662e+00
   1.7568043e+00
   1.7519612e+00
   1.7471367e+00
   1.7423307e+00
   1.7375430e+00
   1.7327735e+00
   1.7280219e+00
   1.7232881e+00
   1.7185720e+00
   1.7138734e+00
   1.7091921e+00
   1.7045281e+00
   1.6998810e+00
   1.6952509e+00
   1.6906376e+00
   1.6860409e+00
   1.6814606e+00
   1.6768968e+00
   1.6723491e+00
   1.6678176e+00
   1.6633020e+00
   1.6588023e+00
   1.6543182e+00
   1.6498498e+00
   1.6453969e+00
   1.6409593e+00
   1.6365369e+00
   1.6321297e+00
   1.6277375e+00
   1.6233602e+00
   1.6189977e+00
   1.6146499e+00
   1.6103166e+00
   1.6059979e+00
   1.6016935e+00
   1.5974035e+00
   1.5931276e+00
   1.5888657e+00
   1.5846179e+00
   1.5803840e+00
   1.5761639e+00
   1.5719574e+00
   1.5677646e+00
   1.5635854e+00
   1.5594196e+00
   1.5552671e+00
   1.5511279e+00
   1.5470019e+00
   1.5428891e+00
   1.5387892e+00
   1.5347023e+00
   1.5306283e+00
   1.5265670e+00
   1.5225185e+00
   1.5184826e+00
   1.5144593e+00
   1.5104485e+00
   1.5064501e+00
   1.5024641e+00
   1.4984903e+00
   1.4945287e+00
   1.4905793e+00
   1.4866420e+00
   1.4827167e+00
   1.4788033e+00
   1.4749018e+00
   1.4710121e+00
   1.4671342e+00
   1.4632680e+00
   1.4594134e+00
   1.4555703e+00
   1.4517388e+00
   1.4479188e+00
   1.4441101e+00
   1.4403127e+00
   1.4365267e+00
   1.4327518e+00
   1.4289882e+00
   1.4252356e+00
   1.4214941e+00
   1.4177636e+00
   1.4140441e+00
   1.4103354e+00
   1.4066376e+00
   1.4029506e+00
   1.3992744e+00
   1.3956089e+00
   1.3919540e+00
   1.3883097e+00
   1.3846759e+00
   1.3810527e+00
   1.3774399e+00
   1.3738376e+00
   1.3702456e+00
   1.3666639e+00
   1.3630925e+00
   1.3595313e+00
   1.3559804e+00
   1.3524395e+00
   1.3489088e+00
   1.3453881e+00
   1.3418775e+00
   1.3383768e+00
   1.3348861e+00
   1.3314052e+00
   1.3279342e+00
   1.3244730e+00
   1.3210216e+00
   1.3175799e+00
   1.3141480e+00
   1.3107256e+00
   1.3073129e+00
   1.3039098e+00
   1.3005162e+00
   1.2971321e+00
   1.2937575e+00
   1.2903923e+00
   1.2870365e+00
   1.2836901e+00
   1.2803530e+00
   1.2770252e+00
   1.2737067e+00
   1.2703973e+00
   1.2670972e+00
   1.2638062e+00
   1.2605243e+00
   1.2572515e+00
   1.2539878e+00
   1.2507331e+00
   1.2474874e+00
   1.2442506e+00
   1.2410227e+00
   1.2378038e+00
   1.2345937e+00
   1.2313924e+00
   1.2281999e+00
   1.2250162e+00
   1.2218412e+00
   1.2186749e+00
   1.2155173e+00
   1.2123684e+00
   1.2092280e+00
   1.2060963e+00
   1.2029731e+00
   1.1998584e+00
   1.1967522e+00
   1.1936545e+00
   1.1905652e+00
   1.1874844e+00
   1.1844119e+00
   1.1813478e+00
   1.1782920e+00
   1.1752445e+00
   1.1722053e+00
   1.1691744e+00
   1.1661516e+00
   1.1631371e+00
   1.1601307e+00
   1.1571325e+00
   1.1541423e+00
   1.1511603e+00
   1.1481863e+00
   1.1452204e+00
   1.1422624e+00
   1.1393125e+00
   1.1363705e+00
   1.1334364e+00
   1.1305103e+00
   1.1275920e+00
   1.1246816e+00
   1.1217790e+00
   1.1188843e+00
   1.1159973e+00
   1.1131181e+00
   1.1102466e+00
   1.1073828e+00
   1.1045267e+00
   1.1016783e+00
   1.0988376e+00
   1.0960044e+00
   1.0931788e+00
   1.0903609e+00
   1.0875504e+00
   1.0847475e+00
   1.0819521e+00
   1.0791642e+00
   1.0763837e+00
   1.0736106e+00
   1.0708450e+00
   1.0680868e+00
   1.0653359e+00
   1.0625924e+00
   1.0598562e+00
   1.0571273e+00
   1.0544057e+00
   1.0516913e+00
   1.0489842e+00
   1.0462843e+00
   1.0435916e+00
   1.0409060e+00
   1.0382277e+00
   1.0355564e+00
   1.0328923e+00
   1.0302352e+00
   1.0275852e+00
   1.0249423e+00
   1.0223063e+00
   1.0196774e+00
   1.0170555e+00
   1.0144406e+00
   1.0118325e+00
   1.0092314e+00
   1.0066373e+00
   1.0040500e+00
   1.0014695e+00
   9.9889594e-01
   9.9632917e-01
   9.9376922e-01
   9.9121604e-01
   9.8866964e-01
   9.8612998e-01
   9.8359705e-01
   9.8107082e-01
   9.7855129e-01
   9.7603842e-01
   9.7353221e-01
   9.7103263e-01
   9.6853966e-01
   9.6605329e-01
   9.6357349e-01
   9.6110025e-01
   9.5863355e-01
   9.5617337e-01
   9.5371969e-01
   9.5127249e-01
   9.4883176e-01
   9.4639747e-01
   9.4396961e-01
   9.4154816e-01
   9.3913311e-01
   9.3672442e-01
   9.3432210e-01
   9.3192611e-01
   9.2953644e-01
   9.2715307e-01
   9.2477599e-01
   9.2240518e-01
   9.2004062e-01
   9.1768229e-01
   9.1533017e-01
   9.1298425e-01
   9.1064451e-01
   9.0831094e-01
   9.0598351e-01
   9.0366221e-01
   9.0134702e-01
   8.9903793e-01
   8.9673491e-01
   8.9443796e-01
   8.9214704e-01
   8.8986216e-01
   8.8758329e-01
   8.8531041e-01
   8.8304351e-01
   8.8078256e-01
   8.7852757e-01
   8.7627850e-01
   8.7403534e-01
   8.7179808e-01
   8.6956669e-01
   8.6734117e-01
   8.6512150e-01
   8.6290765e-01
   8.6069963e-01
   8.5849739e-01
   8.5630095e-01
   8.5411026e-01
   8.5192533e-01
   8.4974613e-01
   8.4757266e-01
   8.4540488e-01
   8.4324280e-01
   8.4108638e-01
   8.3893562e-01
   8.3679051e-01
   8.3465102e-01
   8.3251714e-01
   8.3038885e-01
   8.2826614e-01
   8.2614900e-01
   8.2403741e-01
   8.2193135e-01
   8.1983081e-01
   8.1773578e-01
   8.1564623e-01
   8.1356216e-01
   8.1148354e-01
   8.0941037e-01
   8.0734263e-01
   8.0528031e-01
   8.0322338e-01
   8.0117184e-01
   7.9912567e-01
   7.9708485e-01
   7.9504938e-01
   7.9301923e-01
   7.9099440e-01
   7.8897486e-01
   7.8696060e-01
   7.8495162e-01
   7.8294789e-01
   7.8094940e-01
   7.7895614e-01
   7.7696809e-01
   7.7498523e-01
   7.7300756e-01
   7.7103506e-01
   7.6906772e-01
   7.6710552e-01
   7.6514844e-01
   7.6319649e-01
   7.6124963e-01
   7.5930785e-01
   7.5737115e-01
   7.5543951e-01
   7.5351292e-01
   7.5159135e-01
   7.4967481e-01
   7.4776327e-01
   7.4585672e-01
   7.4395515e-01
   7.4205854e-01
   7.4016688e-01
   7.3828016e-01
   7.3639837e-01
   7.3452148e-01
   7.3264950e-01
   7.3078239e-01
   7.2892016e-01
   7.2706279e-01
   7.2521026e-01
   7.2336257e-01
   7.2151969e-01
   7.1968162e-01
   7.1784834e-01
   7.1601984e-01
   7.1419612e-01
   7.1237714e-01
   7.1056291e-01
   7.0875340e-01
   7.0694862e-01
   7.0514853e-01
   7.0335314e-01
   7.0156242e-01
   6.9977638e-01
   6.9799498e-01
   6.9621823e-01
   6.9444610e-01
   6.9267859e-01
   6.9091568e-01
   6.8915737e-01
   6.8740363e-01
   6.8565446e-01
   6.8390985e-01
   6.8216978e-01
   6.8043424e-01
   6.7870321e-01
   6.7697669e-01
   6.7525467e-01
   6.7353713e-01
   6.7182405e-01
   6.7011544e-01
   6.6841127e-01
   6.6671153e-01
   6.6501622e-01
   6.6332532e-01
   6.6163881e-01
   6.5995669e-01
   6.5827895e-01
   6.5660557e-01
   6.5493654e-01
   6.5327186e-01
   6.5161150e-01
   6.4995545e-01
   6.4830372e-01
   6.4665627e-01
   6.4501311e-01
   6.4337422e-01
   6.4173959e-01
   6.4010921e-01
   6.3848306e-01
   6.3686114e-01
   6.3524343e-01
   6.3362993e-01
   6.3202062e-01
   6.3041549e-01
   6.2881453e-01
   6.2721772e-01
   6.2562507e-01
   6.2403655e-01
   6.2245215e-01
   6.2087187e-01
   6.1929570e-01
   6.1772361e-01
   6.1615561e-01
   6.1459167e-01
   6.1303180e-01
   6.1147597e-01
   6.0992419e-01
   6.0837643e-01
   6.0683268e-01
   6.0529295e-01
   6.0375720e-01
   6.0222545e-01
   6.0069766e-01
   5.9917384e-01
   5.9765398e-01
   5.9613805e-01
   5.9462606e-01
   5.9311799e-01
   5.9161383e-01
   5.9011357e-01
   5.8861720e-01
   5.8712470e-01
   5.8563608e-01
   5.8415132e-01
   5.8267041e-01
   5.8119334e-01
   5.7972009e-01
   5.7825067e-01
   5.7678505e-01
   5.7532323e-01
   5.7386519e-01
   5.7241094e-01
   5.7096045e-01
   5.6951373e-01
   5.6807075e-01
   5.6663150e-01
   5.6519599e-01
   5.6376419e-01
   5.6233611e-01
   5.6091172e-01
   5.5949102e-01
   5.5807400e-01
   5.5666064e-01
   5.5525095e-01
   5.5384491e-01
   5.5244250e-01
   5.5104373e-01
   5.4964858e-01
   5.4825704e-01
   5.4686910e-01
   5.4548475e-01
   5.4410399e-01
   5.4272680e-01
   5.4135317e-01
   5.3998310e-01
   5.3861657e-01
   5.3725358e-01
   5.3589411e-01
   5.3453816e-01
   5.3318571e-01
   5.3183677e-01
   5.3049131e-01
   5.2914933e-01
   5.2781083e-01
   5.2647578e-01
   5.2514419e-01
   5.2381604e-01
   5.2249132e-01
   5.2117003e-01
   5.1985215e-01
   5.1853768e-01
   5.1722661e-01
   5.1591893e-01
   5.1461462e-01
   5.1331369e-01
   5.1201612e-01
   5.1072190e-01
   5.0943102e-01
   5.0814349e-01
   5.0685927e-01
   5.0557838e-01
   5.0430079e-01
   5.0302650e-01
   5.0175551e-01
   5.0048780e-01
   4.9922336e-01
   4.9796218e-01
   4.9670427e-01
   4.9544960e-01
   4.9419817e-01
   4.9294997e-01
   4.9170500e-01
   4.9046323e-01
   4.8922468e-01
   4.8798932e-01
   4.8675715e-01
   4.8552816e-01
   4.8430234e-01
   4.8307968e-01
   4.8186018e-01
   4.8064383e-01
   4.7943062e-01
   4.7822053e-01
   4.7701357e-01
   4.7580972e-01
   4.7460898e-01
   4.7341133e-01
   4.7221677e-01
   4.7102529e-01
   4.6983689e-01
   4.6865155e-01
   4.6746927e-01
   4.6629004e-01
   4.6511384e-01
   4.6394068e-01
   4.6277055e-01
   4.6160343e-01
   4.6043932e-01
   4.5927821e-01
   4.5812009e-01
   4.5696496e-01
   4.5581280e-01
   4.5466361e-01
   4.5351739e-01
   4.5237412e-01
   4.5123379e-01
   4.5009641e-01
   4.4896195e-01
   4.4783041e-01
   4.4670179e-01
   4.4557608e-01
   4.4445327e-01
   4.4333335e-01
   4.4221631e-01
   4.4110215e-01
   4.3999086e-01
   4.3888244e-01
   4.3777686e-01
   4.3667413e-01
   4.3557425e-01
   4.3447719e-01
   4.3338296e-01
   4.3229154e-01
   4.3120293e-01
   4.3011713e-01
   4.2903412e-01
   4.2795390e-01
   4.2687645e-01
   4.2580178e-01
   4.2472988e-01
   4.2366073e-01
   4.2259434e-01
   4.2153069e-01
   4.2046977e-01
   4.1941158e-01
   4.1835612e-01
   4.1730337e-01
   4.1625333e-01
   4.1520599e-01
   4.1416134e-01
   4.1311938e-01
   4.1208010e-01
   4.1104349e-01
   4.1000955e-01
   4.0897826e-01
   4.0794963e-01
   4.0692364e-01
   4.0590029e-01
   4.0487957e-01
   4.0386147e-01
   4.0284599e-01
   4.0183312e-01
   4.0082286e-01
   3.9981518e-01
   3.9881010e-01
   3.9780760e-01
   3.9680768e-01
   3.9581033e-01
   3.9481554e-01
   3.9382330e-01
   3.9283361e-01
   3.9184647e-01
   3.9086186e-01
   3.8987978e-01
   3.8890022e-01
   3.8792318e-01
   3.8694865e-01
   3.8597662e-01
   3.8500709e-01
   3.8404004e-01
   3.8307548e-01
   3.8211340e-01
   3.8115378e-01
   3.8019663e-01
   3.7924194e-01
   3.7828969e-01
   3.7733989e-01
   3.7639253e-01
   3.7544760e-01
   3.7450510e-01
   3.7356501e-01
   3.7262733e-01
   3.7169207e-01
   3.7075920e-01
   3.6982872e-01
   3.6890063e-01
   3.6797493e-01
   3.6705160e-01
   3.6613063e-01
   3.6521203e-01
   3.6429578e-01
   3.6338189e-01
   3.6247034e-01
   3.6156112e-01
   3.6065424e-01
   3.5974968e-01
   3.5884745e-01
   3.5794752e-01
   3.5704990e-01
   3.5615459e-01
   3.5526157e-01
   3.5437084e-01
   3.5348239e-01
   3.5259622e-01
   3.5171232e-01
   3.5083068e-01
   3.4995131e-01
   3.4907419e-01
   3.4819931e-01
   3.4732668e-01
   3.4645629e-01
   3.4558812e-01
   3.4472218e-01
   3.4385845e-01
   3.4299694e-01
   3.4213764e-01
   3.4128054e-01
   3.4042563e-01
   3.3957291e-01
   3.3872238e-01
   3.3787402e-01
   3.3702784e-01
   3.3618382e-01
   3.3534196e-01
   3.3450226e-01
   3.3366471e-01
   3.3282931e-01
   3.3199604e-01
   3.3116491e-01
   3.3033590e-01
   3.2950901e-01
   3.2868425e-01
   3.2786159e-01
   3.2704104e-01
   3.2622258e-01
   3.2540623e-01
   3.2459196e-01
   3.2377977e-01
   3.2296967e-01
   3.2216163e-01
   3.2135566e-01
   3.2055176e-01
   3.1974991e-01
   3.1895011e-01
   3.1815236e-01
   3.1735665e-01
   3.1656297e-01
   3.1577132e-01
   3.1498170e-01
   3.1419410e-01
   3.1340851e-01
   3.1262493e-01
   3.1184335e-01
   3.1106377e-01
   3.1028619e-01
   3.0951059e-01
   3.0873697e-01
   3.0796534e-01
   3.0719567e-01
   3.0642797e-01
   3.0566224e-01
   3.0489846e-01
   3.0413663e-01
   3.0337675e-01
   3.0261881e-01
   3.0186281e-01
   3.0110874e-01
   3.0035659e-01
   2.9960637e-01
   2.9885807e-01
   2.9811167e-01
   2.9736718e-01
   2.9662460e-01
   2.9588391e-01
   2.9514511e-01
   2.9440820e-01
   2.9367317e-01
   2.9294002e-01
   2.9220874e-01
   2.9147933e-01
   2.9075178e-01
   2.9002609e-01
   2.8930225e-01
   2.8858025e-01
   2.8786011e-01
   2.8714180e-01
   2.8642532e-01
   2.8571067e-01
   2.8499785e-01
   2.8428684e-01
   2.8357765e-01
   2.8287027e-01
   2.8216469e-01
   2.8146092e-01
   2.8075894e-01
   2.8005875e-01
   2.7936035e-01
   2.7866373e-01
   2.7796889e-01
   2.7727581e-01
   2.7658451e-01
   2.7589497e-01
   2.7520719e-01
   2.7452116e-01
   2.7383689e-01
   2.7315435e-01
   2.7247356e-01
   2.7179451e-01
   2.7111718e-01
   2.7044159e-01
   2.6976771e-01
   2.6909555e-01
   2.6842511e-01
   2.6775638e-01
   2.6708935e-01
   2.6642402e-01
   2.6576038e-01
   2.6509844e-01
   2.6443819e-01
   2.6377961e-01
   2.6312272e-01
   2.6246750e-01
   2.6181395e-01
   2.6116206e-01
   2.6051184e-01
   2.5986327e-01
   2.5921635e-01
   2.5857109e-01
   2.5792746e-01
   2.5728548e-01
   2.5664513e-01
   2.5600641e-01
   2.5536932e-01
   2.5473385e-01
   2.5410000e-01
   2.5346776e-01
   2.5283713e-01
   2.5220811e-01
   2.5158069e-01
   2.5095487e-01
   2.5033064e-01
   2.4970800e-01
   2.4908694e-01
   2.4846747e-01
   2.4784957e-01
   2.4723325e-01
   2.4661849e-01
   2.4600530e-01
   2.4539367e-01
   2.4478360e-01
   2.4417507e-01
   2.4356810e-01
   2.4296267e-01
   2.4235878e-01
   2.4175643e-01
   2.4115561e-01
   2.4055632e-01
   2.3995855e-01
   2.3936231e-01
   2.3876758e-01
   2.3817436e-01
   2.3758265e-01
   2.3699245e-01
   2.3640375e-01
   2.3581654e-01
   2.3523083e-01
   2.3464660e-01
   2.3406387e-01
   2.3348261e-01
   2.3290283e-01
   2.3232453e-01
   2.3174769e-01
   2.3117233e-01
   2.3059842e-01
   2.3002598e-01
   2.2945498e-01
   2.2888544e-01
   2.2831735e-01
   2.2775070e-01
   2.2718549e-01
   2.2662172e-01
   2.2605938e-01
   2.2549847e-01
   2.2493898e-01
   2.2438091e-01
   2.2382427e-01
   2.2326903e-01
   2.2271521e-01
   2.2216279e-01
   2.2161178e-01
   2.2106217e-01
   2.2051395e-01
   2.1996712e-01
   2.1942169e-01
   2.1887764e-01
   2.1833497e-01
   2.1779367e-01
   2.1725375e-01
   2.1671521e-01
   2.1617803e-01
   2.1564221e-01
   2.1510776e-01
   2.1457466e-01
   2.1404291e-01
   2.1351251e-01
   2.1298346e-01
   2.1245576e-01
   2.1192939e-01
   2.1140435e-01
   2.1088065e-01
   2.1035828e-01
   2.0983724e-01
   2.0931751e-01
   2.0879911e-01
   2.0828202e-01
   2.0776624e-01
   2.0725177e-01
   2.0673860e-01
   2.0622674e-01
   2.0571618e-01
   2.0520691e-01
   2.0469893e-01
   2.0419224e-01
   2.0368683e-01
   2.0318271e-01
   2.0267986e-01
   2.0217829e-01
   2.0167799e-01
   2.0117896e-01
   2.0068120e-01
   2.0018470e-01
   1.9968945e-01
   1.9919546e-01
   1.9870272e-01
   1.9821124e-01
   1.9772099e-01
   1.9723199e-01
   1.9674423e-01
   1.9625771e-01
   1.9577242e-01
   1.9528836e-01
   1.9480552e-01
   1.9432391e-01
   1.9384352e-01
   1.9336434e-01
   1.9288638e-01
   1.9240963e-01
   1.9193409e-01
   1.9145975e-01
   1.9098661e-01
   1.9051467e-01
   1.9004393e-01
   1.8957438e-01
   1.8910602e-01
   1.8863884e-01
   1.8817285e-01
   1.8770804e-01
   1.8724440e-01
   1.8678194e-01
   1.8632065e-01
   1.8586052e-01
   1.8540157e-01
   1.8494377e-01
   1.8448713e-01
   1.8403165e-01
   1.8357732e-01
   1.8312414e-01
   1.8267211e-01
   1.8222122e-01
   1.8177147e-01
   1.8132286e-01
   1.8087538e-01
   1.8042904e-01
   1.7998383e-01
   1.7953974e-01
   1.7909678e-01
   1.7865494e-01
   1.7821421e-01
   1.7777460e-01
   1.7733610e-01
   1.7689871e-01
   1.7646243e-01
   1.7602725e-01
   1.7559317e-01
   1.7516019e-01
   1.7472830e-01
   1.7429751e-01
   1.7386780e-01
   1.7343918e-01
   1.7301164e-01
   1.7258519e-01
   1.7215981e-01
   1.7173551e-01
   1.7131228e-01
   1.7089012e-01
   1.7046903e-01
   1.7004900e-01
   1.6963004e-01
   1.6921213e-01
   1.6879528e-01
   1.6837948e-01
   1.6796473e-01
   1.6755103e-01
   1.6713838e-01
   1.6672677e-01
   1.6631619e-01
   1.6590666e-01
   1.6549816e-01
   1.6509069e-01
   1.6468425e-01
   1.6427884e-01
   1.6387445e-01
   1.6347108e-01
   1.6306873e-01
   1.6266740e-01
   1.6226708e-01
   1.6186777e-01
   1.6146947e-01
   1.6107218e-01
   1.6067589e-01
   1.6028059e-01
   1.5988630e-01
   1.5949300e-01
   1.5910070e-01
   1.5870938e-01
   1.5831906e-01
   1.5792971e-01
   1.5754135e-01
   1.5715397e-01
   1.5676757e-01
   1.5638214e-01
   1.5599769e-01
   1.5561421e-01
   1.5523169e-01
   1.5485014e-01
   1.5446955e-01
   1.5408992e-01
   1.5371125e-01
   1.5333353e-01
   1.5295677e-01
   1.5258095e-01
   1.5220609e-01
   1.5183217e-01
   1.5145919e-01
   1.5108715e-01
   1.5071606e-01
   1.5034589e-01
   1.4997666e-01
   1.4960837e-01
   1.4924100e-01
   1.4887455e-01
   1.4850903e-01
   1.4814443e-01
   1.4778075e-01
   1.4741799e-01
   1.4705614e-01
   1.4669521e-01
   1.4633518e-01
   1.4597606e-01
   1.4561785e-01
   1.4526053e-01
   1.4490412e-01
   1.4454861e-01
   1.4419399e-01
   1.4384027e-01
   1.4348743e-01
   1.4313549e-01
   1.4278443e-01
   1.4243426e-01
   1.4208497e-01
   1.4173655e-01
   1.4138902e-01
   1.4104236e-01
   1.4069658e-01
   1.4035166e-01
   1.4000761e-01
   1.3966443e-01
   1.3932212e-01
   1.3898066e-01
   1.3864007e-01
   1.3830033e-01
   1.3796145e-01
   1.3762342e-01
   1.3728624e-01
   1.3694991e-01
   1.3661443e-01
   1.3627979e-01
   1.3594600e-01
   1.3561304e-01
   1.3528092e-01
   1.3494964e-01
   1.3461919e-01
   1.3428957e-01
   1.3396079e-01
   1.3363282e-01
   1.3330569e-01
   1.3297938e-01
   1.3265388e-01
   1.3232921e-01
   1.3200535e-01
   1.3168231e-01
   1.3136008e-01
   1.3103866e-01
   1.3071805e-01
   1.3039825e-01
   1.3007925e-01
   1.2976105e-01
   1.2944365e-01
   1.2912705e-01
   1.2881125e-01
   1.2849624e-01
   1.2818202e-01
   1.2786859e-01
   1.2755595e-01
   1.2724410e-01
   1.2693303e-01
   1.2662274e-01
   1.2631323e-01
   1.2600450e-01
   1.2569654e-01
   1.2538936e-01
   1.2508295e-01
   1.2477731e-01
   1.2447244e-01
   1.2416833e-01
   1.2386499e-01
   1.2356241e-01
   1.2326059e-01
   1.2295953e-01
   1.2265922e-01
   1.2235967e-01
   1.2206087e-01
   1.2176282e-01
   1.2146552e-01
   1.2116897e-01
   1.2087316e-01
   1.2057810e-01
   1.2028377e-01
   1.1999019e-01
   1.1969734e-01
   1.1940522e-01
   1.1911384e-01
   1.1882319e-01
   1.1853328e-01
   1.1824408e-01
   1.1795562e-01
   1.1766788e-01
   1.1738086e-01
   1.1709456e-01
   1.1680898e-01
   1.1652411e-01
   1.1623996e-01
   1.1595653e-01
   1.1567380e-01
   1.1539179e-01
   1.1511048e-01
   1.1482988e-01
   1.1454998e-01
   1.1427078e-01
   1.1399228e-01
   1.1371449e-01
   1.1343738e-01
   1.1316098e-01
   1.1288527e-01
   1.1261024e-01
   1.1233591e-01
   1.1206227e-01
   1.1178931e-01
   1.1151704e-01
   1.1124545e-01
   1.1097454e-01
   1.1070430e-01
   1.1043475e-01
   1.1016587e-01
   1.0989767e-01
   1.0963014e-01
   1.0936328e-01
   1.0909708e-01
   1.0883156e-01
   1.0856670e-01
   1.0830250e-01
   1.0803897e-01
   1.0777610e-01
   1.0751388e-01
   1.0725232e-01
   1.0699142e-01
   1.0673117e-01
   1.0647157e-01
   1.0621263e-01
   1.0595433e-01
   1.0569668e-01
   1.0543967e-01
   1.0518331e-01
   1.0492759e-01
   1.0467251e-01
   1.0441806e-01
   1.0416426e-01
   1.0391109e-01
   1.0365856e-01
   1.0340665e-01
   1.0315538e-01
   1.0290474e-01
   1.0265472e-01
   1.0240533e-01
   1.0215657e-01
   1.0190842e-01
   1.0166090e-01
   1.0141400e-01
   1.0116771e-01
   1.0092204e-01
   1.0067699e-01
   1.0043255e-01
   1.0018872e-01
   9.9945503e-02
   9.9702892e-02
   9.9460889e-02
   9.9219491e-02
   9.8978696e-02
   9.8738504e-02
   9.8498913e-02
   9.8259921e-02
   9.8021527e-02
   9.7783729e-02
   9.7546526e-02
   9.7309915e-02
   9.7073897e-02
   9.6838468e-02
   9.6603629e-02
   9.6369376e-02
   9.6135709e-02
   9.5902626e-02
   9.5670126e-02
   9.5438207e-02
   9.5206867e-02
   9.4976106e-02
   9.4745922e-02
   9.4516313e-02
   9.4287277e-02
   9.4058814e-02
   9.3830922e-02
   9.3603600e-02
   9.3376845e-02
   9.3150657e-02
   9.2925034e-02
   9.2699974e-02
   9.2475477e-02
   9.2251541e-02
   9.2028164e-02
   9.1805345e-02
   9.1583082e-02
   9.1361375e-02
   9.1140221e-02
   9.0919619e-02
   9.0699569e-02
   9.0480068e-02
   9.0261115e-02
   9.0042708e-02
   8.9824847e-02
   8.9607530e-02
   8.9390755e-02
   8.9174522e-02
   8.8958828e-02
   8.8743672e-02
   8.8529054e-02
   8.8314971e-02
   8.8101423e-02
   8.7888407e-02
   8.7675923e-02
   8.7463970e-02
   8.7252545e-02
   8.7041648e-02
   8.6831276e-02
   8.6621430e-02
   8.6412107e-02
   8.6203307e-02
   8.5995027e-02
   8.5787267e-02
   8.5580025e-02
   8.5373300e-02
   8.5167090e-02
   8.4961395e-02
   8.4756212e-02
   8.4551542e-02
   8.4347381e-02
   8.4143730e-02
   8.3940587e-02
   8.3737950e-02
   8.3535818e-02
   8.3334190e-02
   8.3133064e-02
   8.2932440e-02
   8.2732316e-02
   8.2532691e-02
   8.2333564e-02
   8.2134932e-02
   8.1936796e-02
   8.1739153e-02
   8.1542003e-02
   8.1345344e-02
   8.1149176e-02
   8.0953496e-02
   8.0758303e-02
   8.0563597e-02
   8.0369375e-02
   8.0175638e-02
   7.9982383e-02
   7.9789609e-02
   7.9597316e-02
   7.9405501e-02
   7.9214164e-02
   7.9023304e-02
   7.8832919e-02
   7.8643008e-02
   7.8453569e-02
   7.8264603e-02
   7.8076107e-02
   7.7888080e-02
   7.7700521e-02
   7.7513429e-02
   7.7326803e-02
   7.7140641e-02
   7.6954943e-02
   7.6769707e-02
   7.6584932e-02
   7.6400616e-02
   7.6216760e-02
   7.6033361e-02
   7.5850418e-02
   7.5667930e-02
   7.5485896e-02
   7.5304315e-02
   7.5123186e-02
   7.4942508e-02
   7.4762279e-02
   7.4582498e-02
   7.4403164e-02
   7.4224276e-02
   7.4045833e-02
   7.3867834e-02
   7.3690278e-02
   7.3513163e-02
   7.3336488e-02
   7.3160253e-02
   7.2984456e-02
   7.2809096e-02
   7.2634172e-02
   7.2459683e-02
   7.2285627e-02
   7.2112004e-02
   7.1938813e-02
   7.1766052e-02
   7.1593720e-02
   7.1421817e-02
   7.1250340e-02
   7.1079290e-02
   7.0908665e-02
   7.0738464e-02
   7.0568686e-02
   7.0399329e-02
   7.0230393e-02
   7.0061877e-02
   6.9893780e-02
   6.9726100e-02
   6.9558836e-02
   6.9391988e-02
   6.9225554e-02
   6.9059534e-02
   6.8893925e-02
   6.8728728e-02
   6.8563942e-02
   6.8399564e-02
   6.8235594e-02
   6.8072032e-02
   6.7908875e-02
   6.7746124e-02
   6.7583776e-02
   6.7421832e-02
   6.7260289e-02
   6.7099148e-02
   6.6938406e-02
   6.6778063e-02
   6.6618118e-02
   6.6458570e-02
   6.6299418e-02
   6.6140660e-02
   6.5982297e-02
   6.5824326e-02
   6.5666748e-02
   6.5509560e-02
   6.5352762e-02
   6.5196353e-02
   6.5040332e-02
   6.4884698e-02
   6.4729449e-02
   6.4574586e-02
   6.4420107e-02
   6.4266011e-02
   6.4112297e-02
   6.3958964e-02
   6.3806011e-02
   6.3653437e-02
   6.3501242e-02
   6.3349424e-02
   6.3197982e-02
   6.3046916e-02
   6.2896224e-02
   6.2745905e-02
   6.2595959e-02
   6.2446384e-02
   6.2297181e-02
   6.2148346e-02
   6.1999881e-02
   6.1851783e-02
   6.1704053e-02
   6.1556688e-02
   6.1409688e-02
   6.1263053e-02
   6.1116781e-02
   6.0970871e-02
   6.0825322e-02
   6.0680134e-02
   6.0535305e-02
   6.0390835e-02
   6.0246723e-02
   6.0102967e-02
   5.9959568e-02
   5.9816523e-02
   5.9673833e-02
   5.9531496e-02
   5.9389511e-02
   5.9247878e-02
   5.9106595e-02
   5.8965662e-02
   5.8825077e-02
   5.8684841e-02
   5.8544952e-02
   5.8405408e-02
   5.8266211e-02
   5.8127357e-02
   5.7988847e-02
   5.7850680e-02
   5.7712854e-02
   5.7575370e-02
   5.7438225e-02
   5.7301420e-02
   5.7164953e-02
   5.7028824e-02
   5.6893031e-02
   5.6757574e-02
   5.6622452e-02
   5.6487664e-02
   5.6353210e-02
   5.6219088e-02
   5.6085297e-02
   5.5951837e-02
   5.5818707e-02
   5.5685907e-02
   5.5553434e-02
   5.5421289e-02
   5.5289470e-02
   5.5157978e-02
   5.5026810e-02
   5.4895966e-02
   5.4765446e-02
   5.4635248e-02
   5.4505372e-02
   5.4375817e-02
   5.4246582e-02
   5.4117666e-02
   5.3989068e-02
   5.3860789e-02
   5.3732826e-02
   5.3605179e-02
   5.3477847e-02
   5.3350830e-02
   5.3224126e-02
   5.3097736e-02
   5.2971657e-02
   5.2845890e-02
   5.2720433e-02
   5.2595286e-02
   5.2470448e-02
   5.2345918e-02
   5.2221695e-02
   5.2097779e-02
   5.1974169e-02
   5.1850864e-02
   5.1727864e-02
   5.1605166e-02
   5.1482772e-02
   5.1360680e-02
   5.1238889e-02
   5.1117398e-02
   5.0996207e-02
   5.0875315e-02
   5.0754721e-02
   5.0634425e-02
   5.0514426e-02
   5.0394722e-02
   5.0275314e-02
   5.0156200e-02
   5.0037380e-02
   4.9918853e-02
   4.9800618e-02
   4.9682674e-02
   4.9565022e-02
   4.9447659e-02
   4.9330586e-02
   4.9213802e-02
   4.9097305e-02
   4.8981096e-02
   4.8865172e-02
   4.8749535e-02
   4.8634183e-02
   4.8519114e-02
   4.8404330e-02
   4.8289828e-02
   4.8175609e-02
   4.8061670e-02
   4.7948013e-02
   4.7834635e-02
   4.7721537e-02
   4.7608717e-02
   4.7496176e-02
   4.7383911e-02
   4.7271923e-02
   4.7160211e-02
   4.7048774e-02
   4.6937611e-02
   4.6826722e-02
   4.6716106e-02
   4.6605762e-02
   4.6495690e-02
   4.6385889e-02
   4.6276359e-02
   4.6167098e-02
   4.6058105e-02
   4.5949381e-02
   4.5840925e-02
   4.5732736e-02
   4.5624813e-02
   4.5517155e-02
   4.5409762e-02
   4.5302634e-02
   4.5195769e-02
   4.5089167e-02
   4.4982827e-02
   4.4876749e-02
   4.4770932e-02
   4.4665375e-02
   4.4560077e-02
   4.4455039e-02
   4.4350259e-02
   4.4245737e-02
   4.4141471e-02
   4.4037462e-02
   4.3933709e-02
   4.3830211e-02
   4.3726967e-02
   4.3623977e-02
   4.3521240e-02
   4.3418756e-02
   4.3316524e-02
   4.3214543e-02
   4.3112812e-02
   4.3011332e-02
   4.2910101e-02
   4.2809118e-02
   4.2708384e-02
   4.2607897e-02
   4.2507657e-02
   4.2407664e-02
   4.2307916e-02
   4.2208413e-02
   4.2109154e-02
   4.2010140e-02
   4.1911368e-02
   4.1812839e-02
   4.1714552e-02
   4.1616506e-02
   4.1518701e-02
   4.1421137e-02
   4.1323811e-02
   4.1226725e-02
   4.1129877e-02
   4.1033267e-02
   4.0936894e-02
   4.0840757e-02
   4.0744857e-02
   4.0649191e-02
   4.0553761e-02
   4.0458564e-02
   4.0363602e-02
   4.0268872e-02
   4.0174375e-02
   4.0080109e-02
   3.9986075e-02
   3.9892272e-02
   3.9798698e-02
   3.9705354e-02
   3.9612239e-02
   3.9519353e-02
   3.9426694e-02
   3.9334262e-02
   3.9242057e-02
   3.9150078e-02
   3.9058325e-02
   3.8966797e-02
   3.8875493e-02
   3.8784413e-02
   3.8693556e-02
   3.8602922e-02
   3.8512510e-02
   3.8422319e-02
   3.8332350e-02
   3.8242601e-02
   3.8153072e-02
   3.8063762e-02
   3.7974671e-02
   3.7885799e-02
   3.7797144e-02
   3.7708706e-02
   3.7620485e-02
   3.7532480e-02
   3.7444691e-02
   3.7357117e-02
   3.7269757e-02
   3.7182611e-02
   3.7095678e-02
   3.7008959e-02
   3.6922451e-02
   3.6836156e-02
   3.6750072e-02
   3.6664198e-02
   3.6578535e-02
   3.6493081e-02
   3.6407837e-02
   3.6322801e-02
   3.6237973e-02
   3.6153353e-02
   3.6068940e-02
   3.5984734e-02
   3.5900733e-02
   3.5816938e-02
   3.5733348e-02
   3.5649963e-02
   3.5566781e-02
   3.5483803e-02
   3.5401028e-02
   3.5318456e-02
   3.5236085e-02
   3.5153916e-02
   3.5071948e-02
   3.4990180e-02
   3.4908612e-02
   3.4827244e-02
   3.4746074e-02
   3.4665103e-02
   3.4584330e-02
   3.4503754e-02
   3.4423375e-02
   3.4343193e-02
   3.4263207e-02
   3.4183416e-02
   3.4103820e-02
   3.4024419e-02
   3.3945211e-02
   3.3866197e-02
   3.3787377e-02
   3.3708748e-02
   3.3630312e-02
   3.3552068e-02
   3.3474014e-02
   3.3396151e-02
   3.3318479e-02
   3.3240996e-02
   3.3163702e-02
   3.3086597e-02
   3.3009680e-02
   3.2932951e-02
   3.2856409e-02
   3.2780054e-02
   3.2703886e-02
   3.2627903e-02
   3.2552106e-02
   3.2476494e-02
   3.2401067e-02
   3.2325823e-02
   3.2250764e-02
   3.2175887e-02
   3.2101193e-02
   3.2026681e-02
   3.1952351e-02
   3.1878202e-02
   3.1804235e-02
   3.1730447e-02
   3.1656840e-02
   3.1583412e-02
   3.1510163e-02
   3.1437093e-02
   3.1364201e-02
   3.1291487e-02
   3.1218950e-02
   3.1146590e-02
   3.1074406e-02
   3.1002398e-02
   3.0930566e-02
   3.0858909e-02
   3.0787427e-02
   3.0716118e-02
   3.0644984e-02
   3.0574023e-02
   3.0503235e-02
   3.0432619e-02
   3.0362175e-02
   3.0291903e-02
   3.0221802e-02
   3.0151872e-02
   3.0082112e-02
   3.0012522e-02
   2.9943102e-02
   2.9873851e-02
   2.9804768e-02
   2.9735854e-02
   2.9667107e-02
   2.9598528e-02
   2.9530115e-02
   2.9461870e-02
   2.9393790e-02
   2.9325876e-02
   2.9258128e-02
   2.9190544e-02
   2.9123125e-02
   2.9055870e-02
   2.8988778e-02
   2.8921850e-02
   2.8855085e-02
   2.8788482e-02
   2.8722041e-02
   2.8655762e-02
   2.8589644e-02
   2.8523686e-02
   2.8457890e-02
   2.8392253e-02
   2.8326776e-02
   2.8261458e-02
   2.8196299e-02
   2.8131298e-02
   2.8066456e-02
   2.8001771e-02
   2.7937243e-02
   2.7872872e-02
   2.7808658e-02
   2.7744600e-02
   2.7680697e-02
   2.7616950e-02
   2.7553358e-02
   2.7489920e-02
   2.7426636e-02
   2.7363506e-02
   2.7300530e-02
   2.7237706e-02
   2.7175035e-02
   2.7112517e-02
   2.7050150e-02
   2.6987934e-02
   2.6925870e-02
   2.6863957e-02
   2.6802193e-02
   2.6740580e-02
   2.6679117e-02
   2.6617802e-02
   2.6556637e-02
   2.6495620e-02
   2.6434751e-02
   2.6374030e-02
   2.6313456e-02
   2.6253029e-02
   2.6192749e-02
   2.6132615e-02
   2.6072627e-02
   2.6012785e-02
   2.5953088e-02
   2.5893536e-02
   2.5834128e-02
   2.5774864e-02
   2.5715744e-02
   2.5656767e-02
   2.5597934e-02
   2.5539243e-02
   2.5480694e-02
   2.5422288e-02
   2.5364023e-02
   2.5305899e-02
   2.5247916e-02
   2.5190074e-02
   2.5132372e-02
   2.5074810e-02
   2.5017387e-02
   2.4960104e-02
   2.4902959e-02
   2.4845953e-02
   2.4789085e-02
   2.4732355e-02
   2.4675762e-02
   2.4619307e-02
   2.4562988e-02
   2.4506805e-02
   2.4450759e-02
   2.4394848e-02
   2.4339073e-02
   2.4283433e-02
   2.4227928e-02
   2.4172557e-02
   2.4117320e-02
   2.4062217e-02
   2.4007247e-02
   2.3952410e-02
   2.3897706e-02
   2.3843135e-02
   2.3788695e-02
   2.3734388e-02
   2.3680211e-02
   2.3626166e-02
   2.3572252e-02
   2.3518468e-02
   2.3464814e-02
   2.3411290e-02
   2.3357895e-02
   2.3304630e-02
   2.3251494e-02
   2.3198486e-02
   2.3145606e-02
   2.3092854e-02
   2.3040230e-02
   2.2987732e-02
   2.2935362e-02
   2.2883119e-02
   2.2831001e-02
   2.2779010e-02
   2.2727145e-02
   2.2675404e-02
   2.2623789e-02
   2.2572299e-02
   2.2520933e-02
   2.2469691e-02
   2.2418573e-02
   2.2367578e-02
   2.2316707e-02
   2.2265959e-02
   2.2215333e-02
   2.2164829e-02
   2.2114448e-02
   2.2064188e-02
   2.2014049e-02
   2.1964032e-02
   2.1914135e-02
   2.1864359e-02
   2.1814703e-02
   2.1765167e-02
   2.1715750e-02
   2.1666453e-02
   2.1617275e-02
   2.1568215e-02
   2.1519274e-02
   2.1470451e-02
   2.1421746e-02
   2.1373158e-02
   2.1324688e-02
   2.1276334e-02
   2.1228097e-02
   2.1179977e-02
   2.1131972e-02
   2.1084084e-02
   2.1036311e-02
   2.0988653e-02
   2.0941110e-02
   2.0893681e-02
   2.0846367e-02
   2.0799167e-02
   2.0752081e-02
   2.0705109e-02
   2.0658249e-02
   2.0611503e-02
   2.0564869e-02
   2.0518348e-02
   2.0471939e-02
   2.0425641e-02
   2.0379455e-02
   2.0333381e-02
   2.0287417e-02
   2.0241564e-02
   2.0195822e-02
   2.0150190e-02
   2.0104667e-02
   2.0059255e-02
   2.0013952e-02
   1.9968757e-02
   1.9923672e-02
   1.9878695e-02
   1.9833827e-02
   1.9789066e-02
   1.9744413e-02
   1.9699868e-02
   1.9655430e-02
   1.9611099e-02
   1.9566875e-02
   1.9522757e-02
   1.9478745e-02
   1.9434839e-02
   1.9391039e-02
   1.9347344e-02
   1.9303754e-02
   1.9260269e-02
   1.9216889e-02
   1.9173613e-02
   1.9130441e-02
   1.9087373e-02
   1.9044409e-02
   1.9001547e-02
   1.8958789e-02
   1.8916134e-02
   1.8873581e-02
   1.8831131e-02
   1.8788782e-02
   1.8746536e-02
   1.8704390e-02
   1.8662347e-02
   1.8620404e-02
   1.8578562e-02
   1.8536820e-02
   1.8495179e-02
   1.8453638e-02
   1.8412197e-02
   1.8370855e-02
   1.8329612e-02
   1.8288469e-02
   1.8247424e-02
   1.8206478e-02
   1.8165630e-02
   1.8124880e-02
   1.8084229e-02
   1.8043674e-02
   1.8003217e-02
   1.7962858e-02
   1.7922595e-02
   1.7882428e-02
   1.7842358e-02
   1.7802385e-02
   1.7762507e-02
   1.7722725e-02
   1.7683038e-02
   1.7643446e-02
   1.7603950e-02
   1.7564548e-02
   1.7525241e-02
   1.7486028e-02
   1.7446909e-02
   1.7407884e-02
   1.7368952e-02
   1.7330114e-02
   1.7291369e-02
   1.7252717e-02
   1.7214157e-02
   1.7175690e-02
   1.7137315e-02
   1.7099032e-02
   1.7060841e-02
   1.7022741e-02
   1.6984733e-02
   1.6946816e-02
   1.6908989e-02
   1.6871253e-02
   1.6833608e-02
   1.6796053e-02
   1.6758587e-02
   1.6721212e-02
   1.6683926e-02
   1.6646729e-02
   1.6609621e-02
   1.6572602e-02
   1.6535672e-02
   1.6498830e-02
   1.6462077e-02
   1.6425411e-02
   1.6388833e-02
   1.6352343e-02
   1.6315940e-02
   1.6279624e-02
   1.6243395e-02
   1.6207252e-02
   1.6171196e-02
   1.6135227e-02
   1.6099343e-02
   1.6063545e-02
   1.6027833e-02
   1.5992207e-02
   1.5956665e-02
   1.5921209e-02
   1.5885837e-02
   1.5850550e-02
   1.5815347e-02
   1.5780228e-02
   1.5745193e-02
   1.5710242e-02
   1.5675375e-02
   1.5640591e-02
   1.5605890e-02
   1.5571272e-02
   1.5536737e-02
   1.5502284e-02
   1.5467913e-02
   1.5433625e-02
   1.5399418e-02
   1.5365293e-02
   1.5331250e-02
   1.5297288e-02
   1.5263407e-02
   1.5229607e-02
   1.5195888e-02
   1.5162249e-02
   1.5128691e-02
   1.5095212e-02
   1.5061814e-02
   1.5028495e-02
   1.4995256e-02
   1.4962096e-02
   1.4929015e-02
   1.4896013e-02
   1.4863090e-02
   1.4830245e-02
   1.4797479e-02
   1.4764791e-02
   1.4732181e-02
   1.4699649e-02
   1.4667194e-02
   1.4634816e-02
   1.4602516e-02
   1.4570293e-02
   1.4538147e-02
   1.4506077e-02
   1.4474084e-02
   1.4442167e-02
   1.4410326e-02
   1.4378561e-02
   1.4346872e-02
   1.4315258e-02
   1.4283720e-02
   1.4252256e-02
   1.4220868e-02
   1.4189554e-02
   1.4158315e-02
   1.4127151e-02
   1.4096060e-02
   1.4065044e-02
   1.4034101e-02
   1.4003233e-02
   1.3972437e-02
   1.3941715e-02
   1.3911066e-02
   1.3880491e-02
   1.3849987e-02
   1.3819557e-02
   1.3789199e-02
   1.3758913e-02
   1.3728699e-02
   1.3698557e-02
   1.3668487e-02
   1.3638488e-02
   1.3608561e-02
   1.3578705e-02
   1.3548920e-02
   1.3519206e-02
   1.3489562e-02
   1.3459989e-02
   1.3430486e-02
   1.3401054e-02
   1.3371691e-02
   1.3342398e-02
   1.3313175e-02
   1.3284021e-02
   1.3254937e-02
   1.3225921e-02
   1.3196975e-02
   1.3168097e-02
   1.3139288e-02
   1.3110548e-02
   1.3081875e-02
   1.3053271e-02
   1.3024735e-02
   1.2996266e-02
   1.2967866e-02
   1.2939532e-02
   1.2911266e-02
   1.2883067e-02
   1.2854935e-02
   1.2826870e-02
   1.2798871e-02
   1.2770939e-02
   1.2743073e-02
   1.2715273e-02
   1.2687539e-02
   1.2659871e-02
   1.2632269e-02
   1.2604732e-02
   1.2577260e-02
   1.2549854e-02
   1.2522512e-02
   1.2495236e-02
   1.2468024e-02
   1.2440877e-02
   1.2413794e-02
   1.2386775e-02
   1.2359820e-02
   1.2332930e-02
   1.2306103e-02
   1.2279339e-02
   1.2252639e-02
   1.2226002e-02
   1.2199429e-02
   1.2172918e-02
   1.2146470e-02
   1.2120085e-02
   1.2093763e-02
   1.2067502e-02
   1.2041304e-02
   1.2015168e-02
   1.1989094e-02
   1.1963082e-02
   1.1937131e-02
   1.1911241e-02
   1.1885413e-02
   1.1859646e-02
   1.1833940e-02
   1.1808295e-02
   1.1782711e-02
   1.1757187e-02
   1.1731724e-02
   1.1706321e-02
   1.1680977e-02
   1.1655694e-02
   1.1630471e-02
   1.1605307e-02
   1.1580203e-02
   1.1555159e-02
   1.1530173e-02
   1.1505247e-02
   1.1480379e-02
   1.1455570e-02
   1.1430820e-02
   1.1406129e-02
   1.1381496e-02
   1.1356921e-02
   1.1332404e-02
   1.1307945e-02
   1.1283544e-02
   1.1259200e-02
   1.1234914e-02
   1.1210686e-02
   1.1186514e-02
   1.1162400e-02
   1.1138343e-02
   1.1114342e-02
   1.1090399e-02
   1.1066511e-02
   1.1042681e-02
   1.1018906e-02
   1.0995188e-02
   1.0971525e-02
   1.0947919e-02
   1.0924368e-02
   1.0900872e-02
   1.0877432e-02
   1.0854048e-02
   1.0830719e-02
   1.0807444e-02
   1.0784225e-02
   1.0761060e-02
