   3.3308297e+00
   3.3304413e+00
   3.3300530e+00
   3.3296647e+00
   3.3292766e+00
   3.3288886e+00
   3.3285006e+00
   3.3281127e+00
   3.3277250e+00
   3.3273373e+00
   3.3269497e+00
   3.3265622e+00
   3.3261748e+00
   3.3257874e+00
   3.3254002e+00
   3.3250130e+00
   3.3246260e+00
   3.3242390e+00
   3.3238521e+00
   3.3234653e+00
   3.3230786e+00
   3.3226920e+00
   3.3223055e+00
   3.3219190e+00
   3.3215327e+00
   3.3211464e+00
   3.3207602e+00
   3.3203741e+00
   3.3199881e+00
   3.3196022e+00
   3.3192164e+00
   3.3188306e+00
   3.3184450e+00
   3.3180594e+00
   3.3176740e+00
   3.3172886e+00
   3.3169033e+00
   3.3165181e+00
   3.3161330e+00
   3.3157479e+00
   3.3153630e+00
   3.3149781e+00
   3.3145933e+00
   3.3142087e+00
   3.3138241e+00
   3.3134395e+00
   3.3130551e+00
   3.3126708e+00
   3.3122865e+00
   3.3119024e+00
   3.3115183e+00
   3.3111343e+00
   3.3107504e+00
   3.3103666e+00
   3.3099829e+00
   3.3095992e+00
   3.3092157e+00
   3.3088322e+00
   3.3084488e+00
   3.3080655e+00
   3.3076823e+00
   3.3072992e+00
   3.3069161e+00
   3.3065332e+00
   3.3061503e+00
   3.3057675e+00
   3.3053848e+00
   3.3050022e+00
   3.3046197e+00
   3.3042373e+00
   3.3038549e+00
   3.3034726e+00
   3.3030905e+00
   3.3027084e+00
   3.3023264e+00
   3.3019444e+00
   3.3015626e+00
   3.3011808e+00
   3.3007992e+00
   3.3004176e+00
   3.3000361e+00
   3.2996547e+00
   3.2992733e+00
   3.2988921e+00
   3.2985109e+00
   3.2981299e+00
   3.2977489e+00
   3.2973680e+00
   3.2969871e+00
   3.2966064e+00
   3.2962258e+00
   3.2958452e+00
   3.2954647e+00
   3.2950843e+00
   3.2947040e+00
   3.2943238e+00
   3.2939436e+00
   3.2935635e+00
   3.2931836e+00
   3.2928037e+00
   3.2924239e+00
   3.2920882e+00
   3.7373198e+00
   4.1734839e+00
   4.6013667e+00
   5.0216426e+00
   5.4349355e+00
   5.8418270e+00
   6.2428646e+00
   6.6385665e+00
   7.0294283e+00
   7.4159309e+00
   7.7985508e+00
   8.1777752e+00
   8.5541211e+00
   8.9281651e+00
   9.3005807e+00
   9.6721924e+00
   1.0044050e+01
   1.0417538e+01
   1.0794515e+01
   1.1177548e+01
   1.1570235e+01
   1.1977723e+01
   1.2407560e+01
   1.2871147e+01
   1.3386433e+01
   1.3983100e+01
   1.4713397e+01
   1.5676280e+01
   1.7073930e+01
   1.9336305e+01
   2.3204883e+01
   2.5092631e+01
   1.7226174e+01
   1.2916399e+01
   1.1340745e+01
   1.0694577e+01
   1.0365143e+01
   1.0154710e+01
   9.9975039e+00
   9.8706586e+00
   9.7653575e+00
   9.6774064e+00
   9.6041786e+00
   9.5436417e+00
   9.4940483e+00
   9.4538423e+00
   9.4216217e+00
   9.3961247e+00
   9.3762206e+00
   9.3609031e+00
   9.6518953e+00
   9.9451318e+00
   1.0239057e+01
   1.0532318e+01
   1.0823703e+01
   1.1112130e+01
   1.1396640e+01
   1.1676390e+01
   1.1950651e+01
   1.2218793e+01
   1.2480284e+01
   1.2734684e+01
   1.2981633e+01
   1.3220852e+01
   1.3452128e+01
   1.3675318e+01
   1.3890330e+01
   1.4097126e+01
   1.4295716e+01
   1.4486146e+01
   1.4668499e+01
   1.4842892e+01
   1.5009462e+01
   1.5168373e+01
   1.5319802e+01
   1.5463942e+01
   1.5601002e+01
   1.5731195e+01
   1.5854742e+01
   1.5971871e+01
   1.6082809e+01
   1.6187785e+01
   1.6287027e+01
   1.6380762e+01
   1.6469214e+01
   1.6552604e+01
   1.6631151e+01
   1.6705062e+01
   1.6774547e+01
   1.6839805e+01
   1.6901029e+01
   1.6958410e+01
   1.7012129e+01
   1.7062362e+01
   1.7109279e+01
   1.7153042e+01
   1.7193809e+01
   1.7231729e+01
   1.7266949e+01
   1.7299606e+01
   1.7329833e+01
   1.7357757e+01
   1.7383499e+01
   1.7407177e+01
   1.7428899e+01
   1.7448773e+01
   1.7466898e+01
   1.7483373e+01
   1.7498290e+01
   1.7511734e+01
   1.7523791e+01
   1.7534540e+01
   1.7544057e+01
   1.7552413e+01
   1.7559678e+01
   1.7565917e+01
   1.7571191e+01
   1.7575560e+01
   1.7579079e+01
   1.7581802e+01
   1.7583781e+01
   1.7585062e+01
   1.7585693e+01
   1.7585715e+01
   1.7585172e+01
   1.7584101e+01
   1.7582540e+01
   1.7580524e+01
   1.7578086e+01
   1.7575259e+01
   1.7572073e+01
   1.7568555e+01
   1.7564734e+01
   1.7560634e+01
   1.7556280e+01
   1.7551695e+01
   1.7546902e+01
   1.7541920e+01
   1.7536769e+01
   1.7531468e+01
   1.7526034e+01
   1.7520484e+01
   1.7514834e+01
   1.7509099e+01
   1.7503292e+01
   1.7497428e+01
   1.7491519e+01
   1.7485576e+01
   1.7479612e+01
   1.7473637e+01
   1.7467661e+01
   1.7461693e+01
   1.7455744e+01
   1.7449821e+01
   1.7443932e+01
   1.7438086e+01
   1.7432290e+01
   1.7426550e+01
   1.7420873e+01
   1.7415266e+01
   1.7409734e+01
   1.7404283e+01
   1.7398918e+01
   1.7393645e+01
   1.7388467e+01
   1.7383389e+01
   1.7378417e+01
   1.7373553e+01
   1.7368802e+01
   1.7364167e+01
   1.7359652e+01
   1.7355260e+01
   1.7350995e+01
   1.7346859e+01
   1.7342855e+01
   1.7338987e+01
   1.7335256e+01
   1.7331666e+01
   1.7328218e+01
   1.7324915e+01
   1.7321760e+01
   1.7318754e+01
   1.7315900e+01
   1.7313199e+01
   1.7310654e+01
   1.7308266e+01
   1.7306038e+01
   1.7303971e+01
   1.7302066e+01
   1.7300326e+01
   1.7298752e+01
   1.7297347e+01
   1.7296110e+01
   1.7295045e+01
   1.7294152e+01
   1.7293433e+01
   1.7292890e+01
   1.7292524e+01
   1.7292336e+01
   1.7292329e+01
   1.7292503e+01
   1.7292861e+01
   1.7293403e+01
   1.7294130e+01
   1.7295046e+01
   1.7296150e+01
   1.7297445e+01
   1.7298932e+01
   1.7300613e+01
   1.7302488e+01
   1.7304560e+01
   1.7306831e+01
   1.7309301e+01
   1.7311972e+01
   1.7314846e+01
   1.7317925e+01
   1.7321210e+01
   1.7324702e+01
   1.7328404e+01
   1.7332318e+01
   1.7336444e+01
   1.7340785e+01
   1.7345343e+01
   1.7350119e+01
   1.7355115e+01
   1.7360333e+01
   1.7365775e+01
   1.7371442e+01
   1.7377337e+01
   1.7383461e+01
   1.7389817e+01
   1.7396406e+01
   1.7403231e+01
   1.7410292e+01
   1.7417593e+01
   1.7425135e+01
   1.7432920e+01
   1.7440950e+01
   1.7449227e+01
   1.7457754e+01
   1.7466531e+01
   1.7475561e+01
   1.7484845e+01
   1.7494386e+01
   1.7504186e+01
   1.7514245e+01
   1.7524566e+01
   1.7535151e+01
   1.7546000e+01
   1.7557115e+01
   1.7568499e+01
   1.7580151e+01
   1.7592073e+01
   1.7604266e+01
   1.7616731e+01
   1.7629469e+01
   1.7642480e+01
   1.7655764e+01
   1.7669322e+01
   1.7683153e+01
   1.7697258e+01
   1.7711635e+01
   1.7726284e+01
   1.7741204e+01
   1.7756393e+01
   1.7771851e+01
   1.7787574e+01
   1.7803560e+01
   1.7819808e+01
   1.7836314e+01
   1.7853074e+01
   1.7870085e+01
   1.7887344e+01
   1.7904845e+01
   1.7922583e+01
   1.7940554e+01
   1.7958753e+01
   1.7977172e+01
   1.7995806e+01
   1.8014649e+01
   1.8033693e+01
   1.8052932e+01
   1.8072357e+01
   1.8091960e+01
   1.8111735e+01
   1.8131672e+01
   1.8151763e+01
   1.8172000e+01
   1.8192373e+01
   1.8212874e+01
   1.8233493e+01
   1.8254222e+01
   1.8275052e+01
   1.8295973e+01
   1.8316977e+01
   1.8338055e+01
   1.8359197e+01
   1.8380396e+01
   1.8401643e+01
   1.8422930e+01
   1.8444248e+01
   1.8465590e+01
   1.8486948e+01
   1.8508315e+01
   1.8529684e+01
   1.8551048e+01
   1.8572401e+01
   1.8593736e+01
   1.8615049e+01
   1.8636332e+01
   1.8657582e+01
   1.8678794e+01
   1.8699962e+01
   1.8721083e+01
   1.8742153e+01
   1.8763169e+01
   1.8784126e+01
   1.8805022e+01
   1.8825854e+01
   1.8846620e+01
   1.8867318e+01
   1.8887944e+01
   1.8908499e+01
   1.8928979e+01
   1.8949385e+01
   1.8969713e+01
   1.8989965e+01
   1.9010138e+01
   1.9030233e+01
   1.9050248e+01
   1.9070183e+01
   1.9090039e+01
   1.9109815e+01
   1.9129511e+01
   1.9149127e+01
   1.9168663e+01
   1.9188120e+01
   1.9207498e+01
   1.9226798e+01
   1.9246020e+01
   1.9265165e+01
   1.9284233e+01
   1.9303224e+01
   1.9322141e+01
   1.9340983e+01
   1.9359751e+01
   1.9378446e+01
   1.9397069e+01
   1.9415621e+01
   1.9434103e+01
   1.9452515e+01
   1.9470859e+01
   1.9489135e+01
   1.9507344e+01
   1.9525487e+01
   1.9543566e+01
   1.9561580e+01
   1.9579532e+01
   1.9597421e+01
   1.9615249e+01
   1.9633017e+01
   1.9650726e+01
   1.9668376e+01
   1.9685968e+01
   1.9703504e+01
   1.9720984e+01
   1.9738408e+01
   1.9755779e+01
   1.9773096e+01
   1.9790361e+01
   1.9807574e+01
   1.9824736e+01
   1.9841848e+01
   1.9858910e+01
   1.9875924e+01
   1.9892890e+01
   1.9909809e+01
   1.9926681e+01
   1.9943508e+01
   1.9960289e+01
   1.9977027e+01
   1.9993720e+01
   2.0010371e+01
   2.0026979e+01
   2.0043546e+01
   2.0060071e+01
   2.0076556e+01
   2.0093001e+01
   2.0109407e+01
   2.0125774e+01
   2.0142103e+01
   2.0158394e+01
   2.0174648e+01
   2.0190866e+01
   2.0207048e+01
   2.0223194e+01
   2.0239306e+01
   2.0255383e+01
   2.0271426e+01
   2.0287435e+01
   2.0303412e+01
   2.0319356e+01
   2.0335268e+01
   2.0351149e+01
   2.0366998e+01
   2.0382817e+01
   2.0398605e+01
   2.0414364e+01
   2.0430093e+01
   2.0445793e+01
   2.0461465e+01
   2.0477109e+01
   2.0492724e+01
   2.0508313e+01
   2.0523874e+01
   2.0539408e+01
   2.0554917e+01
   2.0570399e+01
   2.0585856e+01
   2.0601288e+01
   2.0616695e+01
   2.0632077e+01
   2.0647436e+01
   2.0662770e+01
   2.0678081e+01
   2.0693369e+01
   2.0708634e+01
   2.0723877e+01
   2.0739097e+01
   2.0754295e+01
   2.0769472e+01
   2.0784628e+01
   2.0799762e+01
   2.0814876e+01
   2.0829970e+01
   2.0845043e+01
   2.0860097e+01
   2.0875131e+01
   2.0890146e+01
   2.0905141e+01
   2.0920118e+01
   2.0935077e+01
   2.0950017e+01
   2.0964939e+01
   2.0979844e+01
   2.0994731e+01
   2.1009601e+01
   2.1024454e+01
   2.1039290e+01
   2.1054110e+01
   2.1068914e+01
   2.1083701e+01
   2.1098473e+01
   2.1113229e+01
   2.1127970e+01
   2.1142696e+01
   2.1157406e+01
   2.1172102e+01
   2.1186784e+01
   2.1201451e+01
   2.1216104e+01
   2.1230744e+01
   2.1245369e+01
   2.1259981e+01
   2.1274580e+01
   2.1289166e+01
   2.1303739e+01
   2.1318299e+01
   2.1332847e+01
   2.1347382e+01
   2.1361905e+01
   2.1376416e+01
   2.1390915e+01
   2.1405403e+01
   2.1419879e+01
   2.1434343e+01
   2.1448797e+01
   2.1463240e+01
   2.1477671e+01
   2.1492092e+01
   2.1506503e+01
   2.1520903e+01
   2.1535293e+01
   2.1549673e+01
   2.1564043e+01
   2.1578403e+01
   2.1592753e+01
   2.1607094e+01
   2.1621426e+01
   2.1635748e+01
   2.1650062e+01
   2.1664366e+01
   2.1678661e+01
   2.1692948e+01
   2.1707226e+01
   2.1721496e+01
   2.1735757e+01
   2.1750010e+01
   2.1764255e+01
   2.1778492e+01
   2.1792721e+01
   2.1806942e+01
   2.1821156e+01
   2.1835362e+01
   2.1849561e+01
   2.1863752e+01
   2.1877936e+01
   2.1892113e+01
   2.1906283e+01
   2.1920446e+01
   2.1934602e+01
   2.1948751e+01
   2.1962894e+01
   2.1977030e+01
   2.1991160e+01
   2.2005283e+01
   2.2019400e+01
   2.2033511e+01
   2.2047615e+01
   2.2061714e+01
   2.2075807e+01
   2.2089893e+01
   2.2103974e+01
   2.2118049e+01
   2.2132119e+01
   2.2146183e+01
   2.2160241e+01
   2.2174294e+01
   2.2188342e+01
   2.2202384e+01
   2.2216421e+01
   2.2230453e+01
   2.2244480e+01
   2.2258502e+01
   2.2272518e+01
   2.2286530e+01
   2.2300537e+01
   2.2314539e+01
   2.2328537e+01
   2.2342530e+01
   2.2356518e+01
   2.2370501e+01
   2.2384480e+01
   2.2398455e+01
   2.2412425e+01
   2.2426391e+01
   2.2440352e+01
   2.2454309e+01
   2.2468262e+01
   2.2482211e+01
   2.2496156e+01
   2.2510096e+01
   2.2524033e+01
   2.2537965e+01
   2.2551894e+01
   2.2565818e+01
   2.2579739e+01
   2.2593656e+01
   2.2607569e+01
   2.2621478e+01
   2.2635383e+01
   2.2649285e+01
   2.2663183e+01
   2.2677078e+01
   2.2690968e+01
   2.2704856e+01
   2.2718739e+01
   2.2732619e+01
   2.2746496e+01
   2.2760369e+01
   2.2774239e+01
   2.2788106e+01
   2.2801969e+01
   2.2815828e+01
   2.2829684e+01
   2.2843537e+01
   2.2857387e+01
   2.2871234e+01
   2.2885077e+01
   2.2898917e+01
   2.2912754e+01
   2.2926587e+01
   2.2940418e+01
   2.2954245e+01
   2.2968069e+01
   2.2981890e+01
   2.2995709e+01
   2.3009523e+01
   2.3023335e+01
   2.3037144e+01
   2.3050950e+01
   2.3064753e+01
   2.3078553e+01
   2.3092350e+01
   2.3106144e+01
   2.3119935e+01
   2.3133723e+01
   2.3147508e+01
   2.3161290e+01
   2.3175069e+01
   2.3188845e+01
   2.3202619e+01
   2.3216389e+01
   2.3230157e+01
   2.3243922e+01
   2.3257684e+01
   2.3271443e+01
   2.3285199e+01
   2.3298953e+01
   2.3312703e+01
   2.3326451e+01
   2.3340196e+01
   2.3353938e+01
   2.3367677e+01
   2.3381414e+01
   2.3395147e+01
   2.3408878e+01
   2.3422606e+01
   2.3436332e+01
   2.3450054e+01
   2.3463774e+01
   2.3477491e+01
   2.3491205e+01
   2.3504916e+01
   2.3518625e+01
   2.3532331e+01
   2.3546034e+01
   2.3559734e+01
   2.3573431e+01
   2.3587126e+01
   2.3600818e+01
   2.3614507e+01
   2.3628193e+01
   2.3641876e+01
   2.3655557e+01
   2.3669235e+01
   2.3682910e+01
   2.3696582e+01
   2.3710251e+01
   2.3723918e+01
   2.3737582e+01
   2.3751243e+01
   2.3764901e+01
   2.3778556e+01
   2.3792208e+01
   2.3805858e+01
   2.3819505e+01
   2.3833149e+01
   2.3846790e+01
   2.3860428e+01
   2.3874063e+01
   2.3887696e+01
   2.3901325e+01
   2.3914952e+01
   2.3928576e+01
   2.3942197e+01
   2.3955814e+01
   2.3969429e+01
   2.3983042e+01
   2.3996651e+01
   2.4010257e+01
   2.4023860e+01
   2.4037461e+01
   2.4051058e+01
   2.4064652e+01
   2.4078244e+01
   2.4091832e+01
   2.4105417e+01
   2.4119000e+01
   2.4132579e+01
   2.4146155e+01
   2.4159729e+01
   2.4173299e+01
   2.4186866e+01
   2.4200430e+01
   2.4213991e+01
   2.4227549e+01
   2.4241104e+01
   2.4254655e+01
   2.4268204e+01
   2.4281749e+01
   2.4295292e+01
   2.4308831e+01
   2.4322367e+01
   2.4335899e+01
   2.4349429e+01
   2.4362955e+01
   2.4376478e+01
   2.4389998e+01
   2.4403515e+01
   2.4417028e+01
   2.4430538e+01
   2.4444045e+01
   2.4457549e+01
   2.4471049e+01
   2.4484546e+01
   2.4498040e+01
   2.4511530e+01
   2.4525017e+01
   2.4538500e+01
   2.4551980e+01
   2.4565457e+01
   2.4578930e+01
   2.4592400e+01
   2.4605867e+01
   2.4619330e+01
   2.4632789e+01
   2.4646245e+01
   2.4659698e+01
   2.4673147e+01
   2.4686593e+01
   2.4700035e+01
   2.4713473e+01
   2.4726908e+01
   2.4740339e+01
   2.4753767e+01
   2.4767191e+01
   2.4780612e+01
   2.4794029e+01
   2.4807442e+01
   2.4820851e+01
   2.4834257e+01
   2.4847659e+01
   2.4861058e+01
   2.4874453e+01
   2.4887844e+01
   2.4901231e+01
   2.4914614e+01
   2.4927994e+01
   2.4941370e+01
   2.4954742e+01
   2.4968110e+01
   2.4981475e+01
   2.4994835e+01
   2.5008192e+01
   2.5021544e+01
   2.5034893e+01
   2.5048238e+01
   2.5061579e+01
   2.5074916e+01
   2.5088249e+01
   2.5101578e+01
   2.5114903e+01
   2.5128224e+01
   2.5141541e+01
   2.5154854e+01
   2.5168163e+01
   2.5181468e+01
   2.5194769e+01
   2.5208065e+01
   2.5221358e+01
   2.5234646e+01
   2.5247930e+01
   2.5261210e+01
   2.5274486e+01
   2.5287757e+01
   2.5301024e+01
   2.5314287e+01
   2.5327546e+01
   2.5340801e+01
   2.5354051e+01
   2.5367297e+01
   2.5380538e+01
   2.5393775e+01
   2.5407008e+01
   2.5420237e+01
   2.5433461e+01
   2.5446680e+01
   2.5459896e+01
   2.5473106e+01
   2.5486313e+01
   2.5499514e+01
   2.5512712e+01
   2.5525904e+01
   2.5539093e+01
   2.5552276e+01
   2.5565455e+01
   2.5578630e+01
   2.5591800e+01
   2.5604965e+01
   2.5618126e+01
   2.5631282e+01
   2.5644433e+01
   2.5657580e+01
   2.5670722e+01
   2.5683859e+01
   2.5696992e+01
   2.5710119e+01
   2.5723242e+01
   2.5736361e+01
   2.5749474e+01
   2.5762583e+01
   2.5775686e+01
   2.5788785e+01
   2.5801879e+01
   2.5814968e+01
   2.5828053e+01
   2.5841132e+01
   2.5854206e+01
   2.5867275e+01
   2.5880340e+01
   2.5893399e+01
   2.5906454e+01
   2.5919503e+01
   2.5932547e+01
   2.5945587e+01
   2.5958621e+01
   2.5971650e+01
   2.5984674e+01
   2.5997693e+01
   2.6010706e+01
   2.6023715e+01
   2.6036718e+01
   2.6049716e+01
   2.6062709e+01
   2.6075697e+01
   2.6088679e+01
   2.6101656e+01
   2.6114628e+01
   2.6127595e+01
   2.6140556e+01
   2.6153512e+01
   2.6166462e+01
   2.6179407e+01
   2.6192347e+01
   2.6205282e+01
   2.6218210e+01
   2.6231134e+01
   2.6244052e+01
   2.6256965e+01
   2.6269872e+01
   2.6282773e+01
   2.6295669e+01
   2.6308560e+01
   2.6321445e+01
   2.6334324e+01
   2.6347198e+01
   2.6360066e+01
   2.6372929e+01
   2.6385785e+01
   2.6398637e+01
   2.6411482e+01
   2.6424322e+01
   2.6437156e+01
   2.6449985e+01
   2.6462807e+01
   2.6475624e+01
   2.6488435e+01
   2.6501241e+01
   2.6514040e+01
   2.6526834e+01
   2.6539622e+01
   2.6552404e+01
   2.6565180e+01
   2.6577950e+01
   2.6590714e+01
   2.6603473e+01
   2.6616225e+01
   2.6628972e+01
   2.6641712e+01
   2.6654447e+01
   2.6667175e+01
   2.6679898e+01
   2.6692614e+01
   2.6705324e+01
   2.6718029e+01
   2.6730727e+01
   2.6743419e+01
   2.6756105e+01
   2.6768785e+01
   2.6781458e+01
   2.6794126e+01
   2.6806787e+01
   2.6819442e+01
   2.6832091e+01
   2.6844734e+01
   2.6857370e+01
   2.6870000e+01
   2.6882624e+01
   2.6895242e+01
   2.6907853e+01
   2.6920458e+01
   2.6933056e+01
   2.6945649e+01
   2.6958235e+01
   2.6970814e+01
   2.6983387e+01
   2.6995954e+01
   2.7008514e+01
   2.7021067e+01
   2.7033615e+01
   2.7046155e+01
   2.7058690e+01
   2.7071217e+01
   2.7083739e+01
   2.7096253e+01
   2.7108761e+01
   2.7121263e+01
   2.7133758e+01
   2.7146246e+01
   2.7158728e+01
   2.7171203e+01
   2.7183671e+01
   2.7196133e+01
   2.7208588e+01
   2.7221036e+01
   2.7233478e+01
   2.7245913e+01
   2.7258341e+01
   2.7270763e+01
   2.7283177e+01
   2.7295585e+01
   2.7307986e+01
   2.7320381e+01
   2.7332768e+01
   2.7345149e+01
   2.7357523e+01
   2.7369889e+01
   2.7382249e+01
   2.7394603e+01
   2.7406949e+01
   2.7419288e+01
   2.7431621e+01
   2.7443946e+01
   2.7456264e+01
   2.7468576e+01
   2.7480880e+01
   2.7493178e+01
   2.7505468e+01
   2.7517752e+01
   2.7530028e+01
   2.7542298e+01
   2.7554560e+01
   2.7566815e+01
   2.7579063e+01
   2.7591304e+01
   2.7603538e+01
   2.7615765e+01
   2.7627984e+01
   2.7640197e+01
   2.7652402e+01
   2.7664600e+01
   2.7676791e+01
   2.7688974e+01
   2.7701151e+01
   2.7713320e+01
   2.7725482e+01
   2.7737637e+01
   2.7749784e+01
   2.7761924e+01
   2.7774057e+01
   2.7786182e+01
   2.7798301e+01
   2.7810411e+01
   2.7822515e+01
   2.7834611e+01
   2.7846700e+01
   2.7858781e+01
   2.7870855e+01
   2.7882922e+01
   2.7894981e+01
   2.7907033e+01
   2.7919077e+01
   2.7931114e+01
   2.7943143e+01
   2.7955165e+01
   2.7967180e+01
   2.7979187e+01
   2.7991186e+01
   2.8003178e+01
   2.8015162e+01
   2.8027139e+01
   2.8039109e+01
   2.8051070e+01
   2.8063025e+01
   2.8074971e+01
   2.8086910e+01
   2.8098842e+01
   2.8110766e+01
   2.8122682e+01
   2.8134590e+01
   2.8146491e+01
   2.8158385e+01
   2.8170270e+01
   2.8182148e+01
   2.8194019e+01
   2.8205881e+01
   2.8217736e+01
   2.8229583e+01
   2.8241423e+01
   2.8253255e+01
   2.8265079e+01
   2.8276895e+01
   2.8288703e+01
   2.8300504e+01
   2.8312297e+01
   2.8324082e+01
   2.8335860e+01
   2.8347629e+01
   2.8359391e+01
   2.8371145e+01
   2.8382891e+01
   2.8394630e+01
   2.8406360e+01
   2.8418083e+01
   2.8429798e+01
   2.8441505e+01
   2.8453204e+01
   2.8464895e+01
   2.8476578e+01
   2.8488254e+01
   2.8499921e+01
   2.8511581e+01
   2.8523233e+01
   2.8534876e+01
   2.8546512e+01
   2.8558140e+01
   2.8569760e+01
   2.8581372e+01
   2.8592976e+01
   2.8604572e+01
   2.8616160e+01
   2.8627740e+01
   2.8639312e+01
   2.8650876e+01
   2.8662433e+01
   2.8673981e+01
   2.8685521e+01
   2.8697053e+01
   2.8708577e+01
   2.8720093e+01
   2.8731601e+01
   2.8743101e+01
   2.8754593e+01
   2.8766076e+01
   2.8777552e+01
   2.8789020e+01
   2.8800479e+01
   2.8811931e+01
   2.8823374e+01
   2.8834810e+01
   2.8846237e+01
   2.8857656e+01
   2.8869067e+01
   2.8880470e+01
   2.8891865e+01
   2.8903251e+01
   2.8914630e+01
   2.8926000e+01
   2.8937362e+01
   2.8948716e+01
   2.8960062e+01
   2.8971400e+01
   2.8982730e+01
   2.8994051e+01
   2.9005365e+01
   2.9016670e+01
   2.9027967e+01
   2.9039256e+01
   2.9050536e+01
   2.9061809e+01
   2.9073073e+01
   2.9084329e+01
   2.9095577e+01
   2.9106817e+01
   2.9118048e+01
   2.9129271e+01
   2.9140486e+01
   2.9151693e+01
   2.9162892e+01
   2.9174082e+01
   2.9185264e+01
   2.9196438e+01
   2.9207604e+01
   2.9218761e+01
   2.9229911e+01
   2.9241052e+01
   2.9252184e+01
   2.9263309e+01
   2.9274425e+01
   2.9285533e+01
   2.9296633e+01
   2.9307724e+01
   2.9318808e+01
   2.9329883e+01
   2.9340949e+01
   2.9352008e+01
   2.9363058e+01
   2.9374100e+01
   2.9385134e+01
   2.9396159e+01
   2.9407176e+01
   2.9418185e+01
   2.9429186e+01
   2.9440178e+01
   2.9451162e+01
   2.9462138e+01
   2.9473105e+01
   2.9484065e+01
   2.9495016e+01
   2.9505958e+01
   2.9516893e+01
   2.9527819e+01
   2.9538736e+01
   2.9549646e+01
   2.9560547e+01
   2.9571440e+01
   2.9582325e+01
   2.9593201e+01
   2.9604069e+01
   2.9614929e+01
   2.9625781e+01
   2.9636624e+01
   2.9647459e+01
   2.9658285e+01
   2.9669104e+01
   2.9679914e+01
   2.9690715e+01
   2.9701509e+01
   2.9712294e+01
   2.9723071e+01
   2.9733840e+01
   2.9744600e+01
   2.9755352e+01
   2.9766096e+01
   2.9776831e+01
   2.9787558e+01
   2.9798277e+01
   2.9808988e+01
   2.9819690e+01
   2.9830384e+01
   2.9841070e+01
   2.9851748e+01
   2.9862417e+01
   2.9873078e+01
   2.9883730e+01
   2.9894375e+01
   2.9905011e+01
   2.9915639e+01
   2.9926258e+01
   2.9936870e+01
   2.9947473e+01
   2.9958067e+01
   2.9968654e+01
   2.9979232e+01
   2.9989802e+01
   3.0000364e+01
   3.0010917e+01
   3.0021462e+01
   3.0031999e+01
   3.0042528e+01
   3.0053049e+01
   3.0063561e+01
   3.0074065e+01
   3.0084560e+01
   3.0095048e+01
   3.0105527e+01
   3.0115998e+01
   3.0126461e+01
   3.0136915e+01
   3.0147362e+01
   3.0157800e+01
   3.0168230e+01
   3.0178651e+01
   3.0189065e+01
   3.0199470e+01
   3.0209867e+01
   3.0220255e+01
   3.0230636e+01
   3.0241008e+01
   3.0251373e+01
   3.0261728e+01
   3.0272076e+01
   3.0282416e+01
   3.0292747e+01
   3.0303070e+01
   3.0313385e+01
   3.0323692e+01
   3.0333991e+01
   3.0344281e+01
   3.0354563e+01
   3.0364838e+01
   3.0375104e+01
   3.0385361e+01
   3.0395611e+01
   3.0405852e+01
   3.0416086e+01
   3.0426311e+01
   3.0436528e+01
   3.0446737e+01
   3.0456938e+01
   3.0467130e+01
   3.0477315e+01
   3.0487491e+01
   3.0497659e+01
   3.0507820e+01
   3.0517972e+01
   3.0528115e+01
   3.0538251e+01
   3.0548379e+01
   3.0558499e+01
   3.0568610e+01
   3.0578714e+01
   3.0588809e+01
   3.0598896e+01
   3.0608975e+01
   3.0619046e+01
   3.0629109e+01
   3.0639164e+01
   3.0649211e+01
   3.0659250e+01
   3.0669281e+01
   3.0679304e+01
   3.0689318e+01
   3.0699325e+01
   3.0709324e+01
   3.0719314e+01
   3.0729297e+01
   3.0739271e+01
   3.0749238e+01
   3.0759196e+01
   3.0769147e+01
   3.0779089e+01
   3.0789024e+01
   3.0798950e+01
   3.0808869e+01
   3.0818779e+01
   3.0828682e+01
   3.0838576e+01
   3.0848463e+01
   3.0858342e+01
   3.0868212e+01
   3.0878075e+01
   3.0887930e+01
   3.0897776e+01
   3.0907615e+01
   3.0917446e+01
   3.0927269e+01
   3.0937084e+01
   3.0946891e+01
   3.0956690e+01
   3.0966481e+01
   3.0976265e+01
   3.0986040e+01
   3.0995808e+01
   3.1005567e+01
   3.1015319e+01
   3.1025063e+01
   3.1034798e+01
   3.1044526e+01
   3.1054247e+01
   3.1063959e+01
   3.1073663e+01
   3.1083360e+01
   3.1093048e+01
   3.1102729e+01
   3.1112402e+01
   3.1122067e+01
   3.1131724e+01
   3.1141374e+01
   3.1151015e+01
   3.1160649e+01
   3.1170275e+01
   3.1179893e+01
   3.1189504e+01
   3.1199106e+01
   3.1208701e+01
   3.1218287e+01
   3.1227867e+01
   3.1237438e+01
   3.1247001e+01
   3.1256557e+01
   3.1266105e+01
   3.1275645e+01
   3.1285177e+01
   3.1294702e+01
   3.1304219e+01
   3.1313728e+01
   3.1323229e+01
   3.1332723e+01
   3.1342208e+01
   3.1351686e+01
   3.1361157e+01
   3.1370619e+01
   3.1380074e+01
   3.1389521e+01
   3.1398961e+01
   3.1408392e+01
   3.1417816e+01
   3.1427233e+01
   3.1436641e+01
   3.1446042e+01
   3.1455435e+01
   3.1464821e+01
   3.1474198e+01
   3.1483568e+01
   3.1492931e+01
   3.1502285e+01
   3.1511632e+01
   3.1520972e+01
   3.1530303e+01
   3.1539628e+01
   3.1548944e+01
   3.1558253e+01
   3.1567554e+01
   3.1576847e+01
   3.1586133e+01
   3.1595411e+01
   3.1604681e+01
   3.1613944e+01
   3.1623199e+01
   3.1632447e+01
   3.1641687e+01
   3.1650919e+01
   3.1660144e+01
   3.1669361e+01
   3.1678570e+01
   3.1687772e+01
   3.1696966e+01
   3.1706153e+01
   3.1715332e+01
   3.1724503e+01
   3.1733667e+01
   3.1742823e+01
   3.1751972e+01
   3.1761113e+01
   3.1770247e+01
   3.1779372e+01
   3.1788491e+01
   3.1797601e+01
   3.1806705e+01
   3.1815800e+01
   3.1824888e+01
   3.1833968e+01
   3.1843041e+01
   3.1852107e+01
   3.1861164e+01
   3.1870214e+01
   3.1879257e+01
   3.1888292e+01
   3.1897320e+01
   3.1906339e+01
   3.1915352e+01
   3.1924357e+01
   3.1933354e+01
   3.1942344e+01
   3.1951326e+01
   3.1960300e+01
   3.1969268e+01
   3.1978227e+01
   3.1987179e+01
   3.1996124e+01
   3.2005060e+01
   3.2013990e+01
   3.2022912e+01
   3.2031826e+01
   3.2040733e+01
   3.2049632e+01
   3.2058524e+01
   3.2067408e+01
   3.2076285e+01
   3.2085154e+01
   3.2094015e+01
   3.2102869e+01
   3.2111716e+01
   3.2120555e+01
   3.2129386e+01
   3.2138210e+01
   3.2147027e+01
   3.2155835e+01
   3.2164637e+01
   3.2173431e+01
   3.2182217e+01
   3.2190996e+01
   3.2199767e+01
   3.2208530e+01
   3.2217287e+01
   3.2226035e+01
   3.2234776e+01
   3.2243510e+01
   3.2252236e+01
   3.2260954e+01
   3.2269665e+01
   3.2278368e+01
   3.2287064e+01
   3.2295753e+01
   3.2304433e+01
   3.2313106e+01
   3.2321772e+01
   3.2330430e+01
   3.2339081e+01
   3.2347724e+01
   3.2356359e+01
   3.2364987e+01
   3.2373607e+01
   3.2382220e+01
   3.2390825e+01
   3.2399423e+01
   3.2408013e+01
   3.2416595e+01
   3.2425170e+01
   3.2433737e+01
   3.2442297e+01
   3.2450849e+01
   3.2459393e+01
   3.2467930e+01
   3.2476460e+01
   3.2484981e+01
   3.2493495e+01
   3.2502002e+01
   3.2510501e+01
   3.2518992e+01
   3.2527476e+01
   3.2535952e+01
   3.2544420e+01
   3.2552881e+01
   3.2561334e+01
   3.2569779e+01
   3.2578217e+01
   3.2586647e+01
   3.2595070e+01
   3.2603484e+01
   3.2611891e+01
   3.2620291e+01
   3.2628683e+01
   3.2637067e+01
   3.2645443e+01
   3.2653812e+01
   3.2662173e+01
   3.2670526e+01
   3.2678872e+01
   3.2687209e+01
   3.2695539e+01
   3.2703862e+01
   3.2712176e+01
   3.2720483e+01
   3.2728782e+01
   3.2737074e+01
   3.2745357e+01
   3.2753633e+01
   3.2761901e+01
   3.2770161e+01
   3.2778413e+01
   3.2786658e+01
   3.2794894e+01
   3.2803123e+01
   3.2811344e+01
   3.2819557e+01
   3.2827763e+01
   3.2835960e+01
   3.2844150e+01
   3.2852331e+01
   3.2860505e+01
   3.2868671e+01
   3.2876829e+01
   3.2884979e+01
   3.2893121e+01
   3.2901255e+01
   3.2909381e+01
   3.2917500e+01
   3.2925610e+01
   3.2933712e+01
   3.2941806e+01
   3.2949892e+01
   3.2957971e+01
   3.2966041e+01
   3.2974103e+01
   3.2982157e+01
   3.2990203e+01
   3.2998241e+01
   3.3006271e+01
   3.3014292e+01
   3.3022306e+01
   3.3030311e+01
   3.3038309e+01
   3.3046298e+01
   3.3054279e+01
   3.3062251e+01
   3.3070216e+01
   3.3078172e+01
   3.3086120e+01
   3.3094060e+01
   3.3101992e+01
   3.3109915e+01
   3.3117830e+01
   3.3125737e+01
   3.3133635e+01
   3.3141525e+01
   3.3149407e+01
   3.3157280e+01
   3.3165145e+01
   3.3173002e+01
   3.3180850e+01
   3.3188690e+01
   3.3196521e+01
   3.3204344e+01
   3.3212158e+01
   3.3219964e+01
   3.3227761e+01
   3.3235550e+01
   3.3243330e+01
   3.3251101e+01
   3.3258864e+01
   3.3266619e+01
   3.3274365e+01
   3.3282102e+01
   3.3289830e+01
   3.3297550e+01
   3.3305261e+01
   3.3312963e+01
   3.3320657e+01
   3.3328341e+01
   3.3336017e+01
   3.3343685e+01
   3.3351343e+01
   3.3358992e+01
   3.3366633e+01
   3.3374265e+01
   3.3381887e+01
   3.3389501e+01
   3.3397106e+01
   3.3404702e+01
   3.3412289e+01
   3.3419867e+01
   3.3427435e+01
   3.3434995e+01
   3.3442545e+01
   3.3450087e+01
   3.3457619e+01
   3.3465142e+01
   3.3472656e+01
   3.3480161e+01
   3.3487656e+01
   3.3495142e+01
   3.3502619e+01
   3.3510086e+01
   3.3517544e+01
   3.3524993e+01
   3.3532432e+01
   3.3539862e+01
   3.3547282e+01
   3.3554693e+01
   3.3562094e+01
   3.3569486e+01
   3.3576868e+01
   3.3584240e+01
   3.3591603e+01
   3.3598956e+01
   3.3606299e+01
   3.3613633e+01
   3.3620957e+01
   3.3628271e+01
   3.3635575e+01
   3.3642869e+01
   3.3650154e+01
   3.3657428e+01
   3.3664693e+01
   3.3671947e+01
   3.3679192e+01
   3.3686426e+01
   3.3693651e+01
   3.3700865e+01
   3.3708069e+01
   3.3715263e+01
   3.3722446e+01
   3.3729620e+01
   3.3736782e+01
   3.3743935e+01
   3.3751077e+01
   3.3758209e+01
   3.3765330e+01
   3.3772441e+01
   3.3779542e+01
   3.3786631e+01
   3.3793710e+01
   3.3800779e+01
   3.3807837e+01
   3.3814884e+01
   3.3821920e+01
   3.3828945e+01
   3.3835960e+01
   3.3842964e+01
   3.3849956e+01
   3.3856938e+01
   3.3863909e+01
   3.3870869e+01
   3.3877817e+01
   3.3884755e+01
   3.3891681e+01
   3.3898596e+01
   3.3905499e+01
   3.3912392e+01
   3.3919273e+01
   3.3926142e+01
   3.3933000e+01
   3.3939847e+01
   3.3946682e+01
   3.3953505e+01
   3.3960317e+01
   3.3967117e+01
   3.3973905e+01
   3.3980682e+01
   3.3987446e+01
   3.3994199e+01
   3.4000940e+01
   3.4007669e+01
   3.4014385e+01
   3.4021090e+01
   3.4027782e+01
   3.4034462e+01
   3.4041130e+01
   3.4047786e+01
   3.4054429e+01
   3.4061060e+01
   3.4067678e+01
   3.4074284e+01
   3.4080877e+01
   3.4087457e+01
   3.4094025e+01
   3.4100580e+01
   3.4107122e+01
   3.4113651e+01
   3.4120167e+01
   3.4126671e+01
   3.4133161e+01
   3.4139638e+01
   3.4146102e+01
   3.4152552e+01
   3.4158990e+01
   3.4165414e+01
   3.4171824e+01
   3.4178221e+01
   3.4184605e+01
   3.4190975e+01
   3.4197331e+01
   3.4203673e+01
   3.4210001e+01
   3.4216316e+01
   3.4222617e+01
   3.4228903e+01
   3.4235176e+01
   3.4241434e+01
   3.4247678e+01
   3.4253908e+01
   3.4260124e+01
   3.4266325e+01
   3.4272511e+01
   3.4278683e+01
   3.4284840e+01
   3.4290983e+01
   3.4297110e+01
   3.4303223e+01
   3.4309321e+01
   3.4315404e+01
   3.4321471e+01
   3.4327524e+01
   3.4333561e+01
   3.4339583e+01
   3.4345589e+01
   3.4351580e+01
   3.4357555e+01
   3.4363515e+01
   3.4369459e+01
   3.4375387e+01
   3.4381299e+01
   3.4387195e+01
   3.4393075e+01
   3.4398939e+01
   3.4404786e+01
   3.4410618e+01
   3.4416432e+01
   3.4422231e+01
   3.4428012e+01
   3.4433777e+01
   3.4439526e+01
   3.4445257e+01
   3.4450971e+01
   3.4456669e+01
   3.4462349e+01
   3.4468012e+01
   3.4473658e+01
   3.4479286e+01
   3.4484897e+01
   3.4490490e+01
   3.4496065e+01
   3.4501623e+01
   3.4507162e+01
   3.4512684e+01
   3.4518187e+01
   3.4523673e+01
   3.4529140e+01
   3.4534588e+01
   3.4540018e+01
   3.4545430e+01
   3.4550823e+01
   3.4556197e+01
   3.4561552e+01
   3.4566888e+01
   3.4572204e+01
   3.4577502e+01
   3.4582780e+01
   3.4588039e+01
   3.4593278e+01
   3.4598498e+01
   3.4603697e+01
   3.4608877e+01
   3.4614037e+01
   3.4619177e+01
   3.4624296e+01
   3.4629395e+01
   3.4634473e+01
   3.4639531e+01
   3.4644569e+01
   3.4649585e+01
   3.4654580e+01
   3.4659555e+01
   3.4664508e+01
   3.4669440e+01
   3.4674350e+01
   3.4679239e+01
   3.4684106e+01
   3.4688951e+01
   3.4693774e+01
   3.4698576e+01
   3.4703355e+01
   3.4708111e+01
   3.4712846e+01
   3.4717557e+01
   3.4722246e+01
   3.4726912e+01
   3.4731555e+01
   3.4736175e+01
   3.4740772e+01
   3.4745345e+01
   3.4749895e+01
   3.4754421e+01
   3.4758923e+01
   3.4763401e+01
   3.4767856e+01
   3.4772285e+01
   3.4776691e+01
   3.4781072e+01
   3.4785428e+01
   3.4789760e+01
   3.4794067e+01
   3.4798348e+01
   3.4802604e+01
   3.4806835e+01
   3.4811040e+01
   3.4815220e+01
   3.4819374e+01
   3.4823501e+01
   3.4827603e+01
   3.4831678e+01
   3.4835727e+01
   3.4839749e+01
   3.4843744e+01
   3.4847712e+01
   3.4851654e+01
   3.4855567e+01
   3.4859454e+01
   3.4863313e+01
   3.4867144e+01
   3.4870947e+01
   3.4874722e+01
   3.4878469e+01
   3.4882187e+01
   3.4885877e+01
   3.4889538e+01
   3.4893170e+01
   3.4896773e+01
   3.4900347e+01
   3.4903891e+01
   3.4907406e+01
   3.4910891e+01
   3.4914345e+01
   3.4917770e+01
   3.4921164e+01
   3.4924528e+01
   3.4927861e+01
   3.4931163e+01
   3.4934434e+01
   3.4937674e+01
   3.4940882e+01
   3.4944059e+01
   3.4947204e+01
   3.4950317e+01
   3.4953398e+01
   3.4956446e+01
   3.4959462e+01
   3.4962445e+01
   3.4965395e+01
   3.4968312e+01
   3.4971195e+01
   3.4974046e+01
   3.4976862e+01
   3.4979644e+01
   3.4982392e+01
   3.4985106e+01
   3.4987786e+01
   3.4990430e+01
   3.4993040e+01
   3.4995614e+01
   3.4998153e+01
   3.5000657e+01
   3.5003125e+01
   3.5005557e+01
   3.5007952e+01
   3.5010312e+01
   3.5012634e+01
   3.5014920e+01
   3.5017169e+01
   3.5019381e+01
   3.5021555e+01
   3.5023691e+01
   3.5025790e+01
   3.5027850e+01
   3.5029872e+01
   3.5031856e+01
   3.5033801e+01
   3.5035706e+01
   3.5037573e+01
   3.5039400e+01
   3.5041188e+01
   3.5042935e+01
   3.5044643e+01
   3.5046310e+01
   3.5047937e+01
   3.5049523e+01
   3.5051067e+01
   3.5052571e+01
   3.5054033e+01
   3.5055453e+01
   3.5056832e+01
   3.5058168e+01
   3.5059462e+01
   3.5060713e+01
   3.5061921e+01
   3.5063086e+01
   3.5064208e+01
   3.5065287e+01
   3.5066321e+01
   3.5067311e+01
   3.5068257e+01
   3.5069159e+01
   3.5070015e+01
   3.5070827e+01
   3.5071593e+01
   3.5072314e+01
   3.5072989e+01
   3.5073618e+01
   3.5074200e+01
   3.5074736e+01
   3.5075226e+01
   3.5075668e+01
   3.5076063e+01
   3.5076411e+01
   3.5076711e+01
   3.5076962e+01
   3.5077166e+01
   3.5077321e+01
   3.5077427e+01
   3.5077484e+01
   3.5077492e+01
   3.5077451e+01
   3.5077359e+01
   3.5077218e+01
   3.5077026e+01
   3.5076784e+01
   3.5076491e+01
   3.5076147e+01
   3.5075751e+01
   3.5075304e+01
   3.5074805e+01
   3.5074254e+01
   3.5073651e+01
   3.5072995e+01
   3.5072286e+01
   3.5071524e+01
   3.5070708e+01
   3.5069839e+01
   3.5068916e+01
   3.5067939e+01
   3.5066907e+01
   3.5065821e+01
   3.5064680e+01
   3.5063483e+01
   3.5062231e+01
   3.5060923e+01
   3.5059559e+01
   3.5058139e+01
   3.5056662e+01
   3.5055128e+01
   3.5053538e+01
   3.5051890e+01
   3.5050184e+01
   3.5048421e+01
   3.5046599e+01
   3.5044719e+01
   3.5042780e+01
   3.5040783e+01
   3.5038726e+01
   3.5036610e+01
   3.5034434e+01
   3.5032198e+01
   3.5029901e+01
   3.5027544e+01
   3.5025127e+01
   3.5022648e+01
   3.5020108e+01
   3.5017507e+01
   3.5014843e+01
   3.5012118e+01
   3.5009330e+01
   3.5006480e+01
   3.5003566e+01
   3.5000590e+01
   3.4997550e+01
   3.4994446e+01
   3.4991279e+01
   3.4988047e+01
   3.4984751e+01
   3.4981390e+01
   3.4977964e+01
   3.4974472e+01
   3.4970916e+01
   3.4967293e+01
   3.4963604e+01
   3.4959850e+01
   3.4956028e+01
   3.4952140e+01
   3.4948184e+01
   3.4944162e+01
   3.4940071e+01
   3.4935913e+01
   3.4931687e+01
   3.4927392e+01
   3.4923029e+01
   3.4918597e+01
   3.4914095e+01
   3.4909524e+01
   3.4904884e+01
   3.4900174e+01
   3.4895393e+01
   3.4890542e+01
   3.4885621e+01
   3.4880628e+01
   3.4875564e+01
   3.4870429e+01
   3.4865222e+01
   3.4859943e+01
   3.4854592e+01
   3.4849168e+01
   3.4843672e+01
   3.4838102e+01
   3.4832460e+01
   3.4826744e+01
   3.4820954e+01
   3.4815090e+01
   3.4809152e+01
   3.4803140e+01
   3.4797053e+01
   3.4790890e+01
   3.4784653e+01
   3.4778340e+01
   3.4771951e+01
   3.4765487e+01
   3.4758946e+01
   3.4752328e+01
   3.4745634e+01
   3.4738863e+01
   3.4732014e+01
   3.4725088e+01
   3.4718085e+01
   3.4711003e+01
   3.4703843e+01
   3.4696605e+01
   3.4689288e+01
   3.4681891e+01
   3.4674416e+01
   3.4666861e+01
   3.4659226e+01
   3.4651512e+01
   3.4643717e+01
   3.4635841e+01
   3.4627885e+01
   3.4619848e+01
   3.4611729e+01
   3.4603529e+01
   3.4595248e+01
   3.4586884e+01
   3.4578438e+01
   3.4569909e+01
   3.4561298e+01
   3.4552603e+01
   3.4543826e+01
   3.4534964e+01
   3.4526019e+01
   3.4516990e+01
   3.4507877e+01
   3.4498678e+01
   3.4489396e+01
   3.4480027e+01
   3.4470574e+01
   3.4461035e+01
   3.4451410e+01
   3.4441699e+01
   3.4431901e+01
   3.4422017e+01
   3.4412046e+01
   3.4401987e+01
   3.4391841e+01
   3.4381607e+01
   3.4371285e+01
   3.4360875e+01
   3.4350377e+01
   3.4339789e+01
   3.4329112e+01
   3.4318346e+01
   3.4307490e+01
   3.4296544e+01
   3.4285508e+01
   3.4274381e+01
   3.4263164e+01
   3.4251855e+01
   3.4240455e+01
   3.4228963e+01
   3.4217379e+01
   3.4205703e+01
   3.4193935e+01
   3.4182073e+01
   3.4170119e+01
   3.4158070e+01
   3.4145928e+01
   3.4133692e+01
   3.4121362e+01
   3.4108937e+01
   3.4096417e+01
   3.4083802e+01
   3.4071091e+01
   3.4058284e+01
   3.4045381e+01
   3.4032381e+01
   3.4019285e+01
   3.4006091e+01
   3.3992800e+01
   3.3979411e+01
   3.3965924e+01
   3.3952338e+01
   3.3938654e+01
   3.3924870e+01
   3.3910987e+01
   3.3897004e+01
   3.3882922e+01
   3.3868738e+01
   3.3854454e+01
   3.3840069e+01
   3.3825582e+01
   3.3810993e+01
   3.3796302e+01
   3.3781509e+01
   3.3766613e+01
   3.3751613e+01
   3.3736510e+01
   3.3721303e+01
   3.3705992e+01
   3.3690576e+01
   3.3675056e+01
   3.3659429e+01
   3.3643698e+01
   3.3627860e+01
   3.3611915e+01
   3.3595864e+01
   3.3579706e+01
   3.3563440e+01
   3.3547066e+01
   3.3530584e+01
   3.3513994e+01
   3.3497294e+01
   3.3480485e+01
   3.3463566e+01
   3.3446538e+01
   3.3429398e+01
   3.3412148e+01
   3.3394787e+01
   3.3377314e+01
   3.3359729e+01
   3.3342031e+01
   3.3324221e+01
   3.3306298e+01
   3.3288261e+01
   3.3270111e+01
   3.3251846e+01
   3.3233466e+01
   3.3214972e+01
   3.3196362e+01
   3.3177636e+01
   3.3158794e+01
   3.3139835e+01
   3.3120760e+01
   3.3101567e+01
   3.3082257e+01
   3.3062829e+01
   3.3043282e+01
   3.3023616e+01
   3.3003831e+01
   3.2983927e+01
   3.2963902e+01
   3.2943758e+01
   3.2923492e+01
   3.2903106e+01
   3.2882598e+01
   3.2861968e+01
   3.2841216e+01
   3.2820341e+01
   3.2799344e+01
   3.2778223e+01
   3.2756979e+01
   3.2735610e+01
   3.2714117e+01
   3.2692499e+01
   3.2670756e+01
   3.2648888e+01
   3.2626894e+01
   3.2604773e+01
   3.2582526e+01
   3.2560152e+01
   3.2537651e+01
   3.2515022e+01
   3.2492265e+01
   3.2469380e+01
   3.2446366e+01
   3.2423223e+01
   3.2399951e+01
   3.2376549e+01
   3.2353017e+01
   3.2329354e+01
   3.2305561e+01
   3.2281636e+01
   3.2257580e+01
   3.2233393e+01
   3.2209073e+01
   3.2184621e+01
   3.2160036e+01
   3.2135318e+01
   3.2110466e+01
   3.2085481e+01
   3.2060362e+01
   3.2035109e+01
   3.2009720e+01
   3.1984197e+01
   3.1958539e+01
   3.1932745e+01
   3.1906814e+01
   3.1880748e+01
   3.1854545e+01
   3.1828205e+01
   3.1801729e+01
   3.1775114e+01
   3.1748362e+01
   3.1721472e+01
   3.1694443e+01
   3.1667276e+01
   3.1639969e+01
   3.1612524e+01
   3.1584939e+01
   3.1557214e+01
   3.1529348e+01
   3.1501343e+01
   3.1473196e+01
   3.1444909e+01
   3.1416480e+01
   3.1387910e+01
   3.1359198e+01
   3.1330344e+01
   3.1301347e+01
   3.1272207e+01
   3.1242925e+01
   3.1213499e+01
   3.1183930e+01
   3.1154216e+01
   3.1124359e+01
   3.1094357e+01
   3.1064210e+01
   3.1033918e+01
   3.1003481e+01
   3.0972899e+01
   3.0942171e+01
   3.0911296e+01
   3.0880275e+01
   3.0849107e+01
   3.0817793e+01
   3.0786331e+01
   3.0754721e+01
   3.0722964e+01
   3.0691058e+01
   3.0659004e+01
   3.0626802e+01
   3.0594450e+01
   3.0561949e+01
   3.0529298e+01
   3.0496498e+01
   3.0463547e+01
   3.0430446e+01
   3.0397194e+01
   3.0363791e+01
   3.0330237e+01
   3.0296531e+01
   3.0262672e+01
   3.0228662e+01
   3.0194499e+01
   3.0160183e+01
   3.0125714e+01
   3.0091091e+01
   3.0056315e+01
   3.0021384e+01
   2.9986299e+01
   2.9951059e+01
   2.9915663e+01
   2.9880113e+01
   2.9844406e+01
   2.9808543e+01
   2.9772524e+01
   2.9736348e+01
   2.9700014e+01
   2.9663524e+01
   2.9626875e+01
   2.9590068e+01
   2.9553102e+01
   2.9515977e+01
   2.9478693e+01
   2.9441250e+01
   2.9403646e+01
   2.9365882e+01
   2.9327957e+01
   2.9289870e+01
   2.9251622e+01
   2.9213212e+01
   2.9174640e+01
   2.9135905e+01
   2.9097006e+01
   2.9057944e+01
   2.9018718e+01
   2.8979328e+01
   2.8939773e+01
   2.8900052e+01
   2.8860166e+01
   2.8820113e+01
   2.8779894e+01
   2.8739508e+01
   2.8698954e+01
   2.8658233e+01
   2.8617343e+01
   2.8576284e+01
   2.8535056e+01
   2.8493657e+01
   2.8452089e+01
   2.8410350e+01
   2.8368440e+01
   2.8326358e+01
   2.8284103e+01
   2.8241676e+01
   2.8199076e+01
   2.8156302e+01
   2.8113353e+01
   2.8070230e+01
   2.8026932e+01
   2.7983457e+01
   2.7939806e+01
   2.7895979e+01
   2.7851973e+01
   2.7807790e+01
   2.7763428e+01
   2.7718887e+01
   2.7674166e+01
   2.7629265e+01
   2.7584182e+01
   2.7538919e+01
   2.7493473e+01
   2.7447845e+01
   2.7402033e+01
   2.7356037e+01
   2.7309857e+01
   2.7263492e+01
   2.7216941e+01
   2.7170203e+01
   2.7123279e+01
   2.7076167e+01
   2.7028866e+01
   2.6981377e+01
   2.6933698e+01
   2.6885828e+01
   2.6837768e+01
   2.6789516e+01
   2.6741072e+01
   2.6692435e+01
   2.6643604e+01
   2.6594579e+01
   2.6545359e+01
   2.6495943e+01
   2.6446331e+01
   2.6396521e+01
   2.6346514e+01
   2.6296308e+01
   2.6245902e+01
   2.6195297e+01
   2.6144491e+01
   2.6093483e+01
   2.6042273e+01
   2.5990860e+01
   2.5939244e+01
   2.5887423e+01
   2.5835396e+01
   2.5783164e+01
   2.5730725e+01
   2.5678078e+01
   2.5625223e+01
   2.5572159e+01
   2.5518885e+01
   2.5465400e+01
   2.5411704e+01
   2.5357796e+01
   2.5303674e+01
   2.5249339e+01
   2.5194789e+01
   2.5140024e+01
   2.5085043e+01
   2.5029845e+01
   2.4974429e+01
   2.4918795e+01
   2.4862941e+01
   2.4806867e+01
   2.4750572e+01
   2.4694056e+01
   2.4637317e+01
   2.4580354e+01
   2.4523168e+01
   2.4465756e+01
   2.4408119e+01
   2.4350256e+01
   2.4292165e+01
   2.4233846e+01
   2.4175298e+01
   2.4116520e+01
   2.4057512e+01
   2.3998273e+01
   2.3938802e+01
   2.3879098e+01
   2.3819161e+01
   2.3758989e+01
   2.3698583e+01
   2.3637940e+01
   2.3577061e+01
   2.3515945e+01
   2.3454592e+01
   2.3392999e+01
   2.3331167e+01
   2.3269095e+01
   2.3206783e+01
   2.3144229e+01
   2.3081433e+01
   2.3018394e+01
   2.2955112e+01
   2.2891586e+01
   2.2827816e+01
   2.2763800e+01
   2.2699538e+01
   2.2635031e+01
   2.2570276e+01
   2.2505274e+01
   2.2440024e+01
   2.2374526e+01
   2.2308778e+01
   2.2242782e+01
   2.2176536e+01
   2.2110039e+01
   2.2043292e+01
   2.1976294e+01
   2.1909045e+01
   2.1841544e+01
   2.1773791e+01
   2.1705786e+01
   2.1637529e+01
   2.1569019e+01
   2.1500256e+01
   2.1431241e+01
   2.1361973e+01
   2.1292451e+01
   2.1222676e+01
   2.1152649e+01
   2.1082368e+01
   2.1011834e+01
   2.0941048e+01
   2.0870008e+01
   2.0798717e+01
   2.0727173e+01
   2.0655377e+01
   2.0583329e+01
   2.0511030e+01
   2.0438481e+01
   2.0365681e+01
   2.0292631e+01
   2.0219332e+01
   2.0145785e+01
   2.0071990e+01
   1.9997948e+01
   1.9923659e+01
   1.9849126e+01
   1.9774348e+01
   1.9699327e+01
   1.9624063e+01
   1.9548559e+01
   1.9472814e+01
   1.9396832e+01
   1.9320612e+01
   1.9244156e+01
   1.9167466e+01
   1.9090543e+01
   1.9013390e+01
   1.8936008e+01
   1.8858398e+01
   1.8780563e+01
   1.8702504e+01
   1.8624225e+01
   1.8545727e+01
   1.8467011e+01
   1.8388082e+01
   1.8308941e+01
   1.8229591e+01
   1.8150034e+01
   1.8070274e+01
   1.7990312e+01
   1.7910154e+01
   1.7829800e+01
   1.7749255e+01
   1.7668522e+01
   1.7587604e+01
   1.7506505e+01
   1.7425229e+01
   1.7343779e+01
   1.7262159e+01
   1.7180374e+01
   1.7098427e+01
   1.7016323e+01
   1.6934066e+01
   1.6851660e+01
   1.6769110e+01
   1.6686422e+01
   1.6603599e+01
   1.6520647e+01
   1.6437571e+01
   1.6354377e+01
   1.6271068e+01
   1.6187652e+01
   1.6104134e+01
   1.6020519e+01
   1.5936814e+01
   1.5853024e+01
   1.5769156e+01
   1.5685215e+01
   1.5601209e+01
   1.5517143e+01
   1.5433025e+01
   1.5348862e+01
   1.5264659e+01
   1.5180424e+01
   1.5096165e+01
   1.5011888e+01
   1.4927601e+01
   1.4843311e+01
   1.4759027e+01
   1.4674755e+01
   1.4590503e+01
   1.4506280e+01
   1.4422093e+01
   1.4337950e+01
   1.4253861e+01
   1.4169832e+01
   1.4085873e+01
   1.4001991e+01
   1.3918196e+01
   1.3834496e+01
   1.3750900e+01
   1.3667416e+01
   1.3584053e+01
   1.3500821e+01
   1.3417728e+01
   1.3334782e+01
   1.3251994e+01
   1.3169372e+01
   1.3086926e+01
   1.3004664e+01
   1.2922595e+01
   1.2840729e+01
   1.2759075e+01
   1.2677642e+01
   1.2596439e+01
   1.2515476e+01
   1.2434761e+01
   1.2354304e+01
   1.2274113e+01
   1.2194198e+01
   1.2114568e+01
   1.2035232e+01
   1.1956199e+01
   1.1877477e+01
   1.1799076e+01
   1.1721004e+01
   1.1643269e+01
   1.1565881e+01
   1.1488847e+01
   1.1412177e+01
   1.1335878e+01
   1.1259959e+01
   1.1184427e+01
   1.1109291e+01
   1.1034558e+01
   1.0960236e+01
   1.0886333e+01
   1.0812855e+01
   1.0739811e+01
   1.0667207e+01
   1.0595050e+01
   1.0523347e+01
   1.0452104e+01
   1.0381329e+01
   1.0311026e+01
   1.0241203e+01
   1.0171865e+01
   1.0103018e+01
   1.0034667e+01
   9.9668178e+00
   9.8994755e+00
   9.8326449e+00
   9.7663308e+00
   9.7005378e+00
   9.6352702e+00
   9.5705320e+00
   9.5063273e+00
   9.4426598e+00
   9.3795330e+00
   9.3169501e+00
   9.2549143e+00
   9.1934285e+00
   9.1324954e+00
   9.0721175e+00
   9.0122969e+00
   8.9530359e+00
   8.8943363e+00
   8.8361997e+00
   8.7786277e+00
   8.7216214e+00
   8.6651820e+00
   8.6093102e+00
   8.5540069e+00
   8.4992724e+00
   8.4451071e+00
   8.3915110e+00
   8.3384841e+00
   8.2860262e+00
   8.2341368e+00
   8.1828152e+00
   8.1320608e+00
   8.0818725e+00
   8.0322492e+00
   7.9831897e+00
   7.9346925e+00
   7.8867560e+00
   7.8393786e+00
   7.7925582e+00
   7.7462929e+00
   7.7005805e+00
   7.6554187e+00
   7.6108051e+00
   7.5667371e+00
   7.5232120e+00
   7.4802270e+00
   7.4377793e+00
   7.3958657e+00
   7.3544831e+00
   7.3136284e+00
   7.2732981e+00
   7.2334889e+00
   7.1941972e+00
   7.1554193e+00
   7.1171517e+00
   7.0793906e+00
   7.0421320e+00
   7.0053722e+00
   6.9691070e+00
   6.9333326e+00
   6.8980446e+00
   6.8632391e+00
   6.8289117e+00
   6.7950582e+00
   6.7616743e+00
   6.7287557e+00
   6.6962979e+00
   6.6642965e+00
   6.6327470e+00
   6.6016450e+00
   6.5709860e+00
   6.5407653e+00
   6.5109785e+00
   6.4816208e+00
   6.4526879e+00
   6.4241749e+00
   6.3960773e+00
   6.3683905e+00
   6.3411098e+00
   6.3142306e+00
   6.2877483e+00
   6.2616581e+00
   6.2359555e+00
   6.2106358e+00
   6.1856944e+00
   6.1611266e+00
   6.1369280e+00
   6.1130938e+00
   6.0896195e+00
   6.0665006e+00
   6.0437324e+00
   6.0213105e+00
   5.9992304e+00
   5.9774875e+00
   5.9560774e+00
   5.9349957e+00
   5.9142380e+00
   5.8937999e+00
   5.8736770e+00
   5.8538649e+00
   5.8343595e+00
   5.8151564e+00
   5.7962514e+00
   5.7776403e+00
   5.7593190e+00
   5.7412832e+00
   5.7235290e+00
   5.7060521e+00
   5.6888487e+00
   5.6719147e+00
   5.6552461e+00
   5.6388391e+00
   5.6226897e+00
   5.6067941e+00
   5.5911486e+00
   5.5757493e+00
   5.5605925e+00
   5.5456746e+00
   5.5309919e+00
   5.5165408e+00
   5.5023177e+00
   5.4883191e+00
   5.4745415e+00
   5.4609814e+00
   5.4476356e+00
   5.4345005e+00
   5.4215729e+00
   5.4088496e+00
   5.3963271e+00
   5.3840025e+00
   5.3718724e+00
   5.3599338e+00
   5.3481835e+00
   5.3366187e+00
   5.3252361e+00
   5.3140329e+00
   5.3030062e+00
   5.2921531e+00
   5.2814707e+00
   5.2709562e+00
   5.2606069e+00
   5.2504200e+00
   5.2403929e+00
   5.2305228e+00
   5.2208072e+00
   5.2112435e+00
   5.2018291e+00
   5.1925616e+00
   5.1834384e+00
   5.1744572e+00
   5.1656156e+00
   5.1569111e+00
   5.1483415e+00
   5.1399045e+00
   5.1315978e+00
   5.1234192e+00
   5.1153665e+00
   5.1074375e+00
   5.0996302e+00
   5.0919424e+00
   5.0843721e+00
   5.0769172e+00
   5.0695758e+00
   5.0623460e+00
   5.0552256e+00
   5.0482130e+00
   5.0413062e+00
   5.0345033e+00
   5.0278026e+00
   5.0212022e+00
   5.0147005e+00
   5.0082956e+00
   5.0019860e+00
   4.9957699e+00
   4.9896456e+00
   4.9836116e+00
   4.9776663e+00
   4.9718082e+00
   4.9660356e+00
   4.9603471e+00
   4.9547412e+00
   4.9492164e+00
   4.9437712e+00
   4.9384044e+00
   4.9331145e+00
   4.9279001e+00
   4.9227599e+00
   4.9176925e+00
   4.9126967e+00
   4.9077712e+00
   4.9029148e+00
   4.8981261e+00
   4.8934041e+00
   4.8887475e+00
   4.8841551e+00
   4.8796259e+00
   4.8751585e+00
   4.8707521e+00
   4.8664054e+00
   4.8621174e+00
   4.8578871e+00
   4.8537134e+00
   4.8495952e+00
   4.8455317e+00
   4.8415218e+00
   4.8375646e+00
   4.8336590e+00
   4.8298043e+00
   4.8259994e+00
   4.8222435e+00
   4.8185356e+00
   4.8148750e+00
   4.8112608e+00
   4.8076921e+00
   4.8041682e+00
   4.8006881e+00
   4.7972512e+00
   4.7938567e+00
   4.7905037e+00
   4.7871915e+00
   4.7839195e+00
   4.7806868e+00
   4.7774929e+00
   4.7743369e+00
   4.7712181e+00
   4.7681360e+00
   4.7650899e+00
   4.7620791e+00
   4.7591030e+00
   4.7561609e+00
   4.7532522e+00
   4.7503764e+00
   4.7475329e+00
   4.7447210e+00
   4.7419402e+00
   4.7391899e+00
   4.7364697e+00
   4.7337789e+00
   4.7311170e+00
   4.7284835e+00
   4.7258780e+00
   4.7232998e+00
   4.7207485e+00
   4.7182237e+00
   4.7157248e+00
   4.7132514e+00
   4.7108030e+00
   4.7083792e+00
   4.7059796e+00
   4.7036036e+00
   4.7012510e+00
   4.6989212e+00
   4.6966139e+00
   4.6943286e+00
   4.6920651e+00
   4.6898228e+00
   4.6876014e+00
   4.6854006e+00
   4.6832199e+00
   4.6810591e+00
   4.6789177e+00
   4.6767954e+00
   4.6746919e+00
   4.6726069e+00
   4.6705400e+00
   4.6684909e+00
   4.6664593e+00
   4.6644448e+00
   4.6624473e+00
   4.6604663e+00
   4.6585017e+00
   4.6565530e+00
   4.6546201e+00
   4.6527026e+00
   4.6508003e+00
   4.6489129e+00
   4.6470402e+00
   4.6451819e+00
   4.6433377e+00
   4.6415074e+00
   4.6396908e+00
   4.6378877e+00
   4.6360977e+00
   4.6343207e+00
   4.6325565e+00
   4.6308047e+00
   4.6290653e+00
   4.6273380e+00
   4.6256226e+00
   4.6239189e+00
   4.6222266e+00
   4.6205457e+00
   4.6188759e+00
   4.6172169e+00
   4.6155687e+00
   4.6139311e+00
   4.6123038e+00
   4.6106867e+00
   4.6090797e+00
   4.6074825e+00
   4.6058949e+00
   4.6043169e+00
   4.6027483e+00
   4.6011889e+00
   4.5996386e+00
   4.5980971e+00
   4.5965644e+00
   4.5950404e+00
   4.5935248e+00
   4.5920175e+00
   4.5905184e+00
   4.5890275e+00
   4.5875444e+00
   4.5860691e+00
   4.5846015e+00
   4.5831415e+00
   4.5816889e+00
   4.5802436e+00
   4.5788055e+00
   4.5773745e+00
   4.5759504e+00
   4.5745332e+00
   4.5731228e+00
   4.5717190e+00
   4.5703217e+00
   4.5689308e+00
   4.5675463e+00
   4.5661680e+00
   4.5647958e+00
   4.5634297e+00
   4.5620695e+00
   4.5607151e+00
   4.5593665e+00
   4.5580236e+00
   4.5566863e+00
   4.5553545e+00
   4.5540281e+00
   4.5527070e+00
   4.5513912e+00
   4.5500805e+00
   4.5487749e+00
   4.5474744e+00
   4.5461788e+00
   4.5448881e+00
   4.5436022e+00
   4.5423210e+00
   4.5410444e+00
   4.5397725e+00
   4.5385051e+00
   4.5372421e+00
   4.5359835e+00
   4.5347293e+00
   4.5334793e+00
   4.5322336e+00
   4.5309920e+00
   4.5297545e+00
   4.5285210e+00
   4.5272915e+00
   4.5260659e+00
   4.5248441e+00
   4.5236262e+00
   4.5224121e+00
   4.5212016e+00
   4.5199948e+00
   4.5187917e+00
   4.5175920e+00
   4.5163959e+00
   4.5152033e+00
   4.5140141e+00
   4.5128282e+00
   4.5116457e+00
   4.5104665e+00
   4.5092905e+00
   4.5081177e+00
   4.5069480e+00
   4.5057815e+00
   4.5046181e+00
   4.5034577e+00
   4.5023003e+00
   4.5011459e+00
   4.4999944e+00
   4.4988458e+00
   4.4977000e+00
   4.4965571e+00
   4.4954169e+00
   4.4942795e+00
   4.4931449e+00
   4.4920129e+00
   4.4908835e+00
   4.4897568e+00
   4.4886327e+00
   4.4875111e+00
   4.4863921e+00
   4.4852756e+00
   4.4841616e+00
   4.4830500e+00
   4.4819408e+00
   4.4808340e+00
   4.4797296e+00
   4.4786275e+00
   4.4775277e+00
   4.4764302e+00
   4.4753350e+00
   4.4742420e+00
   4.4731513e+00
   4.4720627e+00
   4.4709763e+00
   4.4698921e+00
   4.4688099e+00
   4.4677299e+00
   4.4666519e+00
   4.4655760e+00
   4.4645022e+00
   4.4634303e+00
   4.4623605e+00
   4.4612926e+00
   4.4602267e+00
   4.4591628e+00
   4.4581007e+00
   4.4570406e+00
   4.4559823e+00
   4.4549259e+00
   4.4538714e+00
   4.4528187e+00
   4.4517678e+00
   4.4507187e+00
   4.4496714e+00
   4.4486259e+00
   4.4475821e+00
   4.4465400e+00
   4.4454997e+00
   4.4444610e+00
   4.4434241e+00
   4.4423888e+00
   4.4413552e+00
   4.4403232e+00
   4.4392929e+00
   4.4382642e+00
   4.4372371e+00
   4.4362116e+00
   4.4351877e+00
   4.4341653e+00
   4.4331445e+00
   4.4321252e+00
   4.4311075e+00
   4.4300913e+00
   4.4290766e+00
   4.4280634e+00
   4.4270517e+00
   4.4260414e+00
   4.4250327e+00
   4.4240253e+00
   4.4230194e+00
   4.4220150e+00
   4.4210120e+00
   4.4200103e+00
   4.4190101e+00
   4.4180113e+00
   4.4170138e+00
   4.4160178e+00
   4.4150231e+00
   4.4140297e+00
   4.4130377e+00
   4.4120470e+00
   4.4110577e+00
   4.4100696e+00
   4.4090829e+00
   4.4080975e+00
   4.4071134e+00
   4.4061305e+00
   4.4051490e+00
   4.4041687e+00
   4.4031897e+00
   4.4022119e+00
   4.4012354e+00
   4.4002601e+00
   4.3992860e+00
   4.3983132e+00
   4.3973416e+00
   4.3963712e+00
   4.3954020e+00
   4.3944340e+00
   4.3934672e+00
   4.3925016e+00
   4.3915372e+00
   4.3905739e+00
   4.3896118e+00
   4.3886508e+00
   4.3876910e+00
   4.3867324e+00
   4.3857749e+00
   4.3848185e+00
   4.3838633e+00
   4.3829092e+00
   4.3819562e+00
   4.3810043e+00
   4.3800535e+00
   4.3791038e+00
   4.3781552e+00
   4.3772077e+00
   4.3762613e+00
   4.3753160e+00
   4.3743717e+00
   4.3734286e+00
   4.3724864e+00
   4.3715454e+00
   4.3706054e+00
   4.3696664e+00
   4.3687285e+00
   4.3677917e+00
   4.3668559e+00
   4.3659211e+00
   4.3649873e+00
   4.3640546e+00
   4.3631229e+00
   4.3621922e+00
   4.3612625e+00
   4.3603338e+00
   4.3594061e+00
   4.3584794e+00
   4.3575538e+00
   4.3566291e+00
   4.3557054e+00
   4.3547826e+00
   4.3538609e+00
   4.3529401e+00
   4.3520203e+00
   4.3511015e+00
   4.3501836e+00
   4.3492667e+00
   4.3483508e+00
   4.3474358e+00
   4.3465217e+00
   4.3456086e+00
   4.3446965e+00
   4.3437853e+00
   4.3428750e+00
   4.3419656e+00
   4.3410572e+00
   4.3401497e+00
   4.3392432e+00
   4.3383375e+00
   4.3374328e+00
   4.3365290e+00
   4.3356261e+00
   4.3347241e+00
   4.3338230e+00
   4.3329228e+00
   4.3320235e+00
   4.3311251e+00
   4.3302276e+00
   4.3293310e+00
   4.3284352e+00
   4.3275404e+00
   4.3266464e+00
   4.3257534e+00
   4.3248612e+00
   4.3239698e+00
   4.3230794e+00
   4.3221898e+00
   4.3213010e+00
   4.3204132e+00
   4.3195262e+00
   4.3186400e+00
   4.3177547e+00
   4.3168703e+00
   4.3159867e+00
   4.3151040e+00
   4.3142221e+00
   4.3133410e+00
   4.3124608e+00
   4.3115814e+00
   4.3107029e+00
   4.3098252e+00
   4.3089483e+00
   4.3080722e+00
   4.3071970e+00
   4.3063226e+00
   4.3054490e+00
   4.3045763e+00
   4.3037043e+00
   4.3028332e+00
   4.3019629e+00
   4.3010934e+00
   4.3002247e+00
   4.2993568e+00
   4.2984897e+00
   4.2976234e+00
   4.2967579e+00
   4.2958933e+00
   4.2950294e+00
   4.2941663e+00
   4.2933040e+00
   4.2924425e+00
   4.2915817e+00
   4.2907218e+00
   4.2898626e+00
   4.2890042e+00
   4.2881466e+00
   4.2872898e+00
   4.2864338e+00
   4.2855785e+00
   4.2847240e+00
   4.2838703e+00
   4.2830173e+00
   4.2821651e+00
   4.2813137e+00
   4.2804630e+00
   4.2796131e+00
   4.2787640e+00
   4.2779156e+00
   4.2770679e+00
   4.2762211e+00
   4.2753749e+00
   4.2745296e+00
   4.2736849e+00
   4.2728410e+00
   4.2719979e+00
   4.2711555e+00
   4.2703138e+00
   4.2694729e+00
   4.2686327e+00
   4.2677933e+00
   4.2669546e+00
   4.2661166e+00
   4.2652794e+00
   4.2644429e+00
   4.2636071e+00
   4.2627720e+00
   4.2619377e+00
   4.2611041e+00
   4.2602712e+00
   4.2594390e+00
   4.2586075e+00
   4.2577768e+00
   4.2569468e+00
   4.2561175e+00
   4.2552889e+00
   4.2544610e+00
   4.2536338e+00
   4.2528073e+00
   4.2519816e+00
   4.2511565e+00
   4.2503322e+00
   4.2495085e+00
   4.2486855e+00
   4.2478633e+00
   4.2470417e+00
   4.2462209e+00
   4.2454007e+00
   4.2445812e+00
   4.2437624e+00
   4.2429443e+00
   4.2421269e+00
   4.2413102e+00
   4.2404941e+00
   4.2396788e+00
   4.2388641e+00
   4.2380501e+00
   4.2372368e+00
   4.2364242e+00
   4.2356122e+00
   4.2348009e+00
   4.2339903e+00
   4.2331804e+00
   4.2323711e+00
   4.2315625e+00
   4.2307546e+00
   4.2299473e+00
   4.2291407e+00
   4.2283348e+00
   4.2275295e+00
   4.2267249e+00
   4.2259210e+00
   4.2251177e+00
   4.2243151e+00
   4.2235131e+00
   4.2227118e+00
   4.2219111e+00
   4.2211111e+00
   4.2203117e+00
   4.2195130e+00
   4.2187150e+00
   4.2179175e+00
   4.2171208e+00
   4.2163246e+00
   4.2155292e+00
   4.2147343e+00
   4.2139401e+00
   4.2131466e+00
   4.2123536e+00
   4.2115614e+00
   4.2107697e+00
   4.2099787e+00
   4.2091883e+00
   4.2083986e+00
   4.2076095e+00
   4.2068210e+00
   4.2060331e+00
   4.2052459e+00
   4.2044593e+00
   4.2036733e+00
   4.2028880e+00
   4.2021032e+00
   4.2013191e+00
   4.2005356e+00
   4.1997528e+00
   4.1989705e+00
   4.1981889e+00
   4.1974079e+00
   4.1966275e+00
   4.1958477e+00
   4.1950685e+00
   4.1942899e+00
   4.1935120e+00
   4.1927346e+00
   4.1919579e+00
   4.1911817e+00
   4.1904062e+00
   4.1896313e+00
   4.1888570e+00
   4.1880832e+00
   4.1873101e+00
   4.1865376e+00
   4.1857657e+00
   4.1849943e+00
   4.1842236e+00
   4.1834535e+00
   4.1826839e+00
   4.1819150e+00
   4.1811466e+00
   4.1803789e+00
   4.1796117e+00
   4.1788451e+00
   4.1780791e+00
   4.1773137e+00
   4.1765489e+00
   4.1757846e+00
   4.1750210e+00
   4.1742579e+00
   4.1734954e+00
   4.1727335e+00
   4.1719722e+00
   4.1712114e+00
   4.1704512e+00
   4.1696916e+00
   4.1689326e+00
   4.1681741e+00
   4.1674163e+00
   4.1666589e+00
   4.1659022e+00
   4.1651460e+00
   4.1643904e+00
   4.1636354e+00
   4.1628809e+00
   4.1621270e+00
   4.1613737e+00
   4.1606209e+00
   4.1598687e+00
   4.1591171e+00
   4.1583660e+00
   4.1576154e+00
   4.1568655e+00
   4.1561161e+00
   4.1553672e+00
   4.1546189e+00
   4.1538711e+00
   4.1531240e+00
   4.1523773e+00
   4.1516312e+00
   4.1508857e+00
   4.1501407e+00
   4.1493963e+00
   4.1486524e+00
   4.1479090e+00
   4.1471662e+00
   4.1464240e+00
   4.1456823e+00
   4.1449411e+00
   4.1442005e+00
   4.1434604e+00
   4.1427208e+00
   4.1419818e+00
   4.1412434e+00
   4.1405054e+00
   4.1397680e+00
   4.1390312e+00
   4.1382949e+00
   4.1375591e+00
   4.1368238e+00
   4.1360891e+00
   4.1353549e+00
   4.1346212e+00
   4.1338881e+00
   4.1331555e+00
   4.1324234e+00
   4.1316918e+00
   4.1309608e+00
   4.1302303e+00
   4.1295003e+00
   4.1287709e+00
   4.1280419e+00
   4.1273135e+00
   4.1265856e+00
   4.1258582e+00
   4.1251314e+00
   4.1244050e+00
   4.1236792e+00
   4.1229539e+00
   4.1222291e+00
   4.1215048e+00
   4.1207811e+00
   4.1200578e+00
   4.1193351e+00
   4.1186128e+00
   4.1178911e+00
   4.1171699e+00
   4.1164492e+00
   4.1157290e+00
   4.1150093e+00
   4.1142901e+00
   4.1135714e+00
   4.1128532e+00
   4.1121355e+00
   4.1114183e+00
   4.1107017e+00
   4.1099855e+00
   4.1092698e+00
   4.1085546e+00
   4.1078399e+00
   4.1071257e+00
   4.1064120e+00
   4.1056988e+00
   4.1049861e+00
   4.1042739e+00
   4.1035622e+00
   4.1028510e+00
   4.1021403e+00
   4.1014300e+00
   4.1007202e+00
   4.1000110e+00
   4.0993022e+00
   4.0985939e+00
   4.0978861e+00
   4.0971788e+00
   4.0964719e+00
   4.0957656e+00
   4.0950597e+00
   4.0943543e+00
   4.0936494e+00
   4.0929450e+00
   4.0922410e+00
   4.0915375e+00
   4.0908345e+00
   4.0901320e+00
   4.0894300e+00
   4.0887284e+00
   4.0880273e+00
   4.0873267e+00
   4.0866266e+00
   4.0859269e+00
   4.0852277e+00
   4.0845290e+00
   4.0838307e+00
   4.0831329e+00
   4.0824356e+00
   4.0817387e+00
   4.0810423e+00
   4.0803464e+00
   4.0796510e+00
   4.0789560e+00
   4.0782615e+00
   4.0775674e+00
   4.0768738e+00
   4.0761806e+00
   4.0754880e+00
   4.0747958e+00
   4.0741040e+00
   4.0734127e+00
   4.0727218e+00
   4.0720315e+00
   4.0713415e+00
   4.0706521e+00
   4.0699630e+00
   4.0692745e+00
   4.0685864e+00
   4.0678987e+00
   4.0672115e+00
   4.0665247e+00
   4.0658384e+00
   4.0651526e+00
   4.0644672e+00
   4.0637822e+00
   4.0630977e+00
   4.0624136e+00
   4.0617300e+00
   4.0610469e+00
   4.0603641e+00
   4.0596819e+00
   4.0590000e+00
   4.0583186e+00
   4.0576377e+00
   4.0569571e+00
   4.0562771e+00
   4.0555974e+00
   4.0549182e+00
   4.0542395e+00
   4.0535612e+00
   4.0528833e+00
   4.0522059e+00
   4.0515288e+00
   4.0508523e+00
   4.0501761e+00
   4.0495004e+00
   4.0488251e+00
   4.0481503e+00
   4.0474759e+00
   4.0468019e+00
   4.0461284e+00
   4.0454553e+00
   4.0447826e+00
   4.0441103e+00
   4.0434385e+00
   4.0427671e+00
   4.0420961e+00
   4.0414255e+00
   4.0407554e+00
   4.0400857e+00
   4.0394164e+00
   4.0387475e+00
   4.0380791e+00
   4.0374111e+00
   4.0367435e+00
   4.0360763e+00
   4.0354095e+00
   4.0347432e+00
   4.0340773e+00
   4.0334118e+00
   4.0327467e+00
   4.0320820e+00
   4.0314178e+00
   4.0307539e+00
   4.0300905e+00
   4.0294275e+00
   4.0287649e+00
   4.0281027e+00
   4.0274409e+00
   4.0267795e+00
   4.0261186e+00
   4.0254580e+00
   4.0247979e+00
   4.0241382e+00
   4.0234789e+00
   4.0228199e+00
   4.0221614e+00
   4.0215033e+00
   4.0208456e+00
   4.0201883e+00
   4.0195315e+00
   4.0188750e+00
   4.0182189e+00
   4.0175632e+00
   4.0169079e+00
   4.0162531e+00
   4.0155986e+00
   4.0149445e+00
   4.0142908e+00
   4.0136376e+00
   4.0129847e+00
   4.0123322e+00
   4.0116801e+00
   4.0110284e+00
   4.0103771e+00
   4.0097262e+00
   4.0090757e+00
   4.0084256e+00
   4.0077759e+00
   4.0071266e+00
   4.0064776e+00
   4.0058291e+00
   4.0051809e+00
   4.0045332e+00
   4.0038858e+00
   4.0032388e+00
   4.0025922e+00
   4.0019460e+00
   4.0013002e+00
   4.0006547e+00
   4.0000097e+00
   3.9993650e+00
   3.9987207e+00
   3.9980768e+00
   3.9974333e+00
   3.9967902e+00
   3.9961475e+00
   3.9955051e+00
   3.9948631e+00
   3.9942215e+00
   3.9935803e+00
   3.9929394e+00
   3.9922990e+00
   3.9916589e+00
   3.9910192e+00
   3.9903799e+00
   3.9897409e+00
   3.9891023e+00
   3.9884641e+00
   3.9878263e+00
   3.9871888e+00
   3.9865518e+00
   3.9859151e+00
   3.9852787e+00
   3.9846428e+00
   3.9840072e+00
   3.9833720e+00
   3.9827371e+00
   3.9821026e+00
   3.9814685e+00
   3.9808348e+00
   3.9802014e+00
   3.9795684e+00
   3.9789358e+00
   3.9783035e+00
   3.9776716e+00
   3.9770401e+00
   3.9764089e+00
   3.9757781e+00
   3.9751477e+00
   3.9745176e+00
   3.9738879e+00
   3.9732585e+00
   3.9726295e+00
   3.9720009e+00
   3.9713726e+00
   3.9707447e+00
   3.9701172e+00
   3.9694900e+00
   3.9688631e+00
   3.9682367e+00
   3.9676105e+00
   3.9669848e+00
   3.9663594e+00
   3.9657343e+00
   3.9651096e+00
   3.9644853e+00
   3.9638613e+00
   3.9632377e+00
   3.9626144e+00
   3.9619915e+00
   3.9613689e+00
   3.9607467e+00
   3.9601249e+00
   3.9595033e+00
   3.9588822e+00
   3.9582614e+00
   3.9576409e+00
   3.9570208e+00
   3.9564010e+00
   3.9557816e+00
   3.9551625e+00
   3.9545438e+00
   3.9539254e+00
   3.9533074e+00
   3.9526897e+00
   3.9520724e+00
   3.9514554e+00
   3.9508387e+00
   3.9502224e+00
   3.9496064e+00
   3.9489908e+00
   3.9483755e+00
   3.9477606e+00
   3.9471460e+00
   3.9465317e+00
   3.9459178e+00
   3.9453042e+00
   3.9446910e+00
   3.9440781e+00
   3.9434655e+00
   3.9428533e+00
   3.9422414e+00
   3.9416298e+00
   3.9410186e+00
   3.9404077e+00
   3.9397972e+00
   3.9391870e+00
   3.9385771e+00
   3.9379675e+00
   3.9373583e+00
   3.9367494e+00
   3.9361409e+00
   3.9355327e+00
   3.9349248e+00
   3.9343172e+00
   3.9337100e+00
   3.9331031e+00
   3.9324966e+00
   3.9318903e+00
   3.9312844e+00
   3.9306788e+00
   3.9300736e+00
   3.9294687e+00
   3.9288641e+00
   3.9282598e+00
   3.9276558e+00
   3.9270522e+00
   3.9264489e+00
   3.9258460e+00
   3.9252433e+00
   3.9246410e+00
   3.9240390e+00
   3.9234373e+00
   3.9228359e+00
   3.9222349e+00
   3.9216342e+00
   3.9210338e+00
   3.9204337e+00
   3.9198340e+00
   3.9192345e+00
   3.9186354e+00
   3.9180366e+00
   3.9174381e+00
   3.9168400e+00
   3.9162421e+00
   3.9156446e+00
   3.9150474e+00
   3.9144505e+00
   3.9138539e+00
   3.9132577e+00
   3.9126617e+00
   3.9120661e+00
   3.9114707e+00
   3.9108757e+00
   3.9102810e+00
   3.9096867e+00
   3.9090926e+00
   3.9084988e+00
   3.9079054e+00
   3.9073122e+00
   3.9067194e+00
   3.9061269e+00
   3.9055347e+00
   3.9049428e+00
   3.9043512e+00
   3.9037599e+00
   3.9031689e+00
   3.9025782e+00
   3.9019879e+00
   3.9013978e+00
   3.9008081e+00
   3.9002186e+00
   3.8996295e+00
   3.8990406e+00
   3.8984521e+00
   3.8978639e+00
   3.8972760e+00
   3.8966883e+00
   3.8961010e+00
   3.8955140e+00
   3.8949273e+00
   3.8943409e+00
   3.8937547e+00
   3.8931689e+00
   3.8925834e+00
   3.8919982e+00
   3.8914133e+00
   3.8908287e+00
   3.8902444e+00
   3.8896603e+00
   3.8890766e+00
   3.8884932e+00
   3.8879101e+00
   3.8873272e+00
   3.8867447e+00
   3.8861625e+00
   3.8855805e+00
   3.8849989e+00
   3.8844175e+00
   3.8838365e+00
   3.8832557e+00
   3.8826752e+00
   3.8820950e+00
   3.8815152e+00
   3.8809356e+00
   3.8803563e+00
   3.8797772e+00
   3.8791985e+00
   3.8786201e+00
   3.8780419e+00
   3.8774641e+00
   3.8768865e+00
   3.8763093e+00
   3.8757323e+00
   3.8751556e+00
   3.8745792e+00
   3.8740030e+00
   3.8734272e+00
   3.8728517e+00
   3.8722764e+00
   3.8717014e+00
   3.8711267e+00
   3.8705523e+00
   3.8699782e+00
   3.8694044e+00
   3.8688308e+00
   3.8682575e+00
   3.8676846e+00
   3.8671119e+00
   3.8665394e+00
   3.8659673e+00
   3.8653954e+00
   3.8648239e+00
   3.8642526e+00
   3.8636816e+00
   3.8631108e+00
   3.8625404e+00
   3.8619702e+00
   3.8614003e+00
   3.8608307e+00
   3.8602613e+00
   3.8596923e+00
   3.8591235e+00
   3.8585550e+00
   3.8579868e+00
   3.8574188e+00
   3.8568511e+00
   3.8562837e+00
   3.8557166e+00
   3.8551498e+00
   3.8545832e+00
   3.8540169e+00
   3.8534509e+00
   3.8528851e+00
   3.8523196e+00
   3.8517544e+00
   3.8511895e+00
   3.8506248e+00
   3.8500604e+00
   3.8494963e+00
   3.8489325e+00
   3.8483689e+00
   3.8478056e+00
   3.8472426e+00
   3.8466798e+00
   3.8461173e+00
   3.8455551e+00
   3.8449931e+00
   3.8444314e+00
   3.8438700e+00
   3.8433088e+00
   3.8427480e+00
   3.8421873e+00
   3.8416270e+00
   3.8410669e+00
   3.8405071e+00
   3.8399475e+00
   3.8393882e+00
   3.8388292e+00
   3.8382704e+00
   3.8377119e+00
   3.8371537e+00
   3.8365957e+00
   3.8360380e+00
   3.8354806e+00
   3.8349234e+00
   3.8343665e+00
   3.8338098e+00
   3.8332534e+00
   3.8326973e+00
   3.8321414e+00
   3.8315858e+00
   3.8310304e+00
   3.8304754e+00
   3.8299205e+00
   3.8293659e+00
   3.8288116e+00
   3.8282576e+00
   3.8277038e+00
   3.8271502e+00
   3.8265969e+00
   3.8260439e+00
   3.8254911e+00
   3.8249386e+00
   3.8243864e+00
   3.8238344e+00
   3.8232826e+00
   3.8227311e+00
   3.8221799e+00
   3.8216289e+00
   3.8210782e+00
   3.8205277e+00
   3.8199775e+00
   3.8194275e+00
   3.8188778e+00
   3.8183284e+00
   3.8177791e+00
   3.8172302e+00
   3.8166815e+00
   3.8161330e+00
   3.8155848e+00
   3.8150369e+00
   3.8144892e+00
   3.8139417e+00
   3.8133945e+00
   3.8128476e+00
   3.8123009e+00
   3.8117544e+00
   3.8112082e+00
   3.8106623e+00
   3.8101165e+00
   3.8095711e+00
   3.8090259e+00
   3.8084809e+00
   3.8079362e+00
   3.8073917e+00
   3.8068475e+00
   3.8063035e+00
   3.8057598e+00
   3.8052163e+00
   3.8046730e+00
   3.8041300e+00
   3.8035873e+00
   3.8030447e+00
   3.8025025e+00
   3.8019604e+00
   3.8014187e+00
   3.8008771e+00
   3.8003358e+00
   3.7997948e+00
   3.7992539e+00
   3.7987134e+00
   3.7981730e+00
   3.7976329e+00
   3.7970931e+00
   3.7965535e+00
   3.7960141e+00
   3.7954750e+00
   3.7949361e+00
   3.7943974e+00
   3.7938590e+00
   3.7933208e+00
   3.7927829e+00
   3.7922452e+00
   3.7917077e+00
   3.7911705e+00
   3.7906335e+00
   3.7900968e+00
   3.7895603e+00
   3.7890240e+00
   3.7884880e+00
   3.7879521e+00
   3.7874166e+00
   3.7868812e+00
   3.7863461e+00
   3.7858113e+00
   3.7852766e+00
   3.7847422e+00
   3.7842081e+00
   3.7836741e+00
   3.7831404e+00
   3.7826070e+00
   3.7820737e+00
   3.7815407e+00
   3.7810080e+00
   3.7804754e+00
   3.7799431e+00
   3.7794111e+00
   3.7788792e+00
   3.7783476e+00
   3.7778162e+00
   3.7772851e+00
   3.7767541e+00
   3.7762234e+00
   3.7756930e+00
   3.7751627e+00
   3.7746327e+00
   3.7741029e+00
   3.7735734e+00
   3.7730441e+00
   3.7725150e+00
   3.7719861e+00
   3.7714575e+00
   3.7709290e+00
   3.7704009e+00
   3.7698729e+00
   3.7693452e+00
   3.7688176e+00
   3.7682904e+00
   3.7677633e+00
   3.7672365e+00
   3.7667098e+00
   3.7661834e+00
   3.7656573e+00
   3.7651313e+00
   3.7646056e+00
   3.7640801e+00
   3.7635549e+00
   3.7630298e+00
   3.7625050e+00
   3.7619804e+00
   3.7614560e+00
   3.7609318e+00
   3.7604079e+00
   3.7598842e+00
   3.7593607e+00
   3.7588374e+00
   3.7583143e+00
   3.7577915e+00
   3.7572689e+00
   3.7567465e+00
   3.7562243e+00
   3.7557023e+00
   3.7551806e+00
   3.7546591e+00
   3.7541378e+00
   3.7536167e+00
   3.7530958e+00
   3.7525751e+00
   3.7520547e+00
   3.7515345e+00
   3.7510145e+00
   3.7504947e+00
   3.7499751e+00
   3.7494558e+00
   3.7489366e+00
   3.7484177e+00
   3.7478990e+00
   3.7473805e+00
   3.7468622e+00
   3.7463442e+00
   3.7458263e+00
   3.7453087e+00
   3.7447913e+00
   3.7442740e+00
   3.7437570e+00
   3.7432403e+00
   3.7427237e+00
   3.7422073e+00
   3.7416912e+00
   3.7411752e+00
   3.7406595e+00
   3.7401440e+00
   3.7396287e+00
   3.7391136e+00
   3.7385987e+00
   3.7380841e+00
   3.7375696e+00
   3.7370554e+00
   3.7365413e+00
   3.7360275e+00
   3.7355139e+00
   3.7350004e+00
   3.7344872e+00
   3.7339742e+00
   3.7334615e+00
   3.7329489e+00
   3.7324365e+00
   3.7319243e+00
   3.7314124e+00
   3.7309006e+00
   3.7303891e+00
   3.7298777e+00
   3.7293666e+00
   3.7288557e+00
   3.7283450e+00
   3.7278345e+00
   3.7273241e+00
   3.7268140e+00
   3.7263041e+00
   3.7257944e+00
   3.7252850e+00
   3.7247757e+00
   3.7242666e+00
   3.7237577e+00
   3.7232490e+00
   3.7227406e+00
   3.7222323e+00
   3.7217242e+00
   3.7212164e+00
   3.7207087e+00
   3.7202012e+00
   3.7196940e+00
   3.7191869e+00
   3.7186801e+00
   3.7181734e+00
   3.7176670e+00
   3.7171607e+00
   3.7166547e+00
   3.7161488e+00
   3.7156431e+00
   3.7151377e+00
   3.7146324e+00
   3.7141274e+00
   3.7136225e+00
   3.7131179e+00
   3.7126134e+00
   3.7121092e+00
   3.7116051e+00
   3.7111012e+00
   3.7105976e+00
   3.7100941e+00
   3.7095908e+00
   3.7090878e+00
   3.7085849e+00
   3.7080822e+00
   3.7075797e+00
   3.7070774e+00
   3.7065753e+00
   3.7060734e+00
   3.7055717e+00
   3.7050702e+00
   3.7045689e+00
   3.7040678e+00
   3.7035669e+00
   3.7030662e+00
   3.7025656e+00
   3.7020653e+00
   3.7015651e+00
   3.7010652e+00
   3.7005654e+00
   3.7000659e+00
   3.6995665e+00
   3.6990673e+00
   3.6985683e+00
   3.6980695e+00
   3.6975709e+00
   3.6970725e+00
   3.6965743e+00
   3.6960763e+00
   3.6955784e+00
   3.6950808e+00
   3.6945833e+00
   3.6940861e+00
   3.6935890e+00
   3.6930921e+00
   3.6925954e+00
   3.6920989e+00
   3.6916026e+00
   3.6911065e+00
   3.6906105e+00
   3.6901148e+00
   3.6896192e+00
   3.6891239e+00
   3.6886287e+00
   3.6881337e+00
   3.6876389e+00
   3.6871442e+00
   3.6866498e+00
   3.6861556e+00
   3.6856615e+00
   3.6851676e+00
   3.6846740e+00
   3.6841805e+00
   3.6836871e+00
   3.6831940e+00
   3.6827011e+00
   3.6822083e+00
   3.6817158e+00
   3.6812234e+00
   3.6807312e+00
   3.6802392e+00
   3.6797473e+00
   3.6792557e+00
   3.6787642e+00
   3.6782729e+00
   3.6777818e+00
   3.6772909e+00
   3.6768002e+00
   3.6763097e+00
   3.6758193e+00
   3.6753291e+00
   3.6748391e+00
   3.6743493e+00
   3.6738597e+00
   3.6733702e+00
   3.6728810e+00
   3.6723919e+00
   3.6719030e+00
   3.6714142e+00
   3.6709257e+00
   3.6704373e+00
   3.6699492e+00
   3.6694611e+00
   3.6689733e+00
   3.6684857e+00
   3.6679982e+00
   3.6675109e+00
   3.6670238e+00
   3.6665369e+00
   3.6660502e+00
   3.6655636e+00
   3.6650772e+00
   3.6645910e+00
   3.6641050e+00
   3.6636191e+00
   3.6631334e+00
   3.6626480e+00
   3.6621626e+00
   3.6616775e+00
   3.6611925e+00
   3.6607077e+00
   3.6602231e+00
   3.6597387e+00
   3.6592544e+00
   3.6587703e+00
   3.6582864e+00
   3.6578027e+00
   3.6573192e+00
   3.6568358e+00
   3.6563526e+00
   3.6558695e+00
   3.6553867e+00
   3.6549040e+00
   3.6544215e+00
   3.6539392e+00
   3.6534570e+00
   3.6529750e+00
   3.6524932e+00
   3.6520116e+00
   3.6515301e+00
   3.6510488e+00
   3.6505677e+00
   3.6500868e+00
   3.6496060e+00
   3.6491254e+00
   3.6486450e+00
   3.6481647e+00
   3.6476846e+00
   3.6472047e+00
   3.6467250e+00
   3.6462454e+00
   3.6457660e+00
   3.6452868e+00
   3.6448077e+00
   3.6443288e+00
   3.6438501e+00
   3.6433716e+00
   3.6428932e+00
   3.6424150e+00
   3.6419370e+00
   3.6414591e+00
   3.6409814e+00
   3.6405039e+00
   3.6400265e+00
   3.6395493e+00
   3.6390723e+00
   3.6385955e+00
   3.6381188e+00
   3.6376423e+00
   3.6371659e+00
   3.6366897e+00
   3.6362137e+00
   3.6357379e+00
   3.6352622e+00
   3.6347867e+00
   3.6343114e+00
   3.6338362e+00
   3.6333612e+00
   3.6328863e+00
   3.6324116e+00
   3.6319371e+00
   3.6314628e+00
   3.6309886e+00
   3.6305146e+00
   3.6300407e+00
   3.6295671e+00
   3.6290935e+00
   3.6286202e+00
   3.6281470e+00
   3.6276740e+00
   3.6272011e+00
   3.6267284e+00
   3.6262559e+00
   3.6257835e+00
   3.6253113e+00
   3.6248393e+00
   3.6243674e+00
   3.6238957e+00
   3.6234241e+00
   3.6229527e+00
   3.6224815e+00
   3.6220105e+00
   3.6215396e+00
   3.6210688e+00
   3.6205982e+00
   3.6201278e+00
   3.6196576e+00
   3.6191875e+00
   3.6187176e+00
   3.6182478e+00
   3.6177782e+00
   3.6173087e+00
   3.6168394e+00
   3.6163703e+00
   3.6159013e+00
   3.6154325e+00
   3.6149639e+00
   3.6144954e+00
   3.6140271e+00
   3.6135589e+00
   3.6130909e+00
   3.6126231e+00
   3.6121554e+00
   3.6116878e+00
   3.6112205e+00
   3.6107533e+00
   3.6102862e+00
   3.6098193e+00
   3.6093526e+00
   3.6088860e+00
   3.6084196e+00
   3.6079533e+00
   3.6074872e+00
   3.6070212e+00
   3.6065554e+00
   3.6060898e+00
   3.6056243e+00
   3.6051590e+00
   3.6046938e+00
   3.6042288e+00
   3.6037640e+00
   3.6032993e+00
   3.6028347e+00
   3.6023704e+00
   3.6019061e+00
   3.6014421e+00
   3.6009781e+00
   3.6005144e+00
   3.6000508e+00
   3.5995873e+00
   3.5991240e+00
   3.5986609e+00
   3.5981979e+00
   3.5977350e+00
   3.5972723e+00
   3.5968098e+00
   3.5963474e+00
   3.5958852e+00
   3.5954231e+00
   3.5949612e+00
   3.5944995e+00
   3.5940379e+00
   3.5935764e+00
   3.5931151e+00
   3.5926539e+00
   3.5921929e+00
   3.5917321e+00
   3.5912714e+00
   3.5908109e+00
   3.5903505e+00
   3.5898902e+00
   3.5894301e+00
   3.5889702e+00
   3.5885104e+00
   3.5880508e+00
   3.5875913e+00
   3.5871320e+00
   3.5866728e+00
   3.5862137e+00
   3.5857549e+00
   3.5852961e+00
   3.5848376e+00
   3.5843791e+00
   3.5839208e+00
   3.5834627e+00
   3.5830047e+00
   3.5825469e+00
   3.5820892e+00
   3.5816317e+00
   3.5811743e+00
   3.5807170e+00
   3.5802599e+00
   3.5798030e+00
   3.5793462e+00
   3.5788896e+00
   3.5784331e+00
   3.5779767e+00
   3.5775205e+00
   3.5770645e+00
   3.5766085e+00
   3.5761528e+00
   3.5756972e+00
   3.5752417e+00
   3.5747864e+00
   3.5743312e+00
   3.5738762e+00
   3.5734213e+00
   3.5729666e+00
   3.5725120e+00
   3.5720575e+00
   3.5716032e+00
   3.5711491e+00
   3.5706951e+00
   3.5702412e+00
   3.5697875e+00
   3.5693339e+00
   3.5688805e+00
   3.5684272e+00
   3.5679741e+00
   3.5675211e+00
   3.5670682e+00
   3.5666155e+00
   3.5661630e+00
   3.5657106e+00
   3.5652583e+00
   3.5648062e+00
   3.5643542e+00
   3.5639023e+00
   3.5634506e+00
   3.5629991e+00
   3.5625477e+00
   3.5620964e+00
   3.5616453e+00
   3.5611943e+00
   3.5607435e+00
   3.5602928e+00
   3.5598422e+00
   3.5593918e+00
   3.5589415e+00
   3.5584914e+00
   3.5580414e+00
   3.5575915e+00
   3.5571418e+00
   3.5566923e+00
   3.5562429e+00
   3.5557936e+00
   3.5553444e+00
   3.5548954e+00
   3.5544466e+00
   3.5539978e+00
   3.5535493e+00
   3.5531008e+00
   3.5526525e+00
   3.5522044e+00
   3.5517563e+00
   3.5513085e+00
   3.5508607e+00
   3.5504131e+00
   3.5499657e+00
   3.5495183e+00
   3.5490711e+00
   3.5486241e+00
   3.5481772e+00
   3.5477304e+00
   3.5472838e+00
   3.5468373e+00
   3.5463909e+00
   3.5459447e+00
   3.5454987e+00
   3.5450527e+00
   3.5446069e+00
   3.5441612e+00
   3.5437157e+00
   3.5432703e+00
   3.5428251e+00
   3.5423800e+00
   3.5419350e+00
   3.5414901e+00
   3.5410454e+00
   3.5406009e+00
   3.5401564e+00
   3.5397121e+00
   3.5392680e+00
   3.5388239e+00
   3.5383801e+00
   3.5379363e+00
   3.5374927e+00
   3.5370492e+00
   3.5366059e+00
   3.5361626e+00
   3.5357196e+00
   3.5352766e+00
   3.5348338e+00
   3.5343911e+00
   3.5339486e+00
   3.5335062e+00
   3.5330639e+00
   3.5326218e+00
   3.5321798e+00
   3.5317379e+00
   3.5312962e+00
   3.5308546e+00
   3.5304131e+00
   3.5299718e+00
   3.5295306e+00
   3.5290895e+00
   3.5286486e+00
   3.5282078e+00
   3.5277672e+00
   3.5273266e+00
   3.5268862e+00
   3.5264460e+00
   3.5260058e+00
   3.5255658e+00
   3.5251259e+00
   3.5246862e+00
   3.5242466e+00
   3.5238071e+00
   3.5233678e+00
   3.5229286e+00
   3.5224895e+00
   3.5220505e+00
   3.5216117e+00
   3.5211730e+00
   3.5207345e+00
   3.5202960e+00
   3.5198578e+00
   3.5194196e+00
   3.5189816e+00
   3.5185437e+00
   3.5181059e+00
   3.5176682e+00
   3.5172307e+00
   3.5167933e+00
   3.5163561e+00
   3.5159190e+00
   3.5154820e+00
   3.5150451e+00
   3.5146084e+00
   3.5141718e+00
   3.5137353e+00
   3.5132989e+00
   3.5128627e+00
   3.5124266e+00
   3.5119907e+00
   3.5115548e+00
   3.5111191e+00
   3.5106835e+00
   3.5102481e+00
   3.5098128e+00
   3.5093776e+00
   3.5089425e+00
   3.5085076e+00
   3.5080728e+00
   3.5076381e+00
   3.5072035e+00
   3.5067691e+00
   3.5063348e+00
   3.5059006e+00
   3.5054666e+00
   3.5050327e+00
   3.5045989e+00
   3.5041652e+00
   3.5037317e+00
   3.5032982e+00
   3.5028650e+00
   3.5024318e+00
   3.5019988e+00
   3.5015658e+00
   3.5011331e+00
   3.5007004e+00
   3.5002679e+00
   3.4998355e+00
   3.4994032e+00
   3.4989710e+00
   3.4985390e+00
   3.4981071e+00
   3.4976753e+00
   3.4972436e+00
   3.4968121e+00
   3.4963807e+00
   3.4959494e+00
   3.4955182e+00
   3.4950872e+00
   3.4946563e+00
   3.4942255e+00
   3.4937948e+00
   3.4933643e+00
   3.4929339e+00
   3.4925036e+00
   3.4920734e+00
   3.4916434e+00
   3.4912135e+00
   3.4907837e+00
   3.4903540e+00
   3.4899244e+00
   3.4894950e+00
   3.4890657e+00
   3.4886365e+00
   3.4882074e+00
   3.4877785e+00
   3.4873497e+00
   3.4869210e+00
   3.4864924e+00
   3.4860639e+00
   3.4856356e+00
   3.4852074e+00
   3.4847793e+00
   3.4843513e+00
   3.4839235e+00
   3.4834958e+00
   3.4830682e+00
   3.4826407e+00
   3.4822133e+00
   3.4817861e+00
   3.4813590e+00
   3.4809320e+00
   3.4805051e+00
   3.4800783e+00
   3.4796517e+00
   3.4792252e+00
   3.4787988e+00
   3.4783725e+00
   3.4779463e+00
   3.4775203e+00
   3.4770944e+00
   3.4766686e+00
   3.4762429e+00
   3.4758174e+00
   3.4753919e+00
   3.4749666e+00
   3.4745414e+00
   3.4741163e+00
   3.4736913e+00
   3.4732665e+00
   3.4728418e+00
   3.4724172e+00
   3.4719927e+00
   3.4715683e+00
   3.4711441e+00
   3.4707199e+00
   3.4702959e+00
   3.4698720e+00
   3.4694482e+00
   3.4690246e+00
   3.4686010e+00
   3.4681776e+00
   3.4677543e+00
   3.4673311e+00
   3.4669080e+00
   3.4664850e+00
   3.4660622e+00
   3.4656395e+00
   3.4652169e+00
   3.4647944e+00
   3.4643720e+00
   3.4639497e+00
   3.4635276e+00
   3.4631056e+00
   3.4626837e+00
   3.4622619e+00
   3.4618402e+00
   3.4614186e+00
   3.4609972e+00
   3.4605759e+00
   3.4601547e+00
   3.4597336e+00
   3.4593126e+00
   3.4588917e+00
   3.4584710e+00
   3.4580503e+00
   3.4576298e+00
   3.4572094e+00
   3.4567891e+00
   3.4563689e+00
   3.4559489e+00
   3.4555289e+00
   3.4551091e+00
   3.4546894e+00
   3.4542698e+00
   3.4538503e+00
   3.4534309e+00
   3.4530116e+00
   3.4525925e+00
   3.4521734e+00
   3.4517545e+00
   3.4513357e+00
   3.4509170e+00
   3.4504984e+00
   3.4500800e+00
   3.4496616e+00
   3.4492434e+00
   3.4488253e+00
   3.4484072e+00
   3.4479893e+00
   3.4475716e+00
   3.4471539e+00
   3.4467363e+00
   3.4463189e+00
   3.4459015e+00
   3.4454843e+00
   3.4450672e+00
   3.4446502e+00
   3.4442333e+00
   3.4438165e+00
   3.4433998e+00
   3.4429833e+00
   3.4425669e+00
   3.4421505e+00
   3.4417343e+00
   3.4413182e+00
   3.4409022e+00
   3.4404863e+00
   3.4400705e+00
   3.4396549e+00
   3.4392393e+00
   3.4388239e+00
   3.4384086e+00
   3.4379933e+00
   3.4375782e+00
   3.4371632e+00
   3.4367483e+00
   3.4363336e+00
   3.4359189e+00
   3.4355043e+00
   3.4350899e+00
   3.4346755e+00
   3.4342613e+00
   3.4338472e+00
   3.4334332e+00
   3.4330193e+00
   3.4326055e+00
   3.4321918e+00
   3.4317782e+00
   3.4313648e+00
   3.4309514e+00
   3.4305382e+00
   3.4301250e+00
   3.4297120e+00
   3.4292991e+00
   3.4288863e+00
   3.4284736e+00
   3.4280610e+00
   3.4276485e+00
   3.4272361e+00
   3.4268239e+00
   3.4264117e+00
   3.4259997e+00
   3.4255877e+00
   3.4251759e+00
   3.4247642e+00
   3.4243525e+00
   3.4239410e+00
   3.4235296e+00
   3.4231183e+00
   3.4227071e+00
   3.4222961e+00
   3.4218851e+00
   3.4214742e+00
   3.4210635e+00
   3.4206528e+00
   3.4202423e+00
   3.4198318e+00
   3.4194215e+00
   3.4190113e+00
   3.4186011e+00
   3.4181911e+00
   3.4177812e+00
   3.4173714e+00
   3.4169617e+00
   3.4165521e+00
   3.4161426e+00
   3.4157333e+00
   3.4153240e+00
   3.4149148e+00
   3.4145058e+00
   3.4140968e+00
   3.4136880e+00
   3.4132792e+00
   3.4128706e+00
   3.4124621e+00
   3.4120536e+00
   3.4116453e+00
   3.4112371e+00
   3.4108290e+00
   3.4104210e+00
   3.4100131e+00
   3.4096053e+00
   3.4091976e+00
   3.4087900e+00
   3.4083825e+00
   3.4079751e+00
   3.4075678e+00
   3.4071607e+00
   3.4067536e+00
   3.4063466e+00
   3.4059398e+00
   3.4055330e+00
   3.4051264e+00
   3.4047198e+00
   3.4043134e+00
   3.4039070e+00
   3.4035008e+00
   3.4030946e+00
   3.4026886e+00
   3.4022827e+00
   3.4018768e+00
   3.4014711e+00
   3.4010655e+00
   3.4006600e+00
   3.4002546e+00
   3.3998493e+00
   3.3994440e+00
   3.3990389e+00
   3.3986339e+00
   3.3982290e+00
   3.3978242e+00
   3.3974195e+00
   3.3970149e+00
   3.3966104e+00
   3.3962061e+00
   3.3958018e+00
   3.3953976e+00
   3.3949935e+00
   3.3945895e+00
   3.3941856e+00
   3.3937818e+00
   3.3933782e+00
   3.3929746e+00
   3.3925711e+00
   3.3921677e+00
   3.3917644e+00
   3.3913613e+00
   3.3909582e+00
   3.3905552e+00
   3.3901523e+00
   3.3897496e+00
   3.3893469e+00
   3.3889443e+00
   3.3885419e+00
   3.3881395e+00
   3.3877372e+00
   3.3873351e+00
   3.3869330e+00
   3.3865310e+00
   3.3861291e+00
   3.3857274e+00
   3.3853257e+00
   3.3849241e+00
   3.3845227e+00
   3.3841213e+00
   3.3837200e+00
   3.3833189e+00
   3.3829178e+00
   3.3825168e+00
   3.3821159e+00
   3.3817152e+00
   3.3813145e+00
   3.3809139e+00
   3.3805134e+00
   3.3801130e+00
   3.3797128e+00
   3.3793126e+00
   3.3789125e+00
   3.3785125e+00
   3.3781126e+00
   3.3777128e+00
   3.3773132e+00
   3.3769136e+00
   3.3765141e+00
   3.3761147e+00
   3.3757154e+00
   3.3753162e+00
   3.3749171e+00
   3.3745181e+00
   3.3741192e+00
   3.3737204e+00
   3.3733217e+00
   3.3729230e+00
   3.3725245e+00
   3.3721261e+00
   3.3717278e+00
   3.3713296e+00
   3.3709314e+00
   3.3705334e+00
   3.3701355e+00
   3.3697376e+00
   3.3693399e+00
   3.3689423e+00
   3.3685447e+00
   3.3681473e+00
   3.3677499e+00
   3.3673527e+00
   3.3669555e+00
   3.3665584e+00
   3.3661615e+00
   3.3657646e+00
   3.3653678e+00
   3.3649711e+00
   3.3645746e+00
   3.3641781e+00
   3.3637817e+00
   3.3633854e+00
   3.3629892e+00
   3.3625931e+00
   3.3621971e+00
   3.3618012e+00
   3.3614054e+00
   3.3610096e+00
   3.3606140e+00
   3.3602185e+00
   3.3598230e+00
   3.3594277e+00
   3.3590324e+00
   3.3586373e+00
   3.3582422e+00
   3.3578473e+00
   3.3574524e+00
   3.3570576e+00
   3.3566630e+00
   3.3562684e+00
   3.3558739e+00
   3.3554795e+00
   3.3550852e+00
   3.3546910e+00
   3.3542969e+00
   3.3539028e+00
   3.3535089e+00
   3.3531151e+00
   3.3527214e+00
   3.3523277e+00
   3.3519342e+00
   3.3515407e+00
   3.3511473e+00
   3.3507541e+00
   3.3503609e+00
   3.3499678e+00
   3.3495748e+00
   3.3491819e+00
   3.3487891e+00
   3.3483964e+00
   3.3480038e+00
   3.3476113e+00
   3.3472188e+00
   3.3468265e+00
   3.3464343e+00
   3.3460421e+00
   3.3456501e+00
   3.3452581e+00
   3.3448662e+00
   3.3444744e+00
   3.3440827e+00
   3.3436911e+00
   3.3432996e+00
   3.3429082e+00
   3.3425169e+00
   3.3421257e+00
   3.3417345e+00
   3.3413435e+00
   3.3409525e+00
   3.3405617e+00
   3.3401709e+00
   3.3397802e+00
   3.3393896e+00
   3.3389991e+00
   3.3386087e+00
   3.3382184e+00
   3.3378282e+00
   3.3374381e+00
   3.3370480e+00
   3.3366581e+00
   3.3362682e+00
   3.3358785e+00
   3.3354888e+00
   3.3350992e+00
   3.3347097e+00
   3.3343203e+00
   3.3339310e+00
   3.3335418e+00
   3.3331526e+00
   3.3327636e+00
   3.3323746e+00
   3.3319858e+00
   3.3315970e+00
   3.3312083e+00
   3.3308197e+00
   3.3304312e+00
   3.3300428e+00
