   2.1167584e-01
   2.1139833e-01
   2.1112118e-01
   2.1084440e-01
   2.1056798e-01
   2.1029193e-01
   2.1001625e-01
   2.0974092e-01
   2.0946596e-01
   2.0919136e-01
   2.0891713e-01
   2.0864325e-01
   2.0836974e-01
   2.0809658e-01
   2.0782379e-01
   2.0755136e-01
   2.0727928e-01
   2.0700757e-01
   2.0673621e-01
   2.0646521e-01
   2.0619457e-01
   2.0592428e-01
   2.0565435e-01
   2.0538478e-01
   2.0511556e-01
   2.0484670e-01
   2.0457819e-01
   2.0431003e-01
   2.0404223e-01
   2.0377478e-01
   2.0350768e-01
   2.0324094e-01
   2.0297455e-01
   2.0270851e-01
   2.0244281e-01
   2.0217747e-01
   2.0191248e-01
   2.0164784e-01
   2.0138355e-01
   2.0111960e-01
   2.0085601e-01
   2.0059276e-01
   2.0032985e-01
   2.0006730e-01
   1.9980509e-01
   1.9954322e-01
   1.9928170e-01
   1.9902053e-01
   1.9875970e-01
   1.9849921e-01
   1.9823907e-01
   1.9797927e-01
   1.9771981e-01
   1.9746069e-01
   1.9720192e-01
   1.9694348e-01
   1.9668539e-01
   1.9642763e-01
   1.9617022e-01
   1.9591314e-01
   1.9565641e-01
   1.9540001e-01
   1.9514395e-01
   1.9488823e-01
   1.9463284e-01
   1.9437779e-01
   1.9412308e-01
   1.9386870e-01
   1.9361466e-01
   1.9336095e-01
   1.9310757e-01
   1.9285453e-01
   1.9260183e-01
   1.9234945e-01
   1.9209741e-01
   1.9184570e-01
   1.9159432e-01
   1.9134328e-01
   1.9109256e-01
   1.9084217e-01
   1.9059212e-01
   1.9034239e-01
   1.9009299e-01
   1.8984393e-01
   1.8959518e-01
   1.8934677e-01
   1.8909868e-01
   1.8885092e-01
   1.8860349e-01
   1.8835638e-01
   1.8810960e-01
   1.8786314e-01
   1.8761701e-01
   1.8737120e-01
   1.8712572e-01
   1.8688056e-01
   1.8663572e-01
   1.8639120e-01
   1.8614701e-01
   1.8590314e-01
   1.8565959e-01
   1.8541884e-01
   2.1025561e-01
   2.3452418e-01
   2.5826997e-01
   2.8153947e-01
   3.0437030e-01
   3.2679727e-01
   3.4885321e-01
   3.7056859e-01
   3.9197333e-01
   4.1309448e-01
   4.3396039e-01
   4.5459848e-01
   4.7503901e-01
   4.9531396e-01
   5.1546017e-01
   5.3552376e-01
   5.5556122e-01
   5.7564840e-01
   5.9588477e-01
   6.1640896e-01
   6.3741237e-01
   6.5917049e-01
   6.8208211e-01
   7.0675004e-01
   7.3411506e-01
   7.6571968e-01
   8.0424627e-01
   8.5466157e-01
   9.2664397e-01
   1.0379216e+00
   1.1905057e+00
   9.2037583e-01
   3.5910734e-01
   2.0926930e-01
   1.6823669e-01
   1.5882560e-01
   1.5988887e-01
   1.6456888e-01
   1.7063440e-01
   1.7734704e-01
   1.8445927e-01
   1.9188352e-01
   1.9958279e-01
   2.0753403e-01
   2.1571715e-01
   2.2411163e-01
   2.3269557e-01
   2.4144601e-01
   2.5033917e-01
   2.5935061e-01
   2.8265621e-01
   3.0737577e-01
   3.3348307e-01
   3.6066483e-01
   3.8885120e-01
   4.1796658e-01
   4.4793063e-01
   4.7865885e-01
   5.1006434e-01
   5.4205832e-01
   5.7455150e-01
   6.0745492e-01
   6.4068075e-01
   6.7414309e-01
   7.0775916e-01
   7.4144921e-01
   7.7513707e-01
   8.0875148e-01
   8.4222564e-01
   8.7549723e-01
   9.0850901e-01
   9.4120849e-01
   9.7354863e-01
   1.0054869e+00
   1.0369864e+00
   1.0680138e+00
   1.0985410e+00
   1.1285441e+00
   1.1580026e+00
   1.1869006e+00
   1.2152256e+00
   1.2429683e+00
   1.2701219e+00
   1.2966831e+00
   1.3226510e+00
   1.3480263e+00
   1.3728125e+00
   1.3970142e+00
   1.4206387e+00
   1.4436934e+00
   1.4661879e+00
   1.4881326e+00
   1.5095385e+00
   1.5304180e+00
   1.5507835e+00
   1.5706478e+00
   1.5900248e+00
   1.6089283e+00
   1.6273723e+00
   1.6453708e+00
   1.6629386e+00
   1.6800892e+00
   1.6968369e+00
   1.7131955e+00
   1.7291791e+00
   1.7448016e+00
   1.7600766e+00
   1.7750168e+00
   1.7896355e+00
   1.8039453e+00
   1.8179586e+00
   1.8316872e+00
   1.8451433e+00
   1.8583382e+00
   1.8712827e+00
   1.8839872e+00
   1.8964626e+00
   1.9087190e+00
   1.9207655e+00
   1.9326119e+00
   1.9442672e+00
   1.9557402e+00
   1.9670395e+00
   1.9781726e+00
   1.9891476e+00
   1.9999767e+00
   2.0106580e+00
   2.0212025e+00
   2.0316172e+00
   2.0419086e+00
   2.0520825e+00
   2.0621452e+00
   2.0721023e+00
   2.0819589e+00
   2.0917239e+00
   2.1013981e+00
   2.1109868e+00
   2.1204946e+00
   2.1299258e+00
   2.1392846e+00
   2.1485750e+00
   2.1578008e+00
   2.1669657e+00
   2.1760732e+00
   2.1851267e+00
   2.1941294e+00
   2.2030843e+00
   2.2119945e+00
   2.2208627e+00
   2.2296916e+00
   2.2384840e+00
   2.2472422e+00
   2.2559686e+00
   2.2646655e+00
   2.2733352e+00
   2.2819797e+00
   2.2906011e+00
   2.2992013e+00
   2.3077822e+00
   2.3163456e+00
   2.3248932e+00
   2.3334267e+00
   2.3419477e+00
   2.3504577e+00
   2.3589583e+00
   2.3674508e+00
   2.3759368e+00
   2.3844175e+00
   2.3928942e+00
   2.4013682e+00
   2.4098408e+00
   2.4183131e+00
   2.4267863e+00
   2.4352615e+00
   2.4437399e+00
   2.4522224e+00
   2.4607102e+00
   2.4692042e+00
   2.4777056e+00
   2.4862152e+00
   2.4947340e+00
   2.5032629e+00
   2.5118030e+00
   2.5203551e+00
   2.5289201e+00
   2.5374989e+00
   2.5460924e+00
   2.5547015e+00
   2.5633270e+00
   2.5719698e+00
   2.5806308e+00
   2.5893108e+00
   2.5980106e+00
   2.6067311e+00
   2.6154731e+00
   2.6242375e+00
   2.6330251e+00
   2.6418367e+00
   2.6506733e+00
   2.6595355e+00
   2.6684244e+00
   2.6773407e+00
   2.6862853e+00
   2.6952590e+00
   2.7042627e+00
   2.7132973e+00
   2.7223637e+00
   2.7314627e+00
   2.7405953e+00
   2.7497624e+00
   2.7589648e+00
   2.7682035e+00
   2.7774794e+00
   2.7867935e+00
   2.7961468e+00
   2.8055401e+00
   2.8149745e+00
   2.8244510e+00
   2.8339705e+00
   2.8435341e+00
   2.8531429e+00
   2.8627978e+00
   2.8725000e+00
   2.8822504e+00
   2.8920502e+00
   2.9019005e+00
   2.9118024e+00
   2.9217570e+00
   2.9317655e+00
   2.9418289e+00
   2.9519486e+00
   2.9621256e+00
   2.9723612e+00
   2.9826565e+00
   2.9930127e+00
   3.0034312e+00
   3.0139130e+00
   3.0244595e+00
   3.0350719e+00
   3.0457514e+00
   3.0564994e+00
   3.0673169e+00
   3.0782054e+00
   3.0891660e+00
   3.1002001e+00
   3.1113087e+00
   3.1224932e+00
   3.1337548e+00
   3.1450947e+00
   3.1565141e+00
   3.1680140e+00
   3.1795957e+00
   3.1912602e+00
   3.2030086e+00
   3.2148419e+00
   3.2267610e+00
   3.2387670e+00
   3.2508606e+00
   3.2630426e+00
   3.2753138e+00
   3.2876749e+00
   3.3001263e+00
   3.3126686e+00
   3.3253021e+00
   3.3380272e+00
   3.3508440e+00
   3.3637526e+00
   3.3767530e+00
   3.3898449e+00
   3.4030281e+00
   3.4163021e+00
   3.4296664e+00
   3.4431201e+00
   3.4566626e+00
   3.4702926e+00
   3.4840091e+00
   3.4978107e+00
   3.5116959e+00
   3.5256632e+00
   3.5397107e+00
   3.5538364e+00
   3.5680384e+00
   3.5823145e+00
   3.5966622e+00
   3.6110791e+00
   3.6255626e+00
   3.6401100e+00
   3.6547186e+00
   3.6693853e+00
   3.6841074e+00
   3.6988817e+00
   3.7137051e+00
   3.7285746e+00
   3.7434870e+00
   3.7584390e+00
   3.7734275e+00
   3.7884494e+00
   3.8035015e+00
   3.8185806e+00
   3.8336836e+00
   3.8488076e+00
   3.8639495e+00
   3.8791064e+00
   3.8942756e+00
   3.9094541e+00
   3.9246394e+00
   3.9398290e+00
   3.9550202e+00
   3.9702108e+00
   3.9853985e+00
   4.0005811e+00
   4.0157566e+00
   4.0309231e+00
   4.0460786e+00
   4.0612216e+00
   4.0763503e+00
   4.0914633e+00
   4.1065591e+00
   4.1216365e+00
   4.1366943e+00
   4.1517313e+00
   4.1667465e+00
   4.1817390e+00
   4.1967080e+00
   4.2116526e+00
   4.2265723e+00
   4.2414664e+00
   4.2563344e+00
   4.2711758e+00
   4.2859902e+00
   4.3007772e+00
   4.3155366e+00
   4.3302681e+00
   4.3449716e+00
   4.3596468e+00
   4.3742937e+00
   4.3889123e+00
   4.4035025e+00
   4.4180643e+00
   4.4325978e+00
   4.4471030e+00
   4.4615800e+00
   4.4760290e+00
   4.4904501e+00
   4.5048434e+00
   4.5192092e+00
   4.5335477e+00
   4.5478589e+00
   4.5621433e+00
   4.5764010e+00
   4.5906322e+00
   4.6048372e+00
   4.6190164e+00
   4.6331699e+00
   4.6472980e+00
   4.6614010e+00
   4.6754792e+00
   4.6895329e+00
   4.7035623e+00
   4.7175679e+00
   4.7315497e+00
   4.7455083e+00
   4.7594437e+00
   4.7733564e+00
   4.7872466e+00
   4.8011147e+00
   4.8149608e+00
   4.8287853e+00
   4.8425885e+00
   4.8563707e+00
   4.8701321e+00
   4.8838730e+00
   4.8975938e+00
   4.9112945e+00
   4.9249757e+00
   4.9386374e+00
   4.9522800e+00
   4.9659037e+00
   4.9795088e+00
   4.9930955e+00
   5.0066642e+00
   5.0202149e+00
   5.0337481e+00
   5.0472638e+00
   5.0607624e+00
   5.0742441e+00
   5.0877091e+00
   5.1011577e+00
   5.1145900e+00
   5.1280064e+00
   5.1414069e+00
   5.1547919e+00
   5.1681615e+00
   5.1815160e+00
   5.1948555e+00
   5.2081803e+00
   5.2214906e+00
   5.2347866e+00
   5.2480684e+00
   5.2613363e+00
   5.2745904e+00
   5.2878310e+00
   5.3010582e+00
   5.3142723e+00
   5.3274733e+00
   5.3406616e+00
   5.3538372e+00
   5.3670004e+00
   5.3801512e+00
   5.3932900e+00
   5.4064168e+00
   5.4195319e+00
   5.4326354e+00
   5.4457275e+00
   5.4588083e+00
   5.4718780e+00
   5.4849368e+00
   5.4979848e+00
   5.5110222e+00
   5.5240492e+00
   5.5370658e+00
   5.5500723e+00
   5.5630689e+00
   5.5760555e+00
   5.5890326e+00
   5.6020000e+00
   5.6149581e+00
   5.6279070e+00
   5.6408467e+00
   5.6537776e+00
   5.6666996e+00
   5.6796129e+00
   5.6925178e+00
   5.7054143e+00
   5.7183025e+00
   5.7311826e+00
   5.7440548e+00
   5.7569192e+00
   5.7697758e+00
   5.7826250e+00
   5.7954666e+00
   5.8083011e+00
   5.8211283e+00
   5.8339485e+00
   5.8467618e+00
   5.8595684e+00
   5.8723683e+00
   5.8851617e+00
   5.8979487e+00
   5.9107295e+00
   5.9235041e+00
   5.9362727e+00
   5.9490354e+00
   5.9617923e+00
   5.9745436e+00
   5.9872893e+00
   6.0000296e+00
   6.0127646e+00
   6.0254944e+00
   6.0382192e+00
   6.0509390e+00
   6.0636540e+00
   6.0763642e+00
   6.0890698e+00
   6.1017710e+00
   6.1144677e+00
   6.1271602e+00
   6.1398484e+00
   6.1525326e+00
   6.1652129e+00
   6.1778893e+00
   6.1905619e+00
   6.2032310e+00
   6.2158964e+00
   6.2285585e+00
   6.2412172e+00
   6.2538726e+00
   6.2665250e+00
   6.2791743e+00
   6.2918207e+00
   6.3044642e+00
   6.3171050e+00
   6.3297432e+00
   6.3423788e+00
   6.3550120e+00
   6.3676428e+00
   6.3802713e+00
   6.3928977e+00
   6.4055220e+00
   6.4181443e+00
   6.4307647e+00
   6.4433833e+00
   6.4560002e+00
   6.4686155e+00
   6.4812292e+00
   6.4938414e+00
   6.5064523e+00
   6.5190619e+00
   6.5316703e+00
   6.5442776e+00
   6.5568838e+00
   6.5694891e+00
   6.5820936e+00
   6.5946972e+00
   6.6073001e+00
   6.6199024e+00
   6.6325041e+00
   6.6451054e+00
   6.6577063e+00
   6.6703068e+00
   6.6829071e+00
   6.6955073e+00
   6.7081073e+00
   6.7207074e+00
   6.7333074e+00
   6.7459077e+00
   6.7585081e+00
   6.7711087e+00
   6.7837098e+00
   6.7963112e+00
   6.8089131e+00
   6.8215156e+00
   6.8341186e+00
   6.8467224e+00
   6.8593269e+00
   6.8719323e+00
   6.8845385e+00
   6.8971457e+00
   6.9097539e+00
   6.9223631e+00
   6.9349736e+00
   6.9475852e+00
   6.9601981e+00
   6.9728123e+00
   6.9854279e+00
   6.9980450e+00
   7.0106636e+00
   7.0232838e+00
   7.0359056e+00
   7.0485291e+00
   7.0611543e+00
   7.0737814e+00
   7.0864103e+00
   7.0990412e+00
   7.1116740e+00
   7.1243089e+00
   7.1369458e+00
   7.1495849e+00
   7.1622262e+00
   7.1748698e+00
   7.1875156e+00
   7.2001639e+00
   7.2128145e+00
   7.2254676e+00
   7.2381232e+00
   7.2507814e+00
   7.2634422e+00
   7.2761057e+00
   7.2887719e+00
   7.3014408e+00
   7.3141126e+00
   7.3267873e+00
   7.3394648e+00
   7.3521454e+00
   7.3648289e+00
   7.3775155e+00
   7.3902052e+00
   7.4028980e+00
   7.4155941e+00
   7.4282934e+00
   7.4409959e+00
   7.4537018e+00
   7.4664111e+00
   7.4791238e+00
   7.4918400e+00
   7.5045597e+00
   7.5172829e+00
   7.5300097e+00
   7.5427402e+00
   7.5554743e+00
   7.5682121e+00
   7.5809537e+00
   7.5936991e+00
   7.6064484e+00
   7.6192015e+00
   7.6319586e+00
   7.6447196e+00
   7.6574846e+00
   7.6702537e+00
   7.6830269e+00
   7.6958041e+00
   7.7085855e+00
   7.7213712e+00
   7.7341610e+00
   7.7469551e+00
   7.7597536e+00
   7.7725563e+00
   7.7853635e+00
   7.7981751e+00
   7.8109911e+00
   7.8238116e+00
   7.8366367e+00
   7.8494663e+00
   7.8623005e+00
   7.8751393e+00
   7.8879828e+00
   7.9008310e+00
   7.9136839e+00
   7.9265416e+00
   7.9394041e+00
   7.9522715e+00
   7.9651437e+00
   7.9780208e+00
   7.9909028e+00
   8.0037899e+00
   8.0166819e+00
   8.0295789e+00
   8.0424810e+00
   8.0553882e+00
   8.0683006e+00
   8.0812181e+00
   8.0941407e+00
   8.1070686e+00
   8.1200018e+00
   8.1329402e+00
   8.1458840e+00
   8.1588331e+00
   8.1717875e+00
   8.1847474e+00
   8.1977127e+00
   8.2106835e+00
   8.2236597e+00
   8.2366415e+00
   8.2496288e+00
   8.2626217e+00
   8.2756202e+00
   8.2886244e+00
   8.3016342e+00
   8.3146497e+00
   8.3276709e+00
   8.3406979e+00
   8.3537306e+00
   8.3667692e+00
   8.3798136e+00
   8.3928638e+00
   8.4059199e+00
   8.4189819e+00
   8.4320499e+00
   8.4451239e+00
   8.4582038e+00
   8.4712897e+00
   8.4843817e+00
   8.4974798e+00
   8.5105839e+00
   8.5236942e+00
   8.5368107e+00
   8.5499333e+00
   8.5630621e+00
   8.5761971e+00
   8.5893384e+00
   8.6024859e+00
   8.6156398e+00
   8.6288000e+00
   8.6419665e+00
   8.6551394e+00
   8.6683187e+00
   8.6815044e+00
   8.6946966e+00
   8.7078952e+00
   8.7211003e+00
   8.7343120e+00
   8.7475302e+00
   8.7607549e+00
   8.7739863e+00
   8.7872243e+00
   8.8004689e+00
   8.8137201e+00
   8.8269781e+00
   8.8402427e+00
   8.8535141e+00
   8.8667922e+00
   8.8800771e+00
   8.8933688e+00
   8.9066674e+00
   8.9199727e+00
   8.9332850e+00
   8.9466041e+00
   8.9599301e+00
   8.9732631e+00
   8.9866030e+00
   8.9999498e+00
   9.0133037e+00
   9.0266646e+00
   9.0400326e+00
   9.0534076e+00
   9.0667896e+00
   9.0801788e+00
   9.0935751e+00
   9.1069786e+00
   9.1203892e+00
   9.1338070e+00
   9.1472321e+00
   9.1606643e+00
   9.1741038e+00
   9.1875506e+00
   9.2010047e+00
   9.2144660e+00
   9.2279348e+00
   9.2414108e+00
   9.2548943e+00
   9.2683851e+00
   9.2818833e+00
   9.2953890e+00
   9.3089021e+00
   9.3224228e+00
   9.3359509e+00
   9.3494865e+00
   9.3630296e+00
   9.3765803e+00
   9.3901386e+00
   9.4037044e+00
   9.4172779e+00
   9.4308590e+00
   9.4444477e+00
   9.4580442e+00
   9.4716483e+00
   9.4852601e+00
   9.4988796e+00
   9.5125069e+00
   9.5261419e+00
   9.5397847e+00
   9.5534353e+00
   9.5670937e+00
   9.5807600e+00
   9.5944341e+00
   9.6081161e+00
   9.6218060e+00
   9.6355038e+00
   9.6492095e+00
   9.6629232e+00
   9.6766448e+00
   9.6903744e+00
   9.7041120e+00
   9.7178576e+00
   9.7316113e+00
   9.7453730e+00
   9.7591427e+00
   9.7729206e+00
   9.7867066e+00
   9.8005006e+00
   9.8143029e+00
   9.8281132e+00
   9.8419318e+00
   9.8557585e+00
   9.8695935e+00
   9.8834366e+00
   9.8972881e+00
   9.9111477e+00
   9.9250157e+00
   9.9388919e+00
   9.9527764e+00
   9.9666693e+00
   9.9805705e+00
   9.9944801e+00
   1.0008398e+01
   1.0022324e+01
   1.0036259e+01
   1.0050202e+01
   1.0064154e+01
   1.0078114e+01
   1.0092082e+01
   1.0106059e+01
   1.0120045e+01
   1.0134039e+01
   1.0148041e+01
   1.0162053e+01
   1.0176072e+01
   1.0190100e+01
   1.0204137e+01
   1.0218183e+01
   1.0232237e+01
   1.0246299e+01
   1.0260371e+01
   1.0274451e+01
   1.0288540e+01
   1.0302637e+01
   1.0316743e+01
   1.0330858e+01
   1.0344982e+01
   1.0359114e+01
   1.0373255e+01
   1.0387405e+01
   1.0401564e+01
   1.0415732e+01
   1.0429908e+01
   1.0444093e+01
   1.0458287e+01
   1.0472490e+01
   1.0486702e+01
   1.0500923e+01
   1.0515153e+01
   1.0529392e+01
   1.0543639e+01
   1.0557896e+01
   1.0572161e+01
   1.0586436e+01
   1.0600719e+01
   1.0615012e+01
   1.0629314e+01
   1.0643624e+01
   1.0657944e+01
   1.0672273e+01
   1.0686610e+01
   1.0700957e+01
   1.0715314e+01
   1.0729679e+01
   1.0744053e+01
   1.0758437e+01
   1.0772829e+01
   1.0787231e+01
   1.0801642e+01
   1.0816062e+01
   1.0830492e+01
   1.0844930e+01
   1.0859378e+01
   1.0873835e+01
   1.0888302e+01
   1.0902777e+01
   1.0917262e+01
   1.0931757e+01
   1.0946260e+01
   1.0960773e+01
   1.0975296e+01
   1.0989827e+01
   1.1004368e+01
   1.1018919e+01
   1.1033478e+01
   1.1048048e+01
   1.1062626e+01
   1.1077214e+01
   1.1091812e+01
   1.1106419e+01
   1.1121035e+01
   1.1135661e+01
   1.1150296e+01
   1.1164941e+01
   1.1179595e+01
   1.1194259e+01
   1.1208932e+01
   1.1223615e+01
   1.1238308e+01
   1.1253010e+01
   1.1267721e+01
   1.1282442e+01
   1.1297173e+01
   1.1311914e+01
   1.1326664e+01
   1.1341423e+01
   1.1356192e+01
   1.1370971e+01
   1.1385760e+01
   1.1400558e+01
   1.1415366e+01
   1.1430184e+01
   1.1445011e+01
   1.1459848e+01
   1.1474695e+01
   1.1489551e+01
   1.1504417e+01
   1.1519293e+01
   1.1534179e+01
   1.1549075e+01
   1.1563980e+01
   1.1578895e+01
   1.1593820e+01
   1.1608755e+01
   1.1623699e+01
   1.1638654e+01
   1.1653618e+01
   1.1668592e+01
   1.1683576e+01
   1.1698569e+01
   1.1713573e+01
   1.1728587e+01
   1.1743610e+01
   1.1758643e+01
   1.1773687e+01
   1.1788740e+01
   1.1803803e+01
   1.1818876e+01
   1.1833959e+01
   1.1849052e+01
   1.1864155e+01
   1.1879268e+01
   1.1894391e+01
   1.1909524e+01
   1.1924667e+01
   1.1939820e+01
   1.1954983e+01
   1.1970156e+01
   1.1985339e+01
   1.2000532e+01
   1.2015735e+01
   1.2030948e+01
   1.2046171e+01
   1.2061404e+01
   1.2076648e+01
   1.2091901e+01
   1.2107165e+01
   1.2122439e+01
   1.2137723e+01
   1.2153017e+01
   1.2168321e+01
   1.2183635e+01
   1.2198959e+01
   1.2214294e+01
   1.2229639e+01
   1.2244993e+01
   1.2260359e+01
   1.2275734e+01
   1.2291119e+01
   1.2306515e+01
   1.2321921e+01
   1.2337337e+01
   1.2352763e+01
   1.2368200e+01
   1.2383646e+01
   1.2399104e+01
   1.2414571e+01
   1.2430048e+01
   1.2445536e+01
   1.2461034e+01
   1.2476543e+01
   1.2492061e+01
   1.2507590e+01
   1.2523129e+01
   1.2538679e+01
   1.2554239e+01
   1.2569809e+01
   1.2585389e+01
   1.2600980e+01
   1.2616581e+01
   1.2632193e+01
   1.2647814e+01
   1.2663447e+01
   1.2679089e+01
   1.2694742e+01
   1.2710405e+01
   1.2726079e+01
   1.2741763e+01
   1.2757458e+01
   1.2773162e+01
   1.2788878e+01
   1.2804603e+01
   1.2820339e+01
   1.2836086e+01
   1.2851843e+01
   1.2867610e+01
   1.2883388e+01
   1.2899176e+01
   1.2914975e+01
   1.2930784e+01
   1.2946603e+01
   1.2962433e+01
   1.2978274e+01
   1.2994125e+01
   1.3009986e+01
   1.3025858e+01
   1.3041741e+01
   1.3057634e+01
   1.3073537e+01
   1.3089451e+01
   1.3105375e+01
   1.3121310e+01
   1.3137256e+01
   1.3153212e+01
   1.3169178e+01
   1.3185155e+01
   1.3201143e+01
   1.3217141e+01
   1.3233149e+01
   1.3249169e+01
   1.3265198e+01
   1.3281239e+01
   1.3297289e+01
   1.3313351e+01
   1.3329423e+01
   1.3345505e+01
   1.3361599e+01
   1.3377702e+01
   1.3393817e+01
   1.3409941e+01
   1.3426077e+01
   1.3442223e+01
   1.3458380e+01
   1.3474547e+01
   1.3490725e+01
   1.3506913e+01
   1.3523113e+01
   1.3539322e+01
   1.3555543e+01
   1.3571774e+01
   1.3588015e+01
   1.3604268e+01
   1.3620531e+01
   1.3636804e+01
   1.3653088e+01
   1.3669383e+01
   1.3685689e+01
   1.3702005e+01
   1.3718332e+01
   1.3734669e+01
   1.3751017e+01
   1.3767376e+01
   1.3783746e+01
   1.3800126e+01
   1.3816517e+01
   1.3832918e+01
   1.3849331e+01
   1.3865753e+01
   1.3882187e+01
   1.3898631e+01
   1.3915086e+01
   1.3931552e+01
   1.3948028e+01
   1.3964515e+01
   1.3981013e+01
   1.3997522e+01
   1.4014041e+01
   1.4030571e+01
   1.4047112e+01
   1.4063663e+01
   1.4080225e+01
   1.4096798e+01
   1.4113381e+01
   1.4129976e+01
   1.4146581e+01
   1.4163196e+01
   1.4179823e+01
   1.4196460e+01
   1.4213108e+01
   1.4229767e+01
   1.4246436e+01
   1.4263117e+01
   1.4279808e+01
   1.4296509e+01
   1.4313222e+01
   1.4329945e+01
   1.4346679e+01
   1.4363424e+01
   1.4380179e+01
   1.4396945e+01
   1.4413723e+01
   1.4430510e+01
   1.4447309e+01
   1.4464118e+01
   1.4480938e+01
   1.4497769e+01
   1.4514611e+01
   1.4531464e+01
   1.4548327e+01
   1.4565201e+01
   1.4582086e+01
   1.4598981e+01
   1.4615888e+01
   1.4632805e+01
   1.4649733e+01
   1.4666672e+01
   1.4683621e+01
   1.4700582e+01
   1.4717553e+01
   1.4734535e+01
   1.4751528e+01
   1.4768531e+01
   1.4785546e+01
   1.4802571e+01
   1.4819607e+01
   1.4836654e+01
   1.4853711e+01
   1.4870780e+01
   1.4887859e+01
   1.4904949e+01
   1.4922050e+01
   1.4939162e+01
   1.4956284e+01
   1.4973417e+01
   1.4990562e+01
   1.5007717e+01
   1.5024882e+01
   1.5042059e+01
   1.5059246e+01
   1.5076445e+01
   1.5093654e+01
   1.5110874e+01
   1.5128105e+01
   1.5145346e+01
   1.5162599e+01
   1.5179862e+01
   1.5197136e+01
   1.5214421e+01
   1.5231717e+01
   1.5249023e+01
   1.5266341e+01
   1.5283669e+01
   1.5301008e+01
   1.5318358e+01
   1.5335719e+01
   1.5353091e+01
   1.5370473e+01
   1.5387866e+01
   1.5405271e+01
   1.5422686e+01
   1.5440111e+01
   1.5457548e+01
   1.5474996e+01
   1.5492454e+01
   1.5509923e+01
   1.5527404e+01
   1.5544895e+01
   1.5562396e+01
   1.5579909e+01
   1.5597433e+01
   1.5614967e+01
   1.5632512e+01
   1.5650068e+01
   1.5667635e+01
   1.5685213e+01
   1.5702802e+01
   1.5720401e+01
   1.5738012e+01
   1.5755633e+01
   1.5773265e+01
   1.5790908e+01
   1.5808562e+01
   1.5826227e+01
   1.5843902e+01
   1.5861589e+01
   1.5879286e+01
   1.5896994e+01
   1.5914713e+01
   1.5932443e+01
   1.5950184e+01
   1.5967935e+01
   1.5985698e+01
   1.6003471e+01
   1.6021255e+01
   1.6039050e+01
   1.6056856e+01
   1.6074673e+01
   1.6092501e+01
   1.6110340e+01
   1.6128189e+01
   1.6146049e+01
   1.6163921e+01
   1.6181803e+01
   1.6199696e+01
   1.6217599e+01
   1.6235514e+01
   1.6253440e+01
   1.6271376e+01
   1.6289324e+01
   1.6307282e+01
   1.6325251e+01
   1.6343231e+01
   1.6361222e+01
   1.6379223e+01
   1.6397236e+01
   1.6415259e+01
   1.6433294e+01
   1.6451339e+01
   1.6469395e+01
   1.6487462e+01
   1.6505540e+01
   1.6523629e+01
   1.6541729e+01
   1.6559839e+01
   1.6577961e+01
   1.6596093e+01
   1.6614236e+01
   1.6632390e+01
   1.6650555e+01
   1.6668731e+01
   1.6686918e+01
   1.6705116e+01
   1.6723324e+01
   1.6741544e+01
   1.6759774e+01
   1.6778015e+01
   1.6796267e+01
   1.6814530e+01
   1.6832804e+01
   1.6851089e+01
   1.6869385e+01
   1.6887692e+01
   1.6906009e+01
   1.6924337e+01
   1.6942677e+01
   1.6961027e+01
   1.6979388e+01
   1.6997760e+01
   1.7016143e+01
   1.7034537e+01
   1.7052941e+01
   1.7071357e+01
   1.7089784e+01
   1.7108221e+01
   1.7126669e+01
   1.7145129e+01
   1.7163599e+01
   1.7182080e+01
   1.7200572e+01
   1.7219075e+01
   1.7237588e+01
   1.7256113e+01
   1.7274649e+01
   1.7293195e+01
   1.7311753e+01
   1.7330321e+01
   1.7348900e+01
   1.7367490e+01
   1.7386091e+01
   1.7404703e+01
   1.7423326e+01
   1.7441960e+01
   1.7460605e+01
   1.7479261e+01
   1.7497927e+01
   1.7516605e+01
   1.7535293e+01
   1.7553993e+01
   1.7572703e+01
   1.7591424e+01
   1.7610156e+01
   1.7628899e+01
   1.7647654e+01
   1.7666418e+01
   1.7685194e+01
   1.7703981e+01
   1.7722779e+01
   1.7741588e+01
   1.7760407e+01
   1.7779238e+01
   1.7798079e+01
   1.7816932e+01
   1.7835795e+01
   1.7854670e+01
   1.7873555e+01
   1.7892451e+01
   1.7911358e+01
   1.7930276e+01
   1.7949205e+01
   1.7968145e+01
   1.7987096e+01
   1.8006058e+01
   1.8025031e+01
   1.8044015e+01
   1.8063010e+01
   1.8082016e+01
   1.8101032e+01
   1.8120060e+01
   1.8139099e+01
   1.8158148e+01
   1.8177209e+01
   1.8196280e+01
   1.8215363e+01
   1.8234456e+01
   1.8253561e+01
   1.8272676e+01
   1.8291802e+01
   1.8310940e+01
   1.8330088e+01
   1.8349248e+01
   1.8368418e+01
   1.8387599e+01
   1.8406791e+01
   1.8425995e+01
   1.8445209e+01
   1.8464434e+01
   1.8483670e+01
   1.8502918e+01
   1.8522176e+01
   1.8541445e+01
   1.8560725e+01
   1.8580016e+01
   1.8599319e+01
   1.8618632e+01
   1.8637956e+01
   1.8657291e+01
   1.8676637e+01
   1.8695995e+01
   1.8715363e+01
   1.8734742e+01
   1.8754132e+01
   1.8773534e+01
   1.8792946e+01
   1.8812369e+01
   1.8831804e+01
   1.8851249e+01
   1.8870706e+01
   1.8890173e+01
   1.8909652e+01
   1.8929141e+01
   1.8948642e+01
   1.8968153e+01
   1.8987676e+01
   1.9007210e+01
   1.9026754e+01
   1.9046310e+01
   1.9065877e+01
   1.9085455e+01
   1.9105044e+01
   1.9124644e+01
   1.9144255e+01
   1.9163877e+01
   1.9183510e+01
   1.9203154e+01
   1.9222810e+01
   1.9242476e+01
   1.9262153e+01
   1.9281842e+01
   1.9301542e+01
   1.9321252e+01
   1.9340974e+01
   1.9360707e+01
   1.9380451e+01
   1.9400206e+01
   1.9419972e+01
   1.9439749e+01
   1.9459537e+01
   1.9479337e+01
   1.9499147e+01
   1.9518969e+01
   1.9538802e+01
   1.9558645e+01
   1.9578500e+01
   1.9598366e+01
   1.9618244e+01
   1.9638132e+01
   1.9658031e+01
   1.9677942e+01
   1.9697864e+01
   1.9717796e+01
   1.9737740e+01
   1.9757695e+01
   1.9777662e+01
   1.9797639e+01
   1.9817627e+01
   1.9837627e+01
   1.9857638e+01
   1.9877660e+01
   1.9897693e+01
   1.9917737e+01
   1.9937792e+01
   1.9957859e+01
   1.9977937e+01
   1.9998026e+01
   2.0018126e+01
   2.0038237e+01
   2.0058359e+01
   2.0078493e+01
   2.0098638e+01
   2.0118794e+01
   2.0138961e+01
   2.0159139e+01
   2.0179329e+01
   2.0199530e+01
   2.0219742e+01
   2.0239965e+01
   2.0260199e+01
   2.0280445e+01
   2.0300701e+01
   2.0320969e+01
   2.0341249e+01
   2.0361539e+01
   2.0381841e+01
   2.0402153e+01
   2.0422478e+01
   2.0442813e+01
   2.0463159e+01
   2.0483517e+01
   2.0503886e+01
   2.0524267e+01
   2.0544658e+01
   2.0565061e+01
   2.0585475e+01
   2.0605900e+01
   2.0626337e+01
   2.0646784e+01
   2.0667243e+01
   2.0687714e+01
   2.0708195e+01
   2.0728688e+01
   2.0749192e+01
   2.0769708e+01
   2.0790234e+01
   2.0810772e+01
   2.0831322e+01
   2.0851882e+01
   2.0872454e+01
   2.0893037e+01
   2.0913632e+01
   2.0934237e+01
   2.0954854e+01
   2.0975483e+01
   2.0996122e+01
   2.1016773e+01
   2.1037435e+01
   2.1058109e+01
   2.1078794e+01
   2.1099490e+01
   2.1120198e+01
   2.1140917e+01
   2.1161647e+01
   2.1182388e+01
   2.1203141e+01
   2.1223905e+01
   2.1244681e+01
   2.1265468e+01
   2.1286266e+01
   2.1307075e+01
   2.1327896e+01
   2.1348728e+01
   2.1369572e+01
   2.1390427e+01
   2.1411293e+01
   2.1432171e+01
   2.1453060e+01
   2.1473960e+01
   2.1494872e+01
   2.1515795e+01
   2.1536730e+01
   2.1557676e+01
   2.1578633e+01
   2.1599601e+01
   2.1620581e+01
   2.1641573e+01
   2.1662576e+01
   2.1683590e+01
   2.1704615e+01
   2.1725652e+01
   2.1746700e+01
   2.1767760e+01
   2.1788831e+01
   2.1809914e+01
   2.1831008e+01
   2.1852113e+01
   2.1873229e+01
   2.1894357e+01
   2.1915497e+01
   2.1936648e+01
   2.1957810e+01
   2.1978984e+01
   2.2000169e+01
   2.2021365e+01
   2.2042573e+01
   2.2063792e+01
   2.2085023e+01
   2.2106265e+01
   2.2127519e+01
   2.2148784e+01
   2.2170060e+01
   2.2191348e+01
   2.2212647e+01
   2.2233958e+01
   2.2255280e+01
   2.2276613e+01
   2.2297958e+01
   2.2319314e+01
   2.2340682e+01
   2.2362061e+01
   2.2383451e+01
   2.2404853e+01
   2.2426267e+01
   2.2447691e+01
   2.2469127e+01
   2.2490575e+01
   2.2512034e+01
   2.2533504e+01
   2.2554986e+01
   2.2576479e+01
   2.2597984e+01
   2.2619500e+01
   2.2641027e+01
   2.2662566e+01
   2.2684116e+01
   2.2705678e+01
   2.2727251e+01
   2.2748836e+01
   2.2770431e+01
   2.2792039e+01
   2.2813657e+01
   2.2835287e+01
   2.2856929e+01
   2.2878581e+01
   2.2900246e+01
   2.2921921e+01
   2.2943608e+01
   2.2965307e+01
   2.2987016e+01
   2.3008737e+01
   2.3030470e+01
   2.3052214e+01
   2.3073969e+01
   2.3095735e+01
   2.3117513e+01
   2.3139302e+01
   2.3161103e+01
   2.3182915e+01
   2.3204738e+01
   2.3226573e+01
   2.3248419e+01
   2.3270276e+01
   2.3292145e+01
   2.3314025e+01
   2.3335916e+01
   2.3357818e+01
   2.3379732e+01
   2.3401657e+01
   2.3423594e+01
   2.3445541e+01
   2.3467500e+01
   2.3489470e+01
   2.3511452e+01
   2.3533445e+01
   2.3555449e+01
   2.3577464e+01
   2.3599491e+01
   2.3621528e+01
   2.3643577e+01
   2.3665637e+01
   2.3687709e+01
   2.3709791e+01
   2.3731885e+01
   2.3753990e+01
   2.3776106e+01
   2.3798233e+01
   2.3820372e+01
   2.3842521e+01
   2.3864682e+01
   2.3886854e+01
   2.3909037e+01
   2.3931231e+01
   2.3953436e+01
   2.3975653e+01
   2.3997880e+01
   2.4020118e+01
   2.4042368e+01
   2.4064628e+01
   2.4086900e+01
   2.4109182e+01
   2.4131476e+01
   2.4153780e+01
   2.4176096e+01
   2.4198423e+01
   2.4220760e+01
   2.4243108e+01
   2.4265468e+01
   2.4287838e+01
   2.4310219e+01
   2.4332611e+01
   2.4355014e+01
   2.4377428e+01
   2.4399853e+01
   2.4422288e+01
   2.4444734e+01
   2.4467191e+01
   2.4489659e+01
   2.4512138e+01
   2.4534627e+01
   2.4557127e+01
   2.4579638e+01
   2.4602159e+01
   2.4624691e+01
   2.4647234e+01
   2.4669788e+01
   2.4692352e+01
   2.4714926e+01
   2.4737511e+01
   2.4760107e+01
   2.4782713e+01
   2.4805330e+01
   2.4827958e+01
   2.4850595e+01
   2.4873244e+01
   2.4895902e+01
   2.4918571e+01
   2.4941251e+01
   2.4963940e+01
   2.4986641e+01
   2.5009351e+01
   2.5032072e+01
   2.5054803e+01
   2.5077544e+01
   2.5100295e+01
   2.5123057e+01
   2.5145829e+01
   2.5168610e+01
   2.5191402e+01
   2.5214204e+01
   2.5237017e+01
   2.5259839e+01
   2.5282671e+01
   2.5305513e+01
   2.5328365e+01
   2.5351227e+01
   2.5374099e+01
   2.5396980e+01
   2.5419872e+01
   2.5442773e+01
   2.5465684e+01
   2.5488604e+01
   2.5511535e+01
   2.5534475e+01
   2.5557424e+01
   2.5580383e+01
   2.5603352e+01
   2.5626330e+01
   2.5649318e+01
   2.5672315e+01
   2.5695321e+01
   2.5718337e+01
   2.5741362e+01
   2.5764396e+01
   2.5787440e+01
   2.5810493e+01
   2.5833555e+01
   2.5856626e+01
   2.5879706e+01
   2.5902795e+01
   2.5925893e+01
   2.5949000e+01
   2.5972116e+01
   2.5995241e+01
   2.6018375e+01
   2.6041517e+01
   2.6064668e+01
   2.6087828e+01
   2.6110997e+01
   2.6134174e+01
   2.6157359e+01
   2.6180553e+01
   2.6203756e+01
   2.6226966e+01
   2.6250186e+01
   2.6273413e+01
   2.6296649e+01
   2.6319892e+01
   2.6343144e+01
   2.6366404e+01
   2.6389672e+01
   2.6412948e+01
   2.6436232e+01
   2.6459524e+01
   2.6482823e+01
   2.6506130e+01
   2.6529445e+01
   2.6552768e+01
   2.6576098e+01
   2.6599435e+01
   2.6622780e+01
   2.6646132e+01
   2.6669492e+01
   2.6692859e+01
   2.6716233e+01
   2.6739614e+01
   2.6763002e+01
   2.6786397e+01
   2.6809799e+01
   2.6833208e+01
   2.6856623e+01
   2.6880045e+01
   2.6903474e+01
   2.6926910e+01
   2.6950351e+01
   2.6973800e+01
   2.6997254e+01
   2.7020715e+01
   2.7044182e+01
   2.7067655e+01
   2.7091135e+01
   2.7114620e+01
   2.7138111e+01
   2.7161607e+01
   2.7185110e+01
   2.7208618e+01
   2.7232132e+01
   2.7255651e+01
   2.7279175e+01
   2.7302705e+01
   2.7326240e+01
   2.7349780e+01
   2.7373325e+01
   2.7396875e+01
   2.7420430e+01
   2.7443990e+01
   2.7467554e+01
   2.7491123e+01
   2.7514696e+01
   2.7538274e+01
   2.7561856e+01
   2.7585442e+01
   2.7609033e+01
   2.7632627e+01
   2.7656225e+01
   2.7679827e+01
   2.7703433e+01
   2.7727042e+01
   2.7750655e+01
   2.7774271e+01
   2.7797890e+01
   2.7821513e+01
   2.7845139e+01
   2.7868767e+01
   2.7892399e+01
   2.7916033e+01
   2.7939670e+01
   2.7963309e+01
   2.7986951e+01
   2.8010595e+01
   2.8034241e+01
   2.8057889e+01
   2.8081540e+01
   2.8105192e+01
   2.8128845e+01
   2.8152500e+01
   2.8176157e+01
   2.8199815e+01
   2.8223474e+01
   2.8247134e+01
   2.8270796e+01
   2.8294457e+01
   2.8318120e+01
   2.8341783e+01
   2.8365447e+01
   2.8389111e+01
   2.8412775e+01
   2.8436439e+01
   2.8460102e+01
   2.8483766e+01
   2.8507429e+01
   2.8531092e+01
   2.8554754e+01
   2.8578415e+01
   2.8602075e+01
   2.8625734e+01
   2.8649391e+01
   2.8673047e+01
   2.8696702e+01
   2.8720355e+01
   2.8744006e+01
   2.8767655e+01
   2.8791301e+01
   2.8814946e+01
   2.8838588e+01
   2.8862227e+01
   2.8885863e+01
   2.8909496e+01
   2.8933126e+01
   2.8956753e+01
   2.8980376e+01
   2.9003996e+01
   2.9027612e+01
   2.9051224e+01
   2.9074831e+01
   2.9098434e+01
   2.9122033e+01
   2.9145627e+01
   2.9169216e+01
   2.9192800e+01
   2.9216378e+01
   2.9239951e+01
   2.9263519e+01
   2.9287080e+01
   2.9310636e+01
   2.9334186e+01
   2.9357729e+01
   2.9381265e+01
   2.9404795e+01
   2.9428317e+01
   2.9451833e+01
   2.9475341e+01
   2.9498842e+01
   2.9522334e+01
   2.9545819e+01
   2.9569296e+01
   2.9592764e+01
   2.9616223e+01
   2.9639674e+01
   2.9663115e+01
   2.9686548e+01
   2.9709971e+01
   2.9733384e+01
   2.9756787e+01
   2.9780180e+01
   2.9803562e+01
   2.9826935e+01
   2.9850296e+01
   2.9873646e+01
   2.9896985e+01
   2.9920312e+01
   2.9943628e+01
   2.9966931e+01
   2.9990222e+01
   3.0013501e+01
   3.0036767e+01
   3.0060020e+01
   3.0083260e+01
   3.0106487e+01
   3.0129699e+01
   3.0152898e+01
   3.0176083e+01
   3.0199253e+01
   3.0222408e+01
   3.0245548e+01
   3.0268673e+01
   3.0291782e+01
   3.0314876e+01
   3.0337953e+01
   3.0361014e+01
   3.0384059e+01
   3.0407087e+01
   3.0430097e+01
   3.0453090e+01
   3.0476065e+01
   3.0499022e+01
   3.0521961e+01
   3.0544881e+01
   3.0567783e+01
   3.0590665e+01
   3.0613528e+01
   3.0636371e+01
   3.0659193e+01
   3.0681996e+01
   3.0704777e+01
   3.0727538e+01
   3.0750278e+01
   3.0772995e+01
   3.0795691e+01
   3.0818365e+01
   3.0841016e+01
   3.0863644e+01
   3.0886249e+01
   3.0908830e+01
   3.0931388e+01
   3.0953921e+01
   3.0976430e+01
   3.0998913e+01
   3.1021372e+01
   3.1043805e+01
   3.1066212e+01
   3.1088593e+01
   3.1110948e+01
   3.1133275e+01
   3.1155576e+01
   3.1177848e+01
   3.1200093e+01
   3.1222309e+01
   3.1244496e+01
   3.1266655e+01
   3.1288784e+01
   3.1310883e+01
   3.1332952e+01
   3.1354990e+01
   3.1376997e+01
   3.1398974e+01
   3.1420918e+01
   3.1442830e+01
   3.1464710e+01
   3.1486557e+01
   3.1508371e+01
   3.1530151e+01
   3.1551897e+01
   3.1573608e+01
   3.1595285e+01
   3.1616926e+01
   3.1638532e+01
   3.1660101e+01
   3.1681635e+01
   3.1703131e+01
   3.1724590e+01
   3.1746011e+01
   3.1767394e+01
   3.1788738e+01
   3.1810043e+01
   3.1831309e+01
   3.1852535e+01
   3.1873721e+01
   3.1894866e+01
   3.1915969e+01
   3.1937031e+01
   3.1958051e+01
   3.1979029e+01
   3.1999963e+01
   3.2020854e+01
   3.2041701e+01
   3.2062504e+01
   3.2083262e+01
   3.2103974e+01
   3.2124641e+01
   3.2145262e+01
   3.2165835e+01
   3.2186362e+01
   3.2206841e+01
   3.2227272e+01
   3.2247654e+01
   3.2267988e+01
   3.2288271e+01
   3.2308505e+01
   3.2328688e+01
   3.2348820e+01
   3.2368901e+01
   3.2388929e+01
   3.2408905e+01
   3.2428828e+01
   3.2448698e+01
   3.2468513e+01
   3.2488274e+01
   3.2507980e+01
   3.2527630e+01
   3.2547224e+01
   3.2566762e+01
   3.2586242e+01
   3.2605665e+01
   3.2625029e+01
   3.2644335e+01
   3.2663582e+01
   3.2682769e+01
   3.2701896e+01
   3.2720962e+01
   3.2739967e+01
   3.2758910e+01
   3.2777790e+01
   3.2796607e+01
   3.2815361e+01
   3.2834051e+01
   3.2852677e+01
   3.2871237e+01
   3.2889732e+01
   3.2908160e+01
   3.2926522e+01
   3.2944816e+01
   3.2963043e+01
   3.2981201e+01
   3.2999290e+01
   3.3017309e+01
   3.3035259e+01
   3.3053138e+01
   3.3070945e+01
   3.3088681e+01
   3.3106344e+01
   3.3123935e+01
   3.3141452e+01
   3.3158895e+01
   3.3176263e+01
   3.3193556e+01
   3.3210774e+01
   3.3227915e+01
   3.3244979e+01
   3.3261965e+01
   3.3278874e+01
   3.3295703e+01
   3.3312454e+01
   3.3329125e+01
   3.3345715e+01
   3.3362224e+01
   3.3378652e+01
   3.3394998e+01
   3.3411260e+01
   3.3427440e+01
   3.3443535e+01
   3.3459546e+01
   3.3475472e+01
   3.3491312e+01
   3.3507066e+01
   3.3522733e+01
   3.3538313e+01
   3.3553804e+01
   3.3569207e+01
   3.3584520e+01
   3.3599743e+01
   3.3614877e+01
   3.3629918e+01
   3.3644869e+01
   3.3659727e+01
   3.3674492e+01
   3.3689163e+01
   3.3703741e+01
   3.3718224e+01
   3.3732611e+01
   3.3746903e+01
   3.3761098e+01
   3.3775195e+01
   3.3789195e+01
   3.3803097e+01
   3.3816900e+01
   3.3830603e+01
   3.3844206e+01
   3.3857708e+01
   3.3871108e+01
   3.3884407e+01
   3.3897603e+01
   3.3910695e+01
   3.3923684e+01
   3.3936568e+01
   3.3949347e+01
   3.3962020e+01
   3.3974586e+01
   3.3987046e+01
   3.3999398e+01
   3.4011641e+01
   3.4023775e+01
   3.4035800e+01
   3.4047715e+01
   3.4059519e+01
   3.4071211e+01
   3.4082791e+01
   3.4094258e+01
   3.4105612e+01
   3.4116852e+01
   3.4127977e+01
   3.4138986e+01
   3.4149880e+01
   3.4160656e+01
   3.4171316e+01
   3.4181857e+01
   3.4192280e+01
   3.4202583e+01
   3.4212767e+01
   3.4222829e+01
   3.4232771e+01
   3.4242590e+01
   3.4252286e+01
   3.4261860e+01
   3.4271309e+01
   3.4280633e+01
   3.4289832e+01
   3.4298905e+01
   3.4307851e+01
   3.4316670e+01
   3.4325360e+01
   3.4333922e+01
   3.4342354e+01
   3.4350655e+01
   3.4358826e+01
   3.4366865e+01
   3.4374771e+01
   3.4382544e+01
   3.4390184e+01
   3.4397689e+01
   3.4405058e+01
   3.4412291e+01
   3.4419388e+01
   3.4426347e+01
   3.4433168e+01
   3.4439850e+01
   3.4446392e+01
   3.4452794e+01
   3.4459054e+01
   3.4465173e+01
   3.4471148e+01
   3.4476980e+01
   3.4482668e+01
   3.4488210e+01
   3.4493607e+01
   3.4498857e+01
   3.4503960e+01
   3.4508914e+01
   3.4513720e+01
   3.4518376e+01
   3.4522881e+01
   3.4527234e+01
   3.4531436e+01
   3.4535484e+01
   3.4539379e+01
   3.4543119e+01
   3.4546703e+01
   3.4550131e+01
   3.4553402e+01
   3.4556515e+01
   3.4559470e+01
   3.4562264e+01
   3.4564898e+01
   3.4567371e+01
   3.4569682e+01
   3.4571829e+01
   3.4573813e+01
   3.4575632e+01
   3.4577285e+01
   3.4578772e+01
   3.4580092e+01
   3.4581243e+01
   3.4582225e+01
   3.4583037e+01
   3.4583679e+01
   3.4584148e+01
   3.4584445e+01
   3.4584569e+01
   3.4584518e+01
   3.4584291e+01
   3.4583888e+01
   3.4583309e+01
   3.4582551e+01
   3.4581614e+01
   3.4580498e+01
   3.4579200e+01
   3.4577721e+01
   3.4576059e+01
   3.4574214e+01
   3.4572185e+01
   3.4569970e+01
   3.4567568e+01
   3.4564980e+01
   3.4562203e+01
   3.4559237e+01
   3.4556082e+01
   3.4552735e+01
   3.4549197e+01
   3.4545466e+01
   3.4541541e+01
   3.4537421e+01
   3.4533106e+01
   3.4528594e+01
   3.4523885e+01
   3.4518978e+01
   3.4513871e+01
   3.4508564e+01
   3.4503056e+01
   3.4497345e+01
   3.4491432e+01
   3.4485315e+01
   3.4478992e+01
   3.4472464e+01
   3.4465729e+01
   3.4458787e+01
   3.4451636e+01
   3.4444275e+01
   3.4436704e+01
   3.4428921e+01
   3.4420926e+01
   3.4412718e+01
   3.4404295e+01
   3.4395658e+01
   3.4386805e+01
   3.4377734e+01
   3.4368446e+01
   3.4358939e+01
   3.4349213e+01
   3.4339265e+01
   3.4329097e+01
   3.4318706e+01
   3.4308092e+01
   3.4297254e+01
   3.4286190e+01
   3.4274901e+01
   3.4263385e+01
   3.4251641e+01
   3.4239669e+01
   3.4227467e+01
   3.4215035e+01
   3.4202372e+01
   3.4189477e+01
   3.4176349e+01
   3.4162987e+01
   3.4149390e+01
   3.4135558e+01
   3.4121490e+01
   3.4107184e+01
   3.4092641e+01
   3.4077858e+01
   3.4062836e+01
   3.4047573e+01
   3.4032069e+01
   3.4016323e+01
   3.4000334e+01
   3.3984101e+01
   3.3967624e+01
   3.3950901e+01
   3.3933931e+01
   3.3916715e+01
   3.3899251e+01
   3.3881538e+01
   3.3863576e+01
   3.3845364e+01
   3.3826900e+01
   3.3808185e+01
   3.3789218e+01
   3.3769997e+01
   3.3750522e+01
   3.3730792e+01
   3.3710806e+01
   3.3690564e+01
   3.3670066e+01
   3.3649309e+01
   3.3628293e+01
   3.3607019e+01
   3.3585484e+01
   3.3563688e+01
   3.3541631e+01
   3.3519311e+01
   3.3496729e+01
   3.3473882e+01
   3.3450772e+01
   3.3427396e+01
   3.3403754e+01
   3.3379845e+01
   3.3355670e+01
   3.3331226e+01
   3.3306513e+01
   3.3281531e+01
   3.3256279e+01
   3.3230756e+01
   3.3204962e+01
   3.3178895e+01
   3.3152556e+01
   3.3125943e+01
   3.3099055e+01
   3.3071893e+01
   3.3044455e+01
   3.3016741e+01
   3.2988750e+01
   3.2960481e+01
   3.2931934e+01
   3.2903108e+01
   3.2874002e+01
   3.2844616e+01
   3.2814948e+01
   3.2785000e+01
   3.2754768e+01
   3.2724254e+01
   3.2693456e+01
   3.2662374e+01
   3.2631007e+01
   3.2599355e+01
   3.2567416e+01
   3.2535190e+01
   3.2502676e+01
   3.2469874e+01
   3.2436784e+01
   3.2403403e+01
   3.2369733e+01
   3.2335772e+01
   3.2301519e+01
   3.2266974e+01
   3.2232136e+01
   3.2197005e+01
   3.2161580e+01
   3.2125859e+01
   3.2089844e+01
   3.2053532e+01
   3.2016924e+01
   3.1980018e+01
   3.1942814e+01
   3.1905312e+01
   3.1867510e+01
   3.1829409e+01
   3.1791006e+01
   3.1752303e+01
   3.1713297e+01
   3.1673989e+01
   3.1634377e+01
   3.1594462e+01
   3.1554242e+01
   3.1513717e+01
   3.1472886e+01
   3.1431749e+01
   3.1390304e+01
   3.1348552e+01
   3.1306491e+01
   3.1264121e+01
   3.1221441e+01
   3.1178451e+01
   3.1135149e+01
   3.1091536e+01
   3.1047610e+01
   3.1003371e+01
   3.0958819e+01
   3.0913952e+01
   3.0868769e+01
   3.0823272e+01
   3.0777457e+01
   3.0731326e+01
   3.0684876e+01
   3.0638109e+01
   3.0591022e+01
   3.0543615e+01
   3.0495888e+01
   3.0447840e+01
   3.0399470e+01
   3.0350777e+01
   3.0301762e+01
   3.0252422e+01
   3.0202759e+01
   3.0152770e+01
   3.0102455e+01
   3.0051814e+01
   3.0000845e+01
   2.9949549e+01
   2.9897924e+01
   2.9845970e+01
   2.9793686e+01
   2.9741072e+01
   2.9688127e+01
   2.9634850e+01
   2.9581240e+01
   2.9527297e+01
   2.9473020e+01
   2.9418409e+01
   2.9363463e+01
   2.9308181e+01
   2.9252562e+01
   2.9196607e+01
   2.9140313e+01
   2.9083682e+01
   2.9026711e+01
   2.8969400e+01
   2.8911749e+01
   2.8853758e+01
   2.8795424e+01
   2.8736749e+01
   2.8677730e+01
   2.8618369e+01
   2.8558663e+01
   2.8498612e+01
   2.8438216e+01
   2.8377475e+01
   2.8316386e+01
   2.8254951e+01
   2.8193168e+01
   2.8131037e+01
   2.8068557e+01
   2.8005727e+01
   2.7942548e+01
   2.7879018e+01
   2.7815138e+01
   2.7750905e+01
   2.7686321e+01
   2.7621384e+01
   2.7556094e+01
   2.7490451e+01
   2.7424453e+01
   2.7358101e+01
   2.7291394e+01
   2.7224332e+01
   2.7156914e+01
   2.7089139e+01
   2.7021008e+01
   2.6952520e+01
   2.6883674e+01
   2.6814471e+01
   2.6744909e+01
   2.6674989e+01
   2.6604710e+01
   2.6534072e+01
   2.6463075e+01
   2.6391718e+01
   2.6320001e+01
   2.6247924e+01
   2.6175487e+01
   2.6102690e+01
   2.6029532e+01
   2.5956013e+01
   2.5882133e+01
   2.5807892e+01
   2.5733290e+01
   2.5658328e+01
   2.5583004e+01
   2.5507319e+01
   2.5431274e+01
   2.5354867e+01
   2.5278100e+01
   2.5200972e+01
   2.5123484e+01
   2.5045636e+01
   2.4967427e+01
   2.4888859e+01
   2.4809932e+01
   2.4730645e+01
   2.4651000e+01
   2.4570997e+01
   2.4490637e+01
   2.4409919e+01
   2.4328844e+01
   2.4247414e+01
   2.4165628e+01
   2.4083487e+01
   2.4000993e+01
   2.3918146e+01
   2.3834946e+01
   2.3751395e+01
   2.3667494e+01
   2.3583243e+01
   2.3498644e+01
   2.3413698e+01
   2.3328407e+01
   2.3242770e+01
   2.3156790e+01
   2.3070468e+01
   2.2983806e+01
   2.2896804e+01
   2.2809465e+01
   2.2721790e+01
   2.2633782e+01
   2.2545441e+01
   2.2456769e+01
   2.2367769e+01
   2.2278443e+01
   2.2188792e+01
   2.2098819e+01
   2.2008527e+01
   2.1917916e+01
   2.1826991e+01
   2.1735753e+01
   2.1644206e+01
   2.1552351e+01
   2.1460192e+01
   2.1367732e+01
   2.1274973e+01
   2.1181919e+01
   2.1088573e+01
   2.0994938e+01
   2.0901017e+01
   2.0806815e+01
   2.0712335e+01
   2.0617580e+01
   2.0522555e+01
   2.0427263e+01
   2.0331708e+01
   2.0235895e+01
   2.0139829e+01
   2.0043512e+01
   1.9946951e+01
   1.9850149e+01
   1.9753112e+01
   1.9655844e+01
   1.9558351e+01
   1.9460638e+01
   1.9362709e+01
   1.9264571e+01
   1.9166229e+01
   1.9067688e+01
   1.8968956e+01
   1.8870037e+01
   1.8770937e+01
   1.8671663e+01
   1.8572222e+01
   1.8472620e+01
   1.8372863e+01
   1.8272958e+01
   1.8172913e+01
   1.8072734e+01
   1.7972428e+01
   1.7872003e+01
   1.7771467e+01
   1.7670827e+01
   1.7570090e+01
   1.7469265e+01
   1.7368359e+01
   1.7267382e+01
   1.7166340e+01
   1.7065243e+01
   1.6964099e+01
   1.6862917e+01
   1.6761705e+01
   1.6660473e+01
   1.6559229e+01
   1.6457983e+01
   1.6356743e+01
   1.6255521e+01
   1.6154323e+01
   1.6053162e+01
   1.5952045e+01
   1.5850983e+01
   1.5749987e+01
   1.5649065e+01
   1.5548228e+01
   1.5447486e+01
   1.5346850e+01
   1.5246329e+01
   1.5145934e+01
   1.5045676e+01
   1.4945565e+01
   1.4845612e+01
   1.4745827e+01
   1.4646221e+01
   1.4546805e+01
   1.4447589e+01
   1.4348584e+01
   1.4249801e+01
   1.4151251e+01
   1.4052945e+01
   1.3954893e+01
   1.3857107e+01
   1.3759596e+01
   1.3662372e+01
   1.3565446e+01
   1.3468828e+01
   1.3372528e+01
   1.3276559e+01
   1.3180929e+01
   1.3085650e+01
   1.2990732e+01
   1.2896185e+01
   1.2802020e+01
   1.2708247e+01
   1.2614875e+01
   1.2521916e+01
   1.2429378e+01
   1.2337272e+01
   1.2245606e+01
   1.2154392e+01
   1.2063637e+01
   1.1973351e+01
   1.1883544e+01
   1.1794223e+01
   1.1705398e+01
   1.1617078e+01
   1.1529270e+01
   1.1441983e+01
   1.1355225e+01
   1.1269003e+01
   1.1183326e+01
   1.1098201e+01
   1.1013634e+01
   1.0929633e+01
   1.0846205e+01
   1.0763356e+01
   1.0681092e+01
   1.0599420e+01
   1.0518345e+01
   1.0437874e+01
   1.0358011e+01
   1.0278761e+01
   1.0200131e+01
   1.0122123e+01
   1.0044743e+01
   9.9679956e+00
   9.8918836e+00
   9.8164112e+00
   9.7415819e+00
   9.6673989e+00
   9.5938652e+00
   9.5209834e+00
   9.4487561e+00
   9.3771856e+00
   9.3062737e+00
   9.2360224e+00
   9.1664331e+00
   9.0975072e+00
   9.0292456e+00
   8.9616493e+00
   8.8947187e+00
   8.8284544e+00
   8.7628564e+00
   8.6979246e+00
   8.6336588e+00
   8.5700585e+00
   8.5071229e+00
   8.4448511e+00
   8.3832421e+00
   8.3222944e+00
   8.2620066e+00
   8.2023770e+00
   8.1434036e+00
   8.0850844e+00
   8.0274172e+00
   7.9703995e+00
   7.9140287e+00
   7.8583021e+00
   7.8032168e+00
   7.7487697e+00
   7.6949576e+00
   7.6417771e+00
   7.5892248e+00
   7.5372970e+00
   7.4859900e+00
   7.4352999e+00
   7.3852226e+00
   7.3357542e+00
   7.2868902e+00
   7.2386265e+00
   7.1909586e+00
   7.1438820e+00
   7.0973921e+00
   7.0514841e+00
   7.0061533e+00
   6.9613948e+00
   6.9172037e+00
   6.8735751e+00
   6.8305038e+00
   6.7879847e+00
   6.7460127e+00
   6.7045825e+00
   6.6636889e+00
   6.6233266e+00
   6.5834902e+00
   6.5441743e+00
   6.5053734e+00
   6.4670823e+00
   6.4292953e+00
   6.3920070e+00
   6.3552119e+00
   6.3189045e+00
   6.2830792e+00
   6.2477304e+00
   6.2128527e+00
   6.1784405e+00
   6.1444883e+00
   6.1109904e+00
   6.0779414e+00
   6.0453357e+00
   6.0131678e+00
   5.9814322e+00
   5.9501234e+00
   5.9192359e+00
   5.8887643e+00
   5.8587032e+00
   5.8290470e+00
   5.7997905e+00
   5.7709283e+00
   5.7424550e+00
   5.7143654e+00
   5.6866542e+00
   5.6593162e+00
   5.6323460e+00
   5.6057387e+00
   5.5794891e+00
   5.5535920e+00
   5.5280424e+00
   5.5028354e+00
   5.4779659e+00
   5.4534291e+00
   5.4292200e+00
   5.4053338e+00
   5.3817658e+00
   5.3585111e+00
   5.3355651e+00
   5.3129231e+00
   5.2905805e+00
   5.2685328e+00
   5.2467755e+00
   5.2253040e+00
   5.2041139e+00
   5.1832010e+00
   5.1625608e+00
   5.1421892e+00
   5.1220819e+00
   5.1022347e+00
   5.0826435e+00
   5.0633043e+00
   5.0442130e+00
   5.0253656e+00
   5.0067583e+00
   4.9883872e+00
   4.9702485e+00
   4.9523384e+00
   4.9346531e+00
   4.9171891e+00
   4.8999426e+00
   4.8829102e+00
   4.8660883e+00
   4.8494734e+00
   4.8330621e+00
   4.8168511e+00
   4.8008369e+00
   4.7850165e+00
   4.7693864e+00
   4.7539435e+00
   4.7386847e+00
   4.7236069e+00
   4.7087071e+00
   4.6939821e+00
   4.6794292e+00
   4.6650454e+00
   4.6508277e+00
   4.6367735e+00
   4.6228799e+00
   4.6091441e+00
   4.5955636e+00
   4.5821356e+00
   4.5688575e+00
   4.5557268e+00
   4.5427409e+00
   4.5298974e+00
   4.5171938e+00
   4.5046278e+00
   4.4921968e+00
   4.4798987e+00
   4.4677311e+00
   4.4556918e+00
   4.4437786e+00
   4.4319892e+00
   4.4203216e+00
   4.4087736e+00
   4.3973433e+00
   4.3860284e+00
   4.3748271e+00
   4.3637373e+00
   4.3527572e+00
   4.3418849e+00
   4.3311184e+00
   4.3204560e+00
   4.3098958e+00
   4.2994360e+00
   4.2890750e+00
   4.2788110e+00
   4.2686424e+00
   4.2585674e+00
   4.2485845e+00
   4.2386920e+00
   4.2288885e+00
   4.2191723e+00
   4.2095420e+00
   4.1999961e+00
   4.1905331e+00
   4.1811515e+00
   4.1718501e+00
   4.1626273e+00
   4.1534819e+00
   4.1444125e+00
   4.1354179e+00
   4.1264966e+00
   4.1176475e+00
   4.1088694e+00
   4.1001609e+00
   4.0915210e+00
   4.0829484e+00
   4.0744421e+00
   4.0660008e+00
   4.0576235e+00
   4.0493090e+00
   4.0410564e+00
   4.0328646e+00
   4.0247325e+00
   4.0166591e+00
   4.0086434e+00
   4.0006846e+00
   3.9927815e+00
   3.9849334e+00
   3.9771392e+00
   3.9693980e+00
   3.9617091e+00
   3.9540714e+00
   3.9464842e+00
   3.9389466e+00
   3.9314578e+00
   3.9240170e+00
   3.9166235e+00
   3.9092763e+00
   3.9019748e+00
   3.8947183e+00
   3.8875059e+00
   3.8803370e+00
   3.8732109e+00
   3.8661269e+00
   3.8590842e+00
   3.8520823e+00
   3.8451205e+00
   3.8381981e+00
   3.8313145e+00
   3.8244692e+00
   3.8176614e+00
   3.8108906e+00
   3.8041562e+00
   3.7974577e+00
   3.7907945e+00
   3.7841660e+00
   3.7775717e+00
   3.7710110e+00
   3.7644835e+00
   3.7579887e+00
   3.7515260e+00
   3.7450949e+00
   3.7386951e+00
   3.7323259e+00
   3.7259869e+00
   3.7196778e+00
   3.7133980e+00
   3.7071471e+00
   3.7009246e+00
   3.6947303e+00
   3.6885635e+00
   3.6824240e+00
   3.6763114e+00
   3.6702252e+00
   3.6641651e+00
   3.6581307e+00
   3.6521216e+00
   3.6461375e+00
   3.6401780e+00
   3.6342428e+00
   3.6283316e+00
   3.6224439e+00
   3.6165795e+00
   3.6107381e+00
   3.6049193e+00
   3.5991228e+00
   3.5933484e+00
   3.5875957e+00
   3.5818645e+00
   3.5761544e+00
   3.5704652e+00
   3.5647966e+00
   3.5591483e+00
   3.5535201e+00
   3.5479117e+00
   3.5423228e+00
   3.5367533e+00
   3.5312028e+00
   3.5256711e+00
   3.5201580e+00
   3.5146633e+00
   3.5091867e+00
   3.5037280e+00
   3.4982870e+00
   3.4928634e+00
   3.4874572e+00
   3.4820679e+00
   3.4766955e+00
   3.4713398e+00
   3.4660005e+00
   3.4606775e+00
   3.4553706e+00
   3.4500796e+00
   3.4448042e+00
   3.4395445e+00
   3.4343000e+00
   3.4290708e+00
   3.4238566e+00
   3.4186573e+00
   3.4134726e+00
   3.4083025e+00
   3.4031468e+00
   3.3980053e+00
   3.3928779e+00
   3.3877644e+00
   3.3826648e+00
   3.3775787e+00
   3.3725062e+00
   3.3674471e+00
   3.3624012e+00
   3.3573684e+00
   3.3523486e+00
   3.3473416e+00
   3.3423474e+00
   3.3373658e+00
   3.3323966e+00
   3.3274399e+00
   3.3224954e+00
   3.3175630e+00
   3.3126427e+00
   3.3077343e+00
   3.3028377e+00
   3.2979528e+00
   3.2930795e+00
   3.2882177e+00
   3.2833673e+00
   3.2785283e+00
   3.2737004e+00
   3.2688836e+00
   3.2640779e+00
   3.2592831e+00
   3.2544991e+00
   3.2497259e+00
   3.2449634e+00
   3.2402114e+00
   3.2354700e+00
   3.2307389e+00
   3.2260182e+00
   3.2213078e+00
   3.2166075e+00
   3.2119173e+00
   3.2072371e+00
   3.2025669e+00
   3.1979066e+00
   3.1932561e+00
   3.1886153e+00
   3.1839842e+00
   3.1793627e+00
   3.1747508e+00
   3.1701483e+00
   3.1655552e+00
   3.1609714e+00
   3.1563969e+00
   3.1518317e+00
   3.1472756e+00
   3.1427286e+00
   3.1381906e+00
   3.1336617e+00
   3.1291416e+00
   3.1246305e+00
   3.1201281e+00
   3.1156345e+00
   3.1111496e+00
   3.1066734e+00
   3.1022058e+00
   3.0977467e+00
   3.0932962e+00
   3.0888541e+00
   3.0844204e+00
   3.0799951e+00
   3.0755782e+00
   3.0711694e+00
   3.0667690e+00
   3.0623767e+00
   3.0579925e+00
   3.0536164e+00
   3.0492484e+00
   3.0448884e+00
   3.0405364e+00
   3.0361923e+00
   3.0318561e+00
   3.0275278e+00
   3.0232073e+00
   3.0188945e+00
   3.0145895e+00
   3.0102922e+00
   3.0060026e+00
   3.0017206e+00
   2.9974462e+00
   2.9931793e+00
   2.9889200e+00
   2.9846682e+00
   2.9804238e+00
   2.9761869e+00
   2.9719574e+00
   2.9677352e+00
   2.9635203e+00
   2.9593128e+00
   2.9551125e+00
   2.9509195e+00
   2.9467337e+00
   2.9425550e+00
   2.9383835e+00
   2.9342192e+00
   2.9300619e+00
   2.9259117e+00
   2.9217685e+00
   2.9176324e+00
   2.9135032e+00
   2.9093810e+00
   2.9052658e+00
   2.9011574e+00
   2.8970559e+00
   2.8929613e+00
   2.8888735e+00
   2.8847925e+00
   2.8807183e+00
   2.8766509e+00
   2.8725902e+00
   2.8685362e+00
   2.8644889e+00
   2.8604483e+00
   2.8564143e+00
   2.8523870e+00
   2.8483662e+00
   2.8443521e+00
   2.8403445e+00
   2.8363434e+00
   2.8323488e+00
   2.8283608e+00
   2.8243792e+00
   2.8204040e+00
   2.8164353e+00
   2.8124730e+00
   2.8085172e+00
   2.8045676e+00
   2.8006245e+00
   2.7966877e+00
   2.7927572e+00
   2.7888330e+00
   2.7849150e+00
   2.7810034e+00
   2.7770980e+00
   2.7731988e+00
   2.7693058e+00
   2.7654190e+00
   2.7615384e+00
   2.7576640e+00
   2.7537957e+00
   2.7499335e+00
   2.7460774e+00
   2.7422275e+00
   2.7383835e+00
   2.7345457e+00
   2.7307139e+00
   2.7268881e+00
   2.7230683e+00
   2.7192546e+00
   2.7154468e+00
   2.7116449e+00
   2.7078491e+00
   2.7040591e+00
   2.7002751e+00
   2.6964970e+00
   2.6927247e+00
   2.6889584e+00
   2.6851979e+00
   2.6814432e+00
   2.6776944e+00
   2.6739514e+00
   2.6702142e+00
   2.6664828e+00
   2.6627571e+00
   2.6590372e+00
   2.6553231e+00
   2.6516147e+00
   2.6479121e+00
   2.6442151e+00
   2.6405238e+00
   2.6368382e+00
   2.6331583e+00
   2.6294841e+00
   2.6258154e+00
   2.6221525e+00
   2.6184951e+00
   2.6148433e+00
   2.6111972e+00
   2.6075566e+00
   2.6039215e+00
   2.6002921e+00
   2.5966681e+00
   2.5930498e+00
   2.5894369e+00
   2.5858295e+00
   2.5822277e+00
   2.5786313e+00
   2.5750404e+00
   2.5714549e+00
   2.5678749e+00
   2.5643003e+00
   2.5607312e+00
   2.5571675e+00
   2.5536092e+00
   2.5500562e+00
   2.5465087e+00
   2.5429665e+00
   2.5394297e+00
   2.5358982e+00
   2.5323721e+00
   2.5288513e+00
   2.5253358e+00
   2.5218256e+00
   2.5183207e+00
   2.5148211e+00
   2.5113268e+00
   2.5078377e+00
   2.5043539e+00
   2.5008753e+00
   2.4974019e+00
   2.4939338e+00
   2.4904709e+00
   2.4870132e+00
   2.4835607e+00
   2.4801133e+00
   2.4766711e+00
   2.4732341e+00
   2.4698023e+00
   2.4663755e+00
   2.4629539e+00
   2.4595375e+00
   2.4561261e+00
   2.4527199e+00
   2.4493187e+00
   2.4459226e+00
   2.4425316e+00
   2.4391456e+00
   2.4357647e+00
   2.4323889e+00
   2.4290180e+00
   2.4256522e+00
   2.4222915e+00
   2.4189357e+00
   2.4155849e+00
   2.4122391e+00
   2.4088983e+00
   2.4055624e+00
   2.4022316e+00
   2.3989056e+00
   2.3955846e+00
   2.3922686e+00
   2.3889574e+00
   2.3856512e+00
   2.3823499e+00
   2.3790535e+00
   2.3757619e+00
   2.3724753e+00
   2.3691935e+00
   2.3659166e+00
   2.3626445e+00
   2.3593773e+00
   2.3561149e+00
   2.3528573e+00
   2.3496046e+00
   2.3463566e+00
   2.3431135e+00
   2.3398751e+00
   2.3366416e+00
   2.3334128e+00
   2.3301888e+00
   2.3269695e+00
   2.3237550e+00
   2.3205452e+00
   2.3173402e+00
   2.3141399e+00
   2.3109443e+00
   2.3077534e+00
   2.3045672e+00
   2.3013857e+00
   2.2982089e+00
   2.2950368e+00
   2.2918693e+00
   2.2887065e+00
   2.2855483e+00
   2.2823948e+00
   2.2792459e+00
   2.2761017e+00
   2.2729620e+00
   2.2698270e+00
   2.2666966e+00
   2.2635708e+00
   2.2604495e+00
   2.2573329e+00
   2.2542208e+00
   2.2511133e+00
   2.2480103e+00
   2.2449119e+00
   2.2418180e+00
   2.2387286e+00
   2.2356438e+00
   2.2325635e+00
   2.2294877e+00
   2.2264164e+00
   2.2233496e+00
   2.2202873e+00
   2.2172295e+00
   2.2141761e+00
   2.2111272e+00
   2.2080828e+00
   2.2050428e+00
   2.2020072e+00
   2.1989761e+00
   2.1959494e+00
   2.1929271e+00
   2.1899093e+00
   2.1868958e+00
   2.1838867e+00
   2.1808821e+00
   2.1778818e+00
   2.1748858e+00
   2.1718943e+00
   2.1689071e+00
   2.1659243e+00
   2.1629458e+00
   2.1599716e+00
   2.1570018e+00
   2.1540363e+00
   2.1510751e+00
   2.1481182e+00
   2.1451656e+00
   2.1422174e+00
   2.1392734e+00
   2.1363337e+00
   2.1333982e+00
   2.1304671e+00
   2.1275401e+00
   2.1246175e+00
   2.1216991e+00
   2.1187849e+00
   2.1158750e+00
   2.1129692e+00
   2.1100677e+00
   2.1071705e+00
   2.1042774e+00
   2.1013885e+00
   2.0985038e+00
   2.0956233e+00
   2.0927469e+00
   2.0898748e+00
   2.0870067e+00
   2.0841429e+00
   2.0812832e+00
   2.0784276e+00
   2.0755762e+00
   2.0727289e+00
   2.0698857e+00
   2.0670467e+00
   2.0642117e+00
   2.0613809e+00
   2.0585541e+00
   2.0557314e+00
   2.0529129e+00
   2.0500983e+00
   2.0472879e+00
   2.0444815e+00
   2.0416792e+00
   2.0388809e+00
   2.0360867e+00
   2.0332965e+00
   2.0305103e+00
   2.0277282e+00
   2.0249500e+00
   2.0221759e+00
   2.0194058e+00
   2.0166397e+00
   2.0138776e+00
   2.0111194e+00
   2.0083652e+00
   2.0056150e+00
   2.0028688e+00
   2.0001265e+00
   1.9973882e+00
   1.9946538e+00
   1.9919234e+00
   1.9891969e+00
   1.9864743e+00
   1.9837556e+00
   1.9810409e+00
   1.9783301e+00
   1.9756231e+00
   1.9729201e+00
   1.9702209e+00
   1.9675256e+00
   1.9648342e+00
   1.9621467e+00
   1.9594631e+00
   1.9567833e+00
   1.9541073e+00
   1.9514352e+00
   1.9487669e+00
   1.9461025e+00
   1.9434419e+00
   1.9407851e+00
   1.9381321e+00
   1.9354830e+00
   1.9328376e+00
   1.9301960e+00
   1.9275583e+00
   1.9249243e+00
   1.9222941e+00
   1.9196676e+00
   1.9170450e+00
   1.9144260e+00
   1.9118109e+00
   1.9091995e+00
   1.9065918e+00
   1.9039879e+00
   1.9013877e+00
   1.8987912e+00
   1.8961985e+00
   1.8936094e+00
   1.8910241e+00
   1.8884425e+00
   1.8858645e+00
   1.8832903e+00
   1.8807197e+00
   1.8781528e+00
   1.8755896e+00
   1.8730301e+00
   1.8704742e+00
   1.8679220e+00
   1.8653734e+00
   1.8628285e+00
   1.8602872e+00
   1.8577495e+00
   1.8552154e+00
   1.8526850e+00
   1.8501582e+00
   1.8476350e+00
   1.8451154e+00
   1.8425994e+00
   1.8400870e+00
   1.8375782e+00
   1.8350730e+00
   1.8325713e+00
   1.8300732e+00
   1.8275787e+00
   1.8250877e+00
   1.8226003e+00
   1.8201164e+00
   1.8176361e+00
   1.8151593e+00
   1.8126861e+00
   1.8102163e+00
   1.8077501e+00
   1.8052874e+00
   1.8028282e+00
   1.8003725e+00
   1.7979203e+00
   1.7954716e+00
   1.7930264e+00
   1.7905847e+00
   1.7881464e+00
   1.7857117e+00
   1.7832803e+00
   1.7808525e+00
   1.7784281e+00
   1.7760071e+00
   1.7735896e+00
   1.7711755e+00
   1.7687649e+00
   1.7663577e+00
   1.7639539e+00
   1.7615535e+00
   1.7591565e+00
   1.7567630e+00
   1.7543728e+00
   1.7519861e+00
   1.7496027e+00
   1.7472227e+00
   1.7448461e+00
   1.7424729e+00
   1.7401030e+00
   1.7377365e+00
   1.7353734e+00
   1.7330136e+00
   1.7306571e+00
   1.7283040e+00
   1.7259543e+00
   1.7236079e+00
   1.7212648e+00
   1.7189250e+00
   1.7165885e+00
   1.7142554e+00
   1.7119256e+00
   1.7095990e+00
   1.7072758e+00
   1.7049559e+00
   1.7026392e+00
   1.7003258e+00
   1.6980157e+00
   1.6957089e+00
   1.6934053e+00
   1.6911050e+00
   1.6888080e+00
   1.6865142e+00
   1.6842237e+00
   1.6819364e+00
   1.6796523e+00
   1.6773715e+00
   1.6750939e+00
   1.6728195e+00
   1.6705483e+00
   1.6682804e+00
   1.6660156e+00
   1.6637541e+00
   1.6614957e+00
   1.6592405e+00
   1.6569886e+00
   1.6547398e+00
   1.6524942e+00
   1.6502517e+00
   1.6480125e+00
   1.6457764e+00
   1.6435434e+00
   1.6413136e+00
   1.6390870e+00
   1.6368635e+00
   1.6346431e+00
   1.6324259e+00
   1.6302118e+00
   1.6280008e+00
   1.6257929e+00
   1.6235882e+00
   1.6213865e+00
   1.6191880e+00
   1.6169926e+00
   1.6148002e+00
   1.6126110e+00
   1.6104249e+00
   1.6082418e+00
   1.6060618e+00
   1.6038849e+00
   1.6017110e+00
   1.5995402e+00
   1.5973725e+00
   1.5952078e+00
   1.5930462e+00
   1.5908876e+00
   1.5887320e+00
   1.5865795e+00
   1.5844300e+00
   1.5822836e+00
   1.5801401e+00
   1.5779997e+00
   1.5758623e+00
   1.5737279e+00
   1.5715965e+00
   1.5694681e+00
   1.5673427e+00
   1.5652203e+00
   1.5631008e+00
   1.5609844e+00
   1.5588709e+00
   1.5567604e+00
   1.5546528e+00
   1.5525483e+00
   1.5504467e+00
   1.5483480e+00
   1.5462523e+00
   1.5441595e+00
   1.5420697e+00
   1.5399828e+00
   1.5378988e+00
   1.5358177e+00
   1.5337396e+00
   1.5316644e+00
   1.5295921e+00
   1.5275227e+00
   1.5254563e+00
   1.5233927e+00
   1.5213320e+00
   1.5192742e+00
   1.5172193e+00
   1.5151673e+00
   1.5131182e+00
   1.5110719e+00
   1.5090285e+00
   1.5069879e+00
   1.5049503e+00
   1.5029155e+00
   1.5008835e+00
   1.4988544e+00
   1.4968281e+00
   1.4948047e+00
   1.4927841e+00
   1.4907663e+00
   1.4887513e+00
   1.4867392e+00
   1.4847299e+00
   1.4827234e+00
   1.4807198e+00
   1.4787189e+00
   1.4767208e+00
   1.4747255e+00
   1.4727330e+00
   1.4707433e+00
   1.4687564e+00
   1.4667723e+00
   1.4647910e+00
   1.4628124e+00
   1.4608365e+00
   1.4588635e+00
   1.4568932e+00
   1.4549257e+00
   1.4529609e+00
   1.4509988e+00
   1.4490395e+00
   1.4470830e+00
   1.4451291e+00
   1.4431781e+00
   1.4412297e+00
   1.4392840e+00
   1.4373411e+00
   1.4354009e+00
   1.4334634e+00
   1.4315286e+00
   1.4295965e+00
   1.4276671e+00
   1.4257404e+00
   1.4238164e+00
   1.4218951e+00
   1.4199764e+00
   1.4180604e+00
   1.4161471e+00
   1.4142365e+00
   1.4123286e+00
   1.4104233e+00
   1.4085206e+00
   1.4066206e+00
   1.4047233e+00
   1.4028286e+00
   1.4009366e+00
   1.3990471e+00
   1.3971604e+00
   1.3952762e+00
   1.3933947e+00
   1.3915158e+00
   1.3896395e+00
   1.3877659e+00
   1.3858948e+00
   1.3840264e+00
   1.3821605e+00
   1.3802973e+00
   1.3784366e+00
   1.3765786e+00
   1.3747231e+00
   1.3728702e+00
   1.3710199e+00
   1.3691722e+00
   1.3673270e+00
   1.3654844e+00
   1.3636444e+00
   1.3618069e+00
   1.3599720e+00
   1.3581397e+00
   1.3563099e+00
   1.3544826e+00
   1.3526579e+00
   1.3508357e+00
   1.3490161e+00
   1.3471989e+00
   1.3453844e+00
   1.3435723e+00
   1.3417627e+00
   1.3399557e+00
   1.3381512e+00
   1.3363492e+00
   1.3345497e+00
   1.3327527e+00
   1.3309582e+00
   1.3291661e+00
   1.3273766e+00
   1.3255896e+00
   1.3238050e+00
   1.3220229e+00
   1.3202433e+00
   1.3184662e+00
   1.3166915e+00
   1.3149193e+00
   1.3131496e+00
   1.3113823e+00
   1.3096175e+00
   1.3078551e+00
   1.3060951e+00
   1.3043376e+00
   1.3025826e+00
   1.3008300e+00
   1.2990798e+00
   1.2973320e+00
   1.2955867e+00
   1.2938438e+00
   1.2921033e+00
   1.2903652e+00
   1.2886295e+00
   1.2868962e+00
   1.2851653e+00
   1.2834369e+00
   1.2817108e+00
   1.2799871e+00
   1.2782658e+00
   1.2765469e+00
   1.2748304e+00
   1.2731163e+00
   1.2714045e+00
   1.2696951e+00
   1.2679880e+00
   1.2662834e+00
   1.2645811e+00
   1.2628811e+00
   1.2611835e+00
   1.2594883e+00
   1.2577954e+00
   1.2561048e+00
   1.2544166e+00
   1.2527307e+00
   1.2510472e+00
   1.2493660e+00
   1.2476871e+00
   1.2460105e+00
   1.2443363e+00
   1.2426643e+00
   1.2409947e+00
   1.2393274e+00
   1.2376624e+00
   1.2359997e+00
   1.2343393e+00
   1.2326812e+00
   1.2310254e+00
   1.2293718e+00
   1.2277206e+00
   1.2260717e+00
   1.2244250e+00
   1.2227806e+00
   1.2211384e+00
   1.2194986e+00
   1.2178610e+00
   1.2162257e+00
   1.2145926e+00
   1.2129618e+00
   1.2113332e+00
   1.2097069e+00
   1.2080828e+00
   1.2064610e+00
   1.2048414e+00
   1.2032241e+00
   1.2016089e+00
   1.1999961e+00
   1.1983854e+00
   1.1967770e+00
   1.1951707e+00
   1.1935667e+00
   1.1919649e+00
   1.1903654e+00
   1.1887680e+00
   1.1871728e+00
   1.1855799e+00
   1.1839891e+00
   1.1824005e+00
   1.1808141e+00
   1.1792299e+00
   1.1776479e+00
   1.1760681e+00
   1.1744904e+00
   1.1729150e+00
   1.1713417e+00
   1.1697705e+00
   1.1682015e+00
   1.1666347e+00
   1.1650701e+00
   1.1635076e+00
   1.1619473e+00
   1.1603891e+00
   1.1588330e+00
   1.1572791e+00
   1.1557274e+00
   1.1541777e+00
   1.1526302e+00
   1.1510849e+00
   1.1495417e+00
   1.1480006e+00
   1.1464616e+00
   1.1449247e+00
   1.1433900e+00
   1.1418573e+00
   1.1403268e+00
   1.1387984e+00
   1.1372721e+00
   1.1357478e+00
   1.1342257e+00
   1.1327057e+00
   1.1311878e+00
   1.1296719e+00
   1.1281582e+00
   1.1266465e+00
   1.1251369e+00
   1.1236294e+00
   1.1221239e+00
   1.1206205e+00
   1.1191192e+00
   1.1176200e+00
   1.1161228e+00
   1.1146277e+00
   1.1131346e+00
   1.1116436e+00
   1.1101546e+00
   1.1086677e+00
   1.1071828e+00
   1.1057000e+00
   1.1042192e+00
   1.1027404e+00
   1.1012637e+00
   1.0997890e+00
   1.0983163e+00
   1.0968456e+00
   1.0953770e+00
   1.0939104e+00
   1.0924458e+00
   1.0909832e+00
   1.0895226e+00
   1.0880640e+00
   1.0866074e+00
   1.0851528e+00
   1.0837002e+00
   1.0822497e+00
   1.0808011e+00
   1.0793544e+00
   1.0779098e+00
   1.0764672e+00
   1.0750265e+00
   1.0735878e+00
   1.0721511e+00
   1.0707164e+00
   1.0692836e+00
   1.0678528e+00
   1.0664239e+00
   1.0649970e+00
   1.0635721e+00
   1.0621491e+00
   1.0607281e+00
   1.0593090e+00
   1.0578919e+00
   1.0564767e+00
   1.0550635e+00
   1.0536521e+00
   1.0522428e+00
   1.0508353e+00
   1.0494298e+00
   1.0480262e+00
   1.0466245e+00
   1.0452248e+00
   1.0438270e+00
   1.0424311e+00
   1.0410370e+00
   1.0396450e+00
   1.0382548e+00
   1.0368665e+00
   1.0354801e+00
   1.0340956e+00
   1.0327130e+00
   1.0313323e+00
   1.0299535e+00
   1.0285766e+00
   1.0272016e+00
   1.0258284e+00
   1.0244572e+00
   1.0230878e+00
   1.0217203e+00
   1.0203546e+00
   1.0189908e+00
   1.0176289e+00
   1.0162689e+00
   1.0149107e+00
   1.0135544e+00
   1.0121999e+00
   1.0108473e+00
   1.0094965e+00
   1.0081476e+00
   1.0068005e+00
   1.0054553e+00
   1.0041119e+00
   1.0027703e+00
   1.0014306e+00
   1.0000927e+00
   9.9875663e-01
   9.9742239e-01
   9.9608998e-01
   9.9475939e-01
   9.9343061e-01
   9.9210365e-01
   9.9077851e-01
   9.8945518e-01
   9.8813365e-01
   9.8681393e-01
   9.8549601e-01
   9.8417990e-01
   9.8286558e-01
   9.8155306e-01
   9.8024233e-01
   9.7893339e-01
   9.7762623e-01
   9.7632087e-01
   9.7501728e-01
   9.7371548e-01
   9.7241545e-01
   9.7111720e-01
   9.6982072e-01
   9.6852601e-01
   9.6723307e-01
   9.6594189e-01
   9.6465248e-01
   9.6336482e-01
   9.6207892e-01
   9.6079478e-01
   9.5951239e-01
   9.5823175e-01
   9.5695286e-01
   9.5567571e-01
   9.5440030e-01
   9.5312664e-01
   9.5185471e-01
   9.5058451e-01
   9.4931605e-01
   9.4804932e-01
   9.4678432e-01
   9.4552104e-01
   9.4425948e-01
   9.4299965e-01
   9.4174153e-01
   9.4048512e-01
   9.3923043e-01
   9.3797745e-01
   9.3672618e-01
   9.3547662e-01
   9.3422875e-01
   9.3298259e-01
   9.3173813e-01
   9.3049536e-01
   9.2925428e-01
   9.2801490e-01
   9.2677721e-01
   9.2554120e-01
   9.2430687e-01
   9.2307423e-01
   9.2184326e-01
   9.2061398e-01
   9.1938636e-01
   9.1816042e-01
   9.1693615e-01
   9.1571355e-01
   9.1449261e-01
   9.1327333e-01
   9.1205571e-01
   9.1083975e-01
   9.0962545e-01
   9.0841280e-01
   9.0720180e-01
   9.0599244e-01
   9.0478474e-01
   9.0357868e-01
   9.0237426e-01
   9.0117147e-01
   8.9997033e-01
   8.9877082e-01
   8.9757294e-01
   8.9637669e-01
   8.9518207e-01
   8.9398907e-01
   8.9279770e-01
   8.9160795e-01
   8.9041981e-01
   8.8923329e-01
   8.8804839e-01
   8.8686510e-01
   8.8568341e-01
   8.8450334e-01
   8.8332486e-01
   8.8214799e-01
   8.8097272e-01
   8.7979905e-01
   8.7862697e-01
   8.7745649e-01
   8.7628760e-01
   8.7512029e-01
   8.7395457e-01
   8.7279044e-01
   8.7162789e-01
   8.7046692e-01
   8.6930753e-01
   8.6814971e-01
   8.6699346e-01
   8.6583879e-01
   8.6468568e-01
   8.6353414e-01
   8.6238417e-01
   8.6123575e-01
   8.6008890e-01
   8.5894361e-01
   8.5779987e-01
   8.5665768e-01
   8.5551704e-01
   8.5437796e-01
   8.5324042e-01
   8.5210442e-01
   8.5096997e-01
   8.4983705e-01
   8.4870568e-01
   8.4757584e-01
   8.4644753e-01
   8.4532076e-01
   8.4419552e-01
   8.4307180e-01
   8.4194960e-01
   8.4082894e-01
   8.3970979e-01
   8.3859216e-01
   8.3747604e-01
   8.3636144e-01
   8.3524835e-01
   8.3413678e-01
   8.3302671e-01
   8.3191814e-01
   8.3081108e-01
   8.2970552e-01
   8.2860146e-01
   8.2749890e-01
   8.2639784e-01
   8.2529826e-01
   8.2420018e-01
   8.2310359e-01
   8.2200848e-01
   8.2091486e-01
   8.1982272e-01
   8.1873206e-01
   8.1764288e-01
   8.1655518e-01
   8.1546895e-01
   8.1438419e-01
   8.1330090e-01
   8.1221908e-01
   8.1113873e-01
   8.1005984e-01
   8.0898241e-01
   8.0790645e-01
   8.0683194e-01
   8.0575889e-01
   8.0468729e-01
   8.0361714e-01
   8.0254844e-01
   8.0148119e-01
   8.0041538e-01
   7.9935102e-01
   7.9828810e-01
   7.9722662e-01
   7.9616658e-01
   7.9510797e-01
   7.9405080e-01
   7.9299506e-01
   7.9194074e-01
   7.9088786e-01
   7.8983640e-01
   7.8878636e-01
   7.8773775e-01
   7.8669055e-01
   7.8564477e-01
   7.8460041e-01
   7.8355746e-01
   7.8251592e-01
   7.8147579e-01
   7.8043707e-01
   7.7939976e-01
   7.7836385e-01
   7.7732934e-01
   7.7629623e-01
   7.7526452e-01
   7.7423420e-01
   7.7320528e-01
   7.7217775e-01
   7.7115161e-01
   7.7012685e-01
   7.6910349e-01
   7.6808150e-01
   7.6706090e-01
   7.6604168e-01
   7.6502384e-01
   7.6400738e-01
   7.6299229e-01
   7.6197857e-01
   7.6096622e-01
   7.5995524e-01
   7.5894563e-01
   7.5793738e-01
   7.5693050e-01
   7.5592497e-01
   7.5492081e-01
   7.5391800e-01
   7.5291655e-01
   7.5191645e-01
   7.5091770e-01
   7.4992031e-01
   7.4892426e-01
   7.4792956e-01
   7.4693620e-01
   7.4594418e-01
   7.4495350e-01
   7.4396416e-01
   7.4297616e-01
   7.4198949e-01
   7.4100416e-01
   7.4002016e-01
   7.3903748e-01
   7.3805614e-01
   7.3707611e-01
   7.3609742e-01
   7.3512004e-01
   7.3414398e-01
   7.3316924e-01
   7.3219582e-01
   7.3122371e-01
   7.3025292e-01
   7.2928343e-01
   7.2831526e-01
   7.2734839e-01
   7.2638282e-01
   7.2541856e-01
   7.2445560e-01
   7.2349395e-01
   7.2253358e-01
   7.2157452e-01
   7.2061675e-01
   7.1966027e-01
   7.1870508e-01
   7.1775118e-01
   7.1679857e-01
   7.1584725e-01
   7.1489720e-01
   7.1394844e-01
   7.1300096e-01
   7.1205476e-01
   7.1110983e-01
   7.1016618e-01
   7.0922380e-01
   7.0828270e-01
   7.0734286e-01
   7.0640429e-01
   7.0546698e-01
   7.0453094e-01
   7.0359616e-01
   7.0266264e-01
   7.0173038e-01
   7.0079938e-01
   6.9986964e-01
   6.9894114e-01
   6.9801390e-01
   6.9708791e-01
   6.9616316e-01
   6.9523967e-01
   6.9431742e-01
   6.9339641e-01
   6.9247664e-01
   6.9155811e-01
   6.9064082e-01
   6.8972477e-01
   6.8880995e-01
   6.8789636e-01
   6.8698401e-01
   6.8607288e-01
   6.8516298e-01
   6.8425431e-01
   6.8334686e-01
   6.8244063e-01
   6.8153563e-01
   6.8063184e-01
   6.7972928e-01
   6.7882792e-01
   6.7792778e-01
   6.7702886e-01
   6.7613114e-01
   6.7523464e-01
   6.7433934e-01
   6.7344524e-01
   6.7255235e-01
   6.7166067e-01
   6.7077018e-01
   6.6988089e-01
   6.6899280e-01
   6.6810591e-01
   6.6722021e-01
   6.6633570e-01
   6.6545238e-01
   6.6457025e-01
   6.6368931e-01
   6.6280956e-01
   6.6193099e-01
   6.6105360e-01
   6.6017739e-01
   6.5930236e-01
   6.5842851e-01
   6.5755584e-01
   6.5668434e-01
   6.5581401e-01
   6.5494485e-01
   6.5407687e-01
   6.5321005e-01
   6.5234439e-01
   6.5147990e-01
   6.5061658e-01
   6.4975441e-01
   6.4889341e-01
   6.4803356e-01
   6.4717487e-01
   6.4631734e-01
   6.4546096e-01
   6.4460573e-01
   6.4375165e-01
   6.4289872e-01
   6.4204693e-01
   6.4119629e-01
   6.4034680e-01
   6.3949845e-01
   6.3865123e-01
   6.3780516e-01
   6.3696022e-01
   6.3611643e-01
   6.3527376e-01
   6.3443223e-01
   6.3359183e-01
   6.3275256e-01
   6.3191441e-01
   6.3107739e-01
   6.3024150e-01
   6.2940673e-01
   6.2857309e-01
   6.2774056e-01
   6.2690915e-01
   6.2607886e-01
   6.2524969e-01
   6.2442163e-01
   6.2359468e-01
   6.2276884e-01
   6.2194412e-01
   6.2112050e-01
   6.2029799e-01
   6.1947658e-01
   6.1865627e-01
   6.1783707e-01
   6.1701897e-01
   6.1620197e-01
   6.1538606e-01
   6.1457125e-01
   6.1375753e-01
   6.1294491e-01
   6.1213338e-01
   6.1132294e-01
   6.1051358e-01
   6.0970532e-01
   6.0889814e-01
   6.0809204e-01
   6.0728702e-01
   6.0648309e-01
   6.0568023e-01
   6.0487846e-01
   6.0407776e-01
   6.0327813e-01
   6.0247958e-01
   6.0168210e-01
   6.0088569e-01
   6.0009034e-01
   5.9929607e-01
   5.9850286e-01
   5.9771072e-01
   5.9691964e-01
   5.9612962e-01
   5.9534066e-01
   5.9455276e-01
   5.9376592e-01
   5.9298013e-01
   5.9219540e-01
   5.9141172e-01
   5.9062909e-01
   5.8984751e-01
   5.8906698e-01
   5.8828750e-01
   5.8750906e-01
   5.8673167e-01
   5.8595532e-01
   5.8518001e-01
   5.8440574e-01
   5.8363251e-01
   5.8286032e-01
   5.8208916e-01
   5.8131904e-01
   5.8054994e-01
   5.7978188e-01
   5.7901486e-01
   5.7824885e-01
   5.7748388e-01
   5.7671993e-01
   5.7595701e-01
   5.7519511e-01
   5.7443423e-01
   5.7367437e-01
   5.7291552e-01
   5.7215770e-01
   5.7140089e-01
   5.7064510e-01
   5.6989032e-01
   5.6913655e-01
   5.6838379e-01
   5.6763204e-01
   5.6688130e-01
   5.6613156e-01
   5.6538283e-01
   5.6463510e-01
   5.6388838e-01
   5.6314265e-01
   5.6239792e-01
   5.6165419e-01
   5.6091146e-01
   5.6016973e-01
   5.5942898e-01
   5.5868923e-01
   5.5795047e-01
   5.5721270e-01
   5.5647592e-01
   5.5574012e-01
   5.5500532e-01
   5.5427149e-01
   5.5353865e-01
   5.5280679e-01
   5.5207591e-01
   5.5134600e-01
   5.5061708e-01
   5.4988913e-01
   5.4916216e-01
   5.4843616e-01
   5.4771113e-01
   5.4698707e-01
   5.4626399e-01
   5.4554187e-01
   5.4482072e-01
   5.4410053e-01
   5.4338131e-01
   5.4266305e-01
   5.4194575e-01
   5.4122941e-01
   5.4051403e-01
   5.3979961e-01
   5.3908614e-01
   5.3837363e-01
   5.3766208e-01
   5.3695147e-01
   5.3624182e-01
   5.3553311e-01
   5.3482536e-01
   5.3411855e-01
   5.3341269e-01
   5.3270777e-01
   5.3200380e-01
   5.3130076e-01
   5.3059867e-01
   5.2989752e-01
   5.2919730e-01
   5.2849803e-01
   5.2779968e-01
   5.2710228e-01
   5.2640580e-01
   5.2571026e-01
   5.2501565e-01
   5.2432196e-01
   5.2362921e-01
   5.2293738e-01
   5.2224647e-01
   5.2155649e-01
   5.2086744e-01
   5.2017930e-01
   5.1949209e-01
   5.1880579e-01
   5.1812041e-01
   5.1743595e-01
   5.1675240e-01
   5.1606977e-01
   5.1538805e-01
   5.1470724e-01
   5.1402734e-01
   5.1334835e-01
   5.1267027e-01
   5.1199310e-01
   5.1131683e-01
   5.1064146e-01
   5.0996700e-01
   5.0929344e-01
   5.0862078e-01
   5.0794901e-01
   5.0727815e-01
   5.0660818e-01
   5.0593911e-01
   5.0527093e-01
   5.0460365e-01
   5.0393726e-01
   5.0327175e-01
   5.0260714e-01
   5.0194342e-01
   5.0128058e-01
   5.0061862e-01
   4.9995756e-01
   4.9929737e-01
   4.9863807e-01
   4.9797965e-01
   4.9732211e-01
   4.9666544e-01
   4.9600966e-01
   4.9535475e-01
   4.9470071e-01
   4.9404755e-01
   4.9339526e-01
   4.9274384e-01
   4.9209329e-01
   4.9144361e-01
   4.9079480e-01
   4.9014686e-01
   4.8949978e-01
   4.8885356e-01
   4.8820821e-01
   4.8756372e-01
   4.8692009e-01
   4.8627732e-01
   4.8563541e-01
   4.8499435e-01
   4.8435415e-01
   4.8371481e-01
   4.8307632e-01
   4.8243868e-01
   4.8180189e-01
   4.8116596e-01
   4.8053087e-01
   4.7989663e-01
   4.7926324e-01
   4.7863069e-01
   4.7799899e-01
   4.7736813e-01
   4.7673811e-01
   4.7610893e-01
   4.7548059e-01
   4.7485309e-01
   4.7422643e-01
   4.7360061e-01
   4.7297562e-01
   4.7235146e-01
   4.7172814e-01
   4.7110565e-01
   4.7048399e-01
   4.6986316e-01
   4.6924315e-01
   4.6862398e-01
   4.6800563e-01
   4.6738810e-01
   4.6677140e-01
   4.6615553e-01
   4.6554047e-01
   4.6492623e-01
   4.6431282e-01
   4.6370022e-01
   4.6308844e-01
   4.6247748e-01
   4.6186733e-01
   4.6125799e-01
   4.6064947e-01
   4.6004176e-01
   4.5943485e-01
   4.5882876e-01
   4.5822348e-01
   4.5761900e-01
   4.5701533e-01
   4.5641247e-01
   4.5581041e-01
   4.5520915e-01
   4.5460869e-01
   4.5400904e-01
   4.5341018e-01
   4.5281213e-01
   4.5221487e-01
   4.5161840e-01
   4.5102273e-01
   4.5042786e-01
   4.4983378e-01
   4.4924049e-01
   4.4864799e-01
   4.4805628e-01
   4.4746536e-01
   4.4687523e-01
   4.4628588e-01
   4.4569732e-01
   4.4510955e-01
   4.4452255e-01
   4.4393634e-01
   4.4335091e-01
   4.4276627e-01
   4.4218240e-01
   4.4159930e-01
   4.4101699e-01
   4.4043545e-01
   4.3985469e-01
   4.3927470e-01
   4.3869548e-01
   4.3811704e-01
   4.3753936e-01
   4.3696246e-01
   4.3638632e-01
   4.3581096e-01
   4.3523635e-01
   4.3466252e-01
   4.3408945e-01
   4.3351714e-01
   4.3294559e-01
   4.3237481e-01
   4.3180478e-01
   4.3123552e-01
   4.3066701e-01
   4.3009926e-01
   4.2953227e-01
   4.2896603e-01
   4.2840055e-01
   4.2783582e-01
   4.2727184e-01
   4.2670861e-01
   4.2614613e-01
   4.2558440e-01
   4.2502342e-01
   4.2446319e-01
   4.2390370e-01
   4.2334496e-01
   4.2278696e-01
   4.2222971e-01
   4.2167319e-01
   4.2111742e-01
   4.2056239e-01
   4.2000809e-01
   4.1945454e-01
   4.1890172e-01
   4.1834963e-01
   4.1779829e-01
   4.1724767e-01
   4.1669779e-01
   4.1614864e-01
   4.1560022e-01
   4.1505254e-01
   4.1450558e-01
   4.1395935e-01
   4.1341384e-01
   4.1286906e-01
   4.1232501e-01
   4.1178168e-01
   4.1123908e-01
   4.1069719e-01
   4.1015603e-01
   4.0961559e-01
   4.0907586e-01
   4.0853686e-01
   4.0799857e-01
   4.0746100e-01
   4.0692414e-01
   4.0638800e-01
   4.0585257e-01
   4.0531785e-01
   4.0478385e-01
   4.0425055e-01
   4.0371797e-01
   4.0318609e-01
   4.0265492e-01
   4.0212446e-01
   4.0159470e-01
   4.0106565e-01
   4.0053730e-01
   4.0000966e-01
   3.9948271e-01
   3.9895647e-01
   3.9843093e-01
   3.9790608e-01
   3.9738194e-01
   3.9685849e-01
   3.9633574e-01
   3.9581368e-01
   3.9529232e-01
   3.9477165e-01
   3.9425167e-01
   3.9373238e-01
   3.9321379e-01
   3.9269588e-01
   3.9217866e-01
   3.9166213e-01
   3.9114629e-01
   3.9063113e-01
   3.9011666e-01
   3.8960287e-01
   3.8908977e-01
   3.8857735e-01
   3.8806560e-01
   3.8755454e-01
   3.8704416e-01
   3.8653446e-01
   3.8602543e-01
   3.8551708e-01
   3.8500941e-01
   3.8450241e-01
   3.8399609e-01
   3.8349043e-01
   3.8298545e-01
   3.8248115e-01
   3.8197751e-01
   3.8147454e-01
   3.8097224e-01
   3.8047060e-01
   3.7996964e-01
   3.7946934e-01
   3.7896970e-01
   3.7847073e-01
   3.7797242e-01
   3.7747477e-01
   3.7697779e-01
   3.7648146e-01
   3.7598580e-01
   3.7549079e-01
   3.7499644e-01
   3.7450275e-01
   3.7400971e-01
   3.7351733e-01
   3.7302560e-01
   3.7253453e-01
   3.7204411e-01
   3.7155434e-01
   3.7106522e-01
   3.7057675e-01
   3.7008893e-01
   3.6960175e-01
   3.6911523e-01
   3.6862935e-01
   3.6814411e-01
   3.6765952e-01
   3.6717558e-01
   3.6669227e-01
   3.6620961e-01
   3.6572759e-01
   3.6524621e-01
   3.6476547e-01
   3.6428537e-01
   3.6380590e-01
   3.6332707e-01
   3.6284888e-01
   3.6237132e-01
   3.6189440e-01
   3.6141811e-01
   3.6094245e-01
   3.6046743e-01
   3.5999303e-01
   3.5951926e-01
   3.5904613e-01
   3.5857362e-01
   3.5810174e-01
   3.5763048e-01
   3.5715985e-01
   3.5668985e-01
   3.5622047e-01
   3.5575171e-01
   3.5528358e-01
   3.5481606e-01
   3.5434917e-01
   3.5388290e-01
   3.5341724e-01
   3.5295220e-01
   3.5248779e-01
   3.5202398e-01
   3.5156079e-01
   3.5109822e-01
   3.5063626e-01
   3.5017492e-01
   3.4971419e-01
   3.4925406e-01
   3.4879455e-01
   3.4833565e-01
   3.4787736e-01
   3.4741967e-01
   3.4696260e-01
   3.4650613e-01
   3.4605026e-01
   3.4559500e-01
   3.4514035e-01
   3.4468629e-01
   3.4423284e-01
   3.4377999e-01
   3.4332775e-01
   3.4287610e-01
   3.4242505e-01
   3.4197460e-01
   3.4152475e-01
   3.4107549e-01
   3.4062683e-01
   3.4017877e-01
   3.3973130e-01
   3.3928442e-01
   3.3883814e-01
   3.3839244e-01
   3.3794734e-01
   3.3750283e-01
   3.3705891e-01
   3.3661558e-01
   3.3617283e-01
   3.3573068e-01
   3.3528911e-01
   3.3484812e-01
   3.3440772e-01
   3.3396791e-01
   3.3352867e-01
   3.3309002e-01
   3.3265195e-01
   3.3221447e-01
   3.3177756e-01
   3.3134123e-01
   3.3090548e-01
   3.3047031e-01
   3.3003571e-01
   3.2960169e-01
   3.2916825e-01
   3.2873538e-01
   3.2830309e-01
   3.2787137e-01
   3.2744022e-01
   3.2700964e-01
   3.2657963e-01
   3.2615019e-01
   3.2572133e-01
   3.2529303e-01
   3.2486530e-01
   3.2443813e-01
   3.2401153e-01
   3.2358550e-01
   3.2316003e-01
   3.2273513e-01
   3.2231079e-01
   3.2188701e-01
   3.2146379e-01
   3.2104114e-01
   3.2061904e-01
   3.2019751e-01
   3.1977653e-01
   3.1935611e-01
   3.1893625e-01
   3.1851694e-01
   3.1809819e-01
   3.1768000e-01
   3.1726235e-01
   3.1684527e-01
   3.1642873e-01
   3.1601275e-01
   3.1559732e-01
   3.1518243e-01
   3.1476810e-01
   3.1435432e-01
   3.1394109e-01
   3.1352840e-01
   3.1311626e-01
   3.1270466e-01
   3.1229361e-01
   3.1188311e-01
   3.1147315e-01
   3.1106373e-01
   3.1065486e-01
   3.1024652e-01
   3.0983873e-01
   3.0943148e-01
   3.0902477e-01
   3.0861859e-01
   3.0821295e-01
   3.0780786e-01
   3.0740329e-01
   3.0699927e-01
   3.0659578e-01
   3.0619282e-01
   3.0579040e-01
   3.0538851e-01
   3.0498715e-01
   3.0458632e-01
   3.0418603e-01
   3.0378626e-01
   3.0338702e-01
   3.0298832e-01
   3.0259014e-01
   3.0219248e-01
   3.0179536e-01
   3.0139876e-01
   3.0100268e-01
   3.0060713e-01
   3.0021211e-01
   2.9981760e-01
   2.9942362e-01
   2.9903016e-01
   2.9863723e-01
   2.9824481e-01
   2.9785291e-01
   2.9746153e-01
   2.9707067e-01
   2.9668032e-01
   2.9629050e-01
   2.9590119e-01
   2.9551239e-01
   2.9512411e-01
   2.9473634e-01
   2.9434909e-01
   2.9396235e-01
   2.9357612e-01
   2.9319040e-01
   2.9280519e-01
   2.9242049e-01
   2.9203630e-01
   2.9165262e-01
   2.9126945e-01
   2.9088679e-01
   2.9050463e-01
   2.9012297e-01
   2.8974183e-01
   2.8936118e-01
   2.8898104e-01
   2.8860141e-01
   2.8822227e-01
   2.8784364e-01
   2.8746551e-01
   2.8708788e-01
   2.8671075e-01
   2.8633412e-01
   2.8595798e-01
   2.8558235e-01
   2.8520721e-01
   2.8483256e-01
   2.8445842e-01
   2.8408476e-01
   2.8371161e-01
   2.8333894e-01
   2.8296677e-01
   2.8259509e-01
   2.8222391e-01
   2.8185321e-01
   2.8148301e-01
   2.8111329e-01
   2.8074406e-01
   2.8037533e-01
   2.8000708e-01
   2.7963931e-01
   2.7927204e-01
   2.7890525e-01
   2.7853894e-01
   2.7817312e-01
   2.7780778e-01
   2.7744293e-01
   2.7707856e-01
   2.7671467e-01
   2.7635126e-01
   2.7598833e-01
   2.7562588e-01
   2.7526392e-01
   2.7490243e-01
   2.7454142e-01
   2.7418088e-01
   2.7382082e-01
   2.7346124e-01
   2.7310214e-01
   2.7274351e-01
   2.7238535e-01
   2.7202767e-01
   2.7167046e-01
   2.7131372e-01
   2.7095746e-01
   2.7060166e-01
   2.7024634e-01
   2.6989148e-01
   2.6953710e-01
   2.6918318e-01
   2.6882973e-01
   2.6847675e-01
   2.6812424e-01
   2.6777219e-01
   2.6742061e-01
   2.6706949e-01
   2.6671883e-01
   2.6636864e-01
   2.6601892e-01
   2.6566965e-01
   2.6532085e-01
   2.6497251e-01
   2.6462462e-01
   2.6427720e-01
   2.6393024e-01
   2.6358374e-01
   2.6323769e-01
   2.6289210e-01
   2.6254697e-01
   2.6220229e-01
   2.6185807e-01
   2.6151431e-01
   2.6117100e-01
   2.6082814e-01
   2.6048574e-01
   2.6014378e-01
   2.5980228e-01
   2.5946124e-01
   2.5912064e-01
   2.5878049e-01
   2.5844079e-01
   2.5810155e-01
   2.5776274e-01
   2.5742439e-01
   2.5708649e-01
   2.5674903e-01
   2.5641201e-01
   2.5607545e-01
   2.5573932e-01
   2.5540364e-01
   2.5506841e-01
   2.5473361e-01
   2.5439926e-01
   2.5406536e-01
   2.5373189e-01
   2.5339886e-01
   2.5306627e-01
   2.5273413e-01
   2.5240242e-01
   2.5207115e-01
   2.5174032e-01
   2.5140992e-01
   2.5107996e-01
   2.5075044e-01
   2.5042135e-01
   2.5009270e-01
   2.4976448e-01
   2.4943669e-01
   2.4910934e-01
   2.4878242e-01
   2.4845593e-01
   2.4812987e-01
   2.4780425e-01
   2.4747905e-01
   2.4715428e-01
   2.4682995e-01
   2.4650604e-01
   2.4618256e-01
   2.4585950e-01
   2.4553687e-01
   2.4521467e-01
   2.4489290e-01
   2.4457155e-01
   2.4425062e-01
   2.4393012e-01
   2.4361004e-01
   2.4329038e-01
   2.4297114e-01
   2.4265233e-01
   2.4233394e-01
   2.4201597e-01
   2.4169842e-01
   2.4138128e-01
   2.4106457e-01
   2.4074827e-01
   2.4043240e-01
   2.4011693e-01
   2.3980189e-01
   2.3948726e-01
   2.3917305e-01
   2.3885925e-01
   2.3854587e-01
   2.3823290e-01
   2.3792034e-01
   2.3760820e-01
   2.3729646e-01
   2.3698514e-01
   2.3667423e-01
   2.3636373e-01
   2.3605364e-01
   2.3574396e-01
   2.3543469e-01
   2.3512583e-01
   2.3481738e-01
   2.3450933e-01
   2.3420169e-01
   2.3389445e-01
   2.3358762e-01
   2.3328120e-01
   2.3297518e-01
   2.3266956e-01
   2.3236435e-01
   2.3205954e-01
   2.3175513e-01
   2.3145112e-01
   2.3114752e-01
   2.3084431e-01
   2.3054151e-01
   2.3023911e-01
   2.2993710e-01
   2.2963549e-01
   2.2933429e-01
   2.2903347e-01
   2.2873306e-01
   2.2843304e-01
   2.2813342e-01
   2.2783419e-01
   2.2753536e-01
   2.2723693e-01
   2.2693888e-01
   2.2664123e-01
   2.2634397e-01
   2.2604711e-01
   2.2575064e-01
   2.2545455e-01
   2.2515886e-01
   2.2486356e-01
   2.2456865e-01
   2.2427413e-01
   2.2397999e-01
   2.2368625e-01
   2.2339289e-01
   2.2309992e-01
   2.2280733e-01
   2.2251513e-01
   2.2222332e-01
   2.2193189e-01
   2.2164085e-01
   2.2135019e-01
   2.2105991e-01
   2.2077002e-01
   2.2048050e-01
   2.2019138e-01
   2.1990263e-01
   2.1961426e-01
   2.1932627e-01
   2.1903867e-01
   2.1875144e-01
   2.1846459e-01
   2.1817812e-01
   2.1789203e-01
   2.1760631e-01
   2.1732097e-01
   2.1703601e-01
   2.1675143e-01
   2.1646722e-01
   2.1618338e-01
   2.1589992e-01
   2.1561683e-01
   2.1533412e-01
   2.1505178e-01
   2.1476981e-01
   2.1448821e-01
   2.1420698e-01
   2.1392613e-01
   2.1364564e-01
   2.1336553e-01
   2.1308578e-01
   2.1280641e-01
   2.1252740e-01
   2.1224876e-01
   2.1197048e-01
   2.1169258e-01
   2.1141504e-01
