   9.8882561e-02
   9.8737143e-02
   9.8591940e-02
   9.8446953e-02
   9.8302181e-02
   9.8157624e-02
   9.8013281e-02
   9.7869152e-02
   9.7725236e-02
   9.7581534e-02
   9.7438045e-02
   9.7294769e-02
   9.7151706e-02
   9.7008854e-02
   9.6866215e-02
   9.6723787e-02
   9.6581570e-02
   9.6439564e-02
   9.6297768e-02
   9.6156183e-02
   9.6014808e-02
   9.5873642e-02
   9.5732686e-02
   9.5591939e-02
   9.5451400e-02
   9.5311070e-02
   9.5170948e-02
   9.5031034e-02
   9.4891327e-02
   9.4751828e-02
   9.4612535e-02
   9.4473449e-02
   9.4334569e-02
   9.4195895e-02
   9.4057427e-02
   9.3919164e-02
   9.3781107e-02
   9.3643253e-02
   9.3505605e-02
   9.3368160e-02
   9.3230920e-02
   9.3093883e-02
   9.2957049e-02
   9.2820418e-02
   9.2683989e-02
   9.2547763e-02
   9.2411739e-02
   9.2275917e-02
   9.2140296e-02
   9.2004877e-02
   9.1869658e-02
   9.1734640e-02
   9.1599822e-02
   9.1465204e-02
   9.1330785e-02
   9.1196566e-02
   9.1062546e-02
   9.0928725e-02
   9.0795102e-02
   9.0661678e-02
   9.0528451e-02
   9.0395422e-02
   9.0262590e-02
   9.0129956e-02
   8.9997518e-02
   8.9865276e-02
   8.9733231e-02
   8.9601381e-02
   8.9469727e-02
   8.9338268e-02
   8.9207004e-02
   8.9075935e-02
   8.8945061e-02
   8.8814380e-02
   8.8683894e-02
   8.8553600e-02
   8.8423501e-02
   8.8293594e-02
   8.8163879e-02
   8.8034358e-02
   8.7905028e-02
   8.7775890e-02
   8.7646944e-02
   8.7518189e-02
   8.7389625e-02
   8.7261251e-02
   8.7133068e-02
   8.7005076e-02
   8.6877273e-02
   8.6749659e-02
   8.6622235e-02
   8.6495000e-02
   8.6367954e-02
   8.6241096e-02
   8.6114427e-02
   8.5987945e-02
   8.5861651e-02
   8.5735544e-02
   8.5609624e-02
   8.5483892e-02
   8.5358345e-02
   8.5234120e-02
   9.6694106e-02
   1.0766367e-01
   1.1814220e-01
   1.2813626e-01
   1.3765815e-01
   1.4672390e-01
   1.5535176e-01
   1.6356139e-01
   1.7137304e-01
   1.7880714e-01
   1.8588436e-01
   1.9262549e-01
   1.9905155e-01
   2.0518454e-01
   2.1104780e-01
   2.1666725e-01
   2.2207256e-01
   2.2729946e-01
   2.3239202e-01
   2.3740725e-01
   2.4242073e-01
   2.4753685e-01
   2.5290434e-01
   2.5874437e-01
   2.6540273e-01
   2.7345320e-01
   2.8391825e-01
   2.9878594e-01
   3.2233064e-01
   3.6483152e-01
   4.5508665e-01
   6.6523190e-01
   8.4866119e-01
   9.9089092e-01
   1.2117268e+00
   1.4954617e+00
   1.8007962e+00
   2.1054504e+00
   2.3996697e+00
   2.6788729e+00
   2.9405287e+00
   3.1830703e+00
   3.4055382e+00
   3.6074389e+00
   3.7886681e+00
   3.9494509e+00
   4.0902803e+00
   4.2118645e+00
   4.3150752e+00
   4.4009002e+00
   4.4379787e+00
   4.4448053e+00
   4.4274085e+00
   4.3907739e+00
   4.3390050e+00
   4.2754773e+00
   4.2029539e+00
   4.1236959e+00
   4.0395465e+00
   3.9520065e+00
   3.8622937e+00
   3.7713920e+00
   3.6800966e+00
   3.5890430e+00
   3.4987375e+00
   3.4095819e+00
   3.3218890e+00
   3.2359009e+00
   3.1517997e+00
   3.0697209e+00
   2.9897596e+00
   2.9119791e+00
   2.8364165e+00
   2.7630879e+00
   2.6919918e+00
   2.6231138e+00
   2.5564287e+00
   2.4919019e+00
   2.4294920e+00
   2.3691530e+00
   2.3108353e+00
   2.2544861e+00
   2.2000510e+00
   2.1474746e+00
   2.0967008e+00
   2.0476732e+00
   2.0003359e+00
   1.9546340e+00
   1.9105125e+00
   1.8679183e+00
   1.8267993e+00
   1.7871042e+00
   1.7487834e+00
   1.7117889e+00
   1.6760740e+00
   1.6415938e+00
   1.6083041e+00
   1.5761627e+00
   1.5451291e+00
   1.5151640e+00
   1.4862291e+00
   1.4582879e+00
   1.4313049e+00
   1.4052465e+00
   1.3800799e+00
   1.3557735e+00
   1.3322974e+00
   1.3096219e+00
   1.2877193e+00
   1.2665621e+00
   1.2461246e+00
   1.2263818e+00
   1.2073102e+00
   1.1888859e+00
   1.1710868e+00
   1.1538916e+00
   1.1372792e+00
   1.1212300e+00
   1.1057248e+00
   1.0907455e+00
   1.0762740e+00
   1.0622931e+00
   1.0487866e+00
   1.0357386e+00
   1.0231337e+00
   1.0109570e+00
   9.9919452e-01
   9.8783247e-01
   9.7685782e-01
   9.6625776e-01
   9.5601969e-01
   9.4613227e-01
   9.3658453e-01
   9.2736468e-01
   9.1846146e-01
   9.0986592e-01
   9.0156681e-01
   8.9355521e-01
   8.8582255e-01
   8.7835936e-01
   8.7115682e-01
   8.6420688e-01
   8.5750140e-01
   8.5103161e-01
   8.4479146e-01
   8.3877288e-01
   8.3296875e-01
   8.2737304e-01
   8.2197926e-01
   8.1678077e-01
   8.1177136e-01
   8.0694404e-01
   8.0229458e-01
   7.9781730e-01
   7.9350595e-01
   7.8935629e-01
   7.8536230e-01
   7.8151931e-01
   7.7782375e-01
   7.7426947e-01
   7.7085396e-01
   7.6757144e-01
   7.6441780e-01
   7.6139006e-01
   7.5848349e-01
   7.5569483e-01
   7.5302078e-01
   7.5045737e-01
   7.4800032e-01
   7.4564701e-01
   7.4339448e-01
   7.4123954e-01
   7.3917922e-01
   7.3721068e-01
   7.3533134e-01
   7.3353840e-01
   7.3182938e-01
   7.3020174e-01
   7.2865182e-01
   7.2717839e-01
   7.2577922e-01
   7.2445147e-01
   7.2319324e-01
   7.2200252e-01
   7.2087733e-01
   7.1981555e-01
   7.1881564e-01
   7.1787561e-01
   7.1699313e-01
   7.1616684e-01
   7.1539442e-01
   7.1467515e-01
   7.1400673e-01
   7.1338842e-01
   7.1281798e-01
   7.1229476e-01
   7.1181656e-01
   7.1138195e-01
   7.1099046e-01
   7.1064008e-01
   7.1033014e-01
   7.1005897e-01
   7.0982566e-01
   7.0962961e-01
   7.0946880e-01
   7.0934291e-01
   7.0925078e-01
   7.0919160e-01
   7.0916412e-01
   7.0916772e-01
   7.0920132e-01
   7.0926400e-01
   7.0935500e-01
   7.0947313e-01
   7.0961810e-01
   7.0978912e-01
   7.0998579e-01
   7.1020683e-01
   7.1045167e-01
   7.1072012e-01
   7.1101125e-01
   7.1132430e-01
   7.1165849e-01
   7.1201387e-01
   7.1238986e-01
   7.1278537e-01
   7.1320049e-01
   7.1363460e-01
   7.1408724e-01
   7.1455767e-01
   7.1504518e-01
   7.1555025e-01
   7.1607220e-01
   7.1661048e-01
   7.1716441e-01
   7.1773390e-01
   7.1831851e-01
   7.1891824e-01
   7.1953244e-01
   7.2016111e-01
   7.2080393e-01
   7.2146061e-01
   7.2213090e-01
   7.2281455e-01
   7.2351129e-01
   7.2422089e-01
   7.2494316e-01
   7.2567797e-01
   7.2642512e-01
   7.2718444e-01
   7.2795574e-01
   7.2873886e-01
   7.2953363e-01
   7.3033992e-01
   7.3115760e-01
   7.3198655e-01
   7.3282665e-01
   7.3367781e-01
   7.3453992e-01
   7.3541290e-01
   7.3629667e-01
   7.3719115e-01
   7.3809627e-01
   7.3901198e-01
   7.3993821e-01
   7.4087492e-01
   7.4182206e-01
   7.4277960e-01
   7.4374749e-01
   7.4472570e-01
   7.4571420e-01
   7.4671296e-01
   7.4772197e-01
   7.4874119e-01
   7.4977060e-01
   7.5081018e-01
   7.5185991e-01
   7.5291975e-01
   7.5398970e-01
   7.5506971e-01
   7.5615975e-01
   7.5725980e-01
   7.5836980e-01
   7.5948973e-01
   7.6061952e-01
   7.6175912e-01
   7.6290847e-01
   7.6406749e-01
   7.6523612e-01
   7.6641425e-01
   7.6760181e-01
   7.6879868e-01
   7.7000475e-01
   7.7121990e-01
   7.7244399e-01
   7.7367688e-01
   7.7491843e-01
   7.7616847e-01
   7.7742682e-01
   7.7869331e-01
   7.7996775e-01
   7.8124993e-01
   7.8253966e-01
   7.8383670e-01
   7.8514085e-01
   7.8645187e-01
   7.8776951e-01
   7.8909355e-01
   7.9042372e-01
   7.9175978e-01
   7.9310146e-01
   7.9444850e-01
   7.9580065e-01
   7.9715762e-01
   7.9851915e-01
   7.9988497e-01
   8.0125481e-01
   8.0262839e-01
   8.0400545e-01
   8.0538572e-01
   8.0676893e-01
   8.0815481e-01
   8.0954310e-01
   8.1093353e-01
   8.1232587e-01
   8.1371984e-01
   8.1511520e-01
   8.1651171e-01
   8.1790913e-01
   8.1930723e-01
   8.2070577e-01
   8.2210453e-01
   8.2350329e-01
   8.2490185e-01
   8.2630000e-01
   8.2769753e-01
   8.2909425e-01
   8.3048998e-01
   8.3188453e-01
   8.3327773e-01
   8.3466941e-01
   8.3605940e-01
   8.3744755e-01
   8.3883371e-01
   8.4021773e-01
   8.4159948e-01
   8.4297881e-01
   8.4435561e-01
   8.4572976e-01
   8.4710112e-01
   8.4846961e-01
   8.4983510e-01
   8.5119751e-01
   8.5255674e-01
   8.5391269e-01
   8.5526529e-01
   8.5661445e-01
   8.5796009e-01
   8.5930216e-01
   8.6064058e-01
   8.6197528e-01
   8.6330622e-01
   8.6463333e-01
   8.6595657e-01
   8.6727589e-01
   8.6859125e-01
   8.6990261e-01
   8.7120993e-01
   8.7251317e-01
   8.7381232e-01
   8.7510733e-01
   8.7639820e-01
   8.7768489e-01
   8.7896739e-01
   8.8024568e-01
   8.8151975e-01
   8.8278959e-01
   8.8405518e-01
   8.8531652e-01
   8.8657361e-01
   8.8782643e-01
   8.8907500e-01
   8.9031931e-01
   8.9155936e-01
   8.9279516e-01
   8.9402671e-01
   8.9525402e-01
   8.9647709e-01
   8.9769594e-01
   8.9891058e-01
   9.0012101e-01
   9.0132725e-01
   9.0252932e-01
   9.0372722e-01
   9.0492098e-01
   9.0611062e-01
   9.0729614e-01
   9.0847757e-01
   9.0965492e-01
   9.1082823e-01
   9.1199750e-01
   9.1316275e-01
   9.1432402e-01
   9.1548132e-01
   9.1663468e-01
   9.1778411e-01
   9.1892964e-01
   9.2007130e-01
   9.2120911e-01
   9.2234310e-01
   9.2347329e-01
   9.2459970e-01
   9.2572236e-01
   9.2684130e-01
   9.2795654e-01
   9.2906812e-01
   9.3017605e-01
   9.3128036e-01
   9.3238109e-01
   9.3347825e-01
   9.3457188e-01
   9.3566200e-01
   9.3674864e-01
   9.3783182e-01
   9.3891159e-01
   9.3998795e-01
   9.4106094e-01
   9.4213059e-01
   9.4319693e-01
   9.4425998e-01
   9.4531977e-01
   9.4637633e-01
   9.4742969e-01
   9.4847987e-01
   9.4952690e-01
   9.5057081e-01
   9.5161163e-01
   9.5264938e-01
   9.5368409e-01
   9.5471579e-01
   9.5574451e-01
   9.5677027e-01
   9.5779310e-01
   9.5881303e-01
   9.5983008e-01
   9.6084428e-01
   9.6185567e-01
   9.6286425e-01
   9.6387006e-01
   9.6487314e-01
   9.6587349e-01
   9.6687116e-01
   9.6786615e-01
   9.6885851e-01
   9.6984826e-01
   9.7083542e-01
   9.7182001e-01
   9.7280207e-01
   9.7378162e-01
   9.7475868e-01
   9.7573327e-01
   9.7670543e-01
   9.7767518e-01
   9.7864254e-01
   9.7960753e-01
   9.8057018e-01
   9.8153052e-01
   9.8248856e-01
   9.8344434e-01
   9.8439787e-01
   9.8534918e-01
   9.8629828e-01
   9.8724522e-01
   9.8819000e-01
   9.8913264e-01
   9.9007319e-01
   9.9101164e-01
   9.9194803e-01
   9.9288239e-01
   9.9381472e-01
   9.9474505e-01
   9.9567341e-01
   9.9659981e-01
   9.9752429e-01
   9.9844684e-01
   9.9936751e-01
   1.0002863e+00
   1.0012033e+00
   1.0021184e+00
   1.0030317e+00
   1.0039432e+00
   1.0048530e+00
   1.0057610e+00
   1.0066672e+00
   1.0075718e+00
   1.0084747e+00
   1.0093759e+00
   1.0102754e+00
   1.0111733e+00
   1.0120696e+00
   1.0129644e+00
   1.0138575e+00
   1.0147491e+00
   1.0156391e+00
   1.0165276e+00
   1.0174146e+00
   1.0183001e+00
   1.0191842e+00
   1.0200667e+00
   1.0209479e+00
   1.0218276e+00
   1.0227060e+00
   1.0235829e+00
   1.0244585e+00
   1.0253328e+00
   1.0262057e+00
   1.0270772e+00
   1.0279475e+00
   1.0288165e+00
   1.0296843e+00
   1.0305507e+00
   1.0314160e+00
   1.0322800e+00
   1.0331428e+00
   1.0340044e+00
   1.0348648e+00
   1.0357241e+00
   1.0365822e+00
   1.0374392e+00
   1.0382950e+00
   1.0391498e+00
   1.0400034e+00
   1.0408560e+00
   1.0417076e+00
   1.0425580e+00
   1.0434075e+00
   1.0442559e+00
   1.0451033e+00
   1.0459497e+00
   1.0467952e+00
   1.0476396e+00
   1.0484831e+00
   1.0493257e+00
   1.0501673e+00
   1.0510081e+00
   1.0518479e+00
   1.0526868e+00
   1.0535249e+00
   1.0543620e+00
   1.0551984e+00
   1.0560338e+00
   1.0568685e+00
   1.0577023e+00
   1.0585353e+00
   1.0593676e+00
   1.0601990e+00
   1.0610297e+00
   1.0618596e+00
   1.0626887e+00
   1.0635171e+00
   1.0643448e+00
   1.0651718e+00
   1.0659980e+00
   1.0668236e+00
   1.0676484e+00
   1.0684726e+00
   1.0692962e+00
   1.0701190e+00
   1.0709413e+00
   1.0717629e+00
   1.0725838e+00
   1.0734042e+00
   1.0742239e+00
   1.0750431e+00
   1.0758616e+00
   1.0766796e+00
   1.0774970e+00
   1.0783139e+00
   1.0791302e+00
   1.0799459e+00
   1.0807612e+00
   1.0815759e+00
   1.0823901e+00
   1.0832038e+00
   1.0840170e+00
   1.0848297e+00
   1.0856420e+00
   1.0864537e+00
   1.0872651e+00
   1.0880759e+00
   1.0888863e+00
   1.0896963e+00
   1.0905059e+00
   1.0913150e+00
   1.0921237e+00
   1.0929320e+00
   1.0937400e+00
   1.0945475e+00
   1.0953547e+00
   1.0961614e+00
   1.0969679e+00
   1.0977739e+00
   1.0985796e+00
   1.0993850e+00
   1.1001901e+00
   1.1009948e+00
   1.1017992e+00
   1.1026032e+00
   1.1034070e+00
   1.1042105e+00
   1.1050137e+00
   1.1058166e+00
   1.1066192e+00
   1.1074215e+00
   1.1082236e+00
   1.1090254e+00
   1.1098270e+00
   1.1106284e+00
   1.1114294e+00
   1.1122303e+00
   1.1130309e+00
   1.1138314e+00
   1.1146316e+00
   1.1154316e+00
   1.1162314e+00
   1.1170310e+00
   1.1178304e+00
   1.1186297e+00
   1.1194287e+00
   1.1202276e+00
   1.1210263e+00
   1.1218249e+00
   1.1226234e+00
   1.1234216e+00
   1.1242198e+00
   1.1250178e+00
   1.1258157e+00
   1.1266134e+00
   1.1274110e+00
   1.1282086e+00
   1.1290060e+00
   1.1298033e+00
   1.1306005e+00
   1.1313977e+00
   1.1321947e+00
   1.1329917e+00
   1.1337886e+00
   1.1345854e+00
   1.1353821e+00
   1.1361788e+00
   1.1369755e+00
   1.1377721e+00
   1.1385686e+00
   1.1393652e+00
   1.1401616e+00
   1.1409581e+00
   1.1417545e+00
   1.1425509e+00
   1.1433473e+00
   1.1441437e+00
   1.1449401e+00
   1.1457365e+00
   1.1465329e+00
   1.1473293e+00
   1.1481257e+00
   1.1489221e+00
   1.1497185e+00
   1.1505150e+00
   1.1513115e+00
   1.1521081e+00
   1.1529047e+00
   1.1537013e+00
   1.1544980e+00
   1.1552947e+00
   1.1560915e+00
   1.1568883e+00
   1.1576853e+00
   1.1584823e+00
   1.1592793e+00
   1.1600765e+00
   1.1608737e+00
   1.1616710e+00
   1.1624684e+00
   1.1632659e+00
   1.1640635e+00
   1.1648612e+00
   1.1656590e+00
   1.1664569e+00
   1.1672550e+00
   1.1680531e+00
   1.1688514e+00
   1.1696498e+00
   1.1704484e+00
   1.1712470e+00
   1.1720458e+00
   1.1728448e+00
   1.1736439e+00
   1.1744431e+00
   1.1752425e+00
   1.1760421e+00
   1.1768418e+00
   1.1776417e+00
   1.1784417e+00
   1.1792419e+00
   1.1800423e+00
   1.1808429e+00
   1.1816436e+00
   1.1824446e+00
   1.1832457e+00
   1.1840470e+00
   1.1848485e+00
   1.1856502e+00
   1.1864522e+00
   1.1872543e+00
   1.1880566e+00
   1.1888591e+00
   1.1896619e+00
   1.1904649e+00
   1.1912681e+00
   1.1920715e+00
   1.1928751e+00
   1.1936790e+00
   1.1944831e+00
   1.1952875e+00
   1.1960921e+00
   1.1968969e+00
   1.1977020e+00
   1.1985074e+00
   1.1993130e+00
   1.2001188e+00
   1.2009249e+00
   1.2017313e+00
   1.2025379e+00
   1.2033448e+00
   1.2041520e+00
   1.2049595e+00
   1.2057672e+00
   1.2065752e+00
   1.2073835e+00
   1.2081921e+00
   1.2090010e+00
   1.2098102e+00
   1.2106196e+00
   1.2114294e+00
   1.2122395e+00
   1.2130498e+00
   1.2138605e+00
   1.2146715e+00
   1.2154828e+00
   1.2162944e+00
   1.2171064e+00
   1.2179186e+00
   1.2187312e+00
   1.2195441e+00
   1.2203573e+00
   1.2211709e+00
   1.2219848e+00
   1.2227991e+00
   1.2236136e+00
   1.2244286e+00
   1.2252438e+00
   1.2260594e+00
   1.2268754e+00
   1.2276917e+00
   1.2285084e+00
   1.2293254e+00
   1.2301428e+00
   1.2309606e+00
   1.2317787e+00
   1.2325972e+00
   1.2334161e+00
   1.2342353e+00
   1.2350549e+00
   1.2358749e+00
   1.2366953e+00
   1.2375161e+00
   1.2383372e+00
   1.2391587e+00
   1.2399807e+00
   1.2408030e+00
   1.2416257e+00
   1.2424488e+00
   1.2432723e+00
   1.2440962e+00
   1.2449206e+00
   1.2457453e+00
   1.2465704e+00
   1.2473960e+00
   1.2482219e+00
   1.2490483e+00
   1.2498751e+00
   1.2507023e+00
   1.2515300e+00
   1.2523581e+00
   1.2531866e+00
   1.2540155e+00
   1.2548449e+00
   1.2556747e+00
   1.2565049e+00
   1.2573356e+00
   1.2581667e+00
   1.2589983e+00
   1.2598303e+00
   1.2606628e+00
   1.2614957e+00
   1.2623290e+00
   1.2631629e+00
   1.2639971e+00
   1.2648319e+00
   1.2656671e+00
   1.2665027e+00
   1.2673389e+00
   1.2681755e+00
   1.2690125e+00
   1.2698501e+00
   1.2706881e+00
   1.2715266e+00
   1.2723655e+00
   1.2732050e+00
   1.2740449e+00
   1.2748853e+00
   1.2757262e+00
   1.2765676e+00
   1.2774095e+00
   1.2782519e+00
   1.2790948e+00
   1.2799381e+00
   1.2807820e+00
   1.2816264e+00
   1.2824712e+00
   1.2833166e+00
   1.2841625e+00
   1.2850089e+00
   1.2858558e+00
   1.2867032e+00
   1.2875511e+00
   1.2883996e+00
   1.2892485e+00
   1.2900980e+00
   1.2909480e+00
   1.2917985e+00
   1.2926496e+00
   1.2935012e+00
   1.2943533e+00
   1.2952059e+00
   1.2960591e+00
   1.2969128e+00
   1.2977671e+00
   1.2986219e+00
   1.2994772e+00
   1.3003331e+00
   1.3011895e+00
   1.3020464e+00
   1.3029039e+00
   1.3037620e+00
   1.3046206e+00
   1.3054798e+00
   1.3063395e+00
   1.3071998e+00
   1.3080606e+00
   1.3089220e+00
   1.3097840e+00
   1.3106465e+00
   1.3115096e+00
   1.3123733e+00
   1.3132375e+00
   1.3141023e+00
   1.3149677e+00
   1.3158336e+00
   1.3167001e+00
   1.3175672e+00
   1.3184349e+00
   1.3193032e+00
   1.3201720e+00
   1.3210414e+00
   1.3219115e+00
   1.3227821e+00
   1.3236533e+00
   1.3245250e+00
   1.3253974e+00
   1.3262704e+00
   1.3271440e+00
   1.3280181e+00
   1.3288929e+00
   1.3297683e+00
   1.3306443e+00
   1.3315208e+00
   1.3323980e+00
   1.3332758e+00
   1.3341542e+00
   1.3350332e+00
   1.3359128e+00
   1.3367931e+00
   1.3376739e+00
   1.3385554e+00
   1.3394375e+00
   1.3403202e+00
   1.3412036e+00
   1.3420875e+00
   1.3429721e+00
   1.3438573e+00
   1.3447432e+00
   1.3456296e+00
   1.3465167e+00
   1.3474045e+00
   1.3482928e+00
   1.3491818e+00
   1.3500715e+00
   1.3509618e+00
   1.3518527e+00
   1.3527443e+00
   1.3536365e+00
   1.3545293e+00
   1.3554228e+00
   1.3563170e+00
   1.3572118e+00
   1.3581072e+00
   1.3590033e+00
   1.3599001e+00
   1.3607975e+00
   1.3616956e+00
   1.3625943e+00
   1.3634937e+00
   1.3643937e+00
   1.3652945e+00
   1.3661958e+00
   1.3670979e+00
   1.3680006e+00
   1.3689040e+00
   1.3698080e+00
   1.3707127e+00
   1.3716181e+00
   1.3725242e+00
   1.3734310e+00
   1.3743384e+00
   1.3752465e+00
   1.3761553e+00
   1.3770647e+00
   1.3779749e+00
   1.3788857e+00
   1.3797972e+00
   1.3807094e+00
   1.3816223e+00
   1.3825359e+00
   1.3834502e+00
   1.3843651e+00
   1.3852808e+00
   1.3861972e+00
   1.3871142e+00
   1.3880320e+00
   1.3889504e+00
   1.3898696e+00
   1.3907894e+00
   1.3917100e+00
   1.3926313e+00
   1.3935532e+00
   1.3944759e+00
   1.3953993e+00
   1.3963234e+00
   1.3972482e+00
   1.3981737e+00
   1.3991000e+00
   1.4000269e+00
   1.4009546e+00
   1.4018830e+00
   1.4028121e+00
   1.4037419e+00
   1.4046725e+00
   1.4056038e+00
   1.4065358e+00
   1.4074685e+00
   1.4084019e+00
   1.4093361e+00
   1.4102711e+00
   1.4112067e+00
   1.4121431e+00
   1.4130802e+00
   1.4140181e+00
   1.4149566e+00
   1.4158960e+00
   1.4168360e+00
   1.4177768e+00
   1.4187184e+00
   1.4196607e+00
   1.4206037e+00
   1.4215475e+00
   1.4224920e+00
   1.4234373e+00
   1.4243834e+00
   1.4253301e+00
   1.4262777e+00
   1.4272260e+00
   1.4281750e+00
   1.4291248e+00
   1.4300754e+00
   1.4310267e+00
   1.4319788e+00
   1.4329316e+00
   1.4338852e+00
   1.4348396e+00
   1.4357947e+00
   1.4367506e+00
   1.4377072e+00
   1.4386647e+00
   1.4396229e+00
   1.4405819e+00
   1.4415416e+00
   1.4425021e+00
   1.4434634e+00
   1.4444255e+00
   1.4453883e+00
   1.4463520e+00
   1.4473164e+00
   1.4482816e+00
   1.4492476e+00
   1.4502143e+00
   1.4511819e+00
   1.4521502e+00
   1.4531193e+00
   1.4540892e+00
   1.4550599e+00
   1.4560314e+00
   1.4570037e+00
   1.4579768e+00
   1.4589507e+00
   1.4599253e+00
   1.4609008e+00
   1.4618771e+00
   1.4628541e+00
   1.4638320e+00
   1.4648107e+00
   1.4657902e+00
   1.4667704e+00
   1.4677515e+00
   1.4687334e+00
   1.4697161e+00
   1.4706997e+00
   1.4716840e+00
   1.4726691e+00
   1.4736551e+00
   1.4746419e+00
   1.4756294e+00
   1.4766179e+00
   1.4776071e+00
   1.4785971e+00
   1.4795880e+00
   1.4805797e+00
   1.4815722e+00
   1.4825655e+00
   1.4835597e+00
   1.4845547e+00
   1.4855505e+00
   1.4865472e+00
   1.4875447e+00
   1.4885430e+00
   1.4895421e+00
   1.4905421e+00
   1.4915430e+00
   1.4925446e+00
   1.4935471e+00
   1.4945505e+00
   1.4955547e+00
   1.4965597e+00
   1.4975656e+00
   1.4985723e+00
   1.4995799e+00
   1.5005883e+00
   1.5015975e+00
   1.5026077e+00
   1.5036186e+00
   1.5046304e+00
   1.5056431e+00
   1.5066566e+00
   1.5076710e+00
   1.5086863e+00
   1.5097024e+00
   1.5107194e+00
   1.5117372e+00
   1.5127559e+00
   1.5137754e+00
   1.5147959e+00
   1.5158172e+00
   1.5168393e+00
   1.5178623e+00
   1.5188863e+00
   1.5199110e+00
   1.5209367e+00
   1.5219632e+00
   1.5229906e+00
   1.5240189e+00
   1.5250480e+00
   1.5260781e+00
   1.5271090e+00
   1.5281408e+00
   1.5291735e+00
   1.5302071e+00
   1.5312415e+00
   1.5322769e+00
   1.5333131e+00
   1.5343502e+00
   1.5353883e+00
   1.5364272e+00
   1.5374670e+00
   1.5385077e+00
   1.5395493e+00
   1.5405918e+00
   1.5416352e+00
   1.5426795e+00
   1.5437247e+00
   1.5447708e+00
   1.5458179e+00
   1.5468658e+00
   1.5479146e+00
   1.5489644e+00
   1.5500150e+00
   1.5510666e+00
   1.5521191e+00
   1.5531725e+00
   1.5542268e+00
   1.5552821e+00
   1.5563382e+00
   1.5573953e+00
   1.5584533e+00
   1.5595122e+00
   1.5605721e+00
   1.5616328e+00
   1.5626945e+00
   1.5637572e+00
   1.5648207e+00
   1.5658852e+00
   1.5669507e+00
   1.5680170e+00
   1.5690843e+00
   1.5701526e+00
   1.5712218e+00
   1.5722919e+00
   1.5733630e+00
   1.5744350e+00
   1.5755079e+00
   1.5765818e+00
   1.5776567e+00
   1.5787325e+00
   1.5798092e+00
   1.5808869e+00
   1.5819656e+00
   1.5830452e+00
   1.5841258e+00
   1.5852073e+00
   1.5862898e+00
   1.5873732e+00
   1.5884577e+00
   1.5895430e+00
   1.5906294e+00
   1.5917167e+00
   1.5928050e+00
   1.5938943e+00
   1.5949845e+00
   1.5960757e+00
   1.5971679e+00
   1.5982610e+00
   1.5993552e+00
   1.6004503e+00
   1.6015464e+00
   1.6026435e+00
   1.6037415e+00
   1.6048406e+00
   1.6059406e+00
   1.6070417e+00
   1.6081437e+00
   1.6092467e+00
   1.6103507e+00
   1.6114557e+00
   1.6125617e+00
   1.6136687e+00
   1.6147767e+00
   1.6158858e+00
   1.6169958e+00
   1.6181068e+00
   1.6192188e+00
   1.6203319e+00
   1.6214459e+00
   1.6225610e+00
   1.6236771e+00
   1.6247941e+00
   1.6259123e+00
   1.6270314e+00
   1.6281516e+00
   1.6292727e+00
   1.6303949e+00
   1.6315182e+00
   1.6326424e+00
   1.6337677e+00
   1.6348940e+00
   1.6360214e+00
   1.6371498e+00
   1.6382792e+00
   1.6394097e+00
   1.6405412e+00
   1.6416737e+00
   1.6428073e+00
   1.6439420e+00
   1.6450776e+00
   1.6462144e+00
   1.6473522e+00
   1.6484910e+00
   1.6496309e+00
   1.6507719e+00
   1.6519139e+00
   1.6530570e+00
   1.6542011e+00
   1.6553463e+00
   1.6564926e+00
   1.6576399e+00
   1.6587883e+00
   1.6599378e+00
   1.6610884e+00
   1.6622400e+00
   1.6633927e+00
   1.6645465e+00
   1.6657014e+00
   1.6668574e+00
   1.6680144e+00
   1.6691725e+00
   1.6703318e+00
   1.6714921e+00
   1.6726535e+00
   1.6738160e+00
   1.6749796e+00
   1.6761443e+00
   1.6773101e+00
   1.6784770e+00
   1.6796450e+00
   1.6808141e+00
   1.6819844e+00
   1.6831557e+00
   1.6843282e+00
   1.6855018e+00
   1.6866764e+00
   1.6878523e+00
   1.6890292e+00
   1.6902073e+00
   1.6913865e+00
   1.6925668e+00
   1.6937482e+00
   1.6949308e+00
   1.6961145e+00
   1.6972994e+00
   1.6984854e+00
   1.6996726e+00
   1.7008608e+00
   1.7020503e+00
   1.7032409e+00
   1.7044326e+00
   1.7056255e+00
   1.7068195e+00
   1.7080147e+00
   1.7092111e+00
   1.7104086e+00
   1.7116073e+00
   1.7128072e+00
   1.7140082e+00
   1.7152104e+00
   1.7164138e+00
   1.7176183e+00
   1.7188241e+00
   1.7200310e+00
   1.7212391e+00
   1.7224484e+00
   1.7236588e+00
   1.7248705e+00
   1.7260834e+00
   1.7272974e+00
   1.7285127e+00
   1.7297291e+00
   1.7309468e+00
   1.7321656e+00
   1.7333857e+00
   1.7346070e+00
   1.7358295e+00
   1.7370532e+00
   1.7382781e+00
   1.7395043e+00
   1.7407317e+00
   1.7419603e+00
   1.7431901e+00
   1.7444212e+00
   1.7456535e+00
   1.7468870e+00
   1.7481218e+00
   1.7493578e+00
   1.7505951e+00
   1.7518336e+00
   1.7530733e+00
   1.7543143e+00
   1.7555566e+00
   1.7568001e+00
   1.7580449e+00
   1.7592910e+00
   1.7605383e+00
   1.7617869e+00
   1.7630367e+00
   1.7642879e+00
   1.7655403e+00
   1.7667940e+00
   1.7680489e+00
   1.7693052e+00
   1.7705628e+00
   1.7718216e+00
   1.7730817e+00
   1.7743432e+00
   1.7756059e+00
   1.7768700e+00
   1.7781353e+00
   1.7794020e+00
   1.7806699e+00
   1.7819392e+00
   1.7832098e+00
   1.7844817e+00
   1.7857550e+00
   1.7870296e+00
   1.7883055e+00
   1.7895827e+00
   1.7908613e+00
   1.7921412e+00
   1.7934225e+00
   1.7947051e+00
   1.7959891e+00
   1.7972744e+00
   1.7985611e+00
   1.7998491e+00
   1.8011385e+00
   1.8024292e+00
   1.8037214e+00
   1.8050149e+00
   1.8063097e+00
   1.8076060e+00
   1.8089036e+00
   1.8102026e+00
   1.8115030e+00
   1.8128048e+00
   1.8141080e+00
   1.8154126e+00
   1.8167186e+00
   1.8180260e+00
   1.8193349e+00
   1.8206451e+00
   1.8219567e+00
   1.8232698e+00
   1.8245843e+00
   1.8259002e+00
   1.8272175e+00
   1.8285363e+00
   1.8298565e+00
   1.8311781e+00
   1.8325012e+00
   1.8338258e+00
   1.8351518e+00
   1.8364792e+00
   1.8378081e+00
   1.8391385e+00
   1.8404703e+00
   1.8418036e+00
   1.8431384e+00
   1.8444747e+00
   1.8458124e+00
   1.8471517e+00
   1.8484924e+00
   1.8498346e+00
   1.8511783e+00
   1.8525235e+00
   1.8538702e+00
   1.8552184e+00
   1.8565681e+00
   1.8579194e+00
   1.8592722e+00
   1.8606264e+00
   1.8619823e+00
   1.8633396e+00
   1.8646985e+00
   1.8660589e+00
   1.8674209e+00
   1.8687844e+00
   1.8701495e+00
   1.8715161e+00
   1.8728843e+00
   1.8742541e+00
   1.8756254e+00
   1.8769983e+00
   1.8783727e+00
   1.8797488e+00
   1.8811264e+00
   1.8825057e+00
   1.8838865e+00
   1.8852689e+00
   1.8866530e+00
   1.8880386e+00
   1.8894258e+00
   1.8908147e+00
   1.8922052e+00
   1.8935973e+00
   1.8949911e+00
   1.8963864e+00
   1.8977835e+00
   1.8991821e+00
   1.9005824e+00
   1.9019844e+00
   1.9033880e+00
   1.9047933e+00
   1.9062002e+00
   1.9076089e+00
   1.9090192e+00
   1.9104311e+00
   1.9118448e+00
   1.9132602e+00
   1.9146772e+00
   1.9160959e+00
   1.9175164e+00
   1.9189386e+00
   1.9203624e+00
   1.9217880e+00
   1.9232154e+00
   1.9246444e+00
   1.9260752e+00
   1.9275077e+00
   1.9289420e+00
   1.9303780e+00
   1.9318158e+00
   1.9332553e+00
   1.9346966e+00
   1.9361397e+00
   1.9375845e+00
   1.9390312e+00
   1.9404796e+00
   1.9419298e+00
   1.9433818e+00
   1.9448356e+00
   1.9462912e+00
   1.9477486e+00
   1.9492078e+00
   1.9506689e+00
   1.9521318e+00
   1.9535965e+00
   1.9550631e+00
   1.9565315e+00
   1.9580017e+00
   1.9594738e+00
   1.9609478e+00
   1.9624237e+00
   1.9639014e+00
   1.9653810e+00
   1.9668625e+00
   1.9683458e+00
   1.9698311e+00
   1.9713182e+00
   1.9728073e+00
   1.9742983e+00
   1.9757912e+00
   1.9772860e+00
   1.9787828e+00
   1.9802815e+00
   1.9817821e+00
   1.9832847e+00
   1.9847893e+00
   1.9862958e+00
   1.9878043e+00
   1.9893147e+00
   1.9908271e+00
   1.9923415e+00
   1.9938579e+00
   1.9953763e+00
   1.9968968e+00
   1.9984192e+00
   1.9999436e+00
   2.0014701e+00
   2.0029985e+00
   2.0045291e+00
   2.0060616e+00
   2.0075963e+00
   2.0091329e+00
   2.0106717e+00
   2.0122125e+00
   2.0137553e+00
   2.0153003e+00
   2.0168473e+00
   2.0183965e+00
   2.0199477e+00
   2.0215011e+00
   2.0230566e+00
   2.0246142e+00
   2.0261739e+00
   2.0277357e+00
   2.0292997e+00
   2.0308659e+00
   2.0324342e+00
   2.0340047e+00
   2.0355773e+00
   2.0371521e+00
   2.0387292e+00
   2.0403084e+00
   2.0418898e+00
   2.0434734e+00
   2.0450592e+00
   2.0466473e+00
   2.0482375e+00
   2.0498300e+00
   2.0514248e+00
   2.0530218e+00
   2.0546211e+00
   2.0562226e+00
   2.0578264e+00
   2.0594325e+00
   2.0610409e+00
   2.0626516e+00
   2.0642646e+00
   2.0658799e+00
   2.0674975e+00
   2.0691174e+00
   2.0707397e+00
   2.0723643e+00
   2.0739913e+00
   2.0756207e+00
   2.0772524e+00
   2.0788864e+00
   2.0805229e+00
   2.0821618e+00
   2.0838030e+00
   2.0854467e+00
   2.0870928e+00
   2.0887413e+00
   2.0903922e+00
   2.0920456e+00
   2.0937014e+00
   2.0953597e+00
   2.0970205e+00
   2.0986837e+00
   2.1003494e+00
   2.1020176e+00
   2.1036884e+00
   2.1053616e+00
   2.1070373e+00
   2.1087156e+00
   2.1103964e+00
   2.1120797e+00
   2.1137656e+00
   2.1154541e+00
   2.1171451e+00
   2.1188388e+00
   2.1205350e+00
   2.1222338e+00
   2.1239352e+00
   2.1256392e+00
   2.1273459e+00
   2.1290552e+00
   2.1307671e+00
   2.1324817e+00
   2.1341990e+00
   2.1359189e+00
   2.1376415e+00
   2.1393668e+00
   2.1410949e+00
   2.1428256e+00
   2.1445590e+00
   2.1462952e+00
   2.1480341e+00
   2.1497758e+00
   2.1515202e+00
   2.1532674e+00
   2.1550174e+00
   2.1567702e+00
   2.1585257e+00
   2.1602841e+00
   2.1620453e+00
   2.1638093e+00
   2.1655762e+00
   2.1673459e+00
   2.1691185e+00
   2.1708940e+00
   2.1726723e+00
   2.1744535e+00
   2.1762377e+00
   2.1780247e+00
   2.1798147e+00
   2.1816076e+00
   2.1834034e+00
   2.1852023e+00
   2.1870040e+00
   2.1888088e+00
   2.1906165e+00
   2.1924273e+00
   2.1942410e+00
   2.1960578e+00
   2.1978776e+00
   2.1997005e+00
   2.2015264e+00
   2.2033554e+00
   2.2051874e+00
   2.2070226e+00
   2.2088608e+00
   2.2107022e+00
   2.2125466e+00
   2.2143943e+00
   2.2162450e+00
   2.2180990e+00
   2.2199561e+00
   2.2218163e+00
   2.2236798e+00
   2.2255465e+00
   2.2274164e+00
   2.2292895e+00
   2.2311659e+00
   2.2330455e+00
   2.2349284e+00
   2.2368145e+00
   2.2387040e+00
   2.2405968e+00
   2.2424928e+00
   2.2443922e+00
   2.2462950e+00
   2.2482011e+00
   2.2501106e+00
   2.2520234e+00
   2.2539396e+00
   2.2558593e+00
   2.2577823e+00
   2.2597088e+00
   2.2616387e+00
   2.2635721e+00
   2.2655090e+00
   2.2674493e+00
   2.2693931e+00
   2.2713404e+00
   2.2732913e+00
   2.2752457e+00
   2.2772036e+00
   2.2791651e+00
   2.2811302e+00
   2.2830989e+00
   2.2850711e+00
   2.2870470e+00
   2.2890265e+00
   2.2910097e+00
   2.2929965e+00
   2.2949870e+00
   2.2969811e+00
   2.2989790e+00
   2.3009806e+00
   2.3029859e+00
   2.3049949e+00
   2.3070077e+00
   2.3090243e+00
   2.3110447e+00
   2.3130688e+00
   2.3150968e+00
   2.3171286e+00
   2.3191643e+00
   2.3212038e+00
   2.3232472e+00
   2.3252944e+00
   2.3273456e+00
   2.3294007e+00
   2.3314597e+00
   2.3335227e+00
   2.3355896e+00
   2.3376605e+00
   2.3397354e+00
   2.3418143e+00
   2.3438972e+00
   2.3459842e+00
   2.3480752e+00
   2.3501703e+00
   2.3522695e+00
   2.3543728e+00
   2.3564802e+00
   2.3585918e+00
   2.3607075e+00
   2.3628273e+00
   2.3649514e+00
   2.3670796e+00
   2.3692120e+00
   2.3713487e+00
   2.3734896e+00
   2.3756348e+00
   2.3777843e+00
   2.3799381e+00
   2.3820962e+00
   2.3842586e+00
   2.3864253e+00
   2.3885964e+00
   2.3907719e+00
   2.3929518e+00
   2.3951361e+00
   2.3973249e+00
   2.3995181e+00
   2.4017157e+00
   2.4039178e+00
   2.4061245e+00
   2.4083356e+00
   2.4105513e+00
   2.4127715e+00
   2.4149964e+00
   2.4172257e+00
   2.4194597e+00
   2.4216984e+00
   2.4239416e+00
   2.4261895e+00
   2.4284421e+00
   2.4306994e+00
   2.4329614e+00
   2.4352281e+00
   2.4374996e+00
   2.4397759e+00
   2.4420569e+00
   2.4443427e+00
   2.4466334e+00
   2.4489289e+00
   2.4512292e+00
   2.4535344e+00
   2.4558446e+00
   2.4581596e+00
   2.4604796e+00
   2.4628045e+00
   2.4651344e+00
   2.4674693e+00
   2.4698092e+00
   2.4721541e+00
   2.4745041e+00
   2.4768592e+00
   2.4792193e+00
   2.4815845e+00
   2.4839549e+00
   2.4863304e+00
   2.4887111e+00
   2.4910970e+00
   2.4934880e+00
   2.4958843e+00
   2.4982859e+00
   2.5006927e+00
   2.5031048e+00
   2.5055222e+00
   2.5079449e+00
   2.5103729e+00
   2.5128064e+00
   2.5152452e+00
   2.5176894e+00
   2.5201390e+00
   2.5225941e+00
   2.5250547e+00
   2.5275207e+00
   2.5299923e+00
   2.5324694e+00
   2.5349520e+00
   2.5374402e+00
   2.5399340e+00
   2.5424334e+00
   2.5449385e+00
   2.5474492e+00
   2.5499655e+00
   2.5524876e+00
   2.5550154e+00
   2.5575489e+00
   2.5600882e+00
   2.5626333e+00
   2.5651842e+00
   2.5677409e+00
   2.5703034e+00
   2.5728718e+00
   2.5754462e+00
   2.5780264e+00
   2.5806125e+00
   2.5832046e+00
   2.5858027e+00
   2.5884068e+00
   2.5910169e+00
   2.5936331e+00
   2.5962553e+00
   2.5988836e+00
   2.6015180e+00
   2.6041585e+00
   2.6068052e+00
   2.6094581e+00
   2.6121172e+00
   2.6147825e+00
   2.6174540e+00
   2.6201318e+00
   2.6228159e+00
   2.6255063e+00
   2.6282030e+00
   2.6309061e+00
   2.6336156e+00
   2.6363315e+00
   2.6390538e+00
   2.6417825e+00
   2.6445177e+00
   2.6472594e+00
   2.6500076e+00
   2.6527624e+00
   2.6555237e+00
   2.6582916e+00
   2.6610661e+00
   2.6638473e+00
   2.6666351e+00
   2.6694295e+00
   2.6722307e+00
   2.6750386e+00
   2.6778532e+00
   2.6806746e+00
   2.6835028e+00
   2.6863378e+00
   2.6891797e+00
   2.6920284e+00
   2.6948840e+00
   2.6977465e+00
   2.7006159e+00
   2.7034923e+00
   2.7063756e+00
   2.7092660e+00
   2.7121634e+00
   2.7150678e+00
   2.7179793e+00
   2.7208979e+00
   2.7238237e+00
   2.7267565e+00
   2.7296965e+00
   2.7326437e+00
   2.7355982e+00
   2.7385598e+00
   2.7415287e+00
   2.7445049e+00
   2.7474884e+00
   2.7504793e+00
   2.7534774e+00
   2.7564830e+00
   2.7594959e+00
   2.7625163e+00
   2.7655441e+00
   2.7685794e+00
   2.7716222e+00
   2.7746725e+00
   2.7777303e+00
   2.7807957e+00
   2.7838686e+00
   2.7869492e+00
   2.7900374e+00
   2.7931333e+00
   2.7962368e+00
   2.7993480e+00
   2.8024670e+00
   2.8055937e+00
   2.8087281e+00
   2.8118704e+00
   2.8150204e+00
   2.8181784e+00
   2.8213441e+00
   2.8245178e+00
   2.8276993e+00
   2.8308888e+00
   2.8340862e+00
   2.8372916e+00
   2.8405050e+00
   2.8437264e+00
   2.8469558e+00
   2.8501933e+00
   2.8534389e+00
   2.8566926e+00
   2.8599544e+00
   2.8632244e+00
   2.8665026e+00
   2.8697889e+00
   2.8730834e+00
   2.8763862e+00
   2.8796973e+00
   2.8830166e+00
   2.8863442e+00
   2.8896802e+00
   2.8930245e+00
   2.8963772e+00
   2.8997382e+00
   2.9031077e+00
   2.9064856e+00
   2.9098719e+00
   2.9132667e+00
   2.9166700e+00
   2.9200818e+00
   2.9235022e+00
   2.9269311e+00
   2.9303685e+00
   2.9338146e+00
   2.9372693e+00
   2.9407326e+00
   2.9442046e+00
   2.9476852e+00
   2.9511745e+00
   2.9546726e+00
   2.9581793e+00
   2.9616949e+00
   2.9652192e+00
   2.9687523e+00
   2.9722942e+00
   2.9758449e+00
   2.9794045e+00
   2.9829729e+00
   2.9865502e+00
   2.9901364e+00
   2.9937316e+00
   2.9973357e+00
   3.0009487e+00
   3.0045707e+00
   3.0082017e+00
   3.0118417e+00
   3.0154907e+00
   3.0191488e+00
   3.0228160e+00
   3.0264922e+00
   3.0301775e+00
   3.0338719e+00
   3.0375754e+00
   3.0412881e+00
   3.0450100e+00
   3.0487410e+00
   3.0524812e+00
   3.0562307e+00
   3.0599893e+00
   3.0637572e+00
   3.0675343e+00
   3.0713207e+00
   3.0751164e+00
   3.0789214e+00
   3.0827357e+00
   3.0865594e+00
   3.0903924e+00
   3.0942347e+00
   3.0980864e+00
   3.1019475e+00
   3.1058180e+00
   3.1096979e+00
   3.1135872e+00
   3.1174860e+00
   3.1213942e+00
   3.1253119e+00
   3.1292391e+00
   3.1331757e+00
   3.1371219e+00
   3.1410775e+00
   3.1450427e+00
   3.1490175e+00
   3.1530018e+00
   3.1569956e+00
   3.1609991e+00
   3.1650121e+00
   3.1690347e+00
   3.1730669e+00
   3.1771088e+00
   3.1811603e+00
   3.1852214e+00
   3.1892922e+00
   3.1933726e+00
   3.1974627e+00
   3.2015625e+00
   3.2056720e+00
   3.2097912e+00
   3.2139202e+00
   3.2180588e+00
   3.2222072e+00
   3.2263653e+00
   3.2305332e+00
   3.2347108e+00
   3.2388982e+00
   3.2430954e+00
   3.2473023e+00
   3.2515191e+00
   3.2557457e+00
   3.2599821e+00
   3.2642283e+00
   3.2684844e+00
   3.2727503e+00
   3.2770260e+00
   3.2813116e+00
   3.2856071e+00
   3.2899124e+00
   3.2942277e+00
   3.2985528e+00
   3.3028878e+00
   3.3072328e+00
   3.3115876e+00
   3.3159524e+00
   3.3203271e+00
   3.3247117e+00
   3.3291063e+00
   3.3335108e+00
   3.3379253e+00
   3.3423498e+00
   3.3467843e+00
   3.3512287e+00
   3.3556831e+00
   3.3601476e+00
   3.3646220e+00
   3.3691065e+00
   3.3736010e+00
   3.3781055e+00
   3.3826200e+00
   3.3871446e+00
   3.3916793e+00
   3.3962240e+00
   3.4007788e+00
   3.4053437e+00
   3.4099187e+00
   3.4145037e+00
   3.4190989e+00
   3.4237042e+00
   3.4283196e+00
   3.4329452e+00
   3.4375809e+00
   3.4422267e+00
   3.4468827e+00
   3.4515488e+00
   3.4562252e+00
   3.4609117e+00
   3.4656084e+00
   3.4703154e+00
   3.4750325e+00
   3.4797599e+00
   3.4844975e+00
   3.4892453e+00
   3.4940034e+00
   3.4987718e+00
   3.5035505e+00
   3.5083394e+00
   3.5131387e+00
   3.5179482e+00
   3.5227681e+00
   3.5275983e+00
   3.5324389e+00
   3.5372898e+00
   3.5421511e+00
   3.5470228e+00
   3.5519049e+00
   3.5567974e+00
   3.5617003e+00
   3.5666136e+00
   3.5715375e+00
   3.5764717e+00
   3.5814165e+00
   3.5863717e+00
   3.5913375e+00
   3.5963138e+00
   3.6013006e+00
   3.6062980e+00
   3.6113059e+00
   3.6163245e+00
   3.6213536e+00
   3.6263934e+00
   3.6314438e+00
   3.6365049e+00
   3.6415766e+00
   3.6466590e+00
   3.6517522e+00
   3.6568560e+00
   3.6619706e+00
   3.6670960e+00
   3.6722322e+00
   3.6773791e+00
   3.6825369e+00
   3.6877055e+00
   3.6928850e+00
   3.6980753e+00
   3.7032766e+00
   3.7084888e+00
   3.7137119e+00
   3.7189460e+00
   3.7241910e+00
   3.7294471e+00
   3.7347142e+00
   3.7399924e+00
   3.7452816e+00
   3.7505819e+00
   3.7558933e+00
   3.7612159e+00
   3.7665497e+00
   3.7718946e+00
   3.7772507e+00
   3.7826181e+00
   3.7879967e+00
   3.7933866e+00
   3.7987878e+00
   3.8042003e+00
   3.8096242e+00
   3.8150594e+00
   3.8205061e+00
   3.8259642e+00
   3.8314337e+00
   3.8369146e+00
   3.8424071e+00
   3.8479111e+00
   3.8534266e+00
   3.8589537e+00
   3.8644924e+00
   3.8700427e+00
   3.8756046e+00
   3.8811782e+00
   3.8867635e+00
   3.8923604e+00
   3.8979691e+00
   3.9035896e+00
   3.9092218e+00
   3.9148658e+00
   3.9205217e+00
   3.9261894e+00
   3.9318689e+00
   3.9375604e+00
   3.9432637e+00
   3.9489790e+00
   3.9547062e+00
   3.9604454e+00
   3.9661966e+00
   3.9719598e+00
   3.9777351e+00
   3.9835223e+00
   3.9893217e+00
   3.9951331e+00
   4.0009567e+00
   4.0067923e+00
   4.0126401e+00
   4.0185000e+00
   4.0243722e+00
   4.0302565e+00
   4.0361530e+00
   4.0420617e+00
   4.0479826e+00
   4.0539158e+00
   4.0598612e+00
   4.0658188e+00
   4.0717888e+00
   4.0777710e+00
   4.0837655e+00
   4.0897723e+00
   4.0957914e+00
   4.1018228e+00
   4.1078666e+00
   4.1139226e+00
   4.1199910e+00
   4.1260717e+00
   4.1321648e+00
   4.1382701e+00
   4.1443878e+00
   4.1505178e+00
   4.1566602e+00
   4.1628149e+00
   4.1689819e+00
   4.1751612e+00
   4.1813528e+00
   4.1875567e+00
   4.1937729e+00
   4.2000015e+00
   4.2062422e+00
   4.2124953e+00
   4.2187606e+00
   4.2250381e+00
   4.2313279e+00
   4.2376298e+00
   4.2439440e+00
   4.2502703e+00
   4.2566088e+00
   4.2629594e+00
   4.2693221e+00
   4.2756969e+00
   4.2820837e+00
   4.2884826e+00
   4.2948935e+00
   4.3013163e+00
   4.3077511e+00
   4.3141978e+00
   4.3206564e+00
   4.3271268e+00
   4.3336091e+00
   4.3401031e+00
   4.3466088e+00
   4.3531262e+00
   4.3596553e+00
   4.3661960e+00
   4.3727483e+00
   4.3793120e+00
   4.3858873e+00
   4.3924739e+00
   4.3990720e+00
   4.4056813e+00
   4.4123019e+00
   4.4189337e+00
   4.4255767e+00
   4.4322308e+00
   4.4388959e+00
   4.4455719e+00
   4.4522589e+00
   4.4589568e+00
   4.4656654e+00
   4.4723847e+00
   4.4791147e+00
   4.4858552e+00
   4.4926062e+00
   4.4993677e+00
   4.5061395e+00
   4.5129216e+00
   4.5197139e+00
   4.5265163e+00
   4.5333287e+00
   4.5401511e+00
   4.5469834e+00
   4.5538254e+00
   4.5606771e+00
   4.5675384e+00
   4.5744093e+00
   4.5812895e+00
   4.5881790e+00
   4.5950778e+00
   4.6019857e+00
   4.6089026e+00
   4.6158284e+00
   4.6227630e+00
   4.6297063e+00
   4.6366583e+00
   4.6436187e+00
   4.6505875e+00
   4.6575645e+00
   4.6645497e+00
   4.6715430e+00
   4.6785441e+00
   4.6855530e+00
   4.6925696e+00
   4.6995938e+00
   4.7066253e+00
   4.7136642e+00
   4.7207102e+00
   4.7277632e+00
   4.7348231e+00
   4.7418897e+00
   4.7489630e+00
   4.7560428e+00
   4.7631288e+00
   4.7702211e+00
   4.7773194e+00
   4.7844236e+00
   4.7915335e+00
   4.7986490e+00
   4.8057700e+00
   4.8128962e+00
   4.8200275e+00
   4.8271638e+00
   4.8343048e+00
   4.8414505e+00
   4.8486006e+00
   4.8557550e+00
   4.8629135e+00
   4.8700759e+00
   4.8772420e+00
   4.8844118e+00
   4.8915848e+00
   4.8987611e+00
   4.9059404e+00
   4.9131225e+00
   4.9203072e+00
   4.9274943e+00
   4.9346836e+00
   4.9418749e+00
   4.9490681e+00
   4.9562628e+00
   4.9634589e+00
   4.9706562e+00
   4.9778544e+00
   4.9850533e+00
   4.9922528e+00
   4.9994525e+00
   5.0066523e+00
   5.0138518e+00
   5.0210509e+00
   5.0282494e+00
   5.0354469e+00
   5.0426433e+00
   5.0498383e+00
   5.0570316e+00
   5.0642229e+00
   5.0714120e+00
   5.0785987e+00
   5.0857827e+00
   5.0929636e+00
   5.1001413e+00
   5.1073154e+00
   5.1144856e+00
   5.1216517e+00
   5.1288133e+00
   5.1359702e+00
   5.1431220e+00
   5.1502685e+00
   5.1574093e+00
   5.1645441e+00
   5.1716726e+00
   5.1787944e+00
   5.1859093e+00
   5.1930168e+00
   5.2001167e+00
   5.2072086e+00
   5.2142921e+00
   5.2213669e+00
   5.2284326e+00
   5.2354889e+00
   5.2425353e+00
   5.2495716e+00
   5.2565972e+00
   5.2636118e+00
   5.2706150e+00
   5.2776065e+00
   5.2845857e+00
   5.2915523e+00
   5.2985058e+00
   5.3054458e+00
   5.3123720e+00
   5.3192837e+00
   5.3261806e+00
   5.3330623e+00
   5.3399281e+00
   5.3467778e+00
   5.3536108e+00
   5.3604265e+00
   5.3672246e+00
   5.3740045e+00
   5.3807656e+00
   5.3875076e+00
   5.3942298e+00
   5.4009317e+00
   5.4076127e+00
   5.4142724e+00
   5.4209101e+00
   5.4275252e+00
   5.4341173e+00
   5.4406857e+00
   5.4472297e+00
   5.4537489e+00
   5.4602425e+00
   5.4667100e+00
   5.4731506e+00
   5.4795639e+00
   5.4859490e+00
   5.4923054e+00
   5.4986323e+00
   5.5049291e+00
   5.5111950e+00
   5.5174294e+00
   5.5236315e+00
   5.5298006e+00
   5.5359359e+00
   5.5420368e+00
   5.5481023e+00
   5.5541318e+00
   5.5601244e+00
   5.5660794e+00
   5.5719959e+00
   5.5778730e+00
   5.5837100e+00
   5.5895060e+00
   5.5952601e+00
   5.6009714e+00
   5.6066391e+00
   5.6122622e+00
   5.6178398e+00
   5.6233709e+00
   5.6288547e+00
   5.6342901e+00
   5.6396762e+00
   5.6450119e+00
   5.6502963e+00
   5.6555284e+00
   5.6607070e+00
   5.6658311e+00
   5.6708998e+00
   5.6759118e+00
   5.6808661e+00
   5.6857615e+00
   5.6905970e+00
   5.6953714e+00
   5.7000834e+00
   5.7047320e+00
   5.7093160e+00
   5.7138341e+00
   5.7182850e+00
   5.7226676e+00
   5.7269806e+00
   5.7312227e+00
   5.7353926e+00
   5.7394890e+00
   5.7435105e+00
   5.7474559e+00
   5.7513237e+00
   5.7551126e+00
   5.7588211e+00
   5.7624479e+00
   5.7659915e+00
   5.7694505e+00
   5.7728234e+00
   5.7761087e+00
   5.7793049e+00
   5.7824105e+00
   5.7854240e+00
   5.7883438e+00
   5.7911684e+00
   5.7938961e+00
   5.7965254e+00
   5.7990547e+00
   5.8014822e+00
   5.8038065e+00
   5.8060258e+00
   5.8081384e+00
   5.8101426e+00
   5.8120369e+00
   5.8138193e+00
   5.8154882e+00
   5.8170419e+00
   5.8184786e+00
   5.8197965e+00
   5.8209938e+00
   5.8220688e+00
   5.8230196e+00
   5.8238444e+00
   5.8245415e+00
   5.8251089e+00
   5.8255448e+00
   5.8258474e+00
   5.8260148e+00
   5.8260452e+00
   5.8259367e+00
   5.8256874e+00
   5.8252954e+00
   5.8247589e+00
   5.8240760e+00
   5.8232447e+00
   5.8222633e+00
   5.8211298e+00
   5.8198424e+00
   5.8183992e+00
   5.8167984e+00
   5.8150379e+00
   5.8131161e+00
   5.8110311e+00
   5.8087810e+00
   5.8063640e+00
   5.8037783e+00
   5.8010222e+00
   5.7980937e+00
   5.7949912e+00
   5.7917130e+00
   5.7882572e+00
   5.7846223e+00
   5.7808065e+00
   5.7768083e+00
   5.7726259e+00
   5.7682578e+00
   5.7637024e+00
   5.7589583e+00
   5.7540239e+00
   5.7488978e+00
   5.7435786e+00
   5.7380649e+00
   5.7323554e+00
   5.7264489e+00
   5.7203441e+00
   5.7140398e+00
   5.7075350e+00
   5.7008285e+00
   5.6939194e+00
   5.6868067e+00
   5.6794895e+00
   5.6719671e+00
   5.6642386e+00
   5.6563033e+00
   5.6481607e+00
   5.6398103e+00
   5.6312514e+00
   5.6224838e+00
   5.6135072e+00
   5.6043213e+00
   5.5949259e+00
   5.5853210e+00
   5.5755067e+00
   5.5654830e+00
   5.5552501e+00
   5.5448084e+00
   5.5341581e+00
   5.5232999e+00
   5.5122343e+00
   5.5009619e+00
   5.4894835e+00
   5.4778001e+00
   5.4659125e+00
   5.4538220e+00
   5.4415295e+00
   5.4290366e+00
   5.4163445e+00
   5.4034547e+00
   5.3903688e+00
   5.3770886e+00
   5.3636159e+00
   5.3499525e+00
   5.3361006e+00
   5.3220622e+00
   5.3078396e+00
   5.2934351e+00
   5.2788512e+00
   5.2640904e+00
   5.2491554e+00
   5.2340488e+00
   5.2187737e+00
   5.2033328e+00
   5.1877293e+00
   5.1719662e+00
   5.1560469e+00
   5.1399746e+00
   5.1237527e+00
   5.1073847e+00
   5.0908742e+00
   5.0742248e+00
   5.0574402e+00
   5.0405243e+00
   5.0234810e+00
   5.0063141e+00
   4.9890276e+00
   4.9716258e+00
   4.9541125e+00
   4.9364921e+00
   4.9187687e+00
   4.9009467e+00
   4.8830304e+00
   4.8650240e+00
   4.8469320e+00
   4.8287588e+00
   4.8105089e+00
   4.7921868e+00
   4.7737968e+00
   4.7553436e+00
   4.7368316e+00
   4.7182655e+00
   4.6996495e+00
   4.6809885e+00
   4.6622867e+00
   4.6435488e+00
   4.6247793e+00
   4.6059825e+00
   4.5871631e+00
   4.5683253e+00
   4.5494737e+00
   4.5306125e+00
   4.5117462e+00
   4.4928790e+00
   4.4740152e+00
   4.4551590e+00
   4.4363145e+00
   4.4174859e+00
   4.3986772e+00
   4.3798924e+00
   4.3611354e+00
   4.3424102e+00
   4.3237204e+00
   4.3050699e+00
   4.2864623e+00
   4.2679013e+00
   4.2493902e+00
   4.2309327e+00
   4.2125319e+00
   4.1941913e+00
   4.1759141e+00
   4.1577033e+00
   4.1395619e+00
   4.1214931e+00
   4.1034995e+00
   4.0855840e+00
   4.0677494e+00
   4.0499981e+00
   4.0323328e+00
   4.0147559e+00
   3.9972696e+00
   3.9798764e+00
   3.9625782e+00
   3.9453773e+00
   3.9282757e+00
   3.9112751e+00
   3.8943775e+00
   3.8775846e+00
   3.8608980e+00
   3.8443193e+00
   3.8278499e+00
   3.8114914e+00
   3.7952449e+00
   3.7791117e+00
   3.7630930e+00
   3.7471899e+00
   3.7314032e+00
   3.7157341e+00
   3.7001832e+00
   3.6847514e+00
   3.6694394e+00
   3.6542477e+00
   3.6391770e+00
   3.6242278e+00
   3.6094004e+00
   3.5946952e+00
   3.5801125e+00
   3.5656526e+00
   3.5513156e+00
   3.5371016e+00
   3.5230106e+00
   3.5090428e+00
   3.4951980e+00
   3.4814761e+00
   3.4678769e+00
   3.4544003e+00
   3.4410460e+00
   3.4278137e+00
   3.4147030e+00
   3.4017136e+00
   3.3888451e+00
   3.3760969e+00
   3.3634686e+00
   3.3509596e+00
   3.3385694e+00
   3.3262973e+00
   3.3141427e+00
   3.3021049e+00
   3.2901833e+00
   3.2783771e+00
   3.2666855e+00
   3.2551077e+00
   3.2436430e+00
   3.2322906e+00
   3.2210495e+00
   3.2099190e+00
   3.1988981e+00
   3.1879859e+00
   3.1771815e+00
   3.1664840e+00
   3.1558924e+00
   3.1454057e+00
   3.1350231e+00
   3.1247434e+00
   3.1145657e+00
   3.1044891e+00
   3.0945124e+00
   3.0846347e+00
   3.0748549e+00
   3.0651720e+00
   3.0555849e+00
   3.0460927e+00
   3.0366943e+00
   3.0273885e+00
   3.0181745e+00
   3.0090510e+00
   3.0000172e+00
   2.9910718e+00
   2.9822139e+00
   2.9734424e+00
   2.9647563e+00
   2.9561544e+00
   2.9476359e+00
   2.9391996e+00
   2.9308444e+00
   2.9225694e+00
   2.9143735e+00
   2.9062557e+00
   2.8982150e+00
   2.8902504e+00
   2.8823608e+00
   2.8745453e+00
   2.8668028e+00
   2.8591324e+00
   2.8515330e+00
   2.8440038e+00
   2.8365437e+00
   2.8291518e+00
   2.8218271e+00
   2.8145688e+00
   2.8073757e+00
   2.8002471e+00
   2.7931820e+00
   2.7861795e+00
   2.7792388e+00
   2.7723588e+00
   2.7655387e+00
   2.7587777e+00
   2.7520749e+00
   2.7454295e+00
   2.7388405e+00
   2.7323072e+00
   2.7258288e+00
   2.7194043e+00
   2.7130331e+00
   2.7067143e+00
   2.7004471e+00
   2.6942308e+00
   2.6880646e+00
   2.6819477e+00
   2.6758795e+00
   2.6698590e+00
   2.6638857e+00
   2.6579588e+00
   2.6520776e+00
   2.6462414e+00
   2.6404495e+00
   2.6347013e+00
   2.6289960e+00
   2.6233330e+00
   2.6177117e+00
   2.6121313e+00
   2.6065914e+00
   2.6010912e+00
   2.5956301e+00
   2.5902076e+00
   2.5848231e+00
   2.5794758e+00
   2.5741654e+00
   2.5688912e+00
   2.5636526e+00
   2.5584491e+00
   2.5532802e+00
   2.5481452e+00
   2.5430438e+00
   2.5379754e+00
   2.5329394e+00
   2.5279353e+00
   2.5229628e+00
   2.5180212e+00
   2.5131101e+00
   2.5082291e+00
   2.5033776e+00
   2.4985553e+00
   2.4937616e+00
   2.4889961e+00
   2.4842585e+00
   2.4795482e+00
   2.4748648e+00
   2.4702080e+00
   2.4655774e+00
   2.4609725e+00
   2.4563929e+00
   2.4518383e+00
   2.4473082e+00
   2.4428024e+00
   2.4383205e+00
   2.4338620e+00
   2.4294267e+00
   2.4250141e+00
   2.4206240e+00
   2.4162560e+00
   2.4119098e+00
   2.4075851e+00
   2.4032815e+00
   2.3989988e+00
   2.3947365e+00
   2.3904945e+00
   2.3862725e+00
   2.3820701e+00
   2.3778870e+00
   2.3737230e+00
   2.3695778e+00
   2.3654512e+00
   2.3613428e+00
   2.3572524e+00
   2.3531797e+00
   2.3491246e+00
   2.3450867e+00
   2.3410658e+00
   2.3370617e+00
   2.3330741e+00
   2.3291028e+00
   2.3251476e+00
   2.3212083e+00
   2.3172846e+00
   2.3133763e+00
   2.3094832e+00
   2.3056052e+00
   2.3017419e+00
   2.2978933e+00
   2.2940591e+00
   2.2902391e+00
   2.2864332e+00
   2.2826411e+00
   2.2788627e+00
   2.2750978e+00
   2.2713462e+00
   2.2676077e+00
   2.2638823e+00
   2.2601696e+00
   2.2564696e+00
   2.2527821e+00
   2.2491069e+00
   2.2454440e+00
   2.2417930e+00
   2.2381540e+00
   2.2345267e+00
   2.2309110e+00
   2.2273067e+00
   2.2237138e+00
   2.2201321e+00
   2.2165614e+00
   2.2130017e+00
   2.2094527e+00
   2.2059145e+00
   2.2023868e+00
   2.1988695e+00
   2.1953626e+00
   2.1918658e+00
   2.1883791e+00
   2.1849024e+00
   2.1814356e+00
   2.1779785e+00
   2.1745311e+00
   2.1710932e+00
   2.1676648e+00
   2.1642457e+00
   2.1608359e+00
   2.1574352e+00
   2.1540436e+00
   2.1506609e+00
   2.1472871e+00
   2.1439221e+00
   2.1405658e+00
   2.1372181e+00
   2.1338789e+00
   2.1305482e+00
   2.1272258e+00
   2.1239117e+00
   2.1206058e+00
   2.1173080e+00
   2.1140183e+00
   2.1107365e+00
   2.1074627e+00
   2.1041966e+00
   2.1009384e+00
   2.0976878e+00
   2.0944448e+00
   2.0912094e+00
   2.0879815e+00
   2.0847610e+00
   2.0815479e+00
   2.0783420e+00
   2.0751434e+00
   2.0719520e+00
   2.0687677e+00
   2.0655904e+00
   2.0624202e+00
   2.0592569e+00
   2.0561005e+00
   2.0529509e+00
   2.0498081e+00
   2.0466721e+00
   2.0435427e+00
   2.0404200e+00
   2.0373039e+00
   2.0341942e+00
   2.0310911e+00
   2.0279944e+00
   2.0249042e+00
   2.0218202e+00
   2.0187426e+00
   2.0156712e+00
   2.0126061e+00
   2.0095471e+00
   2.0064942e+00
   2.0034475e+00
   2.0004068e+00
   1.9973721e+00
   1.9943434e+00
   1.9913207e+00
   1.9883038e+00
   1.9852928e+00
   1.9822877e+00
   1.9792883e+00
   1.9762947e+00
   1.9733068e+00
   1.9703246e+00
   1.9673480e+00
   1.9643771e+00
   1.9614118e+00
   1.9584520e+00
   1.9554977e+00
   1.9525490e+00
   1.9496057e+00
   1.9466679e+00
   1.9437354e+00
   1.9408084e+00
   1.9378867e+00
   1.9349703e+00
   1.9320592e+00
   1.9291534e+00
   1.9262528e+00
   1.9233575e+00
   1.9204673e+00
   1.9175823e+00
   1.9147025e+00
   1.9118278e+00
   1.9089581e+00
   1.9060935e+00
   1.9032340e+00
   1.9003795e+00
   1.8975300e+00
   1.8946855e+00
   1.8918459e+00
   1.8890113e+00
   1.8861815e+00
   1.8833567e+00
   1.8805367e+00
   1.8777216e+00
   1.8749113e+00
   1.8721058e+00
   1.8693052e+00
   1.8665092e+00
   1.8637181e+00
   1.8609316e+00
   1.8581499e+00
   1.8553729e+00
   1.8526005e+00
   1.8498328e+00
   1.8470698e+00
   1.8443114e+00
   1.8415576e+00
   1.8388083e+00
   1.8360637e+00
   1.8333236e+00
   1.8305881e+00
   1.8278570e+00
   1.8251305e+00
   1.8224085e+00
   1.8196910e+00
   1.8169779e+00
   1.8142693e+00
   1.8115651e+00
   1.8088653e+00
   1.8061699e+00
   1.8034790e+00
   1.8007924e+00
   1.7981101e+00
   1.7954323e+00
   1.7927587e+00
   1.7900895e+00
   1.7874246e+00
   1.7847639e+00
   1.7821076e+00
   1.7794555e+00
   1.7768077e+00
   1.7741642e+00
   1.7715248e+00
   1.7688897e+00
   1.7662588e+00
   1.7636321e+00
   1.7610096e+00
   1.7583912e+00
   1.7557770e+00
   1.7531670e+00
   1.7505611e+00
   1.7479593e+00
   1.7453617e+00
   1.7427681e+00
   1.7401787e+00
   1.7375933e+00
   1.7350120e+00
   1.7324347e+00
   1.7298616e+00
   1.7272924e+00
   1.7247273e+00
   1.7221662e+00
   1.7196091e+00
   1.7170560e+00
   1.7145070e+00
   1.7119618e+00
   1.7094207e+00
   1.7068835e+00
   1.7043503e+00
   1.7018210e+00
   1.6992957e+00
   1.6967743e+00
   1.6942568e+00
   1.6917432e+00
   1.6892335e+00
   1.6867277e+00
   1.6842257e+00
   1.6817277e+00
   1.6792335e+00
   1.6767431e+00
   1.6742567e+00
   1.6717740e+00
   1.6692952e+00
   1.6668201e+00
   1.6643489e+00
   1.6618815e+00
   1.6594179e+00
   1.6569581e+00
   1.6545021e+00
   1.6520498e+00
   1.6496013e+00
   1.6471566e+00
   1.6447156e+00
   1.6422783e+00
   1.6398448e+00
   1.6374149e+00
   1.6349889e+00
   1.6325665e+00
   1.6301478e+00
   1.6277328e+00
   1.6253215e+00
   1.6229139e+00
   1.6205099e+00
   1.6181096e+00
   1.6157130e+00
   1.6133200e+00
   1.6109307e+00
   1.6085450e+00
   1.6061629e+00
   1.6037844e+00
   1.6014096e+00
   1.5990383e+00
   1.5966707e+00
   1.5943067e+00
   1.5919462e+00
   1.5895893e+00
   1.5872360e+00
   1.5848863e+00
   1.5825401e+00
   1.5801975e+00
   1.5778584e+00
   1.5755229e+00
   1.5731909e+00
   1.5708624e+00
   1.5685375e+00
   1.5662160e+00
   1.5638981e+00
   1.5615837e+00
   1.5592727e+00
   1.5569653e+00
   1.5546613e+00
   1.5523608e+00
   1.5500638e+00
   1.5477702e+00
   1.5454801e+00
   1.5431935e+00
   1.5409103e+00
   1.5386305e+00
   1.5363542e+00
   1.5340813e+00
   1.5318118e+00
   1.5295457e+00
   1.5272831e+00
   1.5250238e+00
   1.5227680e+00
   1.5205155e+00
   1.5182664e+00
   1.5160207e+00
   1.5137784e+00
   1.5115394e+00
   1.5093038e+00
   1.5070716e+00
   1.5048427e+00
   1.5026171e+00
   1.5003949e+00
   1.4981761e+00
   1.4959605e+00
   1.4937483e+00
   1.4915394e+00
   1.4893338e+00
   1.4871315e+00
   1.4849325e+00
   1.4827368e+00
   1.4805444e+00
   1.4783553e+00
   1.4761694e+00
   1.4739869e+00
   1.4718076e+00
   1.4696315e+00
   1.4674587e+00
   1.4652892e+00
   1.4631229e+00
   1.4609599e+00
   1.4588000e+00
   1.4566435e+00
   1.4544901e+00
   1.4523400e+00
   1.4501930e+00
   1.4480493e+00
   1.4459088e+00
   1.4437715e+00
   1.4416373e+00
   1.4395064e+00
   1.4373787e+00
   1.4352541e+00
   1.4331327e+00
   1.4310144e+00
   1.4288994e+00
   1.4267874e+00
   1.4246787e+00
   1.4225730e+00
   1.4204706e+00
   1.4183712e+00
   1.4162750e+00
   1.4141819e+00
   1.4120920e+00
   1.4100051e+00
   1.4079214e+00
   1.4058408e+00
   1.4037632e+00
   1.4016888e+00
   1.3996175e+00
   1.3975492e+00
   1.3954840e+00
   1.3934220e+00
   1.3913629e+00
   1.3893070e+00
   1.3872541e+00
   1.3852043e+00
   1.3831575e+00
   1.3811138e+00
   1.3790731e+00
   1.3770354e+00
   1.3750008e+00
   1.3729692e+00
   1.3709407e+00
   1.3689151e+00
   1.3668926e+00
   1.3648731e+00
   1.3628566e+00
   1.3608430e+00
   1.3588325e+00
   1.3568250e+00
   1.3548205e+00
   1.3528189e+00
   1.3508203e+00
   1.3488247e+00
   1.3468321e+00
   1.3448424e+00
   1.3428557e+00
   1.3408719e+00
   1.3388911e+00
   1.3369132e+00
   1.3349383e+00
   1.3329663e+00
   1.3309972e+00
   1.3290311e+00
   1.3270679e+00
   1.3251076e+00
   1.3231502e+00
   1.3211957e+00
   1.3192442e+00
   1.3172955e+00
   1.3153497e+00
   1.3134068e+00
   1.3114668e+00
   1.3095297e+00
   1.3075955e+00
   1.3056641e+00
   1.3037356e+00
   1.3018100e+00
   1.2998872e+00
   1.2979673e+00
   1.2960502e+00
   1.2941360e+00
   1.2922246e+00
   1.2903161e+00
   1.2884104e+00
   1.2865075e+00
   1.2846074e+00
   1.2827102e+00
   1.2808158e+00
   1.2789241e+00
   1.2770353e+00
   1.2751493e+00
   1.2732661e+00
   1.2713857e+00
   1.2695081e+00
   1.2676333e+00
   1.2657612e+00
   1.2638920e+00
   1.2620255e+00
   1.2601617e+00
   1.2583008e+00
   1.2564426e+00
   1.2545871e+00
   1.2527344e+00
   1.2508845e+00
   1.2490373e+00
   1.2471928e+00
   1.2453511e+00
   1.2435121e+00
   1.2416758e+00
   1.2398423e+00
   1.2380114e+00
   1.2361833e+00
   1.2343579e+00
   1.2325352e+00
   1.2307152e+00
   1.2288979e+00
   1.2270833e+00
   1.2252714e+00
   1.2234622e+00
   1.2216556e+00
   1.2198517e+00
   1.2180505e+00
   1.2162520e+00
   1.2144562e+00
   1.2126630e+00
   1.2108724e+00
   1.2090845e+00
   1.2072993e+00
   1.2055167e+00
   1.2037367e+00
   1.2019594e+00
   1.2001847e+00
   1.1984127e+00
   1.1966432e+00
   1.1948764e+00
   1.1931122e+00
   1.1913507e+00
   1.1895917e+00
   1.1878353e+00
   1.1860816e+00
   1.1843304e+00
   1.1825818e+00
   1.1808359e+00
   1.1790925e+00
   1.1773517e+00
   1.1756134e+00
   1.1738778e+00
   1.1721447e+00
   1.1704142e+00
   1.1686862e+00
   1.1669608e+00
   1.1652380e+00
   1.1635177e+00
   1.1617999e+00
   1.1600847e+00
   1.1583720e+00
   1.1566619e+00
   1.1549543e+00
   1.1532492e+00
   1.1515467e+00
   1.1498467e+00
   1.1481492e+00
   1.1464542e+00
   1.1447617e+00
   1.1430717e+00
   1.1413842e+00
   1.1396992e+00
   1.1380167e+00
   1.1363367e+00
   1.1346592e+00
   1.1329842e+00
   1.1313116e+00
   1.1296416e+00
   1.1279740e+00
   1.1263088e+00
   1.1246462e+00
   1.1229859e+00
   1.1213282e+00
   1.1196729e+00
   1.1180200e+00
   1.1163696e+00
   1.1147217e+00
   1.1130761e+00
   1.1114330e+00
   1.1097924e+00
   1.1081541e+00
   1.1065183e+00
   1.1048849e+00
   1.1032540e+00
   1.1016254e+00
   1.0999992e+00
   1.0983755e+00
   1.0967542e+00
   1.0951352e+00
   1.0935187e+00
   1.0919045e+00
   1.0902927e+00
   1.0886833e+00
   1.0870763e+00
   1.0854717e+00
   1.0838694e+00
   1.0822695e+00
   1.0806720e+00
   1.0790769e+00
   1.0774841e+00
   1.0758936e+00
   1.0743055e+00
   1.0727198e+00
   1.0711364e+00
   1.0695553e+00
   1.0679766e+00
   1.0664002e+00
   1.0648261e+00
   1.0632544e+00
   1.0616850e+00
   1.0601179e+00
   1.0585531e+00
   1.0569907e+00
   1.0554305e+00
   1.0538727e+00
   1.0523172e+00
   1.0507639e+00
   1.0492130e+00
   1.0476644e+00
   1.0461180e+00
   1.0445739e+00
   1.0430321e+00
   1.0414926e+00
   1.0399554e+00
   1.0384204e+00
   1.0368877e+00
   1.0353573e+00
   1.0338291e+00
   1.0323032e+00
   1.0307796e+00
   1.0292582e+00
   1.0277390e+00
   1.0262221e+00
   1.0247075e+00
   1.0231951e+00
   1.0216849e+00
   1.0201769e+00
   1.0186712e+00
   1.0171677e+00
   1.0156664e+00
   1.0141673e+00
   1.0126705e+00
   1.0111759e+00
   1.0096834e+00
   1.0081932e+00
   1.0067052e+00
   1.0052194e+00
   1.0037357e+00
   1.0022543e+00
   1.0007751e+00
   9.9929801e-01
   9.9782313e-01
   9.9635044e-01
   9.9487992e-01
   9.9341157e-01
   9.9194539e-01
   9.9048138e-01
   9.8901953e-01
   9.8755984e-01
   9.8610231e-01
   9.8464693e-01
   9.8319370e-01
   9.8174262e-01
   9.8029368e-01
   9.7884688e-01
   9.7740222e-01
   9.7595970e-01
   9.7451930e-01
   9.7308103e-01
   9.7164489e-01
   9.7021087e-01
   9.6877896e-01
   9.6734918e-01
   9.6592150e-01
   9.6449593e-01
   9.6307247e-01
   9.6165111e-01
   9.6023185e-01
   9.5881469e-01
   9.5739962e-01
   9.5598664e-01
   9.5457574e-01
   9.5316694e-01
   9.5176021e-01
   9.5035556e-01
   9.4895298e-01
   9.4755247e-01
   9.4615404e-01
   9.4475767e-01
   9.4336336e-01
   9.4197111e-01
   9.4058091e-01
   9.3919277e-01
   9.3780668e-01
   9.3642264e-01
   9.3504064e-01
   9.3366068e-01
   9.3228275e-01
   9.3090687e-01
   9.2953301e-01
   9.2816119e-01
   9.2679138e-01
   9.2542361e-01
   9.2405785e-01
   9.2269411e-01
   9.2133238e-01
   9.1997266e-01
   9.1861495e-01
   9.1725925e-01
   9.1590554e-01
   9.1455384e-01
   9.1320413e-01
   9.1185641e-01
   9.1051069e-01
   9.0916695e-01
   9.0782519e-01
   9.0648542e-01
   9.0514762e-01
   9.0381180e-01
   9.0247795e-01
   9.0114607e-01
   8.9981616e-01
   8.9848821e-01
   8.9716222e-01
   8.9583819e-01
   8.9451611e-01
   8.9319598e-01
   8.9187781e-01
   8.9056157e-01
   8.8924729e-01
   8.8793494e-01
   8.8662453e-01
   8.8531605e-01
   8.8400951e-01
   8.8270489e-01
   8.8140220e-01
   8.8010143e-01
   8.7880259e-01
   8.7750566e-01
   8.7621064e-01
   8.7491754e-01
   8.7362634e-01
   8.7233705e-01
   8.7104967e-01
   8.6976418e-01
   8.6848059e-01
   8.6719890e-01
   8.6591910e-01
   8.6464118e-01
   8.6336516e-01
   8.6209101e-01
   8.6081875e-01
   8.5954836e-01
   8.5827985e-01
   8.5701322e-01
   8.5574845e-01
   8.5448555e-01
   8.5322451e-01
   8.5196533e-01
   8.5070801e-01
   8.4945255e-01
   8.4819894e-01
   8.4694718e-01
   8.4569727e-01
   8.4444920e-01
   8.4320297e-01
   8.4195858e-01
   8.4071603e-01
   8.3947532e-01
   8.3823643e-01
   8.3699937e-01
   8.3576414e-01
   8.3453073e-01
   8.3329914e-01
   8.3206937e-01
   8.3084141e-01
   8.2961527e-01
   8.2839093e-01
   8.2716841e-01
   8.2594768e-01
   8.2472876e-01
   8.2351163e-01
   8.2229630e-01
   8.2108277e-01
   8.1987102e-01
   8.1866107e-01
   8.1745290e-01
   8.1624651e-01
   8.1504190e-01
   8.1383907e-01
   8.1263801e-01
   8.1143873e-01
   8.1024122e-01
   8.0904547e-01
   8.0785149e-01
   8.0665926e-01
   8.0546880e-01
   8.0428010e-01
   8.0309314e-01
   8.0190794e-01
   8.0072449e-01
   7.9954279e-01
   7.9836283e-01
   7.9718460e-01
   7.9600812e-01
   7.9483338e-01
   7.9366036e-01
   7.9248908e-01
   7.9131952e-01
   7.9015169e-01
   7.8898559e-01
   7.8782120e-01
   7.8665854e-01
   7.8549758e-01
   7.8433834e-01
   7.8318081e-01
   7.8202499e-01
   7.8087088e-01
   7.7971846e-01
   7.7856775e-01
   7.7741873e-01
   7.7627141e-01
   7.7512578e-01
   7.7398184e-01
   7.7283959e-01
   7.7169903e-01
   7.7056015e-01
   7.6942294e-01
   7.6828742e-01
   7.6715357e-01
   7.6602139e-01
   7.6489089e-01
   7.6376205e-01
   7.6263487e-01
   7.6150936e-01
   7.6038551e-01
   7.5926332e-01
   7.5814278e-01
   7.5702390e-01
   7.5590666e-01
   7.5479108e-01
   7.5367714e-01
   7.5256484e-01
   7.5145419e-01
   7.5034517e-01
   7.4923779e-01
   7.4813204e-01
   7.4702792e-01
   7.4592544e-01
   7.4482457e-01
   7.4372534e-01
   7.4262772e-01
   7.4153172e-01
   7.4043734e-01
   7.3934458e-01
   7.3825342e-01
   7.3716388e-01
   7.3607594e-01
   7.3498961e-01
   7.3390488e-01
   7.3282175e-01
   7.3174021e-01
   7.3066028e-01
   7.2958193e-01
   7.2850518e-01
   7.2743001e-01
   7.2635643e-01
   7.2528444e-01
   7.2421402e-01
   7.2314519e-01
   7.2207793e-01
   7.2101224e-01
   7.1994813e-01
   7.1888558e-01
   7.1782461e-01
   7.1676520e-01
   7.1570735e-01
   7.1465106e-01
   7.1359633e-01
   7.1254315e-01
   7.1149153e-01
   7.1044146e-01
   7.0939294e-01
   7.0834597e-01
   7.0730054e-01
   7.0625665e-01
   7.0521430e-01
   7.0417349e-01
   7.0313421e-01
   7.0209647e-01
   7.0106025e-01
   7.0002557e-01
   6.9899241e-01
   6.9796078e-01
   6.9693066e-01
   6.9590207e-01
   6.9487499e-01
   6.9384943e-01
   6.9282538e-01
   6.9180284e-01
   6.9078181e-01
   6.8976229e-01
   6.8874427e-01
   6.8772775e-01
   6.8671273e-01
   6.8569920e-01
   6.8468718e-01
   6.8367664e-01
   6.8266759e-01
   6.8166004e-01
   6.8065397e-01
   6.7964938e-01
   6.7864627e-01
   6.7764465e-01
   6.7664450e-01
   6.7564582e-01
   6.7464862e-01
   6.7365289e-01
   6.7265863e-01
   6.7166584e-01
   6.7067450e-01
   6.6968464e-01
   6.6869623e-01
   6.6770928e-01
   6.6672378e-01
   6.6573974e-01
   6.6475715e-01
   6.6377601e-01
   6.6279631e-01
   6.6181806e-01
   6.6084125e-01
   6.5986589e-01
   6.5889196e-01
   6.5791947e-01
   6.5694841e-01
   6.5597878e-01
   6.5501059e-01
   6.5404382e-01
   6.5307848e-01
   6.5211456e-01
   6.5115207e-01
   6.5019099e-01
   6.4923133e-01
   6.4827309e-01
   6.4731626e-01
   6.4636084e-01
   6.4540683e-01
   6.4445422e-01
   6.4350302e-01
   6.4255323e-01
   6.4160483e-01
   6.4065784e-01
   6.3971224e-01
   6.3876803e-01
   6.3782522e-01
   6.3688380e-01
   6.3594376e-01
   6.3500512e-01
   6.3406785e-01
   6.3313197e-01
   6.3219747e-01
   6.3126435e-01
   6.3033260e-01
   6.2940223e-01
   6.2847323e-01
   6.2754560e-01
   6.2661934e-01
   6.2569444e-01
   6.2477091e-01
   6.2384874e-01
   6.2292793e-01
   6.2200848e-01
   6.2109039e-01
   6.2017364e-01
   6.1925825e-01
   6.1834422e-01
   6.1743152e-01
   6.1652018e-01
   6.1561018e-01
   6.1470152e-01
   6.1379420e-01
   6.1288822e-01
   6.1198357e-01
   6.1108026e-01
   6.1017828e-01
   6.0927763e-01
   6.0837831e-01
   6.0748032e-01
   6.0658365e-01
   6.0568830e-01
   6.0479427e-01
   6.0390157e-01
   6.0301017e-01
   6.0212010e-01
   6.0123133e-01
   6.0034388e-01
   5.9945773e-01
   5.9857290e-01
   5.9768936e-01
   5.9680713e-01
   5.9592620e-01
   5.9504657e-01
   5.9416824e-01
   5.9329120e-01
   5.9241546e-01
   5.9154101e-01
   5.9066785e-01
   5.8979597e-01
   5.8892538e-01
   5.8805608e-01
   5.8718805e-01
   5.8632131e-01
   5.8545585e-01
   5.8459166e-01
   5.8372874e-01
   5.8286710e-01
   5.8200673e-01
   5.8114763e-01
   5.8028980e-01
   5.7943323e-01
   5.7857792e-01
   5.7772388e-01
   5.7687109e-01
   5.7601957e-01
   5.7516929e-01
   5.7432028e-01
   5.7347251e-01
   5.7262600e-01
   5.7178073e-01
   5.7093671e-01
   5.7009394e-01
   5.6925240e-01
   5.6841211e-01
   5.6757306e-01
   5.6673525e-01
   5.6589867e-01
   5.6506332e-01
   5.6422921e-01
   5.6339633e-01
   5.6256467e-01
   5.6173425e-01
   5.6090504e-01
   5.6007706e-01
   5.5925030e-01
   5.5842476e-01
   5.5760044e-01
   5.5677734e-01
   5.5595544e-01
   5.5513476e-01
   5.5431529e-01
   5.5349703e-01
   5.5267998e-01
   5.5186413e-01
   5.5104948e-01
   5.5023604e-01
   5.4942379e-01
   5.4861275e-01
   5.4780290e-01
   5.4699424e-01
   5.4618678e-01
   5.4538050e-01
   5.4457542e-01
   5.4377153e-01
   5.4296882e-01
   5.4216729e-01
   5.4136694e-01
   5.4056778e-01
   5.3976980e-01
   5.3897299e-01
   5.3817735e-01
   5.3738289e-01
   5.3658961e-01
   5.3579749e-01
   5.3500654e-01
   5.3421676e-01
   5.3342814e-01
   5.3264068e-01
   5.3185439e-01
   5.3106926e-01
   5.3028528e-01
   5.2950246e-01
   5.2872080e-01
   5.2794029e-01
   5.2716093e-01
   5.2638271e-01
   5.2560565e-01
   5.2482973e-01
   5.2405496e-01
   5.2328133e-01
   5.2250884e-01
   5.2173749e-01
   5.2096728e-01
   5.2019821e-01
   5.1943026e-01
   5.1866346e-01
   5.1789778e-01
   5.1713323e-01
   5.1636981e-01
   5.1560751e-01
   5.1484634e-01
   5.1408630e-01
   5.1332737e-01
   5.1256956e-01
   5.1181287e-01
   5.1105730e-01
   5.1030284e-01
   5.0954950e-01
   5.0879726e-01
   5.0804614e-01
   5.0729612e-01
   5.0654721e-01
   5.0579940e-01
   5.0505270e-01
   5.0430710e-01
   5.0356260e-01
   5.0281919e-01
   5.0207689e-01
   5.0133567e-01
   5.0059555e-01
   4.9985653e-01
   4.9911859e-01
   4.9838174e-01
   4.9764598e-01
   4.9691130e-01
   4.9617771e-01
   4.9544520e-01
   4.9471377e-01
   4.9398342e-01
   4.9325415e-01
   4.9252595e-01
   4.9179882e-01
   4.9107277e-01
   4.9034779e-01
   4.8962388e-01
   4.8890104e-01
   4.8817926e-01
   4.8745855e-01
   4.8673890e-01
   4.8602031e-01
   4.8530279e-01
   4.8458632e-01
   4.8387091e-01
   4.8315655e-01
   4.8244325e-01
   4.8173100e-01
   4.8101980e-01
   4.8030964e-01
   4.7960054e-01
   4.7889248e-01
   4.7818547e-01
   4.7747950e-01
   4.7677457e-01
   4.7607069e-01
   4.7536784e-01
   4.7466602e-01
   4.7396524e-01
   4.7326550e-01
   4.7256679e-01
   4.7186911e-01
   4.7117246e-01
   4.7047683e-01
   4.6978223e-01
   4.6908866e-01
   4.6839611e-01
   4.6770458e-01
   4.6701407e-01
   4.6632458e-01
   4.6563611e-01
   4.6494866e-01
   4.6426221e-01
   4.6357678e-01
   4.6289236e-01
   4.6220896e-01
   4.6152655e-01
   4.6084516e-01
   4.6016477e-01
   4.5948539e-01
   4.5880700e-01
   4.5812962e-01
   4.5745324e-01
   4.5677786e-01
   4.5610347e-01
   4.5543007e-01
   4.5475767e-01
   4.5408627e-01
   4.5341585e-01
   4.5274642e-01
   4.5207798e-01
   4.5141053e-01
   4.5074406e-01
   4.5007857e-01
   4.4941407e-01
   4.4875054e-01
   4.4808800e-01
   4.4742643e-01
   4.4676584e-01
   4.4610622e-01
   4.4544758e-01
   4.4478990e-01
   4.4413320e-01
   4.4347747e-01
   4.4282271e-01
   4.4216891e-01
   4.4151607e-01
   4.4086420e-01
   4.4021329e-01
   4.3956334e-01
   4.3891435e-01
   4.3826632e-01
   4.3761924e-01
   4.3697312e-01
   4.3632795e-01
   4.3568373e-01
   4.3504047e-01
   4.3439815e-01
   4.3375678e-01
   4.3311636e-01
   4.3247688e-01
   4.3183835e-01
   4.3120076e-01
   4.3056410e-01
   4.2992839e-01
   4.2929362e-01
   4.2865978e-01
   4.2802688e-01
   4.2739491e-01
   4.2676387e-01
   4.2613377e-01
   4.2550459e-01
   4.2487635e-01
   4.2424903e-01
   4.2362263e-01
   4.2299716e-01
   4.2237262e-01
   4.2174899e-01
   4.2112629e-01
   4.2050450e-01
   4.1988363e-01
   4.1926368e-01
   4.1864464e-01
   4.1802652e-01
   4.1740931e-01
   4.1679301e-01
   4.1617761e-01
   4.1556313e-01
   4.1494955e-01
   4.1433688e-01
   4.1372511e-01
   4.1311425e-01
   4.1250429e-01
   4.1189522e-01
   4.1128706e-01
   4.1067979e-01
   4.1007342e-01
   4.0946795e-01
   4.0886336e-01
   4.0825967e-01
   4.0765687e-01
   4.0705496e-01
   4.0645394e-01
   4.0585381e-01
   4.0525456e-01
   4.0465619e-01
   4.0405871e-01
   4.0346211e-01
   4.0286639e-01
   4.0227155e-01
   4.0167759e-01
   4.0108450e-01
   4.0049229e-01
   3.9990096e-01
   3.9931049e-01
   3.9872090e-01
   3.9813218e-01
   3.9754433e-01
   3.9695734e-01
   3.9637122e-01
   3.9578596e-01
   3.9520157e-01
   3.9461805e-01
   3.9403538e-01
   3.9345357e-01
   3.9287262e-01
   3.9229253e-01
   3.9171330e-01
   3.9113492e-01
   3.9055739e-01
   3.8998071e-01
   3.8940489e-01
   3.8882992e-01
   3.8825579e-01
   3.8768252e-01
   3.8711008e-01
   3.8653850e-01
   3.8596776e-01
   3.8539786e-01
   3.8482880e-01
   3.8426058e-01
   3.8369320e-01
   3.8312665e-01
   3.8256095e-01
   3.8199607e-01
   3.8143204e-01
   3.8086883e-01
   3.8030645e-01
   3.7974491e-01
   3.7918419e-01
   3.7862431e-01
   3.7806525e-01
   3.7750701e-01
   3.7694960e-01
   3.7639301e-01
   3.7583724e-01
   3.7528229e-01
   3.7472816e-01
   3.7417485e-01
   3.7362236e-01
   3.7307068e-01
   3.7251982e-01
   3.7196976e-01
   3.7142053e-01
   3.7087210e-01
   3.7032448e-01
   3.6977767e-01
   3.6923166e-01
   3.6868647e-01
   3.6814207e-01
   3.6759849e-01
   3.6705570e-01
   3.6651371e-01
   3.6597253e-01
   3.6543214e-01
   3.6489255e-01
   3.6435376e-01
   3.6381576e-01
   3.6327856e-01
   3.6274215e-01
   3.6220653e-01
   3.6167171e-01
   3.6113767e-01
   3.6060442e-01
   3.6007196e-01
   3.5954028e-01
   3.5900939e-01
   3.5847928e-01
   3.5794996e-01
   3.5742142e-01
   3.5689365e-01
   3.5636667e-01
   3.5584046e-01
   3.5531503e-01
   3.5479038e-01
   3.5426650e-01
   3.5374340e-01
   3.5322106e-01
   3.5269950e-01
   3.5217871e-01
   3.5165869e-01
   3.5113943e-01
   3.5062094e-01
   3.5010322e-01
   3.4958626e-01
   3.4907006e-01
   3.4855463e-01
   3.4803996e-01
   3.4752604e-01
   3.4701289e-01
   3.4650049e-01
   3.4598885e-01
   3.4547797e-01
   3.4496784e-01
   3.4445846e-01
   3.4394984e-01
   3.4344196e-01
   3.4293484e-01
   3.4242846e-01
   3.4192284e-01
   3.4141795e-01
   3.4091382e-01
   3.4041043e-01
   3.3990778e-01
   3.3940587e-01
   3.3890471e-01
   3.3840428e-01
   3.3790460e-01
   3.3740565e-01
   3.3690744e-01
   3.3640996e-01
   3.3591322e-01
   3.3541721e-01
   3.3492193e-01
   3.3442739e-01
   3.3393358e-01
   3.3344049e-01
   3.3294813e-01
   3.3245650e-01
   3.3196560e-01
   3.3147542e-01
   3.3098597e-01
   3.3049723e-01
   3.3000922e-01
   3.2952193e-01
   3.2903536e-01
   3.2854951e-01
   3.2806438e-01
   3.2757996e-01
   3.2709625e-01
   3.2661327e-01
   3.2613099e-01
   3.2564943e-01
   3.2516857e-01
   3.2468843e-01
   3.2420900e-01
   3.2373027e-01
   3.2325226e-01
   3.2277494e-01
   3.2229834e-01
   3.2182243e-01
   3.2134723e-01
   3.2087273e-01
   3.2039893e-01
   3.1992584e-01
   3.1945344e-01
   3.1898173e-01
   3.1851073e-01
   3.1804042e-01
   3.1757080e-01
   3.1710188e-01
   3.1663365e-01
   3.1616611e-01
   3.1569927e-01
   3.1523311e-01
   3.1476764e-01
   3.1430286e-01
   3.1383876e-01
   3.1337535e-01
   3.1291262e-01
   3.1245058e-01
   3.1198922e-01
   3.1152854e-01
   3.1106854e-01
   3.1060923e-01
   3.1015058e-01
   3.0969262e-01
   3.0923534e-01
   3.0877872e-01
   3.0832279e-01
   3.0786752e-01
   3.0741293e-01
   3.0695901e-01
   3.0650576e-01
   3.0605318e-01
   3.0560127e-01
   3.0515003e-01
   3.0469945e-01
   3.0424954e-01
   3.0380029e-01
   3.0335171e-01
   3.0290379e-01
   3.0245653e-01
   3.0200993e-01
   3.0156399e-01
   3.0111871e-01
   3.0067408e-01
   3.0023012e-01
   2.9978681e-01
   2.9934415e-01
   2.9890215e-01
   2.9846080e-01
   2.9802010e-01
   2.9758006e-01
   2.9714066e-01
   2.9670192e-01
   2.9626382e-01
   2.9582636e-01
   2.9538956e-01
   2.9495340e-01
   2.9451788e-01
   2.9408301e-01
   2.9364878e-01
   2.9321519e-01
   2.9278224e-01
   2.9234993e-01
   2.9191826e-01
   2.9148723e-01
   2.9105684e-01
   2.9062708e-01
   2.9019795e-01
   2.8976946e-01
   2.8934160e-01
   2.8891438e-01
   2.8848778e-01
   2.8806182e-01
   2.8763648e-01
   2.8721177e-01
   2.8678769e-01
   2.8636424e-01
   2.8594141e-01
   2.8551921e-01
   2.8509763e-01
   2.8467668e-01
   2.8425634e-01
   2.8383663e-01
   2.8341753e-01
   2.8299906e-01
   2.8258120e-01
   2.8216397e-01
   2.8174734e-01
   2.8133134e-01
   2.8091595e-01
   2.8050117e-01
   2.8008700e-01
   2.7967345e-01
   2.7926051e-01
   2.7884817e-01
   2.7843645e-01
   2.7802534e-01
   2.7761483e-01
   2.7720493e-01
   2.7679563e-01
   2.7638694e-01
   2.7597885e-01
   2.7557137e-01
   2.7516449e-01
   2.7475821e-01
   2.7435253e-01
   2.7394745e-01
   2.7354296e-01
   2.7313908e-01
   2.7273579e-01
   2.7233310e-01
   2.7193100e-01
   2.7152950e-01
   2.7112859e-01
   2.7072827e-01
   2.7032855e-01
   2.6992941e-01
   2.6953087e-01
   2.6913291e-01
   2.6873554e-01
   2.6833876e-01
   2.6794257e-01
   2.6754696e-01
   2.6715193e-01
   2.6675749e-01
   2.6636363e-01
   2.6597036e-01
   2.6557766e-01
   2.6518555e-01
   2.6479401e-01
   2.6440306e-01
   2.6401268e-01
   2.6362287e-01
   2.6323365e-01
   2.6284500e-01
   2.6245692e-01
   2.6206942e-01
   2.6168249e-01
   2.6129613e-01
   2.6091034e-01
   2.6052512e-01
   2.6014048e-01
   2.5975640e-01
   2.5937288e-01
   2.5898994e-01
   2.5860756e-01
   2.5822574e-01
   2.5784449e-01
   2.5746381e-01
   2.5708368e-01
   2.5670412e-01
   2.5632512e-01
   2.5594668e-01
   2.5556880e-01
   2.5519147e-01
   2.5481471e-01
   2.5443850e-01
   2.5406285e-01
   2.5368775e-01
   2.5331321e-01
   2.5293922e-01
   2.5256578e-01
   2.5219289e-01
   2.5182056e-01
   2.5144878e-01
   2.5107754e-01
   2.5070686e-01
   2.5033672e-01
   2.4996713e-01
   2.4959808e-01
   2.4922958e-01
   2.4886163e-01
   2.4849422e-01
   2.4812735e-01
   2.4776103e-01
   2.4739524e-01
   2.4703000e-01
   2.4666530e-01
   2.4630114e-01
   2.4593751e-01
   2.4557442e-01
   2.4521187e-01
   2.4484985e-01
   2.4448837e-01
   2.4412743e-01
   2.4376702e-01
   2.4340714e-01
   2.4304779e-01
   2.4268897e-01
   2.4233068e-01
   2.4197293e-01
   2.4161570e-01
   2.4125900e-01
   2.4090283e-01
   2.4054718e-01
   2.4019206e-01
   2.3983747e-01
   2.3948340e-01
   2.3912985e-01
   2.3877682e-01
   2.3842432e-01
   2.3807234e-01
   2.3772088e-01
   2.3736993e-01
   2.3701951e-01
   2.3666960e-01
   2.3632022e-01
   2.3597134e-01
   2.3562299e-01
   2.3527515e-01
   2.3492782e-01
   2.3458101e-01
   2.3423471e-01
   2.3388892e-01
   2.3354364e-01
   2.3319888e-01
   2.3285462e-01
   2.3251087e-01
   2.3216763e-01
   2.3182490e-01
   2.3148267e-01
   2.3114095e-01
   2.3079974e-01
   2.3045903e-01
   2.3011882e-01
   2.2977912e-01
   2.2943992e-01
   2.2910122e-01
   2.2876302e-01
   2.2842532e-01
   2.2808812e-01
   2.2775142e-01
   2.2741522e-01
   2.2707951e-01
   2.2674430e-01
   2.2640959e-01
   2.2607537e-01
   2.2574164e-01
   2.2540841e-01
   2.2507567e-01
   2.2474342e-01
   2.2441167e-01
   2.2408040e-01
   2.2374963e-01
   2.2341934e-01
   2.2308954e-01
   2.2276023e-01
   2.2243141e-01
   2.2210307e-01
   2.2177522e-01
   2.2144785e-01
   2.2112097e-01
   2.2079457e-01
   2.2046866e-01
   2.2014322e-01
   2.1981827e-01
   2.1949379e-01
   2.1916980e-01
   2.1884629e-01
   2.1852325e-01
   2.1820069e-01
   2.1787861e-01
   2.1755701e-01
   2.1723588e-01
   2.1691522e-01
   2.1659504e-01
   2.1627534e-01
   2.1595610e-01
   2.1563734e-01
   2.1531905e-01
   2.1500123e-01
   2.1468388e-01
   2.1436700e-01
   2.1405059e-01
   2.1373465e-01
   2.1341917e-01
   2.1310416e-01
   2.1278961e-01
   2.1247554e-01
   2.1216192e-01
   2.1184877e-01
   2.1153608e-01
   2.1122386e-01
   2.1091209e-01
   2.1060079e-01
   2.1028995e-01
   2.0997957e-01
   2.0966964e-01
   2.0936018e-01
   2.0905117e-01
   2.0874262e-01
   2.0843453e-01
   2.0812689e-01
   2.0781971e-01
   2.0751298e-01
   2.0720670e-01
   2.0690088e-01
   2.0659551e-01
   2.0629059e-01
   2.0598613e-01
   2.0568211e-01
   2.0537854e-01
   2.0507542e-01
   2.0477275e-01
   2.0447053e-01
   2.0416876e-01
   2.0386743e-01
   2.0356654e-01
   2.0326611e-01
   2.0296611e-01
   2.0266656e-01
   2.0236746e-01
   2.0206879e-01
   2.0177057e-01
   2.0147279e-01
   2.0117545e-01
   2.0087854e-01
   2.0058208e-01
   2.0028606e-01
   1.9999047e-01
   1.9969533e-01
   1.9940061e-01
   1.9910634e-01
   1.9881250e-01
   1.9851909e-01
   1.9822612e-01
   1.9793358e-01
   1.9764147e-01
   1.9734980e-01
   1.9705856e-01
   1.9676775e-01
   1.9647737e-01
   1.9618741e-01
   1.9589789e-01
   1.9560880e-01
   1.9532013e-01
   1.9503189e-01
   1.9474408e-01
   1.9445669e-01
   1.9416973e-01
   1.9388319e-01
   1.9359708e-01
   1.9331139e-01
   1.9302612e-01
   1.9274127e-01
   1.9245685e-01
   1.9217284e-01
   1.9188926e-01
   1.9160610e-01
   1.9132335e-01
   1.9104102e-01
   1.9075911e-01
   1.9047762e-01
   1.9019655e-01
   1.8991589e-01
   1.8963564e-01
   1.8935581e-01
   1.8907640e-01
   1.8879739e-01
   1.8851880e-01
   1.8824063e-01
   1.8796286e-01
   1.8768551e-01
   1.8740856e-01
   1.8713203e-01
   1.8685590e-01
   1.8658018e-01
   1.8630487e-01
   1.8602997e-01
   1.8575548e-01
   1.8548139e-01
   1.8520770e-01
   1.8493443e-01
   1.8466155e-01
   1.8438908e-01
   1.8411701e-01
   1.8384535e-01
   1.8357409e-01
   1.8330323e-01
   1.8303277e-01
   1.8276271e-01
   1.8249304e-01
   1.8222378e-01
   1.8195492e-01
   1.8168645e-01
   1.8141839e-01
   1.8115071e-01
   1.8088344e-01
   1.8061656e-01
   1.8035007e-01
   1.8008398e-01
   1.7981829e-01
   1.7955298e-01
   1.7928807e-01
   1.7902355e-01
   1.7875942e-01
   1.7849569e-01
   1.7823234e-01
   1.7796938e-01
   1.7770682e-01
   1.7744464e-01
   1.7718285e-01
   1.7692144e-01
   1.7666043e-01
   1.7639980e-01
   1.7613955e-01
   1.7587969e-01
   1.7562022e-01
   1.7536112e-01
   1.7510242e-01
   1.7484409e-01
   1.7458615e-01
   1.7432859e-01
   1.7407141e-01
   1.7381461e-01
   1.7355819e-01
   1.7330215e-01
   1.7304649e-01
   1.7279121e-01
   1.7253630e-01
   1.7228178e-01
   1.7202763e-01
   1.7177385e-01
   1.7152045e-01
   1.7126743e-01
   1.7101478e-01
   1.7076250e-01
   1.7051060e-01
   1.7025907e-01
   1.7000792e-01
   1.6975713e-01
   1.6950672e-01
   1.6925667e-01
   1.6900700e-01
   1.6875770e-01
   1.6850876e-01
   1.6826020e-01
   1.6801200e-01
   1.6776417e-01
   1.6751670e-01
   1.6726961e-01
   1.6702287e-01
   1.6677651e-01
   1.6653051e-01
   1.6628487e-01
   1.6603959e-01
   1.6579468e-01
   1.6555013e-01
   1.6530595e-01
   1.6506212e-01
   1.6481866e-01
   1.6457555e-01
   1.6433281e-01
   1.6409042e-01
   1.6384840e-01
   1.6360673e-01
   1.6336542e-01
   1.6312447e-01
   1.6288387e-01
   1.6264363e-01
   1.6240374e-01
   1.6216422e-01
   1.6192504e-01
   1.6168622e-01
   1.6144775e-01
   1.6120964e-01
   1.6097188e-01
   1.6073447e-01
   1.6049741e-01
   1.6026070e-01
   1.6002434e-01
   1.5978834e-01
   1.5955268e-01
   1.5931737e-01
   1.5908241e-01
   1.5884780e-01
   1.5861353e-01
   1.5837961e-01
   1.5814604e-01
   1.5791282e-01
   1.5767994e-01
   1.5744740e-01
   1.5721521e-01
   1.5698336e-01
   1.5675185e-01
   1.5652069e-01
   1.5628987e-01
   1.5605939e-01
   1.5582926e-01
   1.5559946e-01
   1.5537000e-01
   1.5514089e-01
   1.5491211e-01
   1.5468367e-01
   1.5445557e-01
   1.5422781e-01
   1.5400038e-01
   1.5377330e-01
   1.5354654e-01
   1.5332013e-01
   1.5309405e-01
   1.5286830e-01
   1.5264289e-01
   1.5241781e-01
   1.5219306e-01
   1.5196865e-01
   1.5174457e-01
   1.5152082e-01
   1.5129740e-01
   1.5107432e-01
   1.5085156e-01
   1.5062914e-01
   1.5040704e-01
   1.5018527e-01
   1.4996383e-01
   1.4974272e-01
   1.4952194e-01
   1.4930148e-01
   1.4908135e-01
   1.4886154e-01
   1.4864206e-01
   1.4842291e-01
   1.4820408e-01
   1.4798557e-01
   1.4776739e-01
   1.4754953e-01
   1.4733199e-01
   1.4711478e-01
   1.4689789e-01
   1.4668132e-01
   1.4646506e-01
   1.4624913e-01
   1.4603352e-01
   1.4581823e-01
   1.4560326e-01
   1.4538860e-01
   1.4517427e-01
   1.4496025e-01
   1.4474655e-01
   1.4453316e-01
   1.4432009e-01
   1.4410734e-01
   1.4389490e-01
   1.4368277e-01
   1.4347096e-01
   1.4325946e-01
   1.4304828e-01
   1.4283741e-01
   1.4262685e-01
   1.4241661e-01
   1.4220667e-01
   1.4199705e-01
   1.4178773e-01
   1.4157873e-01
   1.4137003e-01
   1.4116165e-01
   1.4095357e-01
   1.4074580e-01
   1.4053834e-01
   1.4033119e-01
   1.4012434e-01
   1.3991780e-01
   1.3971157e-01
   1.3950564e-01
   1.3930001e-01
   1.3909470e-01
   1.3888968e-01
   1.3868497e-01
   1.3848056e-01
   1.3827645e-01
   1.3807265e-01
   1.3786915e-01
   1.3766595e-01
   1.3746305e-01
   1.3726045e-01
   1.3705815e-01
   1.3685615e-01
   1.3665445e-01
   1.3645305e-01
   1.3625195e-01
   1.3605115e-01
   1.3585064e-01
   1.3565043e-01
   1.3545052e-01
   1.3525090e-01
   1.3505158e-01
   1.3485255e-01
   1.3465382e-01
   1.3445538e-01
   1.3425724e-01
   1.3405939e-01
   1.3386183e-01
   1.3366457e-01
   1.3346759e-01
   1.3327091e-01
   1.3307452e-01
   1.3287843e-01
   1.3268262e-01
   1.3248710e-01
   1.3229187e-01
   1.3209694e-01
   1.3190229e-01
   1.3170792e-01
   1.3151385e-01
   1.3132006e-01
   1.3112657e-01
   1.3093335e-01
   1.3074043e-01
   1.3054779e-01
   1.3035543e-01
   1.3016336e-01
   1.2997158e-01
   1.2978008e-01
   1.2958886e-01
   1.2939792e-01
   1.2920727e-01
   1.2901690e-01
   1.2882682e-01
   1.2863701e-01
   1.2844749e-01
   1.2825824e-01
   1.2806928e-01
   1.2788060e-01
   1.2769219e-01
   1.2750407e-01
   1.2731622e-01
   1.2712866e-01
   1.2694137e-01
   1.2675436e-01
   1.2656762e-01
   1.2638116e-01
   1.2619498e-01
   1.2600908e-01
   1.2582345e-01
   1.2563809e-01
   1.2545301e-01
   1.2526820e-01
   1.2508367e-01
   1.2489941e-01
   1.2471542e-01
   1.2453171e-01
   1.2434827e-01
   1.2416510e-01
   1.2398220e-01
   1.2379957e-01
   1.2361722e-01
   1.2343513e-01
   1.2325331e-01
   1.2307176e-01
   1.2289049e-01
   1.2270948e-01
   1.2252873e-01
   1.2234826e-01
   1.2216805e-01
   1.2198812e-01
   1.2180844e-01
   1.2162904e-01
   1.2144990e-01
   1.2127102e-01
   1.2109241e-01
   1.2091406e-01
   1.2073598e-01
   1.2055817e-01
   1.2038061e-01
   1.2020332e-01
   1.2002629e-01
   1.1984953e-01
   1.1967302e-01
   1.1949678e-01
   1.1932080e-01
   1.1914508e-01
   1.1896962e-01
   1.1879442e-01
   1.1861948e-01
   1.1844480e-01
   1.1827038e-01
   1.1809622e-01
   1.1792231e-01
   1.1774866e-01
   1.1757527e-01
   1.1740214e-01
   1.1722926e-01
   1.1705664e-01
   1.1688428e-01
   1.1671217e-01
   1.1654031e-01
   1.1636871e-01
   1.1619737e-01
   1.1602628e-01
   1.1585544e-01
   1.1568485e-01
   1.1551452e-01
   1.1534444e-01
   1.1517462e-01
   1.1500504e-01
   1.1483572e-01
   1.1466664e-01
   1.1449782e-01
   1.1432925e-01
   1.1416093e-01
   1.1399285e-01
   1.1382503e-01
   1.1365745e-01
   1.1349013e-01
   1.1332305e-01
   1.1315622e-01
   1.1298963e-01
   1.1282330e-01
   1.1265720e-01
   1.1249136e-01
   1.1232576e-01
   1.1216041e-01
   1.1199530e-01
   1.1183044e-01
   1.1166582e-01
   1.1150144e-01
   1.1133731e-01
   1.1117342e-01
   1.1100978e-01
   1.1084638e-01
   1.1068322e-01
   1.1052030e-01
   1.1035762e-01
   1.1019518e-01
   1.1003299e-01
   1.0987103e-01
   1.0970932e-01
   1.0954785e-01
   1.0938661e-01
   1.0922561e-01
   1.0906486e-01
   1.0890434e-01
   1.0874405e-01
   1.0858401e-01
   1.0842420e-01
   1.0826463e-01
   1.0810530e-01
   1.0794620e-01
   1.0778734e-01
   1.0762872e-01
   1.0747033e-01
   1.0731217e-01
   1.0715425e-01
   1.0699656e-01
   1.0683911e-01
   1.0668189e-01
   1.0652490e-01
   1.0636815e-01
   1.0621162e-01
   1.0605533e-01
   1.0589928e-01
   1.0574345e-01
   1.0558785e-01
   1.0543249e-01
   1.0527735e-01
   1.0512245e-01
   1.0496777e-01
   1.0481333e-01
   1.0465911e-01
   1.0450512e-01
   1.0435136e-01
   1.0419783e-01
   1.0404452e-01
   1.0389145e-01
   1.0373860e-01
   1.0358597e-01
   1.0343358e-01
   1.0328141e-01
   1.0312946e-01
   1.0297774e-01
   1.0282624e-01
   1.0267497e-01
   1.0252393e-01
   1.0237310e-01
   1.0222250e-01
   1.0207213e-01
   1.0192198e-01
   1.0177205e-01
   1.0162234e-01
   1.0147285e-01
   1.0132359e-01
   1.0117454e-01
   1.0102572e-01
   1.0087712e-01
   1.0072874e-01
   1.0058058e-01
   1.0043264e-01
   1.0028492e-01
   1.0013741e-01
   9.9990129e-02
   9.9843063e-02
   9.9696215e-02
   9.9549585e-02
   9.9403173e-02
   9.9256977e-02
   9.9110999e-02
   9.8965236e-02
   9.8819690e-02
