   6.0683006e-01
   6.0622889e-01
   6.0562831e-01
   6.0502834e-01
   6.0442896e-01
   6.0383019e-01
   6.0323201e-01
   6.0263443e-01
   6.0203745e-01
   6.0144107e-01
   6.0084529e-01
   6.0025010e-01
   5.9965550e-01
   5.9906151e-01
   5.9846810e-01
   5.9787529e-01
   5.9728307e-01
   5.9669145e-01
   5.9610041e-01
   5.9550997e-01
   5.9492012e-01
   5.9433086e-01
   5.9374219e-01
   5.9315410e-01
   5.9256661e-01
   5.9197970e-01
   5.9139338e-01
   5.9080764e-01
   5.9022250e-01
   5.8963793e-01
   5.8905395e-01
   5.8847056e-01
   5.8788775e-01
   5.8730552e-01
   5.8672388e-01
   5.8614281e-01
   5.8556233e-01
   5.8498243e-01
   5.8440310e-01
   5.8382436e-01
   5.8324620e-01
   5.8266861e-01
   5.8209160e-01
   5.8151517e-01
   5.8093931e-01
   5.8036404e-01
   5.7978933e-01
   5.7921520e-01
   5.7864165e-01
   5.7806866e-01
   5.7749625e-01
   5.7692442e-01
   5.7635315e-01
   5.7578246e-01
   5.7521233e-01
   5.7464278e-01
   5.7407380e-01
   5.7350538e-01
   5.7293754e-01
   5.7237026e-01
   5.7180354e-01
   5.7123740e-01
   5.7067182e-01
   5.7010680e-01
   5.6954235e-01
   5.6897847e-01
   5.6841515e-01
   5.6785239e-01
   5.6729019e-01
   5.6672856e-01
   5.6616749e-01
   5.6560697e-01
   5.6504702e-01
   5.6448763e-01
   5.6392880e-01
   5.6337052e-01
   5.6281281e-01
   5.6225565e-01
   5.6169904e-01
   5.6114300e-01
   5.6058751e-01
   5.6003257e-01
   5.5947819e-01
   5.5892436e-01
   5.5837109e-01
   5.5781837e-01
   5.5726620e-01
   5.5671459e-01
   5.5616352e-01
   5.5561301e-01
   5.5506304e-01
   5.5451363e-01
   5.5396476e-01
   5.5341644e-01
   5.5286868e-01
   5.5232145e-01
   5.5177478e-01
   5.5122865e-01
   5.5068306e-01
   5.5013803e-01
   5.4959353e-01
   5.4905696e-01
   6.2317827e-01
   6.9566379e-01
   7.6662975e-01
   8.3617717e-01
   9.0440117e-01
   9.7139226e-01
   1.0372364e+00
   1.1020160e+00
   1.1658105e+00
   1.2286978e+00
   1.2907555e+00
   1.3520635e+00
   1.4127067e+00
   1.4727807e+00
   1.5323974e+00
   1.5916941e+00
   1.6508468e+00
   1.7100877e+00
   1.7697314e+00
   1.8302117e+00
   1.8921403e+00
   1.9563960e+00
   2.0242745e+00
   2.0977466e+00
   2.1799434e+00
   2.2761072e+00
   2.3956329e+00
   2.5568291e+00
   2.7991380e+00
   3.2176486e+00
   4.0792906e+00
   6.0540806e+00
   7.6920321e+00
   8.1374222e+00
   8.0199949e+00
   7.7075569e+00
   7.3401187e+00
   6.9659688e+00
   6.6015968e+00
   6.2529128e+00
   5.9222434e+00
   5.6106081e+00
   5.3184512e+00
   5.0458902e+00
   4.7928121e+00
   4.5589246e+00
   4.3437902e+00
   4.1468683e+00
   3.9675301e+00
   3.8050938e+00
   3.6322975e+00
   3.4795250e+00
   3.3448093e+00
   3.2263563e+00
   3.1225664e+00
   3.0319934e+00
   2.9533499e+00
   2.8854811e+00
   2.8273549e+00
   2.7780520e+00
   2.7367503e+00
   2.7027129e+00
   2.6752829e+00
   2.6538715e+00
   2.6379491e+00
   2.6270414e+00
   2.6207225e+00
   2.6186081e+00
   2.6203513e+00
   2.6256389e+00
   2.6341873e+00
   2.6457386e+00
   2.6600589e+00
   2.6769348e+00
   2.6961716e+00
   2.7175902e+00
   2.7410269e+00
   2.7663306e+00
   2.7933621e+00
   2.8219926e+00
   2.8521027e+00
   2.8835819e+00
   2.9163268e+00
   2.9502415e+00
   2.9852361e+00
   3.0212263e+00
   3.0581318e+00
   3.0958785e+00
   3.1343963e+00
   3.1736197e+00
   3.2134855e+00
   3.2539346e+00
   3.2949096e+00
   3.3363580e+00
   3.3782289e+00
   3.4204736e+00
   3.4630460e+00
   3.5059019e+00
   3.5490004e+00
   3.5923018e+00
   3.6357673e+00
   3.6793587e+00
   3.7230442e+00
   3.7667878e+00
   3.8105584e+00
   3.8543270e+00
   3.8980637e+00
   3.9417404e+00
   3.9853315e+00
   4.0288117e+00
   4.0721562e+00
   4.1153425e+00
   4.1583483e+00
   4.2011525e+00
   4.2437358e+00
   4.2860793e+00
   4.3281649e+00
   4.3699763e+00
   4.4114970e+00
   4.4527124e+00
   4.4936078e+00
   4.5341698e+00
   4.5743851e+00
   4.6142422e+00
   4.6537300e+00
   4.6928381e+00
   4.7315568e+00
   4.7698771e+00
   4.8077904e+00
   4.8452895e+00
   4.8823667e+00
   4.9190152e+00
   4.9552299e+00
   4.9910050e+00
   5.0263357e+00
   5.0612171e+00
   5.0956463e+00
   5.1296190e+00
   5.1631330e+00
   5.1961860e+00
   5.2287751e+00
   5.2608998e+00
   5.2925578e+00
   5.3237495e+00
   5.3544737e+00
   5.3847302e+00
   5.4145194e+00
   5.4438412e+00
   5.4726975e+00
   5.5010888e+00
   5.5290163e+00
   5.5564823e+00
   5.5834881e+00
   5.6100354e+00
   5.6361276e+00
   5.6617665e+00
   5.6869548e+00
   5.7116950e+00
   5.7359905e+00
   5.7598456e+00
   5.7832625e+00
   5.8062441e+00
   5.8287957e+00
   5.8509193e+00
   5.8726198e+00
   5.8939018e+00
   5.9147685e+00
   5.9352232e+00
   5.9552712e+00
   5.9749165e+00
   5.9941644e+00
   6.0130185e+00
   6.0314823e+00
   6.0495623e+00
   6.0672617e+00
   6.0845844e+00
   6.1015370e+00
   6.1181230e+00
   6.1343471e+00
   6.1502130e+00
   6.1657271e+00
   6.1808924e+00
   6.1957154e+00
   6.2101989e+00
   6.2243494e+00
   6.2381696e+00
   6.2516662e+00
   6.2648426e+00
   6.2777027e+00
   6.2902521e+00
   6.3024951e+00
   6.3144376e+00
   6.3260826e+00
   6.3374352e+00
   6.3484983e+00
   6.3592787e+00
   6.3697797e+00
   6.3800055e+00
   6.3899596e+00
   6.3996480e+00
   6.4090734e+00
   6.4182419e+00
   6.4271553e+00
   6.4358200e+00
   6.4442394e+00
   6.4524175e+00
   6.4603568e+00
   6.4680639e+00
   6.4755402e+00
   6.4827920e+00
   6.4898216e+00
   6.4966335e+00
   6.5032314e+00
   6.5096176e+00
   6.5157984e+00
   6.5217751e+00
   6.5275521e+00
   6.5331333e+00
   6.5385224e+00
   6.5437227e+00
   6.5487374e+00
   6.5535702e+00
   6.5582245e+00
   6.5627044e+00
   6.5670125e+00
   6.5711519e+00
   6.5751255e+00
   6.5789369e+00
   6.5825897e+00
   6.5860869e+00
   6.5894312e+00
   6.5926257e+00
   6.5956729e+00
   6.5985773e+00
   6.6013412e+00
   6.6039670e+00
   6.6064579e+00
   6.6088180e+00
   6.6110494e+00
   6.6131542e+00
   6.6151359e+00
   6.6169982e+00
   6.6187436e+00
   6.6203742e+00
   6.6218928e+00
   6.6233021e+00
   6.6246049e+00
   6.6258040e+00
   6.6269022e+00
   6.6279022e+00
   6.6288070e+00
   6.6296185e+00
   6.6303403e+00
   6.6309749e+00
   6.6315242e+00
   6.6319915e+00
   6.6323796e+00
   6.6326909e+00
   6.6329281e+00
   6.6330931e+00
   6.6331900e+00
   6.6332203e+00
   6.6331876e+00
   6.6330934e+00
   6.6329418e+00
   6.6327349e+00
   6.6324752e+00
   6.6321646e+00
   6.6318084e+00
   6.6314061e+00
   6.6309607e+00
   6.6304772e+00
   6.6299565e+00
   6.6294011e+00
   6.6288154e+00
   6.6281991e+00
   6.6275578e+00
   6.6268916e+00
   6.6262040e+00
   6.6254976e+00
   6.6247744e+00
   6.6240374e+00
   6.6232895e+00
   6.6225322e+00
   6.6217691e+00
   6.6210009e+00
   6.6202301e+00
   6.6194598e+00
   6.6186910e+00
   6.6179256e+00
   6.6171669e+00
   6.6164159e+00
   6.6156746e+00
   6.6149441e+00
   6.6142259e+00
   6.6135225e+00
   6.6128344e+00
   6.6121625e+00
   6.6115090e+00
   6.6108746e+00
   6.6102608e+00
   6.6096682e+00
   6.6090975e+00
   6.6085499e+00
   6.6080256e+00
   6.6075249e+00
   6.6070482e+00
   6.6065952e+00
   6.6061681e+00
   6.6057647e+00
   6.6053866e+00
   6.6050336e+00
   6.6047052e+00
   6.6044021e+00
   6.6041241e+00
   6.6038700e+00
   6.6036399e+00
   6.6034349e+00
   6.6032531e+00
   6.6030947e+00
   6.6029588e+00
   6.6028445e+00
   6.6027524e+00
   6.6026812e+00
   6.6026310e+00
   6.6026009e+00
   6.6025904e+00
   6.6025988e+00
   6.6026248e+00
   6.6026697e+00
   6.6027312e+00
   6.6028125e+00
   6.6029080e+00
   6.6030177e+00
   6.6031435e+00
   6.6032819e+00
   6.6034345e+00
   6.6036018e+00
   6.6037820e+00
   6.6039717e+00
   6.6041737e+00
   6.6043874e+00
   6.6046117e+00
   6.6048455e+00
   6.6050878e+00
   6.6053408e+00
   6.6056041e+00
   6.6058753e+00
   6.6061566e+00
   6.6064429e+00
   6.6067380e+00
   6.6070393e+00
   6.6073502e+00
   6.6076659e+00
   6.6079898e+00
   6.6083182e+00
   6.6086528e+00
   6.6089915e+00
   6.6093368e+00
   6.6096877e+00
   6.6100439e+00
   6.6104055e+00
   6.6107736e+00
   6.6111452e+00
   6.6115235e+00
   6.6119067e+00
   6.6122936e+00
   6.6126861e+00
   6.6130812e+00
   6.6134817e+00
   6.6138862e+00
   6.6142972e+00
   6.6147128e+00
   6.6151327e+00
   6.6155552e+00
   6.6159860e+00
   6.6164194e+00
   6.6168580e+00
   6.6173018e+00
   6.6177499e+00
   6.6182033e+00
   6.6186618e+00
   6.6191236e+00
   6.6195912e+00
   6.6200633e+00
   6.6205407e+00
   6.6210233e+00
   6.6215114e+00
   6.6220063e+00
   6.6225071e+00
   6.6230129e+00
   6.6235249e+00
   6.6240419e+00
   6.6245662e+00
   6.6250968e+00
   6.6256317e+00
   6.6261732e+00
   6.6267209e+00
   6.6272745e+00
   6.6278369e+00
   6.6284059e+00
   6.6289809e+00
   6.6295642e+00
   6.6301535e+00
   6.6307509e+00
   6.6313543e+00
   6.6319650e+00
   6.6325842e+00
   6.6332116e+00
   6.6338471e+00
   6.6344903e+00
   6.6351412e+00
   6.6357997e+00
   6.6364657e+00
   6.6371393e+00
   6.6378216e+00
   6.6385134e+00
   6.6392140e+00
   6.6399234e+00
   6.6406415e+00
   6.6413682e+00
   6.6421033e+00
   6.6428471e+00
   6.6436038e+00
   6.6443661e+00
   6.6451390e+00
   6.6459210e+00
   6.6467137e+00
   6.6475151e+00
   6.6483269e+00
   6.6491475e+00
   6.6499780e+00
   6.6508225e+00
   6.6516728e+00
   6.6525332e+00
   6.6534082e+00
   6.6542895e+00
   6.6551807e+00
   6.6560860e+00
   6.6569979e+00
   6.6579214e+00
   6.6588607e+00
   6.6598052e+00
   6.6607617e+00
   6.6617334e+00
   6.6627101e+00
   6.6636984e+00
   6.6647014e+00
   6.6657118e+00
   6.6667332e+00
   6.6677679e+00
   6.6688132e+00
   6.6698698e+00
   6.6709369e+00
   6.6720163e+00
   6.6731062e+00
   6.6742086e+00
   6.6753211e+00
   6.6764463e+00
   6.6775814e+00
   6.6787295e+00
   6.6798869e+00
   6.6810636e+00
   6.6822491e+00
   6.6834455e+00
   6.6846521e+00
   6.6858714e+00
   6.6871000e+00
   6.6883473e+00
   6.6896037e+00
   6.6908714e+00
   6.6921485e+00
   6.6934443e+00
   6.6947491e+00
   6.6960653e+00
   6.6973907e+00
   6.6987346e+00
   6.7000879e+00
   6.7014527e+00
   6.7028273e+00
   6.7042210e+00
   6.7056229e+00
   6.7070411e+00
   6.7084716e+00
   6.7099108e+00
   6.7113634e+00
   6.7128302e+00
   6.7143065e+00
   6.7158002e+00
   6.7173027e+00
   6.7188168e+00
   6.7203410e+00
   6.7218849e+00
   6.7234369e+00
   6.7250046e+00
   6.7265838e+00
   6.7281739e+00
   6.7297759e+00
   6.7313921e+00
   6.7330204e+00
   6.7346614e+00
   6.7363161e+00
   6.7379808e+00
   6.7396632e+00
   6.7413552e+00
   6.7430590e+00
   6.7447726e+00
   6.7465059e+00
   6.7482493e+00
   6.7500044e+00
   6.7517697e+00
   6.7535553e+00
   6.7553476e+00
   6.7571533e+00
   6.7589709e+00
   6.7608021e+00
   6.7626473e+00
   6.7645034e+00
   6.7663736e+00
   6.7682574e+00
   6.7701521e+00
   6.7720589e+00
   6.7739809e+00
   6.7759150e+00
   6.7778606e+00
   6.7798230e+00
   6.7817969e+00
   6.7837824e+00
   6.7857790e+00
   6.7877886e+00
   6.7898105e+00
   6.7918456e+00
   6.7938920e+00
   6.7959534e+00
   6.7980241e+00
   6.8001083e+00
   6.8022105e+00
   6.8043251e+00
   6.8064505e+00
   6.8085923e+00
   6.8107456e+00
   6.8129078e+00
   6.8150819e+00
   6.8172699e+00
   6.8194743e+00
   6.8216864e+00
   6.8239112e+00
   6.8261527e+00
   6.8284063e+00
   6.8306696e+00
   6.8329448e+00
   6.8352346e+00
   6.8375418e+00
   6.8398547e+00
   6.8421832e+00
   6.8445246e+00
   6.8468754e+00
   6.8492380e+00
   6.8516143e+00
   6.8540026e+00
   6.8564029e+00
   6.8588143e+00
   6.8612411e+00
   6.8636816e+00
   6.8661336e+00
   6.8685973e+00
   6.8710779e+00
   6.8735671e+00
   6.8760707e+00
   6.8785836e+00
   6.8811078e+00
   6.8836459e+00
   6.8861944e+00
   6.8887562e+00
   6.8913319e+00
   6.8939182e+00
   6.8965186e+00
   6.8991313e+00
   6.9017545e+00
   6.9043915e+00
   6.9070424e+00
   6.9097056e+00
   6.9123809e+00
   6.9150681e+00
   6.9177673e+00
   6.9204785e+00
   6.9232015e+00
   6.9259364e+00
   6.9286831e+00
   6.9314434e+00
   6.9342160e+00
   6.9370006e+00
   6.9397971e+00
   6.9426050e+00
   6.9454250e+00
   6.9482583e+00
   6.9511049e+00
   6.9539622e+00
   6.9568302e+00
   6.9597117e+00
   6.9626044e+00
   6.9655100e+00
   6.9684305e+00
   6.9713620e+00
   6.9743041e+00
   6.9772568e+00
   6.9802223e+00
   6.9832025e+00
   6.9861942e+00
   6.9891937e+00
   6.9922063e+00
   6.9952321e+00
   6.9982691e+00
   7.0013154e+00
   7.0043754e+00
   7.0074494e+00
   7.0105340e+00
   7.0136284e+00
   7.0167338e+00
   7.0198523e+00
   7.0229856e+00
   7.0261321e+00
   7.0292863e+00
   7.0324527e+00
   7.0356299e+00
   7.0388194e+00
   7.0420222e+00
   7.0452395e+00
   7.0484656e+00
   7.0517033e+00
   7.0549525e+00
   7.0582127e+00
   7.0614852e+00
   7.0647706e+00
   7.0680704e+00
   7.0713770e+00
   7.0746956e+00
   7.0780296e+00
   7.0813708e+00
   7.0847242e+00
   7.0880931e+00
   7.0914693e+00
   7.0948551e+00
   7.0982521e+00
   7.1016626e+00
   7.1050816e+00
   7.1085155e+00
   7.1119616e+00
   7.1154182e+00
   7.1188907e+00
   7.1223696e+00
   7.1258591e+00
   7.1293622e+00
   7.1328755e+00
   7.1363997e+00
   7.1399336e+00
   7.1434799e+00
   7.1470382e+00
   7.1506085e+00
   7.1541889e+00
   7.1577779e+00
   7.1613792e+00
   7.1649916e+00
   7.1686188e+00
   7.1722541e+00
   7.1759032e+00
   7.1795643e+00
   7.1832344e+00
   7.1869153e+00
   7.1906076e+00
   7.1943132e+00
   7.1980307e+00
   7.2017592e+00
   7.2054958e+00
   7.2092449e+00
   7.2130040e+00
   7.2167751e+00
   7.2205567e+00
   7.2243502e+00
   7.2281555e+00
   7.2319748e+00
   7.2358035e+00
   7.2396392e+00
   7.2434875e+00
   7.2473463e+00
   7.2512178e+00
   7.2550989e+00
   7.2589923e+00
   7.2628954e+00
   7.2668109e+00
   7.2707344e+00
   7.2746692e+00
   7.2786159e+00
   7.2825721e+00
   7.2865435e+00
   7.2905222e+00
   7.2945146e+00
   7.2985147e+00
   7.3025287e+00
   7.3065509e+00
   7.3105873e+00
   7.3146307e+00
   7.3186855e+00
   7.3227501e+00
   7.3268264e+00
   7.3309125e+00
   7.3350129e+00
   7.3391211e+00
   7.3432420e+00
   7.3473708e+00
   7.3515127e+00
   7.3556630e+00
   7.3598268e+00
   7.3639996e+00
   7.3681860e+00
   7.3723800e+00
   7.3765844e+00
   7.3807989e+00
   7.3850250e+00
   7.3892608e+00
   7.3935110e+00
   7.3977686e+00
   7.4020401e+00
   7.4063192e+00
   7.4106130e+00
   7.4149127e+00
   7.4192226e+00
   7.4235424e+00
   7.4278798e+00
   7.4322220e+00
   7.4365803e+00
   7.4409437e+00
   7.4453240e+00
   7.4497078e+00
   7.4541014e+00
   7.4585032e+00
   7.4629178e+00
   7.4673438e+00
   7.4717807e+00
   7.4762272e+00
   7.4806844e+00
   7.4851488e+00
   7.4896251e+00
   7.4941111e+00
   7.4986097e+00
   7.5031185e+00
   7.5076382e+00
   7.5121676e+00
   7.5167118e+00
   7.5212631e+00
   7.5258267e+00
   7.5303975e+00
   7.5349811e+00
   7.5395726e+00
   7.5441774e+00
   7.5487905e+00
   7.5534176e+00
   7.5580515e+00
   7.5626957e+00
   7.5673519e+00
   7.5720151e+00
   7.5766902e+00
   7.5813733e+00
   7.5860709e+00
   7.5907757e+00
   7.5954928e+00
   7.6002232e+00
   7.6049570e+00
   7.6097037e+00
   7.6144605e+00
   7.6192271e+00
   7.6240051e+00
   7.6287980e+00
   7.6335985e+00
   7.6384080e+00
   7.6432286e+00
   7.6480564e+00
   7.6528938e+00
   7.6577428e+00
   7.6625999e+00
   7.6674673e+00
   7.6723471e+00
   7.6772335e+00
   7.6821336e+00
   7.6870398e+00
   7.6919600e+00
   7.6968865e+00
   7.7018273e+00
   7.7067748e+00
   7.7117366e+00
   7.7167031e+00
   7.7216835e+00
   7.7266753e+00
   7.7316770e+00
   7.7366880e+00
   7.7417063e+00
   7.7467371e+00
   7.7517808e+00
   7.7568327e+00
   7.7618905e+00
   7.7669616e+00
   7.7720466e+00
   7.7771361e+00
   7.7822364e+00
   7.7873446e+00
   7.7924675e+00
   7.7975964e+00
   7.8027365e+00
   7.8078853e+00
   7.8130497e+00
   7.8182203e+00
   7.8234004e+00
   7.8285875e+00
   7.8337916e+00
   7.8390030e+00
   7.8442248e+00
   7.8494516e+00
   7.8546893e+00
   7.8599370e+00
   7.8651997e+00
   7.8704668e+00
   7.8757452e+00
   7.8810316e+00
   7.8863326e+00
   7.8916394e+00
   7.8969581e+00
   7.9022874e+00
   7.9076249e+00
   7.9129696e+00
   7.9183261e+00
   7.9236893e+00
   7.9290661e+00
   7.9344478e+00
   7.9398443e+00
   7.9452510e+00
   7.9506685e+00
   7.9560950e+00
   7.9615300e+00
   7.9669752e+00
   7.9724296e+00
   7.9778945e+00
   7.9833703e+00
   7.9888542e+00
   7.9943481e+00
   7.9998485e+00
   8.0053629e+00
   8.0108893e+00
   8.0164242e+00
   8.0219697e+00
   8.0275209e+00
   8.0330829e+00
   8.0386569e+00
   8.0442449e+00
   8.0498379e+00
   8.0554404e+00
   8.0610576e+00
   8.0666799e+00
   8.0723118e+00
   8.0779522e+00
   8.0835984e+00
   8.0892563e+00
   8.0949225e+00
   8.1006014e+00
   8.1062909e+00
   8.1119882e+00
   8.1176955e+00
   8.1234133e+00
   8.1291396e+00
   8.1348764e+00
   8.1406201e+00
   8.1463762e+00
   8.1521413e+00
   8.1579179e+00
   8.1637027e+00
   8.1694972e+00
   8.1752990e+00
   8.1811095e+00
   8.1869332e+00
   8.1927682e+00
   8.1986156e+00
   8.2044687e+00
   8.2103307e+00
   8.2162021e+00
   8.2220885e+00
   8.2279873e+00
   8.2338881e+00
   8.2398032e+00
   8.2457310e+00
   8.2516585e+00
   8.2575971e+00
   8.2635445e+00
   8.2695020e+00
   8.2754705e+00
   8.2814433e+00
   8.2874305e+00
   8.2934276e+00
   8.2994366e+00
   8.3054514e+00
   8.3114778e+00
   8.3175147e+00
   8.3235602e+00
   8.3296096e+00
   8.3356722e+00
   8.3417449e+00
   8.3478338e+00
   8.3539305e+00
   8.3600347e+00
   8.3661462e+00
   8.3722688e+00
   8.3783971e+00
   8.3845388e+00
   8.3906885e+00
   8.3968502e+00
   8.4030182e+00
   8.4091996e+00
   8.4153883e+00
   8.4215904e+00
   8.4277949e+00
   8.4340105e+00
   8.4402362e+00
   8.4464762e+00
   8.4527184e+00
   8.4589722e+00
   8.4652354e+00
   8.4715144e+00
   8.4777960e+00
   8.4840901e+00
   8.4903930e+00
   8.4967063e+00
   8.5030312e+00
   8.5093625e+00
   8.5157015e+00
   8.5220528e+00
   8.5284177e+00
   8.5347903e+00
   8.5411674e+00
   8.5475494e+00
   8.5539489e+00
   8.5603580e+00
   8.5667749e+00
   8.5732031e+00
   8.5796394e+00
   8.5860828e+00
   8.5925395e+00
   8.5990035e+00
   8.6054775e+00
   8.6119640e+00
   8.6184630e+00
   8.6249664e+00
   8.6314745e+00
   8.6379961e+00
   8.6445246e+00
   8.6510593e+00
   8.6576095e+00
   8.6641668e+00
   8.6707290e+00
   8.6773056e+00
   8.6838925e+00
   8.6904890e+00
   8.6970955e+00
   8.7037108e+00
   8.7103367e+00
   8.7169707e+00
   8.7236108e+00
   8.7302669e+00
   8.7369356e+00
   8.7436086e+00
   8.7502894e+00
   8.7569754e+00
   8.7636777e+00
   8.7703856e+00
   8.7770988e+00
   8.7838302e+00
   8.7905672e+00
   8.7973107e+00
   8.8040732e+00
   8.8108401e+00
   8.8176133e+00
   8.8244046e+00
   8.8312011e+00
   8.8380050e+00
   8.8448139e+00
   8.8516366e+00
   8.8584687e+00
   8.8653145e+00
   8.8721634e+00
   8.8790242e+00
   8.8858936e+00
   8.8927776e+00
   8.8996633e+00
   8.9065591e+00
   8.9134647e+00
   8.9203774e+00
   8.9273043e+00
   8.9342421e+00
   8.9411883e+00
   8.9481443e+00
   8.9551059e+00
   8.9620803e+00
   8.9690669e+00
   8.9760563e+00
   8.9830552e+00
   8.9900659e+00
   8.9970897e+00
   9.0041170e+00
   9.0111548e+00
   9.0182061e+00
   9.0252715e+00
   9.0323387e+00
   9.0394170e+00
   9.0465052e+00
   9.0536017e+00
   9.0607069e+00
   9.0678212e+00
   9.0749445e+00
   9.0820720e+00
   9.0892157e+00
   9.0963693e+00
   9.1035384e+00
   9.1107162e+00
   9.1178988e+00
   9.1250897e+00
   9.1322846e+00
   9.1394969e+00
   9.1467185e+00
   9.1539487e+00
   9.1611868e+00
   9.1684334e+00
   9.1756844e+00
   9.1829479e+00
   9.1902177e+00
   9.1975063e+00
   9.2047975e+00
   9.2120996e+00
   9.2194103e+00
   9.2267303e+00
   9.2340593e+00
   9.2413976e+00
   9.2487452e+00
   9.2561024e+00
   9.2634695e+00
   9.2708465e+00
   9.2782337e+00
   9.2856313e+00
   9.2930397e+00
   9.3004550e+00
   9.3078812e+00
   9.3153160e+00
   9.3227604e+00
   9.3302188e+00
   9.3376812e+00
   9.3451539e+00
   9.3526372e+00
   9.3601353e+00
   9.3676374e+00
   9.3751509e+00
   9.3826712e+00
   9.3902004e+00
   9.3977391e+00
   9.4052875e+00
   9.4128468e+00
   9.4204208e+00
   9.4279981e+00
   9.4355843e+00
   9.4431828e+00
   9.4507884e+00
   9.4584042e+00
   9.4660300e+00
   9.4736636e+00
   9.4813054e+00
   9.4889583e+00
   9.4966214e+00
   9.5042921e+00
   9.5119710e+00
   9.5196613e+00
   9.5273600e+00
   9.5350696e+00
   9.5427879e+00
   9.5505137e+00
   9.5582502e+00
   9.5659962e+00
   9.5737520e+00
   9.5815182e+00
   9.5892966e+00
   9.5970811e+00
   9.6048765e+00
   9.6126804e+00
   9.6204912e+00
   9.6283089e+00
   9.6361395e+00
   9.6439813e+00
   9.6518331e+00
   9.6596929e+00
   9.6675583e+00
   9.6754362e+00
   9.6833237e+00
   9.6912257e+00
   9.6991342e+00
   9.7070562e+00
   9.7149863e+00
   9.7229237e+00
   9.7308731e+00
   9.7388317e+00
   9.7467983e+00
   9.7547742e+00
   9.7627597e+00
   9.7707551e+00
   9.7787597e+00
   9.7867747e+00
   9.7948006e+00
   9.8028371e+00
   9.8108803e+00
   9.8189318e+00
   9.8269935e+00
   9.8350659e+00
   9.8431470e+00
   9.8512402e+00
   9.8593462e+00
   9.8674567e+00
   9.8755741e+00
   9.8837006e+00
   9.8918385e+00
   9.8999887e+00
   9.9081468e+00
   9.9163125e+00
   9.9244887e+00
   9.9326774e+00
   9.9408726e+00
   9.9490711e+00
   9.9572841e+00
   9.9655088e+00
   9.9737454e+00
   9.9819911e+00
   9.9902496e+00
   9.9985154e+00
   1.0006788e+01
   1.0015067e+01
   1.0023360e+01
   1.0031667e+01
   1.0039979e+01
   1.0048300e+01
   1.0056636e+01
   1.0064977e+01
   1.0073329e+01
   1.0081697e+01
   1.0090068e+01
   1.0098452e+01
   1.0106842e+01
   1.0115242e+01
   1.0123652e+01
   1.0132070e+01
   1.0140505e+01
   1.0148945e+01
   1.0157400e+01
   1.0165857e+01
   1.0174324e+01
   1.0182801e+01
   1.0191288e+01
   1.0199784e+01
   1.0208288e+01
   1.0216803e+01
   1.0225326e+01
   1.0233862e+01
   1.0242406e+01
   1.0250962e+01
   1.0259527e+01
   1.0268102e+01
   1.0276686e+01
   1.0285281e+01
   1.0293885e+01
   1.0302501e+01
   1.0311125e+01
   1.0319760e+01
   1.0328404e+01
   1.0337057e+01
   1.0345719e+01
   1.0354394e+01
   1.0363077e+01
   1.0371770e+01
   1.0380474e+01
   1.0389187e+01
   1.0397911e+01
   1.0406646e+01
   1.0415389e+01
   1.0424140e+01
   1.0432903e+01
   1.0441674e+01
   1.0450457e+01
   1.0459250e+01
   1.0468050e+01
   1.0476863e+01
   1.0485684e+01
   1.0494517e+01
   1.0503360e+01
   1.0512215e+01
   1.0521078e+01
   1.0529952e+01
   1.0538836e+01
   1.0547730e+01
   1.0556635e+01
   1.0565551e+01
   1.0574479e+01
   1.0583413e+01
   1.0592354e+01
   1.0601308e+01
   1.0610269e+01
   1.0619245e+01
   1.0628229e+01
   1.0637224e+01
   1.0646231e+01
   1.0655246e+01
   1.0664269e+01
   1.0673308e+01
   1.0682357e+01
   1.0691416e+01
   1.0700485e+01
   1.0709565e+01
   1.0718649e+01
   1.0727741e+01
   1.0736846e+01
   1.0745962e+01
   1.0755086e+01
   1.0764220e+01
   1.0773367e+01
   1.0782524e+01
   1.0791691e+01
   1.0800869e+01
   1.0810058e+01
   1.0819258e+01
   1.0828465e+01
   1.0837679e+01
   1.0846907e+01
   1.0856148e+01
   1.0865402e+01
   1.0874663e+01
   1.0883934e+01
   1.0893215e+01
   1.0902504e+01
   1.0911806e+01
   1.0921119e+01
   1.0930442e+01
   1.0939778e+01
   1.0949122e+01
   1.0958474e+01
   1.0967841e+01
   1.0977217e+01
   1.0986606e+01
   1.0996005e+01
   1.1005409e+01
   1.1014827e+01
   1.1024259e+01
   1.1033699e+01
   1.1043146e+01
   1.1052607e+01
   1.1062078e+01
   1.1071559e+01
   1.1081049e+01
   1.1090548e+01
   1.1100063e+01
   1.1109590e+01
   1.1119122e+01
   1.1128665e+01
   1.1138218e+01
   1.1147782e+01
   1.1157355e+01
   1.1166939e+01
   1.1176533e+01
   1.1186138e+01
   1.1195755e+01
   1.1205383e+01
   1.1215023e+01
   1.1224675e+01
   1.1234340e+01
   1.1244018e+01
   1.1253700e+01
   1.1263397e+01
   1.1273100e+01
   1.1282816e+01
   1.1292548e+01
   1.1302285e+01
   1.1312039e+01
   1.1321799e+01
   1.1331567e+01
   1.1341351e+01
   1.1351143e+01
   1.1360944e+01
   1.1370760e+01
   1.1380586e+01
   1.1390421e+01
   1.1400266e+01
   1.1410126e+01
   1.1419994e+01
   1.1429873e+01
   1.1439765e+01
   1.1449663e+01
   1.1459579e+01
   1.1469503e+01
   1.1479440e+01
   1.1489388e+01
   1.1499346e+01
   1.1509313e+01
   1.1519292e+01
   1.1529284e+01
   1.1539289e+01
   1.1549302e+01
   1.1559326e+01
   1.1569367e+01
   1.1579414e+01
   1.1589474e+01
   1.1599543e+01
   1.1609624e+01
   1.1619718e+01
   1.1629823e+01
   1.1639938e+01
   1.1650068e+01
   1.1660207e+01
   1.1670357e+01
   1.1680520e+01
   1.1690692e+01
   1.1700879e+01
   1.1711075e+01
   1.1721283e+01
   1.1731502e+01
   1.1741732e+01
   1.1751975e+01
   1.1762226e+01
   1.1772491e+01
   1.1782768e+01
   1.1793056e+01
   1.1803358e+01
   1.1813668e+01
   1.1823992e+01
   1.1834329e+01
   1.1844681e+01
   1.1855039e+01
   1.1865414e+01
   1.1875797e+01
   1.1886195e+01
   1.1896600e+01
   1.1907019e+01
   1.1917448e+01
   1.1927895e+01
   1.1938348e+01
   1.1948815e+01
   1.1959291e+01
   1.1969780e+01
   1.1980280e+01
   1.1990796e+01
   1.2001319e+01
   1.2011858e+01
   1.2022406e+01
   1.2032966e+01
   1.2043535e+01
   1.2054121e+01
   1.2064717e+01
   1.2075326e+01
   1.2085948e+01
   1.2096586e+01
   1.2107233e+01
   1.2117896e+01
   1.2128567e+01
   1.2139251e+01
   1.2149946e+01
   1.2160654e+01
   1.2171371e+01
   1.2182105e+01
   1.2192851e+01
   1.2203609e+01
   1.2214376e+01
   1.2225159e+01
   1.2235954e+01
   1.2246762e+01
   1.2257579e+01
   1.2268415e+01
   1.2279260e+01
   1.2290116e+01
   1.2300988e+01
   1.2311870e+01
   1.2322763e+01
   1.2333675e+01
   1.2344595e+01
   1.2355527e+01
   1.2366472e+01
   1.2377432e+01
   1.2388405e+01
   1.2399390e+01
   1.2410384e+01
   1.2421391e+01
   1.2432415e+01
   1.2443452e+01
   1.2454498e+01
   1.2465561e+01
   1.2476634e+01
   1.2487723e+01
   1.2498824e+01
   1.2509939e+01
   1.2521064e+01
   1.2532203e+01
   1.2543354e+01
   1.2554519e+01
   1.2565696e+01
   1.2576887e+01
   1.2588092e+01
   1.2599311e+01
   1.2610542e+01
   1.2621790e+01
   1.2633050e+01
   1.2644321e+01
   1.2655610e+01
   1.2666910e+01
   1.2678228e+01
   1.2689555e+01
   1.2700900e+01
   1.2712252e+01
   1.2723625e+01
   1.2735004e+01
   1.2746399e+01
   1.2757803e+01
   1.2769228e+01
   1.2780663e+01
   1.2792114e+01
   1.2803580e+01
   1.2815057e+01
   1.2826550e+01
   1.2838052e+01
   1.2849573e+01
   1.2861103e+01
   1.2872653e+01
   1.2884211e+01
   1.2895782e+01
   1.2907371e+01
   1.2918973e+01
   1.2930587e+01
   1.2942216e+01
   1.2953863e+01
   1.2965526e+01
   1.2977198e+01
   1.2988883e+01
   1.3000580e+01
   1.3012297e+01
   1.3024027e+01
   1.3035771e+01
   1.3047531e+01
   1.3059305e+01
   1.3071095e+01
   1.3082897e+01
   1.3094711e+01
   1.3106539e+01
   1.3118385e+01
   1.3130247e+01
   1.3142121e+01
   1.3154008e+01
   1.3165915e+01
   1.3177837e+01
   1.3189771e+01
   1.3201717e+01
   1.3213679e+01
   1.3225656e+01
   1.3237646e+01
   1.3249650e+01
   1.3261676e+01
   1.3273715e+01
   1.3285770e+01
   1.3297839e+01
   1.3309924e+01
   1.3322024e+01
   1.3334141e+01
   1.3346272e+01
   1.3358419e+01
   1.3370578e+01
   1.3382751e+01
   1.3394939e+01
   1.3407144e+01
   1.3419363e+01
   1.3431597e+01
   1.3443848e+01
   1.3456113e+01
   1.3468394e+01
   1.3480694e+01
   1.3493008e+01
   1.3505336e+01
   1.3517683e+01
   1.3530046e+01
   1.3542422e+01
   1.3554812e+01
   1.3567220e+01
   1.3579644e+01
   1.3592085e+01
   1.3604547e+01
   1.3617020e+01
   1.3629510e+01
   1.3642014e+01
   1.3654537e+01
   1.3667080e+01
   1.3679632e+01
   1.3692199e+01
   1.3704787e+01
   1.3717389e+01
   1.3730006e+01
   1.3742641e+01
   1.3755292e+01
   1.3767961e+01
   1.3780646e+01
   1.3793346e+01
   1.3806065e+01
   1.3818799e+01
   1.3831551e+01
   1.3844322e+01
   1.3857108e+01
   1.3869908e+01
   1.3882727e+01
   1.3895567e+01
   1.3908418e+01
   1.3921288e+01
   1.3934174e+01
   1.3947079e+01
   1.3960001e+01
   1.3972940e+01
   1.3985900e+01
   1.3998873e+01
   1.4011864e+01
   1.4024874e+01
   1.4037901e+01
   1.4050942e+01
   1.4063999e+01
   1.4077076e+01
   1.4090174e+01
   1.4103286e+01
   1.4116415e+01
   1.4129562e+01
   1.4142729e+01
   1.4155913e+01
   1.4169115e+01
   1.4182335e+01
   1.4195571e+01
   1.4208825e+01
   1.4222099e+01
   1.4235387e+01
   1.4248697e+01
   1.4262027e+01
   1.4275374e+01
   1.4288740e+01
   1.4302124e+01
   1.4315522e+01
   1.4328944e+01
   1.4342383e+01
   1.4355839e+01
   1.4369313e+01
   1.4382807e+01
   1.4396318e+01
   1.4409846e+01
   1.4423401e+01
   1.4436969e+01
   1.4450559e+01
   1.4464163e+01
   1.4477790e+01
   1.4491433e+01
   1.4505099e+01
   1.4518780e+01
   1.4532479e+01
   1.4546199e+01
   1.4559941e+01
   1.4573698e+01
   1.4587478e+01
   1.4601275e+01
   1.4615092e+01
   1.4628932e+01
   1.4642787e+01
   1.4656661e+01
   1.4670552e+01
   1.4684468e+01
   1.4698408e+01
   1.4712367e+01
   1.4726343e+01
   1.4740336e+01
   1.4754352e+01
   1.4768390e+01
   1.4782448e+01
   1.4796522e+01
   1.4810621e+01
   1.4824740e+01
   1.4838875e+01
   1.4853031e+01
   1.4867204e+01
   1.4881399e+01
   1.4895618e+01
   1.4909857e+01
   1.4924116e+01
   1.4938401e+01
   1.4952702e+01
   1.4967023e+01
   1.4981366e+01
   1.4995729e+01
   1.5010115e+01
   1.5024521e+01
   1.5038947e+01
   1.5053400e+01
   1.5067870e+01
   1.5082361e+01
   1.5096873e+01
   1.5111405e+01
   1.5125959e+01
   1.5140532e+01
   1.5155131e+01
   1.5169748e+01
   1.5184390e+01
   1.5199051e+01
   1.5213733e+01
   1.5228443e+01
   1.5243171e+01
   1.5257924e+01
   1.5272696e+01
   1.5287491e+01
   1.5302303e+01
   1.5317147e+01
   1.5332007e+01
   1.5346894e+01
   1.5361800e+01
   1.5376729e+01
   1.5391679e+01
   1.5406651e+01
   1.5421650e+01
   1.5436668e+01
   1.5451706e+01
   1.5466776e+01
   1.5481865e+01
   1.5496974e+01
   1.5512110e+01
   1.5527267e+01
   1.5542445e+01
   1.5557647e+01
   1.5572874e+01
   1.5588124e+01
   1.5603396e+01
   1.5618691e+01
   1.5634010e+01
   1.5649352e+01
   1.5664716e+01
   1.5680103e+01
   1.5695515e+01
   1.5710951e+01
   1.5726412e+01
   1.5741898e+01
   1.5757407e+01
   1.5772941e+01
   1.5788498e+01
   1.5804079e+01
   1.5819688e+01
   1.5835322e+01
   1.5850975e+01
   1.5866655e+01
   1.5882363e+01
   1.5898090e+01
   1.5913847e+01
   1.5929629e+01
   1.5945435e+01
   1.5961265e+01
   1.5977115e+01
   1.5992995e+01
   1.6008901e+01
   1.6024829e+01
   1.6040786e+01
   1.6056767e+01
   1.6072771e+01
   1.6088803e+01
   1.6104862e+01
   1.6120946e+01
   1.6137051e+01
   1.6153186e+01
   1.6169346e+01
   1.6185529e+01
   1.6201738e+01
   1.6217974e+01
   1.6234235e+01
   1.6250522e+01
   1.6266840e+01
   1.6283180e+01
   1.6299545e+01
   1.6315941e+01
   1.6332363e+01
   1.6348812e+01
   1.6365283e+01
   1.6381782e+01
   1.6398315e+01
   1.6414868e+01
   1.6431446e+01
   1.6448051e+01
   1.6464689e+01
   1.6481348e+01
   1.6498041e+01
   1.6514755e+01
   1.6531498e+01
   1.6548270e+01
   1.6565069e+01
   1.6581895e+01
   1.6598750e+01
   1.6615634e+01
   1.6632541e+01
   1.6649479e+01
   1.6666443e+01
   1.6683434e+01
   1.6700453e+01
   1.6717501e+01
   1.6734579e+01
   1.6751684e+01
   1.6768817e+01
   1.6785977e+01
   1.6803172e+01
   1.6820390e+01
   1.6837640e+01
   1.6854915e+01
   1.6872219e+01
   1.6889555e+01
   1.6906916e+01
   1.6924306e+01
   1.6941725e+01
   1.6959171e+01
   1.6976654e+01
   1.6994158e+01
   1.7011691e+01
   1.7029257e+01
   1.7046847e+01
   1.7064469e+01
   1.7082123e+01
   1.7099805e+01
   1.7117514e+01
   1.7135256e+01
   1.7153024e+01
   1.7170822e+01
   1.7188654e+01
   1.7206513e+01
   1.7224402e+01
   1.7242323e+01
   1.7260277e+01
   1.7278256e+01
   1.7296264e+01
   1.7314307e+01
   1.7332380e+01
   1.7350481e+01
   1.7368614e+01
   1.7386776e+01
   1.7404969e+01
   1.7423194e+01
   1.7441450e+01
   1.7459737e+01
   1.7478055e+01
   1.7496405e+01
   1.7514782e+01
   1.7533190e+01
   1.7551630e+01
   1.7570100e+01
   1.7588602e+01
   1.7607136e+01
   1.7625703e+01
   1.7644300e+01
   1.7662930e+01
   1.7681590e+01
   1.7700282e+01
   1.7719008e+01
   1.7737760e+01
   1.7756546e+01
   1.7775366e+01
   1.7794217e+01
   1.7813100e+01
   1.7832016e+01
   1.7850959e+01
   1.7869941e+01
   1.7888951e+01
   1.7907989e+01
   1.7927063e+01
   1.7946169e+01
   1.7965311e+01
   1.7984479e+01
   1.8003683e+01
   1.8022920e+01
   1.8042187e+01
   1.8061485e+01
   1.8080820e+01
   1.8100191e+01
   1.8119588e+01
   1.8139016e+01
   1.8158485e+01
   1.8177987e+01
   1.8197517e+01
   1.8217076e+01
   1.8236670e+01
   1.8256297e+01
   1.8275961e+01
   1.8295658e+01
   1.8315387e+01
   1.8335147e+01
   1.8354941e+01
   1.8374767e+01
   1.8394629e+01
   1.8414526e+01
   1.8434458e+01
   1.8454416e+01
   1.8474412e+01
   1.8494444e+01
   1.8514505e+01
   1.8534606e+01
   1.8554736e+01
   1.8574898e+01
   1.8595096e+01
   1.8615328e+01
   1.8635591e+01
   1.8655884e+01
   1.8676221e+01
   1.8696586e+01
   1.8716985e+01
   1.8737418e+01
   1.8757887e+01
   1.8778388e+01
   1.8798925e+01
   1.8819493e+01
   1.8840096e+01
   1.8860735e+01
   1.8881409e+01
   1.8902113e+01
   1.8922854e+01
   1.8943629e+01
   1.8964433e+01
   1.8985272e+01
   1.9006149e+01
   1.9027060e+01
   1.9048003e+01
   1.9068982e+01
   1.9089994e+01
   1.9111038e+01
   1.9132118e+01
   1.9153233e+01
   1.9174380e+01
   1.9195559e+01
   1.9216776e+01
   1.9238027e+01
   1.9259312e+01
   1.9280628e+01
   1.9301980e+01
   1.9323369e+01
   1.9344789e+01
   1.9366244e+01
   1.9387728e+01
   1.9409250e+01
   1.9430805e+01
   1.9452398e+01
   1.9474021e+01
   1.9495680e+01
   1.9517371e+01
   1.9539101e+01
   1.9560861e+01
   1.9582655e+01
   1.9604488e+01
   1.9626347e+01
   1.9648239e+01
   1.9670167e+01
   1.9692132e+01
   1.9714135e+01
   1.9736162e+01
   1.9758225e+01
   1.9780317e+01
   1.9802445e+01
   1.9824611e+01
   1.9846813e+01
   1.9869044e+01
   1.9891310e+01
   1.9913608e+01
   1.9935937e+01
   1.9958297e+01
   1.9980691e+01
   2.0003118e+01
   2.0025580e+01
   2.0048075e+01
   2.0070602e+01
   2.0093162e+01
   2.0115758e+01
   2.0138387e+01
   2.0161046e+01
   2.0183737e+01
   2.0206462e+01
   2.0229219e+01
   2.0252010e+01
   2.0274830e+01
   2.0297685e+01
   2.0320571e+01
   2.0343489e+01
   2.0366437e+01
   2.0389417e+01
   2.0412430e+01
   2.0435474e+01
   2.0458550e+01
   2.0481652e+01
   2.0504790e+01
   2.0527957e+01
   2.0551159e+01
   2.0574388e+01
   2.0597651e+01
   2.0620941e+01
   2.0644259e+01
   2.0667612e+01
   2.0690998e+01
   2.0714414e+01
   2.0737859e+01
   2.0761331e+01
   2.0784832e+01
   2.0808361e+01
   2.0831921e+01
   2.0855512e+01
   2.0879136e+01
   2.0902787e+01
   2.0926467e+01
   2.0950174e+01
   2.0973912e+01
   2.0997676e+01
   2.1021469e+01
   2.1045290e+01
   2.1069140e+01
   2.1093017e+01
   2.1116925e+01
   2.1140859e+01
   2.1164819e+01
   2.1188805e+01
   2.1212819e+01
   2.1236861e+01
   2.1260929e+01
   2.1285025e+01
   2.1309146e+01
   2.1333293e+01
   2.1357469e+01
   2.1381666e+01
   2.1405891e+01
   2.1430139e+01
   2.1454415e+01
   2.1478711e+01
   2.1503030e+01
   2.1527378e+01
   2.1551748e+01
   2.1576146e+01
   2.1600568e+01
   2.1625010e+01
   2.1649477e+01
   2.1673965e+01
   2.1698475e+01
   2.1723009e+01
   2.1747567e+01
   2.1772146e+01
   2.1796747e+01
   2.1821370e+01
   2.1846014e+01
   2.1870678e+01
   2.1895364e+01
   2.1920071e+01
   2.1944802e+01
   2.1969549e+01
   2.1994315e+01
   2.2019099e+01
   2.2043904e+01
   2.2068729e+01
   2.2093572e+01
   2.2118435e+01
   2.2143314e+01
   2.2168211e+01
   2.2193126e+01
   2.2218058e+01
   2.2243005e+01
   2.2267972e+01
   2.2292955e+01
   2.2317952e+01
   2.2342964e+01
   2.2367991e+01
   2.2393034e+01
   2.2418093e+01
   2.2443163e+01
   2.2468250e+01
   2.2493354e+01
   2.2518465e+01
   2.2543593e+01
   2.2568730e+01
   2.2593878e+01
   2.2619038e+01
   2.2644211e+01
   2.2669398e+01
   2.2694596e+01
   2.2719805e+01
   2.2745025e+01
   2.2770256e+01
   2.2795494e+01
   2.2820745e+01
   2.2846001e+01
   2.2871267e+01
   2.2896539e+01
   2.2921817e+01
   2.2947108e+01
   2.2972406e+01
   2.2997709e+01
   2.3023016e+01
   2.3048330e+01
   2.3073649e+01
   2.3098973e+01
   2.3124302e+01
   2.3149630e+01
   2.3174964e+01
   2.3200306e+01
   2.3225650e+01
   2.3250997e+01
   2.3276347e+01
   2.3301695e+01
   2.3327049e+01
   2.3352404e+01
   2.3377760e+01
   2.3403112e+01
   2.3428464e+01
   2.3453818e+01
   2.3479166e+01
   2.3504513e+01
   2.3529859e+01
   2.3555202e+01
   2.3580543e+01
   2.3605877e+01
   2.3631213e+01
   2.3656540e+01
   2.3681860e+01
   2.3707178e+01
   2.3732490e+01
   2.3757793e+01
   2.3783091e+01
   2.3808385e+01
   2.3833671e+01
   2.3858947e+01
   2.3884215e+01
   2.3909473e+01
   2.3934720e+01
   2.3959958e+01
   2.3985186e+01
   2.4010403e+01
   2.4035608e+01
   2.4060797e+01
   2.4085977e+01
   2.4111140e+01
   2.4136290e+01
   2.4161430e+01
   2.4186554e+01
   2.4211662e+01
   2.4236754e+01
   2.4261832e+01
   2.4286894e+01
   2.4311938e+01
   2.4336963e+01
   2.4361970e+01
   2.4386959e+01
   2.4411926e+01
   2.4436873e+01
   2.4461800e+01
   2.4486707e+01
   2.4511589e+01
   2.4536454e+01
   2.4561294e+01
   2.4586108e+01
   2.4610906e+01
   2.4635674e+01
   2.4660417e+01
   2.4685136e+01
   2.4709827e+01
   2.4734489e+01
   2.4759125e+01
   2.4783732e+01
   2.4808313e+01
   2.4832863e+01
   2.4857387e+01
   2.4881879e+01
   2.4906339e+01
   2.4930767e+01
   2.4955162e+01
   2.4979525e+01
   2.5003855e+01
   2.5028153e+01
   2.5052417e+01
   2.5076645e+01
   2.5100838e+01
   2.5124996e+01
   2.5149116e+01
   2.5173198e+01
   2.5197241e+01
   2.5221246e+01
   2.5245212e+01
   2.5269136e+01
   2.5293021e+01
   2.5316864e+01
   2.5340665e+01
   2.5364422e+01
   2.5388136e+01
   2.5411807e+01
   2.5435430e+01
   2.5459009e+01
   2.5482540e+01
   2.5506029e+01
   2.5529468e+01
   2.5552857e+01
   2.5576195e+01
   2.5599488e+01
   2.5622728e+01
   2.5645915e+01
   2.5669053e+01
   2.5692138e+01
   2.5715169e+01
   2.5738147e+01
   2.5761069e+01
   2.5783935e+01
   2.5806747e+01
   2.5829499e+01
   2.5852194e+01
   2.5874831e+01
   2.5897408e+01
   2.5919925e+01
   2.5942380e+01
   2.5964776e+01
   2.5987108e+01
   2.6009377e+01
   2.6031581e+01
   2.6053721e+01
   2.6075796e+01
   2.6097802e+01
   2.6119742e+01
   2.6141613e+01
   2.6163411e+01
   2.6185142e+01
   2.6206801e+01
   2.6228394e+01
   2.6249910e+01
   2.6271352e+01
   2.6292717e+01
   2.6314008e+01
   2.6335224e+01
   2.6356362e+01
   2.6377426e+01
   2.6398408e+01
   2.6419309e+01
   2.6440130e+01
   2.6460873e+01
   2.6481530e+01
   2.6502104e+01
   2.6522591e+01
   2.6542992e+01
   2.6563314e+01
   2.6583544e+01
   2.6603689e+01
   2.6623740e+01
   2.6643705e+01
   2.6663575e+01
   2.6683351e+01
   2.6703036e+01
   2.6722625e+01
   2.6742119e+01
   2.6761519e+01
   2.6780818e+01
   2.6800017e+01
   2.6819117e+01
   2.6838115e+01
   2.6857009e+01
   2.6875802e+01
   2.6894492e+01
   2.6913075e+01
   2.6931553e+01
   2.6949922e+01
   2.6968184e+01
   2.6986334e+01
   2.7004375e+01
   2.7022304e+01
   2.7040120e+01
   2.7057819e+01
   2.7075400e+01
   2.7092866e+01
   2.7110214e+01
   2.7127443e+01
   2.7144551e+01
   2.7161536e+01
   2.7178398e+01
   2.7195137e+01
   2.7211748e+01
   2.7228230e+01
   2.7244587e+01
   2.7260812e+01
   2.7276909e+01
   2.7292873e+01
   2.7308705e+01
   2.7324399e+01
   2.7339959e+01
   2.7355380e+01
   2.7370660e+01
   2.7385802e+01
   2.7400803e+01
   2.7415658e+01
   2.7430371e+01
   2.7444939e+01
   2.7459357e+01
   2.7473624e+01
   2.7487745e+01
   2.7501715e+01
   2.7515531e+01
   2.7529190e+01
   2.7542694e+01
   2.7556042e+01
   2.7569232e+01
   2.7582262e+01
   2.7595132e+01
   2.7607837e+01
   2.7620374e+01
   2.7632748e+01
   2.7644953e+01
   2.7656988e+01
   2.7668852e+01
   2.7680544e+01
   2.7692060e+01
   2.7703403e+01
   2.7714566e+01
   2.7725551e+01
   2.7736353e+01
   2.7746976e+01
   2.7757415e+01
   2.7767668e+01
   2.7777735e+01
   2.7787611e+01
   2.7797295e+01
   2.7806791e+01
   2.7816094e+01
   2.7825201e+01
   2.7834109e+01
   2.7842817e+01
   2.7851326e+01
   2.7859632e+01
   2.7867733e+01
   2.7875630e+01
   2.7883320e+01
   2.7890798e+01
   2.7898067e+01
   2.7905123e+01
   2.7911966e+01
   2.7918592e+01
   2.7924998e+01
   2.7931184e+01
   2.7937150e+01
   2.7942891e+01
   2.7948406e+01
   2.7953694e+01
   2.7958753e+01
   2.7963578e+01
   2.7968170e+01
   2.7972534e+01
   2.7976658e+01
   2.7980544e+01
   2.7984186e+01
   2.7987590e+01
   2.7990748e+01
   2.7993658e+01
   2.7996323e+01
   2.7998735e+01
   2.8000896e+01
   2.8002802e+01
   2.8004452e+01
   2.8005842e+01
   2.8006971e+01
   2.8007840e+01
   2.8008444e+01
   2.8008783e+01
   2.8008855e+01
   2.8008656e+01
   2.8008184e+01
   2.8007437e+01
   2.8006416e+01
   2.8005114e+01
   2.8003532e+01
   2.8001668e+01
   2.7999518e+01
   2.7997082e+01
   2.7994356e+01
   2.7991339e+01
   2.7988028e+01
   2.7984422e+01
   2.7980519e+01
   2.7976319e+01
   2.7971813e+01
   2.7967004e+01
   2.7961886e+01
   2.7956461e+01
   2.7950726e+01
   2.7944677e+01
   2.7938311e+01
   2.7931630e+01
   2.7924629e+01
   2.7917305e+01
   2.7909657e+01
   2.7901683e+01
   2.7893381e+01
   2.7884746e+01
   2.7875778e+01
   2.7866475e+01
   2.7856832e+01
   2.7846848e+01
   2.7836524e+01
   2.7825853e+01
   2.7814833e+01
   2.7803465e+01
   2.7791744e+01
   2.7779670e+01
   2.7767239e+01
   2.7754447e+01
   2.7741293e+01
   2.7727774e+01
   2.7713886e+01
   2.7699630e+01
   2.7685003e+01
   2.7670001e+01
   2.7654623e+01
   2.7638867e+01
   2.7622729e+01
   2.7606205e+01
   2.7589297e+01
   2.7571997e+01
   2.7554306e+01
   2.7536221e+01
   2.7517738e+01
   2.7498856e+01
   2.7479576e+01
   2.7459890e+01
   2.7439794e+01
   2.7419287e+01
   2.7398371e+01
   2.7377040e+01
   2.7355289e+01
   2.7333125e+01
   2.7310535e+01
   2.7287520e+01
   2.7264077e+01
   2.7240205e+01
   2.7215902e+01
   2.7191160e+01
   2.7165984e+01
   2.7140363e+01
   2.7114299e+01
   2.7087788e+01
   2.7060829e+01
   2.7033418e+01
   2.7005554e+01
   2.6977235e+01
   2.6948455e+01
   2.6919213e+01
   2.6889504e+01
   2.6859331e+01
   2.6828687e+01
   2.6797569e+01
   2.6765978e+01
   2.6733910e+01
   2.6701359e+01
   2.6668327e+01
   2.6634799e+01
   2.6600793e+01
   2.6566297e+01
   2.6531307e+01
   2.6495822e+01
   2.6459839e+01
   2.6423352e+01
   2.6386364e+01
   2.6348873e+01
   2.6310873e+01
   2.6272359e+01
   2.6233331e+01
   2.6193788e+01
   2.6153724e+01
   2.6113143e+01
   2.6072036e+01
   2.6030404e+01
   2.5988245e+01
   2.5945553e+01
   2.5902333e+01
   2.5858574e+01
   2.5814277e+01
   2.5769442e+01
   2.5724067e+01
   2.5678148e+01
   2.5631682e+01
   2.5584667e+01
   2.5537098e+01
   2.5488981e+01
   2.5440305e+01
   2.5391073e+01
   2.5341281e+01
   2.5290929e+01
   2.5240015e+01
   2.5188536e+01
   2.5136490e+01
   2.5083878e+01
   2.5030695e+01
   2.4976937e+01
   2.4922610e+01
   2.4867708e+01
   2.4812235e+01
   2.4756182e+01
   2.4699550e+01
   2.4642338e+01
   2.4584544e+01
   2.4526168e+01
   2.4467209e+01
   2.4407665e+01
   2.4347536e+01
   2.4286820e+01
   2.4225519e+01
   2.4163630e+01
   2.4101153e+01
   2.4038090e+01
   2.3974436e+01
   2.3910194e+01
   2.3845362e+01
   2.3779943e+01
   2.3713933e+01
   2.3647335e+01
   2.3580147e+01
   2.3512373e+01
   2.3444009e+01
   2.3375057e+01
   2.3305518e+01
   2.3235396e+01
   2.3164692e+01
   2.3093399e+01
   2.3021523e+01
   2.2949067e+01
   2.2876031e+01
   2.2802419e+01
   2.2728231e+01
   2.2653467e+01
   2.2578131e+01
   2.2502224e+01
   2.2425750e+01
   2.2348710e+01
   2.2271112e+01
   2.2192956e+01
   2.2114243e+01
   2.2034979e+01
   2.1955165e+01
   2.1874809e+01
   2.1793913e+01
   2.1712476e+01
   2.1630504e+01
   2.1548004e+01
   2.1464981e+01
   2.1381440e+01
   2.1297385e+01
   2.1212820e+01
   2.1127754e+01
   2.1042191e+01
   2.0956134e+01
   2.0869595e+01
   2.0782576e+01
   2.0695084e+01
   2.0607126e+01
   2.0518707e+01
   2.0429841e+01
   2.0340530e+01
   2.0250782e+01
   2.0160604e+01
   2.0070007e+01
   1.9978999e+01
   1.9887585e+01
   1.9795777e+01
   1.9703582e+01
   1.9611013e+01
   1.9518075e+01
   1.9424782e+01
   1.9331140e+01
   1.9237161e+01
   1.9142853e+01
   1.9048228e+01
   1.8953301e+01
   1.8858077e+01
   1.8762571e+01
   1.8666794e+01
   1.8570756e+01
   1.8474473e+01
   1.8377951e+01
   1.8281203e+01
   1.8184243e+01
   1.8087085e+01
   1.7989741e+01
   1.7892222e+01
   1.7794544e+01
   1.7696719e+01
   1.7598760e+01
   1.7500681e+01
   1.7402495e+01
   1.7304217e+01
   1.7205860e+01
   1.7107436e+01
   1.7008964e+01
   1.6910456e+01
   1.6811926e+01
   1.6713388e+01
   1.6614854e+01
   1.6516343e+01
   1.6417869e+01
   1.6319445e+01
   1.6221085e+01
   1.6122808e+01
   1.6024626e+01
   1.5926555e+01
   1.5828607e+01
   1.5730799e+01
   1.5633144e+01
   1.5535657e+01
   1.5438354e+01
   1.5341249e+01
   1.5244356e+01
   1.5147691e+01
   1.5051267e+01
   1.4955098e+01
   1.4859200e+01
   1.4763586e+01
   1.4668268e+01
   1.4573262e+01
   1.4478581e+01
   1.4384238e+01
   1.4290248e+01
   1.4196621e+01
   1.4103373e+01
   1.4010514e+01
   1.3918058e+01
   1.3826019e+01
   1.3734408e+01
   1.3643237e+01
   1.3552516e+01
   1.3462259e+01
   1.3372475e+01
   1.3283175e+01
   1.3194371e+01
   1.3106073e+01
   1.3018291e+01
   1.2931035e+01
   1.2844314e+01
   1.2758138e+01
   1.2672515e+01
   1.2587457e+01
   1.2502967e+01
   1.2419056e+01
   1.2335731e+01
   1.2253001e+01
   1.2170872e+01
   1.2089352e+01
   1.2008446e+01
   1.1928160e+01
   1.1848501e+01
   1.1769475e+01
   1.1691087e+01
   1.1613343e+01
   1.1536245e+01
   1.1459800e+01
   1.1384010e+01
   1.1308881e+01
   1.1234415e+01
   1.1160615e+01
   1.1087485e+01
   1.1015027e+01
   1.0943242e+01
   1.0872136e+01
   1.0801707e+01
   1.0731957e+01
   1.0662888e+01
   1.0594500e+01
   1.0526795e+01
   1.0459772e+01
   1.0393432e+01
   1.0327774e+01
   1.0262799e+01
   1.0198505e+01
   1.0134892e+01
   1.0071958e+01
   1.0009702e+01
   9.9481231e+00
   9.8872195e+00
   9.8269884e+00
   9.7674284e+00
   9.7085364e+00
   9.6503118e+00
   9.5927493e+00
   9.5358473e+00
   9.4796021e+00
   9.4240112e+00
   9.3690713e+00
   9.3147781e+00
   9.2611278e+00
   9.2081160e+00
   9.1557414e+00
   9.1039973e+00
   9.0528802e+00
   9.0023861e+00
   8.9525096e+00
   8.9032472e+00
   8.8545940e+00
   8.8065448e+00
   8.7590944e+00
   8.7122397e+00
   8.6659730e+00
   8.6202902e+00
   8.5751864e+00
   8.5306564e+00
   8.4866948e+00
   8.4432962e+00
   8.4004549e+00
   8.3581661e+00
   8.3164239e+00
   8.2752226e+00
   8.2345565e+00
   8.1944198e+00
   8.1548072e+00
   8.1157138e+00
   8.0771322e+00
   8.0390574e+00
   8.0014838e+00
   7.9644053e+00
   7.9278162e+00
   7.8917116e+00
   7.8560851e+00
   7.8209315e+00
   7.7862441e+00
   7.7520180e+00
   7.7182465e+00
   7.6849244e+00
   7.6520462e+00
   7.6196061e+00
   7.5875986e+00
   7.5560177e+00
   7.5248578e+00
   7.4941139e+00
   7.4637794e+00
   7.4338495e+00
   7.4043185e+00
   7.3751805e+00
   7.3464307e+00
   7.3180637e+00
   7.2900735e+00
   7.2624557e+00
   7.2352045e+00
   7.2083144e+00
   7.1817810e+00
   7.1555985e+00
   7.1297620e+00
   7.1042665e+00
   7.0791058e+00
   7.0542754e+00
   7.0297718e+00
   7.0055896e+00
   6.9817237e+00
   6.9581689e+00
   6.9349214e+00
   6.9119754e+00
   6.8893268e+00
   6.8669708e+00
   6.8449030e+00
   6.8231190e+00
   6.8016142e+00
   6.7803847e+00
   6.7594253e+00
   6.7387327e+00
   6.7183022e+00
   6.6981294e+00
   6.6782108e+00
   6.6585413e+00
   6.6391178e+00
   6.6199361e+00
   6.6009920e+00
   6.5822821e+00
   6.5638024e+00
   6.5455490e+00
   6.5275182e+00
   6.5097065e+00
   6.4921104e+00
   6.4747257e+00
   6.4575491e+00
   6.4405778e+00
   6.4238081e+00
   6.4072365e+00
   6.3908596e+00
   6.3746740e+00
   6.3586780e+00
   6.3428665e+00
   6.3272372e+00
   6.3117866e+00
   6.2965122e+00
   6.2814104e+00
   6.2664789e+00
   6.2517153e+00
   6.2371157e+00
   6.2226773e+00
   6.2083977e+00
   6.1942743e+00
   6.1803043e+00
   6.1664848e+00
   6.1528137e+00
   6.1392881e+00
   6.1259054e+00
   6.1126636e+00
   6.0995602e+00
   6.0865927e+00
   6.0737586e+00
   6.0610555e+00
   6.0484814e+00
   6.0360346e+00
   6.0237123e+00
   6.0115120e+00
   5.9994317e+00
   5.9874697e+00
   5.9756239e+00
   5.9638920e+00
   5.9522727e+00
   5.9407637e+00
   5.9293626e+00
   5.9180680e+00
   5.9068779e+00
   5.8957904e+00
   5.8848044e+00
   5.8739172e+00
   5.8631271e+00
   5.8524329e+00
   5.8418331e+00
   5.8313256e+00
   5.8209091e+00
   5.8105820e+00
   5.8003430e+00
   5.7901898e+00
   5.7801211e+00
   5.7701359e+00
   5.7602322e+00
   5.7504091e+00
   5.7406653e+00
   5.7309989e+00
   5.7214090e+00
   5.7118942e+00
   5.7024529e+00
   5.6930839e+00
   5.6837861e+00
   5.6745585e+00
   5.6653994e+00
   5.6563078e+00
   5.6472826e+00
   5.6383229e+00
   5.6294272e+00
   5.6205944e+00
   5.6118237e+00
   5.6031141e+00
   5.5944642e+00
   5.5858734e+00
   5.5773404e+00
   5.5688643e+00
   5.5604438e+00
   5.5520785e+00
   5.5437674e+00
   5.5355092e+00
   5.5273032e+00
   5.5191486e+00
   5.5110447e+00
   5.5029903e+00
   5.4949846e+00
   5.4870269e+00
   5.4791167e+00
   5.4712528e+00
   5.4634346e+00
   5.4556615e+00
   5.4479323e+00
   5.4402465e+00
   5.4326036e+00
   5.4250027e+00
   5.4174431e+00
   5.4099240e+00
   5.4024451e+00
   5.3950056e+00
   5.3876047e+00
   5.3802418e+00
   5.3729164e+00
   5.3656281e+00
   5.3583760e+00
   5.3511597e+00
   5.3439785e+00
   5.3368319e+00
   5.3297192e+00
   5.3226400e+00
   5.3155938e+00
   5.3085800e+00
   5.3015983e+00
   5.2946479e+00
   5.2877286e+00
   5.2808397e+00
   5.2739812e+00
   5.2671521e+00
   5.2603523e+00
   5.2535810e+00
   5.2468380e+00
   5.2401227e+00
   5.2334348e+00
   5.2267739e+00
   5.2201396e+00
   5.2135314e+00
   5.2069490e+00
   5.2003920e+00
   5.1938601e+00
   5.1873528e+00
   5.1808699e+00
   5.1744109e+00
   5.1679756e+00
   5.1615635e+00
   5.1551744e+00
   5.1488079e+00
   5.1424637e+00
   5.1361415e+00
   5.1298410e+00
   5.1235619e+00
   5.1173038e+00
   5.1110666e+00
   5.1048498e+00
   5.0986534e+00
   5.0924768e+00
   5.0863200e+00
   5.0801826e+00
   5.0740646e+00
   5.0679654e+00
   5.0618849e+00
   5.0558228e+00
   5.0497789e+00
   5.0437529e+00
   5.0377447e+00
   5.0317538e+00
   5.0257803e+00
   5.0198238e+00
   5.0138841e+00
   5.0079610e+00
   5.0020544e+00
   4.9961639e+00
   4.9902895e+00
   4.9844309e+00
   4.9785879e+00
   4.9727603e+00
   4.9669480e+00
   4.9611508e+00
   4.9553685e+00
   4.9496010e+00
   4.9438479e+00
   4.9381093e+00
   4.9323848e+00
   4.9266746e+00
   4.9209784e+00
   4.9152960e+00
   4.9096272e+00
   4.9039717e+00
   4.8983296e+00
   4.8927006e+00
   4.8870845e+00
   4.8814814e+00
   4.8758909e+00
   4.8703131e+00
   4.8647477e+00
   4.8591947e+00
   4.8536539e+00
   4.8481251e+00
   4.8426084e+00
   4.8371035e+00
   4.8316103e+00
   4.8261288e+00
   4.8206588e+00
   4.8152001e+00
   4.8097528e+00
   4.8043167e+00
   4.7988916e+00
   4.7934775e+00
   4.7880743e+00
   4.7826819e+00
   4.7773002e+00
   4.7719291e+00
   4.7665684e+00
   4.7612182e+00
   4.7558785e+00
   4.7505491e+00
   4.7452299e+00
   4.7399207e+00
   4.7346214e+00
   4.7293320e+00
   4.7240523e+00
   4.7187824e+00
   4.7135220e+00
   4.7082713e+00
   4.7030300e+00
   4.6977981e+00
   4.6925755e+00
   4.6873622e+00
   4.6821581e+00
   4.6769631e+00
   4.6717772e+00
   4.6666002e+00
   4.6614322e+00
   4.6562730e+00
   4.6511227e+00
   4.6459811e+00
   4.6408481e+00
   4.6357238e+00
   4.6306080e+00
   4.6255008e+00
   4.6204019e+00
   4.6153115e+00
   4.6102294e+00
   4.6051556e+00
   4.6000902e+00
   4.5950330e+00
   4.5899840e+00
   4.5849430e+00
   4.5799100e+00
   4.5748849e+00
   4.5698678e+00
   4.5648585e+00
   4.5598570e+00
   4.5548633e+00
   4.5498774e+00
   4.5448991e+00
   4.5399284e+00
   4.5349653e+00
   4.5300098e+00
   4.5250618e+00
   4.5201213e+00
   4.5151882e+00
   4.5102626e+00
   4.5053442e+00
   4.5004332e+00
   4.4955295e+00
   4.4906330e+00
   4.4857438e+00
   4.4808617e+00
   4.4759867e+00
   4.4711189e+00
   4.4662581e+00
   4.4614043e+00
   4.4565576e+00
   4.4517180e+00
   4.4468855e+00
   4.4420598e+00
   4.4372410e+00
   4.4324289e+00
   4.4276237e+00
   4.4228253e+00
   4.4180336e+00
   4.4132486e+00
   4.4084703e+00
   4.4036987e+00
   4.3989336e+00
   4.3941752e+00
   4.3894234e+00
   4.3846781e+00
   4.3799394e+00
   4.3752071e+00
   4.3704813e+00
   4.3657620e+00
   4.3610491e+00
   4.3563426e+00
   4.3516425e+00
   4.3469488e+00
   4.3422613e+00
   4.3375802e+00
   4.3329054e+00
   4.3282368e+00
   4.3235745e+00
   4.3189184e+00
   4.3142685e+00
   4.3096248e+00
   4.3049874e+00
   4.3003563e+00
   4.2957312e+00
   4.2911122e+00
   4.2864992e+00
   4.2818923e+00
   4.2772914e+00
   4.2726965e+00
   4.2681076e+00
   4.2635247e+00
   4.2589477e+00
   4.2543766e+00
   4.2498115e+00
   4.2452523e+00
   4.2406989e+00
   4.2361514e+00
   4.2316098e+00
   4.2270740e+00
   4.2225440e+00
   4.2180198e+00
   4.2135014e+00
   4.2089888e+00
   4.2044819e+00
   4.1999807e+00
   4.1954853e+00
   4.1909956e+00
   4.1865115e+00
   4.1820332e+00
   4.1775605e+00
   4.1730934e+00
   4.1686321e+00
   4.1641765e+00
   4.1597265e+00
   4.1552821e+00
   4.1508432e+00
   4.1464098e+00
   4.1419820e+00
   4.1375597e+00
   4.1331429e+00
   4.1287316e+00
   4.1243258e+00
   4.1199254e+00
   4.1155305e+00
   4.1111411e+00
   4.1067570e+00
   4.1023784e+00
   4.0980052e+00
   4.0936374e+00
   4.0892750e+00
   4.0849180e+00
   4.0805663e+00
   4.0762199e+00
   4.0718789e+00
   4.0675433e+00
   4.0632129e+00
   4.0588878e+00
   4.0545681e+00
   4.0502536e+00
   4.0459444e+00
   4.0416404e+00
   4.0373417e+00
   4.0330483e+00
   4.0287603e+00
   4.0244774e+00
   4.0201997e+00
   4.0159272e+00
   4.0116598e+00
   4.0073976e+00
   4.0031406e+00
   3.9988887e+00
   3.9946419e+00
   3.9904003e+00
   3.9861637e+00
   3.9819323e+00
   3.9777059e+00
   3.9734847e+00
   3.9692685e+00
   3.9650573e+00
   3.9608513e+00
   3.9566502e+00
   3.9524542e+00
   3.9482633e+00
   3.9440773e+00
   3.9398964e+00
   3.9357204e+00
   3.9315495e+00
   3.9273835e+00
   3.9232225e+00
   3.9190665e+00
   3.9149154e+00
   3.9107693e+00
   3.9066282e+00
   3.9024921e+00
   3.8983609e+00
   3.8942346e+00
   3.8901132e+00
   3.8859966e+00
   3.8818850e+00
   3.8777782e+00
   3.8736762e+00
   3.8695791e+00
   3.8654869e+00
   3.8613995e+00
   3.8573169e+00
   3.8532391e+00
   3.8491661e+00
   3.8450980e+00
   3.8410346e+00
   3.8369760e+00
   3.8329222e+00
   3.8288732e+00
   3.8248289e+00
   3.8207894e+00
   3.8167547e+00
   3.8127247e+00
   3.8086994e+00
   3.8046788e+00
   3.8006630e+00
   3.7966518e+00
   3.7926454e+00
   3.7886437e+00
   3.7846468e+00
   3.7806546e+00
   3.7766670e+00
   3.7726841e+00
   3.7687059e+00
   3.7647322e+00
   3.7607633e+00
   3.7567989e+00
   3.7528392e+00
   3.7488840e+00
   3.7449335e+00
   3.7409876e+00
   3.7370463e+00
   3.7331095e+00
   3.7291774e+00
   3.7252498e+00
   3.7213268e+00
   3.7174083e+00
   3.7134944e+00
   3.7095850e+00
   3.7056802e+00
   3.7017799e+00
   3.6978841e+00
   3.6939928e+00
   3.6901061e+00
   3.6862239e+00
   3.6823461e+00
   3.6784729e+00
   3.6746041e+00
   3.6707398e+00
   3.6668800e+00
   3.6630247e+00
   3.6591740e+00
   3.6553277e+00
   3.6514858e+00
   3.6476483e+00
   3.6438153e+00
   3.6399867e+00
   3.6361625e+00
   3.6323427e+00
   3.6285272e+00
   3.6247162e+00
   3.6209096e+00
   3.6171073e+00
   3.6133094e+00
   3.6095159e+00
   3.6057267e+00
   3.6019419e+00
   3.5981614e+00
   3.5943853e+00
   3.5906135e+00
   3.5868460e+00
   3.5830829e+00
   3.5793241e+00
   3.5755696e+00
   3.5718194e+00
   3.5680735e+00
   3.5643319e+00
   3.5605946e+00
   3.5568616e+00
   3.5531329e+00
   3.5494085e+00
   3.5456885e+00
   3.5419727e+00
   3.5382612e+00
   3.5345539e+00
   3.5308508e+00
   3.5271520e+00
   3.5234574e+00
   3.5197669e+00
   3.5160807e+00
   3.5123987e+00
   3.5087209e+00
   3.5050472e+00
   3.5013778e+00
   3.4977125e+00
   3.4940514e+00
   3.4903945e+00
   3.4867417e+00
   3.4830931e+00
   3.4794487e+00
   3.4758083e+00
   3.4721722e+00
   3.4685401e+00
   3.4649122e+00
   3.4612885e+00
   3.4576688e+00
   3.4540533e+00
   3.4504418e+00
   3.4468345e+00
   3.4432312e+00
   3.4396321e+00
   3.4360370e+00
   3.4324461e+00
   3.4288591e+00
   3.4252763e+00
   3.4216975e+00
   3.4181228e+00
   3.4145521e+00
   3.4109855e+00
   3.4074230e+00
   3.4038644e+00
   3.4003099e+00
   3.3967594e+00
   3.3932131e+00
   3.3896708e+00
   3.3861325e+00
   3.3825982e+00
   3.3790679e+00
   3.3755416e+00
   3.3720192e+00
   3.3685009e+00
   3.3649864e+00
   3.3614760e+00
   3.3579695e+00
   3.3544669e+00
   3.3509683e+00
   3.3474736e+00
   3.3439829e+00
   3.3404961e+00
   3.3370132e+00
   3.3335343e+00
   3.3300593e+00
   3.3265881e+00
   3.3231209e+00
   3.3196576e+00
   3.3161982e+00
   3.3127427e+00
   3.3092910e+00
   3.3058433e+00
   3.3023994e+00
   3.2989594e+00
   3.2955233e+00
   3.2920910e+00
   3.2886626e+00
   3.2852380e+00
   3.2818173e+00
   3.2784004e+00
   3.2749874e+00
   3.2715782e+00
   3.2681728e+00
   3.2647712e+00
   3.2613735e+00
   3.2579795e+00
   3.2545894e+00
   3.2512031e+00
   3.2478206e+00
   3.2444418e+00
   3.2410670e+00
   3.2376960e+00
   3.2343287e+00
   3.2309653e+00
   3.2276055e+00
   3.2242495e+00
   3.2208973e+00
   3.2175488e+00
   3.2142040e+00
   3.2108630e+00
   3.2075257e+00
   3.2041921e+00
   3.2008623e+00
   3.1975361e+00
   3.1942137e+00
   3.1908950e+00
   3.1875800e+00
   3.1842686e+00
   3.1809610e+00
   3.1776571e+00
   3.1743568e+00
   3.1710602e+00
   3.1677673e+00
   3.1644781e+00
   3.1611925e+00
   3.1579106e+00
   3.1546324e+00
   3.1513578e+00
   3.1480868e+00
   3.1448195e+00
   3.1415558e+00
   3.1382958e+00
   3.1350394e+00
   3.1317866e+00
   3.1285374e+00
   3.1252919e+00
   3.1220499e+00
   3.1188116e+00
   3.1155768e+00
   3.1123457e+00
   3.1091182e+00
   3.1058942e+00
   3.1026738e+00
   3.0994571e+00
   3.0962440e+00
   3.0930345e+00
   3.0898285e+00
   3.0866261e+00
   3.0834272e+00
   3.0802318e+00
   3.0770400e+00
   3.0738518e+00
   3.0706670e+00
   3.0674858e+00
   3.0643081e+00
   3.0611339e+00
   3.0579632e+00
   3.0547960e+00
   3.0516324e+00
   3.0484722e+00
   3.0453155e+00
   3.0421624e+00
   3.0390127e+00
   3.0358664e+00
   3.0327237e+00
   3.0295845e+00
   3.0264487e+00
   3.0233164e+00
   3.0201875e+00
   3.0170621e+00
   3.0139402e+00
   3.0108217e+00
   3.0077066e+00
   3.0045950e+00
   3.0014868e+00
   2.9983821e+00
   2.9952808e+00
   2.9921829e+00
   2.9890884e+00
   2.9859973e+00
   2.9829097e+00
   2.9798254e+00
   2.9767446e+00
   2.9736671e+00
   2.9705931e+00
   2.9675224e+00
   2.9644551e+00
   2.9613913e+00
   2.9583309e+00
   2.9552739e+00
   2.9522202e+00
   2.9491699e+00
   2.9461229e+00
   2.9430793e+00
   2.9400390e+00
   2.9370021e+00
   2.9339685e+00
   2.9309382e+00
   2.9279112e+00
   2.9248876e+00
   2.9218673e+00
   2.9188503e+00
   2.9158366e+00
   2.9128262e+00
   2.9098192e+00
   2.9068154e+00
   2.9038149e+00
   2.9008177e+00
   2.8978238e+00
   2.8948332e+00
   2.8918459e+00
   2.8888618e+00
   2.8858811e+00
   2.8829036e+00
   2.8799293e+00
   2.8769583e+00
   2.8739906e+00
   2.8710261e+00
   2.8680649e+00
   2.8651069e+00
   2.8621522e+00
   2.8592007e+00
   2.8562524e+00
   2.8533074e+00
   2.8503656e+00
   2.8474270e+00
   2.8444916e+00
   2.8415595e+00
   2.8386305e+00
   2.8357048e+00
   2.8327823e+00
   2.8298631e+00
   2.8269470e+00
   2.8240342e+00
   2.8211245e+00
   2.8182180e+00
   2.8153146e+00
   2.8124144e+00
   2.8095174e+00
   2.8066235e+00
   2.8037328e+00
   2.8008453e+00
   2.7979609e+00
   2.7950796e+00
   2.7922015e+00
   2.7893265e+00
   2.7864547e+00
   2.7835859e+00
   2.7807204e+00
   2.7778579e+00
   2.7749985e+00
   2.7721423e+00
   2.7692892e+00
   2.7664392e+00
   2.7635923e+00
   2.7607485e+00
   2.7579078e+00
   2.7550702e+00
   2.7522357e+00
   2.7494042e+00
   2.7465759e+00
   2.7437506e+00
   2.7409284e+00
   2.7381093e+00
   2.7352932e+00
   2.7324802e+00
   2.7296703e+00
   2.7268634e+00
   2.7240596e+00
   2.7212588e+00
   2.7184611e+00
   2.7156664e+00
   2.7128748e+00
   2.7100862e+00
   2.7073007e+00
   2.7045182e+00
   2.7017388e+00
   2.6989623e+00
   2.6961889e+00
   2.6934185e+00
   2.6906511e+00
   2.6878867e+00
   2.6851253e+00
   2.6823669e+00
   2.6796114e+00
   2.6768590e+00
   2.6741095e+00
   2.6713630e+00
   2.6686195e+00
   2.6658789e+00
   2.6631414e+00
   2.6604067e+00
   2.6576751e+00
   2.6549464e+00
   2.6522207e+00
   2.6494979e+00
   2.6467780e+00
   2.6440612e+00
   2.6413472e+00
   2.6386362e+00
   2.6359281e+00
   2.6332230e+00
   2.6305207e+00
   2.6278214e+00
   2.6251251e+00
   2.6224316e+00
   2.6197411e+00
   2.6170534e+00
   2.6143687e+00
   2.6116869e+00
   2.6090080e+00
   2.6063319e+00
   2.6036588e+00
   2.6009885e+00
   2.5983212e+00
   2.5956567e+00
   2.5929951e+00
   2.5903364e+00
   2.5876806e+00
   2.5850276e+00
   2.5823775e+00
   2.5797304e+00
   2.5770860e+00
   2.5744446e+00
   2.5718059e+00
   2.5691701e+00
   2.5665372e+00
   2.5639071e+00
   2.5612798e+00
   2.5586554e+00
   2.5560337e+00
   2.5534149e+00
   2.5507990e+00
   2.5481858e+00
   2.5455755e+00
   2.5429679e+00
   2.5403632e+00
   2.5377613e+00
   2.5351622e+00
   2.5325659e+00
   2.5299723e+00
   2.5273816e+00
   2.5247936e+00
   2.5222085e+00
   2.5196261e+00
   2.5170465e+00
   2.5144697e+00
   2.5118956e+00
   2.5093243e+00
   2.5067558e+00
   2.5041900e+00
   2.5016270e+00
   2.4990668e+00
   2.4965093e+00
   2.4939545e+00
   2.4914025e+00
   2.4888533e+00
   2.4863068e+00
   2.4837630e+00
   2.4812219e+00
   2.4786836e+00
   2.4761480e+00
   2.4736151e+00
   2.4710850e+00
   2.4685575e+00
   2.4660328e+00
   2.4635108e+00
   2.4609915e+00
   2.4584749e+00
   2.4559610e+00
   2.4534498e+00
   2.4509413e+00
   2.4484354e+00
   2.4459323e+00
   2.4434318e+00
   2.4409341e+00
   2.4384390e+00
   2.4359465e+00
   2.4334568e+00
   2.4309697e+00
   2.4284853e+00
   2.4260035e+00
   2.4235244e+00
   2.4210480e+00
   2.4185742e+00
   2.4161031e+00
   2.4136346e+00
   2.4111687e+00
   2.4087055e+00
   2.4062449e+00
   2.4037870e+00
   2.4013317e+00
   2.3988790e+00
   2.3964290e+00
   2.3939815e+00
   2.3915367e+00
   2.3890945e+00
   2.3866549e+00
   2.3842179e+00
   2.3817835e+00
   2.3793517e+00
   2.3769226e+00
   2.3744960e+00
   2.3720720e+00
   2.3696506e+00
   2.3672318e+00
   2.3648155e+00
   2.3624019e+00
   2.3599908e+00
   2.3575823e+00
   2.3551764e+00
   2.3527730e+00
   2.3503723e+00
   2.3479740e+00
   2.3455784e+00
   2.3431852e+00
   2.3407947e+00
   2.3384067e+00
   2.3360212e+00
   2.3336383e+00
   2.3312579e+00
   2.3288801e+00
   2.3265048e+00
   2.3241320e+00
   2.3217618e+00
   2.3193941e+00
   2.3170289e+00
   2.3146662e+00
   2.3123061e+00
   2.3099484e+00
   2.3075933e+00
   2.3052407e+00
   2.3028906e+00
   2.3005430e+00
   2.2981979e+00
   2.2958553e+00
   2.2935152e+00
   2.2911775e+00
   2.2888424e+00
   2.2865097e+00
   2.2841796e+00
   2.2818519e+00
   2.2795267e+00
   2.2772039e+00
   2.2748837e+00
   2.2725659e+00
   2.2702505e+00
   2.2679377e+00
   2.2656272e+00
   2.2633193e+00
   2.2610138e+00
   2.2587107e+00
   2.2564101e+00
   2.2541120e+00
   2.2518162e+00
   2.2495230e+00
   2.2472321e+00
   2.2449437e+00
   2.2426577e+00
   2.2403742e+00
   2.2380930e+00
   2.2358143e+00
   2.2335381e+00
   2.2312642e+00
   2.2289927e+00
   2.2267237e+00
   2.2244571e+00
   2.2221928e+00
   2.2199310e+00
   2.2176716e+00
   2.2154145e+00
   2.2131599e+00
   2.2109076e+00
   2.2086578e+00
   2.2064103e+00
   2.2041652e+00
   2.2019225e+00
   2.1996822e+00
   2.1974442e+00
   2.1952086e+00
   2.1929754e+00
   2.1907446e+00
   2.1885161e+00
   2.1862900e+00
   2.1840662e+00
   2.1818448e+00
   2.1796257e+00
   2.1774090e+00
   2.1751946e+00
   2.1729826e+00
   2.1707729e+00
   2.1685656e+00
   2.1663606e+00
   2.1641579e+00
   2.1619576e+00
   2.1597596e+00
   2.1575639e+00
   2.1553705e+00
   2.1531795e+00
   2.1509908e+00
   2.1488044e+00
   2.1466203e+00
   2.1444385e+00
   2.1422590e+00
   2.1400818e+00
   2.1379070e+00
   2.1357344e+00
   2.1335641e+00
   2.1313961e+00
   2.1292304e+00
   2.1270670e+00
   2.1249059e+00
   2.1227471e+00
   2.1205905e+00
   2.1184362e+00
   2.1162842e+00
   2.1141345e+00
   2.1119870e+00
   2.1098418e+00
   2.1076989e+00
   2.1055582e+00
   2.1034198e+00
   2.1012837e+00
   2.0991498e+00
   2.0970181e+00
   2.0948887e+00
   2.0927616e+00
   2.0906367e+00
   2.0885140e+00
   2.0863936e+00
   2.0842754e+00
   2.0821594e+00
   2.0800457e+00
   2.0779342e+00
   2.0758249e+00
   2.0737179e+00
   2.0716131e+00
   2.0695105e+00
   2.0674101e+00
   2.0653119e+00
   2.0632159e+00
   2.0611221e+00
   2.0590306e+00
   2.0569412e+00
   2.0548541e+00
   2.0527691e+00
   2.0506864e+00
   2.0486058e+00
   2.0465274e+00
   2.0444512e+00
   2.0423772e+00
   2.0403054e+00
   2.0382358e+00
   2.0361683e+00
   2.0341030e+00
   2.0320399e+00
   2.0299790e+00
   2.0279202e+00
   2.0258636e+00
   2.0238092e+00
   2.0217569e+00
   2.0197067e+00
   2.0176588e+00
   2.0156130e+00
   2.0135693e+00
   2.0115278e+00
   2.0094884e+00
   2.0074512e+00
   2.0054161e+00
   2.0033831e+00
   2.0013523e+00
   1.9993236e+00
   1.9972971e+00
   1.9952727e+00
   1.9932504e+00
   1.9912302e+00
   1.9892122e+00
   1.9871962e+00
   1.9851824e+00
   1.9831707e+00
   1.9811612e+00
   1.9791537e+00
   1.9771483e+00
   1.9751450e+00
   1.9731439e+00
   1.9711448e+00
   1.9691479e+00
   1.9671530e+00
   1.9651602e+00
   1.9631695e+00
   1.9611809e+00
   1.9591944e+00
   1.9572100e+00
   1.9552277e+00
   1.9532474e+00
   1.9512692e+00
   1.9492931e+00
   1.9473190e+00
   1.9453471e+00
   1.9433772e+00
   1.9414093e+00
   1.9394435e+00
   1.9374798e+00
   1.9355182e+00
   1.9335585e+00
   1.9316010e+00
   1.9296455e+00
   1.9276920e+00
   1.9257406e+00
   1.9237913e+00
   1.9218439e+00
   1.9198986e+00
   1.9179554e+00
   1.9160142e+00
   1.9140750e+00
   1.9121378e+00
   1.9102027e+00
   1.9082696e+00
   1.9063385e+00
   1.9044095e+00
   1.9024825e+00
   1.9005574e+00
   1.8986344e+00
   1.8967134e+00
   1.8947944e+00
   1.8928775e+00
   1.8909625e+00
   1.8890495e+00
   1.8871385e+00
   1.8852296e+00
   1.8833226e+00
   1.8814176e+00
   1.8795146e+00
   1.8776136e+00
   1.8757146e+00
   1.8738176e+00
   1.8719225e+00
   1.8700295e+00
   1.8681384e+00
   1.8662493e+00
   1.8643621e+00
   1.8624770e+00
   1.8605938e+00
   1.8587125e+00
   1.8568332e+00
   1.8549559e+00
   1.8530806e+00
   1.8512072e+00
   1.8493358e+00
   1.8474663e+00
   1.8455988e+00
   1.8437332e+00
   1.8418696e+00
   1.8400079e+00
   1.8381481e+00
   1.8362903e+00
   1.8344345e+00
   1.8325806e+00
   1.8307286e+00
   1.8288785e+00
   1.8270304e+00
   1.8251842e+00
   1.8233399e+00
   1.8214975e+00
   1.8196571e+00
   1.8178186e+00
   1.8159820e+00
   1.8141473e+00
   1.8123146e+00
   1.8104837e+00
   1.8086547e+00
   1.8068277e+00
   1.8050026e+00
   1.8031793e+00
   1.8013580e+00
   1.7995385e+00
   1.7977210e+00
   1.7959054e+00
   1.7940916e+00
   1.7922797e+00
   1.7904697e+00
   1.7886616e+00
   1.7868554e+00
   1.7850511e+00
   1.7832486e+00
   1.7814481e+00
   1.7796494e+00
   1.7778525e+00
   1.7760576e+00
   1.7742645e+00
   1.7724732e+00
   1.7706839e+00
   1.7688964e+00
   1.7671107e+00
   1.7653270e+00
   1.7635450e+00
   1.7617650e+00
   1.7599867e+00
   1.7582104e+00
   1.7564358e+00
   1.7546632e+00
   1.7528923e+00
   1.7511233e+00
   1.7493562e+00
   1.7475909e+00
   1.7458274e+00
   1.7440657e+00
   1.7423059e+00
   1.7405479e+00
   1.7387918e+00
   1.7370375e+00
   1.7352849e+00
   1.7335343e+00
   1.7317854e+00
   1.7300383e+00
   1.7282931e+00
   1.7265497e+00
   1.7248081e+00
   1.7230683e+00
   1.7213303e+00
   1.7195941e+00
   1.7178597e+00
   1.7161271e+00
   1.7143963e+00
   1.7126673e+00
   1.7109401e+00
   1.7092147e+00
   1.7074911e+00
   1.7057693e+00
   1.7040492e+00
   1.7023310e+00
   1.7006145e+00
   1.6988998e+00
   1.6971869e+00
   1.6954758e+00
   1.6937664e+00
   1.6920589e+00
   1.6903531e+00
   1.6886490e+00
   1.6869467e+00
   1.6852462e+00
   1.6835475e+00
   1.6818505e+00
   1.6801553e+00
   1.6784618e+00
   1.6767701e+00
   1.6750802e+00
   1.6733920e+00
   1.6717055e+00
   1.6700208e+00
   1.6683379e+00
   1.6666567e+00
   1.6649772e+00
   1.6632995e+00
   1.6616235e+00
   1.6599492e+00
   1.6582767e+00
   1.6566059e+00
   1.6549368e+00
   1.6532695e+00
   1.6516039e+00
   1.6499400e+00
   1.6482779e+00
   1.6466175e+00
   1.6449588e+00
   1.6433018e+00
   1.6416465e+00
   1.6399929e+00
   1.6383411e+00
   1.6366909e+00
   1.6350425e+00
   1.6333958e+00
   1.6317508e+00
   1.6301074e+00
   1.6284658e+00
   1.6268259e+00
   1.6251877e+00
   1.6235511e+00
   1.6219163e+00
   1.6202832e+00
   1.6186517e+00
   1.6170219e+00
   1.6153939e+00
   1.6137675e+00
   1.6121428e+00
   1.6105197e+00
   1.6088984e+00
   1.6072787e+00
   1.6056607e+00
   1.6040444e+00
   1.6024297e+00
   1.6008167e+00
   1.5992054e+00
   1.5975957e+00
   1.5959877e+00
   1.5943814e+00
   1.5927767e+00
   1.5911737e+00
   1.5895724e+00
   1.5879727e+00
   1.5863746e+00
   1.5847782e+00
   1.5831835e+00
   1.5815904e+00
   1.5799989e+00
   1.5784091e+00
   1.5768209e+00
   1.5752344e+00
   1.5736495e+00
   1.5720663e+00
   1.5704846e+00
   1.5689047e+00
   1.5673263e+00
   1.5657496e+00
   1.5641745e+00
   1.5626010e+00
   1.5610292e+00
   1.5594589e+00
   1.5578903e+00
   1.5563234e+00
   1.5547580e+00
   1.5531942e+00
   1.5516321e+00
   1.5500716e+00
   1.5485127e+00
   1.5469554e+00
   1.5453997e+00
   1.5438456e+00
   1.5422931e+00
   1.5407422e+00
   1.5391929e+00
   1.5376452e+00
   1.5360991e+00
   1.5345546e+00
   1.5330117e+00
   1.5314704e+00
   1.5299306e+00
   1.5283925e+00
   1.5268559e+00
   1.5253210e+00
   1.5237876e+00
   1.5222557e+00
   1.5207255e+00
   1.5191969e+00
   1.5176698e+00
   1.5161443e+00
   1.5146203e+00
   1.5130980e+00
   1.5115772e+00
   1.5100580e+00
   1.5085403e+00
   1.5070242e+00
   1.5055097e+00
   1.5039967e+00
   1.5024853e+00
   1.5009754e+00
   1.4994671e+00
   1.4979603e+00
   1.4964551e+00
   1.4949515e+00
   1.4934494e+00
   1.4919488e+00
   1.4904498e+00
   1.4889523e+00
   1.4874564e+00
   1.4859620e+00
   1.4844692e+00
   1.4829779e+00
   1.4814881e+00
   1.4799998e+00
   1.4785131e+00
   1.4770280e+00
   1.4755443e+00
   1.4740622e+00
   1.4725816e+00
   1.4711025e+00
   1.4696249e+00
   1.4681489e+00
   1.4666744e+00
   1.4652014e+00
   1.4637299e+00
   1.4622599e+00
   1.4607914e+00
   1.4593245e+00
   1.4578590e+00
   1.4563951e+00
   1.4549327e+00
   1.4534717e+00
   1.4520123e+00
   1.4505544e+00
   1.4490980e+00
   1.4476430e+00
   1.4461896e+00
   1.4447377e+00
   1.4432872e+00
   1.4418382e+00
   1.4403908e+00
   1.4389448e+00
   1.4375003e+00
   1.4360573e+00
   1.4346158e+00
   1.4331757e+00
   1.4317371e+00
   1.4303001e+00
   1.4288644e+00
   1.4274303e+00
   1.4259976e+00
   1.4245664e+00
   1.4231367e+00
   1.4217085e+00
   1.4202817e+00
   1.4188563e+00
   1.4174325e+00
   1.4160101e+00
   1.4145891e+00
   1.4131697e+00
   1.4117516e+00
   1.4103351e+00
   1.4089200e+00
   1.4075063e+00
   1.4060941e+00
   1.4046833e+00
   1.4032740e+00
   1.4018661e+00
   1.4004597e+00
   1.3990547e+00
   1.3976512e+00
   1.3962491e+00
   1.3948484e+00
   1.3934492e+00
   1.3920514e+00
   1.3906551e+00
   1.3892602e+00
   1.3878667e+00
   1.3864746e+00
   1.3850840e+00
   1.3836948e+00
   1.3823070e+00
   1.3809206e+00
   1.3795357e+00
   1.3781522e+00
   1.3767701e+00
   1.3753894e+00
   1.3740101e+00
   1.3726323e+00
   1.3712559e+00
   1.3698808e+00
   1.3685072e+00
   1.3671350e+00
   1.3657642e+00
   1.3643948e+00
   1.3630268e+00
   1.3616602e+00
   1.3602950e+00
   1.3589312e+00
   1.3575688e+00
   1.3562078e+00
   1.3548482e+00
   1.3534900e+00
   1.3521332e+00
   1.3507777e+00
   1.3494237e+00
   1.3480710e+00
   1.3467198e+00
   1.3453699e+00
   1.3440214e+00
   1.3426743e+00
   1.3413285e+00
   1.3399841e+00
   1.3386412e+00
   1.3372995e+00
   1.3359593e+00
   1.3346204e+00
   1.3332829e+00
   1.3319468e+00
   1.3306120e+00
   1.3292786e+00
   1.3279466e+00
   1.3266159e+00
   1.3252866e+00
   1.3239587e+00
   1.3226321e+00
   1.3213069e+00
   1.3199830e+00
   1.3186605e+00
   1.3173393e+00
   1.3160195e+00
   1.3147010e+00
   1.3133839e+00
   1.3120682e+00
   1.3107537e+00
   1.3094407e+00
   1.3081289e+00
   1.3068185e+00
   1.3055095e+00
   1.3042018e+00
   1.3028954e+00
   1.3015904e+00
   1.3002867e+00
   1.2989843e+00
   1.2976832e+00
   1.2963835e+00
   1.2950852e+00
   1.2937881e+00
   1.2924924e+00
   1.2911980e+00
   1.2899049e+00
   1.2886131e+00
   1.2873227e+00
   1.2860336e+00
   1.2847458e+00
   1.2834593e+00
   1.2821741e+00
   1.2808903e+00
   1.2796077e+00
   1.2783265e+00
   1.2770465e+00
   1.2757679e+00
   1.2744906e+00
   1.2732146e+00
   1.2719399e+00
   1.2706665e+00
   1.2693944e+00
   1.2681236e+00
   1.2668541e+00
   1.2655859e+00
   1.2643190e+00
   1.2630534e+00
   1.2617890e+00
   1.2605260e+00
   1.2592643e+00
   1.2580038e+00
   1.2567446e+00
   1.2554867e+00
   1.2542301e+00
   1.2529748e+00
   1.2517208e+00
   1.2504680e+00
   1.2492166e+00
   1.2479664e+00
   1.2467174e+00
   1.2454698e+00
   1.2442234e+00
   1.2429783e+00
   1.2417345e+00
   1.2404919e+00
   1.2392506e+00
   1.2380106e+00
   1.2367718e+00
   1.2355343e+00
   1.2342981e+00
   1.2330631e+00
   1.2318294e+00
   1.2305970e+00
   1.2293658e+00
   1.2281358e+00
   1.2269071e+00
   1.2256797e+00
   1.2244535e+00
   1.2232286e+00
   1.2220049e+00
   1.2207824e+00
   1.2195613e+00
   1.2183413e+00
   1.2171226e+00
   1.2159051e+00
   1.2146889e+00
   1.2134740e+00
   1.2122602e+00
   1.2110477e+00
   1.2098364e+00
   1.2086264e+00
   1.2074176e+00
   1.2062101e+00
   1.2050037e+00
   1.2037986e+00
   1.2025947e+00
   1.2013921e+00
   1.2001907e+00
   1.1989905e+00
   1.1977915e+00
   1.1965937e+00
   1.1953972e+00
   1.1942019e+00
   1.1930078e+00
   1.1918149e+00
   1.1906232e+00
   1.1894328e+00
   1.1882435e+00
   1.1870555e+00
   1.1858687e+00
   1.1846831e+00
   1.1834987e+00
   1.1823155e+00
   1.1811335e+00
   1.1799527e+00
   1.1787731e+00
   1.1775947e+00
   1.1764176e+00
   1.1752416e+00
   1.1740668e+00
   1.1728932e+00
   1.1717208e+00
   1.1705496e+00
   1.1693796e+00
   1.1682108e+00
   1.1670431e+00
   1.1658767e+00
   1.1647114e+00
   1.1635474e+00
   1.1623845e+00
   1.1612228e+00
   1.1600623e+00
   1.1589029e+00
   1.1577448e+00
   1.1565878e+00
   1.1554320e+00
   1.1542774e+00
   1.1531239e+00
   1.1519717e+00
   1.1508206e+00
   1.1496706e+00
   1.1485219e+00
   1.1473743e+00
   1.1462278e+00
   1.1450826e+00
   1.1439385e+00
   1.1427955e+00
   1.1416538e+00
   1.1405132e+00
   1.1393737e+00
   1.1382354e+00
   1.1370983e+00
   1.1359623e+00
   1.1348275e+00
   1.1336938e+00
   1.1325613e+00
   1.1314300e+00
   1.1302997e+00
   1.1291707e+00
   1.1280428e+00
   1.1269160e+00
   1.1257904e+00
   1.1246659e+00
   1.1235426e+00
   1.1224204e+00
   1.1212993e+00
   1.1201794e+00
   1.1190606e+00
   1.1179430e+00
   1.1168265e+00
   1.1157111e+00
   1.1145969e+00
   1.1134838e+00
   1.1123718e+00
   1.1112609e+00
   1.1101512e+00
   1.1090426e+00
   1.1079352e+00
   1.1068288e+00
   1.1057236e+00
   1.1046195e+00
   1.1035166e+00
   1.1024147e+00
   1.1013140e+00
   1.1002144e+00
   1.0991159e+00
   1.0980185e+00
   1.0969223e+00
   1.0958271e+00
   1.0947331e+00
   1.0936402e+00
   1.0925483e+00
   1.0914576e+00
   1.0903680e+00
   1.0892795e+00
   1.0881921e+00
   1.0871059e+00
   1.0860207e+00
   1.0849366e+00
   1.0838536e+00
   1.0827717e+00
   1.0816910e+00
   1.0806113e+00
   1.0795327e+00
   1.0784552e+00
   1.0773788e+00
   1.0763035e+00
   1.0752293e+00
   1.0741561e+00
   1.0730841e+00
   1.0720131e+00
   1.0709433e+00
   1.0698745e+00
   1.0688068e+00
   1.0677402e+00
   1.0666747e+00
   1.0656102e+00
   1.0645469e+00
   1.0634846e+00
   1.0624234e+00
   1.0613632e+00
   1.0603042e+00
   1.0592462e+00
   1.0581893e+00
   1.0571334e+00
   1.0560787e+00
   1.0550250e+00
   1.0539723e+00
   1.0529208e+00
   1.0518703e+00
   1.0508208e+00
   1.0497725e+00
   1.0487252e+00
   1.0476789e+00
   1.0466337e+00
   1.0455896e+00
   1.0445466e+00
   1.0435046e+00
   1.0424636e+00
   1.0414237e+00
   1.0403849e+00
   1.0393471e+00
   1.0383103e+00
   1.0372747e+00
   1.0362400e+00
   1.0352064e+00
   1.0341739e+00
   1.0331424e+00
   1.0321120e+00
   1.0310826e+00
   1.0300542e+00
   1.0290269e+00
   1.0280006e+00
   1.0269754e+00
   1.0259512e+00
   1.0249280e+00
   1.0239059e+00
   1.0228848e+00
   1.0218648e+00
   1.0208458e+00
   1.0198278e+00
   1.0188108e+00
   1.0177949e+00
   1.0167800e+00
   1.0157661e+00
   1.0147533e+00
   1.0137415e+00
   1.0127307e+00
   1.0117209e+00
   1.0107122e+00
   1.0097044e+00
   1.0086977e+00
   1.0076921e+00
   1.0066874e+00
   1.0056838e+00
   1.0046811e+00
   1.0036795e+00
   1.0026789e+00
   1.0016793e+00
   1.0006807e+00
   9.9968318e-01
   9.9868662e-01
   9.9769108e-01
   9.9669654e-01
   9.9570301e-01
   9.9471048e-01
   9.9371896e-01
   9.9272844e-01
   9.9173893e-01
   9.9075042e-01
   9.8976290e-01
   9.8877639e-01
   9.8779088e-01
   9.8680636e-01
   9.8582284e-01
   9.8484031e-01
   9.8385878e-01
   9.8287824e-01
   9.8189870e-01
   9.8092014e-01
   9.7994258e-01
   9.7896600e-01
   9.7799041e-01
   9.7701581e-01
   9.7604220e-01
   9.7506957e-01
   9.7409792e-01
   9.7312726e-01
   9.7215757e-01
   9.7118887e-01
   9.7022115e-01
   9.6925441e-01
   9.6828865e-01
   9.6732386e-01
   9.6636005e-01
   9.6539721e-01
   9.6443535e-01
   9.6347446e-01
   9.6251454e-01
   9.6155559e-01
   9.6059761e-01
   9.5964060e-01
   9.5868456e-01
   9.5772948e-01
   9.5677537e-01
   9.5582223e-01
   9.5487005e-01
   9.5391883e-01
   9.5296857e-01
   9.5201927e-01
   9.5107094e-01
   9.5012356e-01
   9.4917714e-01
   9.4823167e-01
   9.4728717e-01
   9.4634361e-01
   9.4540101e-01
   9.4445936e-01
   9.4351867e-01
   9.4257892e-01
   9.4164013e-01
   9.4070228e-01
   9.3976538e-01
   9.3882943e-01
   9.3789442e-01
   9.3696036e-01
   9.3602724e-01
   9.3509507e-01
   9.3416383e-01
   9.3323354e-01
   9.3230419e-01
   9.3137577e-01
   9.3044830e-01
   9.2952176e-01
   9.2859615e-01
   9.2767149e-01
   9.2674775e-01
   9.2582495e-01
   9.2490308e-01
   9.2398214e-01
   9.2306214e-01
   9.2214306e-01
   9.2122491e-01
   9.2030768e-01
   9.1939139e-01
   9.1847602e-01
   9.1756157e-01
   9.1664805e-01
   9.1573544e-01
   9.1482377e-01
   9.1391301e-01
   9.1300317e-01
   9.1209425e-01
   9.1118624e-01
   9.1027916e-01
   9.0937298e-01
   9.0846773e-01
   9.0756339e-01
   9.0665996e-01
   9.0575744e-01
   9.0485583e-01
   9.0395514e-01
   9.0305535e-01
   9.0215647e-01
   9.0125850e-01
   9.0036144e-01
   8.9946528e-01
   8.9857002e-01
   8.9767567e-01
   8.9678222e-01
   8.9588967e-01
   8.9499803e-01
   8.9410728e-01
   8.9321743e-01
   8.9232848e-01
   8.9144043e-01
   8.9055327e-01
   8.8966701e-01
   8.8878164e-01
   8.8789716e-01
   8.8701358e-01
   8.8613089e-01
   8.8524909e-01
   8.8436818e-01
   8.8348816e-01
   8.8260902e-01
   8.8173077e-01
   8.8085341e-01
   8.7997693e-01
   8.7910134e-01
   8.7822663e-01
   8.7735280e-01
   8.7647986e-01
   8.7560779e-01
   8.7473661e-01
   8.7386630e-01
   8.7299687e-01
   8.7212831e-01
   8.7126064e-01
   8.7039383e-01
   8.6952791e-01
   8.6866285e-01
   8.6779867e-01
   8.6693535e-01
   8.6607291e-01
   8.6521134e-01
   8.6435064e-01
   8.6349080e-01
   8.6263183e-01
   8.6177373e-01
   8.6091649e-01
   8.6006012e-01
   8.5920461e-01
   8.5834996e-01
   8.5749618e-01
   8.5664325e-01
   8.5579118e-01
   8.5493998e-01
   8.5408963e-01
   8.5324013e-01
   8.5239150e-01
   8.5154372e-01
   8.5069679e-01
   8.4985072e-01
   8.4900550e-01
   8.4816113e-01
   8.4731761e-01
   8.4647494e-01
   8.4563312e-01
   8.4479215e-01
   8.4395203e-01
   8.4311275e-01
   8.4227432e-01
   8.4143673e-01
   8.4059999e-01
   8.3976409e-01
   8.3892903e-01
   8.3809482e-01
   8.3726144e-01
   8.3642890e-01
   8.3559721e-01
   8.3476635e-01
   8.3393632e-01
   8.3310713e-01
   8.3227878e-01
   8.3145126e-01
   8.3062458e-01
   8.2979873e-01
   8.2897371e-01
   8.2814952e-01
   8.2732616e-01
   8.2650363e-01
   8.2568193e-01
   8.2486105e-01
   8.2404101e-01
   8.2322179e-01
   8.2240339e-01
   8.2158582e-01
   8.2076907e-01
   8.1995314e-01
   8.1913803e-01
   8.1832375e-01
   8.1751028e-01
   8.1669764e-01
   8.1588581e-01
   8.1507480e-01
   8.1426460e-01
   8.1345522e-01
   8.1264666e-01
   8.1183891e-01
   8.1103197e-01
   8.1022584e-01
   8.0942053e-01
   8.0861603e-01
   8.0781233e-01
   8.0700945e-01
   8.0620737e-01
   8.0540610e-01
   8.0460564e-01
   8.0380598e-01
   8.0300713e-01
   8.0220908e-01
   8.0141184e-01
   8.0061539e-01
   7.9981975e-01
   7.9902491e-01
   7.9823087e-01
   7.9743763e-01
   7.9664518e-01
   7.9585353e-01
   7.9506268e-01
   7.9427263e-01
   7.9348337e-01
   7.9269490e-01
   7.9190723e-01
   7.9112035e-01
   7.9033426e-01
   7.8954896e-01
   7.8876445e-01
   7.8798073e-01
   7.8719780e-01
   7.8641566e-01
   7.8563430e-01
   7.8485373e-01
   7.8407395e-01
   7.8329494e-01
   7.8251673e-01
   7.8173929e-01
   7.8096264e-01
   7.8018676e-01
   7.7941167e-01
   7.7863736e-01
   7.7786383e-01
   7.7709107e-01
   7.7631909e-01
   7.7554789e-01
   7.7477746e-01
   7.7400781e-01
   7.7323893e-01
   7.7247082e-01
   7.7170349e-01
   7.7093693e-01
   7.7017113e-01
   7.6940611e-01
   7.6864186e-01
   7.6787838e-01
   7.6711566e-01
   7.6635371e-01
   7.6559253e-01
   7.6483211e-01
   7.6407245e-01
   7.6331356e-01
   7.6255543e-01
   7.6179807e-01
   7.6104146e-01
   7.6028562e-01
   7.5953053e-01
   7.5877621e-01
   7.5802264e-01
   7.5726983e-01
   7.5651777e-01
   7.5576648e-01
   7.5501593e-01
   7.5426614e-01
   7.5351711e-01
   7.5276883e-01
   7.5202129e-01
   7.5127451e-01
   7.5052849e-01
   7.4978321e-01
   7.4903867e-01
   7.4829489e-01
   7.4755186e-01
   7.4680957e-01
   7.4606802e-01
   7.4532722e-01
   7.4458717e-01
   7.4384786e-01
   7.4310929e-01
   7.4237147e-01
   7.4163438e-01
   7.4089804e-01
   7.4016243e-01
   7.3942756e-01
   7.3869344e-01
   7.3796005e-01
   7.3722739e-01
   7.3649547e-01
   7.3576429e-01
   7.3503384e-01
   7.3430413e-01
   7.3357515e-01
   7.3284690e-01
   7.3211938e-01
   7.3139259e-01
   7.3066653e-01
   7.2994120e-01
   7.2921660e-01
   7.2849273e-01
   7.2776958e-01
   7.2704716e-01
   7.2632547e-01
   7.2560450e-01
   7.2488425e-01
   7.2416473e-01
   7.2344593e-01
   7.2272785e-01
   7.2201049e-01
   7.2129385e-01
   7.2057793e-01
   7.1986273e-01
   7.1914825e-01
   7.1843449e-01
   7.1772144e-01
   7.1700910e-01
   7.1629749e-01
   7.1558658e-01
   7.1487639e-01
   7.1416692e-01
   7.1345815e-01
   7.1275010e-01
   7.1204276e-01
   7.1133613e-01
   7.1063020e-01
   7.0992499e-01
   7.0922048e-01
   7.0851668e-01
   7.0781359e-01
   7.0711120e-01
   7.0640951e-01
   7.0570854e-01
   7.0500826e-01
   7.0430869e-01
   7.0360981e-01
   7.0291164e-01
   7.0221418e-01
   7.0151741e-01
   7.0082134e-01
   7.0012596e-01
   6.9943129e-01
   6.9873731e-01
   6.9804403e-01
   6.9735144e-01
   6.9665955e-01
   6.9596836e-01
   6.9527785e-01
   6.9458804e-01
   6.9389892e-01
   6.9321050e-01
   6.9252276e-01
   6.9183571e-01
   6.9114936e-01
   6.9046369e-01
   6.8977870e-01
   6.8909441e-01
   6.8841080e-01
   6.8772788e-01
   6.8704564e-01
   6.8636409e-01
   6.8568322e-01
   6.8500303e-01
   6.8432353e-01
   6.8364470e-01
   6.8296656e-01
   6.8228910e-01
   6.8161231e-01
   6.8093621e-01
   6.8026078e-01
   6.7958603e-01
   6.7891196e-01
   6.7823856e-01
   6.7756584e-01
   6.7689379e-01
   6.7622242e-01
   6.7555172e-01
   6.7488169e-01
   6.7421234e-01
   6.7354365e-01
   6.7287564e-01
   6.7220829e-01
   6.7154162e-01
   6.7087561e-01
   6.7021027e-01
   6.6954560e-01
   6.6888159e-01
   6.6821825e-01
   6.6755557e-01
   6.6689356e-01
   6.6623221e-01
   6.6557153e-01
   6.6491150e-01
   6.6425214e-01
   6.6359344e-01
   6.6293540e-01
   6.6227802e-01
   6.6162130e-01
   6.6096523e-01
   6.6030983e-01
   6.5965508e-01
   6.5900098e-01
   6.5834755e-01
   6.5769476e-01
   6.5704263e-01
   6.5639116e-01
   6.5574034e-01
   6.5509017e-01
   6.5444065e-01
   6.5379178e-01
   6.5314356e-01
   6.5249599e-01
   6.5184907e-01
   6.5120280e-01
   6.5055718e-01
   6.4991220e-01
   6.4926787e-01
   6.4862418e-01
   6.4798114e-01
   6.4733874e-01
   6.4669699e-01
   6.4605588e-01
   6.4541541e-01
   6.4477559e-01
   6.4413640e-01
   6.4349786e-01
   6.4285995e-01
   6.4222269e-01
   6.4158606e-01
   6.4095007e-01
   6.4031471e-01
   6.3968000e-01
   6.3904592e-01
   6.3841247e-01
   6.3777966e-01
   6.3714748e-01
   6.3651593e-01
   6.3588502e-01
   6.3525474e-01
   6.3462509e-01
   6.3399607e-01
   6.3336769e-01
   6.3273993e-01
   6.3211279e-01
   6.3148629e-01
   6.3086042e-01
   6.3023517e-01
   6.2961054e-01
   6.2898655e-01
   6.2836317e-01
   6.2774043e-01
   6.2711830e-01
   6.2649680e-01
   6.2587592e-01
   6.2525566e-01
   6.2463602e-01
   6.2401701e-01
   6.2339861e-01
   6.2278083e-01
   6.2216367e-01
   6.2154713e-01
   6.2093121e-01
   6.2031590e-01
   6.1970121e-01
   6.1908713e-01
   6.1847367e-01
   6.1786082e-01
   6.1724859e-01
   6.1663697e-01
   6.1602596e-01
   6.1541556e-01
   6.1480577e-01
   6.1419660e-01
   6.1358803e-01
   6.1298007e-01
   6.1237272e-01
   6.1176598e-01
   6.1115985e-01
   6.1055432e-01
   6.0994940e-01
   6.0934508e-01
   6.0874137e-01
   6.0813826e-01
   6.0753576e-01
   6.0693386e-01
   6.0633256e-01
