   4.9666133e-01
   4.9633479e-01
   4.9600848e-01
   4.9568242e-01
   4.9535659e-01
   4.9503101e-01
   4.9470565e-01
   4.9438054e-01
   4.9405566e-01
   4.9373102e-01
   4.9340661e-01
   4.9308244e-01
   4.9275851e-01
   4.9243481e-01
   4.9211135e-01
   4.9178812e-01
   4.9146513e-01
   4.9114237e-01
   4.9081985e-01
   4.9049756e-01
   4.9017551e-01
   4.8985368e-01
   4.8953210e-01
   4.8921074e-01
   4.8888962e-01
   4.8856874e-01
   4.8824808e-01
   4.8792766e-01
   4.8760747e-01
   4.8728751e-01
   4.8696778e-01
   4.8664829e-01
   4.8632903e-01
   4.8601000e-01
   4.8569120e-01
   4.8537263e-01
   4.8505429e-01
   4.8473618e-01
   4.8441830e-01
   4.8410065e-01
   4.8378323e-01
   4.8346604e-01
   4.8314909e-01
   4.8283236e-01
   4.8251585e-01
   4.8219958e-01
   4.8188354e-01
   4.8156772e-01
   4.8125213e-01
   4.8093678e-01
   4.8062164e-01
   4.8030674e-01
   4.7999206e-01
   4.7967761e-01
   4.7936339e-01
   4.7904939e-01
   4.7873562e-01
   4.7842208e-01
   4.7810876e-01
   4.7779567e-01
   4.7748281e-01
   4.7717017e-01
   4.7685775e-01
   4.7654556e-01
   4.7623359e-01
   4.7592185e-01
   4.7561034e-01
   4.7529905e-01
   4.7498798e-01
   4.7467713e-01
   4.7436651e-01
   4.7405612e-01
   4.7374594e-01
   4.7343599e-01
   4.7312626e-01
   4.7281676e-01
   4.7250748e-01
   4.7219842e-01
   4.7188958e-01
   4.7158096e-01
   4.7127257e-01
   4.7096439e-01
   4.7065644e-01
   4.7034871e-01
   4.7004120e-01
   4.6973391e-01
   4.6942684e-01
   4.6911999e-01
   4.6881336e-01
   4.6850695e-01
   4.6820076e-01
   4.6789479e-01
   4.6758904e-01
   4.6728351e-01
   4.6697820e-01
   4.6667310e-01
   4.6636823e-01
   4.6606357e-01
   4.6575913e-01
   4.6545491e-01
   4.6515091e-01
   4.6485337e-01
   5.2778522e-01
   5.8946193e-01
   6.4999782e-01
   7.0942603e-01
   7.6782314e-01
   8.2526067e-01
   8.8180619e-01
   9.3752371e-01
   9.9247473e-01
   1.0467193e+00
   1.1003171e+00
   1.1533300e+00
   1.2058246e+00
   1.2578763e+00
   1.3095752e+00
   1.3610333e+00
   1.4123964e+00
   1.4638587e+00
   1.5156852e+00
   1.5682453e+00
   1.6220614e+00
   1.6778877e+00
   1.7368393e+00
   1.8006150e+00
   1.8719186e+00
   1.9552812e+00
   2.0588309e+00
   2.1984198e+00
   2.4082300e+00
   2.7708060e+00
   3.5185806e+00
   5.2422104e+00
   6.7463643e+00
   7.3130307e+00
   7.4786250e+00
   7.9747603e+00
   8.6089834e+00
   9.1954337e+00
   9.6904464e+00
   1.0089016e+01
   1.0396138e+01
   1.0619410e+01
   1.0766988e+01
   1.0846943e+01
   1.0867044e+01
   1.0834629e+01
   1.0756549e+01
   1.0639146e+01
   1.0488233e+01
   1.0309097e+01
   1.0033221e+01
   9.7430757e+00
   9.4427970e+00
   9.1369198e+00
   8.8290887e+00
   8.5223165e+00
   8.2190570e+00
   7.9212974e+00
   7.6306267e+00
   7.3482861e+00
   7.0752287e+00
   6.8121599e+00
   6.5595828e+00
   6.3178251e+00
   6.0870662e+00
   5.8673681e+00
   5.6586952e+00
   5.4609283e+00
   5.2738809e+00
   5.0973168e+00
   4.9309586e+00
   4.7744911e+00
   4.6275790e+00
   4.4898725e+00
   4.3610059e+00
   4.2406064e+00
   4.1283021e+00
   4.0237175e+00
   3.9264808e+00
   3.8362254e+00
   3.7525927e+00
   3.6752364e+00
   3.6038125e+00
   3.5379942e+00
   3.4774608e+00
   3.4219043e+00
   3.3710287e+00
   3.3245533e+00
   3.2822050e+00
   3.2437244e+00
   3.2088648e+00
   3.1773857e+00
   3.1490683e+00
   3.1236958e+00
   3.1010654e+00
   3.0809881e+00
   3.0632814e+00
   3.0477728e+00
   3.0342991e+00
   3.0227094e+00
   3.0128560e+00
   3.0046066e+00
   2.9978304e+00
   2.9924095e+00
   2.9882298e+00
   2.9851874e+00
   2.9831798e+00
   2.9821132e+00
   2.9819051e+00
   2.9824733e+00
   2.9837379e+00
   2.9856332e+00
   2.9880887e+00
   2.9910442e+00
   2.9944445e+00
   2.9982391e+00
   3.0023781e+00
   3.0068126e+00
   3.0115009e+00
   3.0164066e+00
   3.0214928e+00
   3.0267270e+00
   3.0320768e+00
   3.0375197e+00
   3.0430252e+00
   3.0485746e+00
   3.0541438e+00
   3.0597145e+00
   3.0652683e+00
   3.0707914e+00
   3.0762699e+00
   3.0816903e+00
   3.0870413e+00
   3.0923123e+00
   3.0974965e+00
   3.1025832e+00
   3.1075670e+00
   3.1124424e+00
   3.1172043e+00
   3.1218483e+00
   3.1263693e+00
   3.1307678e+00
   3.1350418e+00
   3.1391873e+00
   3.1432036e+00
   3.1470896e+00
   3.1508468e+00
   3.1544758e+00
   3.1579759e+00
   3.1613465e+00
   3.1645924e+00
   3.1677139e+00
   3.1707101e+00
   3.1735844e+00
   3.1763412e+00
   3.1789806e+00
   3.1815052e+00
   3.1839178e+00
   3.1862208e+00
   3.1884178e+00
   3.1905106e+00
   3.1925001e+00
   3.1943910e+00
   3.1961873e+00
   3.1978913e+00
   3.1995057e+00
   3.2010328e+00
   3.2024781e+00
   3.2038404e+00
   3.2051259e+00
   3.2063390e+00
   3.2074804e+00
   3.2085509e+00
   3.2095577e+00
   3.2105007e+00
   3.2113846e+00
   3.2122121e+00
   3.2129827e+00
   3.2137058e+00
   3.2143796e+00
   3.2150078e+00
   3.2155924e+00
   3.2161320e+00
   3.2166366e+00
   3.2171052e+00
   3.2175395e+00
   3.2179418e+00
   3.2183165e+00
   3.2186649e+00
   3.2189861e+00
   3.2192879e+00
   3.2195696e+00
   3.2198344e+00
   3.2200812e+00
   3.2203155e+00
   3.2205383e+00
   3.2207510e+00
   3.2209561e+00
   3.2211536e+00
   3.2213481e+00
   3.2215395e+00
   3.2217297e+00
   3.2219211e+00
   3.2221146e+00
   3.2223107e+00
   3.2225140e+00
   3.2227213e+00
   3.2229372e+00
   3.2231670e+00
   3.2234109e+00
   3.2236669e+00
   3.2239374e+00
   3.2242222e+00
   3.2245255e+00
   3.2248442e+00
   3.2251869e+00
   3.2255499e+00
   3.2259363e+00
   3.2263490e+00
   3.2267888e+00
   3.2272551e+00
   3.2277460e+00
   3.2282688e+00
   3.2288215e+00
   3.2294059e+00
   3.2300231e+00
   3.2306732e+00
   3.2313581e+00
   3.2320806e+00
   3.2328407e+00
   3.2336385e+00
   3.2344776e+00
   3.2353567e+00
   3.2362777e+00
   3.2372417e+00
   3.2382510e+00
   3.2393062e+00
   3.2404084e+00
   3.2415584e+00
   3.2427589e+00
   3.2440075e+00
   3.2453059e+00
   3.2466561e+00
   3.2480614e+00
   3.2495220e+00
   3.2510384e+00
   3.2526111e+00
   3.2542419e+00
   3.2559309e+00
   3.2576778e+00
   3.2594904e+00
   3.2613623e+00
   3.2632957e+00
   3.2652958e+00
   3.2673625e+00
   3.2694938e+00
   3.2716913e+00
   3.2739603e+00
   3.2762999e+00
   3.2787091e+00
   3.2811938e+00
   3.2837473e+00
   3.2863731e+00
   3.2890738e+00
   3.2918534e+00
   3.2947074e+00
   3.2976401e+00
   3.3006562e+00
   3.3037473e+00
   3.3069194e+00
   3.3101717e+00
   3.3135060e+00
   3.3169189e+00
   3.3204145e+00
   3.3239971e+00
   3.3276623e+00
   3.3314091e+00
   3.3352443e+00
   3.3391616e+00
   3.3431614e+00
   3.3472448e+00
   3.3514156e+00
   3.3556699e+00
   3.3600082e+00
   3.3644318e+00
   3.3689391e+00
   3.3735298e+00
   3.3782018e+00
   3.3829542e+00
   3.3877864e+00
   3.3926970e+00
   3.3976898e+00
   3.4027602e+00
   3.4079053e+00
   3.4131238e+00
   3.4184143e+00
   3.4237784e+00
   3.4292127e+00
   3.4347141e+00
   3.4402835e+00
   3.4459156e+00
   3.4516076e+00
   3.4573590e+00
   3.4631681e+00
   3.4690388e+00
   3.4749583e+00
   3.4809307e+00
   3.4869491e+00
   3.4930154e+00
   3.4991233e+00
   3.5052764e+00
   3.5114656e+00
   3.5176956e+00
   3.5239545e+00
   3.5302462e+00
   3.5365691e+00
   3.5429203e+00
   3.5492926e+00
   3.5556860e+00
   3.5620984e+00
   3.5685326e+00
   3.5749800e+00
   3.5814420e+00
   3.5879142e+00
   3.5943988e+00
   3.6008933e+00
   3.6073898e+00
   3.6138892e+00
   3.6203904e+00
   3.6268915e+00
   3.6333925e+00
   3.6398887e+00
   3.6463816e+00
   3.6528713e+00
   3.6593531e+00
   3.6658266e+00
   3.6722883e+00
   3.6787433e+00
   3.6851827e+00
   3.6916142e+00
   3.6980268e+00
   3.7044281e+00
   3.7108113e+00
   3.7171803e+00
   3.7235281e+00
   3.7298644e+00
   3.7361793e+00
   3.7424759e+00
   3.7487505e+00
   3.7550054e+00
   3.7612364e+00
   3.7674487e+00
   3.7736396e+00
   3.7798085e+00
   3.7859589e+00
   3.7920838e+00
   3.7981934e+00
   3.8042753e+00
   3.8103336e+00
   3.8163665e+00
   3.8223770e+00
   3.8283690e+00
   3.8343345e+00
   3.8402748e+00
   3.8461941e+00
   3.8520881e+00
   3.8579618e+00
   3.8638114e+00
   3.8696385e+00
   3.8754440e+00
   3.8812237e+00
   3.8869803e+00
   3.8927155e+00
   3.8984292e+00
   3.9041197e+00
   3.9097898e+00
   3.9154376e+00
   3.9210625e+00
   3.9266676e+00
   3.9322503e+00
   3.9378106e+00
   3.9433499e+00
   3.9488694e+00
   3.9543682e+00
   3.9598436e+00
   3.9653020e+00
   3.9707426e+00
   3.9761617e+00
   3.9815636e+00
   3.9869472e+00
   3.9923102e+00
   3.9976528e+00
   4.0029767e+00
   4.0082819e+00
   4.0135689e+00
   4.0188409e+00
   4.0240957e+00
   4.0293328e+00
   4.0345522e+00
   4.0397559e+00
   4.0449440e+00
   4.0501147e+00
   4.0552681e+00
   4.0604053e+00
   4.0655276e+00
   4.0706387e+00
   4.0757319e+00
   4.0808096e+00
   4.0858723e+00
   4.0909197e+00
   4.0959539e+00
   4.1009780e+00
   4.1059876e+00
   4.1109822e+00
   4.1159620e+00
   4.1209267e+00
   4.1258806e+00
   4.1308247e+00
   4.1357528e+00
   4.1406689e+00
   4.1455723e+00
   4.1504634e+00
   4.1553439e+00
   4.1602136e+00
   4.1650704e+00
   4.1699169e+00
   4.1747516e+00
   4.1795808e+00
   4.1844015e+00
   4.1892074e+00
   4.1940033e+00
   4.1987898e+00
   4.2035659e+00
   4.2083312e+00
   4.2130913e+00
   4.2178424e+00
   4.2225813e+00
   4.2273113e+00
   4.2320351e+00
   4.2367498e+00
   4.2414560e+00
   4.2461551e+00
   4.2508448e+00
   4.2555276e+00
   4.2602058e+00
   4.2648728e+00
   4.2695317e+00
   4.2741878e+00
   4.2788366e+00
   4.2834748e+00
   4.2881068e+00
   4.2927352e+00
   4.2973561e+00
   4.3019673e+00
   4.3065732e+00
   4.3111751e+00
   4.3157688e+00
   4.3203570e+00
   4.3249394e+00
   4.3295205e+00
   4.3340955e+00
   4.3386614e+00
   4.3432258e+00
   4.3477850e+00
   4.3523366e+00
   4.3568877e+00
   4.3614320e+00
   4.3659735e+00
   4.3705112e+00
   4.3750442e+00
   4.3795714e+00
   4.3840961e+00
   4.3886174e+00
   4.3931343e+00
   4.3976474e+00
   4.4021592e+00
   4.4066668e+00
   4.4111679e+00
   4.4156691e+00
   4.4201647e+00
   4.4246586e+00
   4.4291504e+00
   4.4336384e+00
   4.4381235e+00
   4.4426085e+00
   4.4470907e+00
   4.4515667e+00
   4.4560436e+00
   4.4605176e+00
   4.4649922e+00
   4.4694645e+00
   4.4739313e+00
   4.4783992e+00
   4.4828636e+00
   4.4873284e+00
   4.4917930e+00
   4.4962551e+00
   4.5007150e+00
   4.5051759e+00
   4.5096345e+00
   4.5140927e+00
   4.5185497e+00
   4.5230045e+00
   4.5274585e+00
   4.5319100e+00
   4.5363635e+00
   4.5408165e+00
   4.5452677e+00
   4.5497205e+00
   4.5541737e+00
   4.5586231e+00
   4.5630758e+00
   4.5675270e+00
   4.5719790e+00
   4.5764319e+00
   4.5808855e+00
   4.5853414e+00
   4.5897920e+00
   4.5942460e+00
   4.5987029e+00
   4.6031549e+00
   4.6076105e+00
   4.6120699e+00
   4.6165243e+00
   4.6209831e+00
   4.6254414e+00
   4.6298989e+00
   4.6343592e+00
   4.6388212e+00
   4.6432833e+00
   4.6477452e+00
   4.6522109e+00
   4.6566790e+00
   4.6611475e+00
   4.6656171e+00
   4.6700892e+00
   4.6745607e+00
   4.6790341e+00
   4.6835079e+00
   4.6879836e+00
   4.6924675e+00
   4.6969494e+00
   4.7014283e+00
   4.7059144e+00
   4.7104006e+00
   4.7148896e+00
   4.7193793e+00
   4.7238682e+00
   4.7283663e+00
   4.7328648e+00
   4.7373610e+00
   4.7418616e+00
   4.7463626e+00
   4.7508672e+00
   4.7553759e+00
   4.7598858e+00
   4.7643990e+00
   4.7689152e+00
   4.7734340e+00
   4.7779587e+00
   4.7824829e+00
   4.7870096e+00
   4.7915375e+00
   4.7960708e+00
   4.8006054e+00
   4.8051433e+00
   4.8096889e+00
   4.8142323e+00
   4.8187761e+00
   4.8233244e+00
   4.8278772e+00
   4.8324347e+00
   4.8369912e+00
   4.8415564e+00
   4.8461227e+00
   4.8506913e+00
   4.8552634e+00
   4.8598395e+00
   4.8644165e+00
   4.8689990e+00
   4.8735840e+00
   4.8781715e+00
   4.8827646e+00
   4.8873617e+00
   4.8919649e+00
   4.8965675e+00
   4.9011769e+00
   4.9057857e+00
   4.9104016e+00
   4.9150172e+00
   4.9196400e+00
   4.9242645e+00
   4.9288967e+00
   4.9335340e+00
   4.9381696e+00
   4.9428089e+00
   4.9474556e+00
   4.9521035e+00
   4.9567608e+00
   4.9614166e+00
   4.9660776e+00
   4.9707440e+00
   4.9754164e+00
   4.9800885e+00
   4.9847648e+00
   4.9894467e+00
   4.9941338e+00
   4.9988258e+00
   5.0035209e+00
   5.0082214e+00
   5.0129276e+00
   5.0176372e+00
   5.0223505e+00
   5.0270658e+00
   5.0317894e+00
   5.0365176e+00
   5.0412507e+00
   5.0459860e+00
   5.0507255e+00
   5.0554702e+00
   5.0602178e+00
   5.0649687e+00
   5.0697263e+00
   5.0744898e+00
   5.0792577e+00
   5.0840315e+00
   5.0888091e+00
   5.0935915e+00
   5.0983769e+00
   5.1031636e+00
   5.1079595e+00
   5.1127600e+00
   5.1175657e+00
   5.1223767e+00
   5.1271915e+00
   5.1320112e+00
   5.1368351e+00
   5.1416603e+00
   5.1464918e+00
   5.1513282e+00
   5.1561734e+00
   5.1610244e+00
   5.1658797e+00
   5.1707400e+00
   5.1756050e+00
   5.1804753e+00
   5.1853510e+00
   5.1902305e+00
   5.1951151e+00
   5.2000056e+00
   5.2049005e+00
   5.2098000e+00
   5.2147042e+00
   5.2196148e+00
   5.2245309e+00
   5.2294527e+00
   5.2343788e+00
   5.2393111e+00
   5.2442475e+00
   5.2491873e+00
   5.2541366e+00
   5.2590888e+00
   5.2640454e+00
   5.2690051e+00
   5.2739740e+00
   5.2789474e+00
   5.2839265e+00
   5.2889094e+00
   5.2939003e+00
   5.2988955e+00
   5.3038955e+00
   5.3088989e+00
   5.3139099e+00
   5.3189266e+00
   5.3239512e+00
   5.3289784e+00
   5.3340115e+00
   5.3390501e+00
   5.3440949e+00
   5.3491462e+00
   5.3542011e+00
   5.3592632e+00
   5.3643298e+00
   5.3694023e+00
   5.3744806e+00
   5.3795624e+00
   5.3846496e+00
   5.3897498e+00
   5.3948509e+00
   5.3999547e+00
   5.4050682e+00
   5.4101877e+00
   5.4153108e+00
   5.4204411e+00
   5.4255761e+00
   5.4307169e+00
   5.4358625e+00
   5.4410155e+00
   5.4461761e+00
   5.4513392e+00
   5.4565069e+00
   5.4616820e+00
   5.4668639e+00
   5.4720511e+00
   5.4772454e+00
   5.4824457e+00
   5.4876491e+00
   5.4928598e+00
   5.4980793e+00
   5.5033067e+00
   5.5085359e+00
   5.5137721e+00
   5.5190120e+00
   5.5242609e+00
   5.5295190e+00
   5.5347790e+00
   5.5400422e+00
   5.5453123e+00
   5.5505887e+00
   5.5558720e+00
   5.5611601e+00
   5.5664556e+00
   5.5717551e+00
   5.5770607e+00
   5.5823741e+00
   5.5876929e+00
   5.5930175e+00
   5.5983477e+00
   5.6036842e+00
   5.6090272e+00
   5.6143772e+00
   5.6197328e+00
   5.6250936e+00
   5.6304630e+00
   5.6358380e+00
   5.6412181e+00
   5.6466037e+00
   5.6519978e+00
   5.6573966e+00
   5.6628016e+00
   5.6682167e+00
   5.6736369e+00
   5.6790632e+00
   5.6844937e+00
   5.6899271e+00
   5.6953687e+00
   5.7008199e+00
   5.7062738e+00
   5.7117355e+00
   5.7172043e+00
   5.7226824e+00
   5.7281613e+00
   5.7336511e+00
   5.7391428e+00
   5.7446459e+00
   5.7501511e+00
   5.7556637e+00
   5.7611825e+00
   5.7667073e+00
   5.7722432e+00
   5.7777822e+00
   5.7833276e+00
   5.7888794e+00
   5.7944400e+00
   5.8000067e+00
   5.8055792e+00
   5.8111579e+00
   5.8167468e+00
   5.8223413e+00
   5.8279388e+00
   5.8335439e+00
   5.8391558e+00
   5.8447722e+00
   5.8503962e+00
   5.8560281e+00
   5.8616658e+00
   5.8673098e+00
   5.8729615e+00
   5.8786208e+00
   5.8842860e+00
   5.8899552e+00
   5.8956332e+00
   5.9013178e+00
   5.9070076e+00
   5.9127070e+00
   5.9184144e+00
   5.9241250e+00
   5.9298469e+00
   5.9355729e+00
   5.9413038e+00
   5.9470438e+00
   5.9527919e+00
   5.9585427e+00
   5.9643035e+00
   5.9700689e+00
   5.9758379e+00
   5.9816212e+00
   5.9874106e+00
   5.9932034e+00
   5.9990036e+00
   6.0048083e+00
   6.0106216e+00
   6.0164396e+00
   6.0222669e+00
   6.0280997e+00
   6.0339421e+00
   6.0397887e+00
   6.0456458e+00
   6.0515055e+00
   6.0573751e+00
   6.0632474e+00
   6.0691299e+00
   6.0750186e+00
   6.0809159e+00
   6.0868208e+00
   6.0927300e+00
   6.0986476e+00
   6.1045679e+00
   6.1105004e+00
   6.1164363e+00
   6.1223818e+00
   6.1283330e+00
   6.1342896e+00
   6.1402608e+00
   6.1462326e+00
   6.1522140e+00
   6.1581987e+00
   6.1641957e+00
   6.1702006e+00
   6.1762076e+00
   6.1822207e+00
   6.1882420e+00
   6.1942757e+00
   6.2003113e+00
   6.2063587e+00
   6.2124084e+00
   6.2184704e+00
   6.2245337e+00
   6.2306050e+00
   6.2366829e+00
   6.2427700e+00
   6.2488620e+00
   6.2549636e+00
   6.2610706e+00
   6.2671881e+00
   6.2733095e+00
   6.2794430e+00
   6.2855785e+00
   6.2917210e+00
   6.2978707e+00
   6.3040306e+00
   6.3101961e+00
   6.3163673e+00
   6.3225480e+00
   6.3287352e+00
   6.3349281e+00
   6.3411309e+00
   6.3473413e+00
   6.3535596e+00
   6.3597840e+00
   6.3660142e+00
   6.3722539e+00
   6.3784999e+00
   6.3847567e+00
   6.3910172e+00
   6.3972888e+00
   6.4035649e+00
   6.4098494e+00
   6.4161437e+00
   6.4224445e+00
   6.4287526e+00
   6.4350656e+00
   6.4413826e+00
   6.4477110e+00
   6.4540501e+00
   6.4603942e+00
   6.4667418e+00
   6.4730991e+00
   6.4794692e+00
   6.4858437e+00
   6.4922219e+00
   6.4986083e+00
   6.5050038e+00
   6.5114069e+00
   6.5178182e+00
   6.5242381e+00
   6.5306639e+00
   6.5370980e+00
   6.5435387e+00
   6.5499878e+00
   6.5564442e+00
   6.5629079e+00
   6.5693771e+00
   6.5758552e+00
   6.5823414e+00
   6.5888327e+00
   6.5953306e+00
   6.6018387e+00
   6.6083566e+00
   6.6148813e+00
   6.6214146e+00
   6.6279548e+00
   6.6345023e+00
   6.6410569e+00
   6.6476188e+00
   6.6541883e+00
   6.6607645e+00
   6.6673451e+00
   6.6739391e+00
   6.6805418e+00
   6.6871509e+00
   6.6937671e+00
   6.7003920e+00
   6.7070236e+00
   6.7136633e+00
   6.7203115e+00
   6.7269682e+00
   6.7336287e+00
   6.7402959e+00
   6.7469736e+00
   6.7536578e+00
   6.7603477e+00
   6.7670450e+00
   6.7737502e+00
   6.7804636e+00
   6.7871857e+00
   6.7939161e+00
   6.8006570e+00
   6.8074048e+00
   6.8141622e+00
   6.8209266e+00
   6.8277019e+00
   6.8344834e+00
   6.8412718e+00
   6.8480720e+00
   6.8548758e+00
   6.8616830e+00
   6.8685035e+00
   6.8753293e+00
   6.8821676e+00
   6.8890113e+00
   6.8958629e+00
   6.9027229e+00
   6.9095924e+00
   6.9164664e+00
   6.9233484e+00
   6.9302351e+00
   6.9371339e+00
   6.9440402e+00
   6.9509558e+00
   6.9578759e+00
   6.9648042e+00
   6.9717421e+00
   6.9786858e+00
   6.9856383e+00
   6.9926013e+00
   6.9995706e+00
   7.0065501e+00
   7.0135368e+00
   7.0205327e+00
   7.0275366e+00
   7.0345483e+00
   7.0415675e+00
   7.0485944e+00
   7.0556298e+00
   7.0626741e+00
   7.0697249e+00
   7.0767829e+00
   7.0838518e+00
   7.0909278e+00
   7.0980132e+00
   7.1051055e+00
   7.1122052e+00
   7.1193124e+00
   7.1264281e+00
   7.1335522e+00
   7.1406854e+00
   7.1478273e+00
   7.1549753e+00
   7.1621273e+00
   7.1692896e+00
   7.1764625e+00
   7.1836418e+00
   7.1908302e+00
   7.1980287e+00
   7.2052356e+00
   7.2124512e+00
   7.2196742e+00
   7.2269046e+00
   7.2341432e+00
   7.2413888e+00
   7.2486454e+00
   7.2559095e+00
   7.2631814e+00
   7.2704613e+00
   7.2777501e+00
   7.2850479e+00
   7.2923527e+00
   7.2996643e+00
   7.3069840e+00
   7.3143104e+00
   7.3216460e+00
   7.3289928e+00
   7.3363486e+00
   7.3437124e+00
   7.3510843e+00
   7.3584643e+00
   7.3658529e+00
   7.3732503e+00
   7.3806570e+00
   7.3880707e+00
   7.3954928e+00
   7.4029224e+00
   7.4103601e+00
   7.4178050e+00
   7.4252606e+00
   7.4327258e+00
   7.4401992e+00
   7.4476812e+00
   7.4551704e+00
   7.4626669e+00
   7.4701726e+00
   7.4776854e+00
   7.4852088e+00
   7.4927449e+00
   7.5002821e+00
   7.5078276e+00
   7.5153831e+00
   7.5229491e+00
   7.5305215e+00
   7.5381054e+00
   7.5456967e+00
   7.5532993e+00
   7.5609079e+00
   7.5685259e+00
   7.5761507e+00
   7.5837896e+00
   7.5914309e+00
   7.5990830e+00
   7.6067418e+00
   7.6144091e+00
   7.6220882e+00
   7.6297738e+00
   7.6374689e+00
   7.6451724e+00
   7.6528831e+00
   7.6605996e+00
   7.6683295e+00
   7.6760659e+00
   7.6838110e+00
   7.6915602e+00
   7.6993209e+00
   7.7070965e+00
   7.7148775e+00
   7.7226668e+00
   7.7304654e+00
   7.7382711e+00
   7.7460869e+00
   7.7539125e+00
   7.7617423e+00
   7.7695830e+00
   7.7774310e+00
   7.7852934e+00
   7.7931589e+00
   7.8010352e+00
   7.8089199e+00
   7.8168166e+00
   7.8247178e+00
   7.8326301e+00
   7.8405501e+00
   7.8484748e+00
   7.8564141e+00
   7.8643599e+00
   7.8723117e+00
   7.8802769e+00
   7.8882479e+00
   7.8962302e+00
   7.9042184e+00
   7.9122196e+00
   7.9202262e+00
   7.9282451e+00
   7.9362684e+00
   7.9443059e+00
   7.9523487e+00
   7.9604020e+00
   7.9684603e+00
   7.9765269e+00
   7.9846113e+00
   7.9926990e+00
   8.0008009e+00
   8.0089053e+00
   8.0170244e+00
   8.0251467e+00
   8.0332846e+00
   8.0414260e+00
   8.0495775e+00
   8.0577357e+00
   8.0659007e+00
   8.0740827e+00
   8.0822696e+00
   8.0904658e+00
   8.0986691e+00
   8.1068839e+00
   8.1151060e+00
   8.1233376e+00
   8.1315796e+00
   8.1398296e+00
   8.1480926e+00
   8.1563598e+00
   8.1646375e+00
   8.1729263e+00
   8.1812210e+00
   8.1895234e+00
   8.1978383e+00
   8.2061651e+00
   8.2144968e+00
   8.2228392e+00
   8.2311925e+00
   8.2395541e+00
   8.2479223e+00
   8.2563031e+00
   8.2646930e+00
   8.2730884e+00
   8.2814904e+00
   8.2899016e+00
   8.2983266e+00
   8.3067606e+00
   8.3152001e+00
   8.3236483e+00
   8.3321107e+00
   8.3405825e+00
   8.3490643e+00
   8.3575551e+00
   8.3660534e+00
   8.3745618e+00
   8.3830788e+00
   8.3916051e+00
   8.4001416e+00
   8.4086841e+00
   8.4172398e+00
   8.4258035e+00
   8.4343723e+00
   8.4429544e+00
   8.4515420e+00
   8.4601436e+00
   8.4687504e+00
   8.4773716e+00
   8.4860024e+00
   8.4946431e+00
   8.5032917e+00
   8.5119489e+00
   8.5206113e+00
   8.5292891e+00
   8.5379759e+00
   8.5466727e+00
   8.5553790e+00
   8.5640940e+00
   8.5728182e+00
   8.5815521e+00
   8.5902949e+00
   8.5990468e+00
   8.6078084e+00
   8.6165802e+00
   8.6253608e+00
   8.6341513e+00
   8.6429478e+00
   8.6517547e+00
   8.6605708e+00
   8.6693976e+00
   8.6782374e+00
   8.6870834e+00
   8.6959398e+00
   8.7048067e+00
   8.7136806e+00
   8.7225663e+00
   8.7314621e+00
   8.7403638e+00
   8.7492780e+00
   8.7582034e+00
   8.7671354e+00
   8.7760802e+00
   8.7850347e+00
   8.7939957e+00
   8.8029697e+00
   8.8119531e+00
   8.8209472e+00
   8.8299502e+00
   8.8389643e+00
   8.8479847e+00
   8.8570173e+00
   8.8660574e+00
   8.8751111e+00
   8.8841707e+00
   8.8932442e+00
   8.9023314e+00
   8.9114213e+00
   8.9205198e+00
   8.9296341e+00
   8.9387545e+00
   8.9478869e+00
   8.9570269e+00
   8.9661777e+00
   8.9753362e+00
   8.9845085e+00
   8.9936863e+00
   9.0028794e+00
   9.0120782e+00
   9.0212885e+00
   9.0305066e+00
   9.0397433e+00
   9.0489822e+00
   9.0582283e+00
   9.0674882e+00
   9.0767578e+00
   9.0860395e+00
   9.0953273e+00
   9.1046239e+00
   9.1139366e+00
   9.1232569e+00
   9.1325867e+00
   9.1419329e+00
   9.1512832e+00
   9.1606408e+00
   9.1700145e+00
   9.1793949e+00
   9.1887839e+00
   9.1981890e+00
   9.2076033e+00
   9.2170309e+00
   9.2264631e+00
   9.2359112e+00
   9.2453643e+00
   9.2548300e+00
   9.2643040e+00
   9.2737867e+00
   9.2832785e+00
   9.2927792e+00
   9.3022914e+00
   9.3118189e+00
   9.3213532e+00
   9.3308986e+00
   9.3404593e+00
   9.3500289e+00
   9.3596054e+00
   9.3691974e+00
   9.3787986e+00
   9.3884067e+00
   9.3980251e+00
   9.4076513e+00
   9.4172929e+00
   9.4269448e+00
   9.4366058e+00
   9.4462797e+00
   9.4559604e+00
   9.4656495e+00
   9.4753488e+00
   9.4850592e+00
   9.4947812e+00
   9.5045140e+00
   9.5142572e+00
   9.5240121e+00
   9.5337771e+00
   9.5435526e+00
   9.5533392e+00
   9.5631375e+00
   9.5729467e+00
   9.5827698e+00
   9.5926036e+00
   9.6024486e+00
   9.6123034e+00
   9.6221706e+00
   9.6320446e+00
   9.6419327e+00
   9.6518320e+00
   9.6617410e+00
   9.6716608e+00
   9.6815910e+00
   9.6915324e+00
   9.7014842e+00
   9.7114462e+00
   9.7214203e+00
   9.7314059e+00
   9.7413975e+00
   9.7513991e+00
   9.7614162e+00
   9.7714442e+00
   9.7814795e+00
   9.7915305e+00
   9.8015923e+00
   9.8116652e+00
   9.8217503e+00
   9.8318456e+00
   9.8419494e+00
   9.8520649e+00
   9.8621905e+00
   9.8723264e+00
   9.8824734e+00
   9.8926315e+00
   9.9028017e+00
   9.9129844e+00
   9.9231776e+00
   9.9333813e+00
   9.9435993e+00
   9.9538286e+00
   9.9640678e+00
   9.9743172e+00
   9.9845772e+00
   9.9948504e+00
   1.0005137e+01
   1.0015434e+01
   1.0025744e+01
   1.0036065e+01
   1.0046400e+01
   1.0056744e+01
   1.0067099e+01
   1.0077467e+01
   1.0087844e+01
   1.0098231e+01
   1.0108631e+01
   1.0119046e+01
   1.0129468e+01
   1.0139903e+01
   1.0150353e+01
   1.0160811e+01
   1.0171282e+01
   1.0181764e+01
   1.0192259e+01
   1.0202766e+01
   1.0213289e+01
   1.0223818e+01
   1.0234362e+01
   1.0244913e+01
   1.0255480e+01
   1.0266057e+01
   1.0276647e+01
   1.0287246e+01
   1.0297858e+01
   1.0308484e+01
   1.0319120e+01
   1.0329770e+01
   1.0340428e+01
   1.0351096e+01
   1.0361779e+01
   1.0372474e+01
   1.0383186e+01
   1.0393906e+01
   1.0404639e+01
   1.0415385e+01
   1.0426143e+01
   1.0436910e+01
   1.0447689e+01
   1.0458480e+01
   1.0469284e+01
   1.0480100e+01
   1.0490929e+01
   1.0501772e+01
   1.0512630e+01
   1.0523495e+01
   1.0534372e+01
   1.0545267e+01
   1.0556176e+01
   1.0567092e+01
   1.0578020e+01
   1.0588962e+01
   1.0599917e+01
   1.0610886e+01
   1.0621864e+01
   1.0632852e+01
   1.0643855e+01
   1.0654877e+01
   1.0665911e+01
   1.0676953e+01
   1.0688004e+01
   1.0699070e+01
   1.0710156e+01
   1.0721250e+01
   1.0732355e+01
   1.0743475e+01
   1.0754607e+01
   1.0765751e+01
   1.0776911e+01
   1.0788079e+01
   1.0799262e+01
   1.0810457e+01
   1.0821667e+01
   1.0832891e+01
   1.0844128e+01
   1.0855374e+01
   1.0866638e+01
   1.0877913e+01
   1.0889201e+01
   1.0900500e+01
   1.0911813e+01
   1.0923139e+01
   1.0934475e+01
   1.0945829e+01
   1.0957195e+01
   1.0968571e+01
   1.0979967e+01
   1.0991375e+01
   1.1002794e+01
   1.1014228e+01
   1.1025676e+01
   1.1037136e+01
   1.1048608e+01
   1.1060096e+01
   1.1071598e+01
   1.1083115e+01
   1.1094642e+01
   1.1106185e+01
   1.1117741e+01
   1.1129311e+01
   1.1140896e+01
   1.1152493e+01
   1.1164104e+01
   1.1175729e+01
   1.1187368e+01
   1.1199015e+01
   1.1210676e+01
   1.1222352e+01
   1.1234043e+01
   1.1245749e+01
   1.1257469e+01
   1.1269202e+01
   1.1280953e+01
   1.1292715e+01
   1.1304492e+01
   1.1316287e+01
   1.1328090e+01
   1.1339912e+01
   1.1351749e+01
   1.1363595e+01
   1.1375459e+01
   1.1387335e+01
   1.1399229e+01
   1.1411138e+01
   1.1423057e+01
   1.1434994e+01
   1.1446945e+01
   1.1458911e+01
   1.1470892e+01
   1.1482886e+01
   1.1494890e+01
   1.1506914e+01
   1.1518950e+01
   1.1531004e+01
   1.1543073e+01
   1.1555152e+01
   1.1567247e+01
   1.1579358e+01
   1.1591482e+01
   1.1603624e+01
   1.1615782e+01
   1.1627952e+01
   1.1640137e+01
   1.1652338e+01
   1.1664555e+01
   1.1676787e+01
   1.1689030e+01
   1.1701293e+01
   1.1713571e+01
   1.1725869e+01
   1.1738177e+01
   1.1750501e+01
   1.1762835e+01
   1.1775187e+01
   1.1787556e+01
   1.1799942e+01
   1.1812341e+01
   1.1824756e+01
   1.1837185e+01
   1.1849632e+01
   1.1862096e+01
   1.1874579e+01
   1.1887071e+01
   1.1899578e+01
   1.1912105e+01
   1.1924645e+01
   1.1937203e+01
   1.1949776e+01
   1.1962360e+01
   1.1974963e+01
   1.1987584e+01
   1.2000226e+01
   1.2012876e+01
   1.2025543e+01
   1.2038229e+01
   1.2050931e+01
   1.2063648e+01
   1.2076381e+01
   1.2089131e+01
   1.2101895e+01
   1.2114675e+01
   1.2127474e+01
   1.2140285e+01
   1.2153119e+01
   1.2165966e+01
   1.2178828e+01
   1.2191709e+01
   1.2204608e+01
   1.2217523e+01
   1.2230454e+01
   1.2243400e+01
   1.2256365e+01
   1.2269346e+01
   1.2282347e+01
   1.2295359e+01
   1.2308393e+01
   1.2321440e+01
   1.2334504e+01
   1.2347589e+01
   1.2360688e+01
   1.2373803e+01
   1.2386934e+01
   1.2400085e+01
   1.2413255e+01
   1.2426439e+01
   1.2439646e+01
   1.2452865e+01
   1.2466104e+01
   1.2479363e+01
   1.2492639e+01
   1.2505930e+01
   1.2519241e+01
   1.2532570e+01
   1.2545916e+01
   1.2559276e+01
   1.2572651e+01
   1.2586050e+01
   1.2599466e+01
   1.2612901e+01
   1.2626353e+01
   1.2639820e+01
   1.2653313e+01
   1.2666820e+01
   1.2680343e+01
   1.2693887e+01
   1.2707446e+01
   1.2721022e+01
   1.2734619e+01
   1.2748235e+01
   1.2761874e+01
   1.2775528e+01
   1.2789200e+01
   1.2802893e+01
   1.2816605e+01
   1.2830333e+01
   1.2844080e+01
   1.2857843e+01
   1.2871623e+01
   1.2885429e+01
   1.2899250e+01
   1.2913088e+01
   1.2926951e+01
   1.2940832e+01
   1.2954733e+01
   1.2968652e+01
   1.2982586e+01
   1.2996541e+01
   1.3010515e+01
   1.3024510e+01
   1.3038523e+01
   1.3052558e+01
   1.3066610e+01
   1.3080681e+01
   1.3094769e+01
   1.3108880e+01
   1.3123010e+01
   1.3137159e+01
   1.3151327e+01
   1.3165523e+01
   1.3179733e+01
   1.3193958e+01
   1.3208205e+01
   1.3222474e+01
   1.3236764e+01
   1.3251075e+01
   1.3265404e+01
   1.3279755e+01
   1.3294125e+01
   1.3308517e+01
   1.3322932e+01
   1.3337363e+01
   1.3351820e+01
   1.3366292e+01
   1.3380781e+01
   1.3395291e+01
   1.3409827e+01
   1.3424383e+01
   1.3438958e+01
   1.3453555e+01
   1.3468172e+01
   1.3482809e+01
   1.3497468e+01
   1.3512147e+01
   1.3526848e+01
   1.3541572e+01
   1.3556316e+01
   1.3571080e+01
   1.3585867e+01
   1.3600675e+01
   1.3615506e+01
   1.3630359e+01
   1.3645230e+01
   1.3660124e+01
   1.3675039e+01
   1.3689977e+01
   1.3704941e+01
   1.3719926e+01
   1.3734930e+01
   1.3749957e+01
   1.3765005e+01
   1.3780076e+01
   1.3795169e+01
   1.3810286e+01
   1.3825420e+01
   1.3840579e+01
   1.3855760e+01
   1.3870961e+01
   1.3886188e+01
   1.3901436e+01
   1.3916703e+01
   1.3931997e+01
   1.3947314e+01
   1.3962652e+01
   1.3978012e+01
   1.3993398e+01
   1.4008806e+01
   1.4024235e+01
   1.4039691e+01
   1.4055167e+01
   1.4070667e+01
   1.4086192e+01
   1.4101738e+01
   1.4117306e+01
   1.4132899e+01
   1.4148513e+01
   1.4164150e+01
   1.4179812e+01
   1.4195499e+01
   1.4211211e+01
   1.4226946e+01
   1.4242707e+01
   1.4258488e+01
   1.4274291e+01
   1.4290123e+01
   1.4305977e+01
   1.4321852e+01
   1.4337757e+01
   1.4353685e+01
   1.4369634e+01
   1.4385609e+01
   1.4401608e+01
   1.4417628e+01
   1.4433677e+01
   1.4449754e+01
   1.4465848e+01
   1.4481966e+01
   1.4498114e+01
   1.4514285e+01
   1.4530482e+01
   1.4546704e+01
   1.4562946e+01
   1.4579216e+01
   1.4595511e+01
   1.4611831e+01
   1.4628172e+01
   1.4644543e+01
   1.4660938e+01
   1.4677361e+01
   1.4693808e+01
   1.4710281e+01
   1.4726780e+01
   1.4743303e+01
   1.4759852e+01
   1.4776425e+01
   1.4793024e+01
   1.4809650e+01
   1.4826302e+01
   1.4842979e+01
   1.4859682e+01
   1.4876413e+01
   1.4893165e+01
   1.4909946e+01
   1.4926749e+01
   1.4943583e+01
   1.4960441e+01
   1.4977322e+01
   1.4994238e+01
   1.5011177e+01
   1.5028145e+01
   1.5045139e+01
   1.5062156e+01
   1.5079198e+01
   1.5096271e+01
   1.5113367e+01
   1.5130494e+01
   1.5147645e+01
   1.5164820e+01
   1.5182025e+01
   1.5199258e+01
   1.5216519e+01
   1.5233806e+01
   1.5251119e+01
   1.5268458e+01
   1.5285826e+01
   1.5303223e+01
   1.5320647e+01
   1.5338095e+01
   1.5355573e+01
   1.5373077e+01
   1.5390610e+01
   1.5408169e+01
   1.5425759e+01
   1.5443374e+01
   1.5461023e+01
   1.5478692e+01
   1.5496392e+01
   1.5514121e+01
   1.5531873e+01
   1.5549652e+01
   1.5567462e+01
   1.5585301e+01
   1.5603166e+01
   1.5621062e+01
   1.5638986e+01
   1.5656938e+01
   1.5674918e+01
   1.5692929e+01
   1.5710968e+01
   1.5729033e+01
   1.5747128e+01
   1.5765252e+01
   1.5783403e+01
   1.5801582e+01
   1.5819789e+01
   1.5838025e+01
   1.5856291e+01
   1.5874582e+01
   1.5892903e+01
   1.5911254e+01
   1.5929642e+01
   1.5948054e+01
   1.5966491e+01
   1.5984962e+01
   1.6003460e+01
   1.6021984e+01
   1.6040539e+01
   1.6059124e+01
   1.6077736e+01
   1.6096380e+01
   1.6115051e+01
   1.6133750e+01
   1.6152479e+01
   1.6171238e+01
   1.6190026e+01
   1.6208843e+01
   1.6227688e+01
   1.6246563e+01
   1.6265471e+01
   1.6284409e+01
   1.6303376e+01
   1.6322369e+01
   1.6341394e+01
   1.6360443e+01
   1.6379527e+01
   1.6398640e+01
   1.6417783e+01
   1.6436955e+01
   1.6456156e+01
   1.6475388e+01
   1.6494646e+01
   1.6513935e+01
   1.6533254e+01
   1.6552601e+01
   1.6571980e+01
   1.6591389e+01
   1.6610827e+01
   1.6630296e+01
   1.6649794e+01
   1.6669318e+01
   1.6688881e+01
   1.6708468e+01
   1.6728088e+01
   1.6747733e+01
   1.6767406e+01
   1.6787113e+01
   1.6806847e+01
   1.6826617e+01
   1.6846414e+01
   1.6866237e+01
   1.6886095e+01
   1.6905980e+01
   1.6925895e+01
   1.6945840e+01
   1.6965813e+01
   1.6985819e+01
   1.7005850e+01
   1.7025914e+01
   1.7046012e+01
   1.7066132e+01
   1.7086286e+01
   1.7106468e+01
   1.7126680e+01
   1.7146922e+01
   1.7167190e+01
   1.7187491e+01
   1.7207820e+01
   1.7228178e+01
   1.7248569e+01
   1.7268987e+01
   1.7289436e+01
   1.7309912e+01
   1.7330417e+01
   1.7350949e+01
   1.7371513e+01
   1.7392107e+01
   1.7412728e+01
   1.7433382e+01
   1.7454063e+01
   1.7474773e+01
   1.7495512e+01
   1.7516279e+01
   1.7537076e+01
   1.7557901e+01
   1.7578756e+01
   1.7599636e+01
   1.7620546e+01
   1.7641487e+01
   1.7662454e+01
   1.7683445e+01
   1.7704469e+01
   1.7725521e+01
   1.7746599e+01
   1.7767707e+01
   1.7788845e+01
   1.7810009e+01
   1.7831199e+01
   1.7852420e+01
   1.7873668e+01
   1.7894944e+01
   1.7916251e+01
   1.7937585e+01
   1.7958942e+01
   1.7980328e+01
   1.8001738e+01
   1.8023179e+01
   1.8044644e+01
   1.8066136e+01
   1.8087655e+01
   1.8109199e+01
   1.8130775e+01
   1.8152375e+01
   1.8173999e+01
   1.8195651e+01
   1.8217330e+01
   1.8239038e+01
   1.8260767e+01
   1.8282524e+01
   1.8304306e+01
   1.8326114e+01
   1.8347945e+01
   1.8369801e+01
   1.8391683e+01
   1.8413590e+01
   1.8435520e+01
   1.8457476e+01
   1.8479457e+01
   1.8501463e+01
   1.8523489e+01
   1.8545538e+01
   1.8567615e+01
   1.8589712e+01
   1.8611836e+01
   1.8633986e+01
   1.8656155e+01
   1.8678349e+01
   1.8700566e+01
   1.8722804e+01
   1.8745065e+01
   1.8767348e+01
   1.8789657e+01
   1.8811984e+01
   1.8834334e+01
   1.8856702e+01
   1.8879093e+01
   1.8901506e+01
   1.8923937e+01
   1.8946388e+01
   1.8968859e+01
   1.8991355e+01
   1.9013870e+01
   1.9036401e+01
   1.9058954e+01
   1.9081526e+01
   1.9104119e+01
   1.9126732e+01
   1.9149363e+01
   1.9172012e+01
   1.9194678e+01
   1.9217358e+01
   1.9240061e+01
   1.9262780e+01
   1.9285516e+01
   1.9308269e+01
   1.9331038e+01
   1.9353827e+01
   1.9376630e+01
   1.9399448e+01
   1.9422282e+01
   1.9445134e+01
   1.9468000e+01
   1.9490881e+01
   1.9513775e+01
   1.9536684e+01
   1.9559606e+01
   1.9582541e+01
   1.9605489e+01
   1.9628452e+01
   1.9651426e+01
   1.9674413e+01
   1.9697413e+01
   1.9720423e+01
   1.9743443e+01
   1.9766477e+01
   1.9789519e+01
   1.9812575e+01
   1.9835640e+01
   1.9858714e+01
   1.9881796e+01
   1.9904890e+01
   1.9927994e+01
   1.9951104e+01
   1.9974225e+01
   1.9997351e+01
   2.0020484e+01
   2.0043626e+01
   2.0066774e+01
   2.0089928e+01
   2.0113088e+01
   2.0136253e+01
   2.0159423e+01
   2.0182600e+01
   2.0205780e+01
   2.0228964e+01
   2.0252152e+01
   2.0275344e+01
   2.0298539e+01
   2.0321735e+01
   2.0344936e+01
   2.0368135e+01
   2.0391340e+01
   2.0414542e+01
   2.0437750e+01
   2.0460955e+01
   2.0484159e+01
   2.0507364e+01
   2.0530567e+01
   2.0553769e+01
   2.0576969e+01
   2.0600169e+01
   2.0623364e+01
   2.0646556e+01
   2.0669742e+01
   2.0692924e+01
   2.0716105e+01
   2.0739282e+01
   2.0762452e+01
   2.0785617e+01
   2.0808776e+01
   2.0831928e+01
   2.0855073e+01
   2.0878210e+01
   2.0901338e+01
   2.0924458e+01
   2.0947569e+01
   2.0970670e+01
   2.0993762e+01
   2.1016844e+01
   2.1039915e+01
   2.1062976e+01
   2.1086024e+01
   2.1109059e+01
   2.1132083e+01
   2.1155093e+01
   2.1178090e+01
   2.1201069e+01
   2.1224034e+01
   2.1246982e+01
   2.1269916e+01
   2.1292838e+01
   2.1315741e+01
   2.1338630e+01
   2.1361498e+01
   2.1384350e+01
   2.1407186e+01
   2.1429999e+01
   2.1452794e+01
   2.1475567e+01
   2.1498318e+01
   2.1521049e+01
   2.1543756e+01
   2.1566446e+01
   2.1589110e+01
   2.1611748e+01
   2.1634370e+01
   2.1656962e+01
   2.1679527e+01
   2.1702067e+01
   2.1724582e+01
   2.1747070e+01
   2.1769536e+01
   2.1791976e+01
   2.1814384e+01
   2.1836764e+01
   2.1859113e+01
   2.1881433e+01
   2.1903724e+01
   2.1925986e+01
   2.1948214e+01
   2.1970412e+01
   2.1992576e+01
   2.2014708e+01
   2.2036804e+01
   2.2058867e+01
   2.2080896e+01
   2.2102889e+01
   2.2124846e+01
   2.2146768e+01
   2.2168651e+01
   2.2190500e+01
   2.2212308e+01
   2.2234078e+01
   2.2255811e+01
   2.2277503e+01
   2.2299157e+01
   2.2320767e+01
   2.2342332e+01
   2.2363861e+01
   2.2385346e+01
   2.2406787e+01
   2.2428183e+01
   2.2449535e+01
   2.2470845e+01
   2.2492110e+01
   2.2513328e+01
   2.2534497e+01
   2.2555619e+01
   2.2576691e+01
   2.2597718e+01
   2.2618694e+01
   2.2639620e+01
   2.2660495e+01
   2.2681320e+01
   2.2702094e+01
   2.2722817e+01
   2.2743485e+01
   2.2764104e+01
   2.2784666e+01
   2.2805173e+01
   2.2825625e+01
   2.2846019e+01
   2.2866359e+01
   2.2886641e+01
   2.2906865e+01
   2.2927031e+01
   2.2947135e+01
   2.2967183e+01
   2.2987170e+01
   2.3007095e+01
   2.3026958e+01
   2.3046758e+01
   2.3066497e+01
   2.3086173e+01
   2.3105782e+01
   2.3125325e+01
   2.3144806e+01
   2.3164222e+01
   2.3183570e+01
   2.3202848e+01
   2.3222059e+01
   2.3241199e+01
   2.3260270e+01
   2.3279272e+01
   2.3298204e+01
   2.3317063e+01
   2.3335854e+01
   2.3354568e+01
   2.3373213e+01
   2.3391778e+01
   2.3410270e+01
   2.3428682e+01
   2.3447020e+01
   2.3465278e+01
   2.3483456e+01
   2.3501555e+01
   2.3519577e+01
   2.3537516e+01
   2.3555374e+01
   2.3573154e+01
   2.3590850e+01
   2.3608461e+01
   2.3625987e+01
   2.3643429e+01
   2.3660786e+01
   2.3678054e+01
   2.3695235e+01
   2.3712327e+01
   2.3729332e+01
   2.3746251e+01
   2.3763076e+01
   2.3779811e+01
   2.3796454e+01
   2.3813003e+01
   2.3829458e+01
   2.3845819e+01
   2.3862084e+01
   2.3878252e+01
   2.3894323e+01
   2.3910297e+01
   2.3926170e+01
   2.3941942e+01
   2.3957616e+01
   2.3973187e+01
   2.3988657e+01
   2.4004022e+01
   2.4019284e+01
   2.4034439e+01
   2.4049487e+01
   2.4064431e+01
   2.4079269e+01
   2.4093996e+01
   2.4108612e+01
   2.4123121e+01
   2.4137517e+01
   2.4151798e+01
   2.4165965e+01
   2.4180019e+01
   2.4193956e+01
   2.4207777e+01
   2.4221485e+01
   2.4235069e+01
   2.4248535e+01
   2.4261878e+01
   2.4275104e+01
   2.4288206e+01
   2.4301188e+01
   2.4314043e+01
   2.4326774e+01
   2.4339380e+01
   2.4351856e+01
   2.4364201e+01
   2.4376418e+01
   2.4388504e+01
   2.4400463e+01
   2.4412286e+01
   2.4423975e+01
   2.4435530e+01
   2.4446950e+01
   2.4458232e+01
   2.4469376e+01
   2.4480382e+01
   2.4491245e+01
   2.4501967e+01
   2.4512546e+01
   2.4522982e+01
   2.4533272e+01
   2.4543416e+01
   2.4553415e+01
   2.4563269e+01
   2.4572972e+01
   2.4582525e+01
   2.4591927e+01
   2.4601173e+01
   2.4610269e+01
   2.4619208e+01
   2.4627995e+01
   2.4636622e+01
   2.4645090e+01
   2.4653400e+01
   2.4661549e+01
   2.4669534e+01
   2.4677357e+01
   2.4685015e+01
   2.4692510e+01
   2.4699839e+01
   2.4707000e+01
   2.4713994e+01
   2.4720815e+01
   2.4727465e+01
   2.4733943e+01
   2.4740247e+01
   2.4746376e+01
   2.4752326e+01
   2.4758101e+01
   2.4763697e+01
   2.4769113e+01
   2.4774348e+01
   2.4779401e+01
   2.4784266e+01
   2.4788951e+01
   2.4793449e+01
   2.4797761e+01
   2.4801885e+01
   2.4805816e+01
   2.4809556e+01
   2.4813104e+01
   2.4816456e+01
   2.4819613e+01
   2.4822578e+01
   2.4825344e+01
   2.4827912e+01
   2.4830278e+01
   2.4832443e+01
   2.4834406e+01
   2.4836164e+01
   2.4837719e+01
   2.4839065e+01
   2.4840202e+01
   2.4841130e+01
   2.4841850e+01
   2.4842357e+01
   2.4842651e+01
   2.4842730e+01
   2.4842594e+01
   2.4842242e+01
   2.4841671e+01
   2.4840880e+01
   2.4839866e+01
   2.4838633e+01
   2.4837175e+01
   2.4835494e+01
   2.4833583e+01
   2.4831446e+01
   2.4829078e+01
   2.4826480e+01
   2.4823652e+01
   2.4820591e+01
   2.4817296e+01
   2.4813765e+01
   2.4809995e+01
   2.4805989e+01
   2.4801743e+01
   2.4797256e+01
   2.4792525e+01
   2.4787553e+01
   2.4782335e+01
   2.4776873e+01
   2.4771160e+01
   2.4765201e+01
   2.4758988e+01
   2.4752526e+01
   2.4745808e+01
   2.4738838e+01
   2.4731610e+01
   2.4724124e+01
   2.4716380e+01
   2.4708374e+01
   2.4700110e+01
   2.4691580e+01
   2.4682789e+01
   2.4673729e+01
   2.4664405e+01
   2.4654809e+01
   2.4644944e+01
   2.4634808e+01
   2.4624400e+01
   2.4613718e+01
   2.4602760e+01
   2.4591522e+01
   2.4580009e+01
   2.4568213e+01
   2.4556139e+01
   2.4543780e+01
   2.4531138e+01
   2.4518208e+01
   2.4504994e+01
   2.4491489e+01
   2.4477696e+01
   2.4463610e+01
   2.4449231e+01
   2.4434562e+01
   2.4419592e+01
   2.4404324e+01
   2.4388759e+01
   2.4372894e+01
   2.4356729e+01
   2.4340259e+01
   2.4323485e+01
   2.4306405e+01
   2.4289019e+01
   2.4271322e+01
   2.4253315e+01
   2.4234995e+01
   2.4216363e+01
   2.4197415e+01
   2.4178149e+01
   2.4158567e+01
   2.4138667e+01
   2.4118443e+01
   2.4097899e+01
   2.4077029e+01
   2.4055835e+01
   2.4034314e+01
   2.4012465e+01
   2.3990284e+01
   2.3967772e+01
   2.3944927e+01
   2.3921749e+01
   2.3898234e+01
   2.3874379e+01
   2.3850187e+01
   2.3825654e+01
   2.3800778e+01
   2.3775558e+01
   2.3749996e+01
   2.3724085e+01
   2.3697827e+01
   2.3671217e+01
   2.3644257e+01
   2.3616941e+01
   2.3589273e+01
   2.3561246e+01
   2.3532863e+01
   2.3504122e+01
   2.3475019e+01
   2.3445556e+01
   2.3415727e+01
   2.3385534e+01
   2.3354974e+01
   2.3324044e+01
   2.3292743e+01
   2.3261072e+01
   2.3229027e+01
   2.3196607e+01
   2.3163811e+01
   2.3130639e+01
   2.3097085e+01
   2.3063152e+01
   2.3028838e+01
   2.2994139e+01
   2.2959053e+01
   2.2923582e+01
   2.2887725e+01
   2.2851476e+01
   2.2814836e+01
   2.2777802e+01
   2.2740374e+01
   2.2702552e+01
   2.2664332e+01
   2.2625715e+01
   2.2586698e+01
   2.2547280e+01
   2.2507461e+01
   2.2467234e+01
   2.2426602e+01
   2.2385561e+01
   2.2344114e+01
   2.2302257e+01
   2.2259989e+01
   2.2217309e+01
   2.2174216e+01
   2.2130707e+01
   2.2086784e+01
   2.2042443e+01
   2.1997683e+01
   2.1952502e+01
   2.1906899e+01
   2.1860876e+01
   2.1814428e+01
   2.1767555e+01
   2.1720257e+01
   2.1672532e+01
   2.1624379e+01
   2.1575797e+01
   2.1526785e+01
   2.1477342e+01
   2.1427468e+01
   2.1377161e+01
   2.1326420e+01
   2.1275245e+01
   2.1223635e+01
   2.1171589e+01
   2.1119106e+01
   2.1066187e+01
   2.1012830e+01
   2.0959034e+01
   2.0904799e+01
   2.0850123e+01
   2.0795007e+01
   2.0739451e+01
   2.0683453e+01
   2.0627016e+01
   2.0570138e+01
   2.0512816e+01
   2.0455054e+01
   2.0396848e+01
   2.0338202e+01
   2.0279113e+01
   2.0219583e+01
   2.0159612e+01
   2.0099198e+01
   2.0038343e+01
   1.9977048e+01
   1.9915312e+01
   1.9853137e+01
   1.9790522e+01
   1.9727469e+01
   1.9663978e+01
   1.9600051e+01
   1.9535687e+01
   1.9470887e+01
   1.9405652e+01
   1.9339986e+01
   1.9273889e+01
   1.9207360e+01
   1.9140403e+01
   1.9073019e+01
   1.9005211e+01
   1.8936977e+01
   1.8868324e+01
   1.8799249e+01
   1.8729755e+01
   1.8659847e+01
   1.8589525e+01
   1.8518793e+01
   1.8447653e+01
   1.8376109e+01
   1.8304160e+01
   1.8231812e+01
   1.8159067e+01
   1.8085930e+01
   1.8012402e+01
   1.7938487e+01
   1.7864189e+01
   1.7789512e+01
   1.7714460e+01
   1.7639037e+01
   1.7563247e+01
   1.7487094e+01
   1.7410582e+01
   1.7333719e+01
   1.7256505e+01
   1.7178947e+01
   1.7101049e+01
   1.7022819e+01
   1.6944261e+01
   1.6865380e+01
   1.6786182e+01
   1.6706674e+01
   1.6626861e+01
   1.6546749e+01
   1.6466344e+01
   1.6385654e+01
   1.6304684e+01
   1.6223443e+01
   1.6141936e+01
   1.6060172e+01
   1.5978157e+01
   1.5895898e+01
   1.5813404e+01
   1.5730682e+01
   1.5647741e+01
   1.5564589e+01
   1.5481234e+01
   1.5397682e+01
   1.5313946e+01
   1.5230035e+01
   1.5145953e+01
   1.5061713e+01
   1.4977323e+01
   1.4892792e+01
   1.4808131e+01
   1.4723348e+01
   1.4638453e+01
   1.4553457e+01
   1.4468368e+01
   1.4383197e+01
   1.4297956e+01
   1.4212654e+01
   1.4127303e+01
   1.4041911e+01
   1.3956490e+01
   1.3871053e+01
   1.3785606e+01
   1.3700164e+01
   1.3614736e+01
   1.3529335e+01
   1.3443969e+01
   1.3358652e+01
   1.3273395e+01
   1.3188208e+01
   1.3103103e+01
   1.3018092e+01
   1.2933186e+01
   1.2848396e+01
   1.2763734e+01
   1.2679211e+01
   1.2594839e+01
   1.2510628e+01
   1.2426592e+01
   1.2342740e+01
   1.2259083e+01
   1.2175635e+01
   1.2092406e+01
   1.2009407e+01
   1.1926648e+01
   1.1844141e+01
   1.1761897e+01
   1.1679926e+01
   1.1598240e+01
   1.1516849e+01
   1.1435763e+01
   1.1354993e+01
   1.1274550e+01
   1.1194444e+01
   1.1114683e+01
   1.1035278e+01
   1.0956239e+01
   1.0877575e+01
   1.0799295e+01
   1.0721410e+01
   1.0643927e+01
   1.0566855e+01
   1.0490204e+01
   1.0413981e+01
   1.0338196e+01
   1.0262855e+01
   1.0187965e+01
   1.0113535e+01
   1.0039573e+01
   9.9660850e+00
   9.8930785e+00
   9.8205616e+00
   9.7485381e+00
   9.6770156e+00
   9.6059986e+00
   9.5354941e+00
   9.4655080e+00
   9.3960440e+00
   9.3271085e+00
   9.2587051e+00
   9.1908389e+00
   9.1235128e+00
   9.0567324e+00
   8.9905009e+00
   8.9248210e+00
   8.8596975e+00
   8.7951328e+00
   8.7311291e+00
   8.6676894e+00
   8.6048156e+00
   8.5425104e+00
   8.4807750e+00
   8.4196115e+00
   8.3590209e+00
   8.2990041e+00
   8.2395621e+00
   8.1806958e+00
   8.1224055e+00
   8.0646922e+00
   8.0075555e+00
   7.9509946e+00
   7.8950094e+00
   7.8396000e+00
   7.7847647e+00
   7.7305033e+00
   7.6768143e+00
   7.6236959e+00
   7.5711470e+00
   7.5191668e+00
   7.4677526e+00
   7.4169027e+00
   7.3666144e+00
   7.3168856e+00
   7.2677142e+00
   7.2190975e+00
   7.1710327e+00
   7.1235171e+00
   7.0765473e+00
   7.0301210e+00
   6.9842337e+00
   6.9388831e+00
   6.8940655e+00
   6.8497775e+00
   6.8060153e+00
   6.7627746e+00
   6.7200521e+00
   6.6778436e+00
   6.6361452e+00
   6.5949529e+00
   6.5542625e+00
   6.5140698e+00
   6.4743707e+00
   6.4351604e+00
   6.3964343e+00
   6.3581888e+00
   6.3204188e+00
   6.2831199e+00
   6.2462873e+00
   6.2099166e+00
   6.1740027e+00
   6.1385413e+00
   6.1035278e+00
   6.0689569e+00
   6.0348240e+00
   6.0011244e+00
   5.9678533e+00
   5.9350061e+00
   5.9025776e+00
   5.8705630e+00
   5.8389576e+00
   5.8077565e+00
   5.7769550e+00
   5.7465481e+00
   5.7165311e+00
   5.6868989e+00
   5.6576471e+00
   5.6287709e+00
   5.6002650e+00
   5.5721253e+00
   5.5443465e+00
   5.5169243e+00
   5.4898538e+00
   5.4631303e+00
   5.4367492e+00
   5.4107060e+00
   5.3849960e+00
   5.3596145e+00
   5.3345573e+00
   5.3098194e+00
   5.2853969e+00
   5.2612848e+00
   5.2374790e+00
   5.2139749e+00
   5.1907685e+00
   5.1678555e+00
   5.1452313e+00
   5.1228922e+00
   5.1008336e+00
   5.0790513e+00
   5.0575412e+00
   5.0362998e+00
   5.0153228e+00
   4.9946061e+00
   4.9741457e+00
   4.9539379e+00
   4.9339789e+00
   4.9142648e+00
   4.8947919e+00
   4.8755564e+00
   4.8565546e+00
   4.8377830e+00
   4.8192378e+00
   4.8009157e+00
   4.7828134e+00
   4.7649269e+00
   4.7472532e+00
   4.7297887e+00
   4.7125303e+00
   4.6954747e+00
   4.6786186e+00
   4.6619588e+00
   4.6454922e+00
   4.6292156e+00
   4.6131260e+00
   4.5972207e+00
   4.5814964e+00
   4.5659504e+00
   4.5505795e+00
   4.5353812e+00
   4.5203525e+00
   4.5054906e+00
   4.4907927e+00
   4.4762563e+00
   4.4618790e+00
   4.4476579e+00
   4.4335903e+00
   4.4196738e+00
   4.4059060e+00
   4.3922846e+00
   4.3788069e+00
   4.3654707e+00
   4.3522738e+00
   4.3392139e+00
   4.3262886e+00
   4.3134955e+00
   4.3008327e+00
   4.2882981e+00
   4.2758894e+00
   4.2636044e+00
   4.2514414e+00
   4.2393983e+00
   4.2274731e+00
   4.2156638e+00
   4.2039684e+00
   4.1923853e+00
   4.1809123e+00
   4.1695480e+00
   4.1582902e+00
   4.1471374e+00
   4.1360879e+00
   4.1251399e+00
   4.1142916e+00
   4.1035416e+00
   4.0928883e+00
   4.0823301e+00
   4.0718653e+00
   4.0614924e+00
   4.0512099e+00
   4.0410164e+00
   4.0309105e+00
   4.0208905e+00
   4.0109554e+00
   4.0011034e+00
   3.9913335e+00
   3.9816442e+00
   3.9720342e+00
   3.9625025e+00
   3.9530476e+00
   3.9436682e+00
   3.9343631e+00
   3.9251313e+00
   3.9159714e+00
   3.9068825e+00
   3.8978632e+00
   3.8889126e+00
   3.8800296e+00
   3.8712131e+00
   3.8624621e+00
   3.8537755e+00
   3.8451522e+00
   3.8365916e+00
   3.8280923e+00
   3.8196537e+00
   3.8112745e+00
   3.8029540e+00
   3.7946911e+00
   3.7864849e+00
   3.7783348e+00
   3.7702399e+00
   3.7621992e+00
   3.7542119e+00
   3.7462775e+00
   3.7383948e+00
   3.7305632e+00
   3.7227820e+00
   3.7150502e+00
   3.7073673e+00
   3.6997325e+00
   3.6921450e+00
   3.6846043e+00
   3.6771095e+00
   3.6696600e+00
   3.6622552e+00
   3.6548945e+00
   3.6475772e+00
   3.6403028e+00
   3.6330705e+00
   3.6258798e+00
   3.6187298e+00
   3.6116205e+00
   3.6045509e+00
   3.5975206e+00
   3.5905291e+00
   3.5835758e+00
   3.5766600e+00
   3.5697814e+00
   3.5629394e+00
   3.5561335e+00
   3.5493634e+00
   3.5426286e+00
   3.5359284e+00
   3.5292624e+00
   3.5226302e+00
   3.5160313e+00
   3.5094652e+00
   3.5029316e+00
   3.4964300e+00
   3.4899602e+00
   3.4835217e+00
   3.4771140e+00
   3.4707367e+00
   3.4643894e+00
   3.4580718e+00
   3.4517835e+00
   3.4455241e+00
   3.4392933e+00
   3.4330909e+00
   3.4269164e+00
   3.4207694e+00
   3.4146497e+00
   3.4085568e+00
   3.4024904e+00
   3.3964504e+00
   3.3904363e+00
   3.3844478e+00
   3.3784848e+00
   3.3725470e+00
   3.3666339e+00
   3.3607452e+00
   3.3548808e+00
   3.3490403e+00
   3.3432235e+00
   3.3374302e+00
   3.3316599e+00
   3.3259128e+00
   3.3201883e+00
   3.3144863e+00
   3.3088064e+00
   3.3031484e+00
   3.2975122e+00
   3.2918974e+00
   3.2863039e+00
   3.2807315e+00
   3.2751800e+00
   3.2696492e+00
   3.2641388e+00
   3.2586486e+00
   3.2531784e+00
   3.2477280e+00
   3.2422973e+00
   3.2368859e+00
   3.2314939e+00
   3.2261210e+00
   3.2207670e+00
   3.2154317e+00
   3.2101149e+00
   3.2048165e+00
   3.1995363e+00
   3.1942741e+00
   3.1890298e+00
   3.1838031e+00
   3.1785942e+00
   3.1734026e+00
   3.1682283e+00
   3.1630711e+00
   3.1579308e+00
   3.1528073e+00
   3.1477005e+00
   3.1426102e+00
   3.1375363e+00
   3.1324787e+00
   3.1274373e+00
   3.1224118e+00
   3.1174022e+00
   3.1124083e+00
   3.1074301e+00
   3.1024672e+00
   3.0975198e+00
   3.0925876e+00
   3.0876706e+00
   3.0827687e+00
   3.0778816e+00
   3.0730093e+00
   3.0681517e+00
   3.0633087e+00
   3.0584801e+00
   3.0536659e+00
   3.0488660e+00
   3.0440802e+00
   3.0393086e+00
   3.0345509e+00
   3.0298071e+00
   3.0250770e+00
   3.0203606e+00
   3.0156577e+00
   3.0109684e+00
   3.0062924e+00
   3.0016298e+00
   2.9969805e+00
   2.9923443e+00
   2.9877212e+00
   2.9831110e+00
   2.9785137e+00
   2.9739292e+00
   2.9693574e+00
   2.9647982e+00
   2.9602517e+00
   2.9557178e+00
   2.9511962e+00
   2.9466870e+00
   2.9421900e+00
   2.9377052e+00
   2.9332326e+00
   2.9287719e+00
   2.9243233e+00
   2.9198867e+00
   2.9154619e+00
   2.9110489e+00
   2.9066477e+00
   2.9022580e+00
   2.8978800e+00
   2.8935135e+00
   2.8891584e+00
   2.8848147e+00
   2.8804825e+00
   2.8761615e+00
   2.8718517e+00
   2.8675532e+00
   2.8632657e+00
   2.8589892e+00
   2.8547237e+00
   2.8504692e+00
   2.8462255e+00
   2.8419928e+00
   2.8377708e+00
   2.8335595e+00
   2.8293589e+00
   2.8251689e+00
   2.8209895e+00
   2.8168206e+00
   2.8126621e+00
   2.8085140e+00
   2.8043764e+00
   2.8002491e+00
   2.7961320e+00
   2.7920252e+00
   2.7879286e+00
   2.7838420e+00
   2.7797656e+00
   2.7756991e+00
   2.7716427e+00
   2.7675963e+00
   2.7635598e+00
   2.7595331e+00
   2.7555163e+00
   2.7515092e+00
   2.7475119e+00
   2.7435242e+00
   2.7395462e+00
   2.7355778e+00
   2.7316190e+00
   2.7276698e+00
   2.7237300e+00
   2.7197997e+00
   2.7158788e+00
   2.7119673e+00
   2.7080651e+00
   2.7041722e+00
   2.7002886e+00
   2.6964142e+00
   2.6925490e+00
   2.6886930e+00
   2.6848461e+00
   2.6810082e+00
   2.6771794e+00
   2.6733597e+00
   2.6695488e+00
   2.6657469e+00
   2.6619540e+00
   2.6581700e+00
   2.6543948e+00
   2.6506284e+00
   2.6468707e+00
   2.6431218e+00
   2.6393816e+00
   2.6356500e+00
   2.6319271e+00
   2.6282129e+00
   2.6245073e+00
   2.6208102e+00
   2.6171216e+00
   2.6134416e+00
   2.6097699e+00
   2.6061067e+00
   2.6024519e+00
   2.5988055e+00
   2.5951673e+00
   2.5915375e+00
   2.5879160e+00
   2.5843027e+00
   2.5806976e+00
   2.5771008e+00
   2.5735122e+00
   2.5699318e+00
   2.5663594e+00
   2.5627951e+00
   2.5592389e+00
   2.5556906e+00
   2.5521504e+00
   2.5486181e+00
   2.5450938e+00
   2.5415774e+00
   2.5380689e+00
   2.5345683e+00
   2.5310756e+00
   2.5275907e+00
   2.5241136e+00
   2.5206443e+00
   2.5171827e+00
   2.5137288e+00
   2.5102825e+00
   2.5068440e+00
   2.5034131e+00
   2.4999898e+00
   2.4965741e+00
   2.4931659e+00
   2.4897653e+00
   2.4863722e+00
   2.4829867e+00
   2.4796087e+00
   2.4762381e+00
   2.4728749e+00
   2.4695191e+00
   2.4661707e+00
   2.4628297e+00
   2.4594959e+00
   2.4561695e+00
   2.4528504e+00
   2.4495385e+00
   2.4462339e+00
   2.4429365e+00
   2.4396463e+00
   2.4363634e+00
   2.4330876e+00
   2.4298189e+00
   2.4265573e+00
   2.4233028e+00
   2.4200554e+00
   2.4168150e+00
   2.4135817e+00
   2.4103553e+00
   2.4071359e+00
   2.4039235e+00
   2.4007180e+00
   2.3975195e+00
   2.3943278e+00
   2.3911431e+00
   2.3879653e+00
   2.3847943e+00
   2.3816301e+00
   2.3784726e+00
   2.3753220e+00
   2.3721781e+00
   2.3690410e+00
   2.3659105e+00
   2.3627868e+00
   2.3596697e+00
   2.3565593e+00
   2.3534556e+00
   2.3503586e+00
   2.3472681e+00
   2.3441842e+00
   2.3411069e+00
   2.3380361e+00
   2.3349718e+00
   2.3319141e+00
   2.3288628e+00
   2.3258180e+00
   2.3227796e+00
   2.3197477e+00
   2.3167221e+00
   2.3137030e+00
   2.3106903e+00
   2.3076840e+00
   2.3046840e+00
   2.3016904e+00
   2.2987030e+00
   2.2957219e+00
   2.2927471e+00
   2.2897785e+00
   2.2868162e+00
   2.2838601e+00
   2.2809102e+00
   2.2779664e+00
   2.2750288e+00
   2.2720975e+00
   2.2691722e+00
   2.2662531e+00
   2.2633401e+00
   2.2604331e+00
   2.2575322e+00
   2.2546373e+00
   2.2517485e+00
   2.2488657e+00
   2.2459888e+00
   2.2431180e+00
   2.2402531e+00
   2.2373941e+00
   2.2345411e+00
   2.2316941e+00
   2.2288529e+00
   2.2260176e+00
   2.2231882e+00
   2.2203646e+00
   2.2175468e+00
   2.2147348e+00
   2.2119287e+00
   2.2091283e+00
   2.2063337e+00
   2.2035448e+00
   2.2007617e+00
   2.1979842e+00
   2.1952126e+00
   2.1924466e+00
   2.1896863e+00
   2.1869317e+00
   2.1841827e+00
   2.1814393e+00
   2.1787015e+00
   2.1759693e+00
   2.1732427e+00
   2.1705217e+00
   2.1678062e+00
   2.1650962e+00
   2.1623918e+00
   2.1596929e+00
   2.1569995e+00
   2.1543116e+00
   2.1516291e+00
   2.1489521e+00
   2.1462805e+00
   2.1436143e+00
   2.1409535e+00
   2.1382981e+00
   2.1356481e+00
   2.1330034e+00
   2.1303641e+00
   2.1277301e+00
   2.1251014e+00
   2.1224781e+00
   2.1198600e+00
   2.1172473e+00
   2.1146397e+00
   2.1120374e+00
   2.1094404e+00
   2.1068486e+00
   2.1042619e+00
   2.1016805e+00
   2.0991042e+00
   2.0965330e+00
   2.0939671e+00
   2.0914062e+00
   2.0888505e+00
   2.0863000e+00
   2.0837545e+00
   2.0812141e+00
   2.0786787e+00
   2.0761484e+00
   2.0736232e+00
   2.0711029e+00
   2.0685877e+00
   2.0660775e+00
   2.0635722e+00
   2.0610719e+00
   2.0585766e+00
   2.0560862e+00
   2.0536008e+00
   2.0511203e+00
   2.0486448e+00
   2.0461741e+00
   2.0437083e+00
   2.0412473e+00
   2.0387912e+00
   2.0363400e+00
   2.0338936e+00
   2.0314520e+00
   2.0290152e+00
   2.0265831e+00
   2.0241559e+00
   2.0217335e+00
   2.0193158e+00
   2.0169029e+00
   2.0144947e+00
   2.0120912e+00
   2.0096924e+00
   2.0072983e+00
   2.0049088e+00
   2.0025241e+00
   2.0001440e+00
   1.9977685e+00
   1.9953976e+00
   1.9930314e+00
   1.9906698e+00
   1.9883128e+00
   1.9859604e+00
   1.9836126e+00
   1.9812693e+00
   1.9789306e+00
   1.9765964e+00
   1.9742667e+00
   1.9719416e+00
   1.9696209e+00
   1.9673047e+00
   1.9649930e+00
   1.9626857e+00
   1.9603829e+00
   1.9580846e+00
   1.9557908e+00
   1.9535013e+00
   1.9512162e+00
   1.9489356e+00
   1.9466593e+00
   1.9443874e+00
   1.9421198e+00
   1.9398566e+00
   1.9375977e+00
   1.9353432e+00
   1.9330929e+00
   1.9308470e+00
   1.9286054e+00
   1.9263680e+00
   1.9241350e+00
   1.9219062e+00
   1.9196817e+00
   1.9174614e+00
   1.9152453e+00
   1.9130335e+00
   1.9108258e+00
   1.9086224e+00
   1.9064231e+00
   1.9042280e+00
   1.9020370e+00
   1.8998502e+00
   1.8976676e+00
   1.8954891e+00
   1.8933147e+00
   1.8911445e+00
   1.8889784e+00
   1.8868163e+00
   1.8846584e+00
   1.8825045e+00
   1.8803546e+00
   1.8782088e+00
   1.8760671e+00
   1.8739294e+00
   1.8717956e+00
   1.8696659e+00
   1.8675402e+00
   1.8654185e+00
   1.8633007e+00
   1.8611869e+00
   1.8590771e+00
   1.8569712e+00
   1.8548692e+00
   1.8527712e+00
   1.8506771e+00
   1.8485869e+00
   1.8465006e+00
   1.8444181e+00
   1.8423396e+00
   1.8402649e+00
   1.8381940e+00
   1.8361270e+00
   1.8340639e+00
   1.8320045e+00
   1.8299490e+00
   1.8278973e+00
   1.8258494e+00
   1.8238053e+00
   1.8217650e+00
   1.8197284e+00
   1.8176956e+00
   1.8156665e+00
   1.8136412e+00
   1.8116196e+00
   1.8096017e+00
   1.8075876e+00
   1.8055771e+00
   1.8035703e+00
   1.8015673e+00
   1.7995679e+00
   1.7975721e+00
   1.7955801e+00
   1.7935916e+00
   1.7916068e+00
   1.7896257e+00
   1.7876481e+00
   1.7856742e+00
   1.7837038e+00
   1.7817371e+00
   1.7797739e+00
   1.7778144e+00
   1.7758583e+00
   1.7739059e+00
   1.7719570e+00
   1.7700116e+00
   1.7680697e+00
   1.7661314e+00
   1.7641966e+00
   1.7622653e+00
   1.7603375e+00
   1.7584131e+00
   1.7564923e+00
   1.7545749e+00
   1.7526610e+00
   1.7507505e+00
   1.7488435e+00
   1.7469399e+00
   1.7450397e+00
   1.7431430e+00
   1.7412496e+00
   1.7393597e+00
   1.7374731e+00
   1.7355899e+00
   1.7337101e+00
   1.7318337e+00
   1.7299606e+00
   1.7280909e+00
   1.7262245e+00
   1.7243615e+00
   1.7225017e+00
   1.7206453e+00
   1.7187922e+00
   1.7169424e+00
   1.7150959e+00
   1.7132527e+00
   1.7114127e+00
   1.7095760e+00
   1.7077426e+00
   1.7059124e+00
   1.7040855e+00
   1.7022618e+00
   1.7004413e+00
   1.6986240e+00
   1.6968100e+00
   1.6949991e+00
   1.6931915e+00
   1.6913870e+00
   1.6895857e+00
   1.6877876e+00
   1.6859927e+00
   1.6842009e+00
   1.6824122e+00
   1.6806267e+00
   1.6788444e+00
   1.6770651e+00
   1.6752890e+00
   1.6735159e+00
   1.6717460e+00
   1.6699792e+00
   1.6682154e+00
   1.6664548e+00
   1.6646972e+00
   1.6629427e+00
   1.6611912e+00
   1.6594428e+00
   1.6576974e+00
   1.6559550e+00
   1.6542157e+00
   1.6524794e+00
   1.6507461e+00
   1.6490158e+00
   1.6472885e+00
   1.6455642e+00
   1.6438429e+00
   1.6421245e+00
   1.6404091e+00
   1.6386967e+00
   1.6369872e+00
   1.6352807e+00
   1.6335771e+00
   1.6318765e+00
   1.6301787e+00
   1.6284839e+00
   1.6267920e+00
   1.6251030e+00
   1.6234169e+00
   1.6217337e+00
   1.6200533e+00
   1.6183759e+00
   1.6167013e+00
   1.6150295e+00
   1.6133606e+00
   1.6116946e+00
   1.6100314e+00
   1.6083710e+00
   1.6067135e+00
   1.6050588e+00
   1.6034069e+00
   1.6017578e+00
   1.6001115e+00
   1.5984680e+00
   1.5968272e+00
   1.5951893e+00
   1.5935541e+00
   1.5919217e+00
   1.5902920e+00
   1.5886651e+00
   1.5870410e+00
   1.5854196e+00
   1.5838009e+00
   1.5821849e+00
   1.5805717e+00
   1.5789611e+00
   1.5773533e+00
   1.5757482e+00
   1.5741457e+00
   1.5725460e+00
   1.5709489e+00
   1.5693545e+00
   1.5677628e+00
   1.5661737e+00
   1.5645873e+00
   1.5630035e+00
   1.5614224e+00
   1.5598439e+00
   1.5582680e+00
   1.5566947e+00
   1.5551241e+00
   1.5535561e+00
   1.5519907e+00
   1.5504279e+00
   1.5488676e+00
   1.5473100e+00
   1.5457549e+00
   1.5442024e+00
   1.5426525e+00
   1.5411051e+00
   1.5395603e+00
   1.5380180e+00
   1.5364783e+00
   1.5349411e+00
   1.5334064e+00
   1.5318743e+00
   1.5303447e+00
   1.5288175e+00
   1.5272929e+00
   1.5257708e+00
   1.5242512e+00
   1.5227341e+00
   1.5212194e+00
   1.5197073e+00
   1.5181976e+00
   1.5166903e+00
   1.5151856e+00
   1.5136832e+00
   1.5121834e+00
   1.5106859e+00
   1.5091909e+00
   1.5076983e+00
   1.5062082e+00
   1.5047205e+00
   1.5032351e+00
   1.5017522e+00
   1.5002717e+00
   1.4987936e+00
   1.4973178e+00
   1.4958445e+00
   1.4943735e+00
   1.4929049e+00
   1.4914387e+00
   1.4899748e+00
   1.4885133e+00
   1.4870542e+00
   1.4855973e+00
   1.4841429e+00
   1.4826907e+00
   1.4812409e+00
   1.4797934e+00
   1.4783482e+00
   1.4769053e+00
   1.4754648e+00
   1.4740265e+00
   1.4725905e+00
   1.4711569e+00
   1.4697255e+00
   1.4682964e+00
   1.4668695e+00
   1.4654450e+00
   1.4640226e+00
   1.4626026e+00
   1.4611848e+00
   1.4597693e+00
   1.4583559e+00
   1.4569449e+00
   1.4555360e+00
   1.4541294e+00
   1.4527250e+00
   1.4513229e+00
   1.4499229e+00
   1.4485251e+00
   1.4471296e+00
   1.4457362e+00
   1.4443451e+00
   1.4429561e+00
   1.4415693e+00
   1.4401846e+00
   1.4388022e+00
   1.4374219e+00
   1.4360437e+00
   1.4346678e+00
   1.4332939e+00
   1.4319222e+00
   1.4305527e+00
   1.4291853e+00
   1.4278200e+00
   1.4264569e+00
   1.4250958e+00
   1.4237369e+00
   1.4223801e+00
   1.4210254e+00
   1.4196728e+00
   1.4183223e+00
   1.4169739e+00
   1.4156276e+00
   1.4142833e+00
   1.4129411e+00
   1.4116010e+00
   1.4102630e+00
   1.4089271e+00
   1.4075931e+00
   1.4062613e+00
   1.4049315e+00
   1.4036037e+00
   1.4022780e+00
   1.4009543e+00
   1.3996326e+00
   1.3983130e+00
   1.3969954e+00
   1.3956798e+00
   1.3943662e+00
   1.3930546e+00
   1.3917450e+00
   1.3904374e+00
   1.3891319e+00
   1.3878283e+00
   1.3865266e+00
   1.3852270e+00
   1.3839293e+00
   1.3826336e+00
   1.3813399e+00
   1.3800481e+00
   1.3787583e+00
   1.3774705e+00
   1.3761845e+00
   1.3749006e+00
   1.3736185e+00
   1.3723384e+00
   1.3710603e+00
   1.3697840e+00
   1.3685097e+00
   1.3672373e+00
   1.3659668e+00
   1.3646983e+00
   1.3634316e+00
   1.3621668e+00
   1.3609039e+00
   1.3596429e+00
   1.3583838e+00
   1.3571266e+00
   1.3558713e+00
   1.3546178e+00
   1.3533662e+00
   1.3521165e+00
   1.3508686e+00
   1.3496226e+00
   1.3483784e+00
   1.3471361e+00
   1.3458956e+00
   1.3446570e+00
   1.3434202e+00
   1.3421852e+00
   1.3409521e+00
   1.3397208e+00
   1.3384913e+00
   1.3372636e+00
   1.3360378e+00
   1.3348137e+00
   1.3335915e+00
   1.3323710e+00
   1.3311524e+00
   1.3299355e+00
   1.3287205e+00
   1.3275072e+00
   1.3262957e+00
   1.3250859e+00
   1.3238780e+00
   1.3226718e+00
   1.3214673e+00
   1.3202647e+00
   1.3190638e+00
   1.3178646e+00
   1.3166672e+00
   1.3154715e+00
   1.3142776e+00
   1.3130854e+00
   1.3118949e+00
   1.3107062e+00
   1.3095192e+00
   1.3083339e+00
   1.3071503e+00
   1.3059685e+00
   1.3047883e+00
   1.3036099e+00
   1.3024332e+00
   1.3012581e+00
   1.3000848e+00
   1.2989131e+00
   1.2977432e+00
   1.2965749e+00
   1.2954083e+00
   1.2942433e+00
   1.2930801e+00
   1.2919185e+00
   1.2907586e+00
   1.2896003e+00
   1.2884437e+00
   1.2872888e+00
   1.2861355e+00
   1.2849838e+00
   1.2838338e+00
   1.2826855e+00
   1.2815387e+00
   1.2803936e+00
   1.2792502e+00
   1.2781083e+00
   1.2769681e+00
   1.2758295e+00
   1.2746925e+00
   1.2735571e+00
   1.2724233e+00
   1.2712912e+00
   1.2701606e+00
   1.2690316e+00
   1.2679043e+00
   1.2667785e+00
   1.2656543e+00
   1.2645317e+00
   1.2634106e+00
   1.2622912e+00
   1.2611733e+00
   1.2600570e+00
   1.2589422e+00
   1.2578290e+00
   1.2567174e+00
   1.2556073e+00
   1.2544988e+00
   1.2533918e+00
   1.2522864e+00
   1.2511825e+00
   1.2500802e+00
   1.2489794e+00
   1.2478801e+00
   1.2467824e+00
   1.2456861e+00
   1.2445914e+00
   1.2434983e+00
   1.2424066e+00
   1.2413164e+00
   1.2402278e+00
   1.2391407e+00
   1.2380550e+00
   1.2369709e+00
   1.2358883e+00
   1.2348071e+00
   1.2337275e+00
   1.2326493e+00
   1.2315726e+00
   1.2304974e+00
   1.2294237e+00
   1.2283515e+00
   1.2272807e+00
   1.2262114e+00
   1.2251435e+00
   1.2240772e+00
   1.2230122e+00
   1.2219488e+00
   1.2208867e+00
   1.2198262e+00
   1.2187671e+00
   1.2177094e+00
   1.2166531e+00
   1.2155983e+00
   1.2145450e+00
   1.2134930e+00
   1.2124425e+00
   1.2113935e+00
   1.2103458e+00
   1.2092995e+00
   1.2082547e+00
   1.2072113e+00
   1.2061693e+00
   1.2051287e+00
   1.2040895e+00
   1.2030517e+00
   1.2020153e+00
   1.2009803e+00
   1.1999467e+00
   1.1989145e+00
   1.1978837e+00
   1.1968542e+00
   1.1958261e+00
   1.1947995e+00
   1.1937741e+00
   1.1927502e+00
   1.1917276e+00
   1.1907064e+00
   1.1896866e+00
   1.1886681e+00
   1.1876509e+00
   1.1866352e+00
   1.1856207e+00
   1.1846077e+00
   1.1835959e+00
   1.1825855e+00
   1.1815765e+00
   1.1805688e+00
   1.1795624e+00
   1.1785574e+00
   1.1775537e+00
   1.1765513e+00
   1.1755502e+00
   1.1745505e+00
   1.1735520e+00
   1.1725549e+00
   1.1715591e+00
   1.1705646e+00
   1.1695715e+00
   1.1685796e+00
   1.1675890e+00
   1.1665997e+00
   1.1656118e+00
   1.1646251e+00
   1.1636397e+00
   1.1626556e+00
   1.1616728e+00
   1.1606912e+00
   1.1597110e+00
   1.1587320e+00
   1.1577543e+00
   1.1567779e+00
   1.1558027e+00
   1.1548288e+00
   1.1538562e+00
   1.1528848e+00
   1.1519147e+00
   1.1509459e+00
   1.1499783e+00
   1.1490119e+00
   1.1480468e+00
   1.1470830e+00
   1.1461204e+00
   1.1451590e+00
   1.1441989e+00
   1.1432400e+00
   1.1422824e+00
   1.1413259e+00
   1.1403707e+00
   1.1394168e+00
   1.1384640e+00
   1.1375125e+00
   1.1365622e+00
   1.1356131e+00
   1.1346652e+00
   1.1337186e+00
   1.1327731e+00
   1.1318289e+00
   1.1308858e+00
   1.1299440e+00
   1.1290034e+00
   1.1280639e+00
   1.1271257e+00
   1.1261886e+00
   1.1252527e+00
   1.1243181e+00
   1.1233846e+00
   1.1224523e+00
   1.1215211e+00
   1.1205912e+00
   1.1196624e+00
   1.1187348e+00
   1.1178083e+00
   1.1168831e+00
   1.1159590e+00
   1.1150360e+00
   1.1141142e+00
   1.1131936e+00
   1.1122741e+00
   1.1113558e+00
   1.1104387e+00
   1.1095227e+00
   1.1086078e+00
   1.1076941e+00
   1.1067815e+00
   1.1058701e+00
   1.1049598e+00
   1.1040506e+00
   1.1031426e+00
   1.1022357e+00
   1.1013299e+00
   1.1004253e+00
   1.0995218e+00
   1.0986194e+00
   1.0977181e+00
   1.0968179e+00
   1.0959189e+00
   1.0950210e+00
   1.0941241e+00
   1.0932284e+00
   1.0923338e+00
   1.0914403e+00
   1.0905479e+00
   1.0896566e+00
   1.0887664e+00
   1.0878773e+00
   1.0869893e+00
   1.0861024e+00
   1.0852166e+00
   1.0843318e+00
   1.0834482e+00
   1.0825656e+00
   1.0816841e+00
   1.0808037e+00
   1.0799244e+00
   1.0790461e+00
   1.0781689e+00
   1.0772928e+00
   1.0764178e+00
   1.0755438e+00
   1.0746708e+00
   1.0737990e+00
   1.0729282e+00
   1.0720584e+00
   1.0711898e+00
   1.0703221e+00
   1.0694555e+00
   1.0685900e+00
   1.0677255e+00
   1.0668621e+00
   1.0659997e+00
   1.0651383e+00
   1.0642780e+00
   1.0634187e+00
   1.0625605e+00
   1.0617033e+00
   1.0608471e+00
   1.0599920e+00
   1.0591378e+00
   1.0582847e+00
   1.0574327e+00
   1.0565816e+00
   1.0557316e+00
   1.0548826e+00
   1.0540346e+00
   1.0531876e+00
   1.0523416e+00
   1.0514966e+00
   1.0506527e+00
   1.0498097e+00
   1.0489678e+00
   1.0481268e+00
   1.0472869e+00
   1.0464479e+00
   1.0456100e+00
   1.0447730e+00
   1.0439370e+00
   1.0431021e+00
   1.0422681e+00
   1.0414351e+00
   1.0406031e+00
   1.0397720e+00
   1.0389420e+00
   1.0381129e+00
   1.0372848e+00
   1.0364577e+00
   1.0356315e+00
   1.0348064e+00
   1.0339821e+00
   1.0331589e+00
   1.0323366e+00
   1.0315153e+00
   1.0306950e+00
   1.0298756e+00
   1.0290572e+00
   1.0282397e+00
   1.0274232e+00
   1.0266076e+00
   1.0257930e+00
   1.0249793e+00
   1.0241666e+00
   1.0233549e+00
   1.0225440e+00
   1.0217342e+00
   1.0209252e+00
   1.0201172e+00
   1.0193101e+00
   1.0185040e+00
   1.0176988e+00
   1.0168946e+00
   1.0160912e+00
   1.0152888e+00
   1.0144874e+00
   1.0136868e+00
   1.0128872e+00
   1.0120885e+00
   1.0112907e+00
   1.0104938e+00
   1.0096979e+00
   1.0089028e+00
   1.0081087e+00
   1.0073155e+00
   1.0065232e+00
   1.0057318e+00
   1.0049413e+00
   1.0041517e+00
   1.0033630e+00
   1.0025752e+00
   1.0017884e+00
   1.0010024e+00
   1.0002173e+00
   9.9943309e-01
   9.9864979e-01
   9.9786738e-01
   9.9708587e-01
   9.9630523e-01
   9.9552549e-01
   9.9474663e-01
   9.9396865e-01
   9.9319155e-01
   9.9241534e-01
   9.9164000e-01
   9.9086554e-01
   9.9009195e-01
   9.8931924e-01
   9.8854740e-01
   9.8777643e-01
   9.8700632e-01
   9.8623709e-01
   9.8546872e-01
   9.8470121e-01
   9.8393457e-01
   9.8316878e-01
   9.8240386e-01
   9.8163979e-01
   9.8087658e-01
   9.8011422e-01
   9.7935272e-01
   9.7859207e-01
   9.7783226e-01
   9.7707331e-01
   9.7631520e-01
   9.7555794e-01
   9.7480152e-01
   9.7404594e-01
   9.7329121e-01
   9.7253731e-01
   9.7178425e-01
   9.7103202e-01
   9.7028063e-01
   9.6953008e-01
   9.6878035e-01
   9.6803146e-01
   9.6728339e-01
   9.6653615e-01
   9.6578974e-01
   9.6504415e-01
   9.6429938e-01
   9.6355543e-01
   9.6281231e-01
   9.6207000e-01
   9.6132851e-01
   9.6058783e-01
   9.5984797e-01
   9.5910891e-01
   9.5837068e-01
   9.5763324e-01
   9.5689662e-01
   9.5616081e-01
   9.5542580e-01
   9.5469159e-01
   9.5395818e-01
   9.5322558e-01
   9.5249377e-01
   9.5176277e-01
   9.5103256e-01
   9.5030314e-01
   9.4957452e-01
   9.4884669e-01
   9.4811965e-01
   9.4739340e-01
   9.4666794e-01
   9.4594327e-01
   9.4521938e-01
   9.4449628e-01
   9.4377395e-01
   9.4305241e-01
   9.4233165e-01
   9.4161167e-01
   9.4089246e-01
   9.4017404e-01
   9.3945638e-01
   9.3873950e-01
   9.3802339e-01
   9.3730805e-01
   9.3659348e-01
   9.3587967e-01
   9.3516663e-01
   9.3445436e-01
   9.3374285e-01
   9.3303211e-01
   9.3232212e-01
   9.3161289e-01
   9.3090443e-01
   9.3019672e-01
   9.2948976e-01
   9.2878356e-01
   9.2807811e-01
   9.2737342e-01
   9.2666947e-01
   9.2596627e-01
   9.2526382e-01
   9.2456212e-01
   9.2386117e-01
   9.2316095e-01
   9.2246148e-01
   9.2176275e-01
   9.2106476e-01
   9.2036751e-01
   9.1967100e-01
   9.1897523e-01
   9.1828019e-01
   9.1758588e-01
   9.1689230e-01
   9.1619946e-01
   9.1550735e-01
   9.1481596e-01
   9.1412530e-01
   9.1343537e-01
   9.1274617e-01
   9.1205769e-01
   9.1136993e-01
   9.1068289e-01
   9.0999657e-01
   9.0931097e-01
   9.0862609e-01
   9.0794192e-01
   9.0725847e-01
   9.0657574e-01
   9.0589372e-01
   9.0521240e-01
   9.0453180e-01
   9.0385191e-01
   9.0317273e-01
   9.0249425e-01
   9.0181648e-01
   9.0113941e-01
   9.0046304e-01
   8.9978738e-01
   8.9911242e-01
   8.9843816e-01
   8.9776460e-01
   8.9709173e-01
   8.9641956e-01
   8.9574808e-01
   8.9507730e-01
   8.9440721e-01
   8.9373782e-01
   8.9306911e-01
   8.9240109e-01
   8.9173376e-01
   8.9106712e-01
   8.9040116e-01
   8.8973589e-01
   8.8907130e-01
   8.8840739e-01
   8.8774417e-01
   8.8708162e-01
   8.8641976e-01
   8.8575857e-01
   8.8509805e-01
   8.8443822e-01
   8.8377905e-01
   8.8312056e-01
   8.8246275e-01
   8.8180560e-01
   8.8114912e-01
   8.8049332e-01
   8.7983818e-01
   8.7918370e-01
   8.7852989e-01
   8.7787675e-01
   8.7722427e-01
   8.7657245e-01
   8.7592130e-01
   8.7527080e-01
   8.7462096e-01
   8.7397178e-01
   8.7332326e-01
   8.7267539e-01
   8.7202818e-01
   8.7138162e-01
   8.7073571e-01
   8.7009046e-01
   8.6944585e-01
   8.6880190e-01
   8.6815859e-01
   8.6751593e-01
   8.6687392e-01
   8.6623255e-01
   8.6559182e-01
   8.6495174e-01
   8.6431230e-01
   8.6367350e-01
   8.6303534e-01
   8.6239782e-01
   8.6176094e-01
   8.6112470e-01
   8.6048909e-01
   8.5985411e-01
   8.5921977e-01
   8.5858606e-01
   8.5795298e-01
   8.5732054e-01
   8.5668872e-01
   8.5605753e-01
   8.5542697e-01
   8.5479704e-01
   8.5416773e-01
   8.5353905e-01
   8.5291099e-01
   8.5228355e-01
   8.5165673e-01
   8.5103054e-01
   8.5040496e-01
   8.4978001e-01
   8.4915567e-01
   8.4853194e-01
   8.4790884e-01
   8.4728634e-01
   8.4666447e-01
   8.4604320e-01
   8.4542255e-01
   8.4480250e-01
   8.4418307e-01
   8.4356424e-01
   8.4294603e-01
   8.4232842e-01
   8.4171141e-01
   8.4109502e-01
   8.4047922e-01
   8.3986403e-01
   8.3924944e-01
   8.3863545e-01
   8.3802206e-01
   8.3740927e-01
   8.3679708e-01
   8.3618549e-01
   8.3557449e-01
   8.3496409e-01
   8.3435429e-01
   8.3374507e-01
   8.3313646e-01
   8.3252843e-01
   8.3192099e-01
   8.3131414e-01
   8.3070788e-01
   8.3010222e-01
   8.2949713e-01
   8.2889264e-01
   8.2828873e-01
   8.2768540e-01
   8.2708266e-01
   8.2648050e-01
   8.2587892e-01
   8.2527792e-01
   8.2467750e-01
   8.2407766e-01
   8.2347840e-01
   8.2287972e-01
   8.2228161e-01
   8.2168408e-01
   8.2108713e-01
   8.2049074e-01
   8.1989493e-01
   8.1929970e-01
   8.1870503e-01
   8.1811093e-01
   8.1751741e-01
   8.1692445e-01
   8.1633206e-01
   8.1574023e-01
   8.1514897e-01
   8.1455828e-01
   8.1396815e-01
   8.1337858e-01
   8.1278958e-01
   8.1220114e-01
   8.1161326e-01
   8.1102593e-01
   8.1043917e-01
   8.0985297e-01
   8.0926732e-01
   8.0868223e-01
   8.0809769e-01
   8.0751371e-01
   8.0693029e-01
   8.0634741e-01
   8.0576509e-01
   8.0518332e-01
   8.0460210e-01
   8.0402143e-01
   8.0344131e-01
   8.0286174e-01
   8.0228271e-01
   8.0170423e-01
   8.0112630e-01
   8.0054891e-01
   7.9997207e-01
   7.9939576e-01
   7.9882001e-01
   7.9824479e-01
   7.9767011e-01
   7.9709597e-01
   7.9652238e-01
   7.9594932e-01
   7.9537679e-01
   7.9480481e-01
   7.9423336e-01
   7.9366244e-01
   7.9309206e-01
   7.9252222e-01
   7.9195290e-01
   7.9138412e-01
   7.9081587e-01
   7.9024815e-01
   7.8968096e-01
   7.8911429e-01
   7.8854816e-01
   7.8798255e-01
   7.8741747e-01
   7.8685292e-01
   7.8628889e-01
   7.8572538e-01
   7.8516240e-01
   7.8459994e-01
   7.8403800e-01
   7.8347658e-01
   7.8291568e-01
   7.8235531e-01
   7.8179545e-01
   7.8123610e-01
   7.8067728e-01
   7.8011897e-01
   7.7956118e-01
   7.7900390e-01
   7.7844714e-01
   7.7789089e-01
   7.7733516e-01
   7.7677993e-01
   7.7622522e-01
   7.7567101e-01
   7.7511732e-01
   7.7456414e-01
   7.7401146e-01
   7.7345929e-01
   7.7290763e-01
   7.7235647e-01
   7.7180582e-01
   7.7125568e-01
   7.7070604e-01
   7.7015690e-01
   7.6960826e-01
   7.6906012e-01
   7.6851249e-01
   7.6796536e-01
   7.6741872e-01
   7.6687259e-01
   7.6632695e-01
   7.6578181e-01
   7.6523716e-01
   7.6469302e-01
   7.6414936e-01
   7.6360621e-01
   7.6306354e-01
   7.6252137e-01
   7.6197969e-01
   7.6143850e-01
   7.6089781e-01
   7.6035760e-01
   7.5981789e-01
   7.5927866e-01
   7.5873992e-01
   7.5820167e-01
   7.5766390e-01
   7.5712662e-01
   7.5658983e-01
   7.5605352e-01
   7.5551770e-01
   7.5498236e-01
   7.5444750e-01
   7.5391312e-01
   7.5337923e-01
   7.5284581e-01
   7.5231288e-01
   7.5178042e-01
   7.5124844e-01
   7.5071695e-01
   7.5018592e-01
   7.4965538e-01
   7.4912531e-01
   7.4859572e-01
   7.4806660e-01
   7.4753795e-01
   7.4700978e-01
   7.4648208e-01
   7.4595485e-01
   7.4542810e-01
   7.4490181e-01
   7.4437600e-01
   7.4385065e-01
   7.4332577e-01
   7.4280136e-01
   7.4227742e-01
   7.4175394e-01
   7.4123094e-01
   7.4070839e-01
   7.4018631e-01
   7.3966470e-01
   7.3914355e-01
   7.3862286e-01
   7.3810263e-01
   7.3758287e-01
   7.3706356e-01
   7.3654472e-01
   7.3602633e-01
   7.3550841e-01
   7.3499094e-01
   7.3447393e-01
   7.3395738e-01
   7.3344129e-01
   7.3292565e-01
   7.3241046e-01
   7.3189573e-01
   7.3138146e-01
   7.3086764e-01
   7.3035427e-01
   7.2984135e-01
   7.2932889e-01
   7.2881687e-01
   7.2830531e-01
   7.2779419e-01
   7.2728353e-01
   7.2677331e-01
   7.2626354e-01
   7.2575422e-01
   7.2524535e-01
   7.2473692e-01
   7.2422894e-01
   7.2372140e-01
   7.2321430e-01
   7.2270765e-01
   7.2220144e-01
   7.2169568e-01
   7.2119036e-01
   7.2068547e-01
   7.2018103e-01
   7.1967703e-01
   7.1917347e-01
   7.1867035e-01
   7.1816766e-01
   7.1766542e-01
   7.1716361e-01
   7.1666223e-01
   7.1616130e-01
   7.1566080e-01
   7.1516073e-01
   7.1466110e-01
   7.1416190e-01
   7.1366313e-01
   7.1316480e-01
   7.1266690e-01
   7.1216943e-01
   7.1167239e-01
   7.1117578e-01
   7.1067960e-01
   7.1018385e-01
   7.0968853e-01
   7.0919363e-01
   7.0869917e-01
   7.0820513e-01
   7.0771151e-01
   7.0721833e-01
   7.0672556e-01
   7.0623323e-01
   7.0574131e-01
   7.0524982e-01
   7.0475875e-01
   7.0426811e-01
   7.0377788e-01
   7.0328808e-01
   7.0279870e-01
   7.0230974e-01
   7.0182120e-01
   7.0133307e-01
   7.0084537e-01
   7.0035808e-01
   6.9987121e-01
   6.9938476e-01
   6.9889872e-01
   6.9841310e-01
   6.9792790e-01
   6.9744311e-01
   6.9695873e-01
   6.9647477e-01
   6.9599122e-01
   6.9550808e-01
   6.9502535e-01
   6.9454304e-01
   6.9406114e-01
   6.9357964e-01
   6.9309856e-01
   6.9261789e-01
   6.9213762e-01
   6.9165777e-01
   6.9117832e-01
   6.9069928e-01
   6.9022064e-01
   6.8974241e-01
   6.8926459e-01
   6.8878717e-01
   6.8831016e-01
   6.8783355e-01
   6.8735734e-01
   6.8688154e-01
   6.8640614e-01
   6.8593114e-01
   6.8545655e-01
   6.8498235e-01
   6.8450856e-01
   6.8403516e-01
   6.8356217e-01
   6.8308957e-01
   6.8261737e-01
   6.8214557e-01
   6.8167417e-01
   6.8120317e-01
   6.8073256e-01
   6.8026234e-01
   6.7979253e-01
   6.7932310e-01
   6.7885408e-01
   6.7838544e-01
   6.7791720e-01
   6.7744935e-01
   6.7698190e-01
   6.7651483e-01
   6.7604816e-01
   6.7558188e-01
   6.7511599e-01
   6.7465049e-01
   6.7418538e-01
   6.7372066e-01
   6.7325632e-01
   6.7279238e-01
   6.7232882e-01
   6.7186565e-01
   6.7140287e-01
   6.7094047e-01
   6.7047845e-01
   6.7001683e-01
   6.6955559e-01
   6.6909473e-01
   6.6863425e-01
   6.6817416e-01
   6.6771445e-01
   6.6725513e-01
   6.6679618e-01
   6.6633762e-01
   6.6587944e-01
   6.6542163e-01
   6.6496421e-01
   6.6450717e-01
   6.6405051e-01
   6.6359422e-01
   6.6313831e-01
   6.6268278e-01
   6.6222763e-01
   6.6177286e-01
   6.6131846e-01
   6.6086443e-01
   6.6041079e-01
   6.5995751e-01
   6.5950461e-01
   6.5905209e-01
   6.5859994e-01
   6.5814816e-01
   6.5769675e-01
   6.5724572e-01
   6.5679506e-01
   6.5634476e-01
   6.5589484e-01
   6.5544529e-01
   6.5499611e-01
   6.5454730e-01
   6.5409886e-01
   6.5365079e-01
   6.5320308e-01
   6.5275574e-01
   6.5230877e-01
   6.5186217e-01
   6.5141593e-01
   6.5097006e-01
   6.5052455e-01
   6.5007941e-01
   6.4963463e-01
   6.4919022e-01
   6.4874617e-01
   6.4830248e-01
   6.4785916e-01
   6.4741620e-01
   6.4697360e-01
   6.4653136e-01
   6.4608948e-01
   6.4564796e-01
   6.4520681e-01
   6.4476601e-01
   6.4432557e-01
   6.4388549e-01
   6.4344577e-01
   6.4300641e-01
   6.4256741e-01
   6.4212876e-01
   6.4169047e-01
   6.4125253e-01
   6.4081495e-01
   6.4037773e-01
   6.3994086e-01
   6.3950435e-01
   6.3906819e-01
   6.3863238e-01
   6.3819693e-01
   6.3776183e-01
   6.3732708e-01
   6.3689269e-01
   6.3645865e-01
   6.3602495e-01
   6.3559161e-01
   6.3515862e-01
   6.3472598e-01
   6.3429369e-01
   6.3386175e-01
   6.3343015e-01
   6.3299891e-01
   6.3256801e-01
   6.3213746e-01
   6.3170726e-01
   6.3127741e-01
   6.3084790e-01
   6.3041873e-01
   6.2998992e-01
   6.2956144e-01
   6.2913332e-01
   6.2870553e-01
   6.2827809e-01
   6.2785100e-01
   6.2742424e-01
   6.2699783e-01
   6.2657177e-01
   6.2614604e-01
   6.2572066e-01
   6.2529561e-01
   6.2487091e-01
   6.2444655e-01
   6.2402253e-01
   6.2359884e-01
   6.2317550e-01
   6.2275250e-01
   6.2232983e-01
   6.2190750e-01
   6.2148551e-01
   6.2106386e-01
   6.2064254e-01
   6.2022156e-01
   6.1980092e-01
   6.1938061e-01
   6.1896064e-01
   6.1854100e-01
   6.1812169e-01
   6.1770272e-01
   6.1728409e-01
   6.1686579e-01
   6.1644782e-01
   6.1603018e-01
   6.1561288e-01
   6.1519590e-01
   6.1477926e-01
   6.1436295e-01
   6.1394697e-01
   6.1353132e-01
   6.1311600e-01
   6.1270101e-01
   6.1228635e-01
   6.1187202e-01
   6.1145802e-01
   6.1104435e-01
   6.1063100e-01
   6.1021798e-01
   6.0980529e-01
   6.0939292e-01
   6.0898088e-01
   6.0856917e-01
   6.0815778e-01
   6.0774671e-01
   6.0733598e-01
   6.0692556e-01
   6.0651547e-01
   6.0610571e-01
   6.0569626e-01
   6.0528714e-01
   6.0487835e-01
   6.0446987e-01
   6.0406172e-01
   6.0365389e-01
   6.0324638e-01
   6.0283919e-01
   6.0243232e-01
   6.0202577e-01
   6.0161954e-01
   6.0121363e-01
   6.0080804e-01
   6.0040277e-01
   5.9999781e-01
   5.9959318e-01
   5.9918886e-01
   5.9878486e-01
   5.9838117e-01
   5.9797781e-01
   5.9757476e-01
   5.9717202e-01
   5.9676960e-01
   5.9636749e-01
   5.9596571e-01
   5.9556423e-01
   5.9516307e-01
   5.9476222e-01
   5.9436169e-01
   5.9396147e-01
   5.9356156e-01
   5.9316196e-01
   5.9276268e-01
   5.9236371e-01
   5.9196505e-01
   5.9156670e-01
   5.9116866e-01
   5.9077093e-01
   5.9037351e-01
   5.8997640e-01
   5.8957960e-01
   5.8918311e-01
   5.8878693e-01
   5.8839105e-01
   5.8799549e-01
   5.8760023e-01
   5.8720528e-01
   5.8681064e-01
   5.8641630e-01
   5.8602227e-01
   5.8562854e-01
   5.8523513e-01
   5.8484201e-01
   5.8444920e-01
   5.8405670e-01
   5.8366450e-01
   5.8327260e-01
   5.8288101e-01
   5.8248972e-01
   5.8209874e-01
   5.8170806e-01
   5.8131767e-01
   5.8092760e-01
   5.8053782e-01
   5.8014834e-01
   5.7975917e-01
   5.7937030e-01
   5.7898172e-01
   5.7859345e-01
   5.7820548e-01
   5.7781780e-01
   5.7743043e-01
   5.7704335e-01
   5.7665658e-01
   5.7627010e-01
   5.7588392e-01
   5.7549803e-01
   5.7511245e-01
   5.7472716e-01
   5.7434216e-01
   5.7395747e-01
   5.7357307e-01
   5.7318896e-01
   5.7280515e-01
   5.7242164e-01
   5.7203842e-01
   5.7165549e-01
   5.7127286e-01
   5.7089052e-01
   5.7050848e-01
   5.7012673e-01
   5.6974527e-01
   5.6936411e-01
   5.6898323e-01
   5.6860265e-01
   5.6822236e-01
   5.6784236e-01
   5.6746266e-01
   5.6708324e-01
   5.6670411e-01
   5.6632528e-01
   5.6594673e-01
   5.6556847e-01
   5.6519051e-01
   5.6481283e-01
   5.6443544e-01
   5.6405834e-01
   5.6368152e-01
   5.6330500e-01
   5.6292876e-01
   5.6255281e-01
   5.6217714e-01
   5.6180176e-01
   5.6142667e-01
   5.6105186e-01
   5.6067734e-01
   5.6030311e-01
   5.5992916e-01
   5.5955549e-01
   5.5918211e-01
   5.5880901e-01
   5.5843620e-01
   5.5806367e-01
   5.5769142e-01
   5.5731946e-01
   5.5694778e-01
   5.5657638e-01
   5.5620526e-01
   5.5583443e-01
   5.5546387e-01
   5.5509360e-01
   5.5472361e-01
   5.5435390e-01
   5.5398447e-01
   5.5361532e-01
   5.5324645e-01
   5.5287785e-01
   5.5250954e-01
   5.5214151e-01
   5.5177375e-01
   5.5140628e-01
   5.5103908e-01
   5.5067216e-01
   5.5030552e-01
   5.4993915e-01
   5.4957306e-01
   5.4920725e-01
   5.4884171e-01
   5.4847645e-01
   5.4811147e-01
   5.4774676e-01
   5.4738233e-01
   5.4701817e-01
   5.4665428e-01
   5.4629067e-01
   5.4592734e-01
   5.4556428e-01
   5.4520149e-01
   5.4483897e-01
   5.4447673e-01
   5.4411476e-01
   5.4375307e-01
   5.4339164e-01
   5.4303049e-01
   5.4266961e-01
   5.4230900e-01
   5.4194866e-01
   5.4158859e-01
   5.4122879e-01
   5.4086927e-01
   5.4051001e-01
   5.4015102e-01
   5.3979230e-01
   5.3943385e-01
   5.3907567e-01
   5.3871776e-01
   5.3836012e-01
   5.3800275e-01
   5.3764564e-01
   5.3728880e-01
   5.3693223e-01
   5.3657592e-01
   5.3621988e-01
   5.3586411e-01
   5.3550861e-01
   5.3515337e-01
   5.3479839e-01
   5.3444368e-01
   5.3408924e-01
   5.3373506e-01
   5.3338115e-01
   5.3302750e-01
   5.3267411e-01
   5.3232099e-01
   5.3196813e-01
   5.3161554e-01
   5.3126320e-01
   5.3091114e-01
   5.3055933e-01
   5.3020779e-01
   5.2985650e-01
   5.2950548e-01
   5.2915472e-01
   5.2880423e-01
   5.2845399e-01
   5.2810401e-01
   5.2775430e-01
   5.2740484e-01
   5.2705565e-01
   5.2670671e-01
   5.2635804e-01
   5.2600962e-01
   5.2566146e-01
   5.2531356e-01
   5.2496592e-01
   5.2461854e-01
   5.2427142e-01
   5.2392455e-01
   5.2357794e-01
   5.2323159e-01
   5.2288549e-01
   5.2253965e-01
   5.2219407e-01
   5.2184875e-01
   5.2150368e-01
   5.2115886e-01
   5.2081430e-01
   5.2047000e-01
   5.2012595e-01
   5.1978216e-01
   5.1943862e-01
   5.1909533e-01
   5.1875230e-01
   5.1840952e-01
   5.1806700e-01
   5.1772473e-01
   5.1738271e-01
   5.1704095e-01
   5.1669943e-01
   5.1635817e-01
   5.1601716e-01
   5.1567641e-01
   5.1533590e-01
   5.1499565e-01
   5.1465564e-01
   5.1431589e-01
   5.1397639e-01
   5.1363714e-01
   5.1329814e-01
   5.1295939e-01
   5.1262088e-01
   5.1228263e-01
   5.1194463e-01
   5.1160687e-01
   5.1126937e-01
   5.1093211e-01
   5.1059510e-01
   5.1025834e-01
   5.0992183e-01
   5.0958556e-01
   5.0924954e-01
   5.0891377e-01
   5.0857824e-01
   5.0824296e-01
   5.0790793e-01
   5.0757315e-01
   5.0723860e-01
   5.0690431e-01
   5.0657026e-01
   5.0623645e-01
   5.0590290e-01
   5.0556958e-01
   5.0523651e-01
   5.0490368e-01
   5.0457110e-01
   5.0423876e-01
   5.0390667e-01
   5.0357481e-01
   5.0324320e-01
   5.0291184e-01
   5.0258071e-01
   5.0224983e-01
   5.0191919e-01
   5.0158880e-01
   5.0125864e-01
   5.0092873e-01
   5.0059905e-01
   5.0026962e-01
   4.9994043e-01
   4.9961148e-01
   4.9928277e-01
   4.9895430e-01
   4.9862607e-01
   4.9829807e-01
   4.9797032e-01
   4.9764281e-01
   4.9731554e-01
   4.9698850e-01
   4.9666171e-01
   4.9633515e-01
